0.140049 14480 0 0 0 0 0 0 0 0 0.0428864
0.18022 15928 13032 0.04 2.88373 0.642771 2.88373 0.642771 10 0 0.0383511
0.18046 17376 13032 0.04 96.4048 0.770298 96.4048 0.770298 12 0 0.0383511
0.1807 18824 14480 0.04 144.607 0.961593 144.607 0.961593 15 0 0.0381625
0.180941 20272 15928 0.04 144.607 1.15238 144.607 1.15238 18 0 0.0379743
0.181181 21720 17376 0.040125 144.607 1.34266 144.607 1.34266 21 0 0.0377846
0.220387 23168 18824 0.0451094 0.886402 1.26149 0.886402 1.26149 24 0 0.0375437
0.220627 24616 20272 0.0444707 144.607 1.41763 144.607 1.41763 27 0 0.037361
0.220867 26064 21720 0.0439119 144.607 1.57343 144.607 1.57343 30 0 0.037179
0.221108 27512 23168 0.0435479 144.607 1.7289 144.607 1.7289 33 0 0.0369962
0.221348 28960 24616 0.0432294 144.607 1.88402 144.607 1.88402 36 0 0.0368138
0.221588 30408 26064 0.0429507 144.607 2.03881 144.607 2.03881 39 0 0.0366316
0.221828 31856 27512 0.0425819 144.607 2.19326 144.607 2.19326 42 0 0.036451
0.260554 33304 28960 0.0471341 0.897404 2.00066 0.897404 2.00066 45 0 0.0362384
0.260794 34752 30408 0.0462424 144.607 2.13207 144.607 2.13207 48 0 0.0360573
0.261034 36200 31856 0.0455871 144.607 2.26324 144.607 2.26324 51 0 0.0358769
0.261274 37648 33304 0.0450137 144.607 2.39417 144.607 2.39417 54 0 0.0356974
0.261515 39096 34752 0.044512 144.607 2.52486 144.607 2.52486 57 0 0.0355186
0.261755 40544 36200 0.043948 144.607 2.65531 144.607 2.65531 60 0 0.0353412
0.261995 41992 37648 0.0434545 144.607 2.78551 144.607 2.78551 63 0 0.0351642
0.262236 43440 39096 0.0431477 144.607 2.91548 144.607 2.91548 66 0 0.0349864
0.262476 44888 40544 0.0428792 144.607 3.04521 144.607 3.04521 69 0 0.0348088
0.262716 46336 41992 0.0426443 144.607 3.17471 144.607 3.17471 72 0 0.0346315
0.262957 47784 43440 0.0424388 144.607 3.30397 144.607 3.30397 75 0 0.0344544
0.300841 49232 44888 0.0421339 0.917328 3.00342 0.917328 3.00342 78 0 0.034279
0.301081 50680 46336 0.0419922 144.607 3.11645 144.607 3.11645 81 0 0.0341023
0.301321 52128 47784 0.0418682 144.607 3.2293 144.607 3.2293 84 0 0.0339259
0.301562 53576 49232 0.0416346 144.607 3.34196 144.607 3.34196 87 0 0.0337514
0.301802 55024 50680 0.0414303 144.607 3.45445 144.607 3.45445 90 0 0.033577
0.302042 56472 52128 0.0413765 144.607 3.56676 144.607 3.56676 93 0 0.0334012
0.302283 57920 53576 0.0413295 144.607 3.67889 144.607 3.67889 96 0 0.0332258
0.302523 59368 55024 0.0412883 144.607 3.79084 144.607 3.79084 99 0 0.0330507
0.302763 60816 56472 0.0412522 144.607 3.90261 144.607 3.90261 102 0 0.0328761
0.303004 62264 57920 0.0413457 144.607 4.01421 144.607 4.01421 105 0 0.0327002
0.303244 63712 59368 0.0414275 144.607 4.12563 144.607 4.12563 108 0 0.0325249
0.303484 65160 60816 0.0413741 144.607 4.23687 144.607 4.23687 111 0 0.0323519
0.303725 66608 62264 0.0413273 144.607 4.34794 144.607 4.34794 114 0 0.0321792
0.303965 68056 63712 0.0412864 144.607 4.45883 144.607 4.45883 117 0 0.032007
0.304205 69504 65160 0.0413756 144.607 4.56955 144.607 4.56955 120 0 0.0318335
0.304445 70952 66608 0.0414536 144.607 4.68009 144.607 4.68009 123 0 0.0316606
0.341008 72400 68056 0.0461469 0.950491 4.28021 0.950491 4.28021 126 0 0.0314497
0.341248 73848 69504 0.0455036 144.607 4.37903 144.607 4.37903 129 0 0.0312816
0.341488 75296 70952 0.0448156 144.607 4.47772 144.607 4.47772 132 0 0.0311151
0.341729 76744 72400 0.0442137 144.607 4.57626 144.607 4.57626 135 0 0.0309492
0.341969 78192 73848 0.043687 144.607 4.67467 144.607 4.67467 138 0 0.030784
0.342209 79640 75296 0.0433511 144.607 4.77294 144.607 4.77294 141 0 0.0306179
0.34245 81088 76744 0.0430572 144.607 4.87107 144.607 4.87107 144 0 0.0304521
0.34269 82536 78192 0.0428001 144.607 4.96906 144.607 4.96906 147 0 0.0302866
0.34293 83984 79640 0.04245 144.607 5.06692 144.607 5.06692 150 0 0.0301227
0.343171 85432 81088 0.0422688 144.607 5.16464 144.607 5.16464 153 0 0.0299575
0.343411 86880 82536 0.0421102 144.607 5.26222 144.607 5.26222 156 0 0.0297926
0.343651 88328 83984 0.0419714 144.607 5.35967 144.607 5.35967 159 0 0.029628
0.343891 89776 85432 0.04185 144.607 5.45698 144.607 5.45698 162 0 0.0294637
0.344132 91224 86880 0.0418687 144.607 5.55415 144.607 5.55415 165 0 0.0292981
0.344372 92672 88328 0.0417601 144.607 5.65119 144.607 5.65119 168 0 0.0291346
0.344612 94120 89776 0.0416651 144.607 5.74809 144.607 5.74809 171 0 0.0289713
0.344853 95568 91224 0.041582 144.607 5.84486 144.607 5.84486 174 0 0.0288085
0.345093 97016 92672 0.0416342 144.607 5.94149 144.607 5.94149 177 0 0.0286443
0.345333 98464 94120 0.04168 144.607 6.03799 144.607 6.03799 180 0 0.0284807
0.345574 99912 95568 0.04172 144.607 6.13436 144.607 6.13436 183 0 0.0283177
0.345814 101360 97016 0.041755 144.607 6.23059 144.607 6.23059 186 0 0.0281551
0.346054 102808 98464 0.0419106 144.607 6.32668 144.607 6.32668 189 0 0.0279916
0.346295 104256 99912 0.0419218 144.607 6.42265 144.607 6.42265 192 0 0.0278303
0.346535 105704 101360 0.0419315 144.607 6.51848 144.607 6.51848 195 0 0.0276695
0.383388 107152 102808 0.0465651 0.942983 5.98253 0.942983 5.98253 198 0 0.0274745
0.383629 108600 104256 0.0459945 144.607 6.06937 144.607 6.06937 201 0 0.0273167
0.383869 110048 105704 0.0454952 144.607 6.1561 144.607 6.1561 204 0 0.0271597
0.384109 111496 107152 0.0451833 144.607 6.24272 144.607 6.24272 207 0 0.0270026
0.38435 112944 108600 0.0449104 144.607 6.32924 144.607 6.32924 210 0 0.0268458
0.38459 114392 110048 0.0446716 144.607 6.41565 144.607 6.41565 213 0 0.0266895
0.38483 115840 111496 0.0444626 144.607 6.50194 144.607 6.50194 216 0 0.0265335
0.38507 117288 112944 0.0444048 144.607 6.58813 144.607 6.58813 219 0 0.0263769
0.385311 118736 114392 0.0442292 144.607 6.67422 144.607 6.67422 222 0 0.0262217
0.385551 120184 115840 0.0440755 144.607 6.76019 144.607 6.76019 225 0 0.0260669
0.385791 121632 117288 0.0439411 144.607 6.84606 144.607 6.84606 228 0 0.0259124
0.386032 123080 118736 0.0439485 144.607 6.93182 144.607 6.93182 231 0 0.0257572
0.386272 124528 120184 0.0439549 144.607 7.01748 144.607 7.01748 234 0 0.0256026
0.386512 125976 121632 0.0439605 144.607 7.10303 144.607 7.10303 237 0 0.0254484
0.386753 127424 123080 0.0438405 144.607 7.18847 144.607 7.18847 240 0 0.0252956
0.386993 128872 124528 0.0437354 144.607 7.2738 144.607 7.2738 243 0 0.0251433
0.387233 130320 125976 0.0437685 144.607 7.35904 144.607 7.35904 246 0 0.0249903
0.387474 131768 127424 0.0437974 144.607 7.44416 144.607 7.44416 249 0 0.0248377
0.387714 133216 128872 0.0438227 144.607 7.52918 144.607 7.52918 252 0 0.0246857
0.387954 134664 130320 0.0438449 144.607 7.61409 144.607 7.61409 255 0 0.0245341
0.388195 136112 131768 0.0438643 144.607 7.6989 144.607 7.6989 258 0 0.0243831
0.388435 137560 133216 0.0438813 144.607 7.7836 144.607 7.7836 261 0 0.0242325
0.388675 139008 134664 0.0438961 144.607 7.8682 144.607 7.8682 264 0 0.0240824
0.388916 140456 136112 0.0439091 144.607 7.9527 144.607 7.9527 267 0 0.0239328
0.389156 141904 137560 0.0440454 144.607 8.03709 144.607 8.03709 270 0 0.0237827
0.389396 143352 139008 0.0441648 144.607 8.12137 144.607 8.12137 273 0 0.0236332
0.389637 144800 140456 0.0441442 144.607 8.20555 144.607 8.20555 276 0 0.0234852
0.389877 146248 141904 0.0441261 144.607 8.28963 144.607 8.28963 279 0 0.0233377
0.390117 147696 143352 0.0442354 144.607 8.37361 144.607 8.37361 282 0 0.0231897
0.390358 149144 144800 0.044331 144.607 8.45748 144.607 8.45748 285 0 0.0230423
0.390598 150592 146248 0.0444146 144.607 8.54125 144.607 8.54125 288 0 0.0228954
0.390838 152040 147696 0.0444878 144.607 8.62491 144.607 8.62491 291 0 0.0227491
0.391078 153488 149144 0.0445518 144.607 8.70847 144.607 8.70847 294 0 0.0226034
0.391319 154936 150592 0.0446078 144.607 8.79193 144.607 8.79193 297 0 0.0224582
0.391559 156384 152040 0.0446568 144.607 8.87529 144.607 8.87529 300 0 0.0223135
0.391799 157832 153488 0.0446997 144.607 8.95854 144.607 8.95854 303 0 0.0221693
0.446742 141904 154936 0.0546494 22.5598 10.6313 22.5598 10.6313 410 0 0.022758
0.549848 111496 139008 0.0648785 10.898 10.6813 10.898 10.6813 507 0 0.026466
0.561383 98464 108600 0.0556225 75.3162 12.0094 75.3162 12.0094 582 0 0.0273603
0.648499 86880 95568 0.0559916 8.90913 11.5929 8.90913 11.5929 649 0 0.028709
0.650662 88328 83984 0.0476054 53.5582 11.7324 53.5582 11.7324 659 0 0.0295918
0.650903 89776 85432 0.0471547 144.607 11.7815 144.607 11.7815 662 0 0.0294266
0.69119 99912 86880 0.041847 17.5397 12.1171 17.5397 12.1171 723 0 0.0295779
0.734361 111496 97016 0.0422553 17.978 12.4617 17.978 12.4617 790 0 0.0285161
0.783025 110048 108600 0.0492191 18.0908 12.8115 18.0908 12.8115 866 0 0.0268378
0.836016 98464 107152 0.0543568 16.3954 13.0387 16.3954 13.0387 941 0 0.027402
0.887445 91224 95568 0.0523432 14.8662 13.1446 14.8662 13.1446 1007 0 0.0284369
0.934187 89776 88328 0.0492054 15.1175 13.2433 15.1175 13.2433 1068 0 0.0290971
0.978045 88328 86880 0.0488843 16.1115 13.3719 16.1115 13.3719 1129 0 0.0292613
1.02238 94120 85432 0.0442861 15.4143 13.4605 15.4143 13.4605 1188 0 0.029527
1.06913 92672 91224 0.0488298 15.8609 13.5654 15.8609 13.5654 1252 0 0.028768
1.11995 86880 89776 0.0524964 14.3582 13.6014 14.3582 13.6014 1315 0 0.0290388
1.17102 82536 83984 0.050978 13.1564 13.582 13.1564 13.582 1373 0 0.0296471
1.21981 78192 79640 0.050665 13.0598 13.5611 13.0598 13.5611 1428 0 0.0301456
1.26595 70952 75296 0.0537262 13.3059 13.5518 13.3059 13.5518 1481 0 0.0307689
1.2722 72400 68056 0.0460599 87.1351 13.9132 87.1351 13.9132 1528 0 0.0314501
1.31642 76744 69504 0.0446055 12.8365 13.8771 12.8365 13.8771 1577 0 0.0313335
1.36232 79640 73848 0.0461119 12.8708 13.8431 12.8708 13.8431 1628 0 0.0307864
1.41062 81088 76744 0.0486761 12.9499 13.8126 12.9499 13.8126 1682 0 0.0304282
1.46097 76744 78192 0.050757 12.6546 13.7727 12.6546 13.7727 1737 0 0.0303138
1.51144 73848 73848 0.0506424 11.7063 13.7037 11.7063 13.7037 1788 0 0.0307898
1.56058 72400 70952 0.0498171 11.7854 13.6432 11.7854 13.6432 1838 0 0.0311082
1.60672 73848 69504 0.0469116 12.3017 13.6047 12.3017 13.6047 1887 0 0.0312766
1.65346 75296 70952 0.0468807 12.1435 13.5634 12.1435 13.5634 1936 0 0.0311062
1.70273 73848 72400 0.049749 11.9918 13.5179 11.9918 13.5179 1987 0 0.030938
1.7532 70952 70952 0.0505118 11.2472 13.4526 11.2472 13.4526 2036 0 0.0311287
1.80318 68056 68056 0.050761 11.1236 13.388 11.1236 13.388 2084 0 0.0314714
1.85197 66608 65160 0.0496084 10.9227 13.3231 10.9227 13.3231 2130 0 0.0317922
1.90063 65160 63712 0.0492917 10.7116 13.2562 10.7116 13.2562 2175 0 0.0319636
1.94942 66608 62264 0.0490408 10.2104 13.18 10.2104 13.18 2218 0 0.0321358
1.99904 63712 63712 0.0503364 10.5042 13.1136 10.5042 13.1136 2263 0 0.0319848
2.04771 65160 60816 0.0490245 9.99753 13.0395 9.99753 13.0395 2305 0 0.032309
2.09505 66608 62264 0.0477419 10.5213 12.9826 10.5213 12.9826 2348 0 0.0321348
2.14252 68056 63712 0.0484277 10.9828 12.9383 10.9828 12.9383 2393 0 0.0319621
2.19178 66608 65160 0.0492431 10.581 12.8853 10.581 12.8853 2438 0 0.0317911
2.24225 62264 63712 0.0513737 10.3291 12.8278 10.3291 12.8278 2483 0 0.0320199
2.29296 59368 59368 0.0507638 9.36634 12.7512 9.36634 12.7512 2524 0 0.0325068
2.34282 56472 56472 0.0510782 9.29203 12.6776 9.29203 12.6776 2564 0 0.0328575
2.39089 55024 53576 0.0493987 9.15846 12.6069 9.15846 12.6069 2602 0 0.0331832
2.43811 56472 52128 0.0484737 9.07628 12.5385 9.07628 12.5385 2639 0 0.0333576
2.48677 57920 53576 0.0488441 8.80735 12.4655 8.80735 12.4655 2676 0 0.033182
2.53832 53576 55024 0.0523097 8.76407 12.3903 8.76407 12.3903 2715 0 0.0330709
2.59131 49232 50680 0.0530464 7.65117 12.2934 7.65117 12.2934 2750 0 0.0336059
2.64466 44888 46336 0.0546624 7.16522 12.1899 7.16522 12.1899 2783 0 0.0341572
2.69597 41992 41992 0.0520287 6.5474 12.0825 6.5474 12.0825 2812 0 0.0346365
2.7456 39096 39096 0.051579 6.53592 11.9823 6.53592 11.9823 2840 0 0.0349931
2.79366 37648 36200 0.0501614 6.26631 11.8839 6.26631 11.8839 2866 0 0.0353294
2.84293 36200 34752 0.0508019 5.87834 11.7799 5.87834 11.7799 2891 0 0.0355143
2.897 33304 33304 0.0535657 4.92736 11.652 4.92736 11.652 2914 0 0.035737
2.95143 30408 30408 0.0561036 4.68191 11.5234 4.68191 11.5234 2936 0 0.0361373
3.05261 26064 27512 0.0613915 2.2899 11.2174 2.2899 11.2174 2956 0 0.0366476
3.10368 21720 23168 0.059932 3.85619 11.0963 3.85619 11.0963 2973 0 0.0371654
3.1056 20272 18824 0.0539363 78.3289 11.1379 78.3289 11.1379 2986 0 0.0375706
3.15667 18824 17376 0.0523049 2.94885 11.0054 2.94885 11.0054 2999 0 0.0377411
3.20906 17376 15928 0.0525145 2.43223 10.8655 2.43223 10.8655 3010 0 0.0379307
3.26277 14480 14480 0.0566031 2.37238 10.7256 2.37238 10.7256 3021 0 0.0381899
3.316 13032 11584 0.0550051 1.74094 10.5814 1.74094 10.5814 3029 0 0.0385253
3.36839 11584 10136 0.0539959 1.54778 10.4409 1.54778 10.4409 3036 0 0.0387017
3.4203 10136 8688 0.0576338 1.56211 10.3062 1.56211 10.3062 3043 0 0.0389486
3.47221 11584 7240 0.0557742 1.1158 10.1688 1.1158 10.1688 3048 0 0.0391068
3.52472 10136 8688 0.0597394 1.54424 10.0403 1.54424 10.0403 3055 0 0.0389936
3.57831 11584 7240 0.0576535 1.08077 9.90609 1.08077 9.90609 3060 0 0.0391395
3.63226 10136 8688 0.0623538 1.50297 9.78127 1.50297 9.78127 3067 0 0.0390618
3.68585 11584 7240 0.0594714 1.08077 9.65477 1.08077 9.65477 3072 0 0.0391779
3.73884 10136 8688 0.0641654 1.53023 9.53962 1.53023 9.53962 3079 0 0.0391171
3.73956 11584 7240 0.0605757 80.3373 9.55327 80.3373 9.55327 3084 0 0.0392045
3.79207 10136 8688 0.0579657 1.54424 9.44237 1.54424 9.44237 3091 0 0.0389551
3.84458 11584 7240 0.0563266 1.10303 9.32847 1.10303 9.32847 3096 0 0.0391156
3.89757 10136 8688 0.0608204 1.53023 9.22245 1.53023 9.22245 3103 0 0.0390202
3.95104 11584 7240 0.0584734 1.0832 9.11229 1.0832 9.11229 3108 0 0.039156
4.005 10136 8688 0.0634968 1.50297 9.00979 1.50297 9.00979 3115 0 0.039096
4.00572 11584 7240 0.0603621 80.3373 9.02263 80.3373 9.02263 3120 0 0.0391991
4.05955 10136 8688 0.0583578 1.50632 8.92296 1.50632 8.92296 3127 0 0.0389631
4.11314 11584 7240 0.05681 1.08077 8.82078 1.08077 8.82078 3132 0 0.0391239
4.16625 10136 8688 0.0616794 1.52677 8.72779 1.52677 8.72779 3139 0 0.0390429
4.21912 11584 7240 0.0588145 1.09551 8.63215 1.09551 8.63215 3144 0 0.0391633
4.27235 10136 8688 0.0635203 1.52333 8.54358 1.52333 8.54358 3151 0 0.0390967
4.27307 11584 7240 0.0601728 80.3373 8.55569 80.3373 8.55569 3156 0 0.0391945
4.32666 10136 8688 0.0581353 1.51308 8.46846 1.51308 8.46846 3163 0 0.0389585
4.38038 11584 7240 0.0566746 1.07835 8.37785 1.07835 8.37785 3168 0 0.0391216
4.43373 10136 8688 0.0614636 1.5199 8.29532 1.5199 8.29532 3175 0 0.0390371
4.48672 11584 7240 0.0587794 1.09302 8.21026 1.09302 8.21026 3180 0 0.0391625
4.53995 10136 8688 0.0634811 1.52333 8.13186 1.52333 8.13186 3187 0 0.0390955
4.54067 11584 7240 0.0602266 80.3373 8.14332 80.3373 8.14332 3192 0 0.0391958
4.59426 10136 8688 0.0581713 1.51308 8.06598 1.51308 8.06598 3199 0 0.0389593
4.64797 11584 7240 0.0566695 1.07835 7.98523 1.07835 7.98523 3204 0 0.0391215
4.7012 10136 8688 0.0614758 1.52333 7.91207 1.52333 7.91207 3211 0 0.0390374
4.75419 11584 7240 0.0588988 1.09302 7.83606 1.09302 7.83606 3216 0 0.0391651
4.80742 10136 8688 0.0635768 1.52333 7.76616 1.52333 7.76616 3223 0 0.0390984
4.80815 11584 7240 0.0602106 80.3373 7.77704 80.3373 7.77704 3228 0 0.0391954
4.86174 10136 8688 0.0581606 1.51308 7.70799 1.51308 7.70799 3235 0 0.038959
4.91545 11584 7240 0.0566916 1.07835 7.63555 1.07835 7.63555 3240 0 0.0391219
4.96868 10136 8688 0.061475 1.52333 7.57007 1.52333 7.57007 3247 0 0.0390374
5.02167 11584 7240 0.058787 1.09302 7.50172 1.09302 7.50172 3252 0 0.0391627
5.0749 10136 8688 0.0634862 1.52333 7.43901 1.52333 7.43901 3259 0 0.0390956
5.07562 11584 7240 0.06023 80.3373 7.44937 80.3373 7.44937 3264 0 0.0391959
5.12921 10136 8688 0.0580642 1.51308 7.38735 1.51308 7.38735 3271 0 0.0389571
5.18292 11584 7240 0.0567227 1.07835 7.32196 1.07835 7.32196 3276 0 0.0391224
5.23616 10136 8688 0.0615115 1.52333 7.26301 1.52333 7.26301 3283 0 0.0390384
5.28915 11584 7240 0.0589228 1.09302 7.2012 1.09302 7.2012 3288 0 0.0391656
5.34238 10136 8688 0.0635928 1.52333 7.14463 1.52333 7.14463 3295 0 0.0390989
5.3431 11584 7240 0.0602213 80.3373 7.1545 80.3373 7.1545 3300 0 0.0391957
5.39669 10136 8688 0.0581678 1.51308 7.09848 1.51308 7.09848 3307 0 0.0389592
5.4504 11584 7240 0.0566964 1.07835 7.03915 1.07835 7.03915 3312 0 0.0391219
5.50363 10136 8688 0.0614783 1.52333 6.98581 1.52333 6.98581 3319 0 0.0390375
5.55662 11584 7240 0.0587891 1.09302 6.92961 1.09302 6.92961 3324 0 0.0391627
5.60961 10136 8688 0.0634876 1.53023 6.8786 1.53023 6.8786 3331 0 0.0390957
5.61033 11584 7240 0.0601353 80.3373 6.88804 80.3373 6.88804 3336 0 0.0391936
5.66368 10136 8688 0.0579852 1.5199 6.83748 1.5199 6.83748 3343 0 0.0389555
5.71728 11584 7240 0.056574 1.08077 6.78352 1.08077 6.78352 3348 0 0.0391198
5.77087 10136 8688 0.0613963 1.51308 6.73457 1.51308 6.73457 3355 0 0.0390353
5.82446 11584 7240 0.0589549 1.08077 6.68255 1.08077 6.68255 3360 0 0.0391663
5.87805 10136 8688 0.063835 1.51308 6.63542 1.51308 6.63542 3367 0 0.0391066
5.87877 11584 7240 0.0605887 80.3373 6.64446 80.3373 6.64446 3372 0 0.0392048
5.93224 10136 8688 0.0583182 1.51648 6.59824 1.51648 6.59824 3379 0 0.0389623
5.98571 11584 7240 0.0567679 1.0832 6.54897 1.0832 6.54897 3384 0 0.0391232
6.03906 10136 8688 0.061446 1.5199 6.50454 1.5199 6.50454 3391 0 0.0390366
6.09242 11584 7240 0.0589883 1.08564 6.45709 1.08564 6.45709 3396 0 0.0391671
6.14589 10136 8688 0.0636367 1.51648 6.4141 1.51648 6.4141 3403 0 0.0391003
6.14661 11584 7240 0.0604558 80.3373 6.42277 80.3373 6.42277 3408 0 0.0392015
6.20008 10136 8688 0.0582155 1.51648 6.38046 1.51648 6.38046 3415 0 0.0389602
6.25355 11584 7240 0.0568241 1.0832 6.33517 1.0832 6.33517 3420 0 0.0391242
6.30666 10136 8688 0.0613587 1.52677 6.29467 1.52677 6.29467 3427 0 0.0390343
6.35977 11584 7240 0.058709 1.09055 6.25121 1.09055 6.25121 3432 0 0.039161
6.413 10136 8688 0.0636547 1.52333 6.21197 1.52333 6.21197 3439 0 0.0391009
6.41372 11584 7240 0.0602335 80.3373 6.2203 80.3373 6.2203 3444 0 0.039196
6.46731 10136 8688 0.0580803 1.51308 6.1813 1.51308 6.1813 3451 0 0.0389574
6.52103 11584 7240 0.0567335 1.07835 6.13926 1.07835 6.13926 3456 0 0.0391226
6.57438 10136 8688 0.0616281 1.5199 6.10178 1.5199 6.10178 3463 0 0.0390415
6.62761 11584 7240 0.0587801 1.08809 6.06151 1.08809 6.06151 3468 0 0.0391625
6.68084 10136 8688 0.0636066 1.52333 6.02535 1.52333 6.02535 3475 0 0.0390994
6.68156 11584 7240 0.0603107 80.3373 6.03337 80.3373 6.03337 3480 0 0.0391979
6.73491 10136 8688 0.0579933 1.5199 5.99762 1.5199 5.99762 3487 0 0.0389557
6.78838 11584 7240 0.0566752 1.0832 5.95891 1.0832 5.95891 3492 0 0.0391216
6.84173 10136 8688 0.0613547 1.5199 5.92429 1.5199 5.92429 3499 0 0.0390342
6.89508 11584 7240 0.0588313 1.08564 5.88685 1.08564 5.88685 3504 0 0.0391636
6.9488 10136 8688 0.0637366 1.50969 5.85302 1.50969 5.85302 3511 0 0.0391035
6.94952 11584 7240 0.0605228 80.3373 5.86074 80.3373 5.86074 3516 0 0.0392031
7.00323 10136 8688 0.0582604 1.50969 5.82737 1.50969 5.82737 3523 0 0.0389611
7.0567 11584 7240 0.0568541 1.0832 5.79143 1.0832 5.79143 3528 0 0.0391247
7.10957 10136 8688 0.0613788 1.53371 5.75976 1.53371 5.75976 3535 0 0.0390348
7.16244 11584 7240 0.0587225 1.09551 5.72533 1.09551 5.72533 3540 0 0.0391613
7.21567 10136 8688 0.0633337 1.52333 5.69434 1.52333 5.69434 3547 0 0.0390909
7.21639 11584 7240 0.0601571 80.3373 5.70179 80.3373 5.70179 3552 0 0.0391941
7.27022 10136 8688 0.0581248 1.50632 5.67073 1.50632 5.67073 3559 0 0.0389583
7.32418 11584 7240 0.0568883 1.07355 5.63686 1.07355 5.63686 3564 0 0.0391253
7.37753 10136 8688 0.0617318 1.5199 5.60709 1.5199 5.60709 3571 0 0.0390444
7.43052 11584 7240 0.058959 1.09302 5.5749 1.09302 5.5749 3576 0 0.0391664
7.48375 10136 8688 0.0634921 1.52333 5.54608 1.52333 5.54608 3583 0 0.0390958
7.48447 11584 7240 0.0602632 80.3373 5.55329 80.3373 5.55329 3588 0 0.0391967
7.53806 10136 8688 0.0581959 1.51308 5.52456 1.51308 5.52456 3595 0 0.0389598
7.59177 11584 7240 0.0568109 1.07835 5.49311 1.07835 5.49311 3600 0 0.0391239
7.64512 10136 8688 0.0615706 1.5199 5.46538 1.5199 5.46538 3607 0 0.03904
7.69811 11584 7240 0.0589623 1.09302 5.43528 1.09302 5.43528 3612 0 0.0391665
7.75134 10136 8688 0.0636193 1.52333 5.40842 1.52333 5.40842 3619 0 0.0390998
7.75207 11584 7240 0.0602391 80.3373 5.41538 80.3373 5.41538 3624 0 0.0391961
7.80566 10136 8688 0.0581797 1.51308 5.38859 1.51308 5.38859 3631 0 0.0389594
7.85937 11584 7240 0.0567044 1.07835 5.35914 1.07835 5.35914 3636 0 0.0391221
7.91272 10136 8688 0.0614836 1.5199 5.33325 1.5199 5.33325 3643 0 0.0390376
7.96595 11584 7240 0.0587927 1.08809 5.30488 1.08809 5.30488 3648 0 0.0391628
8.01942 10136 8688 0.0637107 1.51648 5.27962 1.51648 5.27962 3655 0 0.0391026
8.02014 11584 7240 0.0603961 80.3373 5.28637 80.3373 5.28637 3660 0 0.0392
8.07373 10136 8688 0.0582849 1.51308 5.26132 1.51308 5.26132 3667 0 0.0389616
8.1272 11584 7240 0.0566654 1.0832 5.23383 1.0832 5.23383 3672 0 0.0391214
8.18032 10136 8688 0.0615825 1.52677 5.20977 1.52677 5.20977 3679 0 0.0390403
8.23319 11584 7240 0.0587496 1.09551 5.18335 1.09551 5.18335 3684 0 0.0391619
8.28654 10136 8688 0.0634768 1.5199 5.15976 1.5199 5.15976 3691 0 0.0390953
8.28726 11584 7240 0.060253 80.3373 5.1663 80.3373 5.1663 3696 0 0.0391965
8.34097 10136 8688 0.058064 1.50969 5.14275 1.50969 5.14275 3703 0 0.0389571
8.39468 11584 7240 0.0567226 1.07835 5.11675 1.07835 5.11675 3708 0 0.0391224
8.44803 10136 8688 0.0615114 1.5199 5.09403 1.5199 5.09403 3715 0 0.0390384
8.5009 11584 7240 0.0589071 1.09551 5.06917 1.09551 5.06917 3720 0 0.0391653
8.55413 10136 8688 0.0635823 1.52333 5.0471 1.52333 5.0471 3727 0 0.0390986
8.55485 11584 7240 0.060185 80.3373 5.05345 80.3373 5.05345 3732 0 0.0391948
8.60833 10136 8688 0.0580478 1.51648 5.03148 1.51648 5.03148 3739 0 0.0389568
8.66204 11584 7240 0.0567117 1.07835 5.00696 1.07835 5.00696 3744 0 0.0391222
8.71539 10136 8688 0.0616135 1.5199 4.98562 1.5199 4.98562 3751 0 0.0390411
8.76862 11584 7240 0.0587704 1.08809 4.96196 1.08809 4.96196 3756 0 0.0391623
8.82209 10136 8688 0.0637251 1.51648 4.94107 1.51648 4.94107 3763 0 0.0391031
8.82281 11584 7240 0.06039 80.3373 4.94723 80.3373 4.94723 3768 0 0.0391998
8.87628 10136 8688 0.0581851 1.51648 4.92657 1.51648 4.92657 3775 0 0.0389595
8.92999 11584 7240 0.0566787 1.07835 4.90342 1.07835 4.90342 3780 0 0.0391216
8.98334 10136 8688 0.0615914 1.5199 4.88333 1.5199 4.88333 3787 0 0.0390405
9.03646 11584 7240 0.0588513 1.09055 4.86104 1.09055 4.86104 3792 0 0.0391641
9.08969 10136 8688 0.0635449 1.52333 4.84149 1.52333 4.84149 3799 0 0.0390975
9.09041 11584 7240 0.0602986 80.3373 4.84748 80.3373 4.84748 3804 0 0.0391976
9.144 10136 8688 0.0580946 1.51308 4.82793 1.51308 4.82793 3811 0 0.0389577
9.19771 11584 7240 0.0567431 1.07835 4.80604 1.07835 4.80604 3816 0 0.0391228
9.25106 10136 8688 0.0615251 1.5199 4.78709 1.5199 4.78709 3823 0 0.0390387
9.30417 11584 7240 0.0590412 1.09055 4.76599 1.09055 4.76599 3828 0 0.0391682
9.3574 10136 8688 0.0636722 1.52333 4.74754 1.52333 4.74754 3835 0 0.0391014
9.35812 11584 7240 0.0602745 80.3373 4.75336 80.3373 4.75336 3840 0 0.039197
9.41172 10136 8688 0.0582034 1.51308 4.73491 1.51308 4.73491 3847 0 0.0389599
9.46543 11584 7240 0.0567203 1.07835 4.71416 1.07835 4.71416 3852 0 0.0391224
9.51878 10136 8688 0.0614942 1.5199 4.69626 1.5199 4.69626 3859 0 0.0390379
9.57189 11584 7240 0.0588956 1.09055 4.67625 1.09055 4.67625 3864 0 0.039165
9.62512 10136 8688 0.0636703 1.52333 4.65882 1.52333 4.65882 3871 0 0.0391014
9.62584 11584 7240 0.0602439 80.3373 4.66448 80.3373 4.66448 3876 0 0.0391962
9.67943 10136 8688 0.0580873 1.51308 4.64704 1.51308 4.64704 3883 0 0.0389576
9.73314 11584 7240 0.0567381 1.07835 4.62734 1.07835 4.62734 3888 0 0.0391227
9.78649 10136 8688 0.0616312 1.5199 4.6104 1.5199 4.6104 3895 0 0.0390416
9.8396 11584 7240 0.0587822 1.09055 4.5914 1.09055 4.5914 3900 0 0.0391626
9.89284 10136 8688 0.063608 1.52333 4.5749 1.52333 4.5749 3907 0 0.0390994
9.89356 11584 7240 0.0603116 80.3373 4.58042 80.3373 4.58042 3912 0 0.0391979
9.94703 10136 8688 0.0581189 1.51648 4.56395 1.51648 4.56395 3919 0 0.0389582
10.0003 5792 7240 0.0571535 0.652854 4.54313 0.652854 4.54313 3922 0 0.0391767
10.0534 8688 2896 0.0625033 0.654331 4.52258 0.654331 4.52258 3925 0 0.0398484
10.1346 10136 5792 0.0659289 1.14041 4.49546 1.14041 4.49546 3933 0 0.0395587
10.1851 11584 7240 0.0637629 1.60675 4.48115 1.60675 4.48115 3940 0 0.0392948
10.2255 13032 8688 0.0626752 2.00677 4.47137 2.00677 4.47137 3947 0 0.0390712
10.2684 14480 10136 0.0555656 1.88878 4.46058 1.88878 4.46058 3954 0 0.038723
10.3114 15928 11584 0.0558501 2.42847 4.45211 2.42847 4.45211 3963 0 0.0385378
10.3123 17376 13032 0.0506419 108.455 4.46181 108.455 4.46181 3972 0 0.0382941
10.3568 20272 14480 0.0476955 2.86393 4.45495 2.86393 4.45495 3983 0 0.038116
10.402 23168 17376 0.0465913 3.07447 4.44894 3.07447 4.44894 3995 0 0.037742
10.4477 26064 20272 0.0461816 3.54915 4.44501 3.54915 4.44501 4009 0 0.0373693
10.4983 28960 23168 0.0471871 3.66384 4.44125 3.66384 4.44125 4025 0 0.0369945
10.5527 30408 26064 0.050129 3.83065 4.4381 3.83065 4.4381 4043 0 0.0366106
10.5549 31856 27512 0.0534193 101.761 4.45804 101.761 4.45804 4062 0 0.036451
10.6083 33304 28960 0.0536954 4.55969 4.45855 4.55969 4.45855 4083 0 0.0362701
10.6572 34752 30408 0.0504232 4.9742 4.46092 4.9742 4.46092 4104 0 0.03606
10.7032 37648 31856 0.0494465 5.78932 4.46663 5.78932 4.46663 4127 0 0.0358907
10.7487 41992 34752 0.0467934 6.10479 4.47357 6.10479 4.47357 4151 0 0.0355545
10.797 46336 39096 0.0476276 6.47495 4.48252 6.47495 4.48252 4178 0 0.0350096
10.848 47784 43440 0.0526568 7.04846 4.49457 7.04846 4.49457 4209 0 0.0344452
10.8991 50680 44888 0.0515484 7.03188 4.50646 7.03188 4.50646 4240 0 0.0342747
10.9493 52128 47784 0.0541268 7.84154 4.52176 7.84154 4.52176 4274 0 0.0339259
10.9985 53576 49232 0.0532704 8.22968 4.53837 8.22968 4.53837 4309 0 0.0337386
11.0472 57920 50680 0.0495806 8.33128 4.55508 8.33128 4.55508 4344 0 0.033583
11.0964 59368 55024 0.0526731 9.19263 4.57562 9.19263 4.57562 4383 0 0.0330275
11.1467 63712 56472 0.0501523 8.97324 4.59548 8.97324 4.59548 4422 0 0.0328818
11.1975 65160 60816 0.0548336 9.80001 4.61911 9.80001 4.61911 4465 0 0.0323547
11.2484 69504 62264 0.0513616 9.80001 4.64252 9.80001 4.64252 4508 0 0.0321926
11.2991 70952 66608 0.0555565 10.737 4.66987 10.737 4.66987 4555 0 0.0316748
11.3495 75296 68056 0.0514058 10.7882 4.69707 10.7882 4.69707 4602 0 0.0315045
11.4001 76744 72400 0.0558119 11.6785 4.72805 11.6785 4.72805 4653 0 0.0309959
11.4508 81088 73848 0.0512058 11.6508 4.75871 11.6508 4.75871 4704 0 0.0308222
11.5019 79640 78192 0.0567552 12.4759 4.79297 12.4759 4.79297 4759 0 0.0303362
11.5084 83984 76744 0.0517367 94.6195 4.84362 94.6195 4.84362 4812 0 0.0304883
11.5596 88328 81088 0.0514725 12.8992 4.87929 12.8992 4.87929 4869 0 0.0299833
11.611 94120 85432 0.0515831 13.2894 4.91654 13.2894 4.91654 4928 0 0.0295261
11.663 98464 91224 0.052487 14.2492 4.95817 14.2492 4.95817 4992 0 0.028834
11.7154 101360 95568 0.0528385 14.8145 5.00225 14.8145 5.00225 5059 0 0.0283191
11.7683 104256 98464 0.0531744 14.8989 5.04671 14.8989 5.04671 5127 0 0.0279988
11.8215 107152 101360 0.0534779 15.2333 5.09258 15.2333 5.09258 5197 0 0.0276802
11.8747 110048 104256 0.0534396 15.6685 5.13999 15.6685 5.13999 5269 0 0.0273598
11.9275 114392 107152 0.0530361 16.2505 5.18913 16.2505 5.18913 5343 0 0.0270666
11.9801 118736 111496 0.0528033 16.9479 5.24078 16.9479 5.24078 5420 0 0.0265906
12.0336 120184 115840 0.0541126 17.5478 5.29547 17.5478 5.29547 5501 0 0.0260888
12.0868 123080 117288 0.0534575 17.6271 5.34978 17.6271 5.34978 5582 0 0.0259432
12.1399 125976 120184 0.0537399 18.3213 5.40653 18.3213 5.40653 5666 0 0.0256366
12.1939 127424 123080 0.0545334 18.4651 5.46431 18.4651 5.46431 5752 0 0.025321
12.2489 128872 124528 0.0556143 18.3127 5.52203 18.3127 5.52203 5839 0 0.0251831
12.3035 130320 125976 0.054928 18.474 5.57946 18.474 5.57946 5926 0 0.0250203
12.3582 131768 127424 0.0552935 18.8572 5.6382 18.8572 5.6382 6015 0 0.0248732
12.4125 133216 128872 0.05467 18.9824 5.69659 18.9824 5.69659 6104 0 0.0247127
12.467 134664 130320 0.0554082 19.3234 5.75622 19.3234 5.75622 6195 0 0.0245717
12.5218 136112 131768 0.054991 19.2387 5.81521 19.2387 5.81521 6286 0 0.0244148
12.5761 137560 133216 0.0552329 19.8355 5.87576 19.8355 5.87576 6379 0 0.0242678
12.6306 139008 134664 0.0547737 19.7917 5.93574 19.7917 5.93574 6472 0 0.0241114
12.6851 140456 136112 0.0554885 20.1728 5.99696 20.1728 5.99696 6567 0 0.0239721
12.7393 141904 137560 0.0545959 20.307 6.05784 20.307 6.05784 6662 0 0.0238105
12.7945 140456 139008 0.0561226 20.3731 6.11955 20.3731 6.11955 6759 0 0.0236844
12.8495 141904 137560 0.0553534 19.9966 6.17898 19.9966 6.17898 6854 0 0.0238211
12.9042 140456 139008 0.0557976 20.5522 6.23988 20.5522 6.23988 6951 0 0.0236793
12.9591 141904 137560 0.0552345 20.0404 6.29836 20.0404 6.29836 7046 0 0.0238194
13.014 140456 139008 0.0562607 20.4623 6.35812 20.4623 6.35812 7143 0 0.0236867
13.0688 141904 137560 0.0550093 20.0843 6.41567 20.0843 6.41567 7238 0 0.0238161
13.1238 139008 139008 0.0564057 20.4176 6.47439 20.4176 6.47439 7335 0 0.0237066
13.1792 140456 136112 0.0555403 19.6574 6.5298 19.6574 6.5298 7429 0 0.0239729
13.2342 141904 137560 0.0553357 19.9966 6.5858 19.9966 6.5858 7524 0 0.0238208
13.2895 137560 139008 0.0572553 20.3288 6.64296 20.3288 6.64296 7621 0 0.0237507
13.3448 139008 134664 0.0554221 19.4905 6.69617 19.4905 6.69617 7714 0 0.0241206
13.3996 136112 136112 0.0569487 20.0843 6.75092 20.0843 6.75092 7809 0 0.0240136
13.4545 137560 133216 0.0551707 19.4075 6.80257 19.4075 6.80257 7901 0 0.0242669
13.5093 139008 134664 0.0549727 19.6615 6.85473 19.6615 6.85473 7994 0 0.0241142
13.5643 134664 136112 0.0577289 19.9966 6.90805 19.9966 6.90805 8089 0 0.0240573
13.6196 136112 131768 0.0554233 19.0714 6.95741 19.0714 6.95741 8180 0 0.0244211
13.6746 131768 133216 0.0580754 19.5756 7.00819 19.5756 7.00819 8273 0 0.0243636
13.7295 133216 128872 0.0552283 18.7747 7.05526 18.7747 7.05526 8362 0 0.0247205
13.7841 128872 130320 0.0580612 19.3234 7.10381 19.3234 7.10381 8453 0 0.0246647
13.8389 130320 125976 0.0548618 18.393 7.14851 18.393 7.14851 8540 0 0.0250194
13.8934 124528 127424 0.0585221 18.8987 7.19464 18.8987 7.19464 8629 0 0.0250181
13.9482 125976 121632 0.0548608 17.7588 7.23614 17.7588 7.23614 8713 0 0.0254791
14.0027 127424 123080 0.0545714 18.0892 7.27833 18.0892 7.27833 8798 0 0.0253215
14.0575 118736 124528 0.059908 18.393 7.32165 18.393 7.32165 8885 0 0.0254708
14.1121 120184 115840 0.0550208 16.9503 7.35896 16.9503 7.35896 8965 0 0.0261008
14.1217 121632 117288 0.054199 97.6099 7.42039 97.6099 7.42039 9046 0 0.0259343
14.1763 123080 118736 0.0547735 17.6247 7.45966 17.6247 7.45966 9129 0 0.0257867
14.2313 124528 120184 0.0552713 17.4707 7.49837 17.4707 7.49837 9212 0 0.0256391
14.2861 125976 121632 0.0550318 17.9702 7.53854 17.9702 7.53854 9297 0 0.0254815
14.3406 127424 123080 0.0547775 18.0892 7.57858 18.0892 7.57858 9382 0 0.0253243
14.395 128872 124528 0.0546361 18.5148 7.61994 18.5148 7.61994 9469 0 0.0251692
14.4498 130320 125976 0.0550026 18.393 7.66079 18.393 7.66079 9556 0 0.0250214
14.5051 131768 127424 0.055547 18.6522 7.70267 18.6522 7.70267 9645 0 0.024877
14.5603 133216 128872 0.0555727 18.6522 7.74424 18.6522 7.74424 9734 0 0.0247256
14.6156 134664 130320 0.0555353 19.0714 7.78708 19.0714 7.78708 9825 0 0.0245736
14.6709 136112 131768 0.0554415 19.0714 7.82959 19.0714 7.82959 9916 0 0.0244213
14.726 137560 133216 0.055528 19.533 7.87342 19.533 7.87342 10009 0 0.0242722
14.7813 139008 134664 0.0555689 19.4905 7.91687 19.4905 7.91687 10102 0 0.0241228
14.8372 137560 136112 0.0561295 19.6956 7.96122 19.6956 7.96122 10197 0 0.0239821
14.8922 139008 134664 0.0553623 19.5756 8.00414 19.5756 8.00414 10290 0 0.0241198
14.9466 140456 136112 0.0547323 20.2173 8.04862 20.2173 8.04862 10385 0 0.0239614
15.0008 141904 137560 0.0544115 20.307 8.09291 20.307 8.09291 10480 0 0.0238081
15.0555 143352 139008 0.0550527 20.5522 8.13815 20.5522 8.13815 10577 0 0.0236682
15.1108 144800 140456 0.0554288 20.3288 8.18274 20.3288 8.18274 10674 0 0.0235255
15.1659 146248 141904 0.055385 20.7932 8.2286 20.7932 8.2286 10773 0 0.0233772
15.2204 147696 143352 0.0547102 21.0686 8.27452 21.0686 8.27452 10872 0 0.0232206
15.2744 149144 144800 0.0543953 21.6375 8.32183 21.6375 8.32183 10973 0 0.0230697
15.3284 150592 146248 0.0542232 21.6857 8.36887 21.6857 8.36887 11074 0 0.0229213
15.3832 152040 147696 0.0551345 21.7756 8.41662 21.7756 8.41662 11177 0 0.0227877
15.4385 153488 149144 0.0555877 21.5863 8.46377 21.5863 8.46377 11280 0 0.0226491
15.4942 152040 150592 0.0561217 21.8157 8.51181 21.8157 8.51181 11385 0 0.0225126
15.5497 150592 149144 0.0558302 21.4928 8.55816 21.4928 8.55816 11488 0 0.0226528
15.604 152040 147696 0.0546857 21.9683 8.60483 21.9683 8.60483 11591 0 0.0227815
15.658 154936 149144 0.0541708 22.1151 8.65139 22.1151 8.65139 11694 0 0.0226471
15.7121 156384 152040 0.0544797 22.7087 8.69976 22.7087 8.69976 11800 0 0.0223443
15.7669 157832 153488 0.0551663 22.6213 8.74814 22.6213 8.74814 11907 0 0.0222097
15.8224 156384 154936 0.0557522 22.3275 8.79579 22.3275 8.79579 12014 0 0.022075
15.8781 154936 153488 0.0561686 22.2313 8.84296 22.2313 8.84296 12121 0 0.0222251
15.9334 156384 152040 0.0555825 22.0054 8.88863 22.0054 8.88863 12226 0 0.0223598
15.9882 157832 153488 0.0552732 22.6213 8.93569 22.6213 8.93569 12333 0 0.0222113
16.0431 159280 154936 0.0552199 22.5718 8.98236 22.5718 8.98236 12440 0 0.0220671
16.0984 157832 156384 0.0558214 22.8437 9.02996 22.8437 9.02996 12549 0 0.0219331
16.1539 159280 154936 0.0556904 22.3275 9.07565 22.3275 9.07565 12656 0 0.0220741
16.2092 157832 156384 0.0557858 22.8437 9.1226 22.8437 9.1226 12765 0 0.0219326
16.2642 159280 154936 0.0553449 22.5225 9.16795 22.5225 9.16795 12872 0 0.0220689
16.319 160728 156384 0.055403 23.0441 9.21454 23.0441 9.21454 12981 0 0.0219268
16.3739 162176 157832 0.0550489 22.9937 9.26075 22.9937 9.26075 13090 0 0.0217791
16.4289 163624 159280 0.0556149 23.3645 9.30799 23.3645 9.30799 13201 0 0.0216454
16.4843 165072 160728 0.0556414 23.2124 9.35472 23.2124 9.35472 13312 0 0.0215042
16.5392 166520 162176 0.055707 23.8375 9.4028 23.8375 9.4028 13425 0 0.0213641
16.5945 167968 163624 0.0554753 23.682 9.45036 23.682 9.45036 13538 0 0.0212199
16.6498 166520 165072 0.0559206 24.1012 9.499 24.1012 9.499 13653 0 0.0210866
16.7048 167968 163624 0.0552229 23.7855 9.54607 23.7855 9.54607 13766 0 0.0212162
16.7597 166520 165072 0.055738 24.2594 9.59428 24.2594 9.59428 13881 0 0.0210837
16.8143 167968 163624 0.0548168 23.995 9.641 23.995 9.641 13994 0 0.0212105
16.8687 169416 165072 0.0552122 24.4736 9.68886 24.4736 9.68886 14109 0 0.0210759
16.923 170864 166520 0.0546305 24.5278 9.73648 24.5278 9.73648 14224 0 0.0209281
16.9777 172312 167968 0.0555796 24.7898 9.78496 24.7898 9.78496 14341 0 0.0208023
17.0327 173760 169416 0.0552518 24.6274 9.83292 24.6274 9.83292 14458 0 0.0206587
17.0871 175208 170864 0.0554301 25.3809 9.88234 25.3809 9.88234 14577 0 0.020523
17.1408 178104 172312 0.0540704 25.6648 9.93179 25.6648 9.93179 14696 0 0.0203843
17.1951 179552 175208 0.0553371 26.0208 9.98261 26.0208 9.98261 14818 0 0.0201095
17.2493 181000 176656 0.0555029 26.2922 10.0338 26.2922 10.0338 14941 0 0.0199755
17.3032 183896 178104 0.0541722 26.4093 10.0849 26.4093 10.0849 15064 0 0.0198388
17.3572 185344 181000 0.0552351 27.0535 10.1377 27.0535 10.1377 15190 0 0.0195649
17.4112 186792 182448 0.0554851 27.2076 10.1907 27.2076 10.1907 15317 0 0.019434
17.4658 188240 183896 0.0546401 26.9679 10.2431 26.9679 10.2431 15444 0 0.019288
17.5212 183896 185344 0.0565638 26.9766 10.296 26.9766 10.296 15573 0 0.0192302
17.5771 182448 181000 0.0560887 25.9153 10.3456 25.9153 10.3456 15698 0 0.019578
17.6325 176656 179552 0.0570952 26.1401 10.3952 26.1401 10.3952 15823 0 0.0198177
17.6875 178104 173760 0.0553393 25.2589 10.4415 25.2589 10.4415 15943 0 0.0202464
17.7423 179552 175208 0.05497 25.5811 10.4882 25.5811 10.4882 16064 0 0.0201042
17.7978 173760 176656 0.0572811 25.6662 10.5356 25.6662 10.5356 16187 0 0.0200927
17.8537 172312 170864 0.0559315 24.464 10.5792 24.464 10.5792 16305 0 0.0205307
17.9088 173760 169416 0.0554646 24.5738 10.6223 24.5738 10.6223 16422 0 0.0206618
17.9643 167968 170864 0.0579429 24.8315 10.6662 24.8315 10.6662 16541 0 0.020654
18.0199 169416 165072 0.055685 23.7882 10.7066 23.7882 10.7066 16655 0 0.0210829
18.0751 170864 166520 0.0554226 24.1012 10.7476 24.1012 10.7476 16770 0 0.0209392
18.1305 162176 167968 0.0587677 24.4672 10.7895 24.4672 10.7895 16887 0 0.0210647
18.1858 163624 159280 0.0556316 23.0533 10.8268 23.0533 10.8268 16997 0 0.0216456
18.2403 165072 160728 0.0547552 23.5703 10.8649 23.5703 10.8649 17108 0 0.0214914
18.2956 154936 162176 0.0591289 23.682 10.9036 23.682 10.9036 17221 0 0.0217081
18.3509 156384 152040 0.0553859 22.0054 10.937 22.0054 10.937 17326 0 0.0223568
18.406 147696 153488 0.0595375 22.4734 10.9716 22.4734 10.9716 17433 0 0.0224953
18.4611 149144 144800 0.0555265 21.0491 11.0016 21.0491 11.0016 17533 0 0.0230855
18.4731 150592 146248 0.0545235 97.3688 11.0578 97.3688 11.0578 17634 0 0.0229251
18.5281 152040 147696 0.0553186 21.6806 11.0894 21.6806 11.0894 17737 0 0.0227904
18.5832 153488 149144 0.0552951 21.6806 11.1207 21.6806 11.1207 17840 0 0.0226447
18.6389 152040 150592 0.0560068 21.8157 11.1527 21.8157 11.1527 17945 0 0.0225108
18.6944 150592 149144 0.0557793 21.4928 11.1834 21.4928 11.1834 18048 0 0.022652
18.7497 152040 147696 0.0555337 21.5863 11.2141 21.5863 11.2141 18151 0 0.0227936
18.8047 153488 149144 0.0553007 21.6806 11.2447 21.6806 11.2447 18254 0 0.0226448
18.8604 152040 150592 0.0558172 21.8629 11.2761 21.8629 11.2761 18359 0 0.0225078
18.9161 150592 149144 0.0559998 21.4002 11.3059 21.4002 11.3059 18462 0 0.0226555
18.9719 149144 147696 0.0559864 21.4002 11.3356 21.4002 11.3356 18565 0 0.0228006
19.0266 150592 146248 0.0549742 21.3997 11.3645 21.3997 11.3645 18666 0 0.0229312
19.0816 152040 147696 0.0552518 21.6806 11.3942 21.6806 11.3942 18769 0 0.0227894
19.1364 153488 149144 0.0550207 21.7756 11.424 21.7756 11.424 18872 0 0.0226408
19.1919 154936 150592 0.0557192 21.9102 11.4543 21.9102 11.4543 18977 0 0.0225062
19.2473 156384 152040 0.0557067 21.9577 11.4845 21.9577 11.4845 19082 0 0.0223617
19.303 154936 153488 0.0560167 22.2313 11.5156 22.2313 11.5156 19189 0 0.0222226
19.3583 156384 152040 0.055572 22.0054 11.5455 22.0054 11.5455 19294 0 0.0223596
19.4133 157832 153488 0.0552934 22.5225 11.5766 22.5225 11.5766 19401 0 0.0222116
19.4681 159280 154936 0.0550238 22.6213 11.6077 22.6213 11.6077 19508 0 0.0220643
19.5238 157832 156384 0.0559698 22.6957 11.6393 22.6957 11.6393 19617 0 0.0219355
19.5792 159280 154936 0.0555831 22.3759 11.6697 22.3759 11.6697 19724 0 0.0220724
19.6347 157832 156384 0.0558386 22.7449 11.701 22.7449 11.701 19833 0 0.0219334
19.69 159280 154936 0.0554036 22.4246 11.7311 22.4246 11.7311 19940 0 0.0220697
19.7452 160728 156384 0.0555711 22.8437 11.7622 22.8437 11.7622 20049 0 0.0219293
19.8006 162176 157832 0.0556547 22.7942 11.7931 22.7942 11.7931 20158 0 0.021788
19.8564 160728 159280 0.0560328 23.0624 11.8247 23.0624 11.8247 20269 0 0.0216519
19.9118 162176 157832 0.0556582 22.7942 11.8552 22.7942 11.8552 20378 0 0.0217881
19.9669 163624 159280 0.0553327 23.3136 11.8869 23.3136 11.8869 20489 0 0.0216412
20.0133 5792 160728 0.0554747 9.74038 11.8819 9.74038 11.8819 20528 0 0.0906929
20.0665 134664 2896 0.0604168 0.653918 11.8522 0.653918 11.8522 20531 0 0.0859023
20.1155 154936 131768 0.055787 22.4472 11.878 22.4472 11.878 20626 0 0.0255623
20.1577 160728 152040 0.0595543 29.0906 11.914 29.0906 11.914 20732 0 0.0225232
20.2056 173760 157832 0.048406 26.5778 11.9488 26.5778 11.9488 20842 0 0.0221955
20.2604 170864 170864 0.0541088 25.1583 11.9846 25.1583 11.9846 20961 0 0.0205226
20.3145 163624 167968 0.0557323 24.851 12.0188 24.851 12.0188 21077 0 0.0209445
20.3284 160728 160728 0.0540548 92.2494 12.0738 92.2494 12.0738 21188 0 0.0214999
20.4155 152040 157832 0.0565746 14.6269 12.0847 14.6269 12.0847 21298 0 0.0220068
20.4619 153488 149144 0.0528031 25.9743 12.1162 25.9743 12.1162 21402 0 0.0226146
20.5066 162176 150592 0.0498494 27.211 12.1491 27.211 12.1491 21507 0 0.0226539
20.5191 185344 159280 0.044965 101.967 12.2038 101.967 12.2038 21617 0 0.0230818
20.5649 208512 182448 0.0460001 31.8819 12.2476 31.8819 12.2476 21743 0 0.0208672
20.6167 211408 205616 0.0520468 31.7621 12.2966 31.7621 12.2966 21885 0 0.0173218
20.6711 205616 208512 0.0546488 30.6452 12.3449 30.6452 12.3449 22029 0 0.0171666
20.7238 207064 202720 0.052947 30.8143 12.3918 30.8143 12.3918 22169 0 0.0175671
20.7742 215752 204168 0.0506587 32.3645 12.4404 32.3645 12.4404 22310 0 0.017626
20.8242 225888 212856 0.0502852 34.2979 12.4928 34.2979 12.4928 22458 0 0.016944
20.8741 237472 222992 0.0501435 36.0066 12.549 36.0066 12.549 22613 0 0.0161701
20.9253 243264 234576 0.0515535 36.661 12.608 36.661 12.608 22775 0 0.014943
20.9777 244712 240368 0.0525562 36.7046 12.6682 36.7046 12.6682 22941 0 0.0143972
21.03 246160 241816 0.0526727 36.9257 12.7286 36.9257 12.7286 23108 0 0.0142827
21.0814 251952 243264 0.0515832 38.1555 12.7905 38.1555 12.7905 23277 0 0.0142461
21.1315 263536 249056 0.0503749 39.7641 12.8544 39.7641 12.8544 23449 0 0.014063
21.1818 273672 260640 0.0505589 41.4149 12.9223 41.4149 12.9223 23629 0 0.0130881
21.2331 280912 270776 0.0515122 42.2194 12.9931 42.2194 12.9931 23816 0 0.0122011
21.2851 283808 278016 0.0523312 42.9703 13.0664 42.9703 13.0664 24009 0 0.0115614
21.3373 285256 280912 0.052521 43.0934 13.1398 43.0934 13.1398 24203 0 0.0113393
21.3891 289600 282360 0.0520152 43.617 13.2136 43.617 13.2136 24398 0 0.0112791
21.4408 293944 286704 0.0519852 44.6152 13.2893 44.6152 13.2893 24597 0 0.0109743
21.4922 301184 291048 0.0515917 45.2742 13.3658 45.2742 13.3658 24798 0 0.0107642
21.5436 306976 298288 0.0517477 46.6257 13.4452 46.6257 13.4452 25005 0 0.0102217
21.5954 311320 304080 0.0520016 46.9722 13.5256 46.9722 13.5256 25215 0 0.00979828
21.6465 320008 308424 0.0513558 48.3158 13.6077 48.3158 13.6077 25428 0 0.00966722
21.6971 330144 317112 0.0508799 50.3778 13.6934 50.3778 13.6934 25648 0 0.00918541
21.7478 340280 327248 0.0510055 51.8576 13.7824 51.8576 13.7824 25875 0 0.00856038
21.8 341728 337384 0.052503 51.6375 13.8731 51.6375 13.8731 26108 0 0.00768912
21.8531 340280 338832 0.0533645 51.2559 13.964 51.2559 13.964 26343 0 0.00761335
21.9061 338832 337384 0.0532944 50.935 14.0534 50.935 14.0534 26576 0 0.00769687
21.9591 337384 335936 0.0533163 50.935 14.1424 50.935 14.1424 26809 0 0.00778184
22.011 340280 334488 0.0522569 51.5498 14.2307 51.5498 14.2307 27040 0 0.00787438
22.0633 341728 337384 0.0525926 51.8591 14.3198 51.8591 14.3198 27274 0 0.00768993
22.1157 343176 338832 0.0526253 51.9613 14.409 51.9613 14.409 27509 0 0.00760597
22.1688 341728 340280 0.0532993 51.2559 14.4972 51.2559 14.4972 27744 0 0.00752885
22.2229 335936 338832 0.0542486 50.3447 14.5845 50.3447 14.5845 27979 0 0.00771098
22.2762 331592 333040 0.0536271 49.9394 14.6691 49.9394 14.6691 28209 0 0.00800271
22.3292 330144 328696 0.053277 49.6233 14.7521 49.6233 14.7521 28436 0 0.0082121
22.381 334488 327248 0.0521753 50.7747 14.8354 50.7747 14.8354 28663 0 0.00833581
22.432 344624 331592 0.0511058 52.0677 14.92 52.0677 14.92 28892 0 0.00829979
22.4841 347520 341728 0.0524471 52.645 15.0075 52.645 15.0075 29129 0 0.00745468
22.5372 344624 344624 0.0534219 51.9103 15.0945 51.9103 15.0945 29367 0 0.00729902
22.5916 335936 341728 0.0546691 50.2241 15.1791 50.2241 15.1791 29603 0 0.00766575
22.6463 325800 333040 0.0549259 48.7321 15.2601 48.7321 15.2601 29833 0 0.00825198
22.701 315664 322904 0.0548457 47.2489 15.3372 47.2489 15.3372 30056 0 0.0088636
22.7553 306976 312768 0.0546487 46.2828 15.411 46.2828 15.411 30273 0 0.00942079
22.8091 301184 304080 0.0540279 45.1897 15.4813 45.1897 15.4813 30483 0 0.00985937
22.8637 292496 298288 0.0548144 43.7431 15.5487 43.7431 15.5487 30689 0 0.0103706
22.9187 282360 289600 0.0552699 42.0982 15.6125 42.0982 15.6125 30889 0 0.0110436
22.974 272224 279464 0.0553502 40.4481 15.6722 40.4481 15.6722 31082 0 0.0117553
23.0296 260640 269328 0.0559522 38.9367 15.7284 38.9367 15.7284 31269 0 0.0125853
23.0853 249056 257744 0.0559174 37.0628 15.7799 37.0628 15.7799 31447 0 0.0134509
23.141 238920 246160 0.0559487 35.3207 15.8269 35.3207 15.8269 31617 0 0.01426
23.197 227336 236024 0.0562369 33.721 15.8701 33.721 15.8701 31780 0 0.0151604
23.2535 212856 224440 0.0570017 31.9982 15.9093 31.9982 15.9093 31936 0 0.0163351
23.3103 199824 209960 0.0572118 29.7571 15.9431 29.7571 15.9431 32082 0 0.0174601
23.3669 188240 196928 0.0569883 28.0413 15.9724 28.0413 15.9724 32219 0 0.0185054
23.4238 176656 185344 0.0570507 26.0884 15.9969 26.0884 15.9969 32347 0 0.0195591
23.4808 166520 173760 0.0571284 24.3549 16.0172 24.3549 16.0172 32467 0 0.0205554
23.538 156384 163624 0.0574065 22.886 16.0339 22.886 16.0339 32580 0 0.0215321
23.5956 144800 153488 0.0582011 21.5351 16.0473 21.5351 16.0473 32687 0 0.0226294
23.6528 136112 141904 0.0573679 19.848 16.0565 19.848 16.0565 32785 0 0.0236143
23.7099 127424 133216 0.0571453 18.6721 16.0628 18.6721 16.0628 32877 0 0.024503
23.7672 118736 124528 0.0574435 17.3812 16.066 17.3812 16.066 32963 0 0.0254181
23.8246 110048 115840 0.0576026 16.1347 16.0662 16.1347 16.0662 33043 0 0.0263475
23.8823 101360 107152 0.0578448 14.8624 16.0633 14.8624 16.0633 33117 0 0.0272954
23.9398 94120 98464 0.0576117 13.6859 16.0575 13.6859 16.0575 33185 0 0.0281867
23.9974 88328 91224 0.0576275 12.6795 16.0494 12.6795 16.0494 33248 0 0.0289473
24.055 81088 85432 0.0590951 12.0758 16.0399 12.0758 16.0399 33308 0 0.0296887
24.1126 73848 78192 0.0592723 11.0464 16.028 11.0464 16.028 33363 0 0.0305264
24.1705 69504 70952 0.0580412 9.80049 16.0131 9.80049 16.0131 33412 0 0.0312523
24.2283 62264 66608 0.0595946 9.42001 15.9973 9.42001 15.9973 33459 0 0.0318919
24.2861 57920 59368 0.0579996 8.21746 15.9788 8.21746 15.9788 33500 0 0.0326283
24.3437 52128 55024 0.0597803 7.84924 15.9596 7.84924 15.9596 33539 0 0.0332318
24.4013 47784 49232 0.0579357 6.84293 15.9381 6.84293 15.9381 33573 0 0.0338562
24.4593 43440 44888 0.0579862 6.18747 15.915 6.18747 15.915 33604 0 0.034391
24.5176 39096 40544 0.0609964 5.76441 15.8908 5.76441 15.8908 33633 0 0.0349981
24.5756 36200 36200 0.0586568 4.9899 15.8651 4.9899 15.8651 33658 0 0.0354558
24.6333 33304 33304 0.0611451 4.82024 15.8392 4.82024 15.8392 33682 0 0.0358788
24.691 30408 30408 0.061505 4.41855 15.8126 4.41855 15.8126 33704 0 0.036254
24.7489 27512 27512 0.0618002 4.0002 15.7849 4.0002 15.7849 33724 0 0.0366296
24.8068 24616 24616 0.0622251 3.60018 15.7565 3.60018 15.7565 33742 0 0.0370108
24.8647 21720 21720 0.0624119 3.20016 15.7272 3.20016 15.7272 33758 0 0.0373874
24.9225 18824 18824 0.0627041 2.80596 15.6972 2.80596 15.6972 33772 0 0.037769
25.0368 14480 15928 0.0698154 1.21646 15.6312 1.21646 15.6312 33784 0 0.0384328
25.0949 11584 11584 0.0705651 1.79265 15.5991 1.79265 15.5991 33793 0 0.0390029
25.0959 10136 8688 0.0653654 72.3036 15.6013 72.3036 15.6013 33799 0 0.0391574
25.1535 11584 7240 0.0628385 1.00631 15.5679 1.00631 15.5679 33804 0 0.0392665
25.2111 10136 8688 0.0666965 1.4059 15.5355 1.4059 15.5355 33811 0 0.0392054
25.2689 11584 7240 0.063826 1.00213 15.5022 1.00213 15.5022 33816 0 0.0392968
25.3271 10136 8688 0.0682623 1.39428 15.4698 1.39428 15.4698 33823 0 0.0392664
25.385 11584 7240 0.0650957 1.00005 15.4368 1.00005 15.4368 33828 0 0.0393386
25.4427 10136 8688 0.0698785 1.4059 15.405 1.4059 15.405 33835 0 0.0393345
25.4434 11584 7240 0.065862 80.3373 15.4068 80.3373 15.4068 33840 0 0.0393654
25.5008 10136 8688 0.0631419 1.41179 15.3753 1.41179 15.3753 33847 0 0.0390851
25.5585 11584 7240 0.0614447 1.00422 15.3429 1.00422 15.3429 33852 0 0.0392271
25.6166 10136 8688 0.066542 1.39717 15.3113 1.39717 15.3113 33859 0 0.0391996
25.6745 11584 7240 0.0638319 1.00005 15.279 1.00005 15.279 33864 0 0.039297
25.7323 10136 8688 0.0690319 1.40298 15.2478 1.40298 15.2478 33871 0 0.0392982
25.733 11584 7240 0.0653905 80.3373 15.2497 80.3373 15.2497 33876 0 0.0393487
25.7907 10136 8688 0.0629511 1.4059 15.2187 1.4059 15.2187 33883 0 0.0390793
25.8486 11584 7240 0.0613168 1.00005 15.1869 1.00005 15.1869 33888 0 0.0392237
25.9067 10136 8688 0.0665658 1.39428 15.1559 1.39428 15.1559 33895 0 0.0392005
25.9649 11584 7240 0.0638478 0.995917 15.1242 0.995917 15.1242 33900 0 0.0392975
26.0229 10136 8688 0.0692476 1.39717 15.0936 1.39717 15.0936 33907 0 0.0393073
26.0237 11584 7240 0.0656307 80.3373 15.0954 80.3373 15.0954 33912 0 0.0393572
26.0813 10136 8688 0.063112 1.4059 15.0651 1.4059 15.0651 33919 0 0.0390842
26.1388 11584 7240 0.0612996 1.00842 15.0342 1.00842 15.0342 33924 0 0.0392232
26.1967 10136 8688 0.0664449 1.40007 15.0041 1.40007 15.0041 33931 0 0.039196
26.2545 11584 7240 0.0636574 1.00213 14.9732 1.00213 14.9732 33936 0 0.0392915
26.3125 10136 8688 0.068915 1.39717 14.9433 1.39717 14.9433 33943 0 0.0392932
26.3132 11584 7240 0.0655466 80.3373 14.9451 80.3373 14.9451 33948 0 0.0393542
26.3714 10136 8688 0.063165 1.39428 14.9152 1.39428 14.9152 33955 0 0.0390858
26.4293 11584 7240 0.0615695 1.00005 14.8847 1.00005 14.8847 33960 0 0.0392304
26.4871 10136 8688 0.0666257 1.40298 14.8553 1.40298 14.8553 33967 0 0.0392027
26.5448 11584 7240 0.0637785 1.00422 14.8252 1.00422 14.8252 33972 0 0.0392953
26.6026 10136 8688 0.0689962 1.40298 14.796 1.40298 14.796 33979 0 0.0392966
26.6033 11584 7240 0.0653666 80.3373 14.7978 80.3373 14.7978 33984 0 0.0393479
26.6612 10136 8688 0.062935 1.40007 14.7687 1.40007 14.7687 33991 0 0.0390789
26.7191 11584 7240 0.0614311 1.00005 14.7389 1.00005 14.7389 33996 0 0.0392267
26.7773 10136 8688 0.0667673 1.39428 14.7099 1.39428 14.7099 34003 0 0.039208
26.8352 11584 7240 0.0638734 1.00005 14.6803 1.00005 14.6803 34008 0 0.0392983
26.8931 10136 8688 0.0691847 1.40007 14.6517 1.40007 14.6517 34015 0 0.0393046
26.8939 11584 7240 0.0654929 80.3373 14.6534 80.3373 14.6534 34020 0 0.0393523
26.9518 10136 8688 0.0630196 1.40007 14.625 1.40007 14.625 34027 0 0.0390814
27.0097 11584 7240 0.0614585 1.00005 14.5958 1.00005 14.5958 34032 0 0.0392274
27.0678 10136 8688 0.0665513 1.39428 14.5674 1.39428 14.5674 34039 0 0.0392
27.1255 11584 7240 0.0639338 1.00422 14.5385 1.00422 14.5385 34044 0 0.0393002
27.1832 10136 8688 0.0691002 1.4059 14.5107 1.4059 14.5107 34051 0 0.039301
27.1839 11584 7240 0.0653112 80.3373 14.5124 80.3373 14.5124 34056 0 0.039346
27.2416 10136 8688 0.062898 1.4059 14.4847 1.4059 14.4847 34063 0 0.0390778
27.2993 11584 7240 0.0612812 1.00422 14.4562 1.00422 14.4562 34068 0 0.0392227
27.3574 10136 8688 0.0665419 1.39428 14.4284 1.39428 14.4284 34075 0 0.0391996
27.4155 11584 7240 0.0637224 0.997979 14.4 0.997979 14.4 34080 0 0.0392935
27.4733 10136 8688 0.0690836 1.40298 14.3727 1.40298 14.3727 34087 0 0.0393003
27.474 11584 7240 0.0654251 80.3373 14.3744 80.3373 14.3744 34092 0 0.03935
27.5315 10136 8688 0.0629743 1.40884 14.3473 1.40884 14.3473 34099 0 0.03908
27.5892 11584 7240 0.061223 1.00422 14.3194 1.00422 14.3194 34104 0 0.0392212
27.6474 10136 8688 0.0666279 1.39428 14.2922 1.39428 14.2922 34111 0 0.0392028
27.7055 11584 7240 0.06378 0.995917 14.2643 0.995917 14.2643 34116 0 0.0392953
27.7636 10136 8688 0.0692315 1.39717 14.2374 1.39717 14.2374 34123 0 0.0393066
27.7643 11584 7240 0.0656336 80.3373 14.2391 80.3373 14.2391 34128 0 0.0393573
27.8221 10136 8688 0.0631139 1.40298 14.2124 1.40298 14.2124 34135 0 0.0390842
27.88 11584 7240 0.0615509 1.00005 14.185 1.00005 14.185 34140 0 0.0392299
27.9382 10136 8688 0.0667382 1.39428 14.1584 1.39428 14.1584 34147 0 0.0392069
27.9961 11584 7240 0.0639789 1.00005 14.1311 1.00005 14.1311 34152 0 0.0393016
28.0538 10136 8688 0.0691304 1.4059 14.105 1.4059 14.105 34159 0 0.0393023
28.0545 11584 7240 0.0654565 80.3373 14.1067 80.3373 14.1067 34164 0 0.039351
28.1122 10136 8688 0.0628859 1.4059 14.0806 1.4059 14.0806 34171 0 0.0390774
28.1701 11584 7240 0.0613982 1.00005 14.0537 1.00005 14.0537 34176 0 0.0392258
28.2282 10136 8688 0.0666359 1.39428 14.0277 1.39428 14.0277 34183 0 0.0392031
28.2864 11584 7240 0.0639104 0.995917 14.0009 0.995917 14.0009 34188 0 0.0392995
28.3442 10136 8688 0.0692095 1.40298 13.9752 1.40298 13.9752 34195 0 0.0393057
28.3449 11584 7240 0.0655095 80.3373 13.9769 80.3373 13.9769 34200 0 0.0393529
28.4023 10136 8688 0.0629351 1.41179 13.9515 1.41179 13.9515 34207 0 0.0390789
28.4598 11584 7240 0.0611811 1.00842 13.9253 1.00842 13.9253 34212 0 0.0392201
28.5178 10136 8688 0.0663655 1.39717 13.8998 1.39717 13.8998 34219 0 0.0391931
28.5759 11584 7240 0.0636999 0.997979 13.8736 0.997979 13.8736 34224 0 0.0392928
28.6341 10136 8688 0.0691642 1.39141 13.8482 1.39141 13.8482 34231 0 0.0393037
28.6349 11584 7240 0.0655748 80.3373 13.8499 80.3373 13.8499 34236 0 0.0393552
28.6928 10136 8688 0.0630745 1.40007 13.8248 1.40007 13.8248 34243 0 0.0390831
28.7503 11584 7240 0.0614953 1.00631 13.7991 1.00631 13.7991 34248 0 0.0392284
28.808 10136 8688 0.0664665 1.4059 13.7743 1.4059 13.7743 34255 0 0.0391968
28.8657 11584 7240 0.0636719 1.00422 13.7488 1.00422 13.7488 34260 0 0.0392919
28.9237 10136 8688 0.068829 1.39717 13.724 1.39717 13.724 34267 0 0.0392897
28.9244 11584 7240 0.065364 80.3373 13.7257 80.3373 13.7257 34272 0 0.0393478
28.9824 10136 8688 0.0630427 1.40007 13.701 1.40007 13.701 34279 0 0.0390821
29.04 11584 7240 0.0613782 1.00422 13.6758 1.00422 13.6758 34284 0 0.0392253
29.0977 10136 8688 0.0664975 1.4059 13.6515 1.4059 13.6515 34291 0 0.039198
29.1554 11584 7240 0.063597 1.00422 13.6265 1.00422 13.6265 34296 0 0.0392896
29.2132 10136 8688 0.0688745 1.40298 13.6023 1.40298 13.6023 34303 0 0.0392916
29.2139 11584 7240 0.0652851 80.3373 13.6039 80.3373 13.6039 34308 0 0.0393451
29.2715 10136 8688 0.0627847 1.40884 13.5799 1.40884 13.5799 34315 0 0.0390744
29.3291 11584 7240 0.0612054 1.00422 13.5552 1.00422 13.5552 34320 0 0.0392207
29.3872 10136 8688 0.0665067 1.39717 13.5312 1.39717 13.5312 34327 0 0.0391983
29.4449 11584 7240 0.0636988 1.00422 13.5067 1.00422 13.5067 34332 0 0.0392928
29.5024 10136 8688 0.0689428 1.40884 13.4831 1.40884 13.4831 34339 0 0.0392944
29.5031 11584 7240 0.0652214 80.3373 13.4847 80.3373 13.4847 34344 0 0.0393429
29.5606 10136 8688 0.0628378 1.41179 13.4612 1.41179 13.4612 34351 0 0.039076
29.6182 11584 7240 0.0611452 1.00422 13.437 1.00422 13.437 34356 0 0.0392191
29.6763 10136 8688 0.0664508 1.39717 13.4134 1.39717 13.4134 34363 0 0.0391962
29.7342 11584 7240 0.0636614 1.00005 13.3893 1.00005 13.3893 34368 0 0.0392916
29.7919 10136 8688 0.0689177 1.4059 13.3661 1.4059 13.3661 34375 0 0.0392934
29.7926 11584 7240 0.065314 80.3373 13.3677 80.3373 13.3677 34380 0 0.0393461
29.8503 10136 8688 0.0628998 1.4059 13.3446 1.4059 13.3446 34387 0 0.0390778
29.9082 11584 7240 0.0612825 1.00005 13.3207 1.00005 13.3207 34392 0 0.0392227
29.9666 10136 8688 0.0666678 1.38855 13.2974 1.38855 13.2974 34399 0 0.0392043
30.0247 5792 7240 0.0639161 0.995917 13.2736 0.995917 13.2736 34404 0 0.0393462
30.0822 8688 2896 0.0691977 0.605051 13.2494 0.605051 13.2494 34407 0 0.0400874
30.1232 10136 5792 0.0613121 2.25985 13.2344 2.25985 13.2344 34415 0 0.0394145
30.1681 11584 7240 0.055545 1.80437 13.2174 1.80437 13.2174 34422 0 0.0391032
30.2217 13032 8688 0.0589862 1.51308 13.1967 1.51308 13.1967 34429 0 0.0389765
30.2621 14480 10136 0.0556197 2.0067 13.1817 2.0067 13.1817 34436 0 0.0387238
30.3054 15928 11584 0.0548198 2.40825 13.1663 2.40825 13.1663 34445 0 0.0385227
30.3064 17376 13032 0.0501629 108.455 13.1693 108.455 13.1693 34454 0 0.0382918
30.3502 20272 14480 0.047161 2.9111 13.1545 2.9111 13.1545 34465 0 0.0381166
30.3946 23168 17376 0.0459514 3.12429 13.1399 3.12429 13.1399 34477 0 0.0377442
30.4402 26064 20272 0.0455836 3.55851 13.1255 3.55851 13.1255 34491 0 0.0373719
30.4878 28960 23168 0.0463052 3.89514 13.1111 3.89514 13.1111 34507 0 0.0369967
30.5419 31856 26064 0.0482514 3.85619 13.0947 3.85619 13.0947 34525 0 0.0366236
30.544 33304 28960 0.0526457 107.116 13.1014 107.116 13.1014 34545 0 0.0362593
30.5992 34752 30408 0.0546594 4.41068 13.0857 4.41068 13.0857 34566 0 0.0360985
30.6501 36200 31856 0.0541265 5.22951 13.0727 5.22951 13.0727 34589 0 0.0359086
30.697 39096 33304 0.0491635 5.68541 13.0614 5.68541 13.0614 34612 0 0.0357074
30.7431 41992 36200 0.0488675 6.52741 13.0516 6.52741 13.0516 34638 0 0.035343
30.7907 44888 39096 0.0497885 6.8165 13.0419 6.8165 13.0419 34666 0 0.0349835
30.8407 46336 41992 0.0515914 6.95227 13.0321 6.95227 13.0321 34696 0 0.0346157
30.8915 47784 43440 0.0531133 7.06513 13.0223 7.06513 13.0223 34727 0 0.0344496
30.9419 50680 44888 0.0509354 7.13257 13.0127 7.13257 13.0127 34758 0 0.0342707
30.9914 52128 47784 0.052417 7.95574 13.0046 7.95574 13.0046 34792 0 0.0339078
31.0405 53576 49232 0.0521766 8.2498 12.9971 8.2498 12.9971 34827 0 0.0337283
31.0894 57920 50680 0.0494533 8.29034 12.9897 8.29034 12.9897 34862 0 0.0335826
31.1388 59368 55024 0.052038 9.1479 12.9836 9.1479 12.9836 34901 0 0.033022
31.1888 63712 56472 0.0501559 9.03795 12.9772 9.03795 12.9772 34940 0 0.0328818
31.239 65160 60816 0.0534259 9.91724 12.9723 9.91724 12.9723 34983 0 0.0323374
31.2893 69504 62264 0.0508132 9.91724 12.9674 9.91724 12.9674 35026 0 0.0321892
31.3394 70952 66608 0.0538473 10.8658 12.9641 10.8658 12.9641 35073 0 0.0316519
31.3895 75296 68056 0.0506562 10.8658 12.9607 10.8658 12.9607 35120 0 0.0315
31.44 76744 72400 0.0543325 11.7063 12.9587 11.7063 12.9587 35171 0 0.030975
31.4905 81088 73848 0.051045 11.6785 12.9566 11.6785 12.9566 35222 0 0.0308212
31.5414 82536 78192 0.0553011 12.5349 12.956 12.5349 12.956 35277 0 0.0303129
31.592 86880 79640 0.0512087 12.5945 12.9554 12.5945 12.9554 35332 0 0.0301488
31.6428 85432 83984 0.0558953 13.4465 12.9562 13.4465 12.9562 35391 0 0.029654
31.6955 89776 82536 0.0516481 12.5173 12.9554 12.5173 12.9554 35448 0 0.0298178
31.7484 85432 86880 0.0587219 13.3652 12.9561 13.3652 12.9561 35509 0 0.0294221
31.7556 86880 82536 0.053362 91.5846 12.974 91.5846 12.974 35566 0 0.0297867
31.8078 89776 83984 0.0524135 13.1057 12.9742 13.1057 12.9742 35625 0 0.0296286
31.8594 94120 86880 0.0518564 13.4518 12.975 13.4518 12.975 35685 0 0.029322
31.9115 97016 91224 0.0523009 14.0266 12.9767 14.0266 12.9767 35748 0 0.0288032
31.9641 98464 94120 0.0530331 14.5267 12.9792 14.5267 12.9792 35814 0 0.0284661
32.0177 99912 95568 0.0539892 14.4823 12.9817 14.4823 12.9817 35881 0 0.0283141
32.0718 101360 97016 0.0543411 14.3536 12.9841 14.3536 12.9841 35948 0 0.0281564
32.1259 102808 98464 0.0545086 14.7493 12.987 14.7493 12.987 36017 0 0.0279969
32.1809 104256 99912 0.0550954 14.5556 12.9897 14.5556 12.9897 36086 0 0.0278437
32.2363 102808 101360 0.0559603 14.8476 12.9929 14.8476 12.9929 36157 0 0.0276961
32.2903 104256 99912 0.0543226 14.7821 12.9959 14.7821 12.9959 36226 0 0.0278334
32.3442 105704 101360 0.0543147 15.2784 12.9997 15.2784 12.9997 36297 0 0.0276726
32.3981 107152 102808 0.0542704 15.2444 13.0034 15.2444 13.0034 36368 0 0.0275118
32.4533 105704 104256 0.0557898 15.3324 13.0074 15.3324 13.0074 36441 0 0.0273734
32.5084 107152 102808 0.0553391 14.9123 13.0106 14.9123 13.0106 36512 0 0.0275263
32.564 104256 104256 0.0562514 15.1999 13.0144 15.1999 13.0144 36585 0 0.0273983
32.6199 102808 101360 0.0560339 14.5125 13.0169 14.5125 13.0169 36655 0 0.0276972
32.675 104256 99912 0.0552832 14.5239 13.0195 14.5239 13.0195 36724 0 0.0278464
32.7301 102808 101360 0.0558593 14.9123 13.0227 14.9123 13.0227 36795 0 0.0276945
32.7854 101360 99912 0.0555705 14.4607 13.0251 14.4607 13.0251 36864 0 0.0278507
32.8409 98464 98464 0.0562186 14.3981 13.0274 14.3981 13.0274 36933 0 0.0280395
32.8964 97016 95568 0.0557696 13.7721 13.0287 13.7721 13.0287 36999 0 0.0283386
32.9518 95568 94120 0.0556169 13.5929 13.0296 13.5929 13.0296 37064 0 0.0284988
33.0073 92672 92672 0.0564438 13.5634 13.0305 13.5634 13.0305 37129 0 0.0286926
33.0627 91224 89776 0.0556061 12.9655 13.0304 12.9655 13.0304 37191 0 0.0289891
33.1183 89776 88328 0.0558174 12.7013 13.0299 12.7013 13.0299 37252 0 0.0291567
33.1741 86880 86880 0.0568989 12.6739 13.0293 12.6739 13.0293 37313 0 0.0293572
33.2297 85432 83984 0.0559766 12.0766 13.0277 12.0766 13.0277 37371 0 0.0296553
33.2854 83984 82536 0.0557714 11.8684 13.0257 11.8684 13.0257 37428 0 0.0298183
33.3409 81088 81088 0.0569432 11.8941 13.0238 11.8941 13.0238 37485 0 0.0300221
33.3964 79640 78192 0.0557592 11.2681 13.0209 11.2681 13.0209 37539 0 0.0303198
33.4519 78192 76744 0.0556642 11.0594 13.0177 11.0594 13.0177 37592 0 0.0304864
33.5077 75296 75296 0.0575409 11.0118 13.0143 11.0118 13.0143 37645 0 0.0307048
33.5634 73848 72400 0.0560009 10.3884 13.01 10.3884 13.01 37695 0 0.0309989
33.6189 72400 70952 0.0557404 10.2248 13.0054 10.2248 13.0054 37744 0 0.0311648
33.6747 68056 69504 0.0580153 10.1807 13.0007 10.1807 13.0007 37793 0 0.0314223
33.7303 66608 65160 0.0559643 9.3698 12.9947 9.3698 12.9947 37838 0 0.031853
33.7857 63712 63712 0.0580225 9.41045 12.9888 9.41045 12.9888 37883 0 0.0320798
33.8415 62264 60816 0.0559369 8.7263 12.9818 8.7263 12.9818 37925 0 0.032371
33.8975 60816 59368 0.0560009 8.48197 12.9744 8.48197 12.9744 37966 0 0.0325457
33.9537 56472 57920 0.0595945 8.44572 12.9669 8.44572 12.9669 38007 0 0.0328369
34.0093 55024 53576 0.0563683 7.70405 12.9583 7.70405 12.9583 38044 0 0.0332513
34.0646 50680 52128 0.0593044 7.7543 12.9498 7.7543 12.9498 38081 0 0.0335317
34.1198 52128 47784 0.0557005 6.93106 12.9401 6.93106 12.9401 38114 0 0.0339476
34.1753 47784 49232 0.0596612 7.30339 12.9309 7.30339 12.9309 38149 0 0.0338934
34.2317 46336 44888 0.0564751 6.35861 12.9201 6.35861 12.9201 38180 0 0.0343165
34.288 43440 43440 0.0613603 6.38579 12.9094 6.38579 12.9094 38211 0 0.0346195
34.3439 41992 40544 0.0569273 5.80502 12.8978 5.80502 12.8978 38239 0 0.0348623
34.3997 43440 39096 0.0560336 5.5977 12.886 5.5977 12.886 38266 0 0.0350274
34.456 39096 40544 0.0626302 5.9738 12.8747 5.9738 12.8747 38295 0 0.0350432
34.4593 37648 36200 0.0575219 86.0757 12.8818 86.0757 12.8818 38320 0 0.0354154
34.5156 39096 34752 0.056664 5.14983 12.8692 5.14983 12.8692 38345 0 0.0355815
34.5714 40544 36200 0.0561666 5.18305 12.8568 5.18305 12.8568 38370 0 0.0353915
34.6276 39096 37648 0.0579126 5.57372 12.845 5.57372 12.845 38397 0 0.0352418
34.6833 40544 36200 0.0563658 5.19422 12.8327 5.19422 12.8327 38422 0 0.0353947
34.7393 39096 37648 0.0579855 5.58569 12.821 5.58569 12.821 38449 0 0.0352433
34.7954 40544 36200 0.0565939 5.16086 12.8087 5.16086 12.8087 38474 0 0.0353986
34.8518 37648 37648 0.0585875 5.54996 12.7969 5.54996 12.7969 38501 0 0.0352731
34.9078 39096 34752 0.0566757 4.96505 12.7844 4.96505 12.7844 38525 0 0.0355817
34.9634 40544 36200 0.0559843 5.20544 12.7723 5.20544 12.7723 38550 0 0.0353885
35.0193 37648 37648 0.0587723 5.5977 12.7609 5.5977 12.7609 38577 0 0.0352771
35.0753 39096 34752 0.0566621 4.96505 12.7484 4.96505 12.7484 38601 0 0.0355814
35.1313 40544 36200 0.0563068 5.17193 12.7363 5.17193 12.7363 38626 0 0.0353938
35.1876 37648 37648 0.0598018 5.54996 12.7248 5.54996 12.7248 38653 0 0.0353003
35.2439 36200 34752 0.057118 4.94384 12.7124 4.94384 12.7124 38677 0 0.0355896
35.2995 37648 33304 0.056303 4.78901 12.6999 4.78901 12.6999 38700 0 0.0357575
35.3552 34752 34752 0.0604103 5.19422 12.6881 5.19422 12.6881 38725 0 0.0356779
35.4114 33304 31856 0.0569977 4.54155 12.6752 4.54155 12.6752 38747 0 0.0359521
35.4672 34752 30408 0.0563459 4.35376 12.6621 4.35376 12.6621 38768 0 0.0361238
35.5231 31856 31856 0.0620015 4.76841 12.6497 4.76841 12.6497 38791 0 0.0360846
35.5791 30408 28960 0.0576393 4.13754 12.6363 4.13754 12.6363 38811 0 0.0363306
35.5815 31856 27512 0.0564313 91.5846 12.6416 91.5846 12.6416 38830 0 0.0364927
35.6375 33304 28960 0.0562653 4.34442 12.6286 4.34442 12.6286 38851 0 0.036306
35.6936 34752 30408 0.0562216 4.33512 12.6155 4.33512 12.6155 38872 0 0.0361218
35.75 33304 31856 0.0588088 4.72774 12.6031 4.72774 12.6031 38895 0 0.0359879
35.806 34752 30408 0.0567903 4.34442 12.5902 4.34442 12.5902 38916 0 0.0361314
35.8615 33304 31856 0.058637 4.79937 12.5781 4.79937 12.5781 38939 0 0.0359843
35.917 34752 30408 0.0563803 4.38204 12.5654 4.38204 12.5654 38960 0 0.0361244
35.9731 31856 31856 0.05921 4.74799 12.5532 4.74799 12.5532 38983 0 0.0360143
36.0292 30408 28960 0.0571394 4.12868 12.5401 4.12868 12.5401 39003 0 0.0363212
36.0852 31856 27512 0.0564247 3.93067 12.5268 3.93067 12.5268 39022 0 0.0364926
36.1411 28960 28960 0.0602496 4.35376 12.5141 4.35376 12.5141 39043 0 0.0364052
36.1968 30408 26064 0.0571741 3.73984 12.5006 3.73984 12.5006 39061 0 0.0366903
36.2527 31856 27512 0.0562889 3.93912 12.4874 3.93912 12.4874 39080 0 0.0364904
36.3091 28960 28960 0.0614852 4.31663 12.4747 4.31663 12.4747 39101 0 0.036437
36.3653 27512 26064 0.0579514 3.70788 12.4612 3.70788 12.4612 39119 0 0.0367051
36.4211 28960 24616 0.0567522 3.53207 12.4475 3.53207 12.4475 39136 0 0.0368676
36.4763 26064 26064 0.0628511 3.98194 12.4347 3.98194 12.4347 39155 0 0.0368441
36.4785 24616 23168 0.0578108 85.6931 12.439 85.6931 12.439 39171 0 0.0370726
36.5339 26064 21720 0.0562504 3.13682 12.4249 3.13682 12.4249 39186 0 0.0372303
36.5898 24616 23168 0.0588205 3.52448 12.4113 3.52448 12.4113 39203 0 0.0370935
36.6458 26064 21720 0.057102 3.10316 12.3971 3.10316 12.3971 39218 0 0.0372451
36.7016 24616 23168 0.0594571 3.52448 12.3836 3.52448 12.3836 39235 0 0.0371077
36.7578 26064 21720 0.0573673 3.09651 12.3694 3.09651 12.3694 39250 0 0.03725
36.8139 24616 23168 0.0600718 3.50938 12.3559 3.50938 12.3559 39267 0 0.0371221
36.87 26064 21720 0.0576613 3.09651 12.3418 3.09651 12.3418 39282 0 0.0372556
36.9259 24616 23168 0.0605766 3.52448 12.3285 3.52448 12.3285 39299 0 0.0371346
36.9816 26064 21720 0.0576217 3.11653 12.3146 3.11653 12.3146 39314 0 0.0372548
37.0376 23168 23168 0.0611749 3.51691 12.3013 3.51691 12.3013 39331 0 0.0371674
37.0936 24616 20272 0.0579299 2.89628 12.2871 2.89628 12.2871 39345 0 0.0374472
37.1489 26064 21720 0.0565235 3.14363 12.2735 3.14363 12.2735 39360 0 0.0372349
37.2039 23168 23168 0.0617785 3.57834 12.2606 3.57834 12.2606 39377 0 0.0371837
37.2589 24616 20272 0.057462 2.94687 12.2469 2.94687 12.2469 39391 0 0.0374381
37.2606 26064 21720 0.0559668 103.291 12.251 103.291 12.251 39406 0 0.0372257
37.3164 27512 23168 0.0559886 3.53207 12.238 3.53207 12.238 39423 0 0.0370402
37.3729 28960 24616 0.0564051 3.48698 12.2247 3.48698 12.2247 39440 0 0.0368617
37.4293 27512 26064 0.0597548 3.89722 12.2122 3.89722 12.2122 39459 0 0.0367443
37.4848 28960 24616 0.0570297 3.54736 12.1993 3.54736 12.1993 39476 0 0.0368726
37.5395 27512 26064 0.0591564 4.02569 12.1874 4.02569 12.1874 39495 0 0.0367306
37.5959 28960 24616 0.0568671 3.49442 12.1744 3.49442 12.1744 39512 0 0.0368696
37.6531 26064 26064 0.0611347 3.84809 12.1617 3.84809 12.1617 39531 0 0.0367961
37.7099 24616 23168 0.0584235 3.26105 12.1483 3.26105 12.1483 39547 0 0.037085
37.7655 26064 21720 0.0570858 3.12327 12.135 3.12327 12.135 39562 0 0.0372448
37.8204 23168 23168 0.0611153 3.58617 12.1226 3.58617 12.1226 39579 0 0.0371659
37.8761 24616 20272 0.0573356 2.91505 12.1091 2.91505 12.1091 39593 0 0.0374357
37.9326 26064 21720 0.0565762 3.07675 12.0957 3.07675 12.0957 39608 0 0.0372358
37.9895 23168 23168 0.0635846 3.45756 12.0827 3.45756 12.0827 39625 0 0.0372367
37.9914 21720 20272 0.0593719 84.3542 12.0864 84.3542 12.0864 39639 0 0.0374779
38.0475 23168 18824 0.0576494 2.68365 12.0725 2.68365 12.0725 39652 0 0.0376284
38.1026 21720 20272 0.0592216 3.15736 12.0596 3.15736 12.0596 39667 0 0.0374745
38.158 23168 18824 0.0569105 2.71857 12.0461 2.71857 12.0461 39680 0 0.0376147
38.2142 21720 20272 0.0600821 3.0899 12.0329 3.0899 12.0329 39695 0 0.0374945
38.2707 23168 18824 0.0579892 2.66652 12.0191 2.66652 12.0191 39708 0 0.0376351
38.3272 21720 20272 0.061253 3.07675 12.0059 3.07675 12.0059 39723 0 0.0375242
38.3832 20272 18824 0.058308 2.6894 11.9923 2.6894 11.9923 39736 0 0.0376416
38.439 18824 17376 0.0616371 2.69519 11.9788 2.69519 11.9788 39749 0 0.0379085
38.4951 20272 15928 0.0586549 2.27078 11.9646 2.27078 11.9646 39760 0 0.0380238
38.5513 17376 17376 0.0626895 2.68365 11.9511 2.68365 11.9511 39773 0 0.0379558
38.6075 15928 14480 0.0592073 2.05993 11.9367 2.05993 11.9367 39783 0 0.0382241
38.6632 17376 13032 0.0577408 1.86992 11.9222 1.86992 11.9222 39792 0 0.038382
38.7194 14480 14480 0.0637679 2.27078 11.9082 2.27078 11.9082 39803 0 0.0383646
38.7206 13032 11584 0.0601893 77.1238 11.9102 77.1238 11.9102 39811 0 0.0386248
38.7767 14480 10136 0.0585514 1.44504 11.8951 1.44504 11.8951 39818 0 0.0387771
38.8327 13032 11584 0.062197 1.8619 11.8806 1.8619 11.8806 39827 0 0.0386778
38.8887 14480 10136 0.0597283 1.44814 11.8656 1.44814 11.8656 39834 0 0.0388033
38.9444 13032 11584 0.0634491 1.86992 11.8513 1.86992 11.8513 39843 0 0.0387149
39.0007 14480 10136 0.0604759 1.44195 11.8363 1.44195 11.8363 39850 0 0.0388214
39.0573 13032 11584 0.0650788 1.84213 11.8218 1.84213 11.8218 39859 0 0.0387679
39.1136 11584 10136 0.0615013 1.43888 11.8068 1.43888 11.8068 39866 0 0.0388481
39.1697 10136 8688 0.0664298 1.44504 11.792 1.44504 11.792 39873 0 0.0391955
39.1704 11584 7240 0.0629872 80.3373 11.7932 80.3373 11.7932 39878 0 0.0392709
39.2258 13032 8688 0.0605558 1.46385 11.7787 1.46385 11.7787 39885 0 0.0390135
39.2818 14480 10136 0.0590521 1.44814 11.7639 1.44814 11.7639 39892 0 0.0387879
39.3387 13032 11584 0.0642185 1.83434 11.7496 1.83434 11.7496 39901 0 0.0387392
39.3953 11584 10136 0.0612314 1.43277 11.7348 1.43277 11.7348 39908 0 0.0388408
39.4514 10136 8688 0.066246 1.44504 11.7201 1.44504 11.7201 39915 0 0.0391887
39.4521 11584 7240 0.062989 80.3373 11.7214 80.3373 11.7214 39920 0 0.039271
39.5074 13032 8688 0.0605864 1.46703 11.707 1.46703 11.707 39927 0 0.0390142
39.563 14480 10136 0.0589768 1.45752 11.6926 1.45752 11.6926 39934 0 0.0387863
39.6197 13032 11584 0.0639949 1.83823 11.6785 1.83823 11.6785 39943 0 0.038732
39.6763 11584 10136 0.0610166 1.43277 11.6639 1.43277 11.6639 39950 0 0.0388352
39.7324 10136 8688 0.0662294 1.44504 11.6495 1.44504 11.6495 39957 0 0.0391881
39.7332 11584 7240 0.0628529 80.3373 11.6507 80.3373 11.6507 39962 0 0.0392669
39.7884 13032 8688 0.0604952 1.46703 11.6366 1.46703 11.6366 39969 0 0.0390119
39.8442 14480 10136 0.0589157 1.45438 11.6223 1.45438 11.6223 39976 0 0.0387849
39.9008 13032 11584 0.0639592 1.84213 11.6085 1.84213 11.6085 39985 0 0.0387309
39.9574 11584 10136 0.0610793 1.43277 11.594 1.43277 11.594 39992 0 0.0388368
40.0136 10136 8688 0.0661705 1.44195 11.5798 1.44195 11.5798 39999 0 0.039186
40.0143 11584 7240 0.0629228 80.3373 11.581 80.3373 11.581 40004 0 0.039269
40.0691 5792 8688 0.0620575 0.634242 11.566 0.634242 11.566 40007 0 0.0391408
40.1248 10136 2896 0.0592207 0.832871 11.5512 0.832871 11.5512 40011 0 0.0397931
40.1779 11584 7240 0.0573588 1.96299 11.5385 1.96299 11.5385 40020 0 0.0391339
40.2594 13032 8688 0.0686095 0.99492 11.5171 0.99492 11.5171 40027 0 0.0392806
40.3124 14480 10136 0.069295 1.53023 11.504 1.53023 11.504 40034 0 0.0391193
40.3525 15928 11584 0.0676612 2.59557 11.4951 2.59557 11.4951 40043 0 0.0388628
40.3535 17376 13032 0.0564196 108.455 11.4975 108.455 11.4975 40052 0 0.038358
40.3963 20272 14480 0.049883 2.97642 11.4884 2.97642 11.4884 40063 0 0.0381195
40.4386 23168 17376 0.0463216 3.28392 11.4798 3.28392 11.4798 40075 0 0.0377429
40.4829 26064 20272 0.0448524 3.66479 11.4713 3.66479 11.4713 40089 0 0.0373759
40.5275 28960 23168 0.0448583 4.15449 11.4632 4.15449 11.4632 40105 0 0.0370037
40.5732 33304 26064 0.0450763 4.56319 11.4555 4.56319 11.4555 40123 0 0.0366612
40.5754 37648 30408 0.0458958 112.472 11.4609 112.472 11.4609 40144 0 0.0361052
40.6277 39096 34752 0.051053 5.5278 11.4532 5.5278 11.4532 40169 0 0.0355157
40.6828 40544 36200 0.0541857 5.26227 11.4448 5.26227 11.4448 40194 0 0.035363
40.7349 41992 37648 0.0548626 5.99753 11.4379 5.99753 11.4379 40221 0 0.0351907
40.7825 44888 39096 0.0496832 6.57305 11.4322 6.57305 11.4322 40248 0 0.0349832
40.8283 47784 41992 0.0487937 7.59093 11.4279 7.59093 11.4279 40278 0 0.0346209
40.8748 52128 44888 0.0487359 7.97146 11.4239 7.97146 11.4239 40310 0 0.0342918
40.9233 55024 49232 0.05027 8.3519 11.4203 8.3519 11.4203 40345 0 0.0337335
40.9736 57920 52128 0.0501458 8.30281 11.4165 8.30281 11.4165 40381 0 0.0333794
41.0238 60816 55024 0.0504355 8.76407 11.4132 8.76407 11.4132 40419 0 0.0330291
41.0734 63712 57920 0.0501545 9.33703 11.4107 9.33703 11.4107 40459 0 0.032678
41.1218 68056 60816 0.0494491 10.0471 11.4091 10.0471 11.4091 40501 0 0.0323567
41.1699 73848 65160 0.0485809 10.8455 11.4085 10.8455 11.4085 40546 0 0.0318773
41.2186 75296 70952 0.0524698 11.9018 11.409 11.9018 11.409 40596 0 0.0311249
41.2686 76744 72400 0.0534395 11.8189 11.4095 11.8189 11.4095 40647 0 0.0309645
41.3189 81088 73848 0.0503318 11.7342 11.4099 11.7342 11.4099 40698 0 0.0308174
41.3694 79640 78192 0.0550819 12.6244 11.4114 12.6244 11.4114 40753 0 0.0303097
41.4196 82536 76744 0.0509608 12.2236 11.4124 12.2236 11.4124 40806 0 0.0304539
41.4698 81088 79640 0.0551821 12.9155 11.4142 12.9155 11.4142 40862 0 0.0301435
41.5204 78192 78192 0.0557099 12.5945 11.4157 12.5945 11.4157 40917 0 0.0303365
41.5709 82536 75296 0.0506182 11.9358 11.4163 11.9358 11.4163 40969 0 0.0306497
41.5771 86880 79640 0.0504939 101.967 11.4299 101.967 11.4299 41024 0 0.0301447
41.6281 89776 83984 0.0512412 13.4148 11.4323 13.4148 11.4323 41083 0 0.0296196
41.68 91224 86880 0.052134 13.3896 11.4348 13.3896 11.4348 41143 0 0.0292776
41.7323 92672 88328 0.0525553 13.5188 11.4374 13.5188 11.4374 41204 0 0.0291164
41.7846 94120 89776 0.0527331 13.9301 11.4405 13.9301 11.4405 41267 0 0.0289536
41.8364 97016 91224 0.052058 14.0917 11.4438 14.0917 11.4438 41330 0 0.0288012
41.8887 98464 94120 0.0527368 14.6269 11.4477 14.6269 11.4477 41396 0 0.0284632
41.9421 99912 95568 0.0538075 14.5476 11.4517 14.5476 11.4517 41463 0 0.028312
41.9959 101360 97016 0.0540018 14.4177 11.4555 14.4177 11.4555 41530 0 0.0281522
42.0497 102808 98464 0.0543566 14.8481 11.4598 14.8481 11.4598 41599 0 0.0279949
42.1035 104256 99912 0.0540995 14.8481 11.4642 14.8481 11.4642 41668 0 0.0278306
42.1581 102808 101360 0.0550308 15.0765 11.4688 15.0765 11.4688 41739 0 0.0276821
42.2125 101360 99912 0.054781 14.6842 11.473 14.6842 11.473 41808 0 0.0278394
42.2668 99912 98464 0.0547969 14.7167 11.4772 14.7167 11.4772 41877 0 0.0280007
42.3212 98464 97016 0.0545283 14.2901 11.4808 14.2901 11.4808 41944 0 0.0281588
42.3761 95568 95568 0.0556218 14.1337 11.4842 14.1337 11.4842 42011 0 0.0283538
42.4307 94120 92672 0.0549956 13.5602 11.4869 13.5602 11.4869 42075 0 0.0286527
42.4849 95568 91224 0.0543163 13.4667 11.4894 13.4667 11.4894 42138 0 0.0288072
42.5394 94120 92672 0.0552108 13.8329 11.4924 13.8329 11.4924 42203 0 0.0286558
42.5946 91224 91224 0.0554108 13.2033 11.4946 13.2033 11.4946 42266 0 0.0288397
42.6504 86880 88328 0.0565739 12.8817 11.4964 12.8817 11.4964 42328 0 0.0292157
42.7055 83984 83984 0.0561198 12.3919 11.4976 12.3919 11.4976 42387 0 0.0296751
42.7608 82536 81088 0.05539 11.7362 11.4979 11.7362 11.4979 42443 0 0.0299793
42.8163 79640 79640 0.0557144 11.4768 11.4979 11.4768 11.4979 42498 0 0.0301689
42.872 76744 76744 0.0566713 11.2438 11.4975 11.2438 11.4975 42552 0 0.0305204
42.9278 72400 73848 0.0568153 10.7808 11.4966 10.7808 11.4966 42604 0 0.0308897
42.984 68056 69504 0.0570984 10.1153 11.4948 10.1153 11.4948 42653 0 0.0314048
43.04 65160 65160 0.056173 9.30948 11.492 9.30948 11.492 42698 0 0.0318739
43.0965 60816 62264 0.057759 9.00597 11.4887 9.00597 11.4887 42742 0 0.0322765
43.1528 57920 57920 0.0574886 8.44572 11.4847 8.44572 11.4847 42783 0 0.0327634
43.2087 56472 55024 0.0561318 7.87824 11.4801 7.87824 11.4801 42821 0 0.0330718
43.2648 55024 53576 0.0563125 7.63807 11.4751 7.63807 11.4751 42858 0 0.0332504
43.3215 50680 52128 0.0581788 7.55716 11.47 7.55716 11.47 42895 0 0.0335076
43.3781 47784 47784 0.0568426 6.75448 11.4638 6.75448 11.4638 42928 0 0.033984
43.4342 44888 44888 0.0579697 6.6059 11.4575 6.6059 11.4575 42960 0 0.0343615
43.4901 41992 41992 0.0579271 6.21966 11.4508 6.21966 11.4508 42990 0 0.0347188
43.5462 39096 39096 0.0580351 5.78016 11.4435 5.78016 11.4435 43018 0 0.035081
43.6029 36200 36200 0.0585945 5.31043 11.4355 5.31043 11.4355 43044 0 0.0354545
43.6597 33304 33304 0.0589676 4.89158 11.427 4.89158 11.427 43068 0 0.0358263
43.7696 28960 30408 0.0652523 2.32047 11.4041 2.32047 11.4041 43090 0 0.0363984
43.8258 24616 26064 0.0649815 3.91387 11.3945 3.91387 11.3945 43109 0 0.0369411
43.828 23168 21720 0.0587003 80.3373 11.3979 80.3373 11.3979 43124 0 0.0372767
43.8841 21720 20272 0.0571261 3.09651 11.3873 3.09651 11.3873 43139 0 0.0374318
43.9407 23168 18824 0.0569658 2.66085 11.3761 2.66085 11.3761 43152 0 0.0376157
43.9975 21720 20272 0.0601677 3.05723 11.3653 3.05723 11.3653 43167 0 0.0374966
44.0539 20272 18824 0.0578722 2.6722 11.3542 2.6722 11.3542 43180 0 0.0376328
44.11 18824 17376 0.0604746 2.68365 11.3432 2.68365 11.3432 43193 0 0.0378782
44.1657 17376 15928 0.0580082 2.28546 11.3318 2.28546 11.3318 43204 0 0.0380104
44.2226 15928 14480 0.0613451 2.24197 11.3201 2.24197 11.3201 43215 0 0.0382765
44.2794 14480 13032 0.0592286 1.83434 11.3079 1.83434 11.3079 43224 0 0.0384132
44.3364 13032 11584 0.0629419 1.83047 11.2957 1.83047 11.2957 43233 0 0.0386995
44.393 11584 10136 0.060358 1.43277 11.2831 1.43277 11.2831 43240 0 0.0388185
44.4495 10136 8688 0.0643278 1.43277 11.2706 1.43277 11.2706 43247 0 0.0391224
44.5059 11584 7240 0.061579 1.02777 11.2576 1.02777 11.2576 43252 0 0.0392307
44.5625 10136 8688 0.0661926 1.43277 11.2452 1.43277 11.2452 43259 0 0.0391868
44.6191 11584 7240 0.0630489 1.02341 11.2322 1.02341 11.2322 43264 0 0.0392728
44.6758 10136 8688 0.0680523 1.42973 11.2197 1.42973 11.2197 43271 0 0.0392579
44.6765 11584 7240 0.0644042 80.3373 11.2209 80.3373 11.2209 43276 0 0.0393154
44.733 10136 8688 0.0618508 1.43582 11.2085 1.43582 11.2085 43283 0 0.0390477
44.7895 11584 7240 0.0602497 1.02558 11.1957 1.02558 11.1957 43288 0 0.0391964
44.8457 10136 8688 0.064972 1.44195 11.1834 1.44195 11.1834 43295 0 0.0391439
44.9021 11584 7240 0.0622449 1.02777 11.1707 1.02777 11.1707 43300 0 0.0392492
44.9584 10136 8688 0.0673887 1.43888 11.1585 1.43888 11.1585 43307 0 0.0392317
44.9591 11584 7240 0.0637545 80.3373 11.1596 80.3373 11.1596 43312 0 0.0392945
45.0156 10136 8688 0.061525 1.43582 11.1474 1.43582 11.1474 43319 0 0.0390387
45.0723 11584 7240 0.0599357 1.02124 11.1347 1.02124 11.1347 43324 0 0.0391888
45.1286 10136 8688 0.0649667 1.44195 11.1226 1.44195 11.1226 43331 0 0.0391437
45.1847 11584 7240 0.0621163 1.03217 11.1101 1.03217 11.1101 43336 0 0.0392456
45.2412 10136 8688 0.0672068 1.43582 11.098 1.43582 11.098 43343 0 0.0392247
45.2419 11584 7240 0.0637128 80.3373 11.0991 80.3373 11.0991 43348 0 0.0392932
45.2987 10136 8688 0.061497 1.42671 11.0869 1.42671 11.0869 43355 0 0.039038
45.3556 11584 7240 0.0600127 1.01908 11.0743 1.01908 11.0743 43360 0 0.0391906
45.4118 10136 8688 0.0650182 1.44195 11.0624 1.44195 11.0624 43367 0 0.0391454
45.468 11584 7240 0.0623716 1.02997 11.05 1.02997 11.05 43372 0 0.0392529
45.5246 10136 8688 0.0673642 1.43277 11.038 1.43277 11.038 43379 0 0.0392308
45.5253 11584 7240 0.0638475 80.3373 11.0391 80.3373 11.0391 43384 0 0.0392975
45.5816 10136 8688 0.0614623 1.44195 11.0273 1.44195 11.0273 43391 0 0.039037
45.6376 11584 7240 0.0596593 1.03439 11.015 1.03439 11.015 43396 0 0.0391823
45.6942 10136 8688 0.0647014 1.43277 11.0032 1.43277 11.0032 43403 0 0.0391347
45.7515 11584 7240 0.0622844 1.01053 10.9906 1.01053 10.9906 43408 0 0.0392504
45.809 10136 8688 0.0677901 1.40884 10.9786 1.40884 10.9786 43415 0 0.0392475
45.8098 11584 7240 0.0645586 80.3373 10.9797 80.3373 10.9797 43420 0 0.0393205
45.8665 10136 8688 0.061968 1.42973 10.9679 1.42973 10.9679 43427 0 0.0390509
45.9226 11584 7240 0.0602032 1.03217 10.9557 1.03217 10.9557 43432 0 0.0391952
45.9782 10136 8688 0.0648314 1.45752 10.9443 1.45752 10.9443 43439 0 0.0391391
46.0334 11584 7240 0.0619164 1.05016 10.9324 1.05016 10.9324 43444 0 0.03924
46.0881 10136 8688 0.0665084 1.48315 10.9212 1.48315 10.9212 43451 0 0.0391984
46.0888 11584 7240 0.0627097 80.3373 10.9223 80.3373 10.9223 43456 0 0.0392627
46.1439 13032 8688 0.0601649 1.47023 10.911 1.47023 10.911 43463 0 0.0390038
46.201 14480 10136 0.0591495 1.4207 10.8993 1.4207 10.8993 43470 0 0.0387901
46.2587 11584 11584 0.0647988 1.80759 10.8879 1.80759 10.8879 43479 0 0.0387759
46.3159 10136 8688 0.0617766 1.21519 10.876 1.21519 10.876 43485 0 0.0390456
46.3166 11584 7240 0.0602957 80.3373 10.8771 80.3373 10.8771 43490 0 0.0391975
46.3725 13032 8688 0.0588778 1.45125 10.8657 1.45125 10.8657 43497 0 0.0389741
46.4286 14480 10136 0.0580372 1.44504 10.8543 1.44504 10.8543 43504 0 0.0387665
46.4855 13032 11584 0.0636493 1.83047 10.8433 1.83047 10.8433 43513 0 0.0387211
46.5426 11584 10136 0.0609934 1.4207 10.8317 1.4207 10.8317 43520 0 0.0388346
46.5996 10136 8688 0.0664365 1.4237 10.8202 1.4237 10.8202 43527 0 0.0391957
46.6003 11584 7240 0.0633217 80.3373 10.8213 80.3373 10.8213 43532 0 0.0392811
46.6568 10136 8688 0.0611101 1.43582 10.8099 1.43582 10.8099 43539 0 0.0390277
46.7135 11584 7240 0.0597534 1.02124 10.798 1.02124 10.798 43544 0 0.0391845
46.7701 10136 8688 0.0648602 1.43277 10.7867 1.43277 10.7867 43551 0 0.0391401
46.8267 11584 7240 0.0622657 1.02341 10.7749 1.02341 10.7749 43556 0 0.0392498
46.8833 10136 8688 0.0674319 1.43277 10.7636 1.43277 10.7636 43563 0 0.0392334
46.884 11584 7240 0.0638636 80.3373 10.7647 80.3373 10.7647 43568 0 0.039298
46.9406 10136 8688 0.0615981 1.43277 10.7534 1.43277 10.7534 43575 0 0.0390407
46.9974 11584 7240 0.0600803 1.01908 10.7417 1.01908 10.7417 43580 0 0.0391922
47.0541 10136 8688 0.0651886 1.42973 10.7304 1.42973 10.7304 43587 0 0.0391513
47.1106 11584 7240 0.0624857 1.02558 10.7188 1.02558 10.7188 43592 0 0.0392562
47.1671 10136 8688 0.0675793 1.43582 10.7077 1.43582 10.7077 43599 0 0.0392392
47.1678 11584 7240 0.0639623 80.3373 10.7088 80.3373 10.7088 43604 0 0.0393011
47.2243 10136 8688 0.0615685 1.43582 10.6977 1.43582 10.6977 43611 0 0.0390399
47.2814 11584 7240 0.0601699 1.01479 10.686 1.01479 10.686 43616 0 0.0391944
47.3383 10136 8688 0.065358 1.4237 10.6748 1.4237 10.6748 43623 0 0.0391571
47.395 11584 7240 0.0625992 1.02124 10.6633 1.02124 10.6633 43628 0 0.0392595
47.4517 10136 8688 0.067751 1.42973 10.6522 1.42973 10.6522 43635 0 0.0392459
47.4525 11584 7240 0.0641066 80.3373 10.6533 80.3373 10.6533 43640 0 0.0393057
47.5091 10136 8688 0.0617609 1.43277 10.6423 1.43277 10.6423 43647 0 0.0390452
47.5658 11584 7240 0.0601894 1.02124 10.6309 1.02124 10.6309 43652 0 0.0391949
47.6224 10136 8688 0.0652617 1.43277 10.6199 1.43277 10.6199 43659 0 0.0391538
47.6788 11584 7240 0.0623003 1.02558 10.6086 1.02558 10.6086 43664 0 0.0392508
47.7354 10136 8688 0.0675508 1.43277 10.5977 1.43277 10.5977 43671 0 0.039238
47.7362 11584 7240 0.0639588 80.3373 10.5987 80.3373 10.5987 43676 0 0.039301
47.7929 10136 8688 0.0616619 1.42973 10.5879 1.42973 10.5879 43683 0 0.0390425
47.85 11584 7240 0.0601231 1.01479 10.5764 1.01479 10.5764 43688 0 0.0391933
47.9068 10136 8688 0.0653129 1.42671 10.5656 1.42671 10.5656 43695 0 0.0391555
47.9635 11584 7240 0.0626647 1.02124 10.5543 1.02124 10.5543 43700 0 0.0392614
48.02 10136 8688 0.0675605 1.43582 10.5436 1.43582 10.5436 43707 0 0.0392384
48.0207 11584 7240 0.0640747 80.3373 10.5446 80.3373 10.5446 43712 0 0.0393047
48.0774 10136 8688 0.0617395 1.42973 10.5339 1.42973 10.5339 43719 0 0.0390446
48.1343 11584 7240 0.0602845 1.01908 10.5226 1.01908 10.5226 43724 0 0.0391972
48.1913 10136 8688 0.0654347 1.4207 10.5118 1.4207 10.5118 43731 0 0.0391598
48.2479 11584 7240 0.0625256 1.02341 10.5007 1.02341 10.5007 43736 0 0.0392573
48.3046 10136 8688 0.0677017 1.42973 10.4901 1.42973 10.4901 43743 0 0.039244
48.3054 11584 7240 0.0641693 80.3373 10.4911 80.3373 10.4911 43748 0 0.0393078
48.3623 10136 8688 0.0619123 1.4237 10.4804 1.4237 10.4804 43755 0 0.0390494
48.4195 11584 7240 0.0604002 1.01266 10.4692 1.01266 10.4692 43760 0 0.0392001
48.4766 10136 8688 0.0655122 1.4207 10.4586 1.4207 10.4586 43767 0 0.0391625
48.5334 11584 7240 0.0628119 1.01908 10.4475 1.01908 10.4475 43772 0 0.0392657
48.5904 10136 8688 0.0678935 1.4237 10.437 1.4237 10.437 43779 0 0.0392516
48.5911 11584 7240 0.0644228 80.3373 10.438 80.3373 10.438 43784 0 0.039316
48.6481 10136 8688 0.0620977 1.4237 10.4274 1.4237 10.4274 43791 0 0.0390546
48.7054 11584 7240 0.0606494 1.01053 10.4164 1.01053 10.4164 43796 0 0.0392063
48.7621 10136 8688 0.0655698 1.42973 10.4059 1.42973 10.4059 43803 0 0.0391645
48.8186 11584 7240 0.0627411 1.02558 10.3951 1.02558 10.3951 43808 0 0.0392636
48.8753 10136 8688 0.0677504 1.42973 10.3847 1.42973 10.3847 43815 0 0.0392459
48.876 11584 7240 0.0642019 80.3373 10.3857 80.3373 10.3857 43820 0 0.0393088
48.933 10136 8688 0.0618247 1.4237 10.3753 1.4237 10.3753 43827 0 0.0390469
48.9903 11584 7240 0.0604666 1.01053 10.3643 1.01053 10.3643 43832 0 0.0392017
49.0474 10136 8688 0.0656524 1.4207 10.3539 1.4207 10.3539 43839 0 0.0391674
49.1045 11584 7240 0.0627964 1.01266 10.343 1.01266 10.343 43844 0 0.0392652
49.1615 10136 8688 0.0681175 1.4237 10.3327 1.4237 10.3327 43851 0 0.0392605
49.1622 11584 7240 0.0644479 80.3373 10.3337 80.3373 10.3337 43856 0 0.0393168
49.2192 10136 8688 0.0621145 1.4237 10.3234 1.4237 10.3234 43863 0 0.039055
49.2761 11584 7240 0.0605513 1.01693 10.3126 1.01693 10.3126 43868 0 0.0392039
49.3331 10136 8688 0.0656291 1.4237 10.3024 1.4237 10.3024 43875 0 0.0391666
49.39 11584 7240 0.0629058 1.01693 10.2917 1.01693 10.2917 43880 0 0.0392685
49.4469 10136 8688 0.0679564 1.42671 10.2815 1.42671 10.2815 43887 0 0.0392541
49.4476 11584 7240 0.06434 80.3373 10.2825 80.3373 10.2825 43892 0 0.0393133
49.5048 10136 8688 0.0620129 1.41772 10.2723 1.41772 10.2723 43899 0 0.0390522
49.5621 11584 7240 0.060579 1.01053 10.2615 1.01053 10.2615 43904 0 0.0392045
49.619 10136 8688 0.0656183 1.42671 10.2514 1.42671 10.2514 43911 0 0.0391662
49.6752 11584 7240 0.0627736 1.02997 10.241 1.02997 10.241 43916 0 0.0392646
49.7315 10136 8688 0.0676335 1.43888 10.231 1.43888 10.231 43923 0 0.0392413
49.7323 11584 7240 0.0640279 80.3373 10.232 80.3373 10.232 43928 0 0.0393032
49.7892 10136 8688 0.0617081 1.4237 10.222 1.4237 10.222 43935 0 0.0390437
49.847 11584 7240 0.0605135 1.00213 10.2113 1.00213 10.2113 43940 0 0.0392029
49.9045 10136 8688 0.0659182 1.41179 10.2011 1.41179 10.2011 43947 0 0.0391769
49.9613 11584 7240 0.0629745 1.01908 10.1907 1.01908 10.1907 43952 0 0.0392706
50.0179 10136 8688 0.0680024 1.43277 10.1808 1.43277 10.1808 43959 0 0.0392559
50.0186 11584 7240 0.0643708 80.3373 10.1818 80.3373 10.1818 43964 0 0.0393143
50.0748 5792 8688 0.0634494 0.617979 10.1711 0.617979 10.1711 43967 0 0.0391819
50.1294 10136 2896 0.0604055 0.849381 10.1609 0.849381 10.1609 43971 0 0.0398211
50.1832 11584 7240 0.0581818 1.9367 10.1521 1.9367 10.1521 43980 0 0.03915
50.2647 13032 8688 0.0691609 0.99492 10.1372 0.99492 10.1372 43987 0 0.0393036
50.3183 14480 10136 0.0698031 1.51308 10.1281 1.51308 10.1281 43994 0 0.0391411
50.3585 15928 11584 0.0682479 2.59557 10.122 2.59557 10.122 44003 0 0.0388862
50.3594 17376 13032 0.0566677 108.455 10.1239 108.455 10.1239 44012 0 0.0383622
50.4023 20272 14480 0.0501197 2.97642 10.1178 2.97642 10.1178 44023 0 0.0381204
50.4453 23168 17376 0.0467611 3.22893 10.112 3.22893 10.112 44035 0 0.0377416
50.4896 26064 20272 0.0453069 3.66479 10.1063 3.66479 10.1063 44049 0 0.0373733
50.5348 28960 23168 0.0449687 4.09929 10.1009 4.09929 10.1009 44065 0 0.0370031
50.5815 33304 26064 0.0456136 4.46089 10.0957 4.46089 10.0957 44083 0 0.0366584
50.5837 37648 30408 0.0466789 112.472 10.1001 112.472 10.1001 44104 0 0.0361025
50.6374 39096 34752 0.0522819 5.39177 10.0951 5.39177 10.0951 44129 0 0.0355247
50.6927 40544 36200 0.0547537 5.23939 10.0898 5.23939 10.0898 44154 0 0.0353704
50.7442 41992 37648 0.05469 6.06743 10.0857 6.06743 10.0857 44181 0 0.0351883
50.7916 44888 39096 0.0493948 6.60642 10.0825 6.60642 10.0825 44208 0 0.0349823
50.8377 47784 41992 0.0488851 7.53162 10.0802 7.53162 10.0802 44238 0 0.0346211
50.8853 50680 44888 0.0496636 7.79029 10.078 7.79029 10.078 44270 0 0.0342649
50.9351 52128 47784 0.051507 7.89822 10.0759 7.89822 10.0759 44304 0 0.0339006
50.9863 53576 49232 0.0533051 7.92058 10.0737 7.92058 10.0737 44339 0 0.033739
51.0369 55024 50680 0.0511516 8.01465 10.0717 8.01465 10.0717 44374 0 0.0335438
51.0865 56472 52128 0.0526153 8.63675 10.0703 8.63675 10.0703 44411 0 0.0333787
51.1355 60816 53576 0.0496171 8.76407 10.0691 8.76407 10.0691 44448 0 0.0332305
51.1844 62264 57920 0.0517873 9.71154 10.0687 9.71154 10.0687 44489 0 0.0326702
51.234 66608 59368 0.0497745 9.57045 10.0682 9.57045 10.0682 44530 0 0.0325315
51.2843 68056 63712 0.0532432 10.3537 10.0685 10.3537 10.0685 44575 0 0.0319894
51.3349 70952 65160 0.0508427 10.3046 10.0687 10.3046 10.0687 44620 0 0.0318151
51.3854 72400 68056 0.0542833 11.0177 10.0697 11.0177 10.0697 44668 0 0.0314858
51.436 73848 69504 0.0542038 11.2205 10.0708 11.2205 10.0708 44717 0 0.0313139
51.4862 76744 70952 0.0507926 11.301 10.072 11.301 10.072 44766 0 0.0311302
51.5364 78192 73848 0.0544553 11.9929 10.0739 11.9929 10.0739 44818 0 0.030807
51.5865 79640 75296 0.0543597 12.2529 10.076 12.2529 10.076 44871 0 0.0306367
51.637 83984 76744 0.0506114 12.1654 10.078 12.1654 10.078 44924 0 0.0304811
51.6875 82536 81088 0.0550989 13.0835 10.081 13.0835 10.081 44981 0 0.0299751
51.7381 86880 79640 0.0510261 12.5945 10.0834 12.5945 10.0834 45036 0 0.0301476
51.7892 83984 83984 0.055956 13.3518 10.0867 13.3518 10.0867 45095 0 0.0296724
51.841 86880 81088 0.051735 12.5259 10.0891 12.5259 10.0891 45151 0 0.0299561
51.8478 89776 83984 0.0518238 99.8478 10.1007 99.8478 10.1007 45209 0 0.0296238
51.8994 92672 86880 0.0518382 13.4518 10.1041 13.4518 10.1041 45269 0 0.0292927
51.9516 94120 89776 0.0524154 13.7721 10.1078 13.7721 10.1078 45331 0 0.0289507
52.0041 95568 91224 0.0527335 13.8982 10.1116 13.8982 10.1116 45394 0 0.0287897
52.0565 97016 92672 0.0528527 14.3723 10.1159 14.3723 10.1159 45459 0 0.0286273
52.1083 99912 94120 0.0521268 14.539 10.1203 14.539 10.1203 45524 0 0.0284753
52.1601 102808 97016 0.0522114 15.21 10.1253 15.21 10.1253 45592 0 0.0281514
52.2132 104256 99912 0.053537 15.2677 10.1306 15.2677 10.1306 45662 0 0.027824
52.2674 105704 101360 0.0546594 15.1768 10.1358 15.1768 10.1358 45733 0 0.027677
52.3211 107152 102808 0.0540033 15.3126 10.1411 15.3126 10.1411 45804 0 0.0275085
52.3744 108600 104256 0.0538754 15.8503 10.1469 15.8503 10.1469 45877 0 0.0273472
52.4275 110048 105704 0.0534301 15.9221 10.1528 15.9221 10.1528 45950 0 0.0271829
52.4806 111496 107152 0.0535519 16.3583 10.1591 16.3583 10.1591 46025 0 0.0270254
52.5334 112944 108600 0.0529896 16.4701 10.1654 16.4701 10.1654 46100 0 0.0268612
52.5854 114392 110048 0.0526188 17.1436 10.1723 17.1436 10.1723 46177 0 0.0266997
52.6372 117288 111496 0.052087 17.2231 10.1792 17.2231 10.1792 46254 0 0.0265551
52.6908 118736 114392 0.05406 17.2923 10.1865 17.2923 10.1865 46334 0 0.0262442
52.7454 117288 115840 0.0550776 17.2 10.1937 17.2 10.1937 46415 0 0.0261016
52.8002 115840 114392 0.0550083 16.7017 10.2005 16.7017 10.2005 46494 0 0.0262566
52.8546 114392 112944 0.0551709 16.8123 10.2073 16.8123 10.2073 46573 0 0.0264154
52.9091 112944 111496 0.0547425 16.3506 10.2136 16.3506 10.2136 46650 0 0.0265664
52.964 110048 110048 0.0556762 16.2433 10.2199 16.2433 10.2199 46727 0 0.0267548
53.0185 108600 107152 0.0548196 15.7482 10.2255 15.7482 10.2255 46801 0 0.0270411
53.073 107152 105704 0.0547095 15.5012 10.231 15.5012 10.231 46874 0 0.0271985
53.1277 104256 104256 0.0554792 15.4671 10.2364 15.4671 10.2364 46947 0 0.0273861
53.1824 102808 101360 0.0548927 14.8315 10.2411 14.8315 10.2411 47017 0 0.0276802
53.2372 101360 99912 0.0549841 14.5876 10.2456 14.5876 10.2456 47086 0 0.0278422
53.2923 98464 98464 0.0562338 14.4922 10.2499 14.4922 10.2499 47155 0 0.0280398
53.3476 97016 95568 0.0554556 13.832 10.2537 13.832 10.2537 47221 0 0.0283338
53.4026 95568 94120 0.0552386 13.6819 10.2572 13.6819 10.2572 47286 0 0.0284932
53.458 91224 92672 0.0566928 13.5929 10.2606 13.5929 10.2606 47351 0 0.0287259
53.5133 89776 88328 0.0555696 12.7841 10.2633 12.7841 10.2633 47412 0 0.0291529
53.5687 85432 86880 0.0567301 12.7564 10.2658 12.7564 10.2658 47473 0 0.0293833
53.6241 83984 82536 0.0556192 11.9199 10.2675 11.9199 10.2675 47530 0 0.029816
53.6794 79640 81088 0.056915 11.9458 10.2693 11.9458 10.2693 47587 0 0.0300507
53.7349 78192 76744 0.055639 11.0594 10.2701 11.0594 10.2701 47640 0 0.030486
53.7903 73848 75296 0.0573078 11.0834 10.2709 11.0834 10.2709 47693 0 0.0307295
53.8458 72400 70952 0.0556595 10.2248 10.2709 10.2248 10.2709 47742 0 0.0311636
53.9013 68056 69504 0.0575865 10.2248 10.2708 10.2248 10.2708 47791 0 0.0314139
53.9572 66608 65160 0.055916 9.3295 10.2699 9.3295 10.2699 47836 0 0.0318522
54.0126 62264 63712 0.0580022 9.41045 10.269 9.41045 10.269 47881 0 0.0321086
54.0681 60816 59368 0.0557209 8.5554 10.2672 8.5554 10.2672 47922 0 0.0325413
54.1237 56472 57920 0.058275 8.53693 10.2654 8.53693 10.2654 47963 0 0.0328081
54.1795 55024 53576 0.0560129 7.68745 10.2628 7.68745 10.2628 48000 0 0.0332455
54.2351 50680 52128 0.0587254 7.70405 10.2602 7.70405 10.2602 48037 0 0.033519
54.2912 49232 47784 0.0563579 6.81233 10.2566 6.81233 10.2566 48070 0 0.0339582
54.347 44888 46336 0.0593709 6.85638 10.2531 6.85638 10.2531 48103 0 0.0342421
54.4031 43440 41992 0.0565281 5.98659 10.2487 5.98659 10.2487 48132 0 0.0346755
54.459 40544 40544 0.0599593 6.01234 10.2444 6.01234 10.2444 48161 0 0.0349431
54.5152 39096 37648 0.0567303 5.35582 10.2393 5.35582 10.2393 48187 0 0.0352198
54.5714 37648 36200 0.0564648 5.14983 10.2341 5.14983 10.2341 48212 0 0.0353964
54.628 34752 34752 0.0616749 5.11703 10.2288 5.11703 10.2288 48237 0 0.0357109
54.6844 33304 31856 0.0577237 4.52219 10.2229 4.52219 10.2229 48259 0 0.0359657
54.7406 31856 30408 0.0566458 4.32586 10.2168 4.32586 10.2168 48280 0 0.0361289
54.7967 28960 28960 0.063226 4.33512 10.2108 4.33512 10.2108 48301 0 0.036487
54.7991 27512 26064 0.057901 86.7643 10.2142 86.7643 10.2142 48319 0 0.0367041
54.8551 26064 24616 0.0568128 3.51691 10.2073 3.51691 10.2073 48336 0 0.0368687
54.9112 24616 23168 0.0589355 3.50938 10.2005 3.50938 10.2005 48353 0 0.037096
54.9675 23168 21720 0.0572382 3.0899 10.1932 3.0899 10.1932 48368 0 0.0372476
