0.140049 14480 0 0 0 0 0 0 0 0 0.0439727
0.18022 18824 13032 0.04 2.88373 0.642771 2.88373 0.642771 10 0 0.0390555
0.18046 20272 15928 0.04 192.81 0.898682 192.81 0.898682 14 0 0.0387228
0.1807 21720 17376 0.04 144.607 1.0898 144.607 1.0898 17 0 0.0385718
0.180941 23168 18824 0.04 144.607 1.28042 144.607 1.28042 20 0 0.038421
0.181181 24616 20272 0.040125 144.607 1.47053 144.607 1.47053 23 0 0.0382656
0.220387 26064 21720 0.0451094 0.886402 1.36662 0.886402 1.36662 26 0 0.0379422
0.220627 27512 23168 0.0444707 144.607 1.52264 144.607 1.52264 29 0 0.0378118
0.220867 28960 24616 0.0439119 144.607 1.67833 144.607 1.67833 32 0 0.0376799
0.221108 30408 26064 0.0435479 144.607 1.83368 144.607 1.83368 35 0 0.0375425
0.221348 31856 27512 0.0432294 144.607 1.98869 144.607 1.98869 38 0 0.0374042
0.221588 33304 28960 0.0429507 144.607 2.14336 144.607 2.14336 41 0 0.037265
0.221828 34752 30408 0.0427069 144.607 2.2977 144.607 2.2977 44 0 0.037125
0.222069 36200 31856 0.0424935 144.607 2.45171 144.607 2.45171 47 0 0.0369844
0.260554 37648 33304 0.0470568 0.903008 2.22296 0.903008 2.22296 50 0 0.0366977
0.260794 39096 34752 0.0461747 144.607 2.35417 144.607 2.35417 53 0 0.0365739
0.261034 40544 36200 0.0455279 144.607 2.48513 144.607 2.48513 56 0 0.036445
0.261274 41992 37648 0.0449619 144.607 2.61585 144.607 2.61585 59 0 0.0363149
0.261515 43440 39096 0.0444667 144.607 2.74634 144.607 2.74634 62 0 0.0361835
0.261755 44888 40544 0.0439083 144.607 2.87658 144.607 2.87658 65 0 0.0360549
0.261995 46336 41992 0.0434198 144.607 3.00659 144.607 3.00659 68 0 0.0359249
0.262236 47784 43440 0.0431173 144.607 3.13635 144.607 3.13635 71 0 0.0357893
0.262476 49232 44888 0.0428526 144.607 3.26588 144.607 3.26588 74 0 0.035653
0.262716 50680 46336 0.0426211 144.607 3.39517 144.607 3.39517 77 0 0.0355159
0.262957 52128 47784 0.0424184 144.607 3.52423 144.607 3.52423 80 0 0.0353782
0.263197 53576 49232 0.0422411 144.607 3.65305 144.607 3.65305 83 0 0.0352401
0.300721 55024 50680 0.046711 0.926141 3.31279 0.926141 3.31279 86 0 0.0349571
0.300961 56472 52128 0.0458721 144.607 3.42562 144.607 3.42562 89 0 0.0348362
0.301201 57920 53576 0.0452631 144.607 3.53826 144.607 3.53826 92 0 0.0347102
0.301441 59368 55024 0.0447302 144.607 3.65073 144.607 3.65073 95 0 0.034583
0.301682 60816 56472 0.0441389 144.607 3.76301 144.607 3.76301 98 0 0.0344584
0.301922 62264 57920 0.0436216 144.607 3.87512 144.607 3.87512 101 0 0.0343324
0.302162 63712 59368 0.0432939 144.607 3.98705 144.607 3.98705 104 0 0.0342009
0.302403 65160 60816 0.0430071 144.607 4.0988 144.607 4.0988 107 0 0.0340685
0.302643 66608 62264 0.0427562 144.607 4.21037 144.607 4.21037 110 0 0.0339353
0.302883 68056 63712 0.0425367 144.607 4.32177 144.607 4.32177 113 0 0.0338014
0.303124 69504 65160 0.0424696 144.607 4.43299 144.607 4.43299 116 0 0.0336626
0.303364 70952 66608 0.0422859 144.607 4.54403 144.607 4.54403 119 0 0.0335282
0.303604 72400 68056 0.0421252 144.607 4.6549 144.607 4.6549 122 0 0.0333933
0.303845 73848 69504 0.0419845 144.607 4.76559 144.607 4.76559 125 0 0.033258
0.304085 75296 70952 0.0419865 144.607 4.87611 144.607 4.87611 128 0 0.033118
0.304325 76744 72400 0.0419882 144.607 4.98645 144.607 4.98645 131 0 0.0329782
0.304566 78192 73848 0.0419896 144.607 5.09662 144.607 5.09662 134 0 0.0328388
0.304806 79640 75296 0.0418659 144.607 5.20662 144.607 5.20662 137 0 0.0327042
0.340887 81088 76744 0.0462577 0.963152 4.75746 0.963152 4.75746 140 0 0.0324254
0.341128 82536 78192 0.0456005 144.607 4.85599 144.607 4.85599 143 0 0.0323054
0.341368 83984 79640 0.0450254 144.607 4.95437 144.607 4.95437 146 0 0.0321841
0.341608 85432 81088 0.0445222 144.607 5.05262 144.607 5.05262 149 0 0.0320615
0.341849 86880 82536 0.043957 144.607 5.15072 144.607 5.15072 152 0 0.0319417
0.342089 88328 83984 0.0435873 144.607 5.24869 144.607 5.24869 155 0 0.0318164
0.342329 89776 85432 0.0432639 144.607 5.34652 144.607 5.34652 158 0 0.0316901
0.34257 91224 86880 0.0429809 144.607 5.44422 144.607 5.44422 161 0 0.0315629
0.34281 92672 88328 0.0427333 144.607 5.54177 144.607 5.54177 164 0 0.031435
0.34305 94120 89776 0.0426416 144.607 5.6392 144.607 5.6392 167 0 0.0313021
0.343291 95568 91224 0.0424364 144.607 5.73648 144.607 5.73648 170 0 0.0311734
0.343531 97016 92672 0.0422569 144.607 5.83363 144.607 5.83363 173 0 0.0310442
0.343771 98464 94120 0.0420998 144.607 5.93064 144.607 5.93064 176 0 0.0309146
0.344012 99912 95568 0.0420873 144.607 6.02752 144.607 6.02752 179 0 0.0307801
0.344252 101360 97016 0.0420764 144.607 6.12426 144.607 6.12426 182 0 0.0306459
0.344492 102808 98464 0.0420668 144.607 6.22087 144.607 6.22087 185 0 0.0305119
0.344733 104256 99912 0.0419335 144.607 6.31734 144.607 6.31734 188 0 0.0303827
0.344973 105704 101360 0.0418168 144.607 6.41367 144.607 6.41367 191 0 0.0302532
0.345213 107152 102808 0.0418397 144.607 6.50988 144.607 6.50988 194 0 0.0301189
0.345454 108600 104256 0.0418597 144.607 6.60595 144.607 6.60595 197 0 0.0299851
0.345694 110048 105704 0.0418773 144.607 6.70188 144.607 6.70188 200 0 0.0298516
0.345934 111496 107152 0.0418926 144.607 6.79769 144.607 6.79769 203 0 0.0297185
0.346175 112944 108600 0.041906 144.607 6.89336 144.607 6.89336 206 0 0.0295858
0.346415 114392 110048 0.0419178 144.607 6.98889 144.607 6.98889 209 0 0.0294534
0.346655 115840 111496 0.0419281 144.607 7.0843 144.607 7.0843 212 0 0.0293214
0.346895 117288 112944 0.041937 144.607 7.17957 144.607 7.17957 215 0 0.0291898
0.347136 118736 114392 0.0420699 144.607 7.27471 144.607 7.27471 218 0 0.0290539
0.386272 120184 115840 0.0470612 0.887974 6.62762 0.887974 6.62762 221 0 0.0287691
0.386512 121632 117288 0.0469285 144.607 6.71341 144.607 6.71341 224 0 0.0286421
0.386753 123080 118736 0.0466875 144.607 6.79909 144.607 6.79909 227 0 0.0285183
0.386993 124528 120184 0.0464765 144.607 6.88467 144.607 6.88467 230 0 0.0283941
0.387233 125976 121632 0.046417 144.607 6.97014 144.607 6.97014 233 0 0.0282662
0.387474 127424 123080 0.0463648 144.607 7.05551 144.607 7.05551 236 0 0.0281384
0.387714 128872 124528 0.0463192 144.607 7.14077 144.607 7.14077 239 0 0.0280106
0.387954 130320 125976 0.0462793 144.607 7.22592 144.607 7.22592 242 0 0.0278831
0.388195 131768 127424 0.0462444 144.607 7.31097 144.607 7.31097 245 0 0.0277557
0.388435 133216 128872 0.0462139 144.607 7.39591 144.607 7.39591 248 0 0.0276285
0.388675 134664 130320 0.0461871 144.607 7.48075 144.607 7.48075 251 0 0.0275014
0.388916 136112 131768 0.0461637 144.607 7.56549 144.607 7.56549 254 0 0.0273746
0.389156 137560 133216 0.0462683 144.607 7.65012 144.607 7.65012 257 0 0.0272446
0.389396 139008 134664 0.0463597 144.607 7.73464 144.607 7.73464 260 0 0.0271152
0.389637 140456 136112 0.0463148 144.607 7.81906 144.607 7.81906 263 0 0.0269898
0.389877 141904 137560 0.0462754 144.607 7.90338 144.607 7.90338 266 0 0.0268646
0.390117 143352 139008 0.046366 144.607 7.98759 144.607 7.98759 269 0 0.0267362
0.390358 144800 140456 0.0464452 144.607 8.0717 144.607 8.0717 272 0 0.0266084
0.390598 146248 141904 0.0465146 144.607 8.1557 144.607 8.1557 275 0 0.0264811
0.390838 147696 143352 0.0465753 144.607 8.2396 144.607 8.2396 278 0 0.0263544
0.391078 149144 144800 0.0466284 144.607 8.3234 144.607 8.3234 281 0 0.0262282
0.391319 150592 146248 0.0466748 144.607 8.4071 144.607 8.4071 284 0 0.0261025
0.391559 152040 147696 0.0467155 144.607 8.49069 144.607 8.49069 287 0 0.0259772
0.391799 153488 149144 0.046751 144.607 8.57418 144.607 8.57418 290 0 0.0258524
0.39204 154936 150592 0.0469071 144.607 8.65757 144.607 8.65757 293 0 0.0257247
0.39228 156384 152040 0.0470438 144.607 8.74086 144.607 8.74086 296 0 0.0255978
0.39252 157832 153488 0.0471633 144.607 8.82404 144.607 8.82404 299 0 0.0254717
0.392761 159280 154936 0.0472679 144.607 8.90712 144.607 8.90712 302 0 0.0253464
0.393001 160728 156384 0.0473594 144.607 8.9901 144.607 8.9901 305 0 0.0252216
0.393241 162176 157832 0.0474395 144.607 9.07298 144.607 9.07298 308 0 0.0250975
0.393482 163624 159280 0.0475095 144.607 9.15576 144.607 9.15576 311 0 0.024974
0.393722 165072 160728 0.0475708 144.607 9.23844 144.607 9.23844 314 0 0.0248509
0.393962 166520 162176 0.0476245 144.607 9.32101 144.607 9.32101 317 0 0.0247284
0.394203 167968 163624 0.0477964 144.607 9.40349 144.607 9.40349 320 0 0.0246033
0.394443 169416 165072 0.0478219 144.607 9.48586 144.607 9.48586 323 0 0.024482
0.394683 170864 166520 0.0478441 144.607 9.56814 144.607 9.56814 326 0 0.0243612
0.394924 172312 167968 0.0478636 144.607 9.65031 144.607 9.65031 329 0 0.0242407
0.395164 173760 169416 0.0480057 144.607 9.73239 144.607 9.73239 332 0 0.0241176
0.395404 175208 170864 0.04813 144.607 9.81436 144.607 9.81436 335 0 0.0239952
0.395645 176656 172312 0.0482387 144.607 9.89624 144.607 9.89624 338 0 0.0238735
0.395885 178104 173760 0.0482089 144.607 9.97801 144.607 9.97801 341 0 0.0237554
0.439412 179552 175208 0.0488078 0.798399 9.0687 0.798399 9.0687 344 0 0.0236231
0.439652 181000 176656 0.0493318 144.607 9.14279 144.607 9.14279 347 0 0.0234934
0.439893 182448 178104 0.0497903 144.607 9.21679 144.607 9.21679 350 0 0.0233659
0.440133 183896 179552 0.0503165 144.607 9.29072 144.607 9.29072 353 0 0.0232378
0.440373 185344 181000 0.050777 144.607 9.36456 144.607 9.36456 356 0 0.0231118
0.440614 186792 182448 0.0511798 144.607 9.43833 144.607 9.43833 359 0 0.0229875
0.440854 188240 183896 0.0514074 144.607 9.51201 144.607 9.51201 362 0 0.0228668
0.441094 189688 185344 0.0517314 144.607 9.58562 144.607 9.58562 365 0 0.0227449
0.441335 191136 186792 0.052015 144.607 9.65914 144.607 9.65914 368 0 0.0226242
0.441575 192584 188240 0.0522631 144.607 9.73258 144.607 9.73258 371 0 0.0225044
0.441815 194032 189688 0.0524802 144.607 9.80595 144.607 9.80595 374 0 0.0223856
0.442056 195480 191136 0.0527952 144.607 9.87923 144.607 9.87923 377 0 0.0222657
0.442296 196928 192584 0.0529458 144.607 9.95243 144.607 9.95243 380 0 0.0221486
0.442536 198376 194032 0.0530776 144.607 10.0256 144.607 10.0256 383 0 0.0220321
0.442777 199824 195480 0.0531929 144.607 10.0986 144.607 10.0986 386 0 0.0219162
0.443017 201272 196928 0.0534188 144.607 10.1716 144.607 10.1716 389 0 0.0217991
0.443257 202720 198376 0.0536164 144.607 10.2445 144.607 10.2445 392 0 0.0216828
0.443497 204168 199824 0.0537894 144.607 10.3173 144.607 10.3173 395 0 0.0215672
0.443738 205616 201272 0.0538157 144.607 10.39 144.607 10.39 398 0 0.0214537
0.443978 207064 202720 0.0538387 144.607 10.4626 144.607 10.4626 401 0 0.0213406
0.444218 208512 204168 0.0539839 144.607 10.5352 144.607 10.5352 404 0 0.0212262
0.444459 209960 205616 0.0541109 144.607 10.6077 144.607 10.6077 407 0 0.0211125
0.444699 211408 207064 0.054222 144.607 10.6801 144.607 10.6801 410 0 0.0209992
0.444939 212856 208512 0.0543193 144.607 10.7525 144.607 10.7525 413 0 0.0208864
0.44518 214304 209960 0.0544044 144.607 10.8247 144.607 10.8247 416 0 0.0207741
0.44542 215752 211408 0.0544788 144.607 10.8969 144.607 10.8969 419 0 0.0206622
0.44566 217200 212856 0.054544 144.607 10.969 144.607 10.969 422 0 0.0205507
0.445901 218648 214304 0.054601 144.607 11.041 144.607 11.041 425 0 0.0204396
0.446141 220096 215752 0.0547759 144.607 11.113 144.607 11.113 428 0 0.0203276
0.446381 221544 217200 0.0549289 144.607 11.1848 144.607 11.1848 431 0 0.0202162
0.446622 222992 218648 0.0549378 144.607 11.2566 144.607 11.2566 434 0 0.0201065
0.446862 224440 220096 0.0549455 144.607 11.3283 144.607 11.3283 437 0 0.0199972
0.447102 225888 221544 0.0550773 144.607 11.4 144.607 11.4 440 0 0.0198869
0.447343 227336 222992 0.0551927 144.607 11.4715 144.607 11.4715 443 0 0.0197771
0.447583 228784 224440 0.0552936 144.607 11.543 144.607 11.543 446 0 0.0196677
0.447823 230232 225888 0.0553819 144.607 11.6144 144.607 11.6144 449 0 0.0195588
0.448064 231680 227336 0.0554592 144.607 11.6858 144.607 11.6858 452 0 0.0194503
0.448304 233128 228784 0.0555268 144.607 11.757 144.607 11.757 455 0 0.0193422
0.448544 234576 230232 0.0555859 144.607 11.8282 144.607 11.8282 458 0 0.0192345
0.448785 236024 231680 0.0556377 144.607 11.8993 144.607 11.8993 461 0 0.0191272
0.449025 237472 233128 0.055808 144.607 11.9703 144.607 11.9703 464 0 0.0190191
0.449265 238920 234576 0.055957 144.607 12.0413 144.607 12.0413 467 0 0.0189116
0.449505 240368 236024 0.0559623 144.607 12.1122 144.607 12.1122 470 0 0.0188055
0.449746 241816 237472 0.0559671 144.607 12.183 144.607 12.183 473 0 0.0186998
0.449986 243264 238920 0.0559712 144.607 12.2537 144.607 12.2537 476 0 0.0185944
0.450226 244712 240368 0.0560998 144.607 12.3243 144.607 12.3243 479 0 0.0184883
0.450467 246160 241816 0.0562123 144.607 12.3949 144.607 12.3949 482 0 0.0183826
0.450707 247608 243264 0.0563108 144.607 12.4654 144.607 12.4654 485 0 0.0182773
0.450947 249056 244712 0.0563969 144.607 12.5358 144.607 12.5358 488 0 0.0181725
0.451188 250504 246160 0.0565973 144.607 12.6062 144.607 12.6062 491 0 0.0180672
0.451428 251952 247608 0.0566476 144.607 12.6764 144.607 12.6764 494 0 0.0179632
0.451668 253400 249056 0.0566917 144.607 12.7466 144.607 12.7466 497 0 0.0178596
0.451909 254848 250504 0.0567302 144.607 12.8167 144.607 12.8167 500 0 0.0177564
0.452149 256296 251952 0.0568889 144.607 12.8868 144.607 12.8868 503 0 0.0176526
0.452389 257744 253400 0.0570278 144.607 12.9568 144.607 12.9568 506 0 0.0175494
0.45263 259192 254848 0.0571493 144.607 13.0267 144.607 13.0267 509 0 0.0174466
0.45287 260640 256296 0.0571307 144.607 13.0965 144.607 13.0965 512 0 0.0173448
0.45311 262088 257744 0.0572393 144.607 13.1662 144.607 13.1662 515 0 0.0172427
0.453351 263536 259192 0.0573344 144.607 13.2359 144.607 13.2359 518 0 0.017141
0.453591 264984 260640 0.0574176 144.607 13.3055 144.607 13.3055 521 0 0.0170396
0.453831 266432 262088 0.0574904 144.607 13.3751 144.607 13.3751 524 0 0.0169386
0.532901 224440 263536 0.0785723 26.8101 15.3685 26.8101 15.3685 707 0 0.020308
0.624227 173760 221544 0.0915929 19.4069 15.9593 19.4069 15.9593 860 0 0.0254232
0.744387 144800 170864 0.0807759 11.4722 15.235 11.4722 15.235 979 0 0.0257732
0.752798 146248 141904 0.0598881 68.8606 15.8342 68.8606 15.8342 1029 0 0.0262993
0.753039 147696 143352 0.0599021 144.607 15.8753 144.607 15.8753 1032 0 0.0261742
0.753279 149144 144800 0.0599143 144.607 15.9163 144.607 15.9163 1035 0 0.0260494
0.753519 150592 146248 0.059925 144.607 15.9574 144.607 15.9574 1038 0 0.0259249
0.75376 152040 147696 0.0598094 144.607 15.9984 144.607 15.9984 1041 0 0.0258007
0.754 153488 149144 0.0597082 144.607 16.0394 144.607 16.0394 1044 0 0.0256769
0.75424 154936 150592 0.0597447 144.607 16.0804 144.607 16.0804 1047 0 0.0255533
0.754481 156384 152040 0.0597766 144.607 16.1213 144.607 16.1213 1050 0 0.02543
0.806149 173760 153488 0.0514482 23.9891 16.6256 23.9891 16.6256 1157 0 0.0259131
0.858779 189688 170864 0.0529407 25.9721 17.1984 25.9721 17.1984 1275 0 0.0243514
0.917177 194032 186792 0.0585361 25.5889 17.7326 25.5889 17.7326 1404 0 0.0225924
0.980622 186792 191136 0.0637614 24.2838 18.1565 24.2838 18.1565 1537 0 0.0223174
1.04527 178104 183896 0.0649502 22.7573 18.441 22.7573 18.441 1664 0 0.0229479
1.10871 170864 175208 0.0637009 22.2754 18.6604 22.2754 18.6604 1786 0 0.023601
1.16999 167968 167968 0.061578 22.1164 18.8414 22.1164 18.8414 1903 0 0.0241071
1.23091 166520 165072 0.0610529 21.6768 18.9818 21.6768 18.9818 2017 0 0.0243348
1.29244 163624 163624 0.0617648 21.2768 19.091 21.2768 19.091 2130 0 0.0244686
1.35612 157832 160728 0.0640125 20.3723 19.1512 20.3723 19.1512 2242 0 0.0247685
1.42149 149144 154936 0.065851 19.1392 19.1506 19.1392 19.1506 2350 0 0.025349
1.4865 140456 146248 0.0653481 18.1761 19.108 18.1761 19.108 2452 0 0.026084
1.5509 134664 137560 0.0646043 17.2665 19.0315 17.2665 19.0315 2548 0 0.0267534
1.61507 128872 131768 0.0645626 16.6091 18.9353 16.6091 18.9353 2640 0 0.0272599
1.68019 121632 125976 0.0654721 15.6524 18.808 15.6524 18.808 2728 0 0.0278142
1.75277 107152 118736 0.0729047 13.2477 18.5778 13.2477 18.5778 2811 0 0.0288766
1.82787 92672 104256 0.0751696 11.1058 18.2708 11.1058 18.2708 2883 0 0.0302552
1.90417 79640 89776 0.0765151 9.41275 17.9159 9.41275 17.9159 2945 0 0.0315717
1.98059 68056 76744 0.0767015 8.03373 17.5346 8.03373 17.5346 2998 0 0.0327503
2.13067 55024 65160 0.086515 3.55054 16.5496 3.55054 16.5496 3044 0 0.0343565
2.21094 43440 52128 0.0882031 5.33979 16.1426 5.33979 16.1426 3081 0 0.0356669
2.21527 36200 40544 0.0802762 74.9815 16.2575 74.9815 16.2575 3109 0 0.0362965
2.29505 30408 33304 0.0800426 3.33932 15.8084 3.33932 15.8084 3132 0 0.0369878
2.45474 24616 27512 0.0903688 1.45079 14.8744 1.45079 14.8744 3152 0 0.0381011
2.53802 18824 21720 0.094289 2.2258 14.4594 2.2258 14.4594 3168 0 0.0389521
2.62105 15928 15928 0.097129 1.67418 14.0544 1.67418 14.0544 3180 0 0.0397125
2.70408 13032 13032 0.099591 1.39515 13.6656 1.39515 13.6656 3190 0 0.0402044
2.78663 11584 10136 0.101635 1.12262 13.2941 1.12262 13.2941 3198 0 0.0406633
2.8699 13032 8688 0.103965 0.973786 12.9366 0.973786 12.9366 3205 0 0.0410153
2.87062 11584 10136 0.0971403 112.472 12.9616 112.472 12.9616 3212 0 0.0403093
2.95413 13032 8688 0.0915932 0.970984 12.6226 0.970984 12.6226 3219 0 0.0400805
3.03776 11584 10136 0.0890869 0.969588 12.3018 0.969588 12.3018 3226 0 0.0397759
3.12187 13032 8688 0.0949252 0.964048 11.9963 0.964048 11.9963 3233 0 0.0403021
3.20526 11584 10136 0.091319 0.972383 11.7095 0.972383 11.7095 3240 0 0.0399107
3.28914 13032 8688 0.097259 0.96681 11.4356 0.96681 11.4356 3247 0 0.0404706
3.37253 11584 10136 0.0928825 0.972383 11.1769 0.972383 11.1769 3254 0 0.0400111
3.45664 13032 8688 0.099498 0.964048 10.9284 0.964048 10.9284 3261 0 0.0406425
3.45736 11584 10136 0.0943825 112.472 10.9495 112.472 10.9495 3268 0 0.040112
3.54123 13032 8688 0.090086 0.96681 10.7131 0.96681 10.7131 3275 0 0.0399875
3.62486 11584 10136 0.0880771 0.969588 10.4883 0.969588 10.4883 3282 0 0.0397182
3.70885 13032 8688 0.0943333 0.965427 10.2727 0.965427 10.2727 3289 0 0.0402612
3.79225 11584 10136 0.0909225 0.972383 10.0681 0.972383 10.0681 3296 0 0.0398861
3.87588 13032 8688 0.0969016 0.969588 9.87182 0.969588 9.87182 3303 0 0.0404441
3.95927 11584 10136 0.0926431 0.972383 9.68438 0.972383 9.68438 3310 0 0.0399954
4.04326 13032 8688 0.099332 0.965427 9.50325 0.965427 9.50325 3317 0 0.0406294
4.04398 11584 10136 0.0942713 112.472 9.52161 112.472 9.52161 3324 0 0.0401044
4.12785 13032 8688 0.0900208 0.96681 9.34779 0.96681 9.34779 3331 0 0.0399836
4.21148 11584 10136 0.0880335 0.969588 9.18142 0.969588 9.18142 3338 0 0.0397157
4.29548 13032 8688 0.0943077 0.965427 9.02077 0.965427 9.02077 3345 0 0.0402594
4.37887 11584 10136 0.0907804 0.972383 8.86749 0.972383 8.86749 3352 0 0.0398773
4.4625 13032 8688 0.0970526 0.969588 8.71948 0.969588 8.71948 3359 0 0.0404553
4.54589 11584 10136 0.0924142 0.972383 8.57736 0.972383 8.57736 3366 0 0.0399805
4.62976 13032 8688 0.0993072 0.96681 8.43949 0.96681 8.43949 3373 0 0.0406274
4.63048 11584 10136 0.0942546 112.472 8.45569 112.472 8.45569 3380 0 0.0401032
4.71435 13032 8688 0.0900111 0.96681 8.32246 0.96681 8.32246 3387 0 0.039983
4.79798 11584 10136 0.087902 0.969588 8.19429 0.969588 8.19429 3394 0 0.0397084
4.88222 13032 8688 0.0943556 0.962673 8.06953 0.962673 8.06953 3401 0 0.0402627
4.96561 11584 10136 0.0909375 0.972383 7.95034 0.972383 7.95034 3408 0 0.039887
5.04948 13032 8688 0.097061 0.96681 7.83434 0.96681 7.83434 3415 0 0.0404559
5.13287 11584 10136 0.0925155 0.972383 7.72286 0.972383 7.72286 3422 0 0.0399871
5.21698 13032 8688 0.0993666 0.964048 7.61389 0.964048 7.61389 3429 0 0.0406321
5.2177 11584 10136 0.0942944 112.472 7.62838 112.472 7.62838 3436 0 0.040106
5.30158 13032 8688 0.0901301 0.96681 7.52299 0.96681 7.52299 3443 0 0.0399902
5.38521 11584 10136 0.0879973 0.969588 7.42122 0.969588 7.42122 3450 0 0.0397137
5.4692 13032 8688 0.0944115 0.965427 7.32208 0.965427 7.32208 3457 0 0.0402665
5.55259 11584 10136 0.0909749 0.972383 7.22671 0.972383 7.22671 3464 0 0.0398893
5.63622 13032 8688 0.0969736 0.969588 7.13387 0.969588 7.13387 3471 0 0.0404494
5.71961 11584 10136 0.0925819 0.972383 7.04404 0.972383 7.04404 3478 0 0.0399914
5.8036 13032 8688 0.0993218 0.965427 6.95606 0.965427 6.95606 3485 0 0.0406286
5.80432 11584 10136 0.0942644 112.472 6.96917 112.472 6.96917 3492 0 0.0401039
5.8882 13032 8688 0.0900168 0.96681 6.88367 0.96681 6.88367 3499 0 0.0399834
5.97183 11584 10136 0.0880308 0.969588 6.80085 0.969588 6.80085 3506 0 0.0397156
6.05582 13032 8688 0.0943061 0.965427 6.71991 0.965427 6.71991 3513 0 0.0402593
6.13921 11584 10136 0.0907949 0.972383 6.64184 0.972383 6.64184 3520 0 0.0398782
6.22284 13032 8688 0.0969518 0.969588 6.56561 0.969588 6.56561 3527 0 0.0404478
6.30623 11584 10136 0.0926767 0.972383 6.49165 0.972383 6.49165 3534 0 0.0399976
6.3901 13032 8688 0.0993517 0.96681 6.41913 0.96681 6.41913 3541 0 0.0406309
6.39083 11584 10136 0.0942845 112.472 6.4311 112.472 6.4311 3548 0 0.0401053
6.4747 13032 8688 0.0899448 0.96681 6.36032 0.96681 6.36032 3555 0 0.0399791
6.55833 11584 10136 0.0879826 0.969588 6.29157 0.969588 6.29157 3562 0 0.0397129
6.64256 13032 8688 0.0944829 0.962673 6.224 0.962673 6.224 3569 0 0.0402714
6.72595 11584 10136 0.0907884 0.972383 6.15889 0.972383 6.15889 3576 0 0.0398778
6.80982 13032 8688 0.0970573 0.96681 6.09494 0.96681 6.09494 3583 0 0.0404556
6.89321 11584 10136 0.0927474 0.972383 6.03297 0.972383 6.03297 3590 0 0.0400023
6.97733 13032 8688 0.0993932 0.964048 5.97186 0.964048 5.97186 3597 0 0.0406342
6.97805 11584 10136 0.0944372 112.472 5.98287 112.472 5.98287 3604 0 0.0401158
7.06192 13032 8688 0.0901181 0.96681 5.92329 0.96681 5.92329 3611 0 0.0399895
7.14555 11584 10136 0.0880987 0.969588 5.86532 0.969588 5.86532 3618 0 0.0397194
7.22954 13032 8688 0.0944416 0.965427 5.80839 0.965427 5.80839 3625 0 0.0402686
7.31281 11584 10136 0.0907607 0.973786 5.75334 0.973786 5.75334 3632 0 0.0398761
7.39644 13032 8688 0.0970411 0.969588 5.69925 0.969588 5.69925 3639 0 0.0404544
7.47972 11584 10136 0.0924065 0.973786 5.64664 0.973786 5.64664 3646 0 0.03998
7.56359 13032 8688 0.099219 0.96681 5.59475 0.96681 5.59475 3653 0 0.0406205
7.56431 11584 10136 0.0941955 112.472 5.60493 112.472 5.60493 3660 0 0.0400992
7.64818 13032 8688 0.0899764 0.96681 5.55407 0.96681 5.55407 3667 0 0.039981
7.73181 11584 10136 0.0880037 0.969588 5.50448 0.969588 5.50448 3674 0 0.0397141
7.81604 13032 8688 0.0944153 0.962673 5.45554 0.962673 5.45554 3681 0 0.0402668
7.89943 11584 10136 0.0909774 0.972383 5.40821 0.972383 5.40821 3688 0 0.0398895
7.98331 13032 8688 0.0969887 0.96681 5.36155 0.96681 5.36155 3695 0 0.0404505
8.0667 11584 10136 0.0925764 0.972383 5.31617 0.972383 5.31617 3702 0 0.0399911
8.15081 13032 8688 0.0993186 0.964048 5.27126 0.964048 5.27126 3709 0 0.0406283
8.15153 11584 10136 0.094358 112.472 5.28074 112.472 5.28074 3716 0 0.0401103
8.2354 13032 8688 0.0900717 0.96681 5.23681 0.96681 5.23681 3723 0 0.0399867
8.31903 11584 10136 0.0880675 0.969588 5.19391 0.969588 5.19391 3730 0 0.0397176
8.40327 13032 8688 0.094562 0.962673 5.1515 0.962673 5.1515 3737 0 0.0402769
8.4869 11584 10136 0.0909507 0.969588 5.11029 0.969588 5.11029 3744 0 0.0398878
8.57077 13032 8688 0.0971525 0.96681 5.06974 0.96681 5.06974 3751 0 0.0404627
8.65416 11584 10136 0.0928112 0.972383 5.03026 0.972383 5.03026 3758 0 0.0400064
8.73803 13032 8688 0.0994306 0.96681 4.99126 0.96681 4.99126 3765 0 0.0406371
8.73875 11584 10136 0.0943373 112.472 5.00012 112.472 5.00012 3772 0 0.0401089
8.82262 13032 8688 0.0899758 0.96681 4.96178 0.96681 4.96178 3779 0 0.0399809
8.90626 11584 10136 0.0880033 0.969588 4.92429 0.969588 4.92429 3786 0 0.039714
8.99049 13032 8688 0.0944951 0.962673 4.88718 0.962673 4.88718 3793 0 0.0402723
9.07388 11584 10136 0.0907965 0.972383 4.8512 0.972383 4.8512 3800 0 0.0398783
9.15775 13032 8688 0.0970621 0.96681 4.81562 0.96681 4.81562 3807 0 0.040456
9.24114 11584 10136 0.0926549 0.972383 4.78094 0.972383 4.78094 3814 0 0.0399962
9.32525 13032 8688 0.0994483 0.964048 4.74652 0.964048 4.74652 3821 0 0.0406385
9.32597 11584 10136 0.0943492 112.472 4.75484 112.472 4.75484 3828 0 0.0401097
9.40985 13032 8688 0.0900665 0.96681 4.72108 0.96681 4.72108 3835 0 0.0399864
9.49348 11584 10136 0.0879684 0.969588 4.68803 0.969588 4.68803 3842 0 0.0397121
9.57771 13032 8688 0.0944746 0.962673 4.65527 0.962673 4.65527 3849 0 0.0402709
9.66134 11584 10136 0.0910172 0.969588 4.62337 0.969588 4.62337 3856 0 0.0398919
9.74509 13032 8688 0.0971915 0.968197 4.59195 0.968197 4.59195 3863 0 0.0404656
9.82824 11584 10136 0.0928372 0.975193 4.56135 0.975193 4.56135 3870 0 0.0400081
9.91211 13032 8688 0.0992664 0.96681 4.53094 0.96681 4.53094 3877 0 0.0406242
9.91284 11584 10136 0.0942273 112.472 4.53879 112.472 4.53879 3884 0 0.0401014
9.99647 13032 8688 0.0898156 0.969588 4.50893 0.969588 4.50893 3891 0 0.0399713
10.0796 5792 10136 0.0890887 0.41794 4.47518 0.41794 4.47518 3894 0 0.0398655
10.1203 11584 2896 0.0919829 0.854958 4.46064 0.854958 4.46064 3897 0 0.0407742
10.1979 14480 8688 0.0834963 1.49233 4.43805 1.49233 4.43805 3907 0 0.0396456
10.2967 18824 11584 0.0843071 0.938246 4.40447 0.938246 4.40447 3915 0 0.0393983
10.2976 23168 15928 0.090483 132.557 4.41644 132.557 4.41644 3926 0 0.0392818
10.3757 30408 20272 0.0837818 2.22473 4.39994 2.22473 4.39994 3941 0 0.0385256
10.4399 41992 27512 0.073599 3.43013 4.39398 3.43013 4.39398 3960 0 0.0375427
10.5011 55024 39096 0.0702029 5.30321 4.39927 5.30321 4.39927 3988 0 0.0363445
10.5679 69504 52128 0.0700848 6.41543 4.41202 6.41543 4.41202 4025 0 0.0351074
10.6439 85432 66608 0.0715189 7.00572 4.43055 7.00572 4.43055 4071 0 0.0337944
10.7259 99912 82536 0.0787257 8.05729 4.45826 8.05729 4.45826 4128 0 0.032404
10.8105 104256 97016 0.0911787 9.31183 4.49624 9.31183 4.49624 4196 0 0.0313266
10.8924 108600 101360 0.0922271 10.0363 4.53792 10.0363 4.53792 4267 0 0.030991
10.9708 121632 105704 0.08167 10.7938 4.5826 10.7938 4.5826 4340 0 0.030291
11.0502 130320 118736 0.086845 12.1053 4.63667 12.1053 4.63667 4423 0 0.0291922
11.132 147696 127424 0.0809413 12.4576 4.69416 12.4576 4.69416 4511 0 0.028538
11.1426 165072 144800 0.082803 109.551 4.79366 109.551 4.79366 4611 0 0.0271024
11.2302 176656 162176 0.0877933 14.8112 4.8718 14.8112 4.8718 4723 0 0.0255826
11.3223 182448 173760 0.0924812 15.0829 4.95492 15.0829 4.95492 4843 0 0.0247273
11.4187 183896 179552 0.0965805 14.9055 5.0389 14.9055 5.0389 4967 0 0.0244822
11.5153 185344 181000 0.0968763 14.9883 5.12237 14.9883 5.12237 5092 0 0.0243866
11.6102 188240 182448 0.0952806 15.498 5.2072 15.498 5.2072 5219 0 0.0241656
11.7039 192584 185344 0.0937267 15.8406 5.29224 15.8406 5.29224 5347 0 0.0238438
11.8021 191136 189688 0.0985062 15.4389 5.37675 15.4389 5.37675 5478 0 0.0238118
11.9026 186792 188240 0.100784 15.1065 5.45886 15.1065 5.45886 5609 0 0.0241377
12.0059 179552 183896 0.103504 14.2365 5.53441 14.2365 5.53441 5736 0 0.024775
12.1093 172312 176656 0.10369 13.7881 5.60485 13.7881 5.60485 5859 0 0.0253779
12.212 165072 169416 0.103 13.1922 5.66868 13.1922 5.66868 5976 0 0.0259121
12.3155 159280 162176 0.103731 12.6524 5.72735 12.6524 5.72735 6089 0 0.0265436
12.4196 152040 156384 0.104401 12.0089 5.78004 12.0089 5.78004 6197 0 0.0271228
12.5244 144800 149144 0.104997 11.3873 5.82695 11.3873 5.82695 6300 0 0.027791
12.6293 137560 141904 0.105251 10.9325 5.86936 10.9325 5.86936 6399 0 0.0284364
12.7342 131768 134664 0.105127 10.2699 5.90561 10.2699 5.90561 6492 0 0.0290215
12.8397 124528 128872 0.105879 9.88204 5.93828 9.88204 5.93828 6582 0 0.0296328
12.9453 118736 121632 0.105855 9.32242 5.96589 9.32242 5.96589 6667 0 0.0302403
13.0511 112944 115840 0.105998 8.76407 5.98856 8.76407 5.98856 6747 0 0.0307735
13.1567 107152 110048 0.105884 8.33534 6.0074 8.33534 6.0074 6823 0 0.0312877
13.263 101360 104256 0.106608 7.8431 6.02212 7.8431 6.02212 6895 0 0.0318843
13.3681 97016 98464 0.10531 7.5006 6.03374 7.5006 6.03374 6963 0 0.0322732
13.4733 92672 94120 0.105571 7.15332 6.04248 7.15332 6.04248 7028 0 0.0327007
13.6757 82536 89776 0.117258 3.60659 6.00644 3.60659 6.00644 7091 0 0.0344581
13.6831 78192 79640 0.105367 85.5204 6.04973 85.5204 6.04973 7146 0 0.0340478
13.8868 69504 75296 0.117384 3.01443 6.00521 3.01443 6.00521 7199 0 0.0357987
13.893 65160 66608 0.105824 85.2812 6.04087 85.2812 6.04087 7245 0 0.0353441
13.9993 60816 62264 0.106527 4.68937 6.03061 4.68937 6.03061 7288 0 0.0358325
14.2074 53576 57920 0.119274 2.2821 5.9757 2.2821 5.9757 7329 0 0.037667
14.2122 49232 50680 0.107645 84.3542 6.00221 84.3542 6.00221 7364 0 0.0370804
14.4204 43440 46336 0.119395 1.83575 5.94204 1.83575 5.94204 7397 0 0.0387976
14.4243 40544 40544 0.107755 84.3542 5.96295 84.3542 5.96295 7425 0 0.0380877
14.5304 39096 37648 0.106504 2.83865 5.94013 2.83865 5.94013 7451 0 0.0382513
14.6364 37648 36200 0.1063 2.73256 5.91691 2.73256 5.91691 7476 0 0.0383793
14.7429 34752 34752 0.109272 2.71716 5.89378 2.71716 5.89378 7501 0 0.0388216
14.8495 33304 31856 0.10738 2.3911 5.86864 2.3911 5.86864 7523 0 0.0389228
14.9567 31856 30408 0.107321 2.26962 5.84284 2.26962 5.84284 7544 0 0.0390653
15.0641 28960 28960 0.110997 2.26454 5.81733 2.26454 5.81733 7565 0 0.0395861
15.1714 27512 26064 0.108504 1.94321 5.78993 1.94321 5.78993 7583 0 0.0396245
15.2787 26064 24616 0.10791 1.83525 5.76215 1.83525 5.76215 7600 0 0.0397165
15.3857 24616 23168 0.111784 1.84144 5.7349 1.84144 5.7349 7617 0 0.0402522
15.4929 23168 21720 0.108928 1.62116 5.70644 1.62116 5.70644 7632 0 0.0401145
15.6002 21720 20272 0.113148 1.61934 5.67833 1.61934 5.67833 7647 0 0.0406953
15.7077 20272 18824 0.109938 1.40029 5.64904 1.40029 5.64904 7660 0 0.0405148
15.815 18824 17376 0.114478 1.40343 5.62023 1.40343 5.62023 7673 0 0.0411396
15.9222 17376 15928 0.110554 1.18885 5.5904 1.18885 5.5904 7684 0 0.0408785
16.0295 15928 14480 0.115795 1.18752 5.56093 1.18752 5.56093 7695 0 0.0415871
16.1364 14480 13032 0.111511 0.97488 5.53054 0.97488 5.53054 7704 0 0.0412791
16.2439 13032 11584 0.117369 0.970518 5.50038 0.970518 5.50038 7713 0 0.0420689
16.351 11584 10136 0.113287 0.75654 5.46928 0.75654 5.46928 7720 0 0.0417694
16.4586 10136 8688 0.119976 0.754004 5.43847 0.754004 5.43847 7727 0 0.0426795
16.5655 11584 7240 0.115788 0.5416 5.40686 0.5416 5.40686 7732 0 0.0423475
16.6731 10136 8688 0.123253 0.754004 5.37685 0.754004 5.37685 7739 0 0.0430833
16.7809 11584 7240 0.118218 0.537373 5.34576 0.537373 5.34576 7744 0 0.0426245
16.8883 10136 8688 0.126548 0.754847 5.31656 0.754847 5.31656 7751 0 0.0435111
16.9959 11584 7240 0.120192 0.537973 5.28629 0.537973 5.28629 7756 0 0.0428582
17.1031 13032 8688 0.129542 0.75654 5.2579 0.75654 5.2579 7763 0 0.0439185
17.1038 11584 10136 0.122197 112.472 5.26242 112.472 5.26242 7770 0 0.0427984
17.2117 10136 8688 0.116322 0.751485 5.23414 0.751485 5.23414 7777 0 0.0422546
17.3191 11584 7240 0.11337 0.53978 5.20506 0.53978 5.20506 7782 0 0.0420836
17.4265 10136 8688 0.121742 0.754847 5.17763 0.754847 5.17763 7789 0 0.0428945
17.5339 11584 7240 0.116985 0.539177 5.14921 0.539177 5.14921 7794 0 0.0424825
17.6412 10136 8688 0.125613 0.755693 5.12249 0.755693 5.12249 7801 0 0.0433875
17.7486 11584 7240 0.11969 0.539177 5.09474 0.539177 5.09474 7806 0 0.0427981
17.8558 10136 8688 0.128986 0.75654 5.0687 0.75654 5.0687 7813 0 0.0438414
17.8565 11584 7240 0.121934 80.3373 5.07174 80.3373 5.07174 7818 0 0.043071
17.9642 10136 8688 0.117225 0.753162 5.04586 0.753162 5.04586 7825 0 0.0423571
18.0719 11584 7240 0.11418 0.537973 5.019 0.537973 5.019 7830 0 0.0421707
18.1798 10136 8688 0.123843 0.751485 4.99368 0.751485 4.99368 7837 0 0.0431583
18.2875 11584 7240 0.118614 0.537373 4.96741 0.537373 4.96741 7842 0 0.0426708
18.3947 10136 8688 0.12847 0.75654 4.94287 0.75654 4.94287 7849 0 0.0437705
18.3954 11584 7240 0.121492 80.3373 4.94583 80.3373 4.94583 7854 0 0.0430165
18.5032 10136 8688 0.117039 0.752323 4.9214 0.752323 4.9214 7861 0 0.0423358
18.6108 11584 7240 0.114055 0.538574 4.89608 0.538574 4.89608 7866 0 0.0421572
18.7188 10136 8688 0.12376 0.750649 4.87215 0.750649 4.87215 7873 0 0.0431477
18.8262 11584 7240 0.118653 0.539177 4.84743 0.539177 4.84743 7878 0 0.0426754
18.9335 10136 8688 0.128278 0.755693 4.82424 0.755693 4.82424 7885 0 0.0437442
18.9342 11584 7240 0.121489 80.3373 4.82711 80.3373 4.82711 7890 0 0.0430161
19.042 10136 8688 0.117036 0.752323 4.80405 0.752323 4.80405 7897 0 0.0423355
19.1496 11584 7240 0.114054 0.538574 4.7801 0.538574 4.7801 7902 0 0.042157
19.2577 10136 8688 0.123663 0.749815 4.75746 0.749815 4.75746 7909 0 0.0431353
19.3653 11584 7240 0.118602 0.538574 4.73403 0.538574 4.73403 7914 0 0.0426694
19.473 10136 8688 0.128478 0.752323 4.712 0.752323 4.712 7921 0 0.0437716
19.4738 11584 7240 0.121718 80.3373 4.71479 80.3373 4.71479 7926 0 0.0430444
19.5812 10136 8688 0.116985 0.754847 4.69307 0.754847 4.69307 7933 0 0.0423297
19.6888 11584 7240 0.114019 0.537973 4.67035 0.537973 4.67035 7938 0 0.0421533
19.7966 10136 8688 0.123736 0.752323 4.64902 0.752323 4.64902 7945 0 0.0431446
19.9042 11584 7240 0.118542 0.538574 4.62681 0.538574 4.62681 7950 0 0.0426623
20.012 10136 8688 0.128312 0.752323 4.60594 0.752323 4.60594 7957 0 0.0437489
20.0127 11584 7240 0.121608 80.3373 4.60867 80.3373 4.60867 7962 0 0.0430307
20.1197 5792 8688 0.119907 0.324595 4.58587 0.324595 4.58587 7965 0 0.0427271
20.1865 10136 2896 0.109646 0.69356 4.57299 0.69356 4.57299 7969 0 0.0421899
20.2869 13032 7240 0.103208 1.03875 4.55551 1.03875 4.55551 7978 0 0.0411133
20.3805 15928 10136 0.112446 0.990036 4.53913 0.990036 4.53913 7986 0 0.0416916
20.4818 18824 13032 0.116625 1.14359 4.52234 1.14359 4.52234 7996 0 0.0418433
20.5793 21720 15928 0.119392 1.42646 4.50768 1.42646 4.50768 8008 0 0.0418614
20.6789 26064 18824 0.118281 1.62807 4.49381 1.62807 4.49381 8022 0 0.0414475
20.7839 31856 23168 0.119069 1.87515 4.48057 1.87515 4.48057 8039 0 0.0411157
20.9001 40544 28960 0.111728 1.99389 4.46675 1.99389 4.46675 8059 0 0.0397806
20.9102 50680 37648 0.115746 29.8396 4.479 29.8396 4.479 8085 0 0.0393753
21.035 56472 47784 0.129484 3.06194 4.47059 3.06194 4.47059 8118 0 0.0399531
21.1789 59368 53576 0.144694 3.06047 4.46101 3.06047 4.46101 8156 0 0.0416773
21.3255 60816 56472 0.149898 3.16081 4.45207 3.16081 4.45207 8196 0 0.0422886
21.4701 62264 57920 0.148991 3.28289 4.44419 3.28289 4.44419 8237 0 0.0419836
21.613 66608 59368 0.143895 3.3243 4.43679 3.3243 4.43679 8278 0 0.04099
21.7558 69504 63712 0.146902 3.6517 4.43164 3.6517 4.43164 8323 0 0.0410595
21.8995 73848 66608 0.143774 3.70788 4.42689 3.70788 4.42689 8369 0 0.0402622
22.0446 78192 70952 0.144902 3.91046 4.42349 3.91046 4.42349 8418 0 0.0400317
22.1915 79640 75296 0.15188 4.18122 4.42189 4.18122 4.42189 8471 0 0.0408173
22.3382 82536 76744 0.147058 4.18465 4.42033 4.18465 4.42033 8524 0 0.0398269
22.4842 83984 79640 0.152554 4.44335 4.42048 4.44335 4.42048 8580 0 0.040526
22.6297 85432 81088 0.152062 4.53763 4.42123 4.53763 4.42123 8637 0 0.0402973
22.7747 89776 82536 0.145624 4.55267 4.42207 4.55267 4.42207 8694 0 0.0390456
22.9205 91224 86880 0.152562 4.84806 4.42478 4.84806 4.42478 8755 0 0.039841
23.0663 95568 88328 0.146343 4.84406 4.42743 4.84406 4.42743 8816 0 0.0386217
23.2125 97016 92672 0.154075 5.15322 4.432 5.15322 4.432 8881 0 0.0395796
23.3582 101360 94120 0.146404 5.16596 4.43658 5.16596 4.43658 8946 0 0.0380897
23.5038 102808 98464 0.15484 5.48839 4.44309 5.48839 4.44309 9015 0 0.0391849
23.6494 107152 99912 0.146006 5.49292 4.44955 5.49292 4.44955 9084 0 0.0374831
23.7952 108600 104256 0.156076 5.79699 4.45781 5.79699 4.45781 9157 0 0.0388867
23.9412 112944 105704 0.146424 5.79222 4.46595 5.79222 4.46595 9230 0 0.0370221
24.0871 111496 110048 0.157847 6.11464 4.47594 6.11464 4.47594 9307 0 0.0387006
24.2329 115840 108600 0.146372 5.96073 4.48487 5.96073 4.48487 9382 0 0.0367483
24.3785 114392 112944 0.159074 6.28381 4.49561 6.28381 4.49561 9461 0 0.0386792
24.5242 118736 111496 0.145991 6.11968 4.50526 6.11968 4.50526 9538 0 0.036419
24.6698 115840 115840 0.16083 6.44821 4.51673 6.44821 4.51673 9619 0 0.0387795
24.815 120184 112944 0.14607 6.21966 4.52669 6.21966 4.52669 9697 0 0.0363014
24.8256 125976 117288 0.145358 88.7362 4.56256 88.7362 4.56256 9778 0 0.0358132
24.9714 130320 123080 0.146189 6.83496 4.57583 6.83496 4.57583 9864 0 0.0354108
25.1175 134664 127424 0.146465 7.05594 4.59025 7.05594 4.59025 9953 0 0.0350725
25.2632 140456 131768 0.146002 7.23235 4.6055 7.23235 4.6055 10044 0 0.0346355
25.4089 146248 137560 0.146139 7.63602 4.62287 7.63602 4.62287 10140 0 0.0341521
25.5544 152040 143352 0.14596 7.96076 4.64187 7.96076 4.64187 10240 0 0.0336192
25.7 157832 149144 0.146055 8.27236 4.66245 8.27236 4.66245 10344 0 0.0331382
25.8462 163624 154936 0.146629 8.55523 4.68447 8.55523 4.68447 10452 0 0.0327448
25.9924 169416 160728 0.146752 8.87939 4.70805 8.87939 4.70805 10564 0 0.0322783
26.1383 176656 166520 0.146452 9.20408 4.73317 9.20408 4.73317 10680 0 0.0317768
26.2847 183896 173760 0.146712 9.57716 4.76014 9.57716 4.76014 10801 0 0.0312248
26.4311 191136 181000 0.146697 9.89376 4.78856 9.89376 4.78856 10926 0 0.0306326
26.5774 198376 188240 0.146802 10.3687 4.81929 10.3687 4.81929 11057 0 0.0300687
26.7238 205616 195480 0.146587 10.6853 4.85142 10.6853 4.85142 11192 0 0.0294566
26.8702 212856 202720 0.146855 11.151 4.88576 11.151 4.88576 11333 0 0.0289358
27.0155 220096 209960 0.146797 11.5622 4.92166 11.5622 4.92166 11478 0 0.0283659
27.1618 228784 217200 0.14657 11.9615 4.95956 11.9615 4.95956 11629 0 0.0278152
27.308 237472 225888 0.14638 12.3576 4.99918 12.3576 4.99918 11785 0 0.0271295
27.4542 246160 234576 0.146462 12.8328 5.0409 12.8328 5.0409 11947 0 0.0265014
27.6008 254848 243264 0.146842 13.2754 5.08464 13.2754 5.08464 12115 0 0.0259357
27.7472 264984 251952 0.146584 13.7721 5.13046 13.7721 5.13046 12289 0 0.0253187
27.8936 275120 262088 0.146772 14.3144 5.17869 14.3144 5.17869 12470 0 0.0246407
28.0404 285256 272224 0.147207 14.9226 5.22967 14.9226 5.22967 12659 0 0.0240202
28.1871 295392 282360 0.146995 15.3963 5.28259 15.3963 5.28259 12854 0 0.0233019
28.3337 306976 292496 0.147146 16.0411 5.33825 16.0411 5.33825 13057 0 0.0227173
28.4805 318560 304080 0.147163 16.5671 5.39614 16.5671 5.39614 13267 0 0.0219761
28.6272 330144 315664 0.146908 17.2123 5.4567 17.2123 5.4567 13485 0 0.0212065
28.7743 341728 327248 0.147417 17.8002 5.5198 17.8002 5.5198 13711 0 0.0205892
28.9213 353312 338832 0.147285 18.4454 5.58547 18.4454 5.58547 13945 0 0.0198793
29.0683 364896 350416 0.147311 19.0604 5.65365 19.0604 5.65365 14187 0 0.0192159
29.215 377928 362000 0.147023 19.7389 5.72439 19.7389 5.72439 14437 0 0.0185803
29.362 390960 375032 0.147323 20.4161 5.79792 20.4161 5.79792 14696 0 0.0179255
29.5092 402544 388064 0.148101 21.1697 5.87459 21.1697 5.87459 14965 0 0.0173158
29.6565 415576 399648 0.147734 21.7029 5.95322 21.7029 5.95322 15241 0 0.0167278
29.8038 430056 412680 0.147497 22.4106 6.03457 22.4106 6.03457 15526 0 0.0161198
29.9513 441640 427160 0.148668 23.2566 6.11934 23.2566 6.11934 15822 0 0.0155123
30.0988 454672 438744 0.14862 23.8657 6.20634 23.8657 6.20634 16126 0 0.0150446
30.12 5792 451776 0.148721 101.335 6.27313 101.335 6.27313 16311 0 0.372406
30.2678 405440 5792 0.148431 0 6.2425 0 6.2425 16311 0 0.331149
30.3081 540104 402544 0.135119 80.5101 6.34122 80.5101 6.34122 16591 0 0.0464667
30.3415 538656 537208 0.072056 128.655 6.47589 128.655 6.47589 16962 0 0.00336902
30.4748 373584 535760 0.133559 32.2218 6.58857 32.2218 6.58857 17333 0 0.0571171
30.6393 267880 370688 0.164772 18.0275 6.64998 18.0275 6.64998 17589 0 0.0410722
30.7776 182448 264984 0.138505 15.3276 6.68897 15.3276 6.68897 17772 0 0.0358667
30.9615 134664 179552 0.118074 7.87621 6.69602 7.87621 6.69602 17897 0 0.0305721
30.9764 115840 131768 0.0906089 70.7487 6.72683 70.7487 6.72683 17988 0 0.0287463
31.1543 95568 112944 0.0993609 5.14246 6.71778 5.14246 6.71778 18067 0 0.0311396
31.1637 78192 92672 0.0997349 79.1014 6.73955 79.1014 6.73955 18131 0 0.0328413
31.2991 53576 75296 0.135149 4.44814 6.72964 4.44814 6.72964 18183 0 0.0390962
31.4391 39096 50680 0.140115 2.89628 6.71257 2.89628 6.71257 18218 0 0.041568
31.6913 30408 36200 0.148298 1.19415 6.66865 1.19415 6.66865 18244 0 0.0441626
31.8119 23168 27512 0.142346 1.92233 6.65067 1.92233 6.65067 18264 0 0.0439933
31.9347 18824 20272 0.140988 1.41494 6.63054 1.41494 6.63054 18279 0 0.0444595
31.9363 15928 15928 0.12963 75.7466 6.63418 75.7466 6.63418 18290 0 0.0431823
32.1918 14480 13032 0.14418 0.453456 6.58513 0.453456 6.58513 18300 0 0.0457121
32.3227 13032 11584 0.153596 0.796734 6.5617 0.796734 6.5617 18309 0 0.0475379
32.3236 14480 10136 0.144162 84.3542 6.56401 84.3542 6.56401 18316 0 0.0460131
32.4531 13032 11584 0.138192 0.804864 6.54102 0.804864 6.54102 18325 0 0.0448916
32.5818 11584 10136 0.134472 0.630097 6.51768 0.630097 6.51768 18332 0 0.0444759
32.7117 13032 8688 0.144788 0.624268 6.49427 0.624268 6.49427 18339 0 0.0462713
32.842 11584 10136 0.139811 0.62254 6.47099 0.62254 6.47099 18346 0 0.0452996
32.9746 13032 8688 0.150852 0.611262 6.44741 0.611262 6.44741 18353 0 0.0473365
33.1086 14480 10136 0.144989 0.605232 6.42377 0.605232 6.42377 18360 0 0.046153
33.2413 13032 11584 0.157147 0.785909 6.40127 0.785909 6.40127 18369 0 0.0482151
33.2422 14480 10136 0.147045 84.3542 6.40353 84.3542 6.40353 18376 0 0.0465067
33.3743 13032 11584 0.141053 0.789484 6.38131 0.789484 6.38131 18385 0 0.0453473
33.5043 11584 10136 0.136756 0.623691 6.35897 0.623691 6.35897 18392 0 0.0448214
33.6329 13032 8688 0.145851 0.630686 6.33707 0.630686 6.33707 18399 0 0.0464528
33.763 11584 10136 0.140648 0.623115 6.31505 0.623115 6.31505 18406 0 0.045434
33.8999 13032 8688 0.152171 0.592479 6.29195 0.592479 6.29195 18413 0 0.0475779
34.0402 14480 10136 0.147664 0.577768 6.26839 0.577768 6.26839 18420 0 0.0466148
34.183 13032 11584 0.162422 0.730339 6.24526 0.730339 6.24526 18429 0 0.0492678
34.1839 14480 10136 0.154385 84.3542 6.24746 84.3542 6.24746 18436 0 0.0478383
34.326 13032 11584 0.149343 0.734047 6.22464 0.734047 6.22464 18445 0 0.0467599
34.4698 14480 10136 0.147048 0.563771 6.20102 0.563771 6.20102 18452 0 0.0465073
34.6133 13032 11584 0.159461 0.726669 6.17833 0.726669 6.17833 18461 0 0.04867
34.7593 14480 10136 0.153545 0.555419 6.15471 0.555419 6.15471 18468 0 0.0476805
34.9054 13032 11584 0.166392 0.713522 6.13194 0.713522 6.13194 18477 0 0.0500968
35.0539 14480 10136 0.158313 0.545982 6.10827 0.545982 6.10827 18484 0 0.0485952
35.202 13032 11584 0.172834 0.703685 6.08552 0.703685 6.08552 18493 0 0.0515091
35.203 14480 10136 0.162766 84.3542 6.08766 84.3542 6.08766 18500 0 0.0494907
35.351 13032 11584 0.15678 0.704256 6.06512 0.704256 6.06512 18509 0 0.0481441
35.4996 14480 10136 0.153477 0.545982 6.04203 0.545982 6.04203 18516 0 0.0476678
35.651 13032 11584 0.166365 0.688606 6.01929 0.688606 6.01929 18525 0 0.0500911
35.8026 14480 10136 0.16042 0.534733 5.99606 0.534733 5.99606 18532 0 0.0490141
35.9543 13032 11584 0.173452 0.687514 5.97367 0.687514 5.97367 18541 0 0.0516489
36.107 14480 10136 0.164465 0.530947 5.95065 0.530947 5.95065 18548 0 0.0498428
36.2596 13032 11584 0.178721 0.683184 5.92848 0.683184 5.92848 18557 0 0.0528722
36.2605 14480 10136 0.168077 84.3542 5.93056 84.3542 5.93056 18564 0 0.0506105
36.4125 13032 11584 0.16152 0.685884 5.90867 0.685884 5.90867 18573 0 0.0490839
36.565 14480 10136 0.157801 0.531784 5.88625 0.531784 5.88625 18580 0 0.0484949
36.7179 13032 11584 0.170361 0.682109 5.86458 0.682109 5.86458 18589 0 0.0509572
36.8706 14480 10136 0.163177 0.530947 5.84249 0.530947 5.84249 18596 0 0.0495753
37.0244 13032 11584 0.175825 0.677846 5.82104 0.677846 5.82104 18605 0 0.052193
37.1781 14480 10136 0.166793 0.527626 5.79915 0.527626 5.79915 18612 0 0.0503347
37.3321 13032 11584 0.180624 0.676789 5.77802 0.676789 5.77802 18621 0 0.0533278
37.3331 14480 10136 0.169732 84.3542 5.78004 84.3542 5.78004 18628 0 0.0509709
37.4868 13032 11584 0.163222 0.678376 5.75913 0.678376 5.75913 18637 0 0.0494323
37.6406 14480 10136 0.159406 0.527214 5.73775 0.527214 5.73775 18644 0 0.0488113
37.7941 13032 11584 0.171606 0.678907 5.71719 0.678907 5.71719 18653 0 0.0512336
37.9481 14480 10136 0.164445 0.526802 5.69614 0.526802 5.69614 18660 0 0.0498387
38.1027 13032 11584 0.177092 0.674159 5.67576 0.674159 5.67576 18669 0 0.0524881
38.2565 14480 10136 0.167741 0.527214 5.65506 0.527214 5.65506 18676 0 0.050538
38.4107 13032 11584 0.18118 0.676261 5.63507 0.676261 5.63507 18685 0 0.0534622
38.4116 14480 10136 0.170137 84.3542 5.63704 84.3542 5.63704 18692 0 0.0510601
38.5657 13032 11584 0.163555 0.676789 5.61723 0.676789 5.61723 18701 0 0.0495013
38.72 14480 10136 0.159697 0.525571 5.59694 0.525571 5.59694 18708 0 0.0488693
38.8746 13032 11584 0.172491 0.674159 5.57736 0.674159 5.57736 18717 0 0.051432
39.0293 14480 10136 0.165253 0.524346 5.55734 0.524346 5.55734 18724 0 0.0500081
39.1834 13032 11584 0.17762 0.676261 5.53813 0.676261 5.53813 18733 0 0.052612
39.3363 14480 10136 0.16783 0.53053 5.51868 0.53053 5.51868 18740 0 0.0505571
39.4886 13032 11584 0.180568 0.684261 5.50002 0.684261 5.50002 18749 0 0.0533143
39.4896 14480 10136 0.169076 84.3542 5.50194 84.3542 5.50194 18756 0 0.0508274
39.6438 13032 11584 0.163017 0.676261 5.48318 0.676261 5.48318 18765 0 0.0493901
39.7991 14480 10136 0.159824 0.521913 5.46381 0.521913 5.46381 18772 0 0.0488947
39.9546 13032 11584 0.17298 0.670512 5.44516 0.670512 5.44516 18781 0 0.0515421
40.1094 14480 10136 0.165635 0.523939 5.42617 0.523939 5.42617 18788 0 0.0500887
40.2631 5792 11584 0.18125 0.527626 5.40747 0.527626 5.40747 18795 0 0.0536096
40.3824 13032 2896 0.163711 0.388338 5.39264 0.388338 5.39264 18799 0 0.0505409
40.4828 17376 10136 0.144404 1.26958 5.38242 1.26958 5.38242 18810 0 0.0460837
40.6474 20272 14480 0.154472 0.774053 5.36375 0.774053 5.36375 18821 0 0.0474102
40.6714 15928 14480 0.155788 3.37408 5.36258 3.37408 5.36258 18828 0 0.0476793
40.6715 14480 14480 0.155788 96.4048 5.36285 0 5.36256 18829 1 0.0476494
40.7371 13032 13032 0.155788 0 5.35421 0 5.35392 18829 1 0.0478011
40.7373 11946 11584 0.155788 0 5.35419 0 5.35391 18829 1 0.0479513
40.7376 10951 10136 0.155788 0 5.35415 0 5.35386 18829 1 0.0481032
40.7377 9955 8688 0.155788 0 5.35413 0 5.35385 18829 1 0.0482557
40.7379 7240 7240 0.155788 0 5.35411 0 5.35383 18829 1 0.0484199
40.8309 8688 5792 0.155788 0.747329 5.34362 0 5.34164 18835 7 0.0485636
40.9012 10136 5792 0.137235 0.988767 5.33614 0.988767 5.33415 18841 7 0.0453535
40.9692 13032 7240 0.114573 1.19229 5.32926 1.19229 5.32728 18848 7 0.0422246
41.0429 18824 10136 0.107935 1.25609 5.32194 1.25609 5.31996 18856 7 0.0412835
41.1262 23168 15928 0.104111 1.66935 5.31454 1.66935 5.31257 18868 7 0.0402984
41.2165 28960 20272 0.103526 1.92553 5.30712 1.92553 5.30515 18883 7 0.039821
41.3091 37648 26064 0.0960642 2.2507 5.30027 2.2507 5.2983 18901 7 0.038703
41.3115 49232 34752 0.0944448 115.686 5.30669 115.686 5.30472 18925 7 0.037804
41.4049 65160 46336 0.0935469 3.97034 5.30367 3.97034 5.30172 18957 7 0.0367866
41.4995 85432 62264 0.0947451 5.26067 5.30358 5.26067 5.30162 19000 7 0.035572
41.5971 107152 82536 0.100254 6.88606 5.30729 6.88606 5.30534 19058 7 0.0341397
41.6975 133216 104256 0.103483 8.4282 5.3148 8.4282 5.31285 19131 7 0.0327508
41.8021 163624 130320 0.104153 9.96146 5.32643 9.96146 5.32449 19221 7 0.0309002
41.9106 195480 160728 0.108272 11.8504 5.34332 11.8504 5.34139 19332 7 0.028827
42.0228 222992 192584 0.116281 13.8311 5.36599 13.8311 5.36406 19466 7 0.0266082
42.1375 250504 220096 0.119199 15.4611 5.39345 15.4611 5.39153 19619 7 0.024818
42.2525 286704 247608 0.115864 17.2259 5.42566 17.2259 5.42374 19790 7 0.0233987
42.3678 317112 283808 0.121127 19.7831 5.46475 19.7831 5.46283 19987 7 0.0208352
42.4873 354760 314216 0.119243 21.0461 5.50855 21.0461 5.50664 20204 7 0.019534
42.6107 376480 351864 0.128438 22.9044 5.55893 22.9044 5.55702 20448 7 0.0167945
42.7373 390960 373584 0.132352 23.6896 5.61266 23.6896 5.61076 20707 7 0.0156832
42.8644 417024 388064 0.127826 24.4201 5.66844 24.4201 5.66654 20975 7 0.0151235
42.9917 444536 414128 0.128061 26.0357 5.72872 26.0357 5.72683 21261 7 0.0139999
43.1218 467704 441640 0.129962 27.15 5.79337 27.15 5.79149 21566 7 0.0126106
43.2564 466256 464808 0.141572 27.7164 5.86157 27.7164 5.8597 21888 7 0.0124415
43.3942 456120 463360 0.145469 26.9799 5.92865 26.9799 5.92678 22209 7 0.0133303
43.5303 463360 453224 0.137456 26.6561 5.99341 26.6561 5.99155 22522 7 0.0123558
43.6656 453224 460464 0.144967 27.3118 6.05947 27.3118 6.05761 22841 7 0.0133634
43.8025 463360 450328 0.136234 26.2999 6.12277 26.2999 6.12092 23152 7 0.0123803
43.94 448880 460464 0.147445 26.8821 6.18771 26.8821 6.18587 23471 7 0.0139806
44.0784 453224 445984 0.138448 25.7749 6.24922 25.7749 6.24738 23779 7 0.0127601
44.1154 460464 450328 0.137468 97.3438 6.32564 97.3438 6.32381 24090 7 0.0124805
44.2528 467704 457568 0.137616 26.7369 6.38899 26.7369 6.38716 24407 7 0.0121986
44.3908 472048 464808 0.13821 26.9329 6.45289 26.9329 6.45106 24728 7 0.0119341
44.5308 473496 469152 0.140199 26.894 6.51715 26.894 6.51533 25053 7 0.0120446
44.6713 472048 470600 0.14076 26.802 6.58093 26.802 6.57912 25378 7 0.0120772
44.8127 470600 469152 0.1416 26.6198 6.64417 26.6198 6.64237 25703 7 0.0122712
44.9527 472048 467704 0.140214 26.7285 6.70672 26.7285 6.70492 26026 7 0.0121049
45.0926 473496 469152 0.140115 26.9171 6.76941 26.9171 6.76761 26351 7 0.0120311
45.2335 472048 470600 0.141212 26.7106 6.83154 26.7106 6.82975 26676 7 0.0121503
45.3757 467704 469152 0.142294 26.4848 6.89311 26.4848 6.89133 27001 7 0.0124147
45.5177 463360 464808 0.142272 26.181 6.9533 26.181 6.95151 27322 7 0.012586
45.6594 460464 460464 0.141907 26.0841 7.01265 26.0841 7.01088 27641 7 0.012685
45.801 457568 457568 0.141957 25.8388 7.07089 25.8388 7.06912 27957 7 0.012813
45.9428 454672 454672 0.142009 25.6535 7.12824 25.6535 7.12647 28271 7 0.0129426
46.0846 451776 451776 0.142017 25.4901 7.18473 25.4901 7.18297 28583 7 0.0130662
46.2266 447432 448880 0.142225 25.2838 7.24034 25.2838 7.23858 28893 7 0.0132424
46.3687 443088 444536 0.142255 25.0391 7.29486 25.0391 7.29311 29200 7 0.0134347
46.5107 438744 440192 0.142272 24.876 7.34854 24.876 7.3468 29505 7 0.0136275
46.6522 435848 435848 0.141869 24.6331 7.40099 24.6331 7.39925 29806 7 0.0137355
46.7942 432952 432952 0.142044 24.4889 7.45281 24.4889 7.45108 30106 7 0.0138942
46.9364 428608 430056 0.142586 24.264 7.50377 24.264 7.50204 30404 7 0.0141332
47.0783 425712 425712 0.142198 24.0808 7.55373 24.0808 7.55201 30699 7 0.0142497
47.2206 421368 422816 0.142505 23.7755 7.60261 23.7755 7.60089 30991 7 0.014453
47.3625 418472 418472 0.142192 23.591 7.65051 23.591 7.6488 31280 7 0.0145863
47.5048 414128 415576 0.142437 23.4498 7.69783 23.4498 7.69612 31568 7 0.0147824
47.6465 411232 411232 0.141895 23.304 7.74423 23.304 7.74253 31853 7 0.0148826
47.7881 408336 408336 0.141872 23.0587 7.78963 23.0587 7.78793 32135 7 0.015019
47.9302 403992 405440 0.14232 22.837 7.83422 22.837 7.83253 32415 7 0.0152526
48.0719 401096 401096 0.142045 22.6306 7.87786 22.6306 7.87618 32692 7 0.0154029
48.3227 375032 398200 0.155888 12.7493 7.90314 12.7493 7.90146 32968 7 0.0192031
48.4652 350416 372136 0.15578 20.9717 7.94157 20.9717 7.9399 33226 7 0.0204043
48.6055 328696 347520 0.154248 19.9088 7.9761 19.9088 7.97443 33467 7 0.0212406
48.6343 333040 325800 0.138399 90.3795 8.02496 90.3795 8.02329 33692 7 0.0189761
48.7718 337384 330144 0.137687 19.2978 8.05673 19.2978 8.05507 33921 7 0.0186042
48.9117 338832 334488 0.140201 19.1155 8.08838 19.1155 8.08672 34152 7 0.0187133
49.054 335936 335936 0.142507 18.9716 8.11994 18.9716 8.11829 34385 7 0.0190142
49.197 331592 333040 0.143171 18.6329 8.1505 18.6329 8.14885 34615 7 0.019314
49.3396 327248 328696 0.142832 18.4363 8.18023 18.4363 8.17859 34842 7 0.0195168
49.4817 324352 324352 0.142255 18.3512 8.20943 18.3512 8.20779 35067 7 0.0196644
49.6231 322904 321456 0.141685 18.1834 8.23785 18.1834 8.23622 35289 7 0.0197358
49.7649 321456 320008 0.142001 18.0555 8.26583 18.0555 8.2642 35510 7 0.0198758
49.9074 318560 318560 0.142775 17.9641 8.29352 17.9641 8.2919 35731 7 0.0201032
50.0494 315664 315664 0.142291 17.7802 8.32044 17.7802 8.31882 35949 7 0.0202017
50.1919 312768 312768 0.14271 17.5577 8.34667 17.5577 8.34505 36165 7 0.0204503
50.3088 5792 309872 0.142596 0.59448 8.32865 0.59448 8.32704 36171 7 0.188125
50.419 280912 2896 0.134935 0.420523 8.31137 0.420523 8.30976 36175 7 0.179869
50.5057 373584 278016 0.118687 26.197 8.34206 26.197 8.34046 36371 7 0.0345533
50.6488 430056 370688 0.111841 20.7218 8.37704 20.7218 8.37544 36627 7 0.0185883
50.6796 403992 427160 0.151006 111.091 8.43939 111.091 8.43779 36922 7 0.0169014
50.9011 357656 401096 0.166525 14.5339 8.46592 14.5339 8.46432 37200 7 0.0238211
50.9886 435848 354760 0.103642 32.5763 8.50728 32.5763 8.50569 37446 7 0.0238825
51.081 543000 432952 0.0916882 37.6092 8.55992 37.6092 8.55834 37746 7 0.0285638
51.1943 599472 540104 0.108838 38.2348 8.6256 38.2348 8.62402 38120 7 0.0111876
51.3263 576304 596576 0.133429 36.2615 8.69664 36.2615 8.69506 38533 7 0.00801999
51.3758 544448 573408 0.136699 92.6609 8.77755 92.6609 8.77597 38929 7 0.00990447
51.5101 521280 541552 0.134522 32.2499 8.83877 32.2499 8.83719 39303 7 0.00959765
51.636 519832 518384 0.126276 32.9322 8.89753 32.9322 8.89596 39661 7 0.00821109
51.7556 537208 516936 0.11981 34.5895 8.95688 34.5895 8.95531 40018 7 0.00797663
51.8746 556032 534312 0.119217 36.0301 9.01896 36.0301 9.0174 40388 7 0.00744483
51.9971 564720 553136 0.122751 36.1991 9.08303 36.1991 9.08147 40771 7 0.00682788
52.1239 560376 561824 0.127025 35.455 9.14717 35.455 9.14561 41159 7 0.00704398
52.2534 548792 557480 0.12978 34.4303 9.20984 34.4303 9.20829 41544 7 0.00774348
52.3827 538656 545896 0.129524 33.8671 9.2707 33.8671 9.26915 41922 7 0.00797867
52.5109 531416 535760 0.128399 33.5203 9.32991 33.5203 9.32836 42293 7 0.00803554
52.6388 524176 528520 0.128094 33.0712 9.38757 33.0712 9.38603 42658 7 0.00821818
52.7661 519832 521280 0.127545 32.8322 9.44416 32.8322 9.44263 43019 7 0.00831594
52.8938 514040 516936 0.127944 32.4073 9.49956 32.4073 9.49803 43376 7 0.00853875
53.022 506800 511144 0.128375 31.9843 9.55393 31.9843 9.5524 43730 7 0.00882534
53.1514 496664 503904 0.12961 31.2398 9.60673 31.2398 9.60521 44079 7 0.00933496
53.2812 485080 493768 0.13 30.4389 9.65747 30.4389 9.65595 44420 7 0.00980735
53.5003 448880 482184 0.141868 17.6531 9.69023 17.6531 9.68871 44754 7 0.0141325
53.6289 418472 445984 0.140131 27.8403 9.73374 27.8403 9.73223 45063 7 0.0146372
53.6659 419920 415576 0.1256 89.8317 9.78898 89.8317 9.78747 45350 7 0.0122602
53.7907 421368 417024 0.125138 26.8152 9.8285 26.8152 9.82699 45639 7 0.012131
53.9193 414128 418472 0.128777 26.0383 9.86715 26.0383 9.86564 45928 7 0.0126393
54.0517 399648 411232 0.132686 24.9323 9.90406 24.9323 9.90256 46213 7 0.013817
54.1852 383720 396752 0.133657 23.7758 9.93823 23.7758 9.93674 46487 7 0.0147499
54.3193 367792 380824 0.134411 22.7191 9.96978 22.7191 9.96829 46750 7 0.0156798
54.5548 333040 364896 0.146238 12.4441 9.98047 12.4441 9.97898 47003 7 0.0201302
54.5851 321456 330144 0.132762 87.2234 10.0233 87.2234 10.0218 47231 7 0.0180682
54.7168 311320 318560 0.13196 19.3513 10.0458 19.3513 10.0443 47451 7 0.0185975
54.8497 299736 308424 0.133098 18.5662 10.0664 18.5662 10.0649 47664 7 0.0194478
