0.340049 14480 0 0 0 0 0 0 0 0 0.0439727
0.385551 18824 11584 0.0416504 3.30959 0.390589 3.30959 0.390589 13 0 0.0391442
0.43809 21720 15928 0.0498197 2.42532 0.634609 2.42532 0.634609 24 0 0.0384376
0.50983 23168 18824 0.0616997 2.2606 0.863409 2.2606 0.863409 38 0 0.0380239
0.601156 18824 20272 0.0802852 1.90264 1.02129 1.90264 1.02129 53 0 0.0383119
0.67926 15928 15928 0.0855279 1.63147 1.09145 1.63147 1.09145 64 0 0.0389856
0.743185 13032 13032 0.0892535 1.81212 1.15343 1.81212 1.15343 74 0 0.0394927
0.796657 11584 10136 0.0834527 1.73312 1.19234 1.73312 1.19234 82 0 0.0394799
0.849647 10136 8688 0.0775559 1.53023 1.21342 1.53023 1.21342 89 0 0.0393906
0.850368 11584 7240 0.0694505 80.3373 1.2805 80.3373 1.2805 94 0 0.0393245
0.908766 13032 8688 0.065876 1.38855 1.28744 1.38855 1.28744 101 0 0.0391169
0.97197 14480 10136 0.0645439 1.28295 1.28715 1.28295 1.28715 108 0 0.0389505
1.03662 13032 11584 0.0713345 1.61272 1.30745 1.61272 1.30745 117 0 0.0389061
1.10006 11584 10136 0.0685881 1.27809 1.30576 1.27809 1.30576 124 0 0.0390036
1.16146 10136 8688 0.0740801 1.32061 1.30655 1.32061 1.30655 131 0 0.0392806
1.16218 11584 7240 0.0698876 80.3373 1.35557 80.3373 1.35557 136 0 0.039333
1.22298 13032 8688 0.066954 1.33366 1.35448 1.33366 1.35448 143 0 0.0391307
1.28439 14480 10136 0.0652231 1.32061 1.35286 1.32061 1.35286 150 0 0.0389571
1.34807 13032 11584 0.0709206 1.63706 1.36629 1.63706 1.36629 159 0 0.0388969
1.41332 11584 10136 0.0683067 1.24279 1.36059 1.24279 1.36059 166 0 0.0389989
1.47844 10136 8688 0.0751727 1.24508 1.3555 1.24508 1.3555 173 0 0.0393126
1.47917 11584 7240 0.0718149 80.3373 1.394 80.3373 1.394 178 0 0.0393748
1.54333 10136 8688 0.0694698 1.26373 1.38858 1.26373 1.38858 185 0 0.0391721
1.60738 11584 7240 0.0677737 0.90436 1.36929 0.90436 1.36929 190 0 0.0392956
1.67238 10136 8688 0.0737624 1.24738 1.36455 1.24738 1.36455 197 0 0.0392718
1.74484 11584 7240 0.0717452 0.799376 1.34108 0.799376 1.34108 202 0 0.0393731
1.81994 13032 8688 0.0814094 1.07973 1.33029 1.07973 1.33029 209 0 0.0395407
1.82066 11584 10136 0.0793895 112.472 1.37431 112.472 1.37431 216 0 0.0393058
1.8972 10136 8688 0.0782913 1.05939 1.3616 1.05939 1.3616 223 0 0.0394169
1.97374 11584 7240 0.0778651 0.75671 1.33814 0.75671 1.33814 228 0 0.0395543
2.05101 13032 8688 0.084978 1.04951 1.32727 1.04951 1.32727 235 0 0.0397063
2.12995 11584 10136 0.0829091 1.02714 1.31615 1.02714 1.31615 242 0 0.0394547
2.21034 13032 8688 0.0902914 1.00872 1.30497 1.00872 1.30497 249 0 0.0399999
2.29085 11584 10136 0.0868944 1.00721 1.2945 1.00721 1.2945 256 0 0.0396532
2.37183 13032 8688 0.0944552 1.00124 1.28449 1.00124 1.28449 263 0 0.0402695
2.37256 11584 10136 0.0900139 112.472 1.31827 112.472 1.31827 270 0 0.0398307
2.45462 13032 8688 0.0867933 0.988043 1.30723 0.988043 1.30723 277 0 0.0398003
2.53753 11584 10136 0.0856369 0.97802 1.29648 0.97802 1.29648 284 0 0.0395871
2.62069 13032 8688 0.0924891 0.975193 1.28628 0.975193 1.28628 291 0 0.0401379
2.70336 11584 10136 0.0893569 0.980863 1.27694 0.980863 1.27694 298 0 0.0397917
2.78603 13032 8688 0.0956951 0.980863 1.26816 0.980863 1.26816 305 0 0.0403565
2.86894 11584 10136 0.0915047 0.97802 1.25977 0.97802 1.25977 312 0 0.0399224
2.95245 13032 8688 0.0983603 0.970984 1.2516 0.970984 1.2516 319 0 0.0405539
2.95317 11584 10136 0.0934152 112.472 1.27876 112.472 1.27876 326 0 0.0400464
3.03704 13032 8688 0.089644 0.96681 1.27014 0.96681 1.27014 333 0 0.0399611
3.12091 11584 10136 0.087781 0.96681 1.26199 0.96681 1.26199 340 0 0.0397016
3.20454 13032 8688 0.0941597 0.969588 1.25436 0.969588 1.25436 347 0 0.0402493
3.28817 11584 10136 0.0906012 0.969588 1.24712 0.969588 1.24712 354 0 0.0398663
3.37181 13032 8688 0.0969476 0.969588 1.24023 0.969588 1.24023 361 0 0.0404475
3.45568 11584 10136 0.0926739 0.96681 1.2336 0.96681 1.2336 368 0 0.0399974
3.53955 13032 8688 0.0995552 0.96681 1.22728 0.96681 1.22728 375 0 0.040647
3.54027 11584 10136 0.0944207 112.472 1.24993 112.472 1.24993 382 0 0.0401146
3.62414 13032 8688 0.0901084 0.96681 1.24338 0.96681 1.24338 389 0 0.0399889
3.70789 11584 10136 0.0880922 0.968197 1.23716 0.968197 1.23716 396 0 0.039719
3.79152 13032 8688 0.0943421 0.969588 1.23126 0.969588 1.23126 403 0 0.0402618
3.87492 11584 10136 0.0905983 0.972383 1.22569 0.972383 1.22569 410 0 0.0398661
3.95855 13032 8688 0.0969459 0.969588 1.22028 0.969588 1.22028 417 0 0.0404474
4.0423 11584 10136 0.0925771 0.968197 1.21506 0.968197 1.21506 424 0 0.0399911
4.12617 13032 8688 0.0995121 0.96681 1.21001 0.96681 1.21001 431 0 0.0406436
4.12689 11584 10136 0.0942669 112.472 1.22945 112.472 1.22945 438 0 0.0401041
4.21076 13032 8688 0.0900183 0.96681 1.22422 0.96681 1.22422 445 0 0.0399835
4.29451 11584 10136 0.0880318 0.968197 1.21922 0.968197 1.21922 452 0 0.0397156
4.37815 13032 8688 0.0941973 0.969588 1.21445 0.969588 1.21445 459 0 0.0402518
4.46154 11584 10136 0.0908314 0.972383 1.20993 0.972383 1.20993 466 0 0.0398804
4.54517 13032 8688 0.0968895 0.969588 1.20551 0.969588 1.20551 473 0 0.0404432
4.6288 11584 10136 0.0925256 0.969588 1.20124 0.969588 1.20124 480 0 0.0399878
4.71267 13032 8688 0.0993725 0.96681 1.19707 0.96681 1.19707 487 0 0.0406326
4.71339 11584 10136 0.0942027 112.472 1.21409 112.472 1.21409 494 0 0.0400997
4.79726 13032 8688 0.09009 0.96681 1.20977 0.96681 1.20977 501 0 0.0399878
4.88126 11584 10136 0.0881892 0.965427 1.20557 0.965427 1.20557 508 0 0.0397245
4.96489 13032 8688 0.094274 0.969588 1.20159 0.969588 1.20159 515 0 0.0402571
5.04852 11584 10136 0.0908828 0.969588 1.19775 0.969588 1.19775 522 0 0.0398836
5.13215 13032 8688 0.0970033 0.969588 1.19403 0.969588 1.19403 529 0 0.0404516
5.21602 11584 10136 0.0928362 0.96681 1.19038 0.96681 1.19038 536 0 0.0400081
5.29989 13032 8688 0.0995546 0.96681 1.18684 0.96681 1.18684 543 0 0.0406469
5.30061 11584 10136 0.0944204 112.472 1.20197 112.472 1.20197 550 0 0.0401146
5.38449 13032 8688 0.0902039 0.96681 1.19831 0.96681 1.19831 557 0 0.0399947
5.46824 11584 10136 0.0880468 0.968197 1.19479 0.968197 1.19479 564 0 0.0397165
5.55187 13032 8688 0.0943155 0.969588 1.19139 0.969588 1.19139 571 0 0.0402599
5.63526 11584 10136 0.0909106 0.972383 1.18815 0.972383 1.18815 578 0 0.0398853
5.71889 13032 8688 0.0968946 0.969588 1.18496 0.969588 1.18496 585 0 0.0404436
5.80264 11584 10136 0.0926384 0.968197 1.18183 0.968197 1.18183 592 0 0.0399951
5.88651 13032 8688 0.0995344 0.96681 1.17876 0.96681 1.17876 599 0 0.0406453
5.88724 11584 10136 0.0942974 112.472 1.19239 112.472 1.19239 606 0 0.0401062
5.97111 13032 8688 0.0901612 0.96681 1.18923 0.96681 1.18923 613 0 0.0399921
6.05486 11584 10136 0.0881275 0.968197 1.18617 0.968197 1.18617 620 0 0.039721
6.13849 13032 8688 0.0943628 0.969588 1.18322 0.969588 1.18322 627 0 0.0402632
6.22188 11584 10136 0.0906122 0.972383 1.18039 0.972383 1.18039 634 0 0.039867
6.30551 13032 8688 0.0969541 0.969588 1.1776 0.969588 1.1776 641 0 0.040448
6.38914 11584 10136 0.0924731 0.969588 1.17487 0.969588 1.17487 648 0 0.0399844
6.47302 13032 8688 0.0994668 0.96681 1.17218 0.96681 1.17218 655 0 0.04064
6.47374 11584 10136 0.0943615 112.472 1.18457 112.472 1.18457 662 0 0.0401106
6.55761 13032 8688 0.08999 0.96681 1.18179 0.96681 1.18179 669 0 0.0399818
6.6416 11584 10136 0.0881085 0.965427 1.17905 0.965427 1.17905 676 0 0.0397199
6.72523 13032 8688 0.0942423 0.969588 1.17645 0.969588 1.17645 683 0 0.0402549
6.80886 11584 10136 0.0908616 0.969588 1.17391 0.969588 1.17391 690 0 0.0398823
6.89249 13032 8688 0.0971002 0.969588 1.17143 0.969588 1.17143 697 0 0.0404588
6.97637 11584 10136 0.0925711 0.96681 1.16897 0.96681 1.16897 704 0 0.0399907
7.06024 13032 8688 0.0996336 0.96681 1.16656 0.96681 1.16656 711 0 0.0406532
7.06096 11584 10136 0.0943483 112.472 1.17793 112.472 1.17793 718 0 0.0401097
7.14483 13032 8688 0.090066 0.96681 1.17545 0.96681 1.17545 725 0 0.0399863
7.22858 11584 10136 0.0880637 0.968197 1.17305 0.968197 1.17305 732 0 0.0397174
7.31209 13032 8688 0.0942161 0.970984 1.17074 0.970984 1.17074 739 0 0.0402531
7.39548 11584 10136 0.090844 0.972383 1.16851 0.972383 1.16851 746 0 0.0398812
7.47899 13032 8688 0.0966761 0.970984 1.1663 0.970984 1.1663 753 0 0.0404275
7.56263 11584 10136 0.092492 0.969588 1.16412 0.969588 1.16412 760 0 0.0399856
7.6465 13032 8688 0.0994486 0.96681 1.16196 0.96681 1.16196 767 0 0.0406386
7.64722 11584 10136 0.09424 112.472 1.17245 112.472 1.17245 774 0 0.0401022
7.73109 13032 8688 0.0901275 0.96681 1.17022 0.96681 1.17022 781 0 0.03999
7.81508 11584 10136 0.0882299 0.965427 1.16802 0.965427 1.16802 788 0 0.0397268
7.89871 13032 8688 0.0944229 0.969588 1.16592 0.969588 1.16592 795 0 0.0402673
7.98234 11584 10136 0.0908868 0.969588 1.16386 0.969588 1.16386 802 0 0.0398839
8.06598 13032 8688 0.09699 0.969588 1.16185 0.969588 1.16185 809 0 0.0404506
8.14985 11584 10136 0.0927023 0.96681 1.15984 0.96681 1.15984 816 0 0.0399993
8.23372 13032 8688 0.0996556 0.96681 1.15788 0.96681 1.15788 823 0 0.0406549
8.23444 11584 10136 0.0943923 112.472 1.16762 112.472 1.16762 830 0 0.0401127
8.31831 13032 8688 0.0902012 0.96681 1.1656 0.96681 1.1656 837 0 0.0399945
8.4023 11584 10136 0.0882637 0.965427 1.1636 0.965427 1.1636 844 0 0.0397287
8.48618 13032 8688 0.0944426 0.96681 1.16165 0.96681 1.16165 851 0 0.0402687
8.56981 11584 10136 0.0909958 0.969588 1.15978 0.969588 1.15978 858 0 0.0398906
8.65344 13032 8688 0.0971789 0.969588 1.15794 0.969588 1.15794 865 0 0.0404646
8.73707 11584 10136 0.0926238 0.969588 1.15614 0.969588 1.15614 872 0 0.0399942
8.82094 13032 8688 0.0994301 0.96681 1.15434 0.96681 1.15434 879 0 0.0406371
8.82166 11584 10136 0.094337 112.472 1.16343 112.472 1.16343 886 0 0.0401089
8.90553 13032 8688 0.090155 0.96681 1.16158 0.96681 1.16158 893 0 0.0399917
8.98953 11584 10136 0.0882191 0.965427 1.15975 0.965427 1.15975 900 0 0.0397262
9.07316 13032 8688 0.0943071 0.969588 1.158 0.969588 1.158 907 0 0.0402594
9.15679 11584 10136 0.090905 0.969588 1.15628 0.969588 1.15628 914 0 0.039885
9.24042 13032 8688 0.0971257 0.969588 1.15459 0.969588 1.15459 921 0 0.0404607
9.32429 11584 10136 0.0925881 0.96681 1.1529 0.96681 1.1529 928 0 0.0399918
9.40816 13032 8688 0.0996436 0.96681 1.15124 0.96681 1.15124 935 0 0.040654
9.40888 11584 10136 0.094355 112.472 1.15977 112.472 1.15977 942 0 0.0401101
9.49276 13032 8688 0.0900699 0.96681 1.15806 0.96681 1.15806 949 0 0.0399866
9.57675 11584 10136 0.0880664 0.965427 1.15637 0.965427 1.15637 956 0 0.0397176
9.66062 13032 8688 0.0944227 0.96681 1.15473 0.96681 1.15473 963 0 0.0402673
9.74413 11584 10136 0.090873 0.970984 1.15315 0.970984 1.15315 970 0 0.039883
9.82752 13032 8688 0.097107 0.972383 1.15162 0.972383 1.15162 977 0 0.0404593
9.91115 11584 10136 0.0926849 0.969588 1.15008 0.969588 1.15008 984 0 0.0399982
9.99478 13032 8688 0.0993409 0.969588 1.14857 0.969588 1.14857 991 0 0.0406301
9.99551 11584 10136 0.0942772 112.472 1.1566 112.472 1.1566 998 0 0.0401048
10.0787 5792 8688 0.0929926 0.139313 1.14821 0.139313 1.14821 999 0 0.0402268
10.1194 10136 2896 0.0837713 1.13658 1.14816 1.13658 1.14816 1003 0 0.0402903
10.197 13032 7240 0.0781202 1.3431 1.14965 1.3431 1.14965 1012 0 0.0395747
10.2958 14480 10136 0.0914243 0.938246 1.14762 0.938246 1.14762 1020 0 0.0399173
10.3736 15928 11584 0.100356 1.34102 1.14907 1.34102 1.14907 1029 0 0.0404063
10.4376 18824 13032 0.0893547 1.62785 1.15201 1.62785 1.15201 1038 0 0.0394986
10.4986 23168 15928 0.0846841 2.27728 1.15855 2.27728 1.15855 1050 0 0.0389619
10.5651 28960 20272 0.0800363 2.61496 1.16771 2.61496 1.16771 1065 0 0.038328
10.5668 37648 26064 0.0721193 123.949 1.18726 123.949 1.18726 1083 0 0.0375492
10.642 49232 34752 0.0742909 3.69603 1.20499 3.69603 1.20499 1107 0 0.0368218
10.723 62264 46336 0.079011 4.57708 1.23046 4.57708 1.23046 1139 0 0.0358735
10.8064 75296 59368 0.082704 5.69538 1.26491 5.69538 1.26491 1180 0 0.0347354
10.8872 88328 72400 0.0870185 7.30556 1.30978 7.30556 1.30978 1231 0 0.033682
10.9644 110048 85432 0.0795781 8.85963 1.3629 8.85963 1.3629 1290 0 0.0326283
11.0421 131768 107152 0.0827972 11.1752 1.43198 11.1752 1.43198 1365 0 0.0307453
11.122 162176 128872 0.0800377 12.9023 1.51439 12.9023 1.51439 1454 0 0.02948
11.2059 186792 159280 0.0881892 15.3308 1.6178 15.3308 1.6178 1565 0 0.0266861
11.296 214304 183896 0.0881702 16.3245 1.73513 16.3245 1.73513 1692 0 0.0249284
11.3904 225888 211408 0.0998599 18.0529 1.87026 18.0529 1.87026 1839 0 0.0224554
11.486 243264 222992 0.0964631 18.6512 2.01 18.6512 2.01 1993 0 0.0216165
11.5794 263536 240368 0.0962333 20.5961 2.15986 20.5961 2.15986 2159 0 0.0205128
11.6712 288152 260640 0.0946319 22.7132 2.32153 22.7132 2.32153 2339 0 0.0193058
11.6928 318560 285256 0.0936917 105.51 2.5124 105.51 2.5124 2536 0 0.018138
11.7887 346072 315664 0.0961066 26.457 2.70717 26.457 2.70717 2755 0 0.0160643
11.8867 369240 343176 0.0983026 27.9999 2.9158 27.9999 2.9158 2992 0 0.0141906
11.9883 385168 366344 0.10177 28.9785 3.13654 28.9785 3.13654 3246 0 0.0126627
12.0904 399648 382272 0.102334 30.0556 3.36394 30.0556 3.36394 3511 0 0.0117809
12.1918 417024 396752 0.101627 31.2973 3.5963 31.2973 3.5963 3785 0 0.0111431
12.2937 434400 414128 0.102098 32.5139 3.83598 32.5139 3.83598 4071 0 0.0103311
12.3963 448880 431504 0.102888 33.6401 4.0827 33.6401 4.0827 4369 0 0.0094256
12.4999 461912 445984 0.103729 34.4463 4.3343 34.4463 4.3343 4677 0 0.00878662
12.6036 474944 459016 0.10397 35.4117 4.58999 35.4117 4.58999 4994 0 0.00825634
12.7076 487976 472048 0.104198 36.4444 4.85054 36.4444 4.85054 5321 0 0.00774926
12.8118 499560 485080 0.104453 37.2069 5.11395 37.2069 5.11395 5656 0 0.00720543
12.9165 509696 496664 0.104967 38.0749 5.38102 38.0749 5.38102 6000 0 0.00676852
13.0215 519832 506800 0.105236 38.7163 5.64987 38.7163 5.64987 6351 0 0.00643489
13.1263 529968 516936 0.105 39.4685 5.91983 39.4685 5.91983 6708 0 0.00607034
13.232 537208 527072 0.106 39.9861 6.19206 39.9861 6.19206 7073 0 0.00574317
13.3365 548792 534312 0.104686 40.936 6.46409 40.936 6.46409 7442 0 0.00554354
13.4412 558928 545896 0.105109 41.7902 6.73947 41.7902 6.73947 7820 0 0.00517988
13.5455 571960 556032 0.104504 42.7602 7.01682 42.7602 7.01682 8205 0 0.00495795
13.6495 586440 569064 0.10422 43.8001 7.29692 43.8001 7.29692 8598 0 0.00465615
13.7539 599472 583544 0.104491 44.8188 7.58179 44.8188 7.58179 9002 0 0.0042517
13.8583 612504 596576 0.104713 45.8172 7.86988 45.8172 7.86988 9415 0 0.00397508
13.9641 621192 609608 0.106 46.1209 8.15953 46.1209 8.15953 9836 0 0.00365178
14.0699 629880 618296 0.106084 46.8346 8.45052 46.8346 8.45052 10264 0 0.00349145
14.1761 637120 626984 0.106439 47.33 8.74184 47.33 8.74184 10698 0 0.00332584
14.2824 644360 634224 0.106551 47.8752 9.03289 47.8752 9.03289 11137 0 0.00321336
14.3877 654496 641464 0.105651 48.6971 9.3234 48.6971 9.3234 11580 0 0.00310435
14.4936 663184 651600 0.106033 49.3514 9.61576 49.3514 9.61576 12031 0 0.00294178
14.5989 674768 660288 0.105423 50.1833 9.90826 50.1833 9.90826 12487 0 0.00287413
14.7044 684904 671872 0.105774 50.9474 10.2027 50.9474 10.2027 12951 0 0.00271197
14.81 695040 682008 0.105827 51.6572 10.4983 51.6572 10.4983 13422 0 0.00261151
14.9166 702280 692144 0.106815 52.0608 10.7953 52.0608 10.7953 13901 0 0.00252283
15.0233 708072 699384 0.106982 52.4364 11.0911 52.4364 11.0911 14384 0 0.00244912
15.1302 712416 705176 0.10715 52.8602 11.3863 52.8602 11.3863 14872 0 0.0023995
15.2374 716760 709520 0.107431 53.0659 11.6795 53.0659 11.6795 15363 0 0.0023998
15.3439 724000 713864 0.10668 53.6428 11.9706 53.6428 11.9706 15856 0 0.00236504
15.4506 729792 721104 0.106972 54.1734 12.2621 54.1734 12.2621 16355 0 0.00232542
15.5573 735584 726896 0.106993 54.4991 12.5518 54.4991 12.5518 16857 0 0.00230595
15.6642 739928 732688 0.107147 54.8099 12.8403 54.8099 12.8403 17363 0 0.00227771
15.771 744272 737032 0.107132 55.1969 13.1272 55.1969 13.1272 17872 0 0.00226696
15.878 748616 741376 0.107171 55.5682 13.413 55.5682 13.413 18385 0 0.00226394
15.9848 754408 745720 0.107005 55.8475 13.6966 55.8475 13.6966 18900 0 0.00227045
16.0914 761648 751512 0.106803 56.5169 13.9802 56.5169 13.9802 19420 0 0.00228384
16.1983 765992 758752 0.107226 56.868 14.2634 56.868 14.2634 19945 0 0.00226928
16.305 771784 763096 0.106992 57.2132 14.5445 57.2132 14.5445 20472 0 0.0022801
16.4122 776128 768888 0.107448 57.497 14.825 57.497 14.825 21004 0 0.00231022
16.5189 783368 773232 0.106882 58.0817 15.1044 58.0817 15.1044 21539 0 0.00232953
16.6257 789160 780472 0.107135 58.4502 15.3829 58.4502 15.3829 22078 0 0.00234734
16.7332 793504 786264 0.107555 58.6624 15.6607 58.6624 15.6607 22622 0 0.00238853
16.8403 797848 790608 0.107531 59.1182 15.9373 59.1182 15.9373 23169 0 0.00241005
16.9475 802192 794952 0.107472 59.3343 16.2118 59.3343 16.2118 23718 0 0.00243085
17.0545 807984 799296 0.107131 59.901 16.4857 59.901 16.4857 24271 0 0.00245379
17.1615 812328 805088 0.107343 60.1583 16.7582 60.1583 16.7582 24827 0 0.00249075
17.2685 818120 809432 0.107131 60.5509 17.0294 60.5509 17.0294 25386 0 0.00253213
17.3755 822464 815224 0.107344 61.0239 17.3005 61.0239 17.3005 25950 0 0.0025775
17.4827 826808 819568 0.107345 61.2797 17.5701 61.2797 17.5701 26517 0 0.00261924
17.5895 832600 823912 0.107105 61.7034 17.8381 61.7034 17.8381 27086 0 0.002667
17.6966 836944 829704 0.10724 62.1059 18.1059 62.1059 18.1059 27660 0 0.00271692
17.8035 842736 834048 0.107218 62.5006 18.3726 62.5006 18.3726 28237 0 0.0027915
17.9106 848528 839840 0.107239 62.7551 18.6379 62.7551 18.6379 28817 0 0.00286516
18.0178 852872 845632 0.107418 63.117 18.9025 63.117 18.9025 29401 0 0.00293236
18.1252 855768 849976 0.107648 63.2993 19.1656 63.2993 19.1656 29988 0 0.00299603
18.2329 857216 852872 0.107857 63.4808 19.4273 63.4808 19.4273 30578 0 0.00304653
18.3401 861560 854320 0.107481 63.8736 19.6871 63.8736 19.6871 31169 0 0.00306191
18.4474 865904 858664 0.107573 64.018 19.9449 64.018 19.9449 31762 0 0.00313644
18.5548 868800 863008 0.107679 64.3777 20.2022 64.3777 20.2022 32359 0 0.00319634
18.6624 870248 865904 0.107837 64.3416 20.4568 64.3416 20.4568 32957 0 0.00324736
18.7696 874592 867352 0.107444 64.7382 20.7097 64.7382 20.7097 33556 0 0.00326376
18.8767 878936 871696 0.107305 65.2436 20.9623 65.2436 20.9623 34159 0 0.00332446
18.984 883280 876040 0.107479 65.3134 21.2129 65.3134 21.2129 34764 0 0.00341745
19.0914 887624 880384 0.107641 65.6717 21.4631 65.6717 21.4631 35373 0 0.0035121
19.1991 889072 884728 0.107926 65.7403 21.7114 65.7403 21.7114 35984 0 0.00359143
19.3066 891968 886176 0.107819 66.0292 21.9583 66.0292 21.9583 36597 0 0.00362027
19.414 894864 889072 0.107699 66.2109 22.2031 66.2109 22.2031 37211 0 0.00366543
19.5211 899208 891968 0.107322 66.6502 22.4469 66.6502 22.4469 37827 0 0.00370614
19.6284 903552 896312 0.107611 66.8248 22.6895 66.8248 22.6895 38446 0 0.00382261
19.7359 906448 900656 0.107714 67.1064 22.9315 67.1064 22.9315 39069 0 0.00390558
19.8431 910792 903552 0.107436 67.4401 23.1719 67.4401 23.1719 39693 0 0.0039604
19.9504 915136 907896 0.107587 67.6885 23.4114 67.6885 23.4114 40320 0 0.00407091
20.0577 919480 912240 0.107613 68.1203 23.6505 68.1203 23.6505 40951 0 0.00417234
20.0789 5792 916584 0.107728 98.0481 23.7289 98.0481 23.7289 41130 0 1.48839
20.1859 822464 4344 0.107713 0 23.603 0 23.603 41130 0 1.22751
20.2264 1096136 819568 0.103808 163.121 23.8818 163.121 23.8818 41699 0 0.135412
20.2971 870248 1093240 0.102897 123.575 24.2294 123.575 24.2294 42454 0 0.10093
20.4172 712416 867352 0.097542 57.9008 24.4274 57.9008 24.4274 43054 0 0.0466748
20.5277 554584 709520 0.106378 51.4508 24.5729 51.4508 24.5729 43545 0 0.0465536
20.5878 453224 551688 0.0978269 73.4605 24.7156 73.4605 24.7156 43926 0 0.0224921
20.7536 350416 450328 0.108248 21.7959 24.6922 21.7959 24.6922 44238 0 0.0275041
20.8787 260640 347520 0.116227 22.3185 24.678 22.3185 24.678 44479 0 0.0290092
20.9099 192584 257744 0.117227 66.0002 24.7397 66.0002 24.7397 44657 0 0.0287403
21.0422 133216 189688 0.132639 11.4705 24.6563 11.4705 24.6563 44788 0 0.0338677
21.3186 97016 130320 0.161004 3.81428 24.3861 3.81428 24.3861 44879 0 0.0398384
21.3333 69504 94120 0.147022 51.3632 24.4047 51.3632 24.4047 44944 0 0.0395089
21.6144 52128 66608 0.161956 1.93634 24.1124 1.93634 24.1124 44991 0 0.0441424
21.62 39096 49232 0.143174 71.2557 24.1244 71.2557 24.1244 45025 0 0.0421407
21.7615 28960 36200 0.141943 2.04594 23.9808 2.04594 23.9808 45050 0 0.0431291
22.0475 23168 26064 0.161035 0.769618 23.6797 0.769618 23.6797 45069 0 0.0475359
22.0497 18824 20272 0.149821 74.9815 23.6848 74.9815 23.6848 45083 0 0.0459682
22.1963 15928 15928 0.148108 0.869224 23.5341 0.869224 23.5341 45094 0 0.0460969
22.488 14480 13032 0.165622 0.397054 23.2339 0.397054 23.2339 45104 0 0.0497818
22.6336 13032 11584 0.174263 0.715877 23.089 0.715877 23.089 45113 0 0.0518336
22.6346 14480 10136 0.162483 84.3542 23.0916 84.3542 23.0916 45120 0 0.0494327
22.7799 13032 11584 0.155428 0.717654 22.949 0.717654 22.949 45129 0 0.0478841
22.9257 14480 10136 0.151526 0.555876 22.8065 0.555876 22.8065 45136 0 0.0473069
23.0719 13032 11584 0.163116 0.713522 22.6666 0.713522 22.6666 45145 0 0.0494106
23.2182 14480 10136 0.156338 0.554051 22.5272 0.554051 22.5272 45152 0 0.0482108
23.3642 13032 11584 0.168128 0.71411 22.3909 0.71411 22.3909 45161 0 0.0504693
23.5101 14480 10136 0.159096 0.555876 22.2554 0.555876 22.2554 45168 0 0.0487499
23.6558 13032 11584 0.171802 0.715287 22.1227 0.715287 22.1227 45177 0 0.0512772
23.6568 14480 10136 0.161124 84.3542 22.1252 84.3542 22.1252 45184 0 0.049156
23.8029 13032 11584 0.154949 0.713522 21.9938 0.713522 21.9938 45193 0 0.047793
23.949 14480 10136 0.151455 0.554962 21.863 0.554962 21.863 45200 0 0.0472938
24.0951 13032 11584 0.163283 0.713522 21.7347 0.713522 21.7347 45209 0 0.0494451
24.2409 14480 10136 0.156131 0.556334 21.6074 0.556334 21.6074 45216 0 0.048171
24.3868 13032 11584 0.167798 0.714698 21.4824 0.714698 21.4824 45225 0 0.0503981
24.5325 14480 10136 0.158861 0.556334 21.3581 0.556334 21.3581 45232 0 0.0487034
24.6783 13032 11584 0.171664 0.715287 21.2362 0.715287 21.2362 45241 0 0.0512465
24.6792 14480 10136 0.161044 84.3542 21.2386 84.3542 21.2386 45248 0 0.0491397
24.8244 13032 11584 0.154514 0.718248 21.1186 0.718248 21.1186 45257 0 0.0477105
24.9702 14480 10136 0.150907 0.556334 20.9986 0.556334 20.9986 45264 0 0.0471939
25.1161 13032 11584 0.162878 0.71411 20.8807 0.71411 20.8807 45273 0 0.0493616
25.2619 14480 10136 0.155894 0.556334 20.7634 0.556334 20.7634 45280 0 0.0481255
25.4075 13032 11584 0.167659 0.715877 20.6485 0.715877 20.6485 45289 0 0.0503681
25.5529 14480 10136 0.158571 0.557714 20.5342 0.557714 20.5342 45296 0 0.0486461
25.6984 13032 11584 0.17126 0.716468 20.422 0.716468 20.422 45305 0 0.0511563
25.6994 14480 10136 0.160711 84.3542 20.4244 84.3542 20.4244 45312 0 0.0490726
25.8454 13032 11584 0.154733 0.71411 20.313 0.71411 20.313 45321 0 0.0477519
25.9914 14480 10136 0.151228 0.555419 20.2021 0.555419 20.2021 45328 0 0.0472525
26.1373 13032 11584 0.163051 0.714698 20.0933 0.714698 20.0933 45337 0 0.0493972
26.2835 14480 10136 0.156104 0.554506 19.9846 0.554506 19.9846 45344 0 0.0481659
26.4299 13032 11584 0.167892 0.712351 19.8779 0.712351 19.8779 45353 0 0.0504183
26.5762 14480 10136 0.159246 0.554051 19.7715 0.554051 19.7715 45360 0 0.0487797
26.7226 13032 11584 0.172099 0.712351 19.6671 0.712351 19.6671 45369 0 0.0513437
26.7235 14480 10136 0.161629 84.3542 19.6694 84.3542 19.6694 45376 0 0.0492582
26.8699 13032 11584 0.155341 0.712351 19.5661 0.712351 19.5661 45385 0 0.0478675
27.0162 14480 10136 0.151684 0.554051 19.4631 0.554051 19.4631 45392 0 0.0473358
27.1631 13032 11584 0.163748 0.710019 19.3618 0.710019 19.3618 45401 0 0.0495412
27.3101 14480 10136 0.156942 0.551335 19.2605 0.551335 19.2605 45408 0 0.0483276
27.4572 13032 11584 0.168922 0.708859 19.1611 0.708859 19.1611 45417 0 0.0506416
27.6047 14480 10136 0.159975 0.549987 19.0617 0.549987 19.0617 45424 0 0.0489249
27.7519 13032 11584 0.173186 0.70828 18.9643 0.70828 18.9643 45433 0 0.0515887
27.7528 14480 10136 0.162529 84.3542 18.9666 84.3542 18.9666 45440 0 0.0494421
27.9003 13032 11584 0.156421 0.707126 18.8701 0.707126 18.8701 45449 0 0.0480746
28.0476 14480 10136 0.152811 0.550435 18.7739 0.550435 18.7739 45456 0 0.0475438
28.1952 13032 11584 0.164709 0.705975 18.6793 0.705975 18.6793 45465 0 0.0497417
28.3426 14480 10136 0.15767 0.550435 18.585 0.550435 18.585 45472 0 0.0484692
28.4905 13032 11584 0.169663 0.704828 18.4922 0.704828 18.4922 45481 0 0.0508035
28.6383 14480 10136 0.160698 0.548645 18.3996 0.548645 18.3996 45488 0 0.04907
28.7864 13032 11584 0.173818 0.703685 18.3085 0.703685 18.3085 45497 0 0.0517323
28.7874 14480 10136 0.163369 84.3542 18.3107 84.3542 18.3107 45504 0 0.0496149
28.9354 13032 11584 0.157118 0.704256 18.2207 0.704256 18.2207 45513 0 0.0482096
29.0835 14480 10136 0.153454 0.547755 18.1307 0.547755 18.1307 45520 0 0.0476636
29.2313 13032 11584 0.165375 0.705401 18.0426 0.705401 18.0426 45529 0 0.0498815
29.3794 14480 10136 0.158294 0.54731 17.9544 0.54731 17.9544 45536 0 0.0485916
29.5276 13032 11584 0.170222 0.703685 17.8678 0.703685 17.8678 45545 0 0.0509265
29.676 14480 10136 0.161231 0.546424 17.7812 0.546424 17.7812 45552 0 0.0491776
29.8245 13032 11584 0.174435 0.701977 17.6961 0.701977 17.6961 45561 0 0.0518731
29.8255 14480 10136 0.163814 84.3542 17.6983 84.3542 17.6983 45568 0 0.0497072
29.974 13032 11584 0.157559 0.701977 17.6141 0.701977 17.6141 45577 0 0.0482953
30.1218 5792 10136 0.155428 0.235134 17.5288 0.235134 17.5288 45580 0 0.0481258
30.2684 11584 2896 0.170893 0.237061 17.4451 0.237061 17.4451 45583 0 0.0520485
30.3419 14480 8688 0.145567 1.57452 17.4066 1.57452 17.4066 45593 0 0.0464152
30.4751 18824 11584 0.129444 0.696063 17.3336 0.696063 17.3336 45601 0 0.04363
30.476 24616 15928 0.13122 132.557 17.3372 132.557 17.3372 45612 0 0.043451
30.6402 23168 21720 0.138903 0.846891 17.2489 0.846891 17.2489 45624 0 0.0439461
30.6403 21720 21720 0.138903 96.4048 17.2492 0 17.2488 45625 1 0.0439461
30.6404 20539 20272 0.138903 0 17.2491 0 17.2487 45625 1 0.044095
30.6405 19663 18824 0.138903 0 17.249 0 17.2487 45625 1 0.0442443
30.6407 18786 17376 0.138903 0 17.249 0 17.2486 45625 1 0.0443951
30.6408 17910 15928 0.138903 0 17.2489 0 17.2485 45625 1 0.0445461
30.7778 17034 15928 0.138903 0.0845652 17.1725 0 17.1718 45626 2 0.0445461
30.7779 16157 14480 0.138903 0 17.1724 0 17.1717 45626 2 0.0446974
30.778 10136 8688 0.138903 96.4048 17.1728 0 17.1716 45627 3 0.0453688
30.7785 10860 8688 0.138903 96.5357 17.174 0 17.1714 45631 7 0.0453052
30.7786 10136 8688 0.138903 96.4048 17.1743 0 17.1713 45632 8 0.0453052
30.8861 10860 8688 0.138903 0.21543 17.1153 0 17.1115 45634 10 0.0453052
30.8865 11584 8688 0.138903 96.58 17.1162 0 17.1113 45637 13 0.0453052
30.9769 14480 8688 0.124484 0.769187 17.0685 0.769187 17.0636 45643 13 0.0432517
31.0643 18824 11584 0.113057 1.05939 17.0234 1.05939 17.0186 45651 13 0.0416225
31.0653 24616 15928 0.102688 132.557 17.027 132.557 17.0221 45662 13 0.0402009
31.1652 31856 21720 0.101142 1.85617 16.9784 1.85617 16.9736 45678 13 0.0395026
31.3005 36200 28960 0.126339 1.79796 16.9128 1.79796 16.908 45699 13 0.041405
31.4403 39096 33304 0.135436 1.90491 16.846 1.90491 16.8412 45722 13 0.0422319
31.5724 40544 36200 0.145599 2.28073 16.7851 2.28073 16.7803 45748 13 0.0435627
31.6954 43440 37648 0.139765 2.54192 16.7298 2.54192 16.725 45775 13 0.0424624
31.8151 50680 40544 0.124802 2.71017 16.677 2.71017 16.6723 45803 13 0.0400847
31.9371 57920 47784 0.121615 3.13434 16.6253 3.13434 16.6206 45836 13 0.038955
32.0635 62264 55024 0.135318 3.57394 16.5739 3.57394 16.5692 45875 13 0.0400524
32.1934 69504 59368 0.128562 3.65643 16.5218 3.65643 16.5171 45916 13 0.038712
32.324 72400 66608 0.14405 4.16838 16.4718 4.16838 16.4672 45963 13 0.04029
32.4536 79640 69504 0.131869 4.28863 16.4232 4.28863 16.4185 46011 13 0.0381881
32.4594 88328 76744 0.130113 106.447 16.4392 106.447 16.4345 46064 13 0.0372828
32.5887 98464 85432 0.129574 5.37573 16.3953 5.37573 16.3907 46124 13 0.0364294
32.7183 108600 95568 0.130359 5.98621 16.354 5.98621 16.3494 46191 13 0.0355886
32.8488 120184 105704 0.130679 6.48025 16.3148 6.48025 16.3102 46264 13 0.0347535
32.9813 130320 117288 0.133253 7.1735 16.2781 7.1735 16.2735 46346 13 0.0340161
33.1156 140456 127424 0.135026 7.67444 16.2432 7.67444 16.2386 46435 13 0.0333742
33.2482 153488 137560 0.133063 8.2957 16.2115 8.2957 16.207 46530 13 0.0323127
33.3804 167968 150592 0.13301 9.20228 16.1837 9.20228 16.1792 46635 13 0.0312527
33.5104 186792 165072 0.130378 10.1573 16.1604 10.1573 16.1559 46749 13 0.0299131
33.6386 208512 183896 0.128611 11.4746 16.1425 11.4746 16.138 46876 13 0.0283355
33.769 228784 205616 0.1314 12.7059 16.1292 12.7059 16.1248 47019 13 0.0269026
33.9056 246160 225888 0.136613 13.227 16.1175 13.227 16.1131 47175 13 0.0259401
34.0461 259192 243264 0.140557 13.8546 16.1082 13.8546 16.1038 47343 13 0.0250513
34.1887 269328 256296 0.142931 14.3754 16.101 14.3754 16.0966 47520 13 0.024393
34.3309 279464 266432 0.143573 15.076 16.0967 15.076 16.0923 47705 13 0.0237956
34.4747 289600 276568 0.144059 15.3829 16.0937 15.3829 16.0894 47896 13 0.0231872
34.6182 298288 286704 0.145074 16.0675 16.0936 16.0675 16.0893 48095 13 0.0226353
34.7642 305528 295392 0.146127 16.1865 16.094 16.1865 16.0897 48299 13 0.0222074
34.9102 312768 302632 0.146358 16.5832 16.0961 16.5832 16.0918 48508 13 0.021783
35.0587 314216 309872 0.150425 16.7694 16.0989 16.7694 16.0946 48723 13 0.0219556
35.2069 318560 311320 0.148419 16.8102 16.1019 16.8102 16.0976 48938 13 0.0215361
35.355 320008 315664 0.150572 17.123 16.1062 17.123 16.1019 49157 13 0.0216219
35.5035 324352 317112 0.14879 17.0814 16.1103 17.0814 16.106 49376 13 0.0212429
35.6549 321456 321456 0.153516 17.0621 16.1143 17.0621 16.1101 49599 13 0.0218196
35.8066 322904 318560 0.151919 16.8059 16.1172 16.8059 16.113 49819 13 0.0216894
35.9581 324352 320008 0.151699 16.8957 16.1205 16.8957 16.1163 50040 13 0.0215604
36.1108 318560 321456 0.155971 16.9145 16.1239 16.9145 16.1197 50263 13 0.0223296
36.2634 317112 315664 0.152842 16.5482 16.1257 16.5482 16.1215 50481 13 0.0220384
36.4154 315664 314216 0.152286 16.5374 16.1274 16.5374 16.1233 50698 13 0.0220249
36.5679 308424 312768 0.156675 16.4853 16.1289 16.4853 16.1248 50915 13 0.0230337
36.7208 306976 305528 0.153007 15.9917 16.1283 15.9917 16.1242 51126 13 0.0227025
36.8735 299736 304080 0.157561 16.0043 16.1278 16.0043 16.1237 51337 13 0.0237514
37.0273 296840 296840 0.153746 15.4398 16.1249 15.4398 16.1209 51542 13 0.0234061
37.181 288152 293944 0.159252 15.3765 16.1218 15.3765 16.1178 51746 13 0.0247752
37.3351 278016 285256 0.159705 14.8777 16.1167 14.8777 16.1127 51944 13 0.0254827
37.4891 269328 275120 0.159688 14.3742 16.1096 14.3742 16.1055 52135 13 0.0261082
37.6429 267880 266432 0.153716 13.8582 16.1004 13.8582 16.0964 52319 13 0.0254149
37.7963 266432 264984 0.153613 13.8153 16.0911 13.8153 16.0871 52502 13 0.0254954
37.9502 254848 263536 0.16129 13.7721 16.0817 13.7721 16.0777 52685 13 0.0273265
38.1049 251952 251952 0.154416 13.0337 16.0693 13.0337 16.0653 52859 13 0.0265686
38.2586 249056 249056 0.153976 12.9645 16.0568 12.9645 16.0529 53031 13 0.0266913
38.4126 246160 246160 0.153951 12.7838 16.0437 12.7838 16.0398 53201 13 0.0268937
38.5667 243264 243264 0.1541 12.6334 16.0301 12.6334 16.0262 53369 13 0.0271298
38.7208 241816 240368 0.154009 12.4733 16.0159 12.4733 16.012 53535 13 0.0273107
38.8753 238920 238920 0.15431 12.3692 16.0014 12.3692 15.9975 53700 13 0.0274837
39.03 220096 236024 0.171527 12.2847 15.9867 12.2847 15.9828 53864 13 0.0318536
39.1843 202720 217200 0.171475 11.3373 15.9684 11.3373 15.9645 54015 13 0.0331502
39.2023 201272 199824 0.152877 88.6924 16.0018 88.6924 15.998 54153 13 0.0301547
39.3537 202720 198376 0.1516 10.4821 15.9806 10.4821 15.9768 54290 13 0.0300326
39.5061 201272 199824 0.152616 10.568 15.9597 10.568 15.9559 54429 13 0.0301063
39.6603 199824 198376 0.154573 10.2862 15.9376 10.2862 15.9338 54566 13 0.0305861
39.8157 196928 196928 0.155588 10.2146 15.9153 10.2146 15.9115 54703 13 0.0309041
39.9712 194032 194032 0.155689 9.98319 15.8922 9.98319 15.8885 54837 13 0.0311518
40.122 5792 191136 0.154975 7.68166 15.8614 7.68166 15.8576 54937 13 0.0942247
40.2753 172312 5792 0.154008 0 15.801 0 15.7973 54937 13 0.097518
40.3829 228784 169416 0.148131 12.8181 15.7931 12.8181 15.7893 55056 13 0.0374065
40.5312 264984 225888 0.13667 12.2627 15.7801 12.2627 15.7764 55213 13 0.0277418
40.5481 263536 262088 0.154246 47.175 15.7933 47.175 15.7895 55282 13 0.0258146
40.5482 262088 262088 0.154246 96.4048 15.7935 0 15.7895 55283 14 0.0258146
40.5484 261318 260640 0.154246 0 15.7934 0 15.7894 55283 14 0.0259125
40.5485 260578 259192 0.154246 0 15.7934 0 15.7894 55283 14 0.0260134
40.5486 259838 257744 0.154246 0 15.7933 0 15.7894 55283 14 0.0261146
40.5487 259099 257744 0.154246 96.4048 15.7936 0 15.7893 55284 15 0.0261146
40.5488 258359 256296 0.154246 0 15.7935 0 15.7893 55284 15 0.0262161
40.549 257619 256296 0.154246 96.4048 15.7938 0 15.7892 55285 16 0.0262161
40.5491 256880 254848 0.154246 0 15.7937 0 15.7892 55285 16 0.0263179
40.5492 256140 254848 0.154246 96.4048 15.794 0 15.7891 55286 17 0.0263179
40.5493 255400 253400 0.154246 0 15.7939 0 15.7891 55286 17 0.0264201
40.5494 254661 253400 0.154246 96.4048 15.7942 0 15.789 55287 18 0.0264201
40.5496 253921 251952 0.154246 0 15.7941 0 15.789 55287 18 0.0265225
40.5497 253181 251952 0.154246 96.4048 15.7944 0 15.7889 55288 19 0.0265225
40.5498 252442 250504 0.154246 0 15.7943 0 15.7889 55288 19 0.0266252
40.5499 251702 250504 0.154246 96.4048 15.7945 0 15.7888 55289 20 0.0266252
40.55 250962 249056 0.154246 0 15.7945 0 15.7888 55289 20 0.0267282
40.5502 250223 249056 0.154246 96.4048 15.7947 0 15.7887 55290 21 0.0267282
40.5503 249483 247608 0.154246 0 15.7947 0 15.7887 55290 21 0.0268315
40.5504 248743 247608 0.154246 96.4048 15.7949 0 15.7886 55291 22 0.0268315
40.5505 248004 246160 0.154246 0 15.7949 0 15.7886 55291 22 0.0269351
40.5506 247264 246160 0.154246 96.4048 15.7951 0 15.7886 55292 23 0.0269351
40.5508 244712 244712 0.154246 0 15.7951 0 15.7885 55292 23 0.0270497
40.5509 243264 243264 0.154246 0 15.795 0 15.7885 55292 23 0.027146
40.551 241816 241816 0.154246 0 15.795 0 15.7884 55292 23 0.0272505
40.5511 240368 240368 0.154246 0 15.7949 0 15.7884 55292 23 0.0273553
40.5512 238920 238920 0.154246 0 15.7949 0 15.7883 55292 23 0.0274604
40.5514 237472 237472 0.154246 0 15.7948 0 15.7883 55292 23 0.0275658
40.5515 236024 236024 0.154246 0 15.7948 0 15.7882 55292 23 0.0276715
40.5516 234576 234576 0.154246 0 15.7948 0 15.7882 55292 23 0.0277775
40.5517 233128 233128 0.154246 0 15.7947 0 15.7881 55292 23 0.0278838
40.5518 231680 231680 0.154246 0 15.7947 0 15.7881 55292 23 0.0279904
40.552 230232 230232 0.154246 0 15.7946 0 15.788 55292 23 0.0280973
40.5521 228784 228784 0.154246 0 15.7946 0 15.788 55292 23 0.0282045
40.5522 227336 227336 0.154246 0 15.7945 0 15.7879 55292 23 0.028312
40.5523 225888 225888 0.154246 0 15.7945 0 15.7879 55292 23 0.0284198
40.5524 224440 224440 0.154246 0 15.7944 0 15.7879 55292 23 0.0285278
40.5526 222992 222992 0.154246 0 15.7944 0 15.7878 55292 23 0.0286362
40.5527 221544 221544 0.154246 0 15.7943 0 15.7878 55292 23 0.0287449
40.5528 220096 220096 0.154246 0 15.7943 0 15.7877 55292 23 0.0288539
40.5529 218648 218648 0.154246 0 15.7942 0 15.7877 55292 23 0.0289632
40.553 217200 217200 0.154246 0 15.7942 0 15.7876 55292 23 0.0290727
40.5532 215752 215752 0.154246 0 15.7941 0 15.7876 55292 23 0.0291826
40.5533 214959 214304 0.154246 0 15.7941 0 15.7875 55292 23 0.0292902
40.5534 214219 212856 0.154246 0 15.794 0 15.7875 55292 23 0.0294005
40.5535 211408 211408 0.154246 0 15.794 0 15.7874 55292 23 0.0295243
40.5536 209960 209960 0.154246 0 15.794 0 15.7874 55292 23 0.0296251
40.5538 208512 208512 0.154246 0 15.7939 0 15.7873 55292 23 0.0297364
40.5539 207064 207064 0.154246 0 15.7939 0 15.7873 55292 23 0.0298481
40.554 205616 205616 0.154246 0 15.7938 0 15.7872 55292 23 0.0299601
40.5541 204168 204168 0.154246 0 15.7938 0 15.7872 55292 23 0.0300723
40.5543 202720 202720 0.154246 0 15.7937 0 15.7872 55292 23 0.0301849
40.5544 201272 201272 0.154246 0 15.7937 0 15.7871 55292 23 0.0302977
40.5545 199824 199824 0.154246 0 15.7936 0 15.7871 55292 23 0.0304109
40.5546 198376 198376 0.154246 0 15.7936 0 15.787 55292 23 0.0305243
40.5547 196928 196928 0.154246 0 15.7935 0 15.787 55292 23 0.0306381
40.5549 195480 195480 0.154246 0 15.7935 0 15.7869 55292 23 0.0307521
40.555 194032 194032 0.154246 0 15.7934 0 15.7869 55292 23 0.0308665
40.5551 192584 192584 0.154246 0 15.7934 0 15.7868 55292 23 0.0309811
40.5552 191136 191136 0.154246 0 15.7933 0 15.7868 55292 23 0.0310961
40.5553 189688 189688 0.154246 0 15.7933 0 15.7867 55292 23 0.0312113
40.5555 188240 188240 0.154246 0 15.7933 0 15.7867 55292 23 0.0313268
40.5556 186792 186792 0.154246 0 15.7932 0 15.7866 55292 23 0.0314427
40.5557 185344 185344 0.154246 0 15.7932 0 15.7866 55292 23 0.0315588
40.5558 183896 183896 0.154246 0 15.7931 0 15.7865 55292 23 0.0316752
40.5559 182653 182448 0.154246 0 15.7931 0 15.7865 55292 23 0.031791
40.5561 181913 181000 0.154246 0 15.793 0 15.7864 55292 23 0.0319063
40.5562 179552 179552 0.154246 0 15.793 0 15.7864 55292 23 0.0320325
40.5563 178104 178104 0.154246 0 15.7929 0 15.7864 55292 23 0.032144
40.5564 176656 176656 0.154246 0 15.7929 0 15.7863 55292 23 0.0322619
40.5565 175208 175208 0.154246 0 15.7928 0 15.7863 55292 23 0.0323801
40.5567 173760 173760 0.154246 0 15.7928 0 15.7862 55292 23 0.0324986
40.5568 172312 172312 0.154246 0 15.7927 0 15.7862 55292 23 0.0326174
40.5569 170864 170864 0.154246 0 15.7927 0 15.7861 55292 23 0.0327366
40.557 169416 169416 0.154246 0 15.7926 0 15.7861 55292 23 0.032856
40.5571 167968 167968 0.154246 0 15.7926 0 15.786 55292 23 0.0329757
40.5573 166520 166520 0.154246 0 15.7926 0 15.786 55292 23 0.0330957
40.5574 165072 165072 0.154246 0 15.7925 0 15.7859 55292 23 0.033216
40.5575 163624 163624 0.154246 0 15.7925 0 15.7859 55292 23 0.0333366
40.5576 162176 162176 0.154246 0 15.7924 0 15.7858 55292 23 0.0334575
40.5577 160728 160728 0.154246 0 15.7924 0 15.7858 55292 23 0.0335787
40.5579 159280 159280 0.154246 0 15.7923 0 15.7857 55292 23 0.0337002
40.558 157832 157832 0.154246 0 15.7923 0 15.7857 55292 23 0.033822
40.5581 156384 156384 0.154246 0 15.7922 0 15.7857 55292 23 0.0339441
40.5582 154936 154936 0.154246 0 15.7922 0 15.7856 55292 23 0.0340665
40.5583 153488 153488 0.154246 0 15.7921 0 15.7856 55292 23 0.0341892
40.5585 152040 152040 0.154246 0 15.7921 0 15.7855 55292 23 0.0343122
40.5586 150592 150592 0.154246 0 15.792 0 15.7855 55292 23 0.0344355
40.5587 149608 149144 0.154246 0 15.792 0 15.7854 55292 23 0.0345571
40.5588 148868 147696 0.154246 0 15.7919 0 15.7854 55292 23 0.0346802
40.5589 146248 146248 0.154246 0 15.7919 0 15.7853 55292 23 0.0348156
40.5591 144800 144800 0.154246 0 15.7918 0 15.7853 55292 23 0.0349317
40.5592 143352 143352 0.154246 0 15.7918 0 15.7852 55292 23 0.0350564
40.5593 141904 141904 0.154246 0 15.7918 0 15.7852 55292 23 0.0351815
40.5594 140456 140456 0.154246 0 15.7917 0 15.7851 55292 23 0.0353069
40.5595 139008 139008 0.154246 0 15.7917 0 15.7851 55292 23 0.0354326
40.5597 137560 137560 0.154246 0 15.7916 0 15.785 55292 23 0.0355586
40.5598 136112 136112 0.154246 0 15.7916 0 15.785 55292 23 0.0356848
40.5599 134664 134664 0.154246 0 15.7915 0 15.785 55292 23 0.0358114
40.56 133216 133216 0.154246 0 15.7915 0 15.7849 55292 23 0.0359383
40.5601 131768 131768 0.154246 0 15.7914 0 15.7849 55292 23 0.0360654
40.5603 131044 130320 0.154246 0 15.7914 0 15.7848 55292 23 0.0361901
40.5604 130320 128872 0.154246 0 15.7913 0 15.7848 55292 23 0.0363179
40.6966 95568 94120 0.154246 1.3602 15.743 0 15.7319 55308 39 0.0416198
40.7129 131044 94120 0.154246 28.5655 15.7481 0 15.7256 55348 79 0.0417102
40.713 130320 128872 0.154246 2410.12 15.7552 0 15.7256 55373 104 0.0363179
40.7871 131044 128872 0.154246 3.90619 15.7337 0 15.697 55398 129 0.0363179
40.7925 139008 128872 0.154246 49.2795 15.7381 0 15.6949 55421 152 0.0364297
40.8824 185344 136112 0.0928626 12.2439 15.7304 12.2439 15.6873 55516 152 0.0316957
40.9523 246160 182448 0.072079 20.8711 15.7392 20.8711 15.6962 55642 152 0.0296271
41.021 327248 243264 0.06968 28.3643 15.7603 28.3643 15.7174 55810 152 0.0300431
41.0965 409784 324352 0.075511 34.3318 15.7945 34.3318 15.7516 56034 152 0.0252348
41.1792 480736 406888 0.0827609 39.3746 15.8418 39.3746 15.799 56315 152 0.0178393
41.2651 535760 477840 0.0888626 44.6294 15.9017 44.6294 15.8591 56646 152 0.0114828
41.3524 598024 532864 0.0887553 48.8663 15.9713 48.8663 15.9287 57014 152 0.0110717
41.4406 663184 595128 0.0895249 53.9814 16.0522 53.9814 16.0097 57425 152 0.0101255
41.5313 712416 660288 0.0937562 58.3536 16.1446 58.3536 16.1022 57882 152 0.00602076
41.6254 758752 709520 0.0948977 60.3299 16.2445 60.3299 16.2022 58372 152 0.00515131
41.7227 790608 755856 0.0979699 62.1275 16.3515 62.1275 16.3093 58894 152 0.00324825
41.8255 800744 787712 0.102364 61.2666 16.4619 61.2666 16.4198 59438 152 0.00207845
41.9331 787712 797848 0.106658 59.3509 16.5719 59.3509 16.5299 59989 152 0.0026417
42.045 745720 784816 0.113413 56.2275 16.6775 56.2275 16.6356 60532 152 0.006074
42.1593 709520 742824 0.112471 51.9492 16.7732 51.9492 16.7314 61045 152 0.00508651
42.2749 655944 706624 0.117276 49.0041 16.8613 49.0041 16.8196 61534 152 0.00851729
42.3916 618296 653048 0.114201 44.7771 16.9381 44.7771 16.8966 61985 152 0.00612599
42.5127 560376 615400 0.121197 40.7425 17.0059 40.7425 16.9645 62411 152 0.0109973
42.639 493768 557480 0.127178 35.4065 17.0604 35.4065 17.0191 62797 152 0.0150358
42.7675 425712 490872 0.131217 30.662 17.1013 30.662 17.0601 63137 152 0.0180808
42.896 364896 422816 0.132918 26.3987 17.1292 26.3987 17.0881 63430 152 0.0195047
43.0256 325800 362000 0.124664 22.3573 17.1449 22.3573 17.104 63680 152 0.0176041
43.158 289600 322904 0.125652 19.5084 17.1521 19.5084 17.1113 63903 152 0.0196113
43.2944 237472 286704 0.143198 16.9027 17.1514 16.9027 17.1107 64102 152 0.0270163
43.3182 202720 234576 0.133525 78.8766 17.1853 78.8766 17.1446 64264 152 0.0264445
43.4514 173760 199824 0.133543 11.9963 17.1693 11.9963 17.1288 64402 152 0.0284244
43.584 149144 170864 0.132785 10.3135 17.1485 10.3135 17.1081 64520 152 0.0302254
43.7175 127424 146248 0.133702 8.76407 17.1229 8.76407 17.0826 64621 152 0.0321919
43.9781 101360 124528 0.150474 3.86686 17.0443 3.86686 17.0043 64708 152 0.037213
43.9884 85432 98464 0.136823 76.227 17.0582 76.227 17.0182 64776 152 0.0365394
44.1236 72400 82536 0.135442 4.88451 17.0209 4.88451 16.981 64833 152 0.037674
44.3925 57920 69504 0.153576 2.11074 16.9306 2.11074 16.891 64882 152 0.0420589
44.3983 47784 55024 0.138748 76.3205 16.9383 76.3205 16.8987 64920 152 0.0407299
44.5373 40544 44888 0.139226 2.58302 16.8935 2.58302 16.854 64951 152 0.0417252
44.815 31856 37648 0.157444 1.12632 16.7958 1.12632 16.7565 64978 152 0.0457145
44.8181 26064 28960 0.14386 74.1575 16.7998 74.1575 16.7605 64998 152 0.0440628
44.9574 21720 23168 0.140731 1.33087 16.7519 1.33087 16.7127 65014 152 0.044118
45.0969 18824 18824 0.140053 1.07947 16.7034 1.07947 16.6644 65027 152 0.0444407
45.3784 14480 15928 0.15841 0.493751 16.6029 0.493751 16.5641 65039 152 0.0480371
45.5203 13032 11584 0.16699 0.734668 16.5534 0.734668 16.5147 65048 152 0.0502245
45.5213 11584 10136 0.156553 84.3542 16.5548 84.3542 16.5161 65055 152 0.0482523
45.6625 13032 8688 0.150322 0.574326 16.5054 0.574326 16.4669 65062 152 0.0472404
45.8039 11584 10136 0.147341 0.573351 16.4562 0.573351 16.4178 65069 152 0.0465582
45.9456 13032 8688 0.158625 0.572378 16.4072 0.572378 16.3689 65076 152 0.0488092
46.0873 11584 10136 0.153042 0.572378 16.3586 0.572378 16.3204 65083 152 0.0475866
46.2292 13032 8688 0.163894 0.571409 16.3101 0.571409 16.272 65090 152 0.0498764
46.371 11584 10136 0.156667 0.571893 16.262 0.571893 16.224 65097 152 0.0482745
46.5125 13032 8688 0.168223 0.572864 16.2142 0.572864 16.1764 65104 152 0.0507945
46.5132 11584 10136 0.159362 112.472 16.2157 112.472 16.1779 65111 152 0.0488027
46.6548 13032 8688 0.152177 0.572864 16.1683 0.572864 16.1305 65118 152 0.047579
46.7962 11584 10136 0.148613 0.573351 16.1211 0.573351 16.0835 65125 152 0.0467821
46.9381 13032 8688 0.159496 0.571409 16.0741 0.571409 16.0366 65132 152 0.0489817
47.0795 11584 10136 0.153721 0.573351 16.0276 0.573351 15.9902 65139 152 0.0477134
47.2217 13032 8688 0.164209 0.570443 15.981 0.570443 15.9437 65146 152 0.0499418
47.3634 11584 10136 0.156878 0.572378 15.9349 0.572378 15.8978 65153 152 0.0483152
47.5053 13032 8688 0.168456 0.571409 15.889 0.571409 15.852 65160 152 0.050845
47.506 11584 10136 0.159598 112.472 15.8905 112.472 15.8534 65167 152 0.0488497
47.6474 13032 8688 0.152136 0.573351 15.845 0.573351 15.8081 65174 152 0.0475715
47.7888 11584 10136 0.148666 0.573351 15.7999 0.573351 15.763 65181 152 0.0467914
47.9308 13032 8688 0.159401 0.571409 15.7548 0.571409 15.718 65188 152 0.048963
48.0724 11584 10136 0.153562 0.572378 15.71 0.572378 15.6734 65195 152 0.0476837
48.2142 13032 8688 0.164199 0.571893 15.6655 0.571893 15.629 65202 152 0.0499399
48.356 11584 10136 0.156872 0.571893 15.6212 0.571893 15.5848 65209 152 0.048314
48.4962 13032 8688 0.168218 0.578264 15.5778 0.578264 15.5414 65216 152 0.0507934
48.4969 11584 10136 0.158904 112.472 15.5792 112.472 15.5429 65223 152 0.0487118
48.6353 13032 8688 0.150488 0.586302 15.5366 0.586302 15.5004 65230 152 0.0472704
48.773 11584 10136 0.146241 0.58886 15.4944 0.58886 15.4583 65237 152 0.0463673
48.9134 13032 8688 0.156836 0.577274 15.4515 0.577274 15.4155 65244 152 0.0484597
49.0557 11584 10136 0.151857 0.569961 15.4084 0.569961 15.3725 65251 152 0.0473676
49.1986 13032 8688 0.163639 0.567564 15.3653 0.567564 15.3295 65258 152 0.0498235
49.341 11584 10136 0.156702 0.56948 15.3226 0.56948 15.2869 65265 152 0.0482811
49.4825 13032 8688 0.168532 0.572864 15.2804 0.572864 15.2448 65272 152 0.0508615
49.4832 11584 10136 0.159569 112.472 15.2818 112.472 15.2462 65279 152 0.0488439
49.6248 13032 8688 0.152299 0.572864 15.2398 0.572864 15.2043 65286 152 0.0476014
49.7664 11584 10136 0.148804 0.572378 15.1981 0.572378 15.1627 65293 152 0.0468159
49.9087 13032 8688 0.159687 0.569961 15.1564 0.569961 15.1211 65300 152 0.0490199
50.0506 11584 10136 0.153849 0.571409 15.115 0.571409 15.0798 65307 152 0.0477375
50.1928 5792 8688 0.167797 0.407459 15.0734 0.407459 15.0383 65312 152 0.0507586
50.3348 10136 2896 0.157176 0.326243 15.0318 0.326243 14.9968 65316 152 0.0491685
50.4197 13032 7240 0.138808 1.22722 15.0085 1.22722 14.9736 65325 152 0.045457
50.5289 15928 10136 0.135859 0.84912 14.9779 0.84912 14.9431 65333 152 0.0446957
50.6799 18824 13032 0.14669 0.766943 14.9356 0.766943 14.9008 65343 152 0.046152
50.8382 20272 15928 0.167118 0.878404 14.8918 0.878404 14.8572 65355 152 0.0497971
50.9348 23168 17376 0.1652 1.55878 14.8665 1.55878 14.8319 65368 152 0.04925
51.0183 30408 20272 0.125874 1.94197 14.8454 1.94197 14.8108 65382 152 0.0422994
51.02 40544 27512 0.100444 130.835 14.8492 130.835 14.8147 65401 152 0.0389375
51.1194 53576 37648 0.0997515 3.14744 14.8264 3.14744 14.792 65428 152 0.0379671
51.2413 63712 50680 0.115586 3.3243 14.7991 3.3243 14.7647 65463 152 0.0380492
51.3778 68056 60816 0.136996 3.64913 14.7694 3.64913 14.7352 65506 152 0.0397379
51.512 72400 65160 0.135455 3.88381 14.7411 3.88381 14.7069 65551 152 0.0390785
51.6378 76744 69504 0.135468 4.51178 14.7162 4.51178 14.6821 65600 152 0.0386587
51.7574 88328 73848 0.122679 4.94135 14.6936 4.94135 14.6596 65651 152 0.0366779
51.8777 99912 85432 0.126898 5.77851 14.6729 5.77851 14.639 65711 152 0.0361202
52.0018 110048 97016 0.129722 6.3461 14.653 6.3461 14.6192 65779 152 0.0353647
52.1295 118736 107152 0.133587 6.80184 14.6338 6.80184 14.6 65854 152 0.0349362
52.2588 131768 115840 0.129035 7.16764 14.6153 7.16764 14.5816 65934 152 0.0336657
52.3869 146248 128872 0.129246 8.04881 14.5993 8.04881 14.5657 66023 152 0.0326025
52.5142 154936 143352 0.137275 9.10338 14.5859 9.10338 14.5524 66123 152 0.0322761
52.6417 165072 152040 0.136735 9.63139 14.5739 9.63139 14.5405 66229 152 0.031497
52.7684 176656 162176 0.136219 10.3258 14.5637 10.3258 14.5304 66342 152 0.0306194
52.8958 196928 173760 0.12771 10.9138 14.555 10.9138 14.5217 66462 152 0.0289278
53.0233 218648 194032 0.128373 12.1755 14.5492 12.1755 14.516 66596 152 0.027494
53.1519 241816 215752 0.129072 13.4246 14.5465 13.4246 14.5134 66745 152 0.0260217
53.2815 249056 238920 0.14293 14.8315 14.5472 14.8315 14.5142 66911 152 0.0255449
53.4118 256296 246160 0.143648 15.2078 14.5488 15.2078 14.5158 67082 152 0.0251421
53.5406 280912 253400 0.130684 15.7377 14.5517 15.7377 14.5188 67257 152 0.0236103
53.666 289600 278016 0.143022 17.822 14.5593 17.822 14.5265 67450 152 0.0228681
53.6891 322904 286704 0.127531 99.4174 14.5958 99.4174 14.563 67648 152 0.0217958
53.8148 363448 320008 0.125976 20.3685 14.6093 20.3685 14.5765 67869 152 0.0204232
53.9436 402544 360552 0.12901 22.4825 14.6281 22.4825 14.5954 68119 152 0.0182652
54.0754 438744 399648 0.132053 24.3429 14.6517 24.3429 14.6192 68396 152 0.0162499
54.2088 473496 435848 0.133618 26.1422 14.68 26.1422 14.6475 68697 152 0.0145847
54.3428 509696 470600 0.134195 28.1865 14.7133 28.1865 14.6809 69023 152 0.0133859
54.4759 551688 506800 0.133257 30.5398 14.752 30.5398 14.7197 69374 152 0.0127073
54.6084 598024 548792 0.132779 33.1255 14.7966 33.1255 14.7643 69753 152 0.0119926
54.74 651600 595128 0.131917 36.2729 14.8482 36.2729 14.816 70165 152 0.0119806
54.8729 705176 648704 0.133051 39.1372 14.907 39.1372 14.875 70614 152 0.011169
