0.240049 14480 0 0 0 0 0 0 0 0 0.0439727
0.2807 18824 11584 0.04 3.70453 0.536487 3.70453 0.536487 13 0 0.0392075
0.280941 20272 15928 0.04 241.012 0.742193 241.012 0.742193 18 0 0.0387228
0.281181 21720 17376 0.040125 144.607 0.865151 144.607 0.865151 21 0 0.0385668
0.320387 23168 18824 0.0451094 0.886402 0.867752 0.886402 0.867752 24 0 0.0382428
0.320747 24616 20272 0.0444707 96.4048 0.975124 96.4048 0.975124 27 0 0.0381118
0.320987 26064 21720 0.0439119 144.607 1.08266 144.607 1.08266 30 0 0.0379793
0.321228 27512 23168 0.0435479 144.607 1.19003 144.607 1.19003 33 0 0.0378413
0.321468 28960 24616 0.0432294 144.607 1.29725 144.607 1.29725 36 0 0.0377024
0.321708 30408 26064 0.0429507 144.607 1.4043 144.607 1.4043 39 0 0.0375626
0.321949 31856 27512 0.0425819 144.607 1.5112 144.607 1.5112 42 0 0.0374263
0.360554 33304 28960 0.0471341 0.900197 1.44578 0.900197 1.44578 45 0 0.0371398
0.360794 34752 30408 0.0462424 144.607 1.54113 144.607 1.54113 48 0 0.0370152
0.361034 36200 31856 0.0455871 144.607 1.63637 144.607 1.63637 51 0 0.0368857
0.361274 37648 33304 0.0450137 144.607 1.73147 144.607 1.73147 54 0 0.0367548
0.361515 39096 34752 0.044512 144.607 1.82645 144.607 1.82645 57 0 0.0366226
0.361755 40544 36200 0.043948 144.607 1.9213 144.607 1.9213 60 0 0.0364932
0.361995 41992 37648 0.0434545 144.607 2.01603 144.607 2.01603 63 0 0.0363625
0.362236 43440 39096 0.0431477 144.607 2.11063 144.607 2.11063 66 0 0.0362262
0.362476 44888 40544 0.0428792 144.607 2.2051 144.607 2.2051 69 0 0.036089
0.362716 46336 41992 0.0426443 144.607 2.29945 144.607 2.29945 72 0 0.0359512
0.362957 47784 43440 0.0424388 144.607 2.39367 144.607 2.39367 75 0 0.0358127
0.400841 49232 44888 0.0421339 0.917328 2.25414 0.917328 2.25414 78 0 0.0356782
0.401081 50680 46336 0.0419922 144.607 2.33944 144.607 2.33944 81 0 0.0355382
0.401321 52128 47784 0.0418682 144.607 2.42463 144.607 2.42463 84 0 0.0353979
0.401562 53576 49232 0.0416346 144.607 2.50972 144.607 2.50972 87 0 0.035262
0.401802 55024 50680 0.0414303 144.607 2.59471 144.607 2.59471 90 0 0.0351253
0.402042 56472 52128 0.0413765 144.607 2.6796 144.607 2.6796 93 0 0.0349835
0.402283 57920 53576 0.0413295 144.607 2.76439 144.607 2.76439 96 0 0.0348417
0.402523 59368 55024 0.0412883 144.607 2.84907 144.607 2.84907 99 0 0.0346999
0.402763 60816 56472 0.0412522 144.607 2.93365 144.607 2.93365 102 0 0.0345583
0.403004 62264 57920 0.0413457 144.607 3.01814 144.607 3.01814 105 0 0.0344121
0.403244 63712 59368 0.0414275 144.607 3.10252 144.607 3.10252 108 0 0.0342667
0.403484 65160 60816 0.0413741 144.607 3.1868 144.607 3.1868 111 0 0.0341266
0.403725 66608 62264 0.0413273 144.607 3.27098 144.607 3.27098 114 0 0.0339866
0.403965 68056 63712 0.0412864 144.607 3.35506 144.607 3.35506 117 0 0.0338466
0.404205 69504 65160 0.0413756 144.607 3.43905 144.607 3.43905 120 0 0.0337021
0.404445 70952 66608 0.0414536 144.607 3.52293 144.607 3.52293 123 0 0.0335583
0.454076 72400 68056 0.0477719 0.700211 3.2144 0.700211 3.2144 126 0 0.0332233
0.454317 73848 69504 0.0485504 144.607 3.2892 144.607 3.2892 129 0 0.0330646
0.454557 75296 70952 0.0491066 144.607 3.36391 144.607 3.36391 132 0 0.0329122
0.454797 76744 72400 0.0495933 144.607 3.43854 144.607 3.43854 135 0 0.0327621
0.455037 78192 73848 0.0501441 144.607 3.5131 144.607 3.5131 138 0 0.0326116
0.455278 79640 75296 0.0506261 144.607 3.58758 144.607 3.58758 141 0 0.0324632
0.455518 81088 76744 0.0510479 144.607 3.66198 144.607 3.66198 144 0 0.0323167
0.455758 82536 78192 0.0514169 144.607 3.7363 144.607 3.7363 147 0 0.0321717
0.455999 83984 79640 0.0516148 144.607 3.81054 144.607 3.81054 150 0 0.0320301
0.456239 85432 81088 0.0519129 144.607 3.8847 144.607 3.8847 153 0 0.0318873
0.456479 86880 82536 0.0521738 144.607 3.95879 144.607 3.95879 156 0 0.0317456
0.45672 88328 83984 0.0524021 144.607 4.03279 144.607 4.03279 159 0 0.0316047
0.45696 89776 85432 0.0526018 144.607 4.10672 144.607 4.10672 162 0 0.0314647
0.4572 91224 86880 0.0529016 144.607 4.18057 144.607 4.18057 165 0 0.0313237
0.457441 92672 88328 0.0530389 144.607 4.25435 144.607 4.25435 168 0 0.0311853
0.457681 94120 89776 0.053159 144.607 4.32805 144.607 4.32805 171 0 0.0310476
0.457921 95568 91224 0.0532641 144.607 4.40166 144.607 4.40166 174 0 0.0309103
0.458162 97016 92672 0.0534811 144.607 4.47521 144.607 4.47521 177 0 0.0307719
0.458402 98464 94120 0.053671 144.607 4.54867 144.607 4.54867 180 0 0.0306343
0.458642 99912 95568 0.0538371 144.607 4.62206 144.607 4.62206 183 0 0.0304973
0.458883 101360 97016 0.0539825 144.607 4.69537 144.607 4.69537 186 0 0.0303609
0.459123 102808 98464 0.0542347 144.607 4.76861 144.607 4.76861 189 0 0.0302236
0.459363 104256 99912 0.0543303 144.607 4.84176 144.607 4.84176 192 0 0.0300885
0.459604 105704 101360 0.054414 144.607 4.91484 144.607 4.91484 195 0 0.0299538
0.542638 86880 102808 0.0824592 9.90504 5.67845 9.90504 5.67845 266 0 0.0309198
0.70161 63712 83984 0.100419 4.29923 5.36594 4.29923 5.36594 325 0 0.0341312
0.708579 56472 60816 0.0749681 69.8104 5.99979 69.8104 5.99979 367 0 0.0340932
0.765415 57920 53576 0.0597858 5.91065 5.99317 5.91065 5.99317 396 0 0.0344931
0.817204 63712 55024 0.053015 8.7234 6.1662 8.7234 6.1662 435 0 0.0344545
0.872117 68056 60816 0.0547426 8.85996 6.33581 8.85996 6.33581 477 0 0.0338372
0.933158 69504 65160 0.0602599 8.53979 6.47998 8.53979 6.47998 522 0 0.0333553
0.998405 65160 66608 0.0662481 8.34443 6.60182 8.34443 6.60182 569 0 0.0332832
1.06401 60816 62264 0.0658942 7.59232 6.6629 7.59232 6.6629 612 0 0.0337025
1.12782 56472 57920 0.0660663 7.44368 6.70707 7.44368 6.70707 653 0 0.0341308
1.19006 55024 53576 0.0629087 6.88606 6.71643 6.88606 6.71643 690 0 0.0345015
1.25266 53576 52128 0.064633 6.84641 6.72293 6.84641 6.72293 727 0 0.0346581
1.31719 52128 50680 0.0643938 6.28337 6.70139 6.28337 6.70139 762 0 0.0347998
1.384 47784 49232 0.0687016 6.06865 6.67085 6.06865 6.67085 797 0 0.0350302
1.45117 44888 44888 0.0673574 5.34624 6.60954 5.34624 6.60954 828 0 0.0354243
1.5175 41992 41992 0.0696405 5.23939 6.54965 5.23939 6.54965 858 0 0.0357541
1.58358 39096 39096 0.0693741 4.90788 6.48113 4.90788 6.48113 886 0 0.0360412
1.65027 36200 36200 0.0699508 4.51626 6.40173 4.51626 6.40173 912 0 0.0363458
1.72429 31856 33304 0.0752761 3.75603 6.28816 3.75603 6.28816 936 0 0.0367934
1.80204 27512 28960 0.0801415 3.12906 6.15187 3.12906 6.15187 957 0 0.0374098
1.88098 23168 24616 0.0792501 2.49449 5.99837 2.49449 5.99837 974 0 0.0378215
1.96041 18824 20272 0.0832266 2.1877 5.84398 2.1877 5.84398 989 0 0.0384399
2.03983 15928 15928 0.0810688 1.60432 5.6789 1.60432 5.6789 1000 0 0.0387779
2.20157 13032 13032 0.0912396 0.716232 5.31432 0.716232 5.31432 1010 0 0.0396128
2.28376 11584 10136 0.0969478 1.12754 5.16365 1.12754 5.16365 1018 0 0.040295
2.36607 13032 8688 0.101012 0.985158 5.01829 0.985158 5.01829 1025 0 0.0407644
2.36679 11584 10136 0.0948323 112.472 5.05102 112.472 5.05102 1032 0 0.0401432
2.44958 13032 8688 0.0898522 0.979439 4.91341 0.979439 4.91341 1039 0 0.0399735
2.53309 11584 10136 0.0878111 0.970984 4.78343 0.970984 4.78343 1046 0 0.0397033
2.61708 13032 8688 0.0943024 0.965427 4.6609 0.965427 4.6609 1053 0 0.040259
2.70011 11584 10136 0.0907924 0.976604 4.54761 0.976604 4.54761 1060 0 0.039878
2.7835 13032 8688 0.0967709 0.972383 4.4405 0.972383 4.4405 1067 0 0.0404345
2.86641 11584 10136 0.0922254 0.97802 4.34034 0.97802 4.34034 1074 0 0.0399683
2.95028 13032 8688 0.0990171 0.96681 4.24444 0.96681 4.24444 1081 0 0.0406047
2.95101 11584 10136 0.0940603 112.472 4.27088 112.472 4.27088 1088 0 0.04009
3.035 13032 8688 0.0898972 0.965427 4.1794 0.965427 4.1794 1095 0 0.0399762
3.11899 11584 10136 0.0879506 0.965427 4.09285 0.965427 4.09285 1102 0 0.0397111
3.20262 13032 8688 0.0944386 0.969588 4.0113 0.969588 4.0113 1109 0 0.0402684
3.28625 11584 10136 0.0908973 0.969588 3.93389 0.969588 3.93389 1116 0 0.0398845
3.36988 13032 8688 0.0969962 0.969588 3.86032 0.969588 3.86032 1123 0 0.0404511
3.45375 11584 10136 0.0927064 0.96681 3.79005 0.96681 3.79005 1130 0 0.0399996
3.53763 13032 8688 0.0995743 0.96681 3.72312 0.96681 3.72312 1137 0 0.0406485
3.53835 11584 10136 0.0944335 112.472 3.74528 112.472 3.74528 1144 0 0.0401155
3.62234 13032 8688 0.0902253 0.965427 3.68082 0.965427 3.68082 1151 0 0.0399959
3.70585 11584 10136 0.0880455 0.970984 3.61976 0.970984 3.61976 1158 0 0.0397164
3.7896 13032 8688 0.0943147 0.968197 3.56116 0.968197 3.56116 1165 0 0.0402599
3.87299 11584 10136 0.09058 0.972383 3.50542 0.972383 3.50542 1172 0 0.039865
3.95662 13032 8688 0.0969352 0.969588 3.45182 0.969588 3.45182 1179 0 0.0404466
4.04038 11584 10136 0.0925699 0.968197 3.40033 0.968197 3.40033 1186 0 0.0399907
4.12425 13032 8688 0.0995079 0.96681 3.35084 0.96681 3.35084 1193 0 0.0406432
4.12497 11584 10136 0.0942641 112.472 3.36992 112.472 3.36992 1200 0 0.0401039
4.20896 13032 8688 0.0900166 0.965427 3.32193 0.965427 3.32193 1207 0 0.0399834
4.29247 11584 10136 0.087935 0.970984 3.2762 0.970984 3.2762 1214 0 0.0397102
4.37622 13032 8688 0.09425 0.968197 3.23203 0.968197 3.23203 1221 0 0.0402554
4.45961 11584 10136 0.0908667 0.972383 3.18977 0.972383 3.18977 1228 0 0.0398826
4.54325 13032 8688 0.0970195 0.969588 3.1489 0.969588 3.1489 1235 0 0.0404528
4.62688 11584 10136 0.0924877 0.969588 3.10951 0.969588 3.10951 1242 0 0.0399853
4.71075 13032 8688 0.0993503 0.96681 3.07136 0.96681 3.07136 1249 0 0.0406308
4.71147 11584 10136 0.0941878 112.472 3.0881 112.472 3.0881 1256 0 0.0400987
4.79546 13032 8688 0.0900813 0.965427 3.05092 0.965427 3.05092 1263 0 0.0399873
4.87921 11584 10136 0.088074 0.968197 3.01517 0.968197 3.01517 1270 0 0.039718
4.96296 13032 8688 0.0943315 0.968197 2.98063 0.968197 2.98063 1277 0 0.040261
5.0466 11584 10136 0.0909213 0.969588 2.9473 0.969588 2.9473 1284 0 0.039886
5.13023 13032 8688 0.0971216 0.969588 2.91506 0.969588 2.91506 1291 0 0.0404604
5.2141 11584 10136 0.0928061 0.96681 2.88373 0.96681 2.88373 1298 0 0.0400061
5.29797 13032 8688 0.0995369 0.96681 2.85338 0.96681 2.85338 1305 0 0.0406455
5.29869 11584 10136 0.0944085 112.472 2.86829 112.472 2.86829 1312 0 0.0401138
5.38268 13032 8688 0.090197 0.965427 2.8386 0.965427 2.8386 1319 0 0.0399942
5.46619 11584 10136 0.0880421 0.970984 2.81007 0.970984 2.81007 1326 0 0.0397162
5.54995 13032 8688 0.0943128 0.968197 2.78227 0.968197 2.78227 1333 0 0.0402597
5.63334 11584 10136 0.0909088 0.972383 2.75548 0.972383 2.75548 1340 0 0.0398852
5.71697 13032 8688 0.0968935 0.969588 2.72936 0.969588 2.72936 1347 0 0.0404435
5.80072 11584 10136 0.0926377 0.968197 2.70393 0.968197 2.70393 1354 0 0.0399951
5.88459 13032 8688 0.0995339 0.96681 2.67917 0.96681 2.67917 1361 0 0.0406453
5.88531 11584 10136 0.0944065 112.472 2.69262 112.472 2.69262 1368 0 0.0401137
5.9693 13032 8688 0.0902095 0.965427 2.66832 0.965427 2.66832 1375 0 0.039995
6.05282 11584 10136 0.0880349 0.970984 2.6449 0.970984 2.6449 1382 0 0.0397158
6.13657 13032 8688 0.0943085 0.968197 2.62202 0.968197 2.62202 1389 0 0.0402594
6.21996 11584 10136 0.0905758 0.972383 2.5999 0.972383 2.5999 1396 0 0.0398647
6.30359 13032 8688 0.0969328 0.969588 2.57827 0.969588 2.57827 1403 0 0.0404464
6.38722 11584 10136 0.0925682 0.969588 2.55721 0.969588 2.55721 1410 0 0.0399905
6.47109 13032 8688 0.0993975 0.96681 2.53659 0.96681 2.53659 1417 0 0.0406345
6.47181 11584 10136 0.0943151 112.472 2.54884 112.472 2.54884 1424 0 0.0401074
6.55581 13032 8688 0.0900465 0.965427 2.52855 0.965427 2.52855 1431 0 0.0399852
6.63956 11584 10136 0.0880507 0.968197 2.50887 0.968197 2.50887 1438 0 0.0397167
6.72331 13032 8688 0.0943178 0.968197 2.48968 0.968197 2.48968 1445 0 0.0402601
6.80694 11584 10136 0.0907871 0.969588 2.471 0.969588 2.471 1452 0 0.0398777
6.89057 13032 8688 0.0970566 0.969588 2.45278 0.969588 2.45278 1459 0 0.0404556
6.97444 11584 10136 0.0926512 0.96681 2.43491 0.96681 2.43491 1466 0 0.039996
7.05831 13032 8688 0.0995556 0.96681 2.41747 0.96681 2.41747 1473 0 0.040647
7.05904 11584 10136 0.094421 112.472 2.42871 112.472 2.42871 1480 0 0.0401147
7.14303 13032 8688 0.0902336 0.965427 2.4115 0.965427 2.4115 1487 0 0.0399964
7.22654 11584 10136 0.088176 0.970984 2.39485 0.970984 2.39485 1494 0 0.0397237
7.31017 13032 8688 0.0941024 0.969588 2.37855 0.969588 2.37855 1501 0 0.0402454
7.39356 11584 10136 0.0907678 0.972383 2.36269 0.972383 2.36269 1508 0 0.0398765
7.47707 13032 8688 0.0968522 0.970984 2.34714 0.970984 2.34714 1515 0 0.0404405
7.5607 11584 10136 0.0925006 0.969588 2.33191 0.969588 2.33191 1522 0 0.0399861
7.64458 13032 8688 0.0992741 0.96681 2.31693 0.96681 2.31693 1529 0 0.0406248
7.6453 11584 10136 0.0942325 112.472 2.32732 112.472 2.32732 1536 0 0.0401017
7.72929 13032 8688 0.0901075 0.965427 2.31252 0.965427 2.31252 1543 0 0.0399888
7.81304 11584 10136 0.0880915 0.968197 2.29811 0.968197 2.29811 1550 0 0.039719
7.89679 13032 8688 0.0943417 0.968197 2.284 0.968197 2.284 1557 0 0.0402617
7.98042 11584 10136 0.0909282 0.969588 2.27023 0.969588 2.27023 1564 0 0.0398864
8.06405 13032 8688 0.0970299 0.969588 2.25674 0.969588 2.25674 1571 0 0.0404536
8.14793 11584 10136 0.092729 0.96681 2.24346 0.96681 2.24346 1578 0 0.040001
8.2318 13032 8688 0.0994918 0.96681 2.23045 0.96681 2.23045 1585 0 0.040642
8.23252 11584 10136 0.0943783 112.472 2.24011 112.472 2.24011 1592 0 0.0401117
8.31651 13032 8688 0.0901793 0.965427 2.22723 0.965427 2.22723 1599 0 0.0399932
8.40026 11584 10136 0.0881396 0.968197 2.21468 0.968197 2.21468 1606 0 0.0397217
8.48425 13032 8688 0.0944793 0.965427 2.20231 0.965427 2.20231 1613 0 0.0402712
8.56788 11584 10136 0.0908953 0.969588 2.19028 0.969588 2.19028 1620 0 0.0398844
8.65152 13032 8688 0.09712 0.969588 2.17848 0.969588 2.17848 1627 0 0.0404603
8.73515 11584 10136 0.0925843 0.969588 2.16691 0.969588 2.16691 1634 0 0.0399916
8.81902 13032 8688 0.099532 0.96681 2.15549 0.96681 2.15549 1641 0 0.0406452
8.81974 11584 10136 0.0944052 112.472 2.16451 112.472 2.16451 1648 0 0.0401136
8.90373 13032 8688 0.0900993 0.965427 2.1532 0.965427 2.1532 1655 0 0.0399883
8.98748 11584 10136 0.0880861 0.968197 2.14216 0.968197 2.14216 1662 0 0.0397187
9.07123 13032 8688 0.0942292 0.968197 2.13132 0.968197 2.13132 1669 0 0.040254
9.15487 11584 10136 0.0908527 0.969588 2.12071 0.969588 2.12071 1676 0 0.0398818
9.2385 13032 8688 0.0970951 0.969588 2.11029 0.969588 2.11029 1683 0 0.0404584
9.32237 11584 10136 0.0925676 0.96681 2.1 0.96681 2.1 1690 0 0.0399905
9.40624 13032 8688 0.0996315 0.96681 2.08989 0.96681 2.08989 1697 0 0.040653
9.40696 11584 10136 0.0943469 112.472 2.09835 112.472 2.09835 1704 0 0.0401096
9.49095 13032 8688 0.0900652 0.965427 2.08833 0.965427 2.08833 1711 0 0.0399863
9.57471 11584 10136 0.0880632 0.968197 2.07853 0.968197 2.07853 1718 0 0.0397174
9.6587 13032 8688 0.0944208 0.965427 2.06885 0.965427 2.06885 1725 0 0.0402672
9.74221 11584 10136 0.0908718 0.970984 2.05944 0.970984 2.05944 1732 0 0.0398829
9.8256 13032 8688 0.0971062 0.972383 2.05021 0.972383 2.05021 1739 0 0.0404592
9.90923 11584 10136 0.0926844 0.969588 2.04109 0.969588 2.04109 1746 0 0.0399981
9.99286 13032 8688 0.0993407 0.969588 2.03213 0.969588 2.03213 1753 0 0.0406301
9.99358 11584 10136 0.094277 112.472 2.04009 112.472 2.04009 1760 0 0.0401048
10.0769 5792 8688 0.0929924 0.139112 2.02438 0.139112 2.02438 1761 0 0.0402268
10.1176 10136 2896 0.0838549 1.13658 2.02081 1.13658 2.02081 1765 0 0.0402943
10.1954 13032 7240 0.0782856 1.34102 2.01562 1.34102 2.01562 1774 0 0.0395807
10.2939 14480 10136 0.0914101 0.940535 2.00533 0.940535 2.00533 1782 0 0.0399165
10.3713 15928 11584 0.100348 1.34727 2.00042 1.34727 2.00042 1791 0 0.0404056
10.435 18824 13032 0.0891292 1.63706 1.99821 1.63706 1.99821 1800 0 0.0394854
10.4955 23168 15928 0.084264 2.29535 1.99992 2.29535 1.99992 1812 0 0.0389413
10.5604 28960 20272 0.079514 2.67791 2.00409 2.67791 2.00409 1827 0 0.0383073
10.5621 37648 26064 0.0708979 123.949 2.02351 123.949 2.02351 1845 0 0.0375211
10.635 49232 34752 0.0725662 3.81172 2.03577 3.81172 2.03577 1869 0 0.0367755
10.714 62264 46336 0.0769243 4.69552 2.05537 4.69552 2.05537 1901 0 0.0357985
10.7954 75296 59368 0.0806378 5.82979 2.08385 5.82979 2.08385 1942 0 0.0346459
10.8747 88328 72400 0.0850738 7.44946 2.12298 7.44946 2.12298 1993 0 0.0335807
10.95 110048 85432 0.0778002 9.08607 2.17082 9.08607 2.17082 2052 0 0.0325618
11.0248 133216 107152 0.080197 11.6057 2.23488 11.6057 2.23488 2127 0 0.0307491
11.1014 167968 130320 0.0768225 13.6208 2.31338 13.6208 2.31338 2217 0 0.0297369
11.1804 207064 165072 0.0789006 16.7024 2.41514 16.7024 2.41514 2331 0 0.0274046
11.2655 244712 204168 0.0833157 19.1993 2.54189 19.1993 2.54189 2472 0 0.0242497
11.356 262088 241816 0.0959787 21.5086 2.69301 21.5086 2.69301 2640 0 0.0201957
11.4494 272224 259192 0.100898 22.3332 2.85316 22.3332 2.85316 2820 0 0.0189854
11.541 282360 269328 0.101072 23.6274 3.01819 23.6274 3.01819 3007 0 0.0182995
11.6314 312768 279464 0.0921385 24.7422 3.18696 24.7422 3.18696 3200 0 0.018421
11.7219 328696 309872 0.0987665 27.5259 3.37483 27.5259 3.37483 3415 0 0.015729
11.8178 359104 325800 0.0934905 27.1818 3.568 27.1818 3.568 3640 0 0.0155616
11.9164 360552 356208 0.106468 29.0036 3.77857 29.0036 3.77857 3887 0 0.0131904
11.946 372136 357656 0.101314 96.7967 4.00874 96.7967 4.00874 4134 0 0.0128918
12.0473 383720 369240 0.101569 29.276 4.22119 29.276 4.22119 4390 0 0.0122761
12.1481 398200 380824 0.101008 30.3348 4.4379 30.3348 4.4379 4654 0 0.0117462
12.2494 411232 395304 0.101593 31.3344 4.66031 31.3344 4.66031 4928 0 0.0109783
12.3515 421368 408336 0.102449 32.0971 4.88719 32.0971 4.88719 5211 0 0.0102857
12.4545 430056 418472 0.10323 32.5099 5.11558 32.5099 5.11558 5500 0 0.0098189
12.5583 437296 427160 0.104007 33.0276 5.34633 33.0276 5.34633 5796 0 0.00944141
12.6622 443088 434400 0.104255 33.5466 5.57781 33.5466 5.57781 6097 0 0.00910104
12.7664 448880 440192 0.104336 33.8028 5.80814 33.8028 5.80814 6401 0 0.00885061
12.8711 453224 445984 0.104938 34.0903 6.03811 34.0903 6.03811 6709 0 0.00862544
12.976 457568 450328 0.105147 34.3435 6.26694 34.3435 6.26694 7020 0 0.00845782
13.0811 460464 454672 0.105349 34.7057 6.49551 34.7057 6.49551 7335 0 0.00827366
13.1866 461912 457568 0.105778 34.6969 6.72114 34.6969 6.72114 7651 0 0.0081805
13.2922 463360 459016 0.105961 34.7671 6.944 34.7671 6.944 7968 0 0.00813727
13.3974 467704 460464 0.105302 35.1464 7.16532 35.1464 7.16532 8287 0 0.00804711
13.5023 472048 464808 0.105225 35.4478 7.38505 35.4478 7.38505 8608 0 0.00786267
13.6071 476392 469152 0.105 35.9307 7.60486 35.9307 7.60486 8933 0 0.0076675
13.7121 480736 473496 0.105312 36.0691 7.82287 36.0691 7.82287 9260 0 0.00752351
13.8164 486528 477840 0.104578 36.7627 8.04133 36.7627 8.04133 9591 0 0.00731413
13.9218 489424 483632 0.10565 36.7152 8.25838 36.7152 8.25838 9925 0 0.00714432
14.0275 490872 486528 0.106 36.8091 8.4736 36.8091 8.4736 10261 0 0.00705608
14.1337 492320 487976 0.106431 36.7516 8.68612 36.7516 8.68612 10598 0 0.00704183
14.2401 493768 489424 0.106515 36.9279 8.89702 36.9279 8.89702 10937 0 0.00699581
14.3462 495216 490872 0.106374 37.0116 9.10495 37.0116 9.10495 11276 0 0.00692924
14.4522 496664 492320 0.10625 37.2721 9.31151 37.2721 9.31151 11617 0 0.00686447
14.5579 498112 493768 0.106 37.3569 9.51521 37.3569 9.51521 11958 0 0.00678851
14.6641 499560 495216 0.106465 37.4059 9.71724 37.4059 9.71724 12301 0 0.00677887
14.7702 501008 496664 0.106426 37.4483 9.91645 37.4483 9.91645 12644 0 0.00672292
14.8769 499560 498112 0.10688 37.4546 10.114 37.4546 10.114 12989 0 0.00671325
14.9839 498112 496664 0.107167 37.1538 10.3069 37.1538 10.3069 13332 0 0.00679233
15.0912 495216 495216 0.107555 37.0289 10.497 37.0289 10.497 13675 0 0.00689255
15.1985 490872 492320 0.107601 36.7051 10.682 36.7051 10.682 14015 0 0.0070211
15.3054 489424 487976 0.107185 36.5038 10.8624 36.5038 10.8624 14352 0 0.00711238
15.4124 487976 486528 0.1072 36.5038 11.0403 36.5038 11.0403 14689 0 0.00716791
15.5193 486528 485080 0.107248 36.2872 11.2143 36.2872 11.2143 15024 0 0.00722689
15.6266 483632 483632 0.107502 36.1653 11.3856 36.1653 11.3856 15359 0 0.00731679
15.7339 480736 480736 0.107468 35.8414 11.5524 35.8414 11.5524 15691 0 0.00742393
15.841 477840 477840 0.107311 35.7055 11.7157 35.7055 11.7157 16021 0 0.00752053
15.9481 474944 474944 0.107353 35.4493 11.8752 35.4493 11.8752 16349 0 0.00763717
16.0548 473496 472048 0.106973 35.3918 12.0315 35.3918 12.0315 16675 0 0.00770408
16.1619 472048 470600 0.107224 35.1645 12.1847 35.1645 12.1847 17000 0 0.00778506
16.2689 470600 469152 0.107167 35.204 12.336 35.204 12.336 17325 0 0.00783736
16.3763 466256 467704 0.107737 34.8308 12.4836 34.8308 12.4836 17648 0 0.00797927
16.4833 464808 463360 0.107281 34.7317 12.6281 34.7317 12.6281 17969 0 0.00808193
16.5904 463360 461912 0.10728 34.5153 12.7693 34.5153 12.7693 18288 0 0.008141
16.6981 459016 460464 0.107964 34.3227 12.9083 34.3227 12.9083 18607 0 0.00829539
16.8056 454672 456120 0.107818 33.9302 13.0428 33.9302 13.0428 18922 0 0.00846161
16.9133 450328 451776 0.107962 33.6771 13.1742 33.6771 13.1742 19235 0 0.00865836
17.0207 447432 447432 0.107607 33.3211 13.3013 33.3211 13.3013 19544 0 0.00879141
17.1281 444536 444536 0.107628 33.2133 13.4262 33.2133 13.4262 19852 0 0.00891855
17.2358 440192 441640 0.107976 32.924 13.548 32.924 13.548 20158 0 0.00909688
17.3433 435848 437296 0.107771 32.6376 13.6664 32.6376 13.6664 20461 0 0.00926911
17.4509 432952 432952 0.107716 32.2067 13.7806 32.2067 13.7806 20760 0 0.00943977
17.558 430056 430056 0.107481 32.207 13.8931 32.207 13.8931 21058 0 0.00954857
17.6657 425712 427160 0.107899 31.848 14.0025 31.848 14.0025 21354 0 0.00973949
17.773 422816 422816 0.107606 31.6311 14.109 31.6311 14.109 21647 0 0.00989365
17.8804 419920 419920 0.107636 31.2722 14.2121 31.2722 14.2121 21937 0 0.0100319
17.9879 417024 417024 0.107641 31.0566 14.3127 31.0566 14.3127 22225 0 0.0101689
18.0955 412680 414128 0.107966 30.7721 14.4106 30.7721 14.4106 22511 0 0.0103564
18.2034 408336 409784 0.108073 30.3815 14.5053 30.3815 14.5053 22794 0 0.0105754
18.311 405440 405440 0.107787 30.2679 14.5978 30.2679 14.5978 23075 0 0.010741
18.4184 402544 402544 0.107607 29.9782 14.6876 29.9782 14.6876 23353 0 0.0108663
18.5259 399648 399648 0.10775 29.7293 14.7749 29.7293 14.7749 23629 0 0.0110236
18.6336 395304 396752 0.107902 29.4809 14.8598 29.4809 14.8598 23903 0 0.0112017
18.7413 390960 392408 0.107981 29.1581 14.942 29.1581 14.942 24174 0 0.0114289
18.8488 388064 388064 0.107708 28.9753 15.022 28.9753 15.022 24443 0 0.0116064
18.9562 385168 385168 0.107641 28.6842 15.0995 28.6842 15.0995 24709 0 0.0117496
19.0638 382272 382272 0.107829 28.4367 15.1747 28.4367 15.1747 24973 0 0.0119184
19.1714 379376 379376 0.107837 28.1898 15.2478 28.1898 15.2478 25235 0 0.0120712
19.2792 375032 376480 0.108066 27.9434 15.3188 27.9434 15.3188 25495 0 0.0122652
19.3869 372136 372136 0.107879 27.6518 15.3873 27.6518 15.3873 25752 0 0.0124606
19.4944 369240 369240 0.10778 27.575 15.4545 27.575 15.4545 26008 0 0.0126074
19.6022 364896 366344 0.108067 27.2986 15.5196 27.2986 15.5196 26262 0 0.0128109
19.7101 360552 362000 0.108151 26.9461 15.5822 26.9461 15.5822 26513 0 0.0130574
19.8177 357656 357656 0.107833 26.6056 15.642 26.6056 15.642 26760 0 0.0132493
19.9254 354760 354760 0.108 26.4388 15.7004 26.4388 15.7004 27006 0 0.0134275
20.0331 351864 351864 0.107938 26.2531 15.7571 26.2531 15.7571 27250 0 0.013585
20.1211 5792 348968 0.117401 10.536 15.7343 10.536 15.7343 27330 0 0.227648
20.2962 315664 2896 0.103849 0.463078 15.6025 0.463078 15.6025 27337 0 0.212318
20.3905 419920 312768 0.101747 27.0179 15.6553 27.0179 15.6553 27557 0 0.0346604
20.492 490872 417024 0.116038 32.8575 15.7406 32.8575 15.7406 27845 0 0.0199743
20.5266 595128 487976 0.11038 112.807 15.9042 112.807 15.9042 28182 0 0.0267436
20.6303 754408 592232 0.10398 45.8007 16.0545 45.8007 16.0545 28592 0 0.0488066
20.7302 983192 751512 0.100062 60.3255 16.2677 60.3255 16.2677 29112 0 0.0946578
20.8362 1226456 980296 0.106287 74.1071 16.5619 74.1071 16.5619 29790 0 0.111118
20.955 1407456 1223560 0.119203 82.4656 16.9357 82.4656 16.9357 30636 0 0.077694
21.089 1487096 1404560 0.134176 83.9543 17.3615 83.9543 17.3615 31607 0 0.0472452
21.2334 1494336 1484200 0.144641 82.2087 17.8026 82.2087 17.8026 32632 0 0.0455898
21.3804 1484200 1491440 0.147218 81.2701 18.2388 81.2701 18.2388 33663 0 0.0468817
21.5248 1491440 1481304 0.144656 82.0483 18.667 82.0483 18.667 34686 0 0.0452905
21.6671 1513160 1488544 0.142509 83.7842 19.0945 83.7842 19.0945 35715 0 0.0464338
21.8086 1540672 1510264 0.141818 85.3567 19.5246 85.3567 19.5246 36758 0 0.0491422
21.9517 1556600 1537776 0.143393 86.0439 19.9583 86.0439 19.9583 37821 0 0.0515363
22.0969 1559496 1553704 0.145256 85.6311 20.3897 85.6311 20.3897 38894 0 0.053217
22.2435 1550808 1556600 0.146934 85.0259 20.8156 85.0259 20.8156 39970 0 0.0539568
22.3903 1540672 1547912 0.147011 84.4134 21.2327 84.4134 21.2327 41040 0 0.0530274
22.5367 1534880 1537776 0.146549 84.1365 21.6412 84.1365 21.6412 42103 0 0.0516812
22.6821 1536328 1531984 0.145672 84.2944 22.0428 84.2944 22.0428 43161 0 0.0508278
22.8276 1534880 1533432 0.145801 84.3044 22.4397 84.3044 22.4397 44220 0 0.0510111
22.9736 1530536 1531984 0.146227 84.0269 22.8311 84.0269 22.8311 45279 0 0.0509531
23.1198 1524744 1527640 0.146427 83.5719 23.2153 83.5719 23.2153 46334 0 0.0505319
23.2662 1517504 1521848 0.146573 83.2659 23.593 83.2659 23.593 47386 0 0.0499524
23.4123 1511712 1514608 0.14647 83.0064 23.9638 83.0064 23.9638 48433 0 0.0491101
23.5582 1508816 1508816 0.146044 82.7461 24.3278 82.7461 24.3278 49475 0 0.0483644
23.7039 1507368 1505920 0.146 82.6554 24.6865 82.6554 24.6865 50515 0 0.0480337
23.8499 1503024 1504472 0.146193 82.44 25.04 82.44 25.04 51554 0 0.0479413
23.996 1497232 1500128 0.146443 82.2136 25.3881 82.2136 25.3881 52591 0 0.0475457
24.1421 1492888 1494336 0.146344 81.8172 25.7297 81.8172 25.7297 53623 0 0.0468869
24.2878 1491440 1489992 0.145945 81.8486 26.0662 81.8486 26.0662 54652 0 0.0463299
24.4338 1487096 1488544 0.146201 81.6465 26.3983 81.6465 26.3983 55681 0 0.0462516
24.5793 1485648 1484200 0.14577 81.5978 26.7251 81.5978 26.7251 56706 0 0.0456926
24.7248 1487096 1482752 0.1457 81.5978 27.048 81.5978 27.048 57731 0 0.0455295
24.8698 1489992 1484200 0.145209 81.8682 27.3677 81.8682 27.3677 58756 0 0.045608
25.0158 1485648 1487096 0.146199 81.5672 27.684 81.5672 27.684 59784 0 0.0460992
25.162 1479856 1482752 0.146499 81.1955 27.995 81.1955 27.995 60809 0 0.045723
25.308 1475512 1476960 0.146292 80.9324 28.3004 80.9324 28.3004 61829 0 0.04506
25.4537 1474064 1472616 0.145857 80.8941 28.6013 80.8941 28.6013 62846 0 0.0445075
25.5994 1472616 1471168 0.146 80.8274 28.8987 80.8274 28.8987 63863 0 0.0443834
25.7454 1468272 1469720 0.146253 80.5357 29.1915 80.5357 29.1915 64878 0 0.0443084
25.892 1459584 1465376 0.146917 80.0476 29.4794 80.0476 29.4794 65891 0 0.0440808
26.0384 1453792 1456688 0.146602 79.625 29.7613 79.625 29.7613 66897 0 0.043073
26.1848 1446552 1450896 0.146679 79.2433 30.0381 79.2433 30.0381 67899 0 0.0425402
26.3317 1436416 1443656 0.14708 78.6543 30.3092 78.6543 30.3092 68896 0 0.0419812
26.4788 1426280 1433520 0.147303 78.0532 30.5744 78.0532 30.5744 69887 0 0.0410275
26.6258 1416144 1423384 0.147216 77.4231 30.8331 77.4231 30.8331 70870 0 0.0400342
26.7729 1406008 1413248 0.147241 76.9506 31.0865 76.9506 31.0865 71847 0 0.0390752
26.9201 1394424 1403112 0.147465 76.2582 31.3335 76.2582 31.3335 72816 0 0.0382214
27.0672 1384288 1391528 0.147359 75.7691 31.5749 75.7691 31.5749 73778 0 0.0370806
27.2143 1372704 1381392 0.147468 75.2178 31.8108 75.2178 31.8108 74733 0 0.0362382
27.3613 1362568 1369808 0.147281 74.5089 32.0403 74.5089 32.0403 75679 0 0.0351189
27.5085 1350984 1359672 0.147478 73.8972 32.2643 73.8972 32.2643 76618 0 0.0343229
27.656 1339400 1348088 0.147598 73.2268 32.4827 73.2268 32.4827 77550 0 0.0333491
27.8035 1326368 1336504 0.147802 72.5391 32.6952 72.5391 32.6952 78474 0 0.0324724
27.9512 1313336 1323472 0.14782 71.7741 32.9017 71.7741 32.9017 79389 0 0.0314006
28.0988 1300304 1310440 0.1479 71.0475 33.102 71.0475 33.102 80294 0 0.0303638
28.2464 1287272 1297408 0.147843 70.3622 33.2968 70.3622 33.2968 81191 0 0.0293271
28.394 1274240 1284376 0.147787 69.6344 33.4857 69.6344 33.4857 82078 0 0.0283149
28.5419 1261208 1271344 0.148056 68.8382 33.6689 68.8382 33.6689 82957 0 0.0273837
28.6899 1246728 1258312 0.148238 67.9998 33.846 67.9998 33.846 83826 0 0.0265324
28.8381 1230800 1243832 0.148414 67.241 34.0176 67.241 34.0176 84686 0 0.0256099
28.9866 1213424 1227904 0.148803 66.2198 34.1826 66.2198 34.1826 85535 0 0.0246639
29.1347 1198944 1210528 0.148255 65.4175 34.3413 65.4175 34.3413 86371 0 0.0232434
29.2826 1185912 1196048 0.148174 64.6875 34.4946 64.6875 34.4946 87197 0 0.0222247
29.4306 1172880 1183016 0.148245 63.9308 34.6426 63.9308 34.6426 88014 0 0.0214226
29.579 1156952 1169984 0.148699 63.151 34.7857 63.151 34.7857 88823 0 0.0208616
29.7274 1141024 1154056 0.148635 62.2143 34.9226 62.2143 34.9226 89620 0 0.0199169
29.8762 1123648 1138128 0.149 61.2848 35.0539 61.2848 35.0539 90407 0 0.0191702
30.0248 1107720 1120752 0.148907 60.3212 35.1789 60.3212 35.1789 91181 0 0.0181301
30.1405 5792 1104824 0.147489 49.3536 35.2334 49.3536 35.2334 91674 0 2.17527
30.272 962920 2896 0.152249 0.264297 35.0815 0.264297 35.0815 91677 0 1.67681
30.3502 1282928 960024 0.123995 98.7742 35.2456 98.7742 35.2456 92344 0 0.189286
30.486 1101928 1280032 0.159396 75.5029 35.4249 75.5029 35.4249 93229 0 0.088099
30.6505 933960 1099032 0.1627 53.4487 35.5217 53.4487 35.5217 93988 0 0.0693672
30.7841 815224 931064 0.155213 55.8316 35.6098 55.8316 35.6098 94632 0 0.0364604
30.8914 823912 812328 0.123734 60.6713 35.6969 60.6713 35.6969 95194 0 0.00447243
30.9822 961472 821016 0.100532 72.5271 35.8047 72.5271 35.8047 95762 0 0.0356419
31.0708 1174328 958576 0.094194 86.6076 35.9497 86.6076 35.9497 96425 0 0.0848098
31.1504 1372704 1171432 0.100257 117.812 36.1588 117.812 36.1588 97234 0 0.0842113
31.2696 1420488 1369808 0.119465 92.0316 36.3717 92.0316 36.3717 98181 0 0.0349135
31.4062 1343744 1417592 0.136802 83.0082 36.5746 83.0082 36.5746 99160 0 0.0480617
31.5463 1248176 1340848 0.140475 76.6443 36.7526 76.6443 36.7526 100087 0 0.0475381
31.6776 1210528 1245280 0.131519 75.8537 36.9147 75.8537 36.9147 100947 0 0.0250784
31.8001 1229352 1207632 0.122706 78.9025 37.0764 78.9025 37.0764 101781 0 0.0194546
31.9198 1267000 1226456 0.119986 81.9828 37.2447 81.9828 37.2447 102628 0 0.022261
32.0423 1285824 1264104 0.122777 82.6057 37.4182 82.6057 37.4182 103502 0 0.0233657
32.1695 1274240 1282928 0.127386 80.8233 37.5898 80.8233 37.5898 104389 0 0.0249758
32.2996 1243832 1271344 0.13036 78.1564 37.7532 78.1564 37.7532 105267 0 0.0259223
32.4302 1210528 1240936 0.130802 76.0064 37.9073 76.0064 37.9073 106124 0 0.0241238
32.56 1183016 1207632 0.130076 74.5352 38.0533 74.5352 38.0533 106959 0 0.0211488
32.6897 1156952 1180120 0.13 72.7499 38.191 72.7499 38.191 107774 0 0.0192635
32.8201 1129440 1154056 0.130356 70.9042 38.3209 70.9042 38.3209 108572 0 0.0179052
32.9891 1070072 1126544 0.136504 53.4135 38.3982 53.4135 38.3982 109351 0 0.0222013
33.0825 1038216 1067176 0.131478 91.3243 38.5478 91.3243 38.5478 110088 0 0.0140671
33.2576 986088 1035320 0.135912 47.3753 38.5943 47.3753 38.5943 110804 0 0.0163824
33.3906 931064 983192 0.137096 59.2188 38.6764 59.2188 38.6764 111484 0 0.0151932
33.522 887624 928168 0.135071 56.6257 38.7468 56.6257 38.7468 112126 0 0.0112477
33.6517 852872 884728 0.1335 54.6294 38.808 54.6294 38.808 112738 0 0.00884006
33.7839 818120 849976 0.133789 51.5327 38.8578 51.5327 38.8578 113326 0 0.00830263
33.9222 770336 815224 0.138009 47.2392 38.892 47.2392 38.892 113890 0 0.0104472
34.0643 702280 767440 0.144964 43.3088 38.9104 43.3088 38.9104 114421 0 0.0154745
34.1279 660288 699384 0.1381 87.8557 39.0017 87.8557 39.0017 114904 0 0.00941663
34.3507 592232 657392 0.148888 23.6592 38.9022 23.6592 38.9022 115359 0 0.0167449
34.4053 553136 589336 0.139569 86.4246 38.9776 86.4246 38.9776 115766 0 0.0108841
34.6395 490872 550240 0.151145 18.8457 38.8414 18.8457 38.8414 116147 0 0.018037
34.6851 456120 487976 0.141014 85.4958 38.9029 85.4958 38.9029 116484 0 0.0135925
34.9329 398200 453224 0.155226 14.6805 38.7311 14.6805 38.7311 116798 0 0.0212951
35.0819 344624 395304 0.157903 21.3023 38.657 21.3023 38.657 117072 0 0.0236343
35.2303 296840 341728 0.158907 18.5004 38.5721 18.5004 38.5721 117309 0 0.025695
35.2586 270776 293944 0.144047 82.9245 38.6078 82.9245 38.6078 117512 0 0.0230617
35.5277 231680 267880 0.160085 8.00862 38.3761 8.00862 38.3761 117698 0 0.0292634
35.6792 195480 228784 0.163518 12.1557 38.2647 12.1557 38.2647 117857 0 0.032364
35.6982 175208 192584 0.148384 81.1509 38.2875 81.1509 38.2875 117990 0 0.0306374
35.9827 146248 172312 0.166088 4.88538 38.0234 4.88538 38.0234 118110 0 0.0364772
36.1358 123080 143352 0.167591 7.5671 37.8944 7.5671 37.8944 118210 0 0.0387005
36.2879 102808 120184 0.16848 6.39653 37.7623 6.39653 37.7623 118294 0 0.0407059
36.4402 85432 99912 0.168307 5.32623 37.6268 5.32623 37.6268 118364 0 0.0423198
36.5927 70952 82536 0.168973 4.40621 37.4884 4.40621 37.4884 118422 0 0.0439285
36.7449 59368 68056 0.169739 3.65227 37.3482 3.65227 37.3482 118470 0 0.0453512
36.8977 49232 56472 0.170381 3.0316 37.2061 3.0316 37.2061 118510 0 0.0465698
37.051 40544 46336 0.171924 2.49518 37.0625 2.49518 37.0625 118543 0 0.0478713
37.0548 36200 37648 0.154735 78.3289 37.0668 78.3289 37.0668 118569 0 0.0450932
37.2076 31856 33304 0.153306 1.74317 36.9217 1.74317 36.9217 118592 0 0.045266
37.511 26064 28960 0.172121 0.801782 36.6296 0.801782 36.6296 118613 0 0.0496014
37.5134 23168 23168 0.158086 77.1238 36.6322 77.1238 36.6322 118629 0 0.0472028
37.6663 20272 20272 0.154857 1.06106 36.4878 1.06106 36.4878 118643 0 0.0468797
37.8194 17376 17376 0.153903 0.908051 36.3438 0.908051 36.3438 118655 0 0.0470007
37.9732 15928 14480 0.153956 0.753162 36.1996 0.753162 36.1996 118665 0 0.0473019
38.1266 14480 13032 0.153894 0.679439 36.0567 0.679439 36.0567 118674 0 0.0474418
38.2804 11584 11584 0.165083 0.677846 35.9145 0.677846 35.9145 118683 0 0.0498313
38.4341 10136 8688 0.160497 0.452251 35.7727 0.452251 35.7727 118689 0 0.049182
38.588 11584 7240 0.158477 0.376287 35.6315 0.376287 35.6315 118694 0 0.048933
38.7422 13032 8688 0.171767 0.525981 35.4918 0.525981 35.4918 118701 0 0.0515742
38.8965 11584 10136 0.166137 0.525571 35.3532 0.525571 35.3532 118708 0 0.0501949
39.051 13032 8688 0.178083 0.524754 35.2153 0.524754 35.2153 118715 0 0.053026
39.2034 11584 10136 0.170214 0.532203 35.0805 0.532203 35.0805 118722 0 0.051077
39.355 13032 8688 0.181786 0.534733 34.9474 0.534733 34.9474 118729 0 0.0539142
39.3557 11584 10136 0.171829 112.472 34.9488 112.472 34.9488 118736 0 0.0514357
39.5081 10136 8688 0.163749 0.532203 34.8161 0.532203 34.8161 118743 0 0.0498461
39.6624 11584 7240 0.160765 0.375408 34.6821 0.375408 34.6821 118748 0 0.0493888
39.8176 13032 8688 0.17371 0.522317 34.549 0.522317 34.549 118755 0 0.0520123
39.9728 11584 10136 0.167534 0.522722 34.4169 0.522722 34.4169 118762 0 0.0504935
40.1275 13032 8688 0.17948 0.523939 34.2862 0.523939 34.2862 118769 0 0.0533578
40.2769 5792 10136 0.170554 0.542907 34.1611 0.542907 34.1611 118776 0 0.0512415
40.3975 11584 2896 0.176923 0.288062 34.0599 0.288062 34.0599 118779 0 0.0534224
40.5625 10136 8688 0.169808 0.701999 33.9242 0.701999 33.9242 118789 0 0.0511401
40.716 4344 2896 0.169808 0.0754932 33.7966 0 33.7964 118790 1 0.0518091
40.8911 7240 2896 0.169808 0.397003 33.6536 0 33.6517 118796 7 0.0517644
40.9653 8688 4344 0.138949 1.09196 33.5946 1.09196 33.5926 118803 7 0.0457747
41.0395 11584 5792 0.124497 1.09373 33.5359 1.09373 33.5339 118810 7 0.0435594
41.1225 14480 8688 0.110896 1.11612 33.4704 1.11612 33.4685 118818 7 0.0416839
41.2122 18824 11584 0.103329 1.03245 33.3998 1.03245 33.3978 118826 7 0.0406848
41.3046 24616 15928 0.098063 1.379 33.3282 1.379 33.3262 118837 7 0.0398275
41.3971 30408 21720 0.106708 2.00582 33.2582 2.00582 33.2563 118853 7 0.039958
41.4915 36200 27512 0.109409 2.45305 33.1881 2.45305 33.1862 118873 7 0.0396201
41.5887 43440 33304 0.110585 2.85997 33.1172 2.85997 33.1153 118897 7 0.0391785
41.6884 52128 40544 0.112631 3.36836 33.0461 3.36836 33.0441 118926 7 0.0386964
41.6918 66608 49232 0.102294 117.063 33.0528 117.063 33.0509 118960 7 0.0370825
41.7951 83984 63712 0.103377 4.93234 32.9833 4.93234 32.9814 119004 7 0.035911
41.9022 102808 81088 0.107017 6.05911 32.9145 6.05911 32.9126 119060 7 0.0346587
42.0128 123080 99912 0.11048 7.23036 32.8469 7.23036 32.845 119129 7 0.0333314
42.1257 143352 120184 0.114977 8.6149 32.782 8.6149 32.78 119213 7 0.0319605
42.2391 165072 140456 0.115812 10.0081 32.7208 10.0081 32.7189 119311 7 0.0303746
42.353 191136 162176 0.116425 11.4913 32.6637 11.4913 32.6618 119424 7 0.028963
42.4702 220096 188240 0.117136 12.854 32.6091 12.854 32.6072 119554 7 0.0271964
42.5911 247608 217200 0.120944 14.3745 32.5573 14.3745 32.5554 119704 7 0.0252465
42.7158 272224 244712 0.124706 15.696 32.5081 15.696 32.5062 119873 7 0.0234199
42.8416 292496 269328 0.129334 17.2184 32.4632 17.2184 32.4613 120060 7 0.0219677
42.9675 318560 289600 0.126642 18.3979 32.422 18.3979 32.4201 120260 7 0.0207222
43.0956 344624 315664 0.128103 19.7151 32.3842 19.7151 32.3823 120478 7 0.0192606
43.2281 364896 341728 0.132067 20.6457 32.3482 20.6457 32.3464 120714 7 0.0177775
43.3638 379376 362000 0.135633 21.3285 32.3137 21.3285 32.3119 120964 7 0.0167985
43.4987 393856 376480 0.136018 22.3398 32.2828 22.3398 32.2809 121224 7 0.0160728
43.6329 409784 390960 0.135216 23.3029 32.2552 23.3029 32.2533 121494 7 0.0152755
43.7682 425712 406888 0.135604 24.0584 32.2299 24.0584 32.228 121775 7 0.0145386
43.9044 424264 422816 0.144294 24.9088 32.2071 24.9088 32.2053 122068 7 0.0147217
44.0429 434400 421368 0.138157 24.3523 32.1824 24.3523 32.1806 122359 7 0.0139711
44.1791 428608 431504 0.146358 25.4189 32.1616 25.4189 32.1597 122658 7 0.0147309
44.3175 440192 425712 0.137846 24.6033 32.138 24.6033 32.1361 122952 7 0.0137767
44.4566 450328 437296 0.138353 25.1636 32.1162 25.1636 32.1143 123254 7 0.0132753
44.5963 457568 447432 0.140197 25.614 32.0958 25.614 32.094 123563 7 0.0130348
44.737 437296 454672 0.153972 25.933 32.0764 25.933 32.0746 123878 7 0.0157636
44.7747 441640 434400 0.141424 92.1065 32.127 92.1065 32.1252 124178 7 0.0137464
44.9143 448880 438744 0.13977 25.1599 32.1054 25.1599 32.1035 124481 7 0.0133457
45.0536 457568 445984 0.139527 25.6802 32.0855 25.6802 32.0837 124790 7 0.0130312
45.1937 464808 454672 0.140393 25.9615 32.0665 25.9615 32.0647 125104 7 0.0127584
45.3351 469152 461912 0.141515 26.1506 32.048 26.1506 32.0463 125423 7 0.0125801
45.477 472048 466256 0.142159 26.3664 32.0303 26.3664 32.0285 125746 7 0.0124902
45.6183 476392 469152 0.141572 26.5605 32.0134 26.5605 32.0116 126070 7 0.0122964
45.7595 480736 473496 0.141394 26.8292 31.9974 26.8292 31.9956 126397 7 0.0120952
45.9011 485080 477840 0.141894 27.0653 31.9822 27.0653 31.9804 126728 7 0.0120074
46.0426 489424 482184 0.14175 27.2751 31.9677 27.2751 31.9659 127061 7 0.0118171
46.1845 492320 486528 0.142124 27.5092 31.954 27.5092 31.9522 127398 7 0.0116956
46.3261 496664 489424 0.141895 27.6377 31.9408 27.6377 31.939 127736 7 0.0115687
46.4678 501008 493768 0.14195 27.883 31.9284 27.883 31.9267 128077 7 0.0114181
46.6091 505352 498112 0.141522 28.282 31.9174 28.282 31.9156 128422 7 0.0111913
46.7505 509696 502456 0.141775 28.4218 31.9068 28.4218 31.9051 128769 7 0.0110783
46.8924 512592 506800 0.142122 28.6521 31.8969 28.6521 31.8952 129120 7 0.0109649
47.0339 516936 509696 0.141577 28.8313 31.8877 28.8313 31.886 129472 7 0.0107947
47.1757 521280 514040 0.14203 29.0031 31.8791 29.0031 31.8773 129827 7 0.0107217
47.3173 525624 518384 0.141946 29.3548 31.8715 29.3548 31.8698 130186 7 0.0105635
47.4592 528520 522728 0.142238 29.4684 31.8643 29.4684 31.8626 130547 7 0.010451
47.6007 532864 525624 0.141561 29.8142 31.8582 29.8142 31.8565 130911 7 0.0102658
47.7421 537208 529968 0.141686 30.0599 31.8529 30.0599 31.8512 131278 7 0.0101489
47.8838 541552 534312 0.141976 30.1725 31.8479 30.1725 31.8462 131647 7 0.0100617
48.0254 545896 538656 0.141837 30.4996 31.844 30.4996 31.8423 132020 7 0.00990708
48.1671 550240 543000 0.141938 30.6631 31.8405 30.6631 31.8388 132395 7 0.00979445
48.3087 554584 547344 0.141833 31.0165 31.8381 31.0165 31.8364 132774 7 0.00965064
48.4507 557480 551688 0.14227 31.0746 31.8358 31.0746 31.8342 133155 7 0.00957991
48.5907 566168 554584 0.140165 31.7763 31.8357 31.7763 31.834 133539 7 0.00927614
48.7292 579200 563272 0.138814 32.6087 31.8379 32.6087 31.8362 133929 7 0.008993
48.8684 589336 576304 0.139411 33.2172 31.8418 33.2172 31.8401 134328 7 0.00863423
49.0097 593680 586440 0.141535 33.2006 31.8457 33.2006 31.844 134733 7 0.00858391
49.1524 595128 590784 0.143 33.1899 31.8496 33.1899 31.848 135142 7 0.00869537
49.2948 596576 592232 0.142625 33.2739 31.8537 33.2739 31.8521 135551 7 0.00860066
49.437 599472 593680 0.142286 33.4931 31.8584 33.4931 31.8568 135962 7 0.00852349
49.578 605264 596576 0.141393 33.832 31.864 33.832 31.8624 136374 7 0.00835827
49.7193 609608 602368 0.141582 34.1024 31.8704 34.1024 31.8688 136790 7 0.00823904
49.8614 613952 606712 0.14226 34.1739 31.877 34.1739 31.8753 137209 7 0.00826031
50.0032 618296 611056 0.142023 34.5587 31.8846 34.5587 31.883 137632 7 0.00813412
50.1453 621192 615400 0.14252 34.634 31.8924 34.634 31.8907 138057 7 0.00811277
50.277 5792 618296 0.142003 30.2584 31.8881 30.2584 31.8865 138401 7 0.681233
50.4179 557480 4344 0.141532 0 31.7989 0 31.7973 138401 7 0.587269
50.4584 742824 554584 0.133436 110.659 31.8621 110.659 31.8605 138787 7 0.0691794
50.5861 608160 739928 0.0992645 46.4339 31.8989 46.4339 31.8973 139299 7 0.0337878
50.7509 606712 605264 0.156157 29.5818 31.8914 29.5818 31.8898 139720 7 0.0107395
50.7511 605264 605264 0.156157 96.4048 31.8915 0 31.8897 139721 8 0.0107395
50.7512 604520 603816 0.156157 0 31.8914 0 31.8896 139721 8 0.0107667
50.7513 603789 602368 0.156157 0 31.8914 0 31.8895 139721 8 0.0107969
50.7514 603058 600920 0.156157 0 31.8913 0 31.8895 139721 8 0.0108275
50.7515 602327 600920 0.156157 96.4048 31.8914 0 31.8894 139722 9 0.0108275
50.7517 601596 599472 0.156157 0 31.8914 0 31.8893 139722 9 0.0108583
50.7518 600866 599472 0.156157 96.4048 31.8915 0 31.8892 139723 10 0.0108583
50.7519 600135 598024 0.156157 0 31.8914 0 31.8892 139723 10 0.0108895
50.752 598024 598024 0.156157 96.4048 31.8916 0 31.8891 139724 11 0.0108965
50.7521 596576 596576 0.156157 0 31.8915 0 31.889 139724 11 0.0109237
50.7523 595128 595128 0.156157 0 31.8914 0 31.8889 139724 11 0.0109555
50.7524 593680 593680 0.156157 0 31.8914 0 31.8889 139724 11 0.0109875
50.7525 592232 592232 0.156157 0 31.8913 0 31.8888 139724 11 0.0110198
50.7526 590784 590784 0.156157 0 31.8912 0 31.8887 139724 11 0.0110525
50.7527 589336 589336 0.156157 0 31.8911 0 31.8886 139724 11 0.0110854
50.7529 587888 587888 0.156157 0 31.8911 0 31.8886 139724 11 0.0111187
50.753 586528 586440 0.156157 0 31.891 0 31.8885 139724 11 0.0111517
50.7531 585797 584992 0.156157 0 31.8909 0 31.8884 139724 11 0.0111832
50.7532 583544 583544 0.156157 0 31.8908 0 31.8883 139724 11 0.0112254
50.7533 582096 582096 0.156157 0 31.8908 0 31.8883 139724 11 0.0112546
50.7535 580648 580648 0.156157 0 31.8907 0 31.8882 139724 11 0.0112893
50.7536 579200 579200 0.156157 0 31.8906 0 31.8881 139724 11 0.0113243
50.7537 577752 577752 0.156157 0 31.8905 0 31.888 139724 11 0.0113597
50.7538 576304 576304 0.156157 0 31.8905 0 31.8879 139724 11 0.0113953
50.7539 574856 574856 0.156157 0 31.8904 0 31.8879 139724 11 0.0114312
50.7541 573408 573408 0.156157 0 31.8903 0 31.8878 139724 11 0.0114674
50.7542 572191 571960 0.156157 0 31.8902 0 31.8877 139724 11 0.0115028
50.7543 571460 570512 0.156157 0 31.8902 0 31.8876 139724 11 0.011538
50.7544 569064 569064 0.156157 0 31.8901 0 31.8876 139724 11 0.0115843
50.7545 567616 567616 0.156157 0 31.89 0 31.8875 139724 11 0.0116153
50.7547 566168 566168 0.156157 0 31.8899 0 31.8874 139724 11 0.011653
50.7548 564720 564720 0.156157 0 31.8899 0 31.8873 139724 11 0.011691
50.7549 563272 563272 0.156157 0 31.8898 0 31.8873 139724 11 0.0117293
50.755 561824 561824 0.156157 0 31.8897 0 31.8872 139724 11 0.0117679
50.7551 560376 560376 0.156157 0 31.8896 0 31.8871 139724 11 0.0118068
50.7553 558928 558928 0.156157 0 31.8896 0 31.887 139724 11 0.011846
50.7554 557853 557480 0.156157 0 31.8895 0 31.887 139724 11 0.0118838
50.7555 557123 556032 0.156157 0 31.8894 0 31.8869 139724 11 0.0119225
50.7556 554584 554584 0.156157 0 31.8893 0 31.8868 139724 11 0.0119731
50.7557 553136 553136 0.156157 0 31.8893 0 31.8867 139724 11 0.0120058
50.7559 551688 551688 0.156157 0 31.8892 0 31.8867 139724 11 0.0120465
50.756 550240 550240 0.156157 0 31.8891 0 31.8866 139724 11 0.0120875
50.7561 548792 548792 0.156157 0 31.889 0 31.8865 139724 11 0.0121287
50.7562 547344 547344 0.156157 0 31.8889 0 31.8864 139724 11 0.0121703
50.7563 545896 545896 0.156157 0 31.8889 0 31.8864 139724 11 0.0122122
50.7565 544448 544448 0.156157 0 31.8888 0 31.8863 139724 11 0.0122544
50.7566 543516 543000 0.156157 0 31.8887 0 31.8862 139724 11 0.0122947
50.7567 542785 541552 0.156157 0 31.8886 0 31.8861 139724 11 0.0123369
50.7568 540104 540104 0.156157 0 31.8886 0 31.8861 139724 11 0.0123918
50.7569 538656 538656 0.156157 0 31.8885 0 31.886 139724 11 0.0124261
50.7571 537208 537208 0.156157 0 31.8884 0 31.8859 139724 11 0.0124698
50.7572 535760 535760 0.156157 0 31.8883 0 31.8858 139724 11 0.0125137
50.7573 534312 534312 0.156157 0 31.8883 0 31.8858 139724 11 0.012558
50.7574 532864 532864 0.156157 0 31.8882 0 31.8857 139724 11 0.0126026
50.7576 531416 531416 0.156157 0 31.8881 0 31.8856 139724 11 0.0126474
50.7577 529968 529968 0.156157 0 31.888 0 31.8855 139724 11 0.0126926
50.7578 529179 528520 0.156157 0 31.888 0 31.8855 139724 11 0.0127355
50.7579 527072 527072 0.156157 0 31.8879 0 31.8854 139724 11 0.012788
50.758 525624 525624 0.156157 0 31.8878 0 31.8853 139724 11 0.0128299
50.7582 524176 524176 0.156157 0 31.8877 0 31.8852 139724 11 0.0128762
50.7583 522728 522728 0.156157 0 31.8877 0 31.8852 139724 11 0.0129229
50.7584 521280 521280 0.156157 0 31.8876 0 31.8851 139724 11 0.0129699
50.7585 519832 519832 0.156157 0 31.8875 0 31.885 139724 11 0.0130171
50.7586 518384 518384 0.156157 0 31.8874 0 31.8849 139724 11 0.0130647
50.7588 516936 516936 0.156157 0 31.8874 0 31.8849 139724 11 0.0131125
50.7589 515572 515488 0.156157 0 31.8873 0 31.8848 139724 11 0.0131602
50.759 514841 514040 0.156157 0 31.8872 0 31.8847 139724 11 0.0132063
50.7591 512592 512592 0.156157 0 31.8871 0 31.8846 139724 11 0.0132631
50.7592 511144 511144 0.156157 0 31.8871 0 31.8846 139724 11 0.0133069
50.7594 509696 509696 0.156157 0 31.887 0 31.8845 139724 11 0.0133562
50.7595 508248 508248 0.156157 0 31.8869 0 31.8844 139724 11 0.0134059
50.7596 506800 506800 0.156157 0 31.8868 0 31.8843 139724 11 0.0134558
50.7597 505352 505352 0.156157 0 31.8868 0 31.8842 139724 11 0.013506
50.7598 503904 503904 0.156157 0 31.8867 0 31.8842 139724 11 0.0135565
50.76 502456 502456 0.156157 0 31.8866 0 31.8841 139724 11 0.0136074
50.7601 501235 501008 0.156157 0 31.8865 0 31.884 139724 11 0.0136574
50.7602 500504 499560 0.156157 0 31.8865 0 31.8839 139724 11 0.0137072
50.7603 498112 498112 0.156157 0 31.8864 0 31.8839 139724 11 0.0137681
50.7604 496664 496664 0.156157 0 31.8863 0 31.8838 139724 11 0.0138137
50.7606 495216 495216 0.156157 0 31.8862 0 31.8837 139724 11 0.013866
50.7607 493768 493768 0.156157 0 31.8862 0 31.8836 139724 11 0.0139186
50.7608 492320 492320 0.156157 0 31.8861 0 31.8836 139724 11 0.0139715
50.7609 490872 490872 0.156157 0 31.886 0 31.8835 139724 11 0.0140248
50.761 489424 489424 0.156157 0 31.8859 0 31.8834 139724 11 0.0140783
50.7612 487976 487976 0.156157 0 31.8859 0 31.8833 139724 11 0.0141321
50.7613 486897 486528 0.156157 0 31.8858 0 31.8833 139724 11 0.0141845
50.7614 486166 485080 0.156157 0 31.8857 0 31.8832 139724 11 0.0142378
50.7615 483632 483632 0.156157 0 31.8856 0 31.8831 139724 11 0.014303
50.7616 482184 482184 0.156157 0 31.8856 0 31.883 139724 11 0.0143503
50.7618 480736 480736 0.156157 0 31.8855 0 31.883 139724 11 0.0144056
50.7619 479288 479288 0.156157 0 31.8854 0 31.8829 139724 11 0.0144612
50.762 477840 477840 0.156157 0 31.8853 0 31.8828 139724 11 0.0145171
50.7621 476392 476392 0.156157 0 31.8853 0 31.8827 139724 11 0.0145733
50.7622 474944 474944 0.156157 0 31.8852 0 31.8827 139724 11 0.0146298
50.7624 473496 473496 0.156157 0 31.8851 0 31.8826 139724 11 0.0146866
50.7625 472560 472048 0.156157 0 31.885 0 31.8825 139724 11 0.0147415
50.7626 471829 470600 0.156157 0 31.8849 0 31.8824 139724 11 0.0147983
50.7627 469152 469152 0.156157 0 31.8849 0 31.8824 139724 11 0.0148678
50.7628 467704 467704 0.156157 0 31.8848 0 31.8823 139724 11 0.0149167
50.763 466256 466256 0.156157 0 31.8847 0 31.8822 139724 11 0.014975
50.7631 464808 464808 0.156157 0 31.8846 0 31.8821 139724 11 0.0150336
50.7632 463360 463360 0.156157 0 31.8846 0 31.8821 139724 11 0.0150925
50.7633 461912 461912 0.156157 0 31.8845 0 31.882 139724 11 0.0151517
50.7634 460464 460464 0.156157 0 31.8844 0 31.8819 139724 11 0.0152112
50.7636 459016 459016 0.156157 0 31.8843 0 31.8818 139724 11 0.0152709
50.7637 458223 457568 0.156157 0 31.8843 0 31.8818 139724 11 0.0153284
50.7638 456120 456120 0.156157 0 31.8842 0 31.8817 139724 11 0.0153955
50.7639 454672 454672 0.156157 0 31.8841 0 31.8816 139724 11 0.015452
50.764 453224 453224 0.156157 0 31.884 0 31.8815 139724 11 0.015513
50.7642 451776 451776 0.156157 0 31.884 0 31.8815 139724 11 0.0155743
50.7643 450328 450328 0.156157 0 31.8839 0 31.8814 139724 11 0.0156358
50.7644 448880 448880 0.156157 0 31.8838 0 31.8813 139724 11 0.0156977
50.7645 447432 447432 0.156157 0 31.8837 0 31.8812 139724 11 0.0157599
50.7646 445984 445984 0.156157 0 31.8837 0 31.8812 139724 11 0.0158223
50.7648 444616 444536 0.156157 0 31.8836 0 31.8811 139724 11 0.0158847
50.7649 443885 443088 0.156157 0 31.8835 0 31.881 139724 11 0.0159454
50.765 441640 441640 0.156157 0 31.8834 0 31.8809 139724 11 0.0160167
50.7651 440192 440192 0.156157 0 31.8834 0 31.8809 139724 11 0.0160751
50.7652 438744 438744 0.156157 0 31.8833 0 31.8808 139724 11 0.0161391
50.7654 437296 437296 0.156157 0 31.8832 0 31.8807 139724 11 0.0162033
50.7655 435848 435848 0.156157 0 31.8831 0 31.8806 139724 11 0.0162679
50.7656 434400 434400 0.156157 0 31.8831 0 31.8806 139724 11 0.0163327
50.7657 432952 432952 0.156157 0 31.883 0 31.8805 139724 11 0.0163979
50.7658 431504 431504 0.156157 0 31.8829 0 31.8804 139724 11 0.0164633
50.766 430279 430056 0.156157 0 31.8828 0 31.8803 139724 11 0.016528
50.7661 429548 428608 0.156157 0 31.8828 0 31.8803 139724 11 0.0165923
50.7662 427160 427160 0.156157 0 31.8827 0 31.8802 139724 11 0.0166678
50.7663 425712 425712 0.156157 0 31.8826 0 31.8801 139724 11 0.0167281
50.7664 424264 424264 0.156157 0 31.8825 0 31.88 139724 11 0.016795
50.7666 422816 422816 0.156157 0 31.8825 0 31.8799 139724 11 0.0168622
50.7667 421368 421368 0.156157 0 31.8824 0 31.8799 139724 11 0.0169298
50.7668 419920 419920 0.156157 0 31.8823 0 31.8798 139724 11 0.0169976
50.7669 418472 418472 0.156157 0 31.8822 0 31.8797 139724 11 0.0170657
50.767 417024 417024 0.156157 0 31.8822 0 31.8796 139724 11 0.0171341
50.7672 415941 415576 0.156157 0 31.8821 0 31.8796 139724 11 0.0172012
50.7673 415210 414128 0.156157 0 31.882 0 31.8795 139724 11 0.0172691
50.7674 412680 412680 0.156157 0 31.8819 0 31.8794 139724 11 0.0173488
50.7675 411232 411232 0.156157 0 31.8819 0 31.8793 139724 11 0.0174108
50.7676 409784 409784 0.156157 0 31.8818 0 31.8793 139724 11 0.0174807
50.7678 408336 408336 0.156157 0 31.8817 0 31.8792 139724 11 0.0175509
50.7679 406888 406888 0.156157 0 31.8816 0 31.8791 139724 11 0.0176214
50.768 405440 405440 0.156157 0 31.8816 0 31.879 139724 11 0.0176923
50.7681 403992 403992 0.156157 0 31.8815 0 31.879 139724 11 0.0177634
50.7682 402544 402544 0.156157 0 31.8814 0 31.8789 139724 11 0.0178348
50.7684 401604 401096 0.156157 0 31.8813 0 31.8788 139724 11 0.0179043
50.7685 400873 399648 0.156157 0 31.8813 0 31.8787 139724 11 0.0179757
50.7686 398200 398200 0.156157 0 31.8812 0 31.8787 139724 11 0.0180597
50.7687 396752 396752 0.156157 0 31.8811 0 31.8786 139724 11 0.0181234
50.7688 395304 395304 0.156157 0 31.881 0 31.8785 139724 11 0.0181963
50.769 393856 393856 0.156157 0 31.8809 0 31.8784 139724 11 0.0182695
50.7691 392408 392408 0.156157 0 31.8809 0 31.8784 139724 11 0.018343
50.7692 390960 390960 0.156157 0 31.8808 0 31.8783 139724 11 0.0184167
50.7693 389512 389512 0.156157 0 31.8807 0 31.8782 139724 11 0.0184908
50.7694 388064 388064 0.156157 0 31.8806 0 31.8781 139724 11 0.0185652
50.7696 387267 386616 0.156157 0 31.8806 0 31.8781 139724 11 0.0186373
50.7697 385168 385168 0.156157 0 31.8805 0 31.878 139724 11 0.018719
50.7698 383720 383720 0.156157 0 31.8804 0 31.8779 139724 11 0.0187902
50.7699 382272 382272 0.156157 0 31.8803 0 31.8778 139724 11 0.0188658
50.77 380824 380824 0.156157 0 31.8803 0 31.8778 139724 11 0.0189416
50.7702 379376 379376 0.156157 0 31.8802 0 31.8777 139724 11 0.0190178
50.7703 377928 377928 0.156157 0 31.8801 0 31.8776 139724 11 0.0190943
50.7704 376480 376480 0.156157 0 31.88 0 31.8775 139724 11 0.0191711
50.7705 375032 375032 0.156157 0 31.88 0 31.8775 139724 11 0.0192481
50.7706 373660 373584 0.156157 0 31.8799 0 31.8774 139724 11 0.0193251
50.7708 372929 372136 0.156157 0 31.8798 0 31.8773 139724 11 0.0194004
50.7709 370688 370688 0.156157 0 31.8797 0 31.8772 139724 11 0.0194863
50.771 369240 369240 0.156157 0 31.8797 0 31.8772 139724 11 0.0195594
50.7711 367792 367792 0.156157 0 31.8796 0 31.8771 139724 11 0.019638
50.7712 366344 366344 0.156157 0 31.8795 0 31.877 139724 11 0.0197168
50.7714 364896 364896 0.156157 0 31.8794 0 31.8769 139724 11 0.019796
50.7715 363448 363448 0.156157 0 31.8794 0 31.8769 139724 11 0.0198754
50.7716 362000 362000 0.156157 0 31.8793 0 31.8768 139724 11 0.0199552
50.7717 360552 360552 0.156157 0 31.8792 0 31.8767 139724 11 0.0200352
50.7718 359323 359104 0.156157 0 31.8791 0 31.8766 139724 11 0.0201145
50.772 358592 357656 0.156157 0 31.8791 0 31.8766 139724 11 0.0201935
50.7721 356208 356208 0.156157 0 31.879 0 31.8765 139724 11 0.0202836
50.7722 354760 354760 0.156157 0 31.8789 0 31.8764 139724 11 0.0203584
50.7723 353312 353312 0.156157 0 31.8788 0 31.8763 139724 11 0.02044
50.7725 351864 351864 0.156157 0 31.8788 0 31.8763 139724 11 0.0205218
50.7726 350416 350416 0.156157 0 31.8787 0 31.8762 139724 11 0.020604
50.7727 348968 348968 0.156157 0 31.8786 0 31.8761 139724 11 0.0206864
50.7728 347520 347520 0.156157 0 31.8785 0 31.876 139724 11 0.0207691
50.7729 346072 346072 0.156157 0 31.8785 0 31.8759 139724 11 0.0208522
50.7731 344985 344624 0.156157 0 31.8784 0 31.8759 139724 11 0.0209339
50.7732 344254 343176 0.156157 0 31.8783 0 31.8758 139724 11 0.0210164
50.7733 341728 341728 0.156157 0 31.8782 0 31.8757 139724 11 0.0211107
50.7734 340280 340280 0.156157 0 31.8782 0 31.8756 139724 11 0.0211873
50.7735 338832 338832 0.156157 0 31.8781 0 31.8756 139724 11 0.0212718
50.7737 337384 337384 0.156157 0 31.878 0 31.8755 139724 11 0.0213566
50.7738 335936 335936 0.156157 0 31.8779 0 31.8754 139724 11 0.0214418
50.7739 334488 334488 0.156157 0 31.8779 0 31.8753 139724 11 0.0215272
50.774 333040 333040 0.156157 0 31.8778 0 31.8753 139724 11 0.0216129
50.7741 331592 331592 0.156157 0 31.8777 0 31.8752 139724 11 0.0216989
50.7743 330648 330144 0.156157 0 31.8776 0 31.8751 139724 11 0.0217831
50.7744 329917 328696 0.156157 0 31.8776 0 31.875 139724 11 0.0218691
50.7745 327248 327248 0.156157 0 31.8775 0 31.875 139724 11 0.0219677
50.7746 325800 325800 0.156157 0 31.8774 0 31.8749 139724 11 0.022046
50.7747 324352 324352 0.156157 0 31.8773 0 31.8748 139724 11 0.0221335
50.7749 322904 322904 0.156157 0 31.8773 0 31.8747 139724 11 0.0222213
50.775 321456 321456 0.156157 0 31.8772 0 31.8747 139724 11 0.0223094
50.7751 320008 320008 0.156157 0 31.8771 0 31.8746 139724 11 0.0223978
50.7752 318560 318560 0.156157 0 31.877 0 31.8745 139724 11 0.0224865
50.7753 317112 317112 0.156157 0 31.877 0 31.8744 139724 11 0.0225755
50.7755 316310 315664 0.156157 0 31.8769 0 31.8744 139724 11 0.0226622
50.7756 314216 314216 0.156157 0 31.8768 0 31.8743 139724 11 0.0227584
50.7757 312768 312768 0.156157 0 31.8767 0 31.8742 139724 11 0.0228443
50.7758 311320 311320 0.156157 0 31.8766 0 31.8741 139724 11 0.0229345
50.7759 309872 309872 0.156157 0 31.8766 0 31.8741 139724 11 0.023025
50.7761 308424 308424 0.156157 0 31.8765 0 31.874 139724 11 0.0231157
50.7762 306976 306976 0.156157 0 31.8764 0 31.8739 139724 11 0.0232068
50.7763 305528 305528 0.156157 0 31.8763 0 31.8738 139724 11 0.0232982
50.7764 304080 304080 0.156157 0 31.8763 0 31.8738 139724 11 0.0233899
50.7765 302632 302632 0.156157 0 31.8762 0 31.8737 139724 11 0.0234819
50.8743 212856 301184 0.156157 24.279 31.8616 0 31.8124 139929 216 0.0378988
50.9684 176656 209960 0.0973365 17.8527 31.8357 17.8527 31.7866 140074 216 0.0244628
51.0629 147696 173760 0.0962716 14.8409 31.8043 14.8409 31.7553 140195 216 0.0264192
51.1771 124528 144800 0.0944522 10.1372 31.7559 10.1372 31.707 140295 216 0.0281868
51.1892 95568 121632 0.112052 80.98 31.7675 80.98 31.7186 140379 216 0.0322783
51.3198 68056 92672 0.130838 5.67609 31.7011 5.67609 31.6523 140443 216 0.0370893
51.4556 47784 65160 0.135928 3.83913 31.6275 3.83913 31.5789 140488 216 0.0398472
51.7024 34752 44888 0.144286 1.50192 31.4837 1.50192 31.4353 140520 216 0.0427614
51.8224 26064 31856 0.139022 2.21953 31.4159 2.21953 31.3677 140543 216 0.0430528
51.8251 20272 23168 0.123734 70.1126 31.4179 70.1126 31.3696 140559 216 0.0416886
51.9473 15928 17376 0.122968 1.13752 31.3467 1.13752 31.2985 140571 216 0.0421665
52.0734 14480 13032 0.124813 0.826327 31.2727 0.826327 31.2247 140580 216 0.0428264
52.2021 13032 11584 0.126852 0.810124 31.1976 0.810124 31.1497 140589 216 0.0432469
52.3312 11584 10136 0.127866 0.628337 31.1223 0.628337 31.0744 140596 216 0.0435357
52.459 13032 8688 0.138765 0.634242 31.048 0.634242 31.0003 140603 216 0.0452863
52.5863 11584 10136 0.135116 0.637237 30.9744 0.637237 30.9268 140610 216 0.0445723
52.7134 13032 8688 0.143925 0.637839 30.9012 0.637839 30.8537 140617 216 0.0461259
52.8402 11584 10136 0.138339 0.639653 30.8286 0.639653 30.7813 140624 216 0.0450668
52.9679 13032 8688 0.147662 0.634839 30.7558 0.634839 30.7086 140631 216 0.046767
53.0965 11584 10136 0.141297 0.630686 30.6828 0.630686 30.6357 140638 216 0.0455391
53.2258 13032 8688 0.152208 0.627169 30.6098 0.627169 30.5628 140645 216 0.0475848
53.2265 14480 10136 0.144657 112.472 30.6109 112.472 30.5639 140652 216 0.0460967
53.3569 13032 11584 0.138881 0.799671 30.5381 0.799671 30.4912 140661 216 0.0449998
53.4859 11584 10136 0.134959 0.628337 30.4659 0.628337 30.4192 140668 216 0.0445488
53.614 13032 8688 0.144497 0.633052 30.3947 0.633052 30.348 140675 216 0.0462221
53.7404 11584 10136 0.138817 0.641477 30.3247 0.641477 30.2781 140682 216 0.045142
53.8685 13032 8688 0.147943 0.633052 30.2541 0.633052 30.2076 140689 216 0.0468163
53.9998 11584 10136 0.141735 0.617414 30.182 0.617414 30.1357 140696 216 0.0456105
54.1331 13032 8688 0.154331 0.608506 30.1092 0.608506 30.063 140703 216 0.0479808
54.1338 14480 10136 0.14729 112.472 30.1103 112.472 30.0641 140710 216 0.0465495
54.2685 13032 11584 0.142121 0.77399 30.0375 0.77399 29.9914 140719 216 0.0455215
54.4027 11584 10136 0.13894 0.604148 29.9649 0.604148 29.9189 140726 216 0.0451613
54.5365 13032 8688 0.149624 0.606319 29.8929 0.606319 29.847 140733 216 0.0471148
54.6704 14480 10136 0.144576 0.605232 29.8211 0.605232 29.7753 140740 216 0.046083
54.8038 13032 11584 0.154621 0.78166 29.7504 0.78166 29.7048 140749 216 0.0477309
54.9392 14480 10136 0.146338 0.598788 29.6786 0.598788 29.633 140756 216 0.0463841
55.0767 13032 11584 0.158855 0.758429 29.6064 0.758429 29.561 140765 216 0.0485499
55.0777 14480 10136 0.150141 84.3542 29.6073 84.3542 29.5619 140772 216 0.0470553
55.2163 13032 11584 0.145531 0.751857 29.5349 0.751857 29.4896 140781 216 0.0460931
55.354 11584 10136 0.142498 0.58886 29.4629 0.58886 29.4177 140788 216 0.0457358
55.4914 13032 8688 0.153652 0.590406 29.3914 0.590406 29.3463 140795 216 0.0478531
55.6293 14480 10136 0.148499 0.587834 29.32 0.587834 29.275 140802 216 0.046762
55.7707 13032 11584 0.159951 0.737165 29.2475 0.737165 29.2026 140811 216 0.0487679
55.9139 14480 10136 0.152564 0.566611 29.1741 0.566611 29.1293 140818 216 0.047498
56.0565 13032 11584 0.166536 0.730955 29.1017 0.730955 29.0571 140827 216 0.0501275
56.0574 14480 10136 0.156701 84.3542 29.1027 84.3542 29.058 140834 216 0.0482808
56.1994 13032 11584 0.150727 0.734668 29.031 0.734668 28.9865 140843 216 0.0470089
56.3417 14480 10136 0.14732 0.56948 28.9591 0.56948 28.9147 140850 216 0.0465547
56.4852 13032 11584 0.159164 0.726669 28.8874 0.726669 28.8431 140859 216 0.0486111
56.6306 14480 10136 0.153357 0.557714 28.8147 0.557714 28.7705 140866 216 0.0476455
56.7762 13032 11584 0.166088 0.715877 28.7426 0.715877 28.6985 140875 216 0.0500324
56.9227 14480 10136 0.157666 0.553596 28.67 0.553596 28.6261 140882 216 0.0484685
57.0698 13032 11584 0.171419 0.708859 28.598 0.708859 28.5541 140891 216 0.0511917
57.0708 14480 10136 0.161493 84.3542 28.5989 84.3542 28.5551 140898 216 0.0492307
57.2164 13032 11584 0.154986 0.715877 28.528 0.715877 28.4842 140907 216 0.0478
57.3613 14480 10136 0.151047 0.559563 28.4573 0.559563 28.4137 140914 216 0.0472194
57.5069 13032 11584 0.162531 0.715877 28.387 0.715877 28.3435 140923 216 0.0492902
57.6544 14480 10136 0.156159 0.549987 28.3159 0.549987 28.2725 140930 216 0.0481764
57.803 13032 11584 0.16889 0.701409 28.2448 0.701409 28.2016 140939 216 0.0506347
57.9509 14480 10136 0.160534 0.548199 28.1742 0.548199 28.131 140946 216 0.049037
58.098 13032 11584 0.173722 0.708859 28.1046 0.708859 28.0616 140955 216 0.0517104
58.099 14480 10136 0.162748 84.3542 28.1056 84.3542 28.0625 140962 216 0.049487
58.2465 13032 11584 0.156561 0.70655 28.0361 0.70655 27.9932 140971 216 0.0481017
58.3942 14480 10136 0.152909 0.549092 27.9666 0.549092 27.9238 140978 216 0.0475619
58.5424 13032 11584 0.16518 0.703685 27.8976 0.703685 27.8549 140987 216 0.0498405
58.6909 14480 10136 0.15818 0.545982 27.8284 0.545982 27.7858 140994 216 0.0485692
58.8396 13032 11584 0.170569 0.700843 27.7598 0.700843 27.7173 141003 216 0.0510031
58.9881 14480 10136 0.161643 0.545982 27.6913 0.545982 27.6489 141010 216 0.0492612
59.1363 13032 11584 0.174677 0.703685 27.6237 0.703685 27.5814 141019 216 0.0519284
59.1373 14480 10136 0.163872 84.3542 27.6246 84.3542 27.5823 141026 216 0.0497192
59.2858 13032 11584 0.157593 0.701977 27.5572 0.701977 27.515 141035 216 0.048302
59.4345 14480 10136 0.154037 0.5451 27.4896 0.5451 27.4475 141042 216 0.0477728
59.5834 13032 11584 0.166021 0.700277 27.4226 0.700277 27.3806 141051 216 0.0500181
59.7324 14480 10136 0.159087 0.544221 27.3556 0.544221 27.3137 141058 216 0.048748
59.8819 13032 11584 0.17121 0.697462 27.289 0.697462 27.2473 141067 216 0.0511452
60.0311 14480 10136 0.162433 0.543344 27.2226 0.543344 27.1809 141074 216 0.0494223
60.1805 13032 11584 0.175583 0.698023 27.1567 0.698023 27.1152 141083 216 0.052137
60.1815 14480 10136 0.164817 84.3542 27.1576 84.3542 27.1161 141090 216 0.0499164
60.3299 5792 11584 0.16284 0.234182 27.0914 0.234182 27.0499 141093 216 0.0494841
60.5081 13032 2896 0.130936 0.519955 27.0131 0.519955 26.9718 141101 216 0.0448168
60.7586 5792 4344 0.135732 0.601083 26.9042 0.601083 26.8631 141114 216 0.0453665
60.7587 4344 4344 0.135732 96.4048 26.9044 0 26.863 141115 217 0.0452771
60.7589 2896 2896 0.135732 0 26.9043 0 26.863 141115 217 0.0454308
60.9606 7240 1448 0.135732 0.287091 26.8162 0 26.7741 141120 222 0.0456146
61.0961 8688 4344 0.125908 0.683722 26.7583 0.683722 26.7162 141128 222 0.0438856
61.178 11584 5792 0.118509 0.990945 26.7238 0.990945 26.6818 141135 222 0.0428228
61.2592 14480 8688 0.106349 1.14089 26.6899 1.14089 26.6479 141143 222 0.0412418
61.3345 18824 11584 0.0974524 1.23005 26.6586 1.23005 26.6167 141151 222 0.0402101
61.3355 24616 15928 0.0884913 132.557 26.6603 132.557 26.6183 141162 222 0.0391904
61.4075 31856 21720 0.0794969 2.57509 26.632 2.57509 26.5902 141178 222 0.0381901
61.4784 41992 28960 0.0785769 3.43136 26.6053 3.43136 26.5634 141199 222 0.0374983
61.5513 55024 39096 0.0742461 4.28819 26.5788 4.28819 26.537 141226 222 0.0364433
61.6275 69504 52128 0.0803724 5.62615 26.5529 5.62615 26.5112 141263 222 0.0354207
61.706 89776 66608 0.0780044 6.79115 26.5278 6.79115 26.4861 141309 222 0.0342654
61.786 112944 86880 0.0798747 8.68512 26.5047 8.68512 26.4631 141369 222 0.0326188
61.8673 140456 110048 0.0818843 10.8224 26.4841 10.8224 26.4425 141445 222 0.0309473
61.9511 170864 137560 0.0835843 13.1398 26.466 13.1398 26.4245 141540 222 0.0288726
62.0387 189688 167968 0.0958669 15.4724 26.4505 15.4724 26.4091 141657 222 0.0260061
62.0526 218648 186792 0.0902258 107.209 26.4686 107.209 26.4272 141786 222 0.0249613
62.1442 249056 215752 0.0917811 18.9773 26.4576 18.9773 26.4162 141936 222 0.0229505
62.24 275120 246160 0.0960013 20.6841 26.4487 20.6841 26.4074 142107 222 0.0205557
62.3393 296840 272224 0.099662 21.9155 26.4415 21.9155 26.4002 142295 222 0.0186443
62.4403 315664 293944 0.101255 23.2978 26.4364 23.2978 26.3952 142498 222 0.0171221
62.5426 333040 312768 0.102529 24.5538 26.4333 24.5538 26.3922 142715 222 0.0159399
62.6462 347520 330144 0.103848 25.4992 26.4318 25.4992 26.3907 142943 222 0.0148308
62.7512 360552 344624 0.105279 26.2521 26.4315 26.2521 26.3905 143181 222 0.0140378
62.8587 367792 357656 0.107686 26.6353 26.4318 26.6353 26.3909 143428 222 0.0133135
62.9673 372136 364896 0.108931 26.9805 26.4328 26.9805 26.3919 143681 222 0.0129739
63.0763 376480 369240 0.109263 27.1039 26.4339 27.1039 26.3932 143936 222 0.0127699
63.186 379376 373584 0.109874 27.3481 26.4355 27.3481 26.3948 144195 222 0.012578
63.2975 377928 376480 0.111795 27.01 26.4365 27.01 26.3959 144455 222 0.0126076
63.4106 373584 375032 0.113239 26.5344 26.4367 26.5344 26.3962 144714 222 0.0128663
63.5248 366344 370688 0.114444 26.0526 26.436 26.0526 26.3955 144971 222 0.0132886
63.6399 357656 363448 0.115284 25.2585 26.4339 25.2585 26.3935 145222 222 0.0138161
63.7575 343176 354760 0.117792 24.2491 26.4299 24.2491 26.3895 145468 222 0.0148212
63.8776 325800 340280 0.120382 22.7515 26.423 22.7515 26.3827 145704 222 0.0161202
64.0013 302632 322904 0.123966 20.9861 26.4124 20.9861 26.3723 145928 222 0.0180173
64.1278 278016 299736 0.126705 19.0429 26.3979 19.0429 26.3578 146136 222 0.0199437
64.2574 251952 275120 0.129842 17.0652 26.3791 17.0652 26.3391 146327 222 0.0221219
64.3944 220096 249056 0.137246 14.5453 26.3539 14.5453 26.314 146499 222 0.0256161
64.5361 188240 217200 0.141933 12.2652 26.323 12.2652 26.2831 146649 222 0.0287038
64.6768 162176 185344 0.140975 10.5378 26.2886 10.5378 26.2489 146777 222 0.0304375
64.8175 139008 159280 0.140992 9.05596 26.2512 9.05596 26.2116 146887 222 0.0323281
64.9598 118736 136112 0.142434 7.65376 26.2105 7.65376 26.1709 146981 222 0.0343247
65.1046 99912 115840 0.145005 6.40032 26.1664 6.40032 26.1269 147061 222 0.0364538
65.2516 83984 97016 0.147234 5.27706 26.1194 5.27706 26.0799 147128 222 0.0383818
65.5459 65160 81088 0.168157 2.2438 26.0122 2.2438 25.9729 147185 222 0.0441461
65.5526 53576 62264 0.151698 74.0251 26.0171 74.0251 25.9779 147228 222 0.0422814
65.8571 41992 50680 0.17258 1.3696 25.9031 1.3696 25.8641 147264 222 0.0476896
66.0132 31856 39096 0.176068 2.07801 25.8468 2.07801 25.8078 147292 222 0.049593
66.1697 24616 28960 0.177668 1.55492 25.7894 1.55492 25.7505 147313 222 0.0509095
66.1721 20272 21720 0.161489 72.3036 25.7911 72.3036 25.7522 147328 222 0.0480504
66.4858 15928 17376 0.177636 0.479993 25.6716 0.479993 25.6329 147341 222 0.0520398
66.4872 13032 13032 0.167819 72.3036 25.6726 72.3036 25.6339 147350 222 0.0502619
66.8088 11584 10136 0.184498 0.288206 25.5505 0.288206 25.512 147358 222 0.0544295
66.9703 13032 8688 0.195313 0.502108 25.4901 0.502108 25.4517 147365 222 0.0573919
66.971 11584 10136 0.184112 112.472 25.491 112.472 25.4526 147372 222 0.0543336
67.132 13032 8688 0.174673 0.503607 25.4311 0.503607 25.3927 147379 222 0.0522322
67.2922 11584 10136 0.169955 0.506252 25.3717 0.506252 25.3335 147386 222 0.0510199
67.4523 13032 8688 0.181286 0.506632 25.3127 0.506632 25.2746 147393 222 0.0537928
67.6125 11584 10136 0.17437 0.505872 25.2539 0.505872 25.2159 147400 222 0.0520103
67.7731 13032 8688 0.186144 0.505115 25.1953 0.505115 25.1573 147407 222 0.0549947
67.934 11584 10136 0.177735 0.503983 25.1368 0.503983 25.099 147414 222 0.0527914
68.095 13032 8688 0.19081 0.503607 25.0786 0.503607 25.0408 147421 222 0.0561936
68.0957 11584 10136 0.18097 112.472 25.0795 112.472 25.0417 147428 222 0.0535637
68.2565 13032 8688 0.172802 0.50436 25.0216 0.50436 24.9839 147435 222 0.0518066
68.4169 11584 10136 0.168672 0.505493 24.9641 0.505493 24.9265 147442 222 0.0507395
68.5773 13032 8688 0.180714 0.505493 24.9069 0.505493 24.8694 147449 222 0.0536542
68.7376 11584 10136 0.173986 0.505872 24.85 0.505872 24.8126 147456 222 0.0519227
68.898 13032 8688 0.185919 0.505493 24.7933 0.505493 24.756 147463 222 0.054938
69.0587 11584 10136 0.177584 0.504737 24.7368 0.504737 24.6996 147470 222 0.052756
69.2196 13032 8688 0.190638 0.503983 24.6805 0.503983 24.6433 147477 222 0.0561486
69.2203 11584 10136 0.180855 112.472 24.6814 112.472 24.6443 147484 222 0.0535358
69.3809 13032 8688 0.172514 0.504737 24.6254 0.504737 24.5884 147491 222 0.0517417
69.5414 11584 10136 0.168618 0.505493 24.5698 0.505493 24.5328 147498 222 0.0507276
69.7018 13032 8688 0.180653 0.505493 24.5144 0.505493 24.4775 147505 222 0.0536395
69.8623 11584 10136 0.174166 0.505115 24.4592 0.505115 24.4224 147512 222 0.0519637
70.0228 13032 8688 0.185983 0.505115 24.4043 0.505115 24.3676 147519 222 0.0549541
70.1832 11584 10136 0.177737 0.505493 24.3497 0.505493 24.3131 147526 222 0.0527918
70.344 5792 8688 0.190701 0.50436 24.2952 0.50436 24.2586 147533 222 0.0562211
70.4935 11584 2896 0.17691 0.309983 24.2443 0.309983 24.2079 147537 222 0.0534194
70.6583 14480 8688 0.171448 0.703028 24.1894 0.703028 24.153 147547 222 0.0515142
70.8227 11584 10136 0.171448 0.422826 24.1343 0.422826 24.098 147553 222 0.0513617
70.8228 10136 10136 0.171448 96.4048 24.1344 0 24.0979 147554 223 0.0513505
70.8229 8688 8688 0.171448 0 24.1344 0 24.0979 147554 223 0.051503
70.823 7482 7240 0.171448 0 24.1343 0 24.0978 147554 223 0.0516547
70.8231 6456 5792 0.171448 0 24.1343 0 24.0978 147554 223 0.0518071
70.8233 5068 4344 0.171448 0 24.1342 0 24.0978 147554 223 0.051962
71.0411 1448 0 0.171448 0.106349 24.0606 0.0531743 24.024 147556 224 0.0524439
71.1088 5068 0 0.171448 0.171234 24.0378 0 24.0012 147557 225 0.0524439
71.1855 7240 2896 0.171448 0.452609 24.0124 0 23.9753 147560 228 0.0521207
71.2663 8688 4344 0.14121 1.00422 23.9863 1.00422 23.9493 147567 228 0.0461368
71.3441 11584 5792 0.127893 1.04141 23.9613 1.04141 23.9243 147574 228 0.0440089
71.4177 14480 8688 0.109979 1.26019 23.9379 1.26019 23.9009 147582 228 0.0415914
71.4909 18824 11584 0.097773 1.2664 23.9147 1.2664 23.8778 147590 228 0.0402343
71.5652 24616 15928 0.0880603 1.71317 23.8916 1.71317 23.8547 147601 228 0.0391661
71.6435 30408 21720 0.0904864 2.3694 23.8681 2.3694 23.8313 147617 228 0.0387058
71.7242 37648 27512 0.0927166 2.86919 23.8445 2.86919 23.8077 147637 228 0.0382828
71.8072 44888 34752 0.0945326 3.48787 23.8209 3.48787 23.7842 147662 228 0.0376647
71.8101 57920 41992 0.0858487 116.489 23.8247 116.489 23.7879 147691 228 0.0366163
71.8962 73848 55024 0.0862391 5.2511 23.8024 5.2511 23.7657 147730 228 0.0354856
71.9847 92672 70952 0.0885243 6.40955 23.781 6.40955 23.7444 147779 228 0.0342334
72.0763 112944 89776 0.0932831 7.97048 23.761 7.97048 23.7243 147842 228 0.0328354
72.1713 134664 110048 0.0948908 9.26266 23.7419 9.26266 23.7053 147918 228 0.0311788
72.2739 153488 131768 0.101567 10.2726 23.7227 10.2726 23.6862 148009 228 0.0295372
72.3808 166520 150592 0.109322 11.3864 23.7045 11.3864 23.668 148114 228 0.0282841
72.4884 181000 163624 0.107965 12.1582 23.6874 12.1582 23.651 148227 228 0.027124
72.5949 194032 178104 0.110348 13.4923 23.6724 13.4923 23.6361 148351 228 0.0260948
72.7026 207064 191136 0.111009 14.3101 23.6586 14.3101 23.6222 148484 228 0.0251139
72.8114 224440 204168 0.108989 15.0034 23.6456 15.0034 23.6094 148625 228 0.024123
72.9218 236024 221544 0.114034 16.1549 23.6343 16.1549 23.5981 148779 228 0.0230172
73.0332 246160 233128 0.115257 16.8474 23.6239 16.8474 23.5878 148941 228 0.0222337
73.1459 254848 243264 0.116333 17.3693 23.6143 17.3693 23.5782 149110 228 0.0215676
73.2582 269328 251952 0.112806 17.9598 23.6056 17.9598 23.5696 149284 228 0.0208005
73.3706 285256 266432 0.11294 18.9514 23.5985 18.9514 23.5625 149468 228 0.0198821
73.483 301184 282360 0.113065 20.1058 23.5932 20.1058 23.5572 149663 228 0.018818
73.5967 308424 298288 0.118971 21.0949 23.5893 21.0949 23.5534 149870 228 0.0180806
73.7101 324352 305528 0.114341 21.5481 23.5862 21.5481 23.5503 150081 228 0.0174524
73.8238 328696 321456 0.119863 22.7254 23.5848 22.7254 23.5491 150304 228 0.0166766
73.9371 344624 325800 0.114418 23.0022 23.5839 23.0022 23.5482 150529 228 0.0162085
74.0503 348968 341728 0.120124 24.2547 23.585 24.2547 23.5493 150766 228 0.0155017
74.1632 366344 346072 0.113912 24.5114 23.5864 24.5114 23.5508 151005 228 0.0150456
74.2774 369240 363448 0.121168 25.5726 23.5894 25.5726 23.5539 151257 228 0.014382
74.393 370688 366344 0.122925 25.4541 23.5923 25.4541 23.5568 151511 228 0.0144302
74.5075 372136 367792 0.122766 25.7956 23.5957 25.7956 23.5603 151766 228 0.0143314
74.6214 389512 369240 0.114512 25.9317 23.5993 25.9317 23.5639 152021 228 0.0138179
74.7351 390960 386616 0.122168 27.3113 23.6049 27.3113 23.5696 152289 228 0.0132587
74.8505 389512 388064 0.123552 26.9853 23.6101 26.9853 23.5749 152558 228 0.013358
74.9655 405440 386616 0.115585 26.8966 23.6152 26.8966 23.58 152825 228 0.0129308
75.0806 402544 402544 0.124279 28.0761 23.622 28.0761 23.5868 153104 228 0.0127317
75.1956 417024 399648 0.116265 27.8033 23.6284 27.8033 23.5933 153380 228 0.0122671
75.2288 435848 414128 0.114991 99.8977 23.662 99.8977 23.6269 153666 228 0.011676
75.3446 453224 432952 0.116028 29.9015 23.6716 29.9015 23.6366 153965 228 0.0108239
75.4613 467704 450328 0.116968 30.9766 23.6829 30.9766 23.6479 154277 228 0.0100041
75.5783 482184 464808 0.117274 31.871 23.6956 31.871 23.6607 154599 228 0.0094368
75.695 498112 479288 0.116979 32.9623 23.7099 32.9623 23.675 154931 228 0.00890898
75.8104 518384 495216 0.115602 34.4446 23.7262 34.4446 23.6914 155274 228 0.00843833
75.9244 544448 515488 0.11429 36.1645 23.7449 36.1645 23.7101 155630 228 0.00806596
76.0402 564720 541552 0.116177 37.4019 23.7657 37.4019 23.731 156004 228 0.00697628
76.1574 582096 561824 0.117306 38.3642 23.7882 38.3642 23.7535 156392 228 0.0063388
76.2735 603816 579200 0.11635 39.9192 23.8127 39.9192 23.7781 156792 228 0.00608846
76.3903 622640 600920 0.117113 41.1605 23.8392 41.1605 23.8047 157207 228 0.00547232
76.5083 638568 619744 0.118263 42.1157 23.8674 42.1157 23.8329 157636 228 0.00505211
76.6251 658840 635672 0.117008 43.5408 23.8974 43.5408 23.8629 158075 228 0.00490996
76.7428 676216 655944 0.118 44.661 23.9293 44.661 23.8949 158529 228 0.00452984
76.8612 692144 673320 0.118574 45.6088 23.9627 45.6088 23.9283 158995 228 0.00430003
76.9792 709520 689248 0.118289 46.828 23.9977 46.828 23.9634 159472 228 0.00419678
77.0969 728344 706624 0.117998 48.0057 24.0344 48.0057 24.0001 159960 228 0.00412756
77.2142 748616 725448 0.117542 49.4865 24.073 49.4865 24.0388 160461 228 0.00408448
77.3323 765992 745720 0.118402 50.6052 24.1136 50.6052 24.0794 160977 228 0.00394886
77.451 781920 763096 0.118992 51.52 24.1556 51.52 24.1215 161505 228 0.00394329
77.5695 799296 779024 0.118793 52.7 24.1992 52.7 24.1651 162044 228 0.00405333
77.688 816672 796400 0.118607 53.7755 24.2443 53.7755 24.2103 162594 228 0.00412469
77.8064 835496 813776 0.118587 55.0046 24.2911 55.0046 24.2571 163156 228 0.00435164
77.925 852872 832600 0.118773 56.1629 24.3396 56.1629 24.3057 163731 228 0.00447622
78.0444 865904 849976 0.119694 57.0282 24.3896 57.0282 24.3558 164319 228 0.00457607
78.1643 877488 863008 0.120226 57.669 24.4407 57.669 24.4069 164916 228 0.00477384
78.2835 893416 874592 0.119485 58.6981 24.4928 58.6981 24.4591 165520 228 0.00509337
78.4031 907896 890520 0.119745 59.5869 24.5463 59.5869 24.5126 166135 228 0.00534635
78.5218 926720 905000 0.118991 61.0824 24.6016 61.0824 24.5679 166761 228 0.00581833
78.6406 945544 923824 0.119028 62.2878 24.6585 62.2878 24.6249 167400 228 0.00626282
78.7597 962920 942648 0.119306 63.3295 24.717 63.3295 24.6835 168051 228 0.00669312
78.8797 975952 960024 0.120301 64.0769 24.7769 64.0769 24.7434 168715 228 0.00707479
79.0005 984640 973056 0.121 64.5576 24.8377 64.5576 24.8043 169388 228 0.00739325
79.1208 996224 981744 0.120437 65.2972 24.8992 65.2972 24.8658 170066 228 0.00771018
79.2411 1007808 993328 0.120509 66.0676 24.9617 66.0676 24.9284 170752 228 0.00811026
79.361 1020840 1004912 0.120162 67.039 25.0253 67.039 24.992 171446 228 0.00854219
79.4811 1033872 1017944 0.12035 67.7726 25.0899 67.7726 25.0567 172149 228 0.00904938
79.6015 1044008 1030976 0.120749 68.5994 25.1557 68.5994 25.1225 172862 228 0.00948714
79.7218 1057040 1041112 0.120439 69.2458 25.2222 69.2458 25.1891 173581 228 0.00998116
79.8423 1067176 1054144 0.120772 70.0689 25.2899 70.0689 25.2568 174310 228 0.0104539
79.9626 1080208 1064280 0.120505 70.7867 25.3584 70.7867 25.3253 175045 228 0.0109866
80.0831 1090344 1077312 0.120743 71.6068 25.428 71.6068 25.395 175790 228 0.0114907
80.2037 1100480 1087448 0.120807 72.1834 25.4982 72.1834 25.4653 176541 228 0.0119776
80.3244 1110616 1097584 0.121 72.8072 25.5693 72.8072 25.5365 177300 228 0.0124949
80.3441 5792 1107720 0.12171 100.52 25.5877 100.52 25.5549 177471 228 2.18293
80.4653 988984 4344 0.121927 0 25.5492 0 25.5164 177471 228 1.76189
80.5057 1317680 986088 0.116076 196.09 25.6348 196.09 25.602 178155 228 0.199181
80.6237 929616 1314784 0.126354 89.2382 25.7279 89.2382 25.6951 179064 228 0.294808
80.7394 626984 926720 0.142594 64.0696 25.7828 64.0696 25.7501 179704 228 0.171862
80.8212 558928 624088 0.0844527 61.0139 25.8185 61.0139 25.7858 180135 228 0.00995931
80.9226 509696 556032 0.0815066 43.9761 25.8413 43.9761 25.8086 180520 228 0.00744695
80.9777 476392 506800 0.0782749 73.6718 25.8738 73.6718 25.8412 180870 228 0.00651176
81.0595 432952 473496 0.0820597 46.2913 25.8944 46.2913 25.8618 181197 228 0.00927812
81.2031 353312 430056 0.0975606 24.0407 25.8911 24.0407 25.8586 181495 228 0.0199656
81.3369 259192 350416 0.117126 21.0291 25.8831 21.0291 25.8506 181738 228 0.0303661
81.3684 195480 256296 0.111584 65.1284 25.8983 65.1284 25.8658 181915 228 0.0272101
81.5645 141904 192584 0.119421 7.91559 25.8551 7.91559 25.8227 182049 228 0.0307289
81.6764 104256 139008 0.118359 10.0443 25.8334 10.0443 25.8011 182146 228 0.0324722
81.6903 81088 101360 0.107587 58.1753 25.8389 58.1753 25.8066 182216 228 0.0331376
81.8013 62264 78192 0.11124 5.63405 25.8115 5.63405 25.7792 182270 228 0.0353497
81.9169 46336 59368 0.115647 4.10873 25.7809 4.10873 25.7486 182311 228 0.0374657
82.1514 33304 43440 0.133248 1.5318 25.7117 1.5318 25.6795 182342 228 0.0411678
82.155 24616 30408 0.121377 67.4834 25.7135 67.4834 25.6814 182363 228 0.0407236
82.3904 20272 21720 0.134172 0.78738 25.6423 0.78738 25.6102 182379 228 0.0432518
82.5094 17376 17376 0.138687 1.26464 25.6071 1.26464 25.5751 182392 228 0.0443745
82.5109 14480 14480 0.127637 80.3373 25.6081 80.3373 25.5761 182402 228 0.04306
82.6305 13032 11584 0.123821 0.775114 25.5721 0.775114 25.5402 182410 228 0.0428508
82.7503 11584 10136 0.122349 0.676864 25.5361 0.676864 25.5042 182417 228 0.0428173
82.8705 13032 8688 0.131547 0.674159 25.5 0.674159 25.4681 182424 228 0.0442014
82.9909 11584 10136 0.127832 0.673487 25.464 0.673487 25.4322 182431 228 0.043531
83.111 13032 8688 0.136159 0.675509 25.4282 0.675509 25.3964 182438 228 0.0448825
83.2308 11584 10136 0.130825 0.676864 25.3926 0.676864 25.3608 182445 228 0.0439461
83.3507 13032 8688 0.139541 0.676186 25.357 0.676186 25.3253 182452 228 0.0454091
83.4709 11584 10136 0.132995 0.674834 25.3215 0.674834 25.2898 182459 228 0.0442581
83.592 13032 8688 0.142906 0.669478 25.2858 0.669478 25.2542 182466 228 0.0459558
83.5927 11584 10136 0.135675 112.472 25.2865 112.472 25.2549 182473 228 0.0446566
83.7135 13032 8688 0.129602 0.671476 25.251 0.671476 25.2194 182480 228 0.0439269
83.8346 11584 10136 0.126968 0.669478 25.2155 0.669478 25.184 182487 228 0.0434146
83.9559 13032 8688 0.136078 0.668152 25.18 0.668152 25.1485 182494 228 0.0448703
84.0763 11584 10136 0.131197 0.673487 25.1449 0.673487 25.1135 182501 228 0.0439989
84.1973 13032 8688 0.140102 0.670143 25.1097 0.670143 25.0784 182508 228 0.0454988
84.3175 11584 10136 0.133672 0.674834 25.0749 0.674834 25.0436 182515 228 0.0443574
84.4378 13032 8688 0.143124 0.674159 25.0402 0.674159 25.0089 182522 228 0.0459919
84.4385 11584 10136 0.135696 112.472 25.0409 112.472 25.0096 182529 228 0.0446598
84.56 13032 8688 0.129794 0.667491 25.0059 0.667491 24.9746 182536 228 0.0439536
84.6807 11584 10136 0.126891 0.671476 24.9712 0.671476 24.94 182543 228 0.0434043
84.8028 13032 8688 0.136364 0.664206 24.9362 0.664206 24.905 182550 228 0.0449138
84.9245 11584 10136 0.131718 0.666173 24.9014 0.666173 24.8703 182557 228 0.0440734
85.047 13032 8688 0.141027 0.662251 24.8665 0.662251 24.8354 182564 228 0.0456477
85.1697 11584 10136 0.134967 0.660954 24.8316 0.660954 24.8006 182571 228 0.0445499
85.2925 13032 8688 0.145361 0.660307 24.7968 0.660307 24.7659 182578 228 0.0463688
85.2932 11584 10136 0.13787 112.472 24.7976 112.472 24.7666 182585 228 0.0449937
85.4162 13032 8688 0.131951 0.659017 24.7628 0.659017 24.7319 182592 228 0.0442593
85.5394 11584 10136 0.129106 0.658374 24.7281 0.658374 24.6972 182599 228 0.0437055
85.6632 13032 8688 0.138585 0.655178 24.6933 0.655178 24.6625 182606 228 0.045258
85.7868 11584 10136 0.133771 0.655815 24.6587 0.655815 24.6279 182613 228 0.044372
85.9111 13032 8688 0.143306 0.652644 24.624 0.652644 24.5932 182620 228 0.0460222
86.0349 11584 10136 0.136933 0.654543 24.5894 0.654543 24.5587 182627 228 0.0448486
86.1593 13032 8688 0.147081 0.652013 24.5549 0.652013 24.5242 182634 228 0.0466655
86.16 11584 10136 0.139588 112.472 24.5556 112.472 24.525 182641 228 0.045264
86.284 13032 8688 0.133262 0.653908 24.5213 0.653908 24.4907 182648 228 0.0444497
86.4082 11584 10136 0.13033 0.653275 24.487 0.653275 24.4564 182655 228 0.0438762
86.5328 13032 8688 0.139812 0.650756 24.4527 0.650756 24.4221 182662 228 0.0454523
86.6577 11584 10136 0.134923 0.648878 24.4183 0.648878 24.3879 182669 228 0.0445433
86.7829 13032 8688 0.144475 0.647633 24.384 0.647633 24.3536 182676 228 0.0462184
86.9084 11584 10136 0.138267 0.646392 24.3498 0.646392 24.3194 182683 228 0.0450556
87.0343 13032 8688 0.148816 0.643925 24.3155 0.643925 24.2851 182690 228 0.0469706
87.035 14480 10136 0.141285 112.472 24.3162 112.472 24.2859 182697 228 0.0455371
87.1608 13032 11584 0.13496 0.828695 24.2823 0.828695 24.252 182706 228 0.0443966
87.2869 11584 10136 0.131252 0.643311 24.2482 0.643311 24.2179 182713 228 0.0440067
87.4129 13032 8688 0.141125 0.643311 24.2141 0.643311 24.1839 182720 228 0.0456637
87.539 11584 10136 0.136133 0.643311 24.1802 0.643311 24.15 182727 228 0.0447261
87.6654 13032 8688 0.146025 0.641477 24.1463 0.641477 24.1161 182734 228 0.0464827
87.7926 11584 10136 0.13954 0.637237 24.1122 0.637237 24.0821 182741 228 0.0452565
87.9189 13032 8688 0.150306 0.642087 24.0785 0.642087 24.0484 182748 228 0.0472376
87.9197 14480 10136 0.142379 112.472 24.0792 112.472 24.0491 182755 228 0.0457161
88.0438 13032 11584 0.134953 0.839926 24.0464 0.839926 24.0164 182764 228 0.0443956
88.1675 11584 10136 0.130504 0.655178 24.0136 0.655178 23.9836 182771 228 0.0439007
88.2914 13032 8688 0.139488 0.654543 23.9808 0.654543 23.9509 182778 228 0.0454008
88.4178 11584 10136 0.134954 0.641477 23.9474 0.641477 23.9176 182785 228 0.044548
88.5466 13032 8688 0.145913 0.629509 23.9135 0.629509 23.8837 182792 228 0.0464633
88.6761 11584 10136 0.140359 0.626586 23.8795 0.626586 23.8498 182799 228 0.0453875
88.8048 13032 8688 0.151947 0.630097 23.8458 0.630097 23.8161 182806 228 0.0475367
88.8055 14480 10136 0.144277 112.472 23.8466 112.472 23.8168 182813 228 0.0460325
88.9332 13032 11584 0.137541 0.816221 23.8135 0.816221 23.7838 182822 228 0.0447903
89.0603 11584 10136 0.133497 0.637839 23.7804 0.637839 23.7508 182829 228 0.0443317
89.1881 13032 8688 0.143197 0.634839 23.7473 0.634839 23.7176 182836 228 0.0460042
89.3151 11584 10136 0.138072 0.638442 23.7144 0.638442 23.6848 182843 228 0.045025
89.4428 13032 8688 0.147506 0.634839 23.6814 0.634839 23.6519 182850 228 0.0467396
89.5715 14480 10136 0.141192 0.630097 23.6483 0.630097 23.6188 182857 228 0.045522
89.7002 13032 11584 0.152147 0.810124 23.6156 0.810124 23.5861 182866 228 0.0472687
89.7011 14480 10136 0.142568 84.3542 23.6162 84.3542 23.5868 182873 228 0.0457474
89.8286 13032 11584 0.136456 0.81776 23.5839 0.81776 23.5544 182882 228 0.0446231
89.9565 11584 10136 0.132969 0.634242 23.5512 0.634242 23.5219 182889 228 0.0442543
90.0843 13032 8688 0.143067 0.634242 23.5187 0.634242 23.4894 182896 228 0.0459825
90.2121 11584 10136 0.138094 0.634839 23.4863 0.634839 23.457 182903 228 0.0450285
90.3406 13032 8688 0.148042 0.630686 23.4538 0.630686 23.4245 182910 228 0.0468337
90.4686 5792 10136 0.141536 0.633647 23.4215 0.633647 23.3923 182917 228 0.0456674
90.5233 11584 2896 0.142889 0.635636 23.4077 0.635636 23.3786 182920 228 0.046622
90.6572 14480 8688 0.13219 0.865176 23.3744 0.865176 23.3453 182930 228 0.0443049
90.7978 18824 11584 0.133662 0.659178 23.3393 0.659178 23.3102 182938 228 0.0442336
90.7987 24616 15928 0.136699 132.557 23.3404 132.557 23.3113 182949 228 0.0442614
90.9095 31856 21720 0.122533 1.67297 23.314 1.67297 23.285 182965 228 0.0417204
90.9952 41992 28960 0.108062 2.83941 23.2947 2.83941 23.2657 182986 228 0.0394632
91.075 55024 39096 0.0890749 3.92007 23.2778 3.92007 23.2488 183013 228 0.0370857
91.1693 66608 52128 0.0944182 4.54392 23.2584 4.54392 23.2294 183050 228 0.0360561
91.2741 78192 63712 0.0993344 4.86446 23.2373 4.86446 23.2083 183094 228 0.0352785
91.3864 86880 75296 0.107816 5.36155 23.2153 5.36155 23.1864 183146 228 0.0347922
91.5015 92672 83984 0.113802 5.83662 23.1934 5.83662 23.1646 183204 228 0.0344976
91.6139 97016 89776 0.115603 6.39262 23.1728 6.39262 23.144 183266 228 0.0341223
91.6213 104256 94120 0.113059 101.07 23.1792 101.07 23.1503 183331 228 0.033499
91.7338 112944 101360 0.112683 7.31276 23.1597 7.31276 23.1309 183402 228 0.0328286
91.8454 121632 110048 0.111848 7.88672 23.1412 7.88672 23.1124 183478 228 0.0319451
91.9577 130320 118736 0.11247 8.4638 23.1232 8.4638 23.0945 183560 228 0.0312246
92.0717 139008 127424 0.114248 8.93954 23.1057 8.93954 23.077 183648 228 0.0306397
92.1881 146248 136112 0.116615 9.35196 23.0883 9.35196 23.0597 183742 228 0.0300972
92.3062 152040 143352 0.118486 9.70913 23.0712 9.70913 23.0426 183841 228 0.0296507
92.4257 156384 149144 0.119958 10.0866 23.0544 10.0866 23.0258 183945 228 0.0293016
92.5458 160728 153488 0.120688 10.3153 23.0379 10.3153 23.0093 184052 228 0.0290198
92.6666 165072 157832 0.12099 10.4558 23.0215 10.4558 22.993 184161 228 0.0286894
92.7891 166520 162176 0.123093 10.6906 23.0052 10.6906 22.9767 184274 228 0.0285559
92.9128 167968 163624 0.123968 10.5764 22.9886 10.5764 22.9602 184387 228 0.0285463
93.0377 169416 165072 0.125511 10.6704 22.9721 10.6704 22.9437 184502 228 0.0286254
93.1636 167968 166520 0.126133 10.5788 22.9554 10.5788 22.927 184617 228 0.028587
93.2907 166520 165072 0.127863 10.4788 22.9384 10.4788 22.91 184732 228 0.0289392
93.4157 167968 163624 0.12529 10.4748 22.9217 10.4748 22.8934 184845 228 0.0287172
93.5434 165072 165072 0.128473 10.4295 22.9046 10.4295 22.8764 184960 228 0.0290335
93.6743 160728 162176 0.131034 9.91491 22.8865 9.91491 22.8583 185072 228 0.0296509
93.807 153488 157832 0.132892 9.50961 22.8675 9.50961 22.8394 185181 228 0.0303425
93.9414 146248 150592 0.135402 9.05412 22.8478 9.05412 22.8197 185286 228 0.0313281
94.0767 139008 143352 0.135462 8.47609 22.8271 8.47609 22.799 185385 228 0.0319582
94.2132 130320 136112 0.137653 8.06202 22.8057 8.06202 22.7777 185480 228 0.032963
94.3508 121632 127424 0.137782 7.40928 22.7833 7.40928 22.7553 185568 228 0.0337469
94.4893 112944 118736 0.13864 6.8562 22.7599 6.8562 22.732 185650 228 0.0346558
94.6309 104256 110048 0.141375 6.21966 22.7352 6.21966 22.7073 185726 228 0.0358789
94.7727 97016 101360 0.141932 5.71893 22.7097 5.71893 22.6819 185796 228 0.0367249
94.9135 89776 94120 0.141109 5.34668 22.684 5.34668 22.6561 185861 228 0.0372624
95.0535 82536 86880 0.142524 5.0478 22.658 5.0478 22.6302 185922 228 0.0381729
95.1937 76744 79640 0.140378 4.5435 22.6313 4.5435 22.6036 185977 228 0.0384764
95.3349 69504 73848 0.143695 4.26642 22.6041 4.26642 22.5764 186029 228 0.0396087
95.4765 63712 66608 0.144551 3.84311 22.5763 3.84311 22.5486 186076 228 0.0404192
95.618 59368 60816 0.14166 3.4401 22.548 3.4401 22.5203 186118 228 0.0404779
95.7601 55024 56472 0.142145 3.17818 22.5192 3.17818 22.4916 186157 228 0.0409844
95.904 50680 52128 0.14719 2.97993 22.4899 2.97993 22.4624 186194 228 0.0422685
96.0476 46336 47784 0.144174 2.66222 22.4603 2.66222 22.4328 186227 228 0.0421843
96.1914 41992 43440 0.147978 2.4967 22.4304 2.4967 22.403 186258 228 0.0432742
96.3339 39096 39096 0.143484 2.19471 22.4005 2.19471 22.3731 186285 228 0.042923
96.4763 36200 36200 0.147432 2.11521 22.3705 2.11521 22.3432 186311 228 0.0438911
96.6194 33304 33304 0.148509 1.94267 22.3403 1.94267 22.3129 186335 228 0.0443752
96.7637 30408 30408 0.149928 1.76595 22.3096 1.76595 22.2823 186357 228 0.0449242
97.0492 26064 27512 0.168129 0.811488 22.2464 0.811488 22.2191 186377 228 0.0488446
97.1928 21720 23168 0.16784 1.37145 22.2155 1.37145 22.1883 186394 228 0.0492299
97.1947 18824 18824 0.151736 78.3289 22.2166 78.3289 22.1895 186407 228 0.0464477
97.4796 15928 15928 0.164181 0.48792 22.1531 0.48792 22.126 186419 228 0.0491876
97.6234 13032 13032 0.170743 0.805387 22.1217 0.805387 22.0946 186429 228 0.0509009
97.7676 11584 10136 0.175508 0.642699 22.09 0.642699 22.063 186437 228 0.0522719
97.912 13032 8688 0.18044 0.561893 22.0583 0.561893 22.0313 186444 228 0.0535882
97.9127 11584 10136 0.168508 112.472 22.0589 112.472 22.032 186451 228 0.0507038
98.0567 10136 8688 0.158545 0.56283 22.0273 0.56283 22.0004 186458 228 0.0487936
98.2007 11584 7240 0.153744 0.402357 21.9956 0.402357 21.9687 186463 228 0.0480232
98.344 10136 8688 0.164104 0.565661 21.9644 0.565661 21.9375 186470 228 0.04992
98.4881 11584 7240 0.157593 0.402022 21.9329 0.402022 21.906 186475 228 0.0487596
98.6318 13032 8688 0.168747 0.564242 21.9017 0.564242 21.8749 186482 228 0.0509083
98.7761 11584 10136 0.160704 0.561893 21.8705 0.561893 21.8438 186489 228 0.0490711
98.9207 13032 8688 0.171971 0.560959 21.8394 0.560959 21.8127 186496 228 0.0516198
98.9214 11584 10136 0.162973 112.472 21.8401 112.472 21.8134 186503 228 0.0495332
99.0652 10136 8688 0.155231 0.563771 21.8092 0.563771 21.7825 186510 228 0.0481513
99.2092 11584 7240 0.151524 0.402357 21.7781 0.402357 21.7515 186515 228 0.0476118
99.3524 10136 8688 0.16263 0.566136 21.7475 0.566136 21.721 186522 228 0.0496153
99.4965 11584 7240 0.156494 0.402022 21.7166 0.402022 21.6901 186527 228 0.0485464
99.6402 13032 8688 0.168011 0.564242 21.6861 0.564242 21.6596 186534 228 0.0507487
99.7844 11584 10136 0.16021 0.562361 21.6556 0.562361 21.6291 186541 228 0.048972
99.9287 13032 8688 0.171612 0.561893 21.6251 0.561893 21.5987 186548 228 0.0515395
99.9294 11584 10136 0.162607 112.472 21.6258 112.472 21.5994 186555 228 0.0494581
