0.200133 14480 0 0 0 0 0 0 0 0 0 1.05993
0.401462 15928 13032 0.200125 0.575376 0.288545 0.575376 0.288545 10 0 1 0.91662
0.403866 17376 13032 0.200484 9.64048 0.344194 9.64048 0.344194 12 0 1 0.916592
0.406269 18824 14480 0.201174 14.4607 0.427697 14.4607 0.427697 15 0 1 0.907327
0.408672 20272 15928 0.202027 14.4607 0.510219 14.4607 0.510219 18 0 1 0.898097
0.411075 21720 17376 0.203149 14.4607 0.591775 14.4607 0.591775 21 0 1 0.888896
0.60275 23168 18824 0.228005 0.181307 0.461246 0.181307 0.461246 24 0 1 0.878611
0.605153 24616 20272 0.225004 14.4607 0.516841 14.4607 0.516841 27 0 1 0.869668
0.607556 26064 21720 0.222379 14.4607 0.571997 14.4607 0.571997 30 0 1 0.860776
0.811246 27512 23168 0.226621 0.9668 0.671125 0.9668 0.671125 47 0 1 0.851713
1.01133 30408 24616 0.211946 0.984218 0.733069 0.984218 0.733069 64 0 1 0.843506
1.21262 31856 27512 0.223792 1.15099 0.802441 1.15099 0.802441 84 0 1 0.825283
1.41391 33304 28960 0.22712 1.20854 0.860255 1.20854 0.860255 105 0 1 0.816441
1.61399 36200 30408 0.209423 1.2158 0.904331 1.2158 0.904331 126 0 1 0.808582
1.81528 37648 33304 0.224859 1.38119 0.957208 1.38119 0.957208 150 0 1 0.79055
2.01657 39096 34752 0.228446 1.43874 1.00527 1.43874 1.00527 175 0 1 0.781896
2.21665 43440 36200 0.208478 1.44738 1.04518 1.44738 1.04518 200 0 1 0.77443
2.41794 44888 40544 0.226688 1.66894 1.09711 1.66894 1.09711 229 0 1 0.748172
2.45158 50680 41992 0.209146 9.98478 1.21908 9.98478 1.21908 258 0 1 0.740971
2.65407 57920 47784 0.205521 1.94507 1.27447 1.94507 1.27447 292 0 1 0.708581
2.85536 65160 55024 0.207117 2.24443 1.34284 2.24443 1.34284 331 0 1 0.668477
3.05545 73848 62264 0.203357 2.48949 1.41793 2.48949 1.41793 374 0 1 0.630164
3.25673 82536 70952 0.207426 2.87748 1.50814 2.87748 1.50814 424 0 1 0.584822
3.45802 92672 79640 0.207956 3.22278 1.60795 3.22278 1.60795 480 0 1 0.541708
3.65931 104256 89776 0.207794 3.62562 1.71893 3.62562 1.71893 543 0 1 0.493574
3.85939 118736 101360 0.203821 4.05266 1.83992 4.05266 1.83992 613 0 1 0.442059
4.05948 136112 115840 0.20447 4.63162 1.97752 4.63162 1.97752 693 0 1 0.381449
4.25957 154936 133216 0.205081 5.32636 2.13483 5.32636 2.13483 785 0 1 0.314233
4.45965 176656 152040 0.206303 6.079 2.31179 6.079 2.31179 890 0 1 0.249623
4.66094 196928 173760 0.211006 6.9635 2.51268 6.9635 2.51268 1011 0 1 0.182479
4.86102 222992 194032 0.208007 7.75796 2.72858 7.75796 2.72858 1145 0 1 0.133341
5.06111 251952 220096 0.208257 8.80007 2.96861 8.80007 2.96861 1297 0 1 0.0812668
5.2612 280912 249056 0.210962 9.95797 3.23442 9.95797 3.23442 1469 0 1 0.0389985
5.46787 305528 278016 0.217011 10.7615 3.51892 10.7615 3.51892 1661 0 1 0.0126312
5.69858 314216 302632 0.233008 10.4941 3.80131 10.4941 3.80131 1870 0 1 0.000964545
5.95091 299736 311320 0.254742 9.91592 4.06059 9.91592 4.06059 2086 0 1 0.00397079
6.21046 279464 296840 0.261987 9.19416 4.27513 9.19416 4.27513 2292 0 1 0.00516051
6.45799 270776 276568 0.249761 8.9853 4.45567 8.9853 4.45567 2484 0 1 0.00703461
6.6887 278016 267880 0.233148 9.33921 4.62411 9.33921 4.62411 2670 0 1 0.0120926
6.91219 292496 275120 0.225831 9.89963 4.79469 9.89963 4.79469 2861 0 1 0.00940836
7.1405 302632 289600 0.230846 10.1479 4.96585 10.1479 4.96585 3061 0 1 0.00242712
7.38082 299736 299736 0.242647 9.9779 5.12904 9.9779 5.12904 3268 0 1 0.000100969
7.63075 288152 296840 0.252265 9.54778 5.27377 9.54778 5.27377 3474 0 1 0.00175238
7.87828 278016 285256 0.249994 9.26609 5.3992 9.26609 5.3992 3672 0 1 0.00365682
8.1162 276568 275120 0.240264 9.29965 5.51354 9.29965 5.51354 3863 0 1 0.0069013
8.3445 286704 273672 0.230848 9.58974 5.62507 9.58974 5.62507 4052 0 1 0.00892712
8.57281 296840 283808 0.230549 9.99565 5.74146 9.99565 5.74146 4249 0 1 0.00414398
8.80832 298288 293944 0.237998 9.98478 5.85492 9.98478 5.85492 4452 0 1 0.000434805
9.05345 291048 295392 0.247625 9.68774 5.95869 9.68774 5.95869 4657 0 1 0.000876482
9.29857 283808 288152 0.247431 9.40419 6.04952 9.40419 6.04952 4856 0 1 0.00219736
9.53889 280912 280912 0.24274 9.39947 6.13392 9.39947 6.13392 5051 0 1 0.00414905
9.772 285256 278016 0.235476 9.54109 6.2152 9.54109 6.2152 5243 0 1 0.0056001
10.0027 292496 282360 0.233149 9.79111 6.29767 9.79111 6.29767 5438 0 1 0.00408679
10.2382 293944 289600 0.237913 9.88641 6.38023 9.88641 6.38023 5639 0 1 0.00122943
10.4785 291048 291048 0.242753 9.68868 6.4561 9.68868 6.4561 5840 0 1 0.000991193
10.7213 285256 288152 0.245161 9.54503 6.52604 9.54503 6.52604 6040 0 1 0.0019591
10.9616 282360 282360 0.242667 9.44767 6.59009 9.44767 6.59009 6236 0 1 0.00355774
11.1971 283808 279464 0.237998 9.54211 6.65218 9.54211 6.65218 6430 0 1 0.00471316
11.4302 288152 280912 0.23554 9.69017 6.71414 9.69017 6.71414 6625 0 1 0.00427792
11.6633 292496 285256 0.235528 9.78956 6.7756 9.78956 6.7756 6822 0 1 0.00264507
11.9012 291048 289600 0.240385 9.78655 6.8358 9.78655 6.8358 7023 0 1 0.00122522
12.1416 288152 288152 0.242705 9.59228 6.89036 9.59228 6.89036 7222 0 1 0.00166022
12.3819 285256 285256 0.242737 9.54407 6.94186 9.54407 6.94186 7420 0 1 0.00251607
12.6198 283808 282360 0.240158 9.5431 6.9909 9.5431 6.9909 7616 0 1 0.00348076
12.8553 285256 280912 0.237998 9.59129 7.03854 9.59129 7.03854 7811 0 1 0.00407566
13.0884 289600 282360 0.23554 9.69017 7.08577 9.69017 7.08577 8006 0 1 0.003687
13.3239 291048 286704 0.237874 9.78804 7.13353 9.78804 7.13353 8205 0 1 0.00199208
13.5618 289600 288152 0.240321 9.68917 7.17837 9.68917 7.17837 8404 0 1 0.00158312
13.8022 286704 286704 0.242634 9.59228 7.2204 9.59228 7.2204 8603 0 1 0.00206439
14.0401 285256 283808 0.240449 9.5431 7.25976 9.5431 7.25976 8799 0 1 0.00293662
14.2756 286704 282360 0.237855 9.59129 7.29822 9.59129 7.29822 8994 0 1 0.00348534
14.5111 288152 283808 0.237999 9.68967 7.33704 9.68967 7.33704 9191 0 1 0.00294042
14.7466 289600 285256 0.237924 9.68967 7.37461 9.68967 7.37461 9388 0 1 0.002443
14.9845 288152 286704 0.240312 9.68917 7.41136 9.68917 7.41136 9587 0 1 0.00198766
15.2225 286704 285256 0.240382 9.59179 7.44544 9.59179 7.44544 9784 0 1 0.00243884
15.4604 285256 283808 0.24019 9.59179 7.47847 9.59179 7.47847 9981 0 1 0.00293645
15.6959 286704 282360 0.237997 9.59129 7.51017 9.59129 7.51017 10176 0 1 0.00348475
15.9314 288152 283808 0.237889 9.68967 7.54239 9.68967 7.54239 10373 0 1 0.00294087
16.1669 289600 285256 0.237873 9.68967 7.57367 9.68967 7.57367 10570 0 1 0.00244321
16.4048 288152 286704 0.240297 9.68917 7.60435 9.68917 7.60435 10769 0 1 0.00198765
16.6428 286704 285256 0.240209 9.59179 7.63276 9.59179 7.63276 10966 0 1 0.00243874
16.8807 285256 283808 0.240365 9.59179 7.66037 9.59179 7.66037 11163 0 1 0.00293655
17.1162 286704 282360 0.23784 9.59129 7.68694 9.59129 7.68694 11358 0 1 0.0034854
17.3517 288152 283808 0.237997 9.68967 7.71412 9.68967 7.71412 11555 0 1 0.00294043
17.5872 289600 285256 0.237831 9.68967 7.74058 9.68967 7.74058 11752 0 1 0.0024434
17.8251 288152 286704 0.240452 9.68917 7.76659 9.68917 7.76659 11951 0 1 0.00198776
18.063 286704 285256 0.24042 9.59179 7.79063 9.59179 7.79063 12148 0 1 0.00243887
18.301 285256 283808 0.240236 9.59179 7.81404 9.59179 7.81404 12345 0 1 0.00293647
18.5365 286704 282360 0.237992 9.59129 7.83662 9.59129 7.83662 12540 0 1 0.00348477
18.772 288152 283808 0.237752 9.68967 7.85987 9.68967 7.85987 12737 0 1 0.00294147
19.0075 289600 285256 0.237998 9.68967 7.88254 9.68967 7.88254 12934 0 1 0.0024427
19.2454 288152 286704 0.240284 9.68917 7.90488 9.68917 7.90488 13133 0 1 0.00198764
19.4833 286704 285256 0.240303 9.59179 7.92548 9.59179 7.92548 13330 0 1 0.00243878
19.7213 285256 283808 0.240406 9.59179 7.94558 9.59179 7.94558 13527 0 1 0.00293658
19.9568 286704 282360 0.23783 9.59129 7.965 9.59129 7.965 13722 0 1 0.00348545
20.1923 288152 283808 0.237994 9.68967 7.98512 9.68967 7.98512 13919 0 1 0.00294044
20.4278 289600 285256 0.23781 9.68967 8.00477 9.68967 8.00477 14116 0 1 0.00244349
20.6657 288152 286704 0.240372 9.68917 8.02416 9.68917 8.02416 14315 0 1 0.0019877
20.9036 286704 285256 0.240301 9.59179 8.042 9.59179 8.042 14512 0 1 0.00243878
21.1415 285256 283808 0.240312 9.59179 8.05944 9.59179 8.05944 14709 0 1 0.00293651
21.3771 286704 282360 0.237983 9.59129 8.07632 9.59129 8.07632 14904 0 1 0.00348481
21.6126 288152 283808 0.23787 9.68967 8.0939 9.68967 8.0939 15101 0 1 0.00294096
21.8481 289600 285256 0.237995 9.68967 8.1111 9.68967 8.1111 15298 0 1 0.00244271
22.086 288152 286704 0.240202 9.68917 8.1281 9.68917 8.1281 15497 0 1 0.0019876
22.3239 286704 285256 0.240345 9.59179 8.1437 9.59179 8.1437 15694 0 1 0.00243881
22.5618 285256 283808 0.240297 9.59179 8.15897 9.59179 8.15897 15891 0 1 0.00293651
22.7973 286704 282360 0.237834 9.59129 8.17377 9.59129 8.17377 16086 0 1 0.00348543
23.0329 288152 283808 0.237987 9.68967 8.18927 9.68967 8.18927 16283 0 1 0.00294047
23.2684 289600 285256 0.237791 9.68967 8.20445 9.68967 8.20445 16480 0 1 0.00244357
23.5063 288152 286704 0.240426 9.68917 8.21948 9.68917 8.21948 16679 0 1 0.00198774
23.7442 286704 285256 0.24026 9.59179 8.23323 9.59179 8.23323 16876 0 1 0.00243876
23.9821 285256 283808 0.240452 9.59179 8.24671 9.59179 8.24671 17073 0 1 0.00293662
24.2176 286704 282360 0.237962 9.59129 8.25979 9.59129 8.25979 17268 0 1 0.00348489
24.4532 288152 283808 0.237873 9.68967 8.27356 9.68967 8.27356 17465 0 1 0.00294094
24.6887 289600 285256 0.23799 9.68967 8.28707 9.68967 8.28707 17662 0 1 0.00244273
24.9266 288152 286704 0.240236 9.68917 8.30045 9.68917 8.30045 17861 0 1 0.00198761
25.1645 286704 285256 0.240392 9.59179 8.31266 9.59179 8.31266 18058 0 1 0.00243885
25.4024 285256 283808 0.240286 9.59179 8.32464 9.59179 8.32464 18255 0 1 0.0029365
25.6379 286704 282360 0.237874 9.59129 8.33627 9.59129 8.33627 18450 0 1 0.00348526
25.8734 288152 283808 0.237971 9.68967 8.34859 9.68967 8.34859 18647 0 1 0.00294054
26.109 289600 285256 0.237778 9.68967 8.36069 9.68967 8.36069 18844 0 1 0.00244363
26.3469 288152 286704 0.24034 9.68917 8.37269 9.68917 8.37269 19043 0 1 0.00198767
26.5848 286704 285256 0.240158 9.59179 8.3836 9.59179 8.3836 19240 0 1 0.00243872
26.8227 285256 283808 0.240372 9.59179 8.39431 9.59179 8.39431 19437 0 1 0.00293656
27.0582 286704 282360 0.237915 9.59129 8.40473 9.59129 8.40473 19632 0 1 0.00348508
27.2937 288152 283808 0.237904 9.68967 8.41582 9.68967 8.41582 19829 0 1 0.00294081
27.5292 289600 285256 0.237978 9.68967 8.42672 9.68967 8.42672 20026 0 1 0.00244278
27.7672 288152 286704 0.240283 9.68917 8.43753 9.68917 8.43753 20225 0 1 0.00198764
28.0051 286704 285256 0.240449 9.59179 8.44734 9.59179 8.44734 20422 0 1 0.00243889
28.243 285256 283808 0.240202 9.59179 8.45698 9.59179 8.45698 20619 0 1 0.00293646
28.4785 286704 282360 0.237998 9.59129 8.46636 9.59129 8.46636 20814 0 1 0.00348474
28.714 288152 283808 0.237935 9.68967 8.4764 9.68967 8.4764 21011 0 1 0.00294068
28.9495 289600 285256 0.237926 9.68967 8.48627 9.68967 8.48627 21208 0 1 0.00244299
29.1875 288152 286704 0.240382 9.68917 8.49607 9.68917 8.49607 21407 0 1 0.0019877
29.4254 286704 285256 0.24019 9.59179 8.50493 9.59179 8.50493 21604 0 1 0.00243873
29.6633 285256 283808 0.240423 9.59179 8.51365 9.59179 8.51365 21801 0 1 0.0029366
29.8988 286704 282360 0.23781 9.59129 8.52214 9.59129 8.52214 21996 0 1 0.00348553
30.1343 288152 283808 0.237998 9.68967 8.53126 9.68967 8.53126 22193 0 1 0.00294042
30.3698 289600 285256 0.23795 9.68967 8.54024 9.68967 8.54024 22390 0 1 0.00244289
30.6077 288152 286704 0.240209 9.68917 8.54917 9.68917 8.54917 22589 0 1 0.0019876
30.8457 286704 285256 0.240365 9.59179 8.55722 9.59179 8.55722 22786 0 1 0.00243882
31.0836 285256 283808 0.240236 9.59179 8.56514 9.59179 8.56514 22983 0 1 0.00293647
31.3191 286704 282360 0.237995 9.59129 8.57285 9.59129 8.57285 23178 0 1 0.00348476
31.5546 288152 283808 0.237855 9.68967 8.58119 9.68967 8.58119 23375 0 1 0.00294102
31.7901 289600 285256 0.237999 9.68967 8.5894 9.68967 8.5894 23572 0 1 0.0024427
32.028 288152 286704 0.24042 9.68917 8.59757 9.68917 8.59757 23771 0 1 0.00198774
32.266 286704 285256 0.240236 9.59179 8.6049 9.59179 8.6049 23968 0 1 0.00243875
32.5039 285256 283808 0.24034 9.59179 8.61212 9.59179 8.61212 24165 0 1 0.00293653
32.7394 286704 282360 0.237783 9.59129 8.61917 9.59129 8.61917 24360 0 1 0.00348565
32.9749 288152 283808 0.237997 9.68967 8.62681 9.68967 8.62681 24557 0 1 0.00294043
33.2104 289600 285256 0.237889 9.68967 8.63435 9.68967 8.63435 24754 0 1 0.00244315
33.4483 288152 286704 0.240303 9.68917 8.64185 9.68917 8.64185 24953 0 1 0.00198765
33.6862 286704 285256 0.240406 9.59179 8.64856 9.59179 8.64856 25150 0 1 0.00243886
33.9242 285256 283808 0.240283 9.59179 8.65518 9.59179 8.65518 25347 0 1 0.0029365
34.1597 286704 282360 0.23799 9.59129 8.66163 9.59129 8.66163 25542 0 1 0.00348478
34.3952 288152 283808 0.23784 9.68967 8.66867 9.68967 8.66867 25739 0 1 0.00294108
34.6307 289600 285256 0.237997 9.68967 8.67561 9.68967 8.67561 25936 0 1 0.0024427
34.8686 288152 286704 0.240301 9.68917 8.68253 9.68917 8.68253 26135 0 1 0.00198765
35.1065 286704 285256 0.240312 9.59179 8.68869 9.59179 8.68869 26332 0 1 0.00243879
35.3445 285256 283808 0.240382 9.59179 8.69477 9.59179 8.69477 26529 0 1 0.00293656
35.58 286704 282360 0.237761 9.59129 8.70071 9.59129 8.70071 26724 0 1 0.00348575
35.8155 288152 283808 0.237992 9.68967 8.70721 9.68967 8.70721 26921 0 1 0.00294045
36.051 289600 285256 0.237752 9.68967 8.71363 9.68967 8.71363 27118 0 1 0.00244374
36.2889 288152 286704 0.240345 9.68917 8.72002 9.68917 8.72002 27317 0 1 0.00198768
36.5268 286704 285256 0.240297 9.59179 8.7257 9.59179 8.7257 27514 0 1 0.00243878
36.7647 285256 283808 0.240209 9.59179 8.73131 9.59179 8.73131 27711 0 1 0.00293646
37.0003 286704 282360 0.237989 9.59129 8.73678 9.59129 8.73678 27906 0 1 0.00348478
37.2358 288152 283808 0.237817 9.68967 8.74281 9.68967 8.74281 28103 0 1 0.00294118
37.4713 289600 285256 0.237994 9.68967 8.74876 9.68967 8.74876 28300 0 1 0.00244272
37.7092 288152 286704 0.240264 9.68917 8.75469 9.68917 8.75469 28499 0 1 0.00198763
37.9471 286704 285256 0.240452 9.59179 8.75994 9.59179 8.75994 28696 0 1 0.0024389
38.185 285256 283808 0.24042 9.59179 8.76512 9.59179 8.76512 28893 0 1 0.00293659
38.4205 286704 282360 0.237889 9.59129 8.77019 9.59129 8.77019 29088 0 1 0.00348519
38.6561 288152 283808 0.237983 9.68967 8.77579 9.68967 8.77579 29285 0 1 0.00294049
38.8916 289600 285256 0.23787 9.68967 8.78132 9.68967 8.78132 29482 0 1 0.00244323
39.1295 288152 286704 0.240393 9.68917 8.78684 9.68917 8.78684 29681 0 1 0.00198771
39.3674 286704 285256 0.240286 9.59179 8.79171 9.59179 8.79171 29878 0 1 0.00243877
39.6053 285256 283808 0.240303 9.59179 8.79651 9.59179 8.79651 30075 0 1 0.00293651
39.8408 286704 282360 0.237974 9.59129 8.80121 9.59129 8.80121 30270 0 1 0.00348484
40.0764 288152 283808 0.237806 9.68967 8.80643 9.68967 8.80643 30467 0 1 0.00294123
40.3119 289600 285256 0.237987 9.68967 8.81159 9.68967 8.81159 30664 0 1 0.00244275
40.5498 288152 286704 0.240166 9.68917 8.81674 9.68917 8.81674 30863 0 1 0.00198759
40.7877 286704 285256 0.240372 9.59179 8.82126 9.59179 8.82126 31060 0 1 0.00243883
41.0256 285256 283808 0.240301 9.59179 8.82573 9.59179 8.82573 31257 0 1 0.00293651
41.2611 286704 282360 0.237916 9.59129 8.8301 9.59129 8.8301 31452 0 1 0.00348508
41.4966 288152 283808 0.23798 9.68967 8.83498 9.68967 8.83498 31649 0 1 0.0029405
41.7322 289600 285256 0.237851 9.68967 8.8398 9.68967 8.8398 31846 0 1 0.00244331
41.9701 288152 286704 0.240444 9.68917 8.84462 9.68917 8.84462 32045 0 1 0.00198776
42.208 286704 285256 0.240207 9.59179 8.84883 9.59179 8.84883 32242 0 1 0.00243873
42.4459 285256 283808 0.240345 9.59179 8.85299 9.59179 8.85299 32439 0 1 0.00293654
42.6814 286704 282360 0.237943 9.59129 8.85707 9.59129 8.85707 32634 0 1 0.00348497
42.9169 288152 283808 0.23781 9.68967 8.86164 9.68967 8.86164 32831 0 1 0.00294121
43.1525 289600 285256 0.23797 9.68967 8.86616 9.68967 8.86616 33028 0 1 0.00244281
43.3904 288152 286704 0.240206 9.68917 8.87067 9.68917 8.87067 33227 0 1 0.0019876
43.6283 286704 285256 0.240423 9.59179 8.8746 9.59179 8.8746 33424 0 1 0.00243887
43.8662 285256 283808 0.240264 9.59179 8.87849 9.59179 8.87849 33621 0 1 0.00293649
44.1017 286704 282360 0.237999 9.59129 8.8823 9.59129 8.8823 33816 0 1 0.00348474
44.3372 288152 283808 0.237956 9.68967 8.88659 9.68967 8.88659 34013 0 1 0.00294059
44.5727 289600 285256 0.237855 9.68967 8.89083 9.68967 8.89083 34210 0 1 0.00244329
44.8107 288152 286704 0.240355 9.68917 8.89507 9.68917 8.89507 34409 0 1 0.00198769
45.0486 286704 285256 0.240248 9.59179 8.89875 9.59179 8.89875 34606 0 1 0.00243875
45.2865 285256 283808 0.240393 9.59179 8.90239 9.59179 8.90239 34803 0 1 0.00293657
45.522 286704 282360 0.237873 9.59129 8.90595 9.59129 8.90595 34998 0 1 0.00348526
45.7575 288152 283808 0.237999 9.68967 8.90999 9.68967 8.90999 35195 0 1 0.00294042
45.993 289600 285256 0.237967 9.68967 8.91398 9.68967 8.91398 35392 0 1 0.00244283
46.2309 288152 286704 0.240236 9.68917 8.91797 9.68917 8.91797 35591 0 1 0.00198761
46.4689 286704 285256 0.240334 9.59179 8.92142 9.59179 8.92142 35788 0 1 0.0024388
46.7068 285256 283808 0.240166 9.59179 8.92483 9.59179 8.92483 35985 0 1 0.00293644
46.9423 286704 282360 0.237997 9.59129 8.92818 9.59129 8.92818 36180 0 1 0.00348475
47.1778 288152 283808 0.237903 9.68967 8.93198 9.68967 8.93198 36377 0 1 0.00294082
47.4133 289600 285256 0.23789 9.68967 8.93574 9.68967 8.93574 36574 0 1 0.00244314
47.6512 288152 286704 0.240384 9.68917 8.9395 9.68917 8.9395 36773 0 1 0.00198771
47.8892 286704 285256 0.240308 9.59179 8.94274 9.59179 8.94274 36970 0 1 0.00243879
48.1271 285256 283808 0.240444 9.59179 8.94595 9.59179 8.94595 37167 0 1 0.00293661
48.3626 286704 282360 0.23786 9.59129 8.9491 9.59129 8.9491 37362 0 1 0.00348532
48.5981 288152 283808 0.237998 9.68967 8.95268 9.68967 8.95268 37559 0 1 0.00294043
48.8336 289600 285256 0.237926 9.68967 8.95624 9.68967 8.95624 37756 0 1 0.00244299
49.0715 288152 286704 0.240312 9.68917 8.95979 9.68917 8.95979 37955 0 1 0.00198766
49.3094 286704 285256 0.240367 9.59179 8.96284 9.59179 8.96284 38152 0 1 0.00243883
49.5474 285256 283808 0.240206 9.59179 8.96586 9.59179 8.96586 38349 0 1 0.00293646
49.7829 286704 282360 0.237993 9.59129 8.96882 9.59129 8.96882 38544 0 1 0.00348476
50.0184 288152 283808 0.237783 9.68967 8.97221 9.68967 8.97221 38741 0 1 0.00294133
50.2539 289600 285256 0.237998 9.68967 8.97558 9.68967 8.97558 38938 0 1 0.0024427
50.4918 288152 286704 0.240297 9.68917 8.97894 9.68917 8.97894 39137 0 1 0.00198765
50.7297 286704 285256 0.240209 9.59179 8.98181 9.59179 8.98181 39334 0 1 0.00243874
50.9677 285256 283808 0.240355 9.59179 8.98466 9.59179 8.98466 39531 0 1 0.00293654
51.2032 286704 282360 0.237851 9.59129 8.98745 9.59129 8.98745 39726 0 1 0.00348535
51.4387 288152 283808 0.237995 9.68967 8.99067 9.68967 8.99067 39923 0 1 0.00294044
51.6742 289600 285256 0.237834 9.68967 8.99385 9.68967 8.99385 40120 0 1 0.00244338
51.9121 288152 286704 0.240452 9.68917 8.99704 9.68917 8.99704 40319 0 1 0.00198776
52.15 286704 285256 0.240387 9.59179 8.99975 9.59179 8.99975 40516 0 1 0.00243884
52.3879 285256 283808 0.240273 9.59179 9.00244 9.59179 9.00244 40713 0 1 0.00293649
52.6235 286704 282360 0.237985 9.59129 9.00508 9.59129 9.00508 40908 0 1 0.0034848
52.859 288152 283808 0.237761 9.68967 9.00813 9.68967 9.00813 41105 0 1 0.00294143
53.0945 289600 285256 0.237996 9.68967 9.01115 9.68967 9.01115 41302 0 1 0.00244271
53.3324 288152 286704 0.240286 9.68917 9.01417 9.68917 9.01417 41501 0 1 0.00198764
53.5703 286704 285256 0.240303 9.59179 9.01674 9.59179 9.01674 41698 0 1 0.00243878
53.8082 285256 283808 0.240384 9.59179 9.01928 9.59179 9.01928 41895 0 1 0.00293657
54.0438 286704 282360 0.237855 9.59129 9.02177 9.59129 9.02177 42090 0 1 0.00348534
54.2793 288152 283808 0.237989 9.68967 9.02467 9.68967 9.02467 42287 0 1 0.00294046
54.5148 289600 285256 0.237817 9.68967 9.02755 9.68967 9.02755 42484 0 1 0.00244346
54.7527 288152 286704 0.240372 9.68917 9.03042 9.68917 9.03042 42683 0 1 0.0019877
54.9906 286704 285256 0.240301 9.59179 9.03285 9.59179 9.03285 42880 0 1 0.00243878
55.2285 285256 283808 0.240312 9.59179 9.03526 9.59179 9.03526 43077 0 1 0.00293651
55.464 286704 282360 0.237967 9.59129 9.03762 9.59129 9.03762 43272 0 1 0.00348487
55.6996 288152 283808 0.237889 9.68967 9.04038 9.68967 9.04038 43469 0 1 0.00294087
55.9351 289600 285256 0.237991 9.68967 9.04311 9.68967 9.04311 43666 0 1 0.00244273
56.173 288152 286704 0.240207 9.68917 9.04585 9.68917 9.04585 43865 0 1 0.0019876
56.4109 286704 285256 0.240345 9.59179 9.04815 9.59179 9.04815 44062 0 1 0.00243881
56.6488 285256 283808 0.240248 9.59179 9.05043 9.59179 9.05043 44259 0 1 0.00293648
56.8843 286704 282360 0.23789 9.59129 9.05267 9.59129 9.05267 44454 0 1 0.00348519
57.1198 288152 283808 0.237974 9.68967 9.0553 9.68967 9.0553 44651 0 1 0.00294052
57.3554 289600 285256 0.237806 9.68967 9.0579 9.68967 9.0579 44848 0 1 0.00244351
57.5933 288152 286704 0.240423 9.68917 9.06051 9.68917 9.06051 45047 0 1 0.00198774
57.8312 286704 285256 0.240264 9.59179 9.0627 9.59179 9.0627 45244 0 1 0.00243876
58.0691 285256 283808 0.240452 9.59179 9.06486 9.59179 9.06486 45441 0 1 0.00293662
58.3046 286704 282360 0.237924 9.59129 9.06699 9.59129 9.06699 45636 0 1 0.00348505
58.5401 288152 283808 0.237916 9.68967 9.06949 9.68967 9.06949 45833 0 1 0.00294076
58.7757 289600 285256 0.23798 9.68967 9.07198 9.68967 9.07198 46030 0 1 0.00244277
59.0136 288152 286704 0.240248 9.68917 9.07447 9.68917 9.07447 46229 0 1 0.00198762
59.2515 286704 285256 0.240393 9.59179 9.07654 9.59179 9.07654 46426 0 1 0.00243885
59.4894 285256 283808 0.240286 9.59179 9.07861 9.59179 9.07861 46623 0 1 0.0029365
59.7249 286704 282360 0.237873 9.59129 9.08063 9.59129 9.08063 46818 0 1 0.00348526
59.9604 288152 283808 0.237943 9.68967 9.08302 9.68967 9.08302 47015 0 1 0.00294065
60.1959 289600 285256 0.23781 9.68967 9.08539 9.68967 9.08539 47212 0 1 0.00244349
60.4339 288152 286704 0.240334 9.68917 9.08777 9.68917 9.08777 47411 0 1 0.00198767
60.6718 286704 285256 0.240166 9.59179 9.08975 9.59179 9.08975 47608 0 1 0.00243872
60.9097 285256 283808 0.240372 9.59179 9.09171 9.59179 9.09171 47805 0 1 0.00293656
61.1452 286704 282360 0.237831 9.59129 9.09363 9.59129 9.09363 48000 0 1 0.00348544
61.3807 288152 283808 0.237999 9.68967 9.09592 9.68967 9.09592 48197 0 1 0.00294042
61.6162 289600 285256 0.237956 9.68967 9.09819 9.68967 9.09819 48394 0 1 0.00244287
61.8542 288152 286704 0.240308 9.68917 9.10046 9.68917 9.10046 48593 0 1 0.00198765
62.0921 286704 285256 0.240444 9.59179 9.10234 9.59179 9.10234 48790 0 1 0.00243889
62.33 285256 283808 0.240207 9.59179 9.10421 9.59179 9.10421 48987 0 1 0.00293646
62.5655 286704 282360 0.237998 9.59129 9.10605 9.59129 9.10605 49182 0 1 0.00348474
62.801 288152 283808 0.237871 9.68967 9.10823 9.68967 9.10823 49379 0 1 0.00294095
63.0365 289600 285256 0.237999 9.68967 9.11041 9.68967 9.11041 49576 0 1 0.0024427
63.2744 288152 286704 0.240367 9.68917 9.11258 9.68917 9.11258 49775 0 1 0.00198769
63.5124 286704 285256 0.240206 9.59179 9.11438 9.59179 9.11438 49972 0 1 0.00243873
63.7503 285256 283808 0.240423 9.59179 9.11616 9.59179 9.11616 50169 0 1 0.0029366
63.9858 286704 282360 0.23781 9.59129 9.11791 9.59129 9.11791 50364 0 1 0.00348553
64.2213 288152 283808 0.237997 9.68967 9.12001 9.68967 9.12001 50561 0 1 0.00294043
64.4568 289600 285256 0.237903 9.68967 9.12209 9.68967 9.12209 50758 0 1 0.00244309
64.6947 288152 286704 0.240265 9.68917 9.12417 9.68917 9.12417 50957 0 1 0.00198763
64.9327 286704 285256 0.240355 9.59179 9.12589 9.59179 9.12589 51154 0 1 0.00243882
65.1706 285256 283808 0.240248 9.59179 9.12759 9.59179 9.12759 51351 0 1 0.00293648
65.4061 286704 282360 0.237995 9.59129 9.12926 9.59129 9.12926 51546 0 1 0.00348475
65.6416 288152 283808 0.237855 9.68967 9.13127 9.68967 9.13127 51743 0 1 0.00294102
65.8771 289600 285256 0.237998 9.68967 9.13326 9.68967 9.13326 51940 0 1 0.0024427
66.115 288152 286704 0.240388 9.68917 9.13526 9.68917 9.13526 52139 0 1 0.00198771
66.3529 286704 285256 0.240273 9.59179 9.1369 9.59179 9.1369 52336 0 1 0.00243877
66.5909 285256 283808 0.240334 9.59179 9.13853 9.59179 9.13853 52533 0 1 0.00293653
66.8264 286704 282360 0.237791 9.59129 9.14012 9.59129 9.14012 52728 0 1 0.00348562
67.0619 288152 283808 0.237997 9.68967 9.14205 9.68967 9.14205 52925 0 1 0.00294043
67.2974 289600 285256 0.237779 9.68967 9.14397 9.68967 9.14397 53122 0 1 0.00244362
67.5353 288152 286704 0.240427 9.68917 9.14589 9.68917 9.14589 53321 0 1 0.00198774
67.7732 286704 285256 0.240385 9.59179 9.14745 9.59179 9.14745 53518 0 1 0.00243884
68.0112 285256 283808 0.240308 9.59179 9.14901 9.59179 9.14901 53715 0 1 0.00293651
68.2467 286704 282360 0.23799 9.59129 9.15053 9.59129 9.15053 53910 0 1 0.00348478
68.4822 288152 283808 0.23784 9.68967 9.15239 9.68967 9.15239 54107 0 1 0.00294108
68.7177 289600 285256 0.237995 9.68967 9.15423 9.68967 9.15423 54304 0 1 0.00244271
68.9556 288152 286704 0.240231 9.68917 9.15608 9.68917 9.15608 54503 0 1 0.00198761
69.1935 286704 285256 0.240395 9.59179 9.15757 9.59179 9.15757 54700 0 1 0.00243885
69.4314 285256 283808 0.240367 9.59179 9.15906 9.59179 9.15906 54897 0 1 0.00293655
69.667 286704 282360 0.237778 9.59129 9.16052 9.59129 9.16052 55092 0 1 0.00348568
69.9025 288152 283808 0.237992 9.68967 9.16231 9.68967 9.16231 55289 0 1 0.00294045
70.138 289600 285256 0.237752 9.68967 9.16408 9.68967 9.16408 55486 0 1 0.00244374
70.3759 288152 286704 0.240343 9.68917 9.16585 9.68917 9.16585 55685 0 1 0.00198768
70.6138 286704 285256 0.24025 9.59179 9.16729 9.59179 9.16729 55882 0 1 0.00243875
70.8517 285256 283808 0.240265 9.59179 9.16871 9.59179 9.16871 56079 0 1 0.00293649
71.0872 286704 282360 0.237978 9.59129 9.17011 9.59129 9.17011 56274 0 1 0.00348483
71.3228 288152 283808 0.23783 9.68967 9.17183 9.68967 9.17183 56471 0 1 0.00294113
71.5583 289600 285256 0.237994 9.68967 9.17353 9.68967 9.17353 56668 0 1 0.00244272
71.7962 288152 286704 0.240264 9.68917 9.17524 9.68917 9.17524 56867 0 1 0.00198763
72.0341 286704 285256 0.240451 9.59179 9.17662 9.59179 9.17662 57064 0 1 0.00243889
72.272 285256 283808 0.240388 9.59179 9.17798 9.59179 9.17798 57261 0 1 0.00293657
72.5075 286704 282360 0.237926 9.59129 9.17933 9.59129 9.17933 57456 0 1 0.00348504
72.7431 288152 283808 0.237983 9.68967 9.18098 9.68967 9.18098 57653 0 1 0.00294049
72.9786 289600 285256 0.23787 9.68967 9.18262 9.68967 9.18262 57850 0 1 0.00244323
73.2165 288152 286704 0.240389 9.68917 9.18427 9.68917 9.18427 58049 0 1 0.00198771
73.4544 286704 285256 0.240181 9.59179 9.18559 9.59179 9.18559 58246 0 1 0.00243872
73.6923 285256 283808 0.240427 9.59179 9.1869 9.59179 9.1869 58443 0 1 0.0029366
73.9278 286704 282360 0.23795 9.59129 9.18819 9.59129 9.18819 58638 0 1 0.00348494
74.1633 288152 283808 0.237834 9.68967 9.18978 9.68967 9.18978 58835 0 1 0.00294111
74.3989 289600 285256 0.237987 9.68967 9.19136 9.68967 9.19136 59032 0 1 0.00244274
74.6368 288152 286704 0.240166 9.68917 9.19295 9.68917 9.19295 59231 0 1 0.00198759
74.8747 286704 285256 0.24037 9.59179 9.19421 9.59179 9.19421 59428 0 1 0.00243883
75.1126 285256 283808 0.240231 9.59179 9.19547 9.59179 9.19547 59625 0 1 0.00293647
75.3481 286704 282360 0.237999 9.59129 9.19671 9.59129 9.19671 59820 0 1 0.00348474
75.5836 288152 283808 0.237962 9.68967 9.19825 9.68967 9.19825 60017 0 1 0.00294057
75.8191 289600 285256 0.237873 9.68967 9.19977 9.68967 9.19977 60214 0 1 0.00244322
76.0571 288152 286704 0.240444 9.68917 9.2013 9.68917 9.2013 60413 0 1 0.00198776
76.295 286704 285256 0.240207 9.59179 9.20252 9.59179 9.20252 60610 0 1 0.00243873
76.5329 285256 283808 0.240343 9.59179 9.20373 9.59179 9.20373 60807 0 1 0.00293654
76.7684 286704 282360 0.237889 9.59129 9.20492 9.59129 9.20492 61002 0 1 0.00348519
77.0039 288152 283808 0.237874 9.68967 9.2064 9.68967 9.2064 61199 0 1 0.00294094
77.2394 289600 285256 0.237971 9.68967 9.20788 9.68967 9.20788 61396 0 1 0.00244281
77.4774 288152 286704 0.240206 9.68917 9.20936 9.68917 9.20936 61595 0 1 0.0019876
77.7153 286704 285256 0.240417 9.59179 9.21053 9.59179 9.21053 61792 0 1 0.00243887
77.9532 285256 283808 0.24027 9.59179 9.21169 9.59179 9.21169 61989 0 1 0.00293649
78.1887 286704 282360 0.237997 9.59129 9.21283 9.59129 9.21283 62184 0 1 0.00348475
78.4242 288152 283808 0.237915 9.68967 9.21426 9.68967 9.21426 62381 0 1 0.00294076
78.6597 289600 285256 0.237904 9.68967 9.21569 9.68967 9.21569 62578 0 1 0.00244309
78.8976 288152 286704 0.240355 9.68917 9.21712 9.68917 9.21712 62777 0 1 0.00198769
79.1356 286704 285256 0.240248 9.59179 9.21824 9.59179 9.21824 62974 0 1 0.00243875
79.3735 285256 283808 0.240389 9.59179 9.21936 9.59179 9.21936 63171 0 1 0.00293657
79.609 286704 282360 0.237752 9.59129 9.22046 9.59129 9.22046 63366 0 1 0.00348579
79.8445 288152 283808 0.237998 9.68967 9.22185 9.68967 9.22185 63563 0 1 0.00294043
80.08 289600 285256 0.237935 9.68967 9.22322 9.68967 9.22322 63760 0 1 0.00244296
80.3179 288152 286704 0.240273 9.68917 9.2246 9.68917 9.2246 63959 0 1 0.00198763
80.5559 286704 285256 0.240334 9.59179 9.22569 9.59179 9.22569 64156 0 1 0.0024388
80.7938 285256 283808 0.240166 9.59179 9.22677 9.59179 9.22677 64353 0 1 0.00293644
81.0293 286704 282360 0.237994 9.59129 9.22782 9.59129 9.22782 64548 0 1 0.00348476
81.2648 288152 283808 0.23781 9.68967 9.22916 9.68967 9.22916 64745 0 1 0.00294121
81.5003 289600 285256 0.237998 9.68967 9.23049 9.68967 9.23049 64942 0 1 0.0024427
81.7382 288152 286704 0.240385 9.68917 9.23183 9.68917 9.23183 65141 0 1 0.00198771
81.9761 286704 285256 0.240308 9.59179 9.23287 9.59179 9.23287 65338 0 1 0.00243879
82.2141 285256 283808 0.240436 9.59179 9.23391 9.59179 9.23391 65535 0 1 0.00293661
82.4496 286704 282360 0.23787 9.59129 9.23493 9.59129 9.23493 65730 0 1 0.00348527
82.6851 288152 283808 0.237995 9.68967 9.23623 9.68967 9.23623 65927 0 1 0.00294044
82.9206 289600 285256 0.237855 9.68967 9.23752 9.68967 9.23752 66124 0 1 0.00244329
83.1585 288152 286704 0.240395 9.68917 9.23881 9.68917 9.23881 66323 0 1 0.00198772
83.3964 286704 285256 0.240367 9.59179 9.23982 9.59179 9.23982 66520 0 1 0.00243883
83.6344 285256 283808 0.240206 9.59179 9.24082 9.59179 9.24082 66717 0 1 0.00293646
83.8699 286704 282360 0.237987 9.59129 9.2418 9.59129 9.2418 66912 0 1 0.00348479
84.1054 288152 283808 0.237791 9.68967 9.24305 9.68967 9.24305 67109 0 1 0.0029413
84.3409 289600 285256 0.237997 9.68967 9.2443 9.68967 9.2443 67306 0 1 0.00244271
84.5788 288152 286704 0.24025 9.68917 9.24555 9.68917 9.24555 67505 0 1 0.00198762
84.8167 286704 285256 0.240265 9.59179 9.24652 9.59179 9.24652 67702 0 1 0.00243876
85.0546 285256 283808 0.240355 9.59179 9.24749 9.59179 9.24749 67899 0 1 0.00293654
85.2902 286704 282360 0.237851 9.59129 9.24844 9.59129 9.24844 68094 0 1 0.00348536
85.5257 288152 283808 0.23799 9.68967 9.24965 9.68967 9.24965 68291 0 1 0.00294046
85.7612 289600 285256 0.23784 9.68967 9.25086 9.68967 9.25086 68488 0 1 0.00244336
85.9991 288152 286704 0.240451 9.68917 9.25208 9.68917 9.25208 68687 0 1 0.00198776
86.237 286704 285256 0.240388 9.59179 9.25301 9.59179 9.25301 68884 0 1 0.00243884
86.4749 285256 283808 0.240273 9.59179 9.25394 9.59179 9.25394 69081 0 1 0.00293649
86.7105 286704 282360 0.23797 9.59129 9.25486 9.59129 9.25486 69276 0 1 0.00348486
86.946 288152 283808 0.237778 9.68967 9.25604 9.68967 9.25604 69473 0 1 0.00294136
87.1815 289600 285256 0.237992 9.68967 9.25721 9.68967 9.25721 69670 0 1 0.00244272
87.4194 288152 286704 0.240181 9.68917 9.25839 9.68917 9.25839 69869 0 1 0.00198759
87.6573 286704 285256 0.240427 9.59179 9.25929 9.59179 9.25929 70066 0 1 0.00243887
87.8952 285256 283808 0.240385 9.59179 9.26019 9.59179 9.26019 70263 0 1 0.00293657
88.1307 286704 282360 0.237855 9.59129 9.26108 9.59129 9.26108 70458 0 1 0.00348534
88.3663 288152 283808 0.237977 9.68967 9.26222 9.68967 9.26222 70655 0 1 0.00294051
88.6018 289600 285256 0.23783 9.68967 9.26335 9.68967 9.26335 70852 0 1 0.0024434
88.8397 288152 286704 0.24037 9.68917 9.26449 9.68917 9.26449 71051 0 1 0.0019877
89.0776 286704 285256 0.240231 9.59179 9.26537 9.59179 9.26537 71248 0 1 0.00243874
89.3155 285256 283808 0.240395 9.59179 9.26624 9.59179 9.26624 71445 0 1 0.00293657
89.551 286704 282360 0.237967 9.59129 9.26709 9.59129 9.26709 71640 0 1 0.00348487
89.7865 288152 283808 0.237889 9.68967 9.2682 9.68967 9.2682 71837 0 1 0.00294088
90.0221 289600 285256 0.237983 9.68967 9.2693 9.68967 9.2693 72034 0 1 0.00244276
90.26 288152 286704 0.240217 9.68917 9.27041 9.68917 9.27041 72233 0 1 0.00198761
90.4979 286704 285256 0.240343 9.59179 9.27126 9.59179 9.27126 72430 0 1 0.00243881
90.7358 285256 283808 0.24025 9.59179 9.2721 9.59179 9.2721 72627 0 1 0.00293648
90.9713 286704 282360 0.23789 9.59129 9.27292 9.59129 9.27292 72822 0 1 0.00348519
91.2068 288152 283808 0.237949 9.68967 9.274 9.68967 9.274 73019 0 1 0.00294062
91.4424 289600 285256 0.237834 9.68967 9.27507 9.68967 9.27507 73216 0 1 0.00244338
91.6803 288152 286704 0.240417 9.68917 9.27614 9.68917 9.27614 73415 0 1 0.00198773
91.9182 286704 285256 0.24027 9.59179 9.27696 9.59179 9.27696 73612 0 1 0.00243876
92.1561 285256 283808 0.240451 9.59179 9.27777 9.59179 9.27777 73809 0 1 0.00293662
92.3916 286704 282360 0.237926 9.59129 9.27857 9.59129 9.27857 74004 0 1 0.00348504
92.6271 288152 283808 0.237916 9.68967 9.27962 9.68967 9.27962 74201 0 1 0.00294076
92.8626 289600 285256 0.237961 9.68967 9.28066 9.68967 9.28066 74398 0 1 0.00244285
93.1006 288152 286704 0.240269 9.68917 9.2817 9.68917 9.2817 74597 0 1 0.00198763
93.3385 286704 285256 0.240389 9.59179 9.28249 9.59179 9.28249 74794 0 1 0.00243884
93.5764 285256 283808 0.240181 9.59179 9.28328 9.59179 9.28328 74991 0 1 0.00293645
93.8119 286704 282360 0.237998 9.59129 9.28405 9.59129 9.28405 75186 0 1 0.00348474
94.0474 288152 283808 0.237943 9.68967 9.28507 9.68967 9.28507 75383 0 1 0.00294065
94.2829 289600 285256 0.23781 9.68967 9.28608 9.68967 9.28608 75580 0 1 0.00244349
94.5209 288152 286704 0.240321 9.68917 9.28709 9.68917 9.28709 75779 0 1 0.00198766
94.7588 286704 285256 0.240181 9.59179 9.28786 9.59179 9.28786 75976 0 1 0.00243872
94.9967 285256 283808 0.24037 9.59179 9.28862 9.59179 9.28862 76173 0 1 0.00293655
95.2322 286704 282360 0.237834 9.59129 9.28937 9.59129 9.28937 76368 0 1 0.00348543
95.4677 288152 283808 0.237999 9.68967 9.29036 9.68967 9.29036 76565 0 1 0.00294042
95.7032 289600 285256 0.237913 9.68967 9.29134 9.68967 9.29134 76762 0 1 0.00244305
95.9411 288152 286704 0.240357 9.68917 9.29232 9.68917 9.29232 76961 0 1 0.00198769
96.1791 286704 285256 0.240436 9.59179 9.29307 9.59179 9.29307 77158 0 1 0.00243888
96.417 285256 283808 0.240217 9.59179 9.2938 9.59179 9.2938 77355 0 1 0.00293646
96.6525 286704 282360 0.237996 9.59129 9.29453 9.59129 9.29453 77550 0 1 0.00348475
96.888 288152 283808 0.237873 9.68967 9.29549 9.68967 9.29549 77747 0 1 0.00294094
97.1235 289600 285256 0.237999 9.68967 9.29644 9.68967 9.29644 77944 0 1 0.0024427
97.3614 288152 286704 0.240339 9.68917 9.2974 9.68917 9.2974 78143 0 1 0.00198767
97.5993 286704 285256 0.240239 9.59179 9.29812 9.59179 9.29812 78340 0 1 0.00243875
97.8373 285256 283808 0.240417 9.59179 9.29884 9.59179 9.29884 78537 0 1 0.00293659
98.0728 286704 282360 0.237817 9.59129 9.29954 9.59129 9.29954 78732 0 1 0.0034855
98.3083 288152 283808 0.237997 9.68967 9.30047 9.68967 9.30047 78929 0 1 0.00294043
98.5438 289600 285256 0.237903 9.68967 9.3014 9.68967 9.3014 79126 0 1 0.00244309
98.7817 288152 286704 0.240264 9.68917 9.30234 9.68917 9.30234 79325 0 1 0.00198763
99.0196 286704 285256 0.240337 9.59179 9.30303 9.59179 9.30303 79522 0 1 0.00243881
99.2576 285256 283808 0.240269 9.59179 9.30372 9.59179 9.30372 79719 0 1 0.00293649
99.4931 286704 282360 0.237991 9.59129 9.3044 9.59129 9.3044 79914 0 1 0.00348477
99.7286 288152 283808 0.23786 9.68967 9.30531 9.68967 9.30531 80111 0 1 0.002941
99.9641 289600 285256 0.237998 9.68967 9.30622 9.68967 9.30622 80308 0 1 0.0024427
100.202 288152 286704 0.240324 9.68917 9.30713 9.68917 9.30713 80507 0 1 0.00198766
100.44 286704 285256 0.240346 9.59179 9.3078 9.59179 9.3078 80704 0 1 0.00243881
100.678 285256 283808 0.240321 9.59179 9.30847 9.59179 9.30847 80901 0 1 0.00293652
100.913 286704 282360 0.237806 9.59129 9.30913 9.59129 9.30913 81096 0 1 0.00348555
101.149 288152 283808 0.237993 9.68967 9.31002 9.68967 9.31002 81293 0 1 0.00294044
101.384 289600 285256 0.237783 9.68967 9.3109 9.68967 9.3109 81490 0 1 0.00244361
101.622 288152 286704 0.240427 9.68917 9.31179 9.68917 9.31179 81689 0 1 0.00198774
101.86 286704 285256 0.240342 9.59179 9.31244 9.59179 9.31244 81886 0 1 0.00243881
102.098 285256 283808 0.240357 9.59179 9.31309 9.59179 9.31309 82083 0 1 0.00293654
102.334 286704 282360 0.23798 9.59129 9.31373 9.59129 9.31373 82278 0 1 0.00348482
102.569 288152 283808 0.237851 9.68967 9.3146 9.68967 9.3146 82475 0 1 0.00294104
102.805 289600 285256 0.237995 9.68967 9.31546 9.68967 9.31546 82672 0 1 0.00244271
103.043 288152 286704 0.240231 9.68917 9.31632 9.68917 9.31632 82871 0 1 0.00198761
103.281 286704 285256 0.240394 9.59179 9.31695 9.59179 9.31695 83068 0 1 0.00243885
103.518 285256 283808 0.24034 9.59179 9.31758 9.59179 9.31758 83265 0 1 0.00293653
103.754 286704 282360 0.23781 9.59129 9.31821 9.59129 9.31821 83460 0 1 0.00348553
103.989 288152 283808 0.237985 9.68967 9.31905 9.68967 9.31905 83657 0 1 0.00294048
104.225 289600 285256 0.237761 9.68967 9.31988 9.68967 9.31988 83854 0 1 0.0024437
104.463 288152 286704 0.240343 9.68917 9.32073 9.68917 9.32073 84053 0 1 0.00198768
104.701 286704 285256 0.240154 9.59179 9.32134 9.59179 9.32134 84250 0 1 0.00243872
104.939 285256 283808 0.240374 9.59179 9.32196 9.59179 9.32196 84447 0 1 0.00293656
105.174 286704 282360 0.237956 9.59129 9.32256 9.59129 9.32256 84642 0 1 0.00348491
105.41 288152 283808 0.237855 9.68967 9.32338 9.68967 9.32338 84839 0 1 0.00294102
105.645 289600 285256 0.237989 9.68967 9.32419 9.68967 9.32419 85036 0 1 0.00244274
105.883 288152 286704 0.24027 9.68917 9.32502 9.68917 9.32502 85235 0 1 0.00198763
106.121 286704 285256 0.240451 9.59179 9.32561 9.59179 9.32561 85432 0 1 0.00243889
106.359 285256 283808 0.240324 9.59179 9.32621 9.59179 9.32621 85629 0 1 0.00293652
106.595 286704 282360 0.237999 9.59129 9.32679 9.59129 9.32679 85824 0 1 0.00348474
106.83 288152 283808 0.237967 9.68967 9.32759 9.68967 9.32759 86021 0 1 0.00294055
107.066 289600 285256 0.237889 9.68967 9.32839 9.68967 9.32839 86218 0 1 0.00244315
107.303 288152 286704 0.240389 9.68917 9.32919 9.68917 9.32919 86417 0 1 0.00198771
107.541 286704 285256 0.240181 9.59179 9.32977 9.59179 9.32977 86614 0 1 0.00243872
107.779 285256 283808 0.240425 9.59179 9.33035 9.59179 9.33035 86811 0 1 0.0029366
108.015 286704 282360 0.237903 9.59129 9.33092 9.59129 9.33092 87006 0 1 0.00348514
108.25 288152 283808 0.23789 9.68967 9.3317 9.68967 9.3317 87203 0 1 0.00294087
108.486 289600 285256 0.237974 9.68967 9.33248 9.68967 9.33248 87400 0 1 0.00244279
108.724 288152 286704 0.240181 9.68917 9.33326 9.68917 9.33326 87599 0 1 0.00198759
108.962 286704 285256 0.24037 9.59179 9.33382 9.59179 9.33382 87796 0 1 0.00243883
109.2 285256 283808 0.240231 9.59179 9.33438 9.59179 9.33438 87993 0 1 0.00293647
109.435 286704 282360 0.237998 9.59129 9.33494 9.59129 9.33494 88188 0 1 0.00348475
109.671 288152 283808 0.237926 9.68967 9.3357 9.68967 9.3357 88385 0 1 0.00294072
109.906 289600 285256 0.237916 9.68967 9.33646 9.68967 9.33646 88582 0 1 0.00244304
110.144 288152 286704 0.240436 9.68917 9.33722 9.68917 9.33722 88781 0 1 0.00198775
110.382 286704 285256 0.240217 9.59179 9.33777 9.59179 9.33777 88978 0 1 0.00243874
110.62 285256 283808 0.240343 9.59179 9.33831 9.59179 9.33831 89175 0 1 0.00293654
110.855 286704 282360 0.237779 9.59129 9.33885 9.59129 9.33885 89370 0 1 0.00348567
111.091 288152 283808 0.237998 9.68967 9.33959 9.68967 9.33959 89567 0 1 0.00294042
111.326 289600 285256 0.237943 9.68967 9.34034 9.68967 9.34034 89764 0 1 0.00244292
111.564 288152 286704 0.240239 9.68917 9.34108 9.68917 9.34108 89963 0 1 0.00198762
111.802 286704 285256 0.240417 9.59179 9.34161 9.59179 9.34161 90160 0 1 0.00243887
112.04 285256 283808 0.24027 9.59179 9.34214 9.59179 9.34214 90357 0 1 0.00293649
112.276 286704 282360 0.237995 9.59129 9.34267 9.59129 9.34267 90552 0 1 0.00348476
112.511 288152 283808 0.237834 9.68967 9.34339 9.68967 9.34339 90749 0 1 0.00294111
112.747 289600 285256 0.237999 9.68967 9.34412 9.68967 9.34412 90946 0 1 0.0024427
112.985 288152 286704 0.240337 9.68917 9.34484 9.68917 9.34484 91145 0 1 0.00198767
113.223 286704 285256 0.240269 9.59179 9.34536 9.59179 9.34536 91342 0 1 0.00243876
113.46 285256 283808 0.240389 9.59179 9.34588 9.59179 9.34588 91539 0 1 0.00293657
113.696 286704 282360 0.237752 9.59129 9.34639 9.59129 9.34639 91734 0 1 0.00348579
113.931 288152 283808 0.237996 9.68967 9.3471 9.68967 9.3471 91931 0 1 0.00294043
114.167 289600 285256 0.237873 9.68967 9.3478 9.68967 9.3478 92128 0 1 0.00244322
114.405 288152 286704 0.240346 9.68917 9.34851 9.68917 9.34851 92327 0 1 0.00198768
114.643 286704 285256 0.240321 9.59179 9.34902 9.59179 9.34902 92524 0 1 0.00243879
114.881 285256 283808 0.240181 9.59179 9.34952 9.59179 9.34952 92721 0 1 0.00293645
115.116 286704 282360 0.237994 9.59129 9.35002 9.59129 9.35002 92916 0 1 0.00348476
115.352 288152 283808 0.23781 9.68967 9.35071 9.68967 9.35071 93113 0 1 0.00294121
115.587 289600 285256 0.237997 9.68967 9.3514 9.68967 9.3514 93310 0 1 0.0024427
115.825 288152 286704 0.240344 9.68917 9.35209 9.68917 9.35209 93509 0 1 0.00198768
116.063 286704 285256 0.240357 9.59179 9.35258 9.59179 9.35258 93706 0 1 0.00243882
116.301 285256 283808 0.240436 9.59179 9.35307 9.59179 9.35307 93903 0 1 0.00293661
116.537 286704 282360 0.23787 9.59129 9.35356 9.59129 9.35356 94098 0 1 0.00348527
116.772 288152 283808 0.237991 9.68967 9.35423 9.68967 9.35423 94295 0 1 0.00294045
117.008 289600 285256 0.23786 9.68967 9.35491 9.68967 9.35491 94492 0 1 0.00244327
117.246 288152 286704 0.240394 9.68917 9.35559 9.68917 9.35559 94691 0 1 0.00198771
117.483 286704 285256 0.24034 9.59179 9.35607 9.59179 9.35607 94888 0 1 0.00243881
117.721 285256 283808 0.240239 9.59179 9.35654 9.59179 9.35654 95085 0 1 0.00293647
117.957 286704 282360 0.237987 9.59129 9.35701 9.59129 9.35701 95280 0 1 0.00348479
118.192 288152 283808 0.237791 9.68967 9.35767 9.68967 9.35767 95477 0 1 0.0029413
118.428 289600 285256 0.237993 9.68967 9.35833 9.68967 9.35833 95674 0 1 0.00244272
118.666 288152 286704 0.240158 9.68917 9.359 9.68917 9.359 95873 0 1 0.00198758
118.904 286704 285256 0.240374 9.59179 9.35946 9.59179 9.35946 96070 0 1 0.00243883
119.142 285256 283808 0.240337 9.59179 9.35993 9.59179 9.35993 96267 0 1 0.00293653
119.377 286704 282360 0.237873 9.59129 9.36038 9.59129 9.36038 96462 0 1 0.00348526
119.613 288152 283808 0.23799 9.68967 9.36103 9.68967 9.36103 96659 0 1 0.00294046
119.848 289600 285256 0.23784 9.68967 9.36168 9.68967 9.36168 96856 0 1 0.00244336
120.086 288152 286704 0.240449 9.68917 9.36233 9.68917 9.36233 97055 0 1 0.00198776
120.324 286704 285256 0.240327 9.59179 9.36278 9.59179 9.36278 97252 0 1 0.0024388
120.562 285256 283808 0.240346 9.59179 9.36323 9.59179 9.36323 97449 0 1 0.00293654
120.797 286704 282360 0.237971 9.59129 9.36368 9.59129 9.36368 97644 0 1 0.00348485
121.033 288152 283808 0.237778 9.68967 9.36431 9.68967 9.36431 97841 0 1 0.00294136
121.268 289600 285256 0.237985 9.68967 9.36494 9.68967 9.36494 98038 0 1 0.00244275
121.506 288152 286704 0.24019 9.68917 9.36558 9.68917 9.36558 98237 0 1 0.0019876
121.744 286704 285256 0.240426 9.59179 9.36602 9.59179 9.36602 98434 0 1 0.00243887
121.982 285256 283808 0.240344 9.59179 9.36646 9.59179 9.36646 98631 0 1 0.00293654
122.218 286704 282360 0.237904 9.59129 9.36689 9.59129 9.36689 98826 0 1 0.00348513
122.453 288152 283808 0.237978 9.68967 9.36751 9.68967 9.36751 99023 0 1 0.00294051
122.689 289600 285256 0.23783 9.68967 9.36813 9.68967 9.36813 99220 0 1 0.0024434
122.927 288152 286704 0.240365 9.68917 9.36875 9.68917 9.36875 99419 0 1 0.00198769
123.165 286704 285256 0.240236 9.59179 9.36918 9.59179 9.36918 99616 0 1 0.00243875
123.403 285256 283808 0.240394 9.59179 9.36961 9.59179 9.36961 99813 0 1 0.00293657
123.638 286704 282360 0.237935 9.59129 9.37004 9.59129 9.37004 100008 0 1 0.003485
123.874 288152 283808 0.237926 9.68967 9.37064 9.68967 9.37064 100205 0 1 0.00294072
124.109 289600 285256 0.237983 9.68967 9.37125 9.68967 9.37125 100402 0 1 0.00244276
124.347 288152 286704 0.240217 9.68917 9.37186 9.68917 9.37186 100601 0 1 0.00198761
124.585 286704 285256 0.24034 9.59179 9.37228 9.59179 9.37228 100798 0 1 0.00243881
124.823 285256 283808 0.240158 9.59179 9.3727 9.59179 9.3727 100995 0 1 0.00293644
125.058 286704 282360 0.237998 9.59129 9.37311 9.59129 9.37311 101190 0 1 0.00348474
125.294 288152 283808 0.23795 9.68967 9.3737 9.68967 9.3737 101387 0 1 0.00294062
125.529 289600 285256 0.237834 9.68967 9.37429 9.68967 9.37429 101584 0 1 0.00244338
125.767 288152 286704 0.240406 9.68917 9.37489 9.68917 9.37489 101783 0 1 0.00198772
126.005 286704 285256 0.240283 9.59179 9.3753 9.59179 9.3753 101980 0 1 0.00243877
126.243 285256 283808 0.240449 9.59179 9.37571 9.59179 9.37571 102177 0 1 0.00293662
126.479 286704 282360 0.237855 9.59129 9.37611 9.59129 9.37611 102372 0 1 0.00348534
126.714 288152 283808 0.237999 9.68967 9.37669 9.68967 9.37669 102569 0 1 0.00294042
126.95 289600 285256 0.237962 9.68967 9.37727 9.68967 9.37727 102766 0 1 0.00244285
127.188 288152 286704 0.240269 9.68917 9.37786 9.68917 9.37786 102965 0 1 0.00198763
127.425 286704 285256 0.240381 9.59179 9.37826 9.59179 9.37826 103162 0 1 0.00243884
127.663 285256 283808 0.24019 9.59179 9.37865 9.59179 9.37865 103359 0 1 0.00293645
127.899 286704 282360 0.237997 9.59129 9.37905 9.59129 9.37905 103554 0 1 0.00348475
128.134 288152 283808 0.237889 9.68967 9.37962 9.68967 9.37962 103751 0 1 0.00294087
128.37 289600 285256 0.237874 9.68967 9.38019 9.68967 9.38019 103948 0 1 0.00244321
128.608 288152 286704 0.240321 9.68917 9.38076 9.68917 9.38076 104147 0 1 0.00198766
128.846 286704 285256 0.24018 9.59179 9.38115 9.59179 9.38115 104344 0 1 0.00243872
129.084 285256 283808 0.240365 9.59179 9.38153 9.59179 9.38153 104541 0 1 0.00293655
129.319 286704 282360 0.23784 9.59129 9.38192 9.59129 9.38192 104736 0 1 0.0034854
129.555 288152 283808 0.237997 9.68967 9.38248 9.68967 9.38248 104933 0 1 0.00294043
129.79 289600 285256 0.237915 9.68967 9.38303 9.68967 9.38303 105130 0 1 0.00244304
130.028 288152 286704 0.240357 9.68917 9.38359 9.68917 9.38359 105329 0 1 0.00198769
130.266 286704 285256 0.240419 9.59179 9.38397 9.59179 9.38397 105526 0 1 0.00243887
130.504 285256 283808 0.240236 9.59179 9.38435 9.59179 9.38435 105723 0 1 0.00293647
130.739 286704 282360 0.237992 9.59129 9.38473 9.59129 9.38473 105918 0 1 0.00348477
130.975 288152 283808 0.237752 9.68967 9.38527 9.68967 9.38527 106115 0 1 0.00294147
131.211 289600 285256 0.237998 9.68967 9.38582 9.68967 9.38582 106312 0 1 0.0024427
131.448 288152 286704 0.24034 9.68917 9.38637 9.68917 9.38637 106511 0 1 0.00198767
131.686 286704 285256 0.240239 9.59179 9.38674 9.59179 9.38674 106708 0 1 0.00243875
131.924 285256 283808 0.240406 9.59179 9.38711 9.59179 9.38711 106905 0 1 0.00293658
132.16 286704 282360 0.23783 9.59129 9.38747 9.59129 9.38747 107100 0 1 0.00348545
132.395 288152 283808 0.237994 9.68967 9.38801 9.68967 9.38801 107297 0 1 0.00294044
132.631 289600 285256 0.23781 9.68967 9.38855 9.68967 9.38855 107494 0 1 0.00244349
132.869 288152 286704 0.240374 9.68917 9.38909 9.68917 9.38909 107693 0 1 0.0019877
133.107 286704 285256 0.240337 9.59179 9.38945 9.59179 9.38945 107890 0 1 0.00243881
133.345 285256 283808 0.240269 9.59179 9.38981 9.59179 9.38981 108087 0 1 0.00293649
133.58 286704 282360 0.237983 9.59129 9.39016 9.59129 9.39016 108282 0 1 0.00348481
133.816 288152 283808 0.23787 9.68967 9.39069 9.68967 9.39069 108479 0 1 0.00294096
134.051 289600 285256 0.237995 9.68967 9.39122 9.68967 9.39122 108676 0 1 0.00244271
134.289 288152 286704 0.240327 9.68917 9.39174 9.68917 9.39174 108875 0 1 0.00198767
134.527 286704 285256 0.240346 9.59179 9.3921 9.59179 9.3921 109072 0 1 0.00243881
134.765 285256 283808 0.240296 9.59179 9.39245 9.59179 9.39245 109269 0 1 0.00293651
135 286704 282360 0.237834 9.59129 9.3928 9.59129 9.3928 109464 0 1 0.00348543
135.236 288152 283808 0.237987 9.68967 9.39331 9.68967 9.39331 109661 0 1 0.00294047
135.471 289600 285256 0.237791 9.68967 9.39383 9.68967 9.39383 109858 0 1 0.00244357
135.709 288152 286704 0.240426 9.68917 9.39435 9.68917 9.39435 110057 0 1 0.00198774
135.947 286704 285256 0.240344 9.59179 9.39469 9.59179 9.39469 110254 0 1 0.00243881
136.185 285256 283808 0.240357 9.59179 9.39504 9.59179 9.39504 110451 0 1 0.00293654
136.421 286704 282360 0.237961 9.59129 9.39538 9.59129 9.39538 110646 0 1 0.00348489
136.656 288152 283808 0.237873 9.68967 9.39588 9.68967 9.39588 110843 0 1 0.00294094
136.892 289600 285256 0.23799 9.68967 9.39639 9.68967 9.39639 111040 0 1 0.00244273
137.13 288152 286704 0.240236 9.68917 9.3969 9.68917 9.3969 111239 0 1 0.00198761
137.368 286704 285256 0.240394 9.59179 9.39723 9.59179 9.39723 111436 0 1 0.00243885
137.605 285256 283808 0.24034 9.59179 9.39757 9.59179 9.39757 111633 0 1 0.00293653
137.841 286704 282360 0.23781 9.59129 9.3979 9.59129 9.3979 111828 0 1 0.00348553
138.076 288152 283808 0.237971 9.68967 9.3984 9.68967 9.3984 112025 0 1 0.00294054
138.312 289600 285256 0.237778 9.68967 9.3989 9.68967 9.3989 112222 0 1 0.00244363
138.55 288152 286704 0.24034 9.68917 9.39939 9.68917 9.39939 112421 0 1 0.00198767
138.788 286704 285256 0.240158 9.59179 9.39972 9.59179 9.39972 112618 0 1 0.00243872
139.026 285256 283808 0.240374 9.59179 9.40005 9.59179 9.40005 112815 0 1 0.00293656
139.261 286704 282360 0.237913 9.59129 9.40038 9.59129 9.40038 113010 0 1 0.00348509
139.497 288152 283808 0.237904 9.68967 9.40086 9.68967 9.40086 113207 0 1 0.00294081
139.732 289600 285256 0.237978 9.68967 9.40135 9.68967 9.40135 113404 0 1 0.00244278
139.97 288152 286704 0.240283 9.68917 9.40184 9.68917 9.40184 113603 0 1 0.00198764
140.208 286704 285256 0.240449 9.59179 9.40216 9.59179 9.40216 113800 0 1 0.00243889
140.446 285256 283808 0.240327 9.59179 9.40248 9.59179 9.40248 113997 0 1 0.00293652
140.682 286704 282360 0.237999 9.59129 9.4028 9.59129 9.4028 114192 0 1 0.00348474
140.917 288152 283808 0.237934 9.68967 9.40328 9.68967 9.40328 114389 0 1 0.00294069
141.153 289600 285256 0.237926 9.68967 9.40376 9.68967 9.40376 114586 0 1 0.00244299
141.39 288152 286704 0.240382 9.68917 9.40424 9.68917 9.40424 114785 0 1 0.0019877
141.628 286704 285256 0.24019 9.59179 9.40455 9.59179 9.40455 114982 0 1 0.00243873
141.866 285256 283808 0.240426 9.59179 9.40487 9.59179 9.40487 115179 0 1 0.0029366
142.102 286704 282360 0.237903 9.59129 9.40518 9.59129 9.40518 115374 0 1 0.00348514
142.337 288152 283808 0.237889 9.68967 9.40565 9.68967 9.40565 115571 0 1 0.00294087
142.573 289600 285256 0.23795 9.68967 9.40612 9.68967 9.40612 115768 0 1 0.00244289
142.811 288152 286704 0.240209 9.68917 9.40659 9.68917 9.40659 115967 0 1 0.0019876
143.049 286704 285256 0.240365 9.59179 9.40689 9.59179 9.40689 116164 0 1 0.00243882
143.287 285256 283808 0.240236 9.59179 9.4072 9.59179 9.4072 116361 0 1 0.00293647
143.522 286704 282360 0.237998 9.59129 9.4075 9.59129 9.4075 116556 0 1 0.00348475
143.758 288152 283808 0.237852 9.68967 9.40797 9.68967 9.40797 116753 0 1 0.00294103
143.993 289600 285256 0.237999 9.68967 9.40843 9.68967 9.40843 116950 0 1 0.0024427
144.231 288152 286704 0.24042 9.68917 9.40889 9.68917 9.40889 117149 0 1 0.00198774
144.469 286704 285256 0.240236 9.59179 9.40919 9.59179 9.40919 117346 0 1 0.00243875
144.707 285256 283808 0.24034 9.59179 9.40949 9.59179 9.40949 117543 0 1 0.00293653
144.942 286704 282360 0.237783 9.59129 9.40979 9.59129 9.40979 117738 0 1 0.00348565
145.178 288152 283808 0.237998 9.68967 9.41024 9.68967 9.41024 117935 0 1 0.00294042
145.413 289600 285256 0.237887 9.68967 9.41069 9.68967 9.41069 118132 0 1 0.00244316
145.651 288152 286704 0.240303 9.68917 9.41115 9.68917 9.41115 118331 0 1 0.00198765
145.889 286704 285256 0.240406 9.59179 9.41144 9.59179 9.41144 118528 0 1 0.00243886
146.127 285256 283808 0.240283 9.59179 9.41174 9.59179 9.41174 118725 0 1 0.0029365
146.363 286704 282360 0.237995 9.59129 9.41203 9.59129 9.41203 118920 0 1 0.00348476
146.598 288152 283808 0.237834 9.68967 9.41247 9.68967 9.41247 119117 0 1 0.00294111
146.834 289600 285256 0.237997 9.68967 9.41292 9.68967 9.41292 119314 0 1 0.0024427
147.072 288152 286704 0.240301 9.68917 9.41336 9.68917 9.41336 119513 0 1 0.00198765
147.31 286704 285256 0.240312 9.59179 9.41365 9.59179 9.41365 119710 0 1 0.00243879
147.547 285256 283808 0.240382 9.59179 9.41394 9.59179 9.41394 119907 0 1 0.00293656
147.783 286704 282360 0.237761 9.59129 9.41422 9.59129 9.41422 120102 0 1 0.00348575
148.018 288152 283808 0.237996 9.68967 9.41466 9.68967 9.41466 120299 0 1 0.00294043
148.254 289600 285256 0.237748 9.68967 9.4151 9.68967 9.4151 120496 0 1 0.00244376
148.492 288152 286704 0.240345 9.68917 9.41554 9.68917 9.41554 120695 0 1 0.00198768
148.73 286704 285256 0.240297 9.59179 9.41582 9.59179 9.41582 120892 0 1 0.00243878
148.968 285256 283808 0.240209 9.59179 9.4161 9.59179 9.4161 121089 0 1 0.00293646
149.203 286704 282360 0.237989 9.59129 9.41637 9.59129 9.41637 121284 0 1 0.00348478
149.439 288152 283808 0.237817 9.68967 9.41681 9.68967 9.41681 121481 0 1 0.00294118
149.674 289600 285256 0.237997 9.68967 9.41723 9.68967 9.41723 121678 0 1 0.0024427
149.912 288152 286704 0.24026 9.68917 9.41767 9.68917 9.41767 121877 0 1 0.00198763
150.15 286704 285256 0.240452 9.59179 9.41794 9.59179 9.41794 122074 0 1 0.0024389
150.388 285256 283808 0.24042 9.59179 9.41822 9.59179 9.41822 122271 0 1 0.00293659
150.624 286704 282360 0.237889 9.59129 9.41849 9.59129 9.41849 122466 0 1 0.00348519
150.859 288152 283808 0.237991 9.68967 9.41891 9.68967 9.41891 122663 0 1 0.00294045
151.095 289600 285256 0.23786 9.68967 9.41933 9.68967 9.41933 122860 0 1 0.00244327
151.332 288152 286704 0.240392 9.68917 9.41976 9.68917 9.41976 123059 0 1 0.00198771
151.57 286704 285256 0.240286 9.59179 9.42003 9.59179 9.42003 123256 0 1 0.00243877
151.808 285256 283808 0.240303 9.59179 9.4203 9.59179 9.4203 123453 0 1 0.00293651
152.044 286704 282360 0.237974 9.59129 9.42056 9.59129 9.42056 123648 0 1 0.00348484
152.279 288152 283808 0.237806 9.68967 9.42098 9.68967 9.42098 123845 0 1 0.00294123
152.515 289600 285256 0.237993 9.68967 9.42139 9.68967 9.42139 124042 0 1 0.00244272
152.753 288152 286704 0.240158 9.68917 9.42181 9.68917 9.42181 124241 0 1 0.00198758
152.991 286704 285256 0.240372 9.59179 9.42207 9.59179 9.42207 124438 0 1 0.00243883
153.229 285256 283808 0.240301 9.59179 9.42234 9.59179 9.42234 124635 0 1 0.00293651
153.464 286704 282360 0.237916 9.59129 9.4226 9.59129 9.4226 124830 0 1 0.00348508
153.7 288152 283808 0.23798 9.68967 9.42301 9.68967 9.42301 125027 0 1 0.0029405
153.935 289600 285256 0.237851 9.68967 9.42341 9.68967 9.42341 125224 0 1 0.00244331
154.173 288152 286704 0.240449 9.68917 9.42382 9.68917 9.42382 125423 0 1 0.00198776
154.411 286704 285256 0.240202 9.59179 9.42408 9.59179 9.42408 125620 0 1 0.00243873
154.649 285256 283808 0.240345 9.59179 9.42434 9.59179 9.42434 125817 0 1 0.00293654
154.884 286704 282360 0.237943 9.59129 9.4246 9.59129 9.4246 126012 0 1 0.00348497
155.12 288152 283808 0.23781 9.68967 9.425 9.68967 9.425 126209 0 1 0.00294121
155.355 289600 285256 0.237985 9.68967 9.4254 9.68967 9.4254 126406 0 1 0.00244275
155.593 288152 286704 0.24019 9.68917 9.4258 9.68917 9.4258 126605 0 1 0.0019876
155.831 286704 285256 0.240423 9.59179 9.42606 9.59179 9.42606 126802 0 1 0.00243887
156.069 285256 283808 0.240264 9.59179 9.42631 9.59179 9.42631 126999 0 1 0.00293649
156.305 286704 282360 0.237999 9.59129 9.42656 9.59129 9.42656 127194 0 1 0.00348474
156.54 288152 283808 0.237956 9.68967 9.42695 9.68967 9.42695 127391 0 1 0.00294059
156.776 289600 285256 0.237855 9.68967 9.42735 9.68967 9.42735 127588 0 1 0.00244329
157.014 288152 286704 0.240365 9.68917 9.42774 9.68917 9.42774 127787 0 1 0.00198769
157.252 286704 285256 0.240236 9.59179 9.42799 9.59179 9.42799 127984 0 1 0.00243875
157.489 285256 283808 0.240392 9.59179 9.42824 9.59179 9.42824 128181 0 1 0.00293657
157.725 286704 282360 0.237873 9.59129 9.42848 9.59129 9.42848 128376 0 1 0.00348526
157.961 288152 283808 0.237999 9.68967 9.42887 9.68967 9.42887 128573 0 1 0.00294042
158.196 289600 285256 0.237967 9.68967 9.42926 9.68967 9.42926 128770 0 1 0.00244283
158.434 288152 286704 0.240236 9.68917 9.42965 9.68917 9.42965 128969 0 1 0.00198761
158.672 286704 285256 0.24034 9.59179 9.42989 9.59179 9.42989 129166 0 1 0.00243881
158.91 285256 283808 0.240158 9.59179 9.43014 9.59179 9.43014 129363 0 1 0.00293644
159.145 286704 282360 0.237997 9.59129 9.43038 9.59129 9.43038 129558 0 1 0.00348475
159.381 288152 283808 0.237903 9.68967 9.43076 9.68967 9.43076 129755 0 1 0.00294082
159.616 289600 285256 0.23789 9.68967 9.43114 9.68967 9.43114 129952 0 1 0.00244314
159.854 288152 286704 0.240406 9.68917 9.43152 9.68917 9.43152 130151 0 1 0.00198772
160.092 286704 285256 0.240283 9.59179 9.43176 9.59179 9.43176 130348 0 1 0.00243877
160.33 285256 283808 0.240444 9.59179 9.432 9.59179 9.432 130545 0 1 0.00293661
160.566 286704 282360 0.23786 9.59129 9.43223 9.59129 9.43223 130740 0 1 0.00348532
160.801 288152 283808 0.237998 9.68967 9.43261 9.68967 9.43261 130937 0 1 0.00294043
161.037 289600 285256 0.237926 9.68967 9.43299 9.68967 9.43299 131134 0 1 0.00244299
161.275 288152 286704 0.240312 9.68917 9.43336 9.68917 9.43336 131333 0 1 0.00198766
161.512 286704 285256 0.240382 9.59179 9.4336 9.59179 9.4336 131530 0 1 0.00243884
161.75 285256 283808 0.24019 9.59179 9.43383 9.59179 9.43383 131727 0 1 0.00293645
161.986 286704 282360 0.237993 9.59129 9.43406 9.59129 9.43406 131922 0 1 0.00348476
162.221 288152 283808 0.237783 9.68967 9.43443 9.68967 9.43443 132119 0 1 0.00294133
162.457 289600 285256 0.237998 9.68967 9.4348 9.68967 9.4348 132316 0 1 0.0024427
162.695 288152 286704 0.240297 9.68917 9.43517 9.68917 9.43517 132515 0 1 0.00198765
162.933 286704 285256 0.240209 9.59179 9.4354 9.59179 9.4354 132712 0 1 0.00243874
163.171 285256 283808 0.240365 9.59179 9.43563 9.59179 9.43563 132909 0 1 0.00293655
163.406 286704 282360 0.23784 9.59129 9.43585 9.59129 9.43585 133104 0 1 0.0034854
163.642 288152 283808 0.237995 9.68967 9.43622 9.68967 9.43622 133301 0 1 0.00294044
163.877 289600 285256 0.237834 9.68967 9.43658 9.68967 9.43658 133498 0 1 0.00244338
164.115 288152 286704 0.240452 9.68917 9.43695 9.68917 9.43695 133697 0 1 0.00198776
164.353 286704 285256 0.24042 9.59179 9.43717 9.59179 9.43717 133894 0 1 0.00243887
164.591 285256 283808 0.240236 9.59179 9.4374 9.59179 9.4374 134091 0 1 0.00293647
164.826 286704 282360 0.237985 9.59129 9.43762 9.59129 9.43762 134286 0 1 0.0034848
165.062 288152 283808 0.237761 9.68967 9.43798 9.68967 9.43798 134483 0 1 0.00294143
165.297 289600 285256 0.237996 9.68967 9.43834 9.68967 9.43834 134680 0 1 0.00244271
165.535 288152 286704 0.240286 9.68917 9.4387 9.68917 9.4387 134879 0 1 0.00198764
165.773 286704 285256 0.240303 9.59179 9.43892 9.59179 9.43892 135076 0 1 0.00243878
166.011 285256 283808 0.240406 9.59179 9.43913 9.59179 9.43913 135273 0 1 0.00293658
166.247 286704 282360 0.23783 9.59129 9.43935 9.59129 9.43935 135468 0 1 0.00348545
166.482 288152 283808 0.237988 9.68967 9.4397 9.68967 9.4397 135665 0 1 0.00294046
166.718 289600 285256 0.237817 9.68967 9.44006 9.68967 9.44006 135862 0 1 0.00244346
166.956 288152 286704 0.240372 9.68917 9.44041 9.68917 9.44041 136061 0 1 0.0019877
167.194 286704 285256 0.240301 9.59179 9.44063 9.59179 9.44063 136258 0 1 0.00243878
167.432 285256 283808 0.240312 9.59179 9.44084 9.59179 9.44084 136455 0 1 0.00293651
167.667 286704 282360 0.237983 9.59129 9.44105 9.59129 9.44105 136650 0 1 0.00348481
167.903 288152 283808 0.23787 9.68967 9.4414 9.68967 9.4414 136847 0 1 0.00294096
168.138 289600 285256 0.237991 9.68967 9.44175 9.68967 9.44175 137044 0 1 0.00244273
168.376 288152 286704 0.240207 9.68917 9.4421 9.68917 9.4421 137243 0 1 0.0019876
168.614 286704 285256 0.240345 9.59179 9.44231 9.59179 9.44231 137440 0 1 0.00243881
168.852 285256 283808 0.240297 9.59179 9.44252 9.59179 9.44252 137637 0 1 0.00293651
169.087 286704 282360 0.237834 9.59129 9.44273 9.59129 9.44273 137832 0 1 0.00348543
169.323 288152 283808 0.237974 9.68967 9.44307 9.68967 9.44307 138029 0 1 0.00294052
169.558 289600 285256 0.237806 9.68967 9.44341 9.68967 9.44341 138226 0 1 0.00244351
169.796 288152 286704 0.240423 9.68917 9.44376 9.68917 9.44376 138425 0 1 0.00198774
170.034 286704 285256 0.240264 9.59179 9.44397 9.59179 9.44397 138622 0 1 0.00243876
170.272 285256 283808 0.240452 9.59179 9.44417 9.59179 9.44417 138819 0 1 0.00293662
170.508 286704 282360 0.237962 9.59129 9.44438 9.59129 9.44438 139014 0 1 0.00348489
170.743 288152 283808 0.237873 9.68967 9.44471 9.68967 9.44471 139211 0 1 0.00294094
170.979 289600 285256 0.23798 9.68967 9.44505 9.68967 9.44505 139408 0 1 0.00244277
171.217 288152 286704 0.240248 9.68917 9.44539 9.68917 9.44539 139607 0 1 0.00198762
171.454 286704 285256 0.240393 9.59179 9.44559 9.59179 9.44559 139804 0 1 0.00243885
171.692 285256 283808 0.240286 9.59179 9.4458 9.59179 9.4458 140001 0 1 0.0029365
171.928 286704 282360 0.237874 9.59129 9.446 9.59129 9.446 140196 0 1 0.00348526
172.163 288152 283808 0.237971 9.68967 9.44633 9.68967 9.44633 140393 0 1 0.00294054
172.399 289600 285256 0.237778 9.68967 9.44666 9.68967 9.44666 140590 0 1 0.00244363
172.637 288152 286704 0.240334 9.68917 9.447 9.68917 9.447 140789 0 1 0.00198767
172.875 286704 285256 0.240166 9.59179 9.4472 9.59179 9.4472 140986 0 1 0.00243872
173.113 285256 283808 0.240372 9.59179 9.44739 9.59179 9.44739 141183 0 1 0.00293656
173.348 286704 282360 0.237915 9.59129 9.44759 9.59129 9.44759 141378 0 1 0.00348508
173.584 288152 283808 0.237904 9.68967 9.44792 9.68967 9.44792 141575 0 1 0.00294081
173.819 289600 285256 0.237956 9.68967 9.44825 9.68967 9.44825 141772 0 1 0.00244287
174.057 288152 286704 0.240308 9.68917 9.44857 9.68917 9.44857 141971 0 1 0.00198765
174.295 286704 285256 0.240444 9.59179 9.44877 9.59179 9.44877 142168 0 1 0.00243889
174.533 285256 283808 0.240207 9.59179 9.44897 9.59179 9.44897 142365 0 1 0.00293646
174.769 286704 282360 0.237998 9.59129 9.44916 9.59129 9.44916 142560 0 1 0.00348474
175.004 288152 283808 0.237935 9.68967 9.44948 9.68967 9.44948 142757 0 1 0.00294068
175.24 289600 285256 0.237926 9.68967 9.4498 9.68967 9.4498 142954 0 1 0.00244299
175.477 288152 286704 0.240367 9.68917 9.45013 9.68917 9.45013 143153 0 1 0.00198769
175.715 286704 285256 0.240206 9.59179 9.45032 9.59179 9.45032 143350 0 1 0.00243873
175.953 285256 283808 0.240423 9.59179 9.45051 9.59179 9.45051 143547 0 1 0.0029366
176.189 286704 282360 0.23781 9.59129 9.4507 9.59129 9.4507 143742 0 1 0.00348553
176.424 288152 283808 0.237998 9.68967 9.45102 9.68967 9.45102 143939 0 1 0.00294042
176.66 289600 285256 0.23795 9.68967 9.45134 9.68967 9.45134 144136 0 1 0.00244289
176.898 288152 286704 0.240209 9.68917 9.45166 9.68917 9.45166 144335 0 1 0.0019876
177.136 286704 285256 0.240355 9.59179 9.45184 9.59179 9.45184 144532 0 1 0.00243882
177.374 285256 283808 0.240248 9.59179 9.45203 9.59179 9.45203 144729 0 1 0.00293648
177.609 286704 282360 0.237995 9.59129 9.45222 9.59129 9.45222 144924 0 1 0.00348475
177.845 288152 283808 0.237855 9.68967 9.45253 9.68967 9.45253 145121 0 1 0.00294102
178.08 289600 285256 0.237999 9.68967 9.45284 9.68967 9.45284 145318 0 1 0.0024427
178.318 288152 286704 0.240387 9.68917 9.45316 9.68917 9.45316 145517 0 1 0.00198771
178.556 286704 285256 0.240273 9.59179 9.45335 9.59179 9.45335 145714 0 1 0.00243877
178.794 285256 283808 0.240334 9.59179 9.45353 9.59179 9.45353 145911 0 1 0.00293653
179.029 286704 282360 0.237791 9.59129 9.45371 9.59129 9.45371 146106 0 1 0.00348562
179.265 288152 283808 0.237997 9.68967 9.45402 9.68967 9.45402 146303 0 1 0.00294043
179.5 289600 285256 0.237889 9.68967 9.45433 9.68967 9.45433 146500 0 1 0.00244315
179.738 288152 286704 0.240303 9.68917 9.45464 9.68917 9.45464 146699 0 1 0.00198765
179.976 286704 285256 0.240384 9.59179 9.45482 9.59179 9.45482 146896 0 1 0.00243884
180.214 285256 283808 0.240308 9.59179 9.455 9.59179 9.455 147093 0 1 0.00293651
180.45 286704 282360 0.23799 9.59129 9.45518 9.59129 9.45518 147288 0 1 0.00348478
180.685 288152 283808 0.23784 9.68967 9.45549 9.68967 9.45549 147485 0 1 0.00294108
180.921 289600 285256 0.237997 9.68967 9.45579 9.68967 9.45579 147682 0 1 0.0024427
181.159 288152 286704 0.240301 9.68917 9.4561 9.68917 9.4561 147881 0 1 0.00198765
181.397 286704 285256 0.240312 9.59179 9.45628 9.59179 9.45628 148078 0 1 0.00243879
181.634 285256 283808 0.240367 9.59179 9.45645 9.59179 9.45645 148275 0 1 0.00293655
181.87 286704 282360 0.237778 9.59129 9.45663 9.59129 9.45663 148470 0 1 0.00348568
182.105 288152 283808 0.237992 9.68967 9.45693 9.68967 9.45693 148667 0 1 0.00294045
182.341 289600 285256 0.237752 9.68967 9.45723 9.68967 9.45723 148864 0 1 0.00244374
182.579 288152 286704 0.240345 9.68917 9.45753 9.68917 9.45753 149063 0 1 0.00198768
182.817 286704 285256 0.240248 9.59179 9.45771 9.59179 9.45771 149260 0 1 0.00243875
183.055 285256 283808 0.240265 9.59179 9.45788 9.59179 9.45788 149457 0 1 0.00293649
183.29 286704 282360 0.237978 9.59129 9.45805 9.59129 9.45805 149652 0 1 0.00348483
183.526 288152 283808 0.23783 9.68967 9.45835 9.68967 9.45835 149849 0 1 0.00294113
183.761 289600 285256 0.237994 9.68967 9.45865 9.68967 9.45865 150046 0 1 0.00244272
183.999 288152 286704 0.240264 9.68917 9.45894 9.68917 9.45894 150245 0 1 0.00198763
184.237 286704 285256 0.240452 9.59179 9.45912 9.59179 9.45912 150442 0 1 0.0024389
184.475 285256 283808 0.240387 9.59179 9.45929 9.59179 9.45929 150639 0 1 0.00293657
184.711 286704 282360 0.237926 9.59129 9.45945 9.59129 9.45945 150834 0 1 0.00348504
184.946 288152 283808 0.237983 9.68967 9.45975 9.68967 9.45975 151031 0 1 0.00294049
185.182 289600 285256 0.23787 9.68967 9.46004 9.68967 9.46004 151228 0 1 0.00244323
185.419 288152 286704 0.240393 9.68917 9.46033 9.68917 9.46033 151427 0 1 0.00198771
185.657 286704 285256 0.240286 9.59179 9.4605 9.59179 9.4605 151624 0 1 0.00243877
185.895 285256 283808 0.240302 9.59179 9.46067 9.59179 9.46067 151821 0 1 0.00293651
186.131 286704 282360 0.23795 9.59129 9.46084 9.59129 9.46084 152016 0 1 0.00348494
186.366 288152 283808 0.237834 9.68967 9.46113 9.68967 9.46113 152213 0 1 0.00294111
186.602 289600 285256 0.237987 9.68967 9.46141 9.68967 9.46141 152410 0 1 0.00244274
186.84 288152 286704 0.240166 9.68917 9.4617 9.68917 9.4617 152609 0 1 0.00198759
187.078 286704 285256 0.240372 9.59179 9.46187 9.59179 9.46187 152806 0 1 0.00243883
187.316 285256 283808 0.240228 9.59179 9.46203 9.59179 9.46203 153003 0 1 0.00293647
187.551 286704 282360 0.237999 9.59129 9.4622 9.59129 9.4622 153198 0 1 0.00348474
187.787 288152 283808 0.237962 9.68967 9.46248 9.68967 9.46248 153395 0 1 0.00294057
188.022 289600 285256 0.237873 9.68967 9.46277 9.68967 9.46277 153592 0 1 0.00244322
188.26 288152 286704 0.240444 9.68917 9.46305 9.68917 9.46305 153791 0 1 0.00198776
188.498 286704 285256 0.240207 9.59179 9.46322 9.59179 9.46322 153988 0 1 0.00243873
188.736 285256 283808 0.240345 9.59179 9.46338 9.59179 9.46338 154185 0 1 0.00293654
188.971 286704 282360 0.237887 9.59129 9.46354 9.59129 9.46354 154380 0 1 0.0034852
189.207 288152 283808 0.237874 9.68967 9.46382 9.68967 9.46382 154577 0 1 0.00294094
189.442 289600 285256 0.237971 9.68967 9.4641 9.68967 9.4641 154774 0 1 0.00244281
189.68 288152 286704 0.240206 9.68917 9.46438 9.68917 9.46438 154973 0 1 0.0019876
189.918 286704 285256 0.240423 9.59179 9.46454 9.59179 9.46454 155170 0 1 0.00243887
190.156 285256 283808 0.240264 9.59179 9.4647 9.59179 9.4647 155367 0 1 0.00293649
190.392 286704 282360 0.237997 9.59129 9.46486 9.59129 9.46486 155562 0 1 0.00348475
190.627 288152 283808 0.237915 9.68967 9.46513 9.68967 9.46513 155759 0 1 0.00294076
190.863 289600 285256 0.237904 9.68967 9.46541 9.68967 9.46541 155956 0 1 0.00244309
191.101 288152 286704 0.240355 9.68917 9.46569 9.68917 9.46569 156155 0 1 0.00198769
191.339 286704 285256 0.240248 9.59179 9.46585 9.59179 9.46585 156352 0 1 0.00243875
191.576 285256 283808 0.240393 9.59179 9.466 9.59179 9.466 156549 0 1 0.00293657
191.812 286704 282360 0.237748 9.59129 9.46616 9.59129 9.46616 156744 0 1 0.00348581
192.048 288152 283808 0.237998 9.68967 9.46643 9.68967 9.46643 156941 0 1 0.00294043
192.283 289600 285256 0.237935 9.68967 9.4667 9.68967 9.4667 157138 0 1 0.00244296
192.521 288152 286704 0.240273 9.68917 9.46698 9.68917 9.46698 157337 0 1 0.00198763
192.759 286704 285256 0.240334 9.59179 9.46713 9.59179 9.46713 157534 0 1 0.0024388
192.997 285256 283808 0.240166 9.59179 9.46729 9.59179 9.46729 157731 0 1 0.00293644
193.232 286704 282360 0.237997 9.59129 9.46744 9.59129 9.46744 157926 0 1 0.00348475
193.468 288152 283808 0.237807 9.68967 9.46771 9.68967 9.46771 158123 0 1 0.00294123
193.703 289600 285256 0.237998 9.68967 9.46798 9.68967 9.46798 158320 0 1 0.0024427
193.941 288152 286704 0.240385 9.68917 9.46825 9.68917 9.46825 158519 0 1 0.00198771
194.179 286704 285256 0.240308 9.59179 9.4684 9.59179 9.4684 158716 0 1 0.00243879
194.417 285256 283808 0.240444 9.59179 9.46855 9.59179 9.46855 158913 0 1 0.00293661
194.653 286704 282360 0.23786 9.59129 9.4687 9.59129 9.4687 159108 0 1 0.00348532
194.888 288152 283808 0.237995 9.68967 9.46897 9.68967 9.46897 159305 0 1 0.00294044
195.124 289600 285256 0.237855 9.68967 9.46923 9.68967 9.46923 159502 0 1 0.00244329
195.362 288152 286704 0.240395 9.68917 9.4695 9.68917 9.4695 159701 0 1 0.00198772
195.599 286704 285256 0.240367 9.59179 9.46965 9.59179 9.46965 159898 0 1 0.00243883
195.837 285256 283808 0.240206 9.59179 9.4698 9.59179 9.4698 160095 0 1 0.00293646
196.073 286704 282360 0.237993 9.59129 9.46995 9.59129 9.46995 160290 0 1 0.00348476
196.308 288152 283808 0.237783 9.68967 9.47021 9.68967 9.47021 160487 0 1 0.00294133
196.544 289600 285256 0.237996 9.68967 9.47047 9.68967 9.47047 160684 0 1 0.00244271
196.782 288152 286704 0.24025 9.68917 9.47074 9.68917 9.47074 160883 0 1 0.00198762
197.02 286704 285256 0.240265 9.59179 9.47088 9.59179 9.47088 161080 0 1 0.00243876
197.258 285256 283808 0.240355 9.59179 9.47103 9.59179 9.47103 161277 0 1 0.00293654
197.493 286704 282360 0.237851 9.59129 9.47117 9.59129 9.47117 161472 0 1 0.00348535
197.729 288152 283808 0.237995 9.68967 9.47143 9.68967 9.47143 161669 0 1 0.00294044
197.964 289600 285256 0.237834 9.68967 9.47169 9.68967 9.47169 161866 0 1 0.00244338
198.202 288152 286704 0.240451 9.68917 9.47195 9.68917 9.47195 162065 0 1 0.00198776
198.44 286704 285256 0.240388 9.59179 9.4721 9.59179 9.4721 162262 0 1 0.00243884
198.678 285256 283808 0.240273 9.59179 9.47224 9.59179 9.47224 162459 0 1 0.00293649
198.913 286704 282360 0.237985 9.59129 9.47238 9.59129 9.47238 162654 0 1 0.0034848
199.149 288152 283808 0.237761 9.68967 9.47264 9.68967 9.47264 162851 0 1 0.00294143
199.384 289600 285256 0.237992 9.68967 9.47289 9.68967 9.47289 163048 0 1 0.00244272
199.622 288152 286704 0.240181 9.68917 9.47315 9.68917 9.47315 163247 0 1 0.00198759
199.86 286704 285256 0.240427 9.59179 9.47329 9.59179 9.47329 163444 0 1 0.00243887
