0.200133 14480 0 0 0 0 0 0 0 0 0 1.05993
0.401462 15928 13032 0.200125 0.575376 0.288545 0.575376 0.288545 10 0 1 0.91662
0.403866 17376 13032 0.200484 9.64048 0.344194 9.64048 0.344194 12 0 1 0.916592
0.406269 18824 14480 0.201174 14.4607 0.427697 14.4607 0.427697 15 0 1 0.907327
0.408672 20272 15928 0.202027 14.4607 0.510219 14.4607 0.510219 18 0 1 0.898097
0.411075 21720 17376 0.203149 14.4607 0.591775 14.4607 0.591775 21 0 1 0.888896
0.60275 23168 18824 0.228005 0.181307 0.461246 0.181307 0.461246 24 0 1 0.878611
0.605153 24616 20272 0.225004 14.4607 0.516841 14.4607 0.516841 27 0 1 0.869668
0.607556 26064 21720 0.222379 14.4607 0.571997 14.4607 0.571997 30 0 1 0.860776
0.811246 27512 23168 0.226621 0.9668 0.671125 0.9668 0.671125 47 0 1 0.851713
1.01133 30408 24616 0.211946 0.984218 0.733069 0.984218 0.733069 64 0 1 0.843506
1.21262 31856 27512 0.223792 1.15099 0.802441 1.15099 0.802441 84 0 1 0.825283
1.41391 33304 28960 0.22712 1.20854 0.860255 1.20854 0.860255 105 0 1 0.816441
1.61399 36200 30408 0.209423 1.2158 0.904331 1.2158 0.904331 126 0 1 0.808582
1.81528 37648 33304 0.224859 1.38119 0.957208 1.38119 0.957208 150 0 1 0.79055
2.01657 39096 34752 0.228446 1.43874 1.00527 1.43874 1.00527 175 0 1 0.781896
2.21665 43440 36200 0.208478 1.44738 1.04518 1.44738 1.04518 200 0 1 0.77443
2.41794 44888 40544 0.226688 1.66894 1.09711 1.66894 1.09711 229 0 1 0.748172
2.45158 50680 41992 0.209146 9.98478 1.21908 9.98478 1.21908 258 0 1 0.740971
2.65407 57920 47784 0.205521 1.94507 1.27447 1.94507 1.27447 292 0 1 0.708581
2.85536 65160 55024 0.207117 2.24443 1.34284 2.24443 1.34284 331 0 1 0.668477
3.05545 73848 62264 0.203357 2.48949 1.41793 2.48949 1.41793 374 0 1 0.630164
3.25673 82536 70952 0.207426 2.87748 1.50814 2.87748 1.50814 424 0 1 0.584822
3.45802 92672 79640 0.207956 3.22278 1.60795 3.22278 1.60795 480 0 1 0.541708
3.65931 104256 89776 0.207794 3.62562 1.71893 3.62562 1.71893 543 0 1 0.493574
3.85939 118736 101360 0.203821 4.05266 1.83992 4.05266 1.83992 613 0 1 0.442059
4.05948 136112 115840 0.20447 4.63162 1.97752 4.63162 1.97752 693 0 1 0.381449
4.25957 154936 133216 0.205081 5.32636 2.13483 5.32636 2.13483 785 0 1 0.314233
4.45965 176656 152040 0.206303 6.079 2.31179 6.079 2.31179 890 0 1 0.249623
4.66094 196928 173760 0.211006 6.9635 2.51268 6.9635 2.51268 1011 0 1 0.182479
4.86102 222992 194032 0.208007 7.75796 2.72858 7.75796 2.72858 1145 0 1 0.133341
5.06111 251952 220096 0.208257 8.80007 2.96861 8.80007 2.96861 1297 0 1 0.0812668
5.2612 280912 249056 0.210962 9.95797 3.23442 9.95797 3.23442 1469 0 1 0.0389985
5.46787 305528 278016 0.217011 10.7615 3.51892 10.7615 3.51892 1661 0 1 0.0126312
5.69858 314216 302632 0.233008 10.4941 3.80131 10.4941 3.80131 1870 0 1 0.000964545
5.95091 299736 311320 0.254742 9.91592 4.06059 9.91592 4.06059 2086 0 1 0.00397079
6.21046 279464 296840 0.261987 9.19416 4.27513 9.19416 4.27513 2292 0 1 0.00516051
6.45799 270776 276568 0.249761 8.9853 4.45567 8.9853 4.45567 2484 0 1 0.00703461
6.6887 278016 267880 0.233148 9.33921 4.62411 9.33921 4.62411 2670 0 1 0.0120926
6.91219 292496 275120 0.225831 9.89963 4.79469 9.89963 4.79469 2861 0 1 0.00940836
7.1405 302632 289600 0.230846 10.1479 4.96585 10.1479 4.96585 3061 0 1 0.00242712
7.38082 299736 299736 0.242647 9.9779 5.12904 9.9779 5.12904 3268 0 1 0.000100969
7.63075 288152 296840 0.252265 9.54778 5.27377 9.54778 5.27377 3474 0 1 0.00175238
7.87828 278016 285256 0.249994 9.26609 5.3992 9.26609 5.3992 3672 0 1 0.00365682
8.1162 279464 275120 0.240264 9.29965 5.51354 9.29965 5.51354 3863 0 1 0.0069013
8.3445 289600 276568 0.230848 9.69122 5.62784 9.69122 5.62784 4054 0 1 0.00732596
8.57521 296840 286704 0.233002 9.99196 5.74525 9.99196 5.74525 4253 0 1 0.00259565
8.81313 298288 293944 0.240452 9.88393 5.85698 9.88393 5.85698 4456 0 1 0.000431002
9.05825 291048 295392 0.247603 9.68774 5.96065 9.68774 5.96065 4661 0 1 0.000876156
9.30338 283808 288152 0.247455 9.40419 6.05138 9.40419 6.05138 4860 0 1 0.00219772
9.5437 280912 280912 0.242801 9.39947 6.13568 9.39947 6.13568 5055 0 1 0.00414938
9.77681 285256 278016 0.235474 9.54109 6.21688 9.54109 6.21688 5247 0 1 0.00560012
10.0075 292496 282360 0.233114 9.79111 6.29928 9.79111 6.29928 5442 0 1 0.00408727
10.243 293944 289600 0.237934 9.88641 6.38176 9.88641 6.38176 5643 0 1 0.00122934
10.4833 291048 291048 0.242702 9.68868 6.45756 9.68868 6.45756 5844 0 1 0.000990912
10.7261 285256 288152 0.245248 9.54503 6.52743 9.54503 6.52743 6044 0 1 0.00196001
10.9664 282360 282360 0.242635 9.44767 6.59143 9.44767 6.59143 6240 0 1 0.00355757
11.2019 283808 279464 0.237998 9.54211 6.65346 9.54211 6.65346 6434 0 1 0.00471316
11.435 288152 280912 0.235538 9.69017 6.71537 9.69017 6.71537 6629 0 1 0.00427793
11.6681 292496 285256 0.235529 9.78956 6.77678 9.78956 6.77678 6826 0 1 0.00264505
11.906 293944 289600 0.24042 9.78655 6.83693 9.78655 6.83693 7027 0 1 0.00122525
12.1464 291048 291048 0.242664 9.68868 6.89335 9.68868 6.89335 7228 0 1 0.000990711
12.3891 285256 288152 0.245252 9.54503 6.9453 9.54503 6.9453 7428 0 1 0.00196006
12.6294 282360 282360 0.24274 9.44767 6.99292 9.44767 6.99292 7624 0 1 0.00355813
12.8649 283808 279464 0.237874 9.54211 7.03959 9.54211 7.03959 7818 0 1 0.00471368
13.098 288152 280912 0.235537 9.69017 7.08676 9.69017 7.08676 8013 0 1 0.00427794
13.3311 292496 285256 0.23553 9.78956 7.13402 9.78956 7.13402 8210 0 1 0.00264505
13.5691 293944 289600 0.240436 9.78655 7.18053 9.78655 7.18053 8411 0 1 0.00122526
13.8094 291048 291048 0.242645 9.68868 7.22418 9.68868 7.22418 8612 0 1 0.00099061
14.0521 285256 288152 0.245254 9.54503 7.26427 9.54503 7.26427 8812 0 1 0.00196008
14.2924 282360 282360 0.242793 9.44767 7.30098 9.44767 7.30098 9008 0 1 0.00355843
14.5279 283808 279464 0.23781 9.54211 7.33731 9.54211 7.33731 9202 0 1 0.00471395
14.761 288152 280912 0.235569 9.69017 7.37447 9.69017 7.37447 9397 0 1 0.00427765
14.9942 292496 285256 0.235492 9.78956 7.41201 9.78956 7.41201 9594 0 1 0.00264538
15.2321 293944 289600 0.240444 9.78655 7.4491 9.78655 7.4491 9795 0 1 0.00122527
15.4724 291048 291048 0.242635 9.68868 7.48389 9.68868 7.48389 9996 0 1 0.000990558
15.7151 285256 288152 0.245255 9.54503 7.51572 9.54503 7.51572 10196 0 1 0.00196009
15.9554 282360 282360 0.242821 9.44767 7.54482 9.44767 7.54482 10392 0 1 0.00355858
16.1909 283808 279464 0.237778 9.54211 7.57387 9.54211 7.57387 10586 0 1 0.00471409
16.4241 288152 280912 0.235586 9.69017 7.60391 9.69017 7.60391 10781 0 1 0.0042775
16.6572 292496 285256 0.235473 9.78956 7.6345 9.78956 7.6345 10978 0 1 0.00264556
16.8951 293944 289600 0.240449 9.78655 7.6648 9.78655 7.6648 11179 0 1 0.00122528
17.1354 291048 291048 0.24274 9.68868 7.69319 9.68868 7.69319 11380 0 1 0.000991118
17.3781 285256 288152 0.245131 9.54503 7.71905 9.54503 7.71905 11580 0 1 0.0019588
17.6185 282360 282360 0.24282 9.44767 7.74263 9.44767 7.74263 11776 0 1 0.00355858
17.854 283808 279464 0.237778 9.54211 7.76637 9.54211 7.76637 11970 0 1 0.00471409
18.0871 288152 280912 0.235595 9.69017 7.79116 9.69017 7.79116 12165 0 1 0.00427743
18.3202 292496 285256 0.235463 9.78956 7.81659 9.78956 7.81659 12362 0 1 0.00264565
18.5581 293944 289600 0.240451 9.78655 7.84185 9.78655 7.84185 12563 0 1 0.00122528
18.7984 291048 291048 0.242793 9.68868 7.86546 9.68868 7.86546 12764 0 1 0.000991414
19.0411 285256 288152 0.245067 9.54503 7.88687 9.54503 7.88687 12964 0 1 0.00195815
19.2815 282360 282360 0.242834 9.44767 7.90632 9.44767 7.90632 13160 0 1 0.00355866
19.517 283808 279464 0.237761 9.54211 7.92606 9.54211 7.92606 13354 0 1 0.00471417
19.7501 288152 280912 0.235599 9.69017 7.94688 9.69017 7.94688 13549 0 1 0.00427739
19.9832 292496 285256 0.235458 9.78956 7.96838 9.78956 7.96838 13746 0 1 0.00264569
20.2211 293944 289600 0.240452 9.78655 7.98977 9.78655 7.98977 13947 0 1 0.00122528
20.4614 291048 291048 0.242821 9.68868 8.00972 9.68868 8.00972 14148 0 1 0.000991569
20.7042 285256 288152 0.245034 9.54503 8.02772 9.54503 8.02772 14348 0 1 0.00195781
20.9445 282360 282360 0.242842 9.44767 8.04401 9.44767 8.04401 14544 0 1 0.0035587
21.18 283808 279464 0.237752 9.54211 8.06067 9.54211 8.06067 14738 0 1 0.00471421
21.4131 288152 280912 0.235601 9.69017 8.07841 9.69017 8.07841 14933 0 1 0.00427737
21.6462 292496 285256 0.23554 9.78956 8.09684 9.78956 8.09684 15130 0 1 0.00264496
21.8841 293944 289600 0.240357 9.78655 8.11521 9.78655 8.11521 15331 0 1 0.0012252
22.1245 291048 291048 0.24282 9.68868 8.1323 9.68868 8.1323 15532 0 1 0.000991565
22.3672 285256 288152 0.245034 9.54503 8.14763 9.54503 8.14763 15732 0 1 0.00195782
22.6075 282360 282360 0.242846 9.44767 8.16145 9.44767 8.16145 15928 0 1 0.00355872
22.843 283808 279464 0.237873 9.54211 8.17569 9.54211 8.17569 16122 0 1 0.00471368
23.0761 288152 280912 0.235602 9.69017 8.19098 9.69017 8.19098 16317 0 1 0.00427736
23.3092 292496 285256 0.235581 9.78956 8.20697 9.78956 8.20697 16514 0 1 0.00264459
23.5471 293944 289600 0.240308 9.78655 8.22293 9.78655 8.22293 16715 0 1 0.00122517
23.7875 291048 291048 0.242834 9.68868 8.23774 9.68868 8.23774 16916 0 1 0.000991646
24.0302 285256 288152 0.245018 9.54503 8.25094 9.54503 8.25094 17116 0 1 0.00195765
24.2705 282360 282360 0.242848 9.44767 8.26279 9.44767 8.26279 17312 0 1 0.00355874
24.506 283808 279464 0.237935 9.54211 8.27509 9.54211 8.27509 17506 0 1 0.00471342
24.7391 288152 280912 0.23553 9.69017 8.28842 9.69017 8.28842 17701 0 1 0.00427801
24.9722 292496 285256 0.235603 9.78956 8.30244 9.78956 8.30244 17898 0 1 0.0026444
25.2102 293944 289600 0.240283 9.78655 8.31644 9.78655 8.31644 18099 0 1 0.00122515
25.4505 291048 291048 0.242842 9.68868 8.3294 9.68868 8.3294 18300 0 1 0.000991689
25.6932 285256 288152 0.245009 9.54503 8.34088 9.54503 8.34088 18500 0 1 0.00195756
25.9335 282360 282360 0.242849 9.44767 8.35114 9.44767 8.35114 18696 0 1 0.00355874
26.169 283808 279464 0.237967 9.54211 8.36186 9.54211 8.36186 18890 0 1 0.00471329
26.4021 288152 280912 0.235492 9.69017 8.37359 9.69017 8.37359 19085 0 1 0.00427834
26.6353 292496 285256 0.235602 9.78956 8.38598 9.78956 8.38598 19282 0 1 0.00264441
26.8732 293944 289600 0.240283 9.78655 8.39838 9.78655 8.39838 19483 0 1 0.00122515
27.1135 291048 291048 0.242846 9.68868 8.40981 9.68868 8.40981 19684 0 1 0.00099171
27.3562 285256 288152 0.245088 9.54503 8.41989 9.54503 8.41989 19884 0 1 0.00195836
27.5965 282360 282360 0.242753 9.44767 8.42884 9.44767 8.42884 20080 0 1 0.00355821
27.8321 283808 279464 0.237983 9.54211 8.43826 9.54211 8.43826 20274 0 1 0.00471322
28.0652 288152 280912 0.235473 9.69017 8.44866 9.69017 8.44866 20469 0 1 0.00427851
28.2983 292496 285256 0.235613 9.78956 8.4597 9.78956 8.4597 20666 0 1 0.00264431
28.5362 293944 289600 0.24027 9.78655 8.47076 9.78655 8.47076 20867 0 1 0.00122515
28.7765 291048 291048 0.242848 9.68868 8.48094 9.68868 8.48094 21068 0 1 0.000991721
29.0192 285256 288152 0.245129 9.54503 8.48984 9.54503 8.48984 21268 0 1 0.00195878
29.2596 282360 282360 0.242705 9.44767 8.4977 9.44767 8.4977 21464 0 1 0.00355794
29.4951 283808 279464 0.237991 9.54211 8.50604 9.54211 8.50604 21658 0 1 0.00471319
29.7282 288152 280912 0.235463 9.69017 8.51533 9.69017 8.51533 21853 0 1 0.0042786
29.9613 292496 285256 0.235619 9.78956 8.52524 9.78956 8.52524 22050 0 1 0.00264426
30.1992 293944 289600 0.240264 9.78655 8.53518 9.78655 8.53518 22251 0 1 0.00122514
30.4395 291048 291048 0.242849 9.68868 8.54429 9.68868 8.54429 22452 0 1 0.000991727
30.6822 285256 288152 0.24515 9.54503 8.5522 9.54503 8.5522 22652 0 1 0.00195899
30.9226 282360 282360 0.242679 9.44767 8.55916 9.44767 8.55916 22848 0 1 0.00355781
31.1581 283808 279464 0.237991 9.54211 8.56659 9.54211 8.56659 23042 0 1 0.00471319
31.3912 288152 280912 0.235463 9.69017 8.57494 9.69017 8.57494 23237 0 1 0.0042786
31.6243 292496 285256 0.235622 9.78956 8.58389 9.78956 8.58389 23434 0 1 0.00264423
31.8622 293944 289600 0.240344 9.78655 8.59287 9.78655 8.59287 23635 0 1 0.00122519
32.1025 291048 291048 0.242753 9.68868 8.60107 9.68868 8.60107 23836 0 1 0.000991193
32.3453 285256 288152 0.245161 9.54503 8.60816 9.54503 8.60816 24036 0 1 0.0019591
32.5856 282360 282360 0.242667 9.44767 8.61435 9.44767 8.61435 24232 0 1 0.00355774
32.8211 283808 279464 0.237995 9.54211 8.621 9.54211 8.621 24426 0 1 0.00471317
33.0542 288152 280912 0.235458 9.69017 8.62854 9.69017 8.62854 24621 0 1 0.00427865
33.2873 292496 285256 0.235623 9.78956 8.63667 9.78956 8.63667 24818 0 1 0.00264422
33.5252 293944 289600 0.240385 9.78655 8.64484 9.78655 8.64484 25019 0 1 0.00122522
33.7656 291048 291048 0.242705 9.68868 8.65226 9.68868 8.65226 25220 0 1 0.000990927
34.0083 285256 288152 0.245166 9.54503 8.65864 9.54503 8.65864 25420 0 1 0.00195916
34.2486 282360 282360 0.24266 9.44767 8.66417 9.44767 8.66417 25616 0 1 0.0035577
34.4841 283808 279464 0.237998 9.54211 8.67017 9.54211 8.67017 25810 0 1 0.00471316
34.7172 288152 280912 0.23554 9.69017 8.67702 9.69017 8.67702 26005 0 1 0.00427792
34.9503 292496 285256 0.235529 9.78956 8.68444 9.78956 8.68444 26202 0 1 0.00264506
35.1882 293944 289600 0.240406 9.78655 8.69189 9.78655 8.69189 26403 0 1 0.00122524
35.4286 291048 291048 0.242679 9.68868 8.69865 9.68868 8.69865 26604 0 1 0.000990792
35.6713 285256 288152 0.245166 9.54503 8.70441 9.54503 8.70441 26804 0 1 0.00195916
35.9116 282360 282360 0.24266 9.44767 8.70938 9.44767 8.70938 27000 0 1 0.0035577
36.1471 283808 279464 0.237999 9.54211 8.71481 9.54211 8.71481 27194 0 1 0.00471316
36.3802 288152 280912 0.235581 9.69017 8.72106 9.69017 8.72106 27389 0 1 0.00427755
36.6133 292496 285256 0.23548 9.78956 8.72786 9.78956 8.72786 27586 0 1 0.0026455
36.8513 293944 289600 0.240417 9.78655 8.7347 9.78655 8.7347 27787 0 1 0.00122525
37.0916 291048 291048 0.242667 9.68868 8.74088 9.68868 8.74088 27988 0 1 0.000990723
37.3343 285256 288152 0.245169 9.54503 8.74611 9.54503 8.74611 28188 0 1 0.00195919
37.5746 282360 282360 0.24273 9.44767 8.75059 9.44767 8.75059 28384 0 1 0.00355808
37.8101 283808 279464 0.237916 9.54211 8.75552 9.54211 8.75552 28578 0 1 0.0047135
38.0432 288152 280912 0.235603 9.69017 8.76125 9.69017 8.76125 28773 0 1 0.00427736
38.2764 292496 285256 0.235455 9.78956 8.76751 9.78956 8.76751 28970 0 1 0.00264572
38.5143 293944 289600 0.240423 9.78655 8.77381 9.78655 8.77381 29171 0 1 0.00122525
38.7546 291048 291048 0.24266 9.68868 8.77948 9.68868 8.77948 29372 0 1 0.000990688
38.9973 285256 288152 0.24517 9.54503 8.78425 9.54503 8.78425 29572 0 1 0.0019592
39.2376 282360 282360 0.242766 9.44767 8.78831 9.44767 8.78831 29768 0 1 0.00355828
39.4732 283808 279464 0.237873 9.54211 8.79281 9.54211 8.79281 29962 0 1 0.00471368
39.7063 288152 280912 0.235613 9.69017 8.79808 9.69017 8.79808 30157 0 1 0.00427726
39.9394 292496 285256 0.235442 9.78956 8.80386 9.78956 8.80386 30354 0 1 0.00264584
40.1773 293944 289600 0.240423 9.78655 8.80968 9.78655 8.80968 30555 0 1 0.00122525
40.4176 291048 291048 0.24266 9.68868 8.81491 9.68868 8.81491 30756 0 1 0.000990688
40.6603 285256 288152 0.245171 9.54503 8.81927 9.54503 8.81927 30956 0 1 0.00195921
40.9007 282360 282360 0.242784 9.44767 8.82296 9.44767 8.82296 31152 0 1 0.00355838
41.1362 283808 279464 0.237851 9.54211 8.82708 9.54211 8.82708 31346 0 1 0.00471377
41.3693 288152 280912 0.235619 9.69017 8.83194 9.69017 8.83194 31541 0 1 0.00427722
41.6024 292496 285256 0.235435 9.78956 8.83731 9.78956 8.83731 31738 0 1 0.0026459
41.8403 293944 289600 0.240425 9.78655 8.8427 9.78655 8.8427 31939 0 1 0.00122526
42.0806 291048 291048 0.24273 9.68868 8.84753 9.68868 8.84753 32140 0 1 0.000991065
42.3233 285256 288152 0.245088 9.54503 8.85153 9.54503 8.85153 32340 0 1 0.00195836
42.5637 282360 282360 0.242794 9.44767 8.8549 9.44767 8.8549 32536 0 1 0.00355843
42.7992 283808 279464 0.23784 9.54211 8.85868 9.54211 8.85868 32730 0 1 0.00471382
43.0323 288152 280912 0.235622 9.69017 8.86319 9.69017 8.86319 32925 0 1 0.00427719
43.2654 292496 285256 0.235432 9.78956 8.86818 9.78956 8.86818 33122 0 1 0.00264593
43.5033 293944 289600 0.240427 9.78655 8.8732 9.78655 8.8732 33323 0 1 0.00122526
43.7436 291048 291048 0.242766 9.68868 8.87768 9.68868 8.87768 33524 0 1 0.000991262
43.9864 285256 288152 0.245045 9.54503 8.88136 9.54503 8.88136 33724 0 1 0.00195792
44.2267 282360 282360 0.242798 9.44767 8.88444 9.44767 8.88444 33920 0 1 0.00355846
44.4622 283808 279464 0.237834 9.54211 8.88792 9.54211 8.88792 34114 0 1 0.00471385
44.6953 288152 280912 0.235622 9.69017 8.89211 9.69017 8.89211 34309 0 1 0.00427719
44.9284 292496 285256 0.235541 9.78956 8.89676 9.78956 8.89676 34506 0 1 0.00264494
45.1663 293944 289600 0.240303 9.78655 8.90145 9.78655 8.90145 34707 0 1 0.00122517
45.4067 291048 291048 0.242784 9.68868 8.90562 9.68868 8.90562 34908 0 1 0.000991364
45.6494 285256 288152 0.245023 9.54503 8.90902 9.54503 8.90902 35108 0 1 0.0019577
45.8897 282360 282360 0.242801 9.44767 8.91184 9.44767 8.91184 35304 0 1 0.00355847
46.1252 283808 279464 0.237831 9.54211 8.91506 9.54211 8.91506 35498 0 1 0.00471386
46.3583 288152 280912 0.235623 9.69017 8.91895 9.69017 8.91895 35693 0 1 0.00427718
46.5914 292496 285256 0.235596 9.78956 8.92331 9.78956 8.92331 35890 0 1 0.00264446
46.8293 293944 289600 0.240239 9.78655 8.9277 9.78655 8.9277 36091 0 1 0.00122513
47.0697 291048 291048 0.242794 9.68868 8.93158 9.68868 8.93158 36292 0 1 0.000991417
47.3124 285256 288152 0.245012 9.54503 8.93473 9.54503 8.93473 36492 0 1 0.00195759
47.5527 282360 282360 0.242802 9.44767 8.93732 9.44767 8.93732 36688 0 1 0.00355848
47.7882 283808 279464 0.237913 9.54211 8.9403 9.54211 8.9403 36882 0 1 0.00471351
48.0213 288152 280912 0.235529 9.69017 8.94394 9.69017 8.94394 37077 0 1 0.00427802
48.2544 292496 285256 0.235624 9.78956 8.94803 9.78956 8.94803 37274 0 1 0.00264422
48.4924 293944 289600 0.240206 9.78655 8.95214 9.78655 8.95214 37475 0 1 0.00122512
48.7327 291048 291048 0.242798 9.68868 8.95577 9.68868 8.95577 37676 0 1 0.000991444
48.9754 285256 288152 0.245115 9.54503 8.95869 9.54503 8.95869 37876 0 1 0.00195864
49.2157 282360 282360 0.242677 9.44767 8.96108 9.44767 8.96108 38072 0 1 0.00355779
49.4512 283808 279464 0.237956 9.54211 8.96385 9.54211 8.96385 38266 0 1 0.00471333
49.6843 288152 280912 0.23548 9.69017 8.96726 9.69017 8.96726 38461 0 1 0.00427846
49.9175 292496 285256 0.235638 9.78956 8.9711 9.78956 8.9711 38658 0 1 0.00264409
50.1554 293944 289600 0.24019 9.78655 8.97496 9.78655 8.97496 38859 0 1 0.00122511
50.3957 291048 291048 0.242801 9.68868 8.97837 9.68868 8.97837 39060 0 1 0.000991457
50.6384 285256 288152 0.245112 9.54503 8.98108 9.54503 8.98108 39260 0 1 0.00195861
50.8787 282360 282360 0.242678 9.44767 8.98329 9.44767 8.98329 39456 0 1 0.0035578
51.1143 283808 279464 0.237978 9.54211 8.98586 9.54211 8.98586 39650 0 1 0.00471325
51.3474 288152 280912 0.235455 9.69017 8.98906 9.69017 8.98906 39845 0 1 0.00427868
51.5805 292496 285256 0.235645 9.78956 8.99268 9.78956 8.99268 40042 0 1 0.00264403
51.8184 293944 289600 0.240181 9.78655 8.99632 9.78655 8.99632 40243 0 1 0.00122511
52.0587 291048 291048 0.242802 9.68868 8.99952 9.68868 8.99952 40444 0 1 0.000991465
52.3014 285256 288152 0.245167 9.54503 9.00205 9.54503 9.00205 40644 0 1 0.00195917
52.5418 282360 282360 0.242614 9.44767 9.00409 9.44767 9.00409 40840 0 1 0.00355746
52.7773 283808 279464 0.237989 9.54211 9.00649 9.54211 9.00649 41034 0 1 0.0047132
53.0104 288152 280912 0.235442 9.69017 9.0095 9.69017 9.0095 41229 0 1 0.0042788
53.2435 292496 285256 0.235649 9.78956 9.01291 9.78956 9.01291 41426 0 1 0.002644
53.4814 293944 289600 0.240286 9.78655 9.01635 9.78655 9.01635 41627 0 1 0.00122516
53.7217 291048 291048 0.242677 9.68868 9.01936 9.68868 9.01936 41828 0 1 0.00099078
53.9644 285256 288152 0.245196 9.54503 9.02172 9.54503 9.02172 42028 0 1 0.00195947
54.2048 283808 282360 0.242581 9.44767 9.02361 9.44767 9.02361 42224 0 1 0.0034874
54.4403 285256 280912 0.237994 9.59129 9.02607 9.59129 9.02607 42419 0 1 0.00407567
54.6734 289600 282360 0.235435 9.69017 9.0289 9.69017 9.0289 42614 0 1 0.00368795
54.9089 291048 286704 0.237998 9.78804 9.03216 9.78804 9.03216 42813 0 1 0.00199157
55.1468 292496 288152 0.240248 9.68917 9.03499 9.68917 9.03499 43012 0 1 0.00158308
55.3871 289600 289600 0.242718 9.68868 9.03783 9.68868 9.03783 43213 0 1 0.00130235
55.6275 286704 286704 0.242835 9.54407 9.04001 9.54407 9.04001 43411 0 1 0.00206549
55.8654 288152 283808 0.24019 9.5431 9.04216 9.5431 9.04216 43607 0 1 0.00293645
56.1009 289600 285256 0.237997 9.68967 9.04487 9.68967 9.04487 43804 0 1 0.00244271
56.3388 291048 286704 0.24025 9.68917 9.0476 9.68917 9.0476 44003 0 1 0.00198762
56.5767 292496 288152 0.240265 9.68917 9.05029 9.68917 9.05029 44202 0 1 0.00158309
56.817 289600 289600 0.242794 9.68868 9.05299 9.68868 9.05299 44403 0 1 0.00130277
57.0574 286704 286704 0.242664 9.54407 9.05506 9.54407 9.05506 44601 0 1 0.00206455
57.2953 288152 283808 0.240423 9.5431 9.05709 9.5431 9.05709 44797 0 1 0.0029366
57.5308 289600 285256 0.23781 9.68967 9.05968 9.68967 9.05968 44994 0 1 0.00244349
57.7687 291048 286704 0.240374 9.68917 9.06227 9.68917 9.06227 45193 0 1 0.0019877
58.0066 292496 288152 0.240337 9.68917 9.06484 9.68917 9.06484 45392 0 1 0.00158313
58.2469 289600 289600 0.242616 9.68868 9.06742 9.68868 9.06742 45593 0 1 0.00130181
58.4873 286704 286704 0.242764 9.54407 9.06937 9.54407 9.06937 45791 0 1 0.00206509
58.7252 288152 283808 0.24027 9.5431 9.07129 9.5431 9.07129 45987 0 1 0.00293649
58.9607 289600 285256 0.237997 9.68967 9.07376 9.68967 9.07376 46184 0 1 0.0024427
59.1986 291048 286704 0.240301 9.68917 9.07624 9.68917 9.07624 46383 0 1 0.00198765
59.4365 292496 288152 0.240312 9.68917 9.07869 9.68917 9.07869 46582 0 1 0.00158312
59.6769 289600 289600 0.242717 9.68868 9.08115 9.68868 9.08115 46783 0 1 0.00130235
59.9172 286704 286704 0.242634 9.54407 9.083 9.54407 9.083 46981 0 1 0.00206439
60.1551 288152 283808 0.240449 9.5431 9.08482 9.5431 9.08482 47177 0 1 0.00293662
60.3906 289600 285256 0.237855 9.68967 9.08718 9.68967 9.08718 47374 0 1 0.00244329
60.6285 291048 286704 0.240395 9.68917 9.08954 9.68917 9.08954 47573 0 1 0.00198772
60.8664 292496 288152 0.240367 9.68917 9.09189 9.68917 9.09189 47772 0 1 0.00158316
61.1068 289600 289600 0.242581 9.68868 9.09424 9.68868 9.09424 47973 0 1 0.00130163
61.3471 286704 286704 0.242819 9.54407 9.096 9.54407 9.096 48171 0 1 0.0020654
61.585 288152 283808 0.240207 9.5431 9.09772 9.5431 9.09772 48367 0 1 0.00293646
61.8205 289600 285256 0.237998 9.68967 9.09998 9.68967 9.09998 48564 0 1 0.0024427
62.0584 291048 286704 0.24034 9.68917 9.10224 9.68917 9.10224 48763 0 1 0.00198767
62.2963 292496 288152 0.240239 9.68917 9.10448 9.68917 9.10448 48962 0 1 0.00158308
62.5367 289600 289600 0.242794 9.68868 9.10673 9.68868 9.10673 49163 0 1 0.00130277
62.777 286704 286704 0.242583 9.54407 9.1084 9.54407 9.1084 49361 0 1 0.00206412
63.0149 288152 283808 0.240343 9.5431 9.11004 9.5431 9.11004 49557 0 1 0.00293654
63.2504 289600 285256 0.237889 9.68967 9.1122 9.68967 9.1122 49754 0 1 0.00244315
63.4883 291048 286704 0.240303 9.68917 9.11436 9.68917 9.11436 49953 0 1 0.00198765
63.7262 292496 288152 0.240406 9.68917 9.11651 9.68917 9.11651 50152 0 1 0.00158319
63.9666 289600 289600 0.242679 9.68868 9.11866 9.68868 9.11866 50353 0 1 0.00130214
64.2069 286704 286704 0.242737 9.54407 9.12025 9.54407 9.12025 50551 0 1 0.00206494
64.4448 288152 283808 0.240158 9.5431 9.12181 9.5431 9.12181 50747 0 1 0.00293644
64.6803 289600 285256 0.237998 9.68967 9.12388 9.68967 9.12388 50944 0 1 0.0024427
64.9182 291048 286704 0.240385 9.68917 9.12595 9.68917 9.12595 51143 0 1 0.00198771
65.1561 292496 288152 0.240308 9.68917 9.12801 9.68917 9.12801 51342 0 1 0.00158311
65.3965 289600 289600 0.242842 9.68868 9.13007 9.68868 9.13007 51543 0 1 0.00130304
65.6368 286704 286704 0.242556 9.54407 9.13158 9.54407 9.13158 51741 0 1 0.00206398
65.8747 288152 283808 0.240372 9.5431 9.13307 9.5431 9.13307 51937 0 1 0.00293656
66.1102 289600 285256 0.237915 9.68967 9.13505 9.68967 9.13505 52134 0 1 0.00244304
66.3481 291048 286704 0.240357 9.68917 9.13704 9.68917 9.13704 52333 0 1 0.00198769
66.5861 292496 288152 0.240436 9.68917 9.13901 9.68917 9.13901 52532 0 1 0.00158321
66.8264 289600 289600 0.242645 9.68868 9.14099 9.68868 9.14099 52733 0 1 0.00130196
67.0667 286704 286704 0.242801 9.54407 9.14243 9.54407 9.14243 52931 0 1 0.00206529
67.3046 288152 283808 0.240228 9.5431 9.14385 9.5431 9.14385 53127 0 1 0.00293647
67.5401 289600 285256 0.237999 9.68967 9.14575 9.68967 9.14575 53324 0 1 0.0024427
67.778 291048 286704 0.24042 9.68917 9.14766 9.68917 9.14766 53523 0 1 0.00198774
68.016 292496 288152 0.240236 9.68917 9.14955 9.68917 9.14955 53722 0 1 0.00158308
68.2563 289600 289600 0.24277 9.68868 9.15145 9.68868 9.15145 53923 0 1 0.00130264
68.4966 286704 286704 0.24266 9.54407 9.15283 9.54407 9.15283 54121 0 1 0.00206452
68.7345 288152 283808 0.240394 9.5431 9.15418 9.5431 9.15418 54317 0 1 0.00293657
68.97 289600 285256 0.237935 9.68967 9.15601 9.68967 9.15601 54514 0 1 0.00244296
69.2079 291048 286704 0.240273 9.68917 9.15784 9.68917 9.15784 54713 0 1 0.00198763
69.4459 292496 288152 0.240334 9.68917 9.15966 9.68917 9.15966 54912 0 1 0.00158313
69.6862 289600 289600 0.242619 9.68868 9.16149 9.68868 9.16149 55113 0 1 0.00130182
69.9265 286704 286704 0.242848 9.54407 9.1628 9.54407 9.1628 55311 0 1 0.00206556
70.1644 288152 283808 0.240284 9.5431 9.16409 9.5431 9.16409 55507 0 1 0.0029365
70.3999 289600 285256 0.237874 9.68967 9.16585 9.68967 9.16585 55704 0 1 0.00244321
70.6378 291048 286704 0.240321 9.68917 9.16761 9.68917 9.16761 55903 0 1 0.00198766
70.8758 292496 288152 0.240181 9.68917 9.16936 9.68917 9.16936 56102 0 1 0.00158305
71.1161 289600 289600 0.242824 9.68868 9.17112 9.68868 9.17112 56303 0 1 0.00130294
71.3564 286704 286704 0.24274 9.54407 9.17237 9.54407 9.17237 56501 0 1 0.00206496
71.5943 288152 283808 0.240303 9.5431 9.17361 9.5431 9.17361 56697 0 1 0.00293651
71.8298 289600 285256 0.237949 9.68967 9.1753 9.68967 9.1753 56894 0 1 0.0024429
72.0678 291048 286704 0.240209 9.68917 9.17699 9.68917 9.17699 57093 0 1 0.0019876
72.3057 292496 288152 0.240365 9.68917 9.17868 9.68917 9.17868 57292 0 1 0.00158315
72.546 289600 289600 0.242583 9.68868 9.18037 9.68868 9.18037 57493 0 1 0.00130164
72.7863 286704 286704 0.242774 9.54407 9.18157 9.54407 9.18157 57691 0 1 0.00206514
73.0242 288152 283808 0.240385 9.5431 9.18275 9.5431 9.18275 57887 0 1 0.00293657
73.2597 289600 285256 0.237855 9.68967 9.18438 9.68967 9.18438 58084 0 1 0.00244329
73.4977 291048 286704 0.240355 9.68917 9.18601 9.68917 9.18601 58283 0 1 0.00198769
73.7356 292496 288152 0.240248 9.68917 9.18763 9.68917 9.18763 58482 0 1 0.00158308
73.9759 289600 289600 0.24274 9.68868 9.18926 9.68868 9.18926 58683 0 1 0.00130247
74.2162 286704 286704 0.242691 9.54407 9.19041 9.54407 9.19041 58881 0 1 0.00206469
74.4541 288152 283808 0.240357 9.5431 9.19154 9.5431 9.19154 59077 0 1 0.00293654
74.6896 289600 285256 0.237961 9.68967 9.19311 9.68967 9.19311 59274 0 1 0.00244285
74.9276 291048 286704 0.240269 9.68917 9.19468 9.68917 9.19468 59473 0 1 0.00198763
75.1655 292496 288152 0.240389 9.68917 9.19625 9.68917 9.19625 59672 0 1 0.00158317
75.4058 289600 289600 0.242556 9.68868 9.19782 9.68868 9.19782 59873 0 1 0.0013015
75.6461 286704 286704 0.242827 9.54407 9.19892 9.54407 9.19892 60071 0 1 0.00206544
75.884 288152 283808 0.24042 9.5431 9.2 9.5431 9.2 60267 0 1 0.00293659
76.1195 289600 285256 0.237889 9.68967 9.20151 9.68967 9.20151 60464 0 1 0.00244315
76.3575 291048 286704 0.240381 9.68917 9.20303 9.68917 9.20303 60663 0 1 0.0019877
76.5954 292496 288152 0.24019 9.68917 9.20454 9.68917 9.20454 60862 0 1 0.00158306
76.8357 289600 289600 0.242801 9.68868 9.20606 9.68868 9.20606 61063 0 1 0.00130281
77.076 286704 286704 0.242764 9.54407 9.20711 9.54407 9.20711 61261 0 1 0.00206509
77.3139 288152 283808 0.240273 9.5431 9.20814 9.5431 9.20814 61457 0 1 0.00293649
77.5495 289600 285256 0.237985 9.68967 9.20961 9.68967 9.20961 61654 0 1 0.00244275
77.7874 291048 286704 0.240189 9.68917 9.21107 9.68917 9.21107 61853 0 1 0.0019876
78.0253 292496 288152 0.240423 9.68917 9.21253 9.68917 9.21253 62052 0 1 0.0015832
78.2656 289600 289600 0.24266 9.68868 9.21399 9.68868 9.21399 62253 0 1 0.00130204
78.5059 286704 286704 0.242742 9.54407 9.215 9.54407 9.215 62451 0 1 0.00206497
78.7438 288152 283808 0.240321 9.5431 9.21599 9.5431 9.21599 62647 0 1 0.00293652
78.9794 289600 285256 0.237806 9.68967 9.21741 9.68967 9.21741 62844 0 1 0.00244351
79.2173 291048 286704 0.240417 9.68917 9.21882 9.68917 9.21882 63043 0 1 0.00198773
79.4552 292496 288152 0.24027 9.68917 9.22023 9.68917 9.22023 63242 0 1 0.00158309
79.6955 289600 289600 0.242848 9.68868 9.22165 9.68868 9.22165 63443 0 1 0.00130307
79.9358 286704 286704 0.242694 9.54407 9.22261 9.54407 9.22261 63641 0 1 0.00206471
80.1737 288152 283808 0.240209 9.5431 9.22357 9.5431 9.22357 63837 0 1 0.00293646
80.4093 289600 285256 0.237989 9.68967 9.22493 9.68967 9.22493 64034 0 1 0.00244274
80.6472 291048 286704 0.24027 9.68917 9.2263 9.68917 9.2263 64233 0 1 0.00198763
80.8851 292496 288152 0.240449 9.68917 9.22766 9.68917 9.22766 64432 0 1 0.00158322
81.1254 289600 289600 0.24274 9.68868 9.22903 9.68868 9.22903 64633 0 1 0.00130247
81.3657 286704 286704 0.242678 9.54407 9.22996 9.54407 9.22996 64831 0 1 0.00206462
81.6037 288152 283808 0.240355 9.5431 9.23087 9.5431 9.23087 65027 0 1 0.00293654
81.8392 289600 285256 0.237851 9.68967 9.23219 9.68967 9.23219 65224 0 1 0.00244331
82.0771 291048 286704 0.240449 9.68917 9.23352 9.68917 9.23352 65423 0 1 0.00198776
82.315 292496 288152 0.240202 9.68917 9.23483 9.68917 9.23483 65622 0 1 0.00158306
82.5553 289600 289600 0.242774 9.68868 9.23615 9.68868 9.23615 65823 0 1 0.00130266
82.7956 286704 286704 0.242766 9.54407 9.23705 9.54407 9.23705 66021 0 1 0.0020651
83.0336 288152 283808 0.24027 9.5431 9.23792 9.5431 9.23792 66217 0 1 0.00293649
83.2691 289600 285256 0.237991 9.68967 9.2392 9.68967 9.2392 66414 0 1 0.00244273
83.507 291048 286704 0.240207 9.68917 9.24048 9.68917 9.24048 66613 0 1 0.0019876
83.7449 292496 288152 0.240343 9.68917 9.24176 9.68917 9.24176 66812 0 1 0.00158314
83.9852 289600 289600 0.242691 9.68868 9.24304 9.68868 9.24304 67013 0 1 0.00130221
84.2255 286704 286704 0.242753 9.54407 9.2439 9.54407 9.2439 67211 0 1 0.00206503
84.4635 288152 283808 0.240382 9.5431 9.24474 9.5431 9.24474 67407 0 1 0.00293656
84.699 289600 285256 0.237761 9.68967 9.24598 9.68967 9.24598 67604 0 1 0.0024437
84.9369 291048 286704 0.240343 9.68917 9.24722 9.68917 9.24722 67803 0 1 0.00198768
85.1748 292496 288152 0.240154 9.68917 9.24845 9.68917 9.24845 68002 0 1 0.00158304
85.4151 289600 289600 0.242827 9.68868 9.24969 9.68868 9.24969 68203 0 1 0.00130296
85.6554 286704 286704 0.242821 9.54407 9.25052 9.54407 9.25052 68401 0 1 0.00206541
85.8934 288152 283808 0.240206 9.5431 9.25133 9.5431 9.25133 68597 0 1 0.00293646
86.1289 289600 285256 0.237993 9.68967 9.25253 9.68967 9.25253 68794 0 1 0.00244272
86.3668 291048 286704 0.240158 9.68917 9.25373 9.68917 9.25373 68993 0 1 0.00198758
86.6047 292496 288152 0.240374 9.68917 9.25493 9.68917 9.25493 69192 0 1 0.00158316
86.845 289600 289600 0.242762 9.68868 9.25613 9.68868 9.25613 69393 0 1 0.00130259
87.0853 286704 286704 0.242702 9.54407 9.25692 9.54407 9.25692 69591 0 1 0.00206475
87.3233 288152 283808 0.240417 9.5431 9.2577 9.5431 9.2577 69787 0 1 0.00293659
87.5588 289600 285256 0.237817 9.68967 9.25886 9.68967 9.25886 69984 0 1 0.00244346
87.7967 291048 286704 0.240372 9.68917 9.26003 9.68917 9.26003 70183 0 1 0.0019877
88.0346 292496 288152 0.240301 9.68917 9.26119 9.68917 9.26119 70382 0 1 0.00158311
88.2749 289600 289600 0.242659 9.68868 9.26235 9.68868 9.26235 70583 0 1 0.00130203
88.5153 286704 286704 0.242753 9.54407 9.26312 9.54407 9.26312 70781 0 1 0.00206503
88.7532 288152 283808 0.240283 9.5431 9.26387 9.5431 9.26387 70977 0 1 0.0029365
88.9887 289600 285256 0.237995 9.68967 9.26499 9.68967 9.26499 71174 0 1 0.00244271
89.2266 291048 286704 0.240231 9.68917 9.26612 9.68917 9.26612 71373 0 1 0.00198761
89.4645 292496 288152 0.240395 9.68917 9.26725 9.68917 9.26725 71572 0 1 0.00158318
89.7048 289600 289600 0.242693 9.68868 9.26838 9.68868 9.26838 71773 0 1 0.00130222
89.9452 286704 286704 0.242662 9.54407 9.26912 9.54407 9.26912 71971 0 1 0.00206454
90.1831 288152 283808 0.240444 9.5431 9.26984 9.5431 9.26984 72167 0 1 0.00293661
90.4186 289600 285256 0.23786 9.68967 9.27093 9.68967 9.27093 72364 0 1 0.00244327
90.6565 291048 286704 0.240394 9.68917 9.27203 9.68917 9.27203 72563 0 1 0.00198771
90.8944 292496 288152 0.24034 9.68917 9.27312 9.68917 9.27312 72762 0 1 0.00158314
91.1347 289600 289600 0.242614 9.68868 9.27422 9.68868 9.27422 72963 0 1 0.0013018
91.3751 286704 286704 0.242811 9.54407 9.27493 9.54407 9.27493 73161 0 1 0.00206535
91.613 288152 283808 0.240217 9.5431 9.27562 9.5431 9.27562 73357 0 1 0.00293646
91.8485 289600 285256 0.237996 9.68967 9.27669 9.68967 9.27669 73554 0 1 0.00244271
92.0864 291048 286704 0.240286 9.68917 9.27775 9.68917 9.27775 73753 0 1 0.00198764
92.3243 292496 288152 0.240303 9.68917 9.27881 9.68917 9.27881 73952 0 1 0.00158311
92.5646 289600 289600 0.242784 9.68868 9.27988 9.68868 9.27988 74153 0 1 0.00130272
92.805 286704 286704 0.242594 9.54407 9.28056 9.54407 9.28056 74351 0 1 0.00206418
93.0429 288152 283808 0.24034 9.5431 9.28123 9.5431 9.28123 74547 0 1 0.00293653
93.2784 289600 285256 0.237783 9.68967 9.28226 9.68967 9.28226 74744 0 1 0.00244361
93.5163 291048 286704 0.240427 9.68917 9.2833 9.68917 9.2833 74943 0 1 0.00198774
93.7542 292496 288152 0.240385 9.68917 9.28433 9.68917 9.28433 75142 0 1 0.00158317
93.9945 289600 289600 0.242705 9.68868 9.28536 9.68868 9.28536 75343 0 1 0.00130228
94.2349 286704 286704 0.24273 9.54407 9.28602 9.54407 9.28602 75541 0 1 0.0020649
94.4728 288152 283808 0.240166 9.5431 9.28667 9.5431 9.28667 75737 0 1 0.00293644
94.7083 289600 285256 0.237997 9.68967 9.28767 9.68967 9.28767 75934 0 1 0.0024427
94.9462 291048 286704 0.240344 9.68917 9.28868 9.68917 9.28868 76133 0 1 0.00198768
95.1841 292496 288152 0.240357 9.68917 9.28968 9.68917 9.28968 76332 0 1 0.00158315
95.4245 289600 289600 0.242835 9.68868 9.29068 9.68868 9.29068 76533 0 1 0.001303
95.6648 286704 286704 0.242565 9.54407 9.29132 9.54407 9.29132 76731 0 1 0.00206403
95.9027 288152 283808 0.24037 9.5431 9.29194 9.5431 9.29194 76927 0 1 0.00293655
96.1382 289600 285256 0.237834 9.68967 9.29292 9.68967 9.29292 77124 0 1 0.00244338
96.3761 291048 286704 0.240452 9.68917 9.2939 9.68917 9.2939 77323 0 1 0.00198776
96.614 292496 288152 0.24042 9.68917 9.29487 9.68917 9.29487 77522 0 1 0.0015832
96.8544 289600 289600 0.242664 9.68868 9.29585 9.68868 9.29585 77723 0 1 0.00130206
97.0947 286704 286704 0.242798 9.54407 9.29646 9.54407 9.29646 77921 0 1 0.00206528
97.3326 288152 283808 0.240231 9.5431 9.29706 9.5431 9.29706 78117 0 1 0.00293647
97.5681 289600 285256 0.237998 9.68967 9.29801 9.68967 9.29801 78314 0 1 0.0024427
97.806 291048 286704 0.240388 9.68917 9.29896 9.68917 9.29896 78513 0 1 0.00198771
98.0439 292496 288152 0.240273 9.68917 9.29991 9.68917 9.29991 78712 0 1 0.00158309
98.2843 289600 289600 0.242764 9.68868 9.30086 9.68868 9.30086 78913 0 1 0.0013026
98.5246 286704 286704 0.242667 9.54407 9.30145 9.54407 9.30145 79111 0 1 0.00206456
98.7625 288152 283808 0.240392 9.5431 9.30204 9.5431 9.30204 79307 0 1 0.00293657
98.998 289600 285256 0.237873 9.68967 9.30296 9.68967 9.30296 79504 0 1 0.00244322
99.2359 291048 286704 0.240346 9.68917 9.30388 9.68917 9.30388 79703 0 1 0.00198768
99.4738 292496 288152 0.240321 9.68917 9.30481 9.68917 9.30481 79902 0 1 0.00158312
99.7142 289600 289600 0.242634 9.68868 9.30573 9.68868 9.30573 80103 0 1 0.0013019
99.9545 286704 286704 0.242846 9.54407 9.3063 9.54407 9.3063 80301 0 1 0.00206555
100.192 288152 283808 0.240177 9.5431 9.30687 9.5431 9.30687 80497 0 1 0.00293645
100.428 289600 285256 0.237998 9.68967 9.30776 9.68967 9.30776 80694 0 1 0.0024427
100.666 291048 286704 0.240297 9.68917 9.30867 9.68917 9.30867 80893 0 1 0.00198765
100.904 292496 288152 0.240209 9.68917 9.30956 9.68917 9.30956 81092 0 1 0.00158306
101.144 289600 289600 0.242819 9.68868 9.31046 9.68868 9.31046 81293 0 1 0.00130291
101.384 286704 286704 0.242635 9.54407 9.31102 9.54407 9.31102 81491 0 1 0.00206439
101.622 288152 283808 0.240427 9.5431 9.31156 9.5431 9.31156 81687 0 1 0.0029366
101.858 289600 285256 0.237901 9.68967 9.31243 9.68967 9.31243 81884 0 1 0.0024431
102.096 291048 286704 0.240265 9.68917 9.31331 9.68917 9.31331 82083 0 1 0.00198763
102.334 292496 288152 0.240355 9.68917 9.31419 9.68917 9.31419 82282 0 1 0.00158315
102.574 289600 289600 0.242595 9.68868 9.31506 9.68868 9.31506 82483 0 1 0.0013017
102.814 286704 286704 0.242772 9.54407 9.3156 9.54407 9.3156 82681 0 1 0.00206514
103.052 288152 283808 0.240344 9.5431 9.31612 9.5431 9.31612 82877 0 1 0.00293654
103.288 289600 285256 0.237903 9.68967 9.31698 9.68967 9.31698 83074 0 1 0.00244309
103.526 291048 286704 0.240337 9.68917 9.31783 9.68917 9.31783 83273 0 1 0.00198767
103.764 292496 288152 0.240269 9.68917 9.31868 9.68917 9.31868 83472 0 1 0.00158309
104.004 289600 289600 0.242737 9.68868 9.31954 9.68868 9.31954 83673 0 1 0.00130245
104.244 286704 286704 0.242611 9.54407 9.32006 9.54407 9.32006 83871 0 1 0.00206427
104.482 288152 283808 0.240452 9.5431 9.32056 9.5431 9.32056 84067 0 1 0.00293662
104.718 289600 285256 0.237924 9.68967 9.32139 9.68967 9.32139 84264 0 1 0.002443
104.956 291048 286704 0.240312 9.68917 9.32223 9.68917 9.32223 84463 0 1 0.00198766
105.193 292496 288152 0.240382 9.68917 9.32306 9.68917 9.32306 84662 0 1 0.00158317
105.434 289600 289600 0.242565 9.68868 9.32389 9.68868 9.32389 84863 0 1 0.00130154
105.674 286704 286704 0.242826 9.54407 9.32439 9.54407 9.32439 85061 0 1 0.00206543
105.912 288152 283808 0.240388 9.5431 9.32488 9.5431 9.32488 85257 0 1 0.00293657
106.148 289600 285256 0.237926 9.68967 9.32569 9.68967 9.32569 85454 0 1 0.00244299
106.385 291048 286704 0.240367 9.68917 9.3265 9.68917 9.3265 85653 0 1 0.00198769
106.623 292496 288152 0.240206 9.68917 9.32731 9.68917 9.32731 85852 0 1 0.00158306
106.864 289600 289600 0.242798 9.68868 9.32813 9.68868 9.32813 86053 0 1 0.0013028
107.104 286704 286704 0.242703 9.54407 9.32861 9.54407 9.32861 86251 0 1 0.00206475
107.342 288152 283808 0.240346 9.5431 9.32909 9.5431 9.32909 86447 0 1 0.00293654
107.577 289600 285256 0.237971 9.68967 9.32988 9.68967 9.32988 86644 0 1 0.00244281
107.815 291048 286704 0.240206 9.68917 9.33067 9.68917 9.33067 86843 0 1 0.0019876
108.053 292496 288152 0.240417 9.68917 9.33146 9.68917 9.33146 87042 0 1 0.00158319
108.294 289600 289600 0.242667 9.68868 9.33225 9.68868 9.33225 87243 0 1 0.00130208
108.534 286704 286704 0.242742 9.54407 9.33272 9.54407 9.33272 87441 0 1 0.00206497
108.772 288152 283808 0.240297 9.5431 9.33318 9.5431 9.33318 87637 0 1 0.00293651
109.007 289600 285256 0.237834 9.68967 9.33395 9.68967 9.33395 87834 0 1 0.00244338
109.245 291048 286704 0.240406 9.68917 9.33472 9.68917 9.33472 88033 0 1 0.00198772
109.483 292496 288152 0.240283 9.68917 9.33549 9.68917 9.33549 88232 0 1 0.0015831
109.723 289600 289600 0.242846 9.68868 9.33627 9.68868 9.33627 88433 0 1 0.00130306
109.964 286704 286704 0.242647 9.54407 9.33672 9.54407 9.33672 88631 0 1 0.00206446
110.202 288152 283808 0.240265 9.5431 9.33717 9.5431 9.33717 88827 0 1 0.00293649
110.437 289600 285256 0.237978 9.68967 9.33792 9.68967 9.33792 89024 0 1 0.00244278
110.675 291048 286704 0.240283 9.68917 9.33867 9.68917 9.33867 89223 0 1 0.00198764
110.913 292496 288152 0.240444 9.68917 9.33943 9.68917 9.33943 89422 0 1 0.00158322
111.153 289600 289600 0.242635 9.68868 9.34018 9.68868 9.34018 89623 0 1 0.00130191
111.394 286704 286704 0.242802 9.54407 9.34062 9.54407 9.34062 89821 0 1 0.0020653
111.632 288152 283808 0.240337 9.5431 9.34105 9.5431 9.34105 90017 0 1 0.00293653
111.867 289600 285256 0.237873 9.68967 9.34179 9.68967 9.34179 90214 0 1 0.00244322
112.105 291048 286704 0.240444 9.68917 9.34252 9.68917 9.34252 90413 0 1 0.00198776
112.343 292496 288152 0.240207 9.68917 9.34326 9.68917 9.34326 90612 0 1 0.00158306
112.583 289600 289600 0.242772 9.68868 9.34399 9.68868 9.34399 90813 0 1 0.00130265
112.824 286704 286704 0.24273 9.54407 9.34442 9.54407 9.34442 91011 0 1 0.0020649
113.062 288152 283808 0.240312 9.5431 9.34484 9.5431 9.34484 91207 0 1 0.00293651
113.297 289600 285256 0.237983 9.68967 9.34556 9.68967 9.34556 91404 0 1 0.00244276
113.535 291048 286704 0.240217 9.68917 9.34628 9.68917 9.34628 91603 0 1 0.00198761
113.773 292496 288152 0.24034 9.68917 9.34699 9.68917 9.34699 91802 0 1 0.00158314
114.013 289600 289600 0.242611 9.68868 9.34771 9.68868 9.34771 92003 0 1 0.00130178
114.254 286704 286704 0.242849 9.54407 9.34813 9.54407 9.34813 92201 0 1 0.00206556
114.491 288152 283808 0.240367 9.5431 9.34853 9.5431 9.34853 92397 0 1 0.00293655
114.727 289600 285256 0.237778 9.68967 9.34923 9.68967 9.34923 92594 0 1 0.00244363
114.965 291048 286704 0.24034 9.68917 9.34994 9.68917 9.34994 92793 0 1 0.00198767
115.203 292496 288152 0.240158 9.68917 9.35064 9.68917 9.35064 92992 0 1 0.00158305
115.443 289600 289600 0.242826 9.68868 9.35134 9.68868 9.35134 93193 0 1 0.00130295
115.683 286704 286704 0.242793 9.54407 9.35174 9.54407 9.35174 93391 0 1 0.00206525
115.921 288152 283808 0.240239 9.5431 9.35213 9.5431 9.35213 93587 0 1 0.00293647
116.157 289600 285256 0.237987 9.68967 9.35282 9.68967 9.35282 93784 0 1 0.00244274
116.395 291048 286704 0.240166 9.68917 9.3535 9.68917 9.3535 93983 0 1 0.00198759
116.633 292496 288152 0.240372 9.68917 9.35419 9.68917 9.35419 94182 0 1 0.00158316
116.873 289600 289600 0.2427 9.68868 9.35488 9.68868 9.35488 94383 0 1 0.00130225
117.113 286704 286704 0.242775 9.54407 9.35527 9.54407 9.35527 94581 0 1 0.00206515
117.351 288152 283808 0.240406 9.5431 9.35565 9.5431 9.35565 94777 0 1 0.00293658
117.587 289600 285256 0.23783 9.68967 9.35632 9.68967 9.35632 94974 0 1 0.0024434
117.825 291048 286704 0.24037 9.68917 9.35699 9.68917 9.35699 95173 0 1 0.0019877
118.063 292496 288152 0.240231 9.68917 9.35766 9.68917 9.35766 95372 0 1 0.00158307
118.303 289600 289600 0.242742 9.68868 9.35833 9.68868 9.35833 95573 0 1 0.00130248
118.543 286704 286704 0.242732 9.54407 9.35871 9.54407 9.35871 95771 0 1 0.00206491
118.781 288152 283808 0.240308 9.5431 9.35907 9.5431 9.35907 95967 0 1 0.00293651
119.017 289600 285256 0.23799 9.68967 9.35973 9.68967 9.35973 96164 0 1 0.00244273
119.255 291048 286704 0.240236 9.68917 9.36039 9.68917 9.36039 96363 0 1 0.00198761
119.493 292496 288152 0.240394 9.68917 9.36104 9.68917 9.36104 96562 0 1 0.00158318
119.733 289600 289600 0.242645 9.68868 9.3617 9.68868 9.3617 96763 0 1 0.00130196
119.973 286704 286704 0.242718 9.54407 9.36206 9.54407 9.36206 96961 0 1 0.00206484
120.211 288152 283808 0.240436 9.5431 9.36242 9.5431 9.36242 97157 0 1 0.00293661
120.447 289600 285256 0.23787 9.68967 9.36306 9.68967 9.36306 97354 0 1 0.00244323
120.684 291048 286704 0.240393 9.68917 9.36371 9.68917 9.36371 97553 0 1 0.00198771
120.922 292496 288152 0.240286 9.68917 9.36435 9.68917 9.36435 97752 0 1 0.0015831
121.163 289600 289600 0.242678 9.68868 9.36499 9.68868 9.36499 97953 0 1 0.00130214
121.403 286704 286704 0.242794 9.54407 9.36534 9.54407 9.36534 98151 0 1 0.00206526
121.641 288152 283808 0.240236 9.5431 9.36569 9.5431 9.36569 98347 0 1 0.00293647
121.876 289600 285256 0.237992 9.68967 9.36632 9.68967 9.36632 98544 0 1 0.00244272
122.114 291048 286704 0.240181 9.68917 9.36695 9.68917 9.36695 98743 0 1 0.00198759
122.352 292496 288152 0.240427 9.68917 9.36757 9.68917 9.36757 98942 0 1 0.0015832
122.593 289600 289600 0.242766 9.68868 9.3682 9.68868 9.3682 99143 0 1 0.00130261
122.833 286704 286704 0.242616 9.54407 9.36855 9.54407 9.36855 99341 0 1 0.00206429
123.071 288152 283808 0.240334 9.5431 9.36888 9.5431 9.36888 99537 0 1 0.00293653
123.306 289600 285256 0.237791 9.68967 9.3695 9.68967 9.3695 99734 0 1 0.00244357
123.544 291048 286704 0.240426 9.68917 9.37011 9.68917 9.37011 99933 0 1 0.00198774
123.782 292496 288152 0.240344 9.68917 9.37073 9.68917 9.37073 100132 0 1 0.00158314
124.023 289600 289600 0.242753 9.68868 9.37134 9.68868 9.37134 100333 0 1 0.00130255
124.263 286704 286704 0.242717 9.54407 9.37168 9.54407 9.37168 100531 0 1 0.00206483
124.501 288152 283808 0.240181 9.5431 9.372 9.5431 9.372 100727 0 1 0.00293645
124.736 289600 285256 0.237994 9.68967 9.3726 9.68967 9.3726 100924 0 1 0.00244272
124.974 291048 286704 0.240264 9.68917 9.37321 9.68917 9.37321 101123 0 1 0.00198763
125.212 292496 288152 0.240452 9.68917 9.37381 9.68917 9.37381 101322 0 1 0.00158322
125.452 289600 289600 0.242821 9.68868 9.37441 9.68868 9.37441 101523 0 1 0.00130292
125.693 286704 286704 0.242581 9.54407 9.37473 9.54407 9.37473 101721 0 1 0.00206411
125.931 288152 283808 0.240365 9.5431 9.37505 9.5431 9.37505 101917 0 1 0.00293655
126.166 289600 285256 0.23784 9.68967 9.37564 9.68967 9.37564 102114 0 1 0.00244336
126.404 291048 286704 0.240451 9.68917 9.37623 9.68917 9.37623 102313 0 1 0.00198776
126.642 292496 288152 0.240388 9.68917 9.37682 9.68917 9.37682 102512 0 1 0.00158317
126.882 289600 289600 0.242702 9.68868 9.37741 9.68868 9.37741 102713 0 1 0.00130226
127.123 286704 286704 0.242794 9.54407 9.37772 9.54407 9.37772 102911 0 1 0.00206525
127.361 288152 283808 0.240236 9.5431 9.37803 9.5431 9.37803 103107 0 1 0.00293647
127.596 289600 285256 0.237995 9.68967 9.37861 9.68967 9.37861 103304 0 1 0.00244271
127.834 291048 286704 0.240327 9.68917 9.37918 9.68917 9.37918 103503 0 1 0.00198767
128.072 292496 288152 0.240346 9.68917 9.37976 9.68917 9.37976 103702 0 1 0.00158314
128.312 289600 289600 0.242753 9.68868 9.38034 9.68868 9.38034 103903 0 1 0.00130255
128.553 286704 286704 0.242679 9.54407 9.38065 9.54407 9.38065 104101 0 1 0.00206463
128.79 288152 283808 0.240389 9.5431 9.38095 9.5431 9.38095 104297 0 1 0.00293657
129.026 289600 285256 0.237752 9.68967 9.38151 9.68967 9.38151 104494 0 1 0.00244374
129.264 291048 286704 0.240345 9.68917 9.38207 9.68917 9.38207 104693 0 1 0.00198768
129.502 292496 288152 0.240297 9.68917 9.38264 9.68917 9.38264 104892 0 1 0.00158311
129.742 289600 289600 0.242662 9.68868 9.38321 9.68868 9.38321 105093 0 1 0.00130205
129.982 286704 286704 0.242842 9.54407 9.3835 9.54407 9.3835 105291 0 1 0.00206553
130.22 288152 283808 0.240181 9.5431 9.3838 9.5431 9.3838 105487 0 1 0.00293645
130.456 289600 285256 0.237996 9.68967 9.38435 9.68967 9.38435 105684 0 1 0.00244271
130.694 291048 286704 0.24025 9.68917 9.3849 9.68917 9.3849 105883 0 1 0.00198762
130.932 292496 288152 0.240265 9.68917 9.38545 9.68917 9.38545 106082 0 1 0.00158309
131.172 289600 289600 0.242811 9.68868 9.38601 9.68868 9.38601 106283 0 1 0.00130287
131.412 286704 286704 0.242645 9.54407 9.3863 9.54407 9.3863 106481 0 1 0.00206445
131.65 288152 283808 0.240426 9.5431 9.38658 9.5431 9.38658 106677 0 1 0.0029366
131.886 289600 285256 0.237807 9.68967 9.38712 9.68967 9.38712 106874 0 1 0.0024435
132.124 291048 286704 0.240374 9.68917 9.38767 9.68917 9.38767 107073 0 1 0.0019877
132.362 292496 288152 0.240337 9.68917 9.38821 9.68917 9.38821 107272 0 1 0.00158313
132.602 289600 289600 0.242616 9.68868 9.38875 9.68868 9.38875 107473 0 1 0.00130181
132.842 286704 286704 0.24277 9.54407 9.38904 9.54407 9.38904 107671 0 1 0.00206512
133.08 288152 283808 0.240264 9.5431 9.38931 9.5431 9.38931 107867 0 1 0.00293649
133.316 289600 285256 0.237997 9.68967 9.38984 9.68967 9.38984 108064 0 1 0.0024427
133.554 291048 286704 0.240301 9.68917 9.39037 9.68917 9.39037 108263 0 1 0.00198765
133.792 292496 288152 0.240312 9.68917 9.39091 9.68917 9.39091 108462 0 1 0.00158312
134.032 289600 289600 0.24273 9.68868 9.39144 9.68868 9.39144 108663 0 1 0.00130242
134.272 286704 286704 0.242619 9.54407 9.39171 9.54407 9.39171 108861 0 1 0.00206431
134.51 288152 283808 0.240451 9.5431 9.39198 9.5431 9.39198 109057 0 1 0.00293662
134.746 289600 285256 0.237852 9.68967 9.3925 9.68967 9.3925 109254 0 1 0.0024433
134.984 291048 286704 0.240395 9.68917 9.39302 9.68917 9.39302 109453 0 1 0.00198772
135.221 292496 288152 0.240367 9.68917 9.39355 9.68917 9.39355 109652 0 1 0.00158316
135.462 289600 289600 0.242581 9.68868 9.39407 9.68868 9.39407 109853 0 1 0.00130163
135.702 286704 286704 0.242824 9.54407 9.39433 9.54407 9.39433 110051 0 1 0.00206542
135.94 288152 283808 0.240327 9.5431 9.39459 9.5431 9.39459 110247 0 1 0.00293652
136.176 289600 285256 0.237999 9.68967 9.39511 9.68967 9.39511 110444 0 1 0.0024427
136.413 291048 286704 0.240339 9.68917 9.39562 9.68917 9.39562 110643 0 1 0.00198767
136.651 292496 288152 0.240239 9.68917 9.39613 9.68917 9.39613 110842 0 1 0.00158308
136.892 289600 289600 0.242794 9.68868 9.39664 9.68868 9.39664 111043 0 1 0.00130277
137.132 286704 286704 0.242583 9.54407 9.3969 9.54407 9.3969 111241 0 1 0.00206412
137.37 288152 283808 0.240345 9.5431 9.39715 9.5431 9.39715 111437 0 1 0.00293654
137.605 289600 285256 0.237943 9.68967 9.39765 9.68967 9.39765 111634 0 1 0.00244292
137.843 291048 286704 0.240239 9.68917 9.39816 9.68917 9.39816 111833 0 1 0.00198762
138.081 292496 288152 0.240406 9.68917 9.39866 9.68917 9.39866 112032 0 1 0.00158319
138.322 289600 289600 0.242679 9.68868 9.39916 9.68868 9.39916 112233 0 1 0.00130214
138.562 286704 286704 0.24274 9.54407 9.39941 9.54407 9.39941 112431 0 1 0.00206496
138.8 288152 283808 0.24025 9.5431 9.39966 9.5431 9.39966 112627 0 1 0.00293648
139.035 289600 285256 0.23789 9.68967 9.40015 9.68967 9.40015 112824 0 1 0.00244314
139.273 291048 286704 0.240384 9.68917 9.40065 9.68917 9.40065 113023 0 1 0.00198771
139.511 292496 288152 0.240308 9.68917 9.40114 9.68917 9.40114 113222 0 1 0.00158311
139.751 289600 289600 0.242842 9.68868 9.40163 9.68868 9.40163 113423 0 1 0.00130304
139.992 286704 286704 0.242556 9.54407 9.40188 9.54407 9.40188 113621 0 1 0.00206398
140.23 288152 283808 0.240374 9.5431 9.40212 9.5431 9.40212 113817 0 1 0.00293656
140.465 289600 285256 0.237956 9.68967 9.4026 9.68967 9.4026 114014 0 1 0.00244287
140.703 291048 286704 0.240308 9.68917 9.40308 9.68917 9.40308 114213 0 1 0.00198765
140.941 292496 288152 0.240436 9.68917 9.40357 9.68917 9.40357 114412 0 1 0.00158321
141.181 289600 289600 0.242645 9.68868 9.40405 9.68868 9.40405 114613 0 1 0.00130196
141.422 286704 286704 0.242801 9.54407 9.40429 9.54407 9.40429 114811 0 1 0.00206529
141.66 288152 283808 0.240301 9.5431 9.40452 9.5431 9.40452 115007 0 1 0.00293651
141.895 289600 285256 0.237916 9.68967 9.405 9.68967 9.405 115204 0 1 0.00244304
142.133 291048 286704 0.240436 9.68917 9.40547 9.68917 9.40547 115403 0 1 0.00198775
142.371 292496 288152 0.240217 9.68917 9.40595 9.68917 9.40595 115602 0 1 0.00158307
142.611 289600 289600 0.24277 9.68868 9.40642 9.68868 9.40642 115803 0 1 0.00130264
142.852 286704 286704 0.24266 9.54407 9.40665 9.54407 9.40665 116001 0 1 0.00206452
143.09 288152 283808 0.240395 9.5431 9.40688 9.5431 9.40688 116197 0 1 0.00293657
143.325 289600 285256 0.237967 9.68967 9.40735 9.68967 9.40735 116394 0 1 0.00244283
143.563 291048 286704 0.240236 9.68917 9.40781 9.68917 9.40781 116593 0 1 0.00198761
143.801 292496 288152 0.240334 9.68917 9.40828 9.68917 9.40828 116792 0 1 0.00158313
144.041 289600 289600 0.242619 9.68868 9.40875 9.68868 9.40875 116993 0 1 0.00130182
144.282 286704 286704 0.242848 9.54407 9.40897 9.54407 9.40897 117191 0 1 0.00206556
144.519 288152 283808 0.24034 9.5431 9.40919 9.5431 9.40919 117387 0 1 0.00293653
144.755 289600 285256 0.23781 9.68967 9.40965 9.68967 9.40965 117584 0 1 0.00244349
144.993 291048 286704 0.240334 9.68917 9.41011 9.68917 9.41011 117783 0 1 0.00198767
145.231 292496 288152 0.240166 9.68917 9.41056 9.68917 9.41056 117982 0 1 0.00158305
145.471 289600 289600 0.242824 9.68868 9.41102 9.68868 9.41102 118183 0 1 0.00130294
145.711 286704 286704 0.24274 9.54407 9.41124 9.54407 9.41124 118381 0 1 0.00206496
145.949 288152 283808 0.240303 9.5431 9.41146 9.5431 9.41146 118577 0 1 0.00293651
146.185 289600 285256 0.237974 9.68967 9.41191 9.68967 9.41191 118774 0 1 0.00244279
146.423 291048 286704 0.240181 9.68917 9.41236 9.68917 9.41236 118973 0 1 0.00198759
146.661 292496 288152 0.24037 9.68917 9.41281 9.68917 9.41281 119172 0 1 0.00158316
146.901 289600 289600 0.242577 9.68868 9.41326 9.68868 9.41326 119373 0 1 0.00130161
147.141 286704 286704 0.242774 9.54407 9.41347 9.54407 9.41347 119571 0 1 0.00206514
147.379 288152 283808 0.240385 9.5431 9.41368 9.5431 9.41368 119767 0 1 0.00293657
147.615 289600 285256 0.237855 9.68967 9.41412 9.68967 9.41412 119964 0 1 0.00244329
147.853 291048 286704 0.240365 9.68917 9.41456 9.68917 9.41456 120163 0 1 0.00198769
148.091 292496 288152 0.240236 9.68917 9.415 9.68917 9.415 120362 0 1 0.00158308
148.331 289600 289600 0.24274 9.68868 9.41545 9.68868 9.41545 120563 0 1 0.00130247
148.571 286704 286704 0.242691 9.54407 9.41566 9.54407 9.41566 120761 0 1 0.00206469
148.809 288152 283808 0.240357 9.5431 9.41586 9.5431 9.41586 120957 0 1 0.00293654
149.045 289600 285256 0.23798 9.68967 9.41629 9.68967 9.41629 121154 0 1 0.00244277
149.283 291048 286704 0.240248 9.68917 9.41673 9.68917 9.41673 121353 0 1 0.00198762
149.52 292496 288152 0.240393 9.68917 9.41716 9.68917 9.41716 121552 0 1 0.00158317
149.761 289600 289600 0.242552 9.68868 9.4176 9.68868 9.4176 121753 0 1 0.00130147
150.001 286704 286704 0.242827 9.54407 9.4178 9.54407 9.4178 121951 0 1 0.00206544
150.239 288152 283808 0.24042 9.5431 9.418 9.5431 9.418 122147 0 1 0.00293659
150.475 289600 285256 0.237889 9.68967 9.41842 9.68967 9.41842 122344 0 1 0.00244315
150.712 291048 286704 0.240389 9.68917 9.41885 9.68917 9.41885 122543 0 1 0.00198771
150.95 292496 288152 0.240181 9.68917 9.41928 9.68917 9.41928 122742 0 1 0.00158305
151.191 289600 289600 0.242802 9.68868 9.4197 9.68868 9.4197 122943 0 1 0.00130282
151.431 286704 286704 0.242762 9.54407 9.4199 9.54407 9.4199 123141 0 1 0.00206508
151.669 288152 283808 0.240273 9.5431 9.42009 9.5431 9.42009 123337 0 1 0.00293649
151.904 289600 285256 0.237985 9.68967 9.42051 9.68967 9.42051 123534 0 1 0.00244275
152.142 291048 286704 0.24019 9.68917 9.42093 9.68917 9.42093 123733 0 1 0.0019876
152.38 292496 288152 0.240426 9.68917 9.42135 9.68917 9.42135 123932 0 1 0.0015832
152.621 289600 289600 0.24273 9.68868 9.42177 9.68868 9.42177 124133 0 1 0.00130242
152.861 286704 286704 0.242659 9.54407 9.42196 9.54407 9.42196 124331 0 1 0.00206452
153.099 288152 283808 0.240321 9.5431 9.42215 9.5431 9.42215 124527 0 1 0.00293652
153.334 289600 285256 0.237806 9.68967 9.42256 9.68967 9.42256 124724 0 1 0.00244351
153.572 291048 286704 0.240423 9.68917 9.42298 9.68917 9.42298 124923 0 1 0.00198774
153.81 292496 288152 0.240264 9.68917 9.42339 9.68917 9.42339 125122 0 1 0.00158309
154.051 289600 289600 0.242849 9.68868 9.4238 9.68868 9.4238 125323 0 1 0.00130308
154.291 286704 286704 0.242693 9.54407 9.42399 9.54407 9.42399 125521 0 1 0.0020647
154.529 288152 283808 0.240209 9.5431 9.42417 9.5431 9.42417 125717 0 1 0.00293646
154.764 289600 285256 0.237989 9.68967 9.42458 9.68967 9.42458 125914 0 1 0.00244274
155.002 291048 286704 0.24027 9.68917 9.42498 9.68917 9.42498 126113 0 1 0.00198763
155.24 292496 288152 0.240451 9.68917 9.42539 9.68917 9.42539 126312 0 1 0.00158322
155.48 289600 289600 0.242793 9.68868 9.4258 9.68868 9.4258 126513 0 1 0.00130277
155.721 286704 286704 0.242614 9.54407 9.42598 9.54407 9.42598 126711 0 1 0.00206428
155.959 288152 283808 0.240355 9.5431 9.42616 9.5431 9.42616 126907 0 1 0.00293654
156.194 289600 285256 0.237851 9.68967 9.42655 9.68967 9.42655 127104 0 1 0.00244331
156.432 291048 286704 0.240449 9.68917 9.42695 9.68917 9.42695 127303 0 1 0.00198776
156.67 292496 288152 0.240327 9.68917 9.42735 9.68917 9.42735 127502 0 1 0.00158313
156.91 289600 289600 0.242775 9.68868 9.42775 9.68868 9.42775 127703 0 1 0.00130266
157.151 286704 286704 0.242784 9.54407 9.42793 9.54407 9.42793 127901 0 1 0.0020652
157.389 288152 283808 0.240247 9.5431 9.4281 9.5431 9.4281 128097 0 1 0.00293648
157.624 289600 285256 0.237991 9.68967 9.42849 9.68967 9.42849 128294 0 1 0.00244273
157.862 291048 286704 0.240207 9.68917 9.42889 9.68917 9.42889 128493 0 1 0.0019876
158.1 292496 288152 0.240345 9.68917 9.42928 9.68917 9.42928 128692 0 1 0.00158314
158.34 289600 289600 0.242732 9.68868 9.42967 9.68868 9.42967 128893 0 1 0.00130243
158.581 286704 286704 0.242705 9.54407 9.42985 9.54407 9.42985 129091 0 1 0.00206476
158.818 288152 283808 0.240381 9.5431 9.43002 9.5431 9.43002 129287 0 1 0.00293656
159.054 289600 285256 0.237761 9.68967 9.4304 9.68967 9.4304 129484 0 1 0.0024437
159.292 291048 286704 0.240343 9.68917 9.43079 9.68917 9.43079 129683 0 1 0.00198768
159.53 292496 288152 0.24025 9.68917 9.43117 9.68917 9.43117 129882 0 1 0.00158308
159.77 289600 289600 0.242718 9.68868 9.43156 9.68868 9.43156 130083 0 1 0.00130235
160.01 286704 286704 0.242835 9.54407 9.43173 9.54407 9.43173 130281 0 1 0.00206549
160.248 288152 283808 0.24019 9.5431 9.43189 9.5431 9.43189 130477 0 1 0.00293645
160.484 289600 285256 0.237993 9.68967 9.43227 9.68967 9.43227 130674 0 1 0.00244272
160.722 291048 286704 0.240158 9.68917 9.43265 9.68917 9.43265 130873 0 1 0.00198758
160.96 292496 288152 0.240374 9.68917 9.43303 9.68917 9.43303 131072 0 1 0.00158316
161.2 289600 289600 0.242795 9.68868 9.43341 9.68868 9.43341 131273 0 1 0.00130278
161.44 286704 286704 0.242664 9.54407 9.43358 9.54407 9.43358 131471 0 1 0.00206455
161.678 288152 283808 0.240423 9.5431 9.43374 9.5431 9.43374 131667 0 1 0.0029366
161.914 289600 285256 0.23781 9.68967 9.43411 9.68967 9.43411 131864 0 1 0.00244349
162.152 291048 286704 0.240372 9.68917 9.43448 9.68917 9.43448 132063 0 1 0.0019877
162.39 292496 288152 0.240301 9.68917 9.43486 9.68917 9.43486 132262 0 1 0.00158311
162.63 289600 289600 0.242659 9.68868 9.43523 9.68868 9.43523 132463 0 1 0.00130204
162.87 286704 286704 0.242764 9.54407 9.43539 9.54407 9.43539 132661 0 1 0.00206509
163.108 288152 283808 0.24027 9.5431 9.43555 9.5431 9.43555 132857 0 1 0.00293649
163.344 289600 285256 0.237995 9.68967 9.43592 9.68967 9.43592 133054 0 1 0.00244271
163.582 291048 286704 0.240231 9.68917 9.43629 9.68917 9.43629 133253 0 1 0.00198761
163.82 292496 288152 0.240395 9.68917 9.43665 9.68917 9.43665 133452 0 1 0.00158318
164.06 289600 289600 0.242718 9.68868 9.43702 9.68868 9.43702 133653 0 1 0.00130235
164.3 286704 286704 0.242634 9.54407 9.43718 9.54407 9.43718 133851 0 1 0.00206439
164.538 288152 283808 0.240449 9.5431 9.43733 9.5431 9.43733 134047 0 1 0.00293662
164.774 289600 285256 0.237855 9.68967 9.43769 9.68967 9.43769 134244 0 1 0.00244329
165.012 291048 286704 0.240394 9.68917 9.43805 9.68917 9.43805 134443 0 1 0.00198771
165.249 292496 288152 0.24034 9.68917 9.43842 9.68917 9.43842 134642 0 1 0.00158314
165.49 289600 289600 0.242614 9.68868 9.43878 9.68868 9.43878 134843 0 1 0.0013018
165.73 286704 286704 0.242819 9.54407 9.43893 9.54407 9.43893 135041 0 1 0.0020654
165.968 288152 283808 0.240207 9.5431 9.43908 9.5431 9.43908 135237 0 1 0.00293646
166.203 289600 285256 0.237998 9.68967 9.43944 9.68967 9.43944 135434 0 1 0.0024427
166.441 291048 286704 0.240284 9.68917 9.43979 9.68917 9.43979 135633 0 1 0.00198764
166.679 292496 288152 0.240303 9.68917 9.44015 9.68917 9.44015 135832 0 1 0.00158311
166.92 289600 289600 0.242784 9.68868 9.44051 9.68868 9.44051 136033 0 1 0.00130272
167.16 286704 286704 0.242595 9.54407 9.44066 9.54407 9.44066 136231 0 1 0.00206418
167.398 288152 283808 0.240343 9.5431 9.4408 9.5431 9.4408 136427 0 1 0.00293654
167.633 289600 285256 0.237889 9.68967 9.44115 9.68967 9.44115 136624 0 1 0.00244315
167.871 291048 286704 0.240302 9.68917 9.4415 9.68917 9.4415 136823 0 1 0.00198765
168.109 292496 288152 0.240385 9.68917 9.44185 9.68917 9.44185 137022 0 1 0.00158317
168.35 289600 289600 0.242705 9.68868 9.44221 9.68868 9.44221 137223 0 1 0.00130228
168.59 286704 286704 0.242737 9.54407 9.44235 9.54407 9.44235 137421 0 1 0.00206494
168.828 288152 283808 0.240158 9.5431 9.44249 9.5431 9.44249 137617 0 1 0.00293644
169.063 289600 285256 0.237998 9.68967 9.44284 9.68967 9.44284 137814 0 1 0.0024427
169.301 291048 286704 0.240342 9.68917 9.44318 9.68917 9.44318 138013 0 1 0.00198768
169.539 292496 288152 0.240357 9.68917 9.44353 9.68917 9.44353 138212 0 1 0.00158315
169.779 289600 289600 0.242835 9.68868 9.44388 9.68868 9.44388 138413 0 1 0.001303
170.02 286704 286704 0.242565 9.54407 9.44402 9.54407 9.44402 138611 0 1 0.00206403
170.258 288152 283808 0.240372 9.5431 9.44416 9.5431 9.44416 138807 0 1 0.00293656
170.493 289600 285256 0.237915 9.68967 9.4445 9.68967 9.4445 139004 0 1 0.00244304
170.731 291048 286704 0.240357 9.68917 9.44484 9.68917 9.44484 139203 0 1 0.00198769
170.969 292496 288152 0.240419 9.68917 9.44518 9.68917 9.44518 139402 0 1 0.0015832
171.209 289600 289600 0.242664 9.68868 9.44552 9.68868 9.44552 139603 0 1 0.00130206
171.45 286704 286704 0.242798 9.54407 9.44566 9.54407 9.44566 139801 0 1 0.00206528
171.688 288152 283808 0.240231 9.5431 9.44579 9.5431 9.44579 139997 0 1 0.00293647
171.923 289600 285256 0.237999 9.68967 9.44613 9.68967 9.44613 140194 0 1 0.0024427
172.161 291048 286704 0.24042 9.68917 9.44646 9.68917 9.44646 140393 0 1 0.00198774
172.399 292496 288152 0.240236 9.68917 9.4468 9.68917 9.4468 140592 0 1 0.00158308
172.639 289600 289600 0.242764 9.68868 9.44713 9.68868 9.44713 140793 0 1 0.0013026
172.88 286704 286704 0.242667 9.54407 9.44727 9.54407 9.44727 140991 0 1 0.00206456
173.118 288152 283808 0.240394 9.5431 9.4474 9.5431 9.4474 141187 0 1 0.00293657
173.353 289600 285256 0.237935 9.68967 9.44773 9.68967 9.44773 141384 0 1 0.00244296
173.591 291048 286704 0.240273 9.68917 9.44806 9.68917 9.44806 141583 0 1 0.00198763
173.829 292496 288152 0.240321 9.68917 9.44839 9.68917 9.44839 141782 0 1 0.00158312
174.069 289600 289600 0.242634 9.68868 9.44872 9.68868 9.44872 141983 0 1 0.0013019
174.309 286704 286704 0.242846 9.54407 9.44885 9.54407 9.44885 142181 0 1 0.00206555
174.547 288152 283808 0.240286 9.5431 9.44898 9.5431 9.44898 142377 0 1 0.0029365
174.783 289600 285256 0.237874 9.68967 9.44931 9.68967 9.44931 142574 0 1 0.00244321
175.021 291048 286704 0.240321 9.68917 9.44963 9.68917 9.44963 142773 0 1 0.00198766
175.259 292496 288152 0.240181 9.68917 9.44996 9.68917 9.44996 142972 0 1 0.00158305
175.499 289600 289600 0.242819 9.68868 9.45028 9.68868 9.45028 143173 0 1 0.00130291
175.739 286704 286704 0.242635 9.54407 9.45041 9.54407 9.45041 143371 0 1 0.00206439
175.977 288152 283808 0.240427 9.5431 9.45054 9.5431 9.45054 143567 0 1 0.0029366
176.213 289600 285256 0.23795 9.68967 9.45086 9.68967 9.45086 143764 0 1 0.00244289
176.451 291048 286704 0.240209 9.68917 9.45118 9.68917 9.45118 143963 0 1 0.0019876
176.689 292496 288152 0.240365 9.68917 9.4515 9.68917 9.4515 144162 0 1 0.00158315
176.929 289600 289600 0.242583 9.68868 9.45182 9.68868 9.45182 144363 0 1 0.00130164
177.169 286704 286704 0.242772 9.54407 9.45195 9.54407 9.45195 144561 0 1 0.00206514
177.407 288152 283808 0.240344 9.5431 9.45207 9.5431 9.45207 144757 0 1 0.00293654
177.643 289600 285256 0.237904 9.68967 9.45238 9.68967 9.45238 144954 0 1 0.00244309
177.881 291048 286704 0.240355 9.68917 9.4527 9.68917 9.4527 145153 0 1 0.00198769
178.119 292496 288152 0.240248 9.68917 9.45302 9.68917 9.45302 145352 0 1 0.00158308
178.359 289600 289600 0.242737 9.68868 9.45333 9.68868 9.45333 145553 0 1 0.00130245
178.599 286704 286704 0.242611 9.54407 9.45346 9.54407 9.45346 145751 0 1 0.00206427
178.837 288152 283808 0.240452 9.5431 9.45357 9.5431 9.45357 145947 0 1 0.00293662
179.073 289600 285256 0.237962 9.68967 9.45388 9.68967 9.45388 146144 0 1 0.00244285
179.311 291048 286704 0.240269 9.68917 9.4542 9.68917 9.4542 146343 0 1 0.00198763
179.548 292496 288152 0.240389 9.68917 9.45451 9.68917 9.45451 146542 0 1 0.00158317
179.789 289600 289600 0.242556 9.68868 9.45482 9.68868 9.45482 146743 0 1 0.0013015
180.029 286704 286704 0.242826 9.54407 9.45494 9.54407 9.45494 146941 0 1 0.00206543
180.267 288152 283808 0.240388 9.5431 9.45506 9.5431 9.45506 147137 0 1 0.00293657
180.503 289600 285256 0.237926 9.68967 9.45536 9.68967 9.45536 147334 0 1 0.00244299
180.74 291048 286704 0.240382 9.68917 9.45567 9.68917 9.45567 147533 0 1 0.0019877
180.978 292496 288152 0.24019 9.68917 9.45598 9.68917 9.45598 147732 0 1 0.00158306
181.219 289600 289600 0.242801 9.68868 9.45629 9.68868 9.45629 147933 0 1 0.00130281
181.459 286704 286704 0.2427 9.54407 9.4564 9.54407 9.4564 148131 0 1 0.00206474
181.697 288152 283808 0.240346 9.5431 9.45652 9.5431 9.45652 148327 0 1 0.00293654
181.932 289600 285256 0.237971 9.68967 9.45682 9.68967 9.45682 148524 0 1 0.00244281
182.17 291048 286704 0.240206 9.68917 9.45712 9.68917 9.45712 148723 0 1 0.0019876
182.408 292496 288152 0.240423 9.68917 9.45742 9.68917 9.45742 148922 0 1 0.0015832
182.649 289600 289600 0.24266 9.68868 9.45773 9.68868 9.45773 149123 0 1 0.00130204
182.889 286704 286704 0.242742 9.54407 9.45784 9.54407 9.45784 149321 0 1 0.00206497
183.127 288152 283808 0.240297 9.5431 9.45795 9.5431 9.45795 149517 0 1 0.00293651
183.362 289600 285256 0.237834 9.68967 9.45825 9.68967 9.45825 149714 0 1 0.00244338
183.6 291048 286704 0.240417 9.68917 9.45855 9.68917 9.45855 149913 0 1 0.00198773
183.838 292496 288152 0.24027 9.68917 9.45885 9.68917 9.45885 150112 0 1 0.00158309
184.079 289600 289600 0.242848 9.68868 9.45915 9.68868 9.45915 150313 0 1 0.00130307
184.319 286704 286704 0.242645 9.54407 9.45926 9.54407 9.45926 150511 0 1 0.00206445
184.557 288152 283808 0.240265 9.5431 9.45937 9.5431 9.45937 150707 0 1 0.00293649
184.792 289600 285256 0.237978 9.68967 9.45966 9.68967 9.45966 150904 0 1 0.00244278
185.03 291048 286704 0.240283 9.68917 9.45996 9.68917 9.45996 151103 0 1 0.00198764
185.268 292496 288152 0.240449 9.68917 9.46025 9.68917 9.46025 151302 0 1 0.00158322
185.508 289600 289600 0.24274 9.68868 9.46055 9.68868 9.46055 151503 0 1 0.00130247
185.749 286704 286704 0.242678 9.54407 9.46065 9.54407 9.46065 151701 0 1 0.00206462
185.987 288152 283808 0.240336 9.5431 9.46076 9.5431 9.46076 151897 0 1 0.00293653
186.222 289600 285256 0.237873 9.68967 9.46105 9.68967 9.46105 152094 0 1 0.00244322
186.46 291048 286704 0.240444 9.68917 9.46134 9.68917 9.46134 152293 0 1 0.00198776
186.698 292496 288152 0.240207 9.68917 9.46163 9.68917 9.46163 152492 0 1 0.00158306
186.938 289600 289600 0.242774 9.68868 9.46192 9.68868 9.46192 152693 0 1 0.00130266
187.179 286704 286704 0.242766 9.54407 9.46203 9.54407 9.46203 152891 0 1 0.0020651
187.417 288152 283808 0.240269 9.5431 9.46213 9.5431 9.46213 153087 0 1 0.00293649
187.652 289600 285256 0.237983 9.68967 9.46242 9.68967 9.46242 153284 0 1 0.00244276
187.89 291048 286704 0.240217 9.68917 9.4627 9.68917 9.4627 153483 0 1 0.00198761
188.128 292496 288152 0.240343 9.68917 9.46299 9.68917 9.46299 153682 0 1 0.00158314
188.368 289600 289600 0.242691 9.68868 9.46328 9.68868 9.46328 153883 0 1 0.00130221
188.609 286704 286704 0.242753 9.54407 9.46338 9.54407 9.46338 154081 0 1 0.00206503
188.846 288152 283808 0.240367 9.5431 9.46348 9.5431 9.46348 154277 0 1 0.00293655
189.082 289600 285256 0.237778 9.68967 9.46376 9.68967 9.46376 154474 0 1 0.00244363
189.32 291048 286704 0.24034 9.68917 9.46405 9.68917 9.46405 154673 0 1 0.00198767
189.558 292496 288152 0.240158 9.68917 9.46433 9.68917 9.46433 154872 0 1 0.00158305
189.798 289600 289600 0.242827 9.68868 9.46461 9.68868 9.46461 155073 0 1 0.00130296
190.038 286704 286704 0.242821 9.54407 9.46471 9.54407 9.46471 155271 0 1 0.00206541
190.276 288152 283808 0.240206 9.5431 9.46481 9.5431 9.46481 155467 0 1 0.00293646
190.512 289600 285256 0.237987 9.68967 9.46509 9.68967 9.46509 155664 0 1 0.00244275
190.75 291048 286704 0.240166 9.68917 9.46537 9.68917 9.46537 155863 0 1 0.00198759
190.988 292496 288152 0.240372 9.68917 9.46565 9.68917 9.46565 156062 0 1 0.00158316
191.228 289600 289600 0.242764 9.68868 9.46593 9.68868 9.46593 156263 0 1 0.0013026
191.468 286704 286704 0.242702 9.54407 9.46603 9.54407 9.46603 156461 0 1 0.00206475
191.706 288152 283808 0.240417 9.5431 9.46612 9.5431 9.46612 156657 0 1 0.00293659
191.942 289600 285256 0.237817 9.68967 9.4664 9.68967 9.4664 156854 0 1 0.00244346
192.18 291048 286704 0.24037 9.68917 9.46667 9.68917 9.46667 157053 0 1 0.0019877
192.418 292496 288152 0.240231 9.68917 9.46695 9.68917 9.46695 157252 0 1 0.00158307
192.658 289600 289600 0.242742 9.68868 9.46722 9.68868 9.46722 157453 0 1 0.00130249
192.898 286704 286704 0.242753 9.54407 9.46732 9.54407 9.46732 157651 0 1 0.00206503
193.136 288152 283808 0.240283 9.5431 9.46741 9.5431 9.46741 157847 0 1 0.0029365
193.372 289600 285256 0.23799 9.68967 9.46768 9.68967 9.46768 158044 0 1 0.00244273
193.61 291048 286704 0.240236 9.68917 9.46796 9.68917 9.46796 158243 0 1 0.00198761
193.848 292496 288152 0.240394 9.68917 9.46823 9.68917 9.46823 158442 0 1 0.00158318
194.088 289600 289600 0.242694 9.68868 9.4685 9.68868 9.4685 158643 0 1 0.00130222
194.328 286704 286704 0.242662 9.54407 9.46859 9.54407 9.46859 158841 0 1 0.00206454
194.566 288152 283808 0.240444 9.5431 9.46868 9.5431 9.46868 159037 0 1 0.00293661
194.802 289600 285256 0.23786 9.68967 9.46895 9.68967 9.46895 159234 0 1 0.00244327
195.039 291048 286704 0.240392 9.68917 9.46922 9.68917 9.46922 159433 0 1 0.00198771
195.277 292496 288152 0.240286 9.68917 9.46949 9.68917 9.46949 159632 0 1 0.0015831
195.518 289600 289600 0.242678 9.68868 9.46976 9.68868 9.46976 159833 0 1 0.00130214
195.758 286704 286704 0.242811 9.54407 9.46985 9.54407 9.46985 160031 0 1 0.00206535
195.996 288152 283808 0.240217 9.5431 9.46994 9.5431 9.46994 160227 0 1 0.00293646
196.231 289600 285256 0.237996 9.68967 9.4702 9.68967 9.4702 160424 0 1 0.00244271
196.469 291048 286704 0.240177 9.68917 9.47047 9.68917 9.47047 160623 0 1 0.00198759
196.707 292496 288152 0.240427 9.68917 9.47073 9.68917 9.47073 160822 0 1 0.0015832
196.948 289600 289600 0.242766 9.68868 9.471 9.68868 9.471 161023 0 1 0.00130261
197.188 286704 286704 0.242616 9.54407 9.47109 9.54407 9.47109 161221 0 1 0.0020643
197.426 288152 283808 0.24034 9.5431 9.47117 9.5431 9.47117 161417 0 1 0.00293653
197.661 289600 285256 0.237783 9.68967 9.47143 9.68967 9.47143 161614 0 1 0.00244361
197.899 291048 286704 0.240425 9.68917 9.47169 9.68917 9.47169 161813 0 1 0.00198774
198.137 292496 288152 0.240344 9.68917 9.47196 9.68917 9.47196 162012 0 1 0.00158314
198.378 289600 289600 0.242753 9.68868 9.47222 9.68868 9.47222 162213 0 1 0.00130255
198.618 286704 286704 0.24273 9.54407 9.47231 9.54407 9.47231 162411 0 1 0.0020649
198.856 288152 283808 0.240166 9.5431 9.47239 9.5431 9.47239 162607 0 1 0.00293644
199.091 289600 285256 0.237997 9.68967 9.47265 9.68967 9.47265 162804 0 1 0.0024427
199.329 291048 286704 0.24026 9.68917 9.47291 9.68917 9.47291 163003 0 1 0.00198763
199.567 292496 288152 0.240452 9.68917 9.47316 9.68917 9.47316 163202 0 1 0.00158322
199.807 289600 289600 0.242821 9.68868 9.47342 9.68868 9.47342 163403 0 1 0.00130292
