0.459514 14480 0 0 0 0 0 0 0 0 0.0439727
1.45951 1448 14480 0.059 0.11584 0.0793689 0.11584 0.0793689 10 0 0.0387733
1.53014 2896 0 0.059 0.164024 0.0832762 0 0.0757056 11 1 0.0400047
1.60151 5792 0 0.059 0.324595 0.0940311 0 0.0723316 13 3 0.0400159
1.67289 8688 2896 0.059 0.649191 0.117717 0 0.0692455 17 7 0.0397076
2.67289 1448 8688 0.059 0.243264 0.164688 0 0.0433389 38 28 0.0391728
2.73258 2896 0 0.059 0.194064 0.16533 0 0.0423922 39 29 0.0400047
2.85286 5792 0 0.066625 0.288927 0.170541 0.096309 0.0446654 42 31 0.0400588
2.97458 7240 2896 0.0642973 0.951676 0.202505 0.951676 0.0817809 52 31 0.0397139
3.16059 8688 4344 0.076898 0.685047 0.230904 0.685047 0.117284 63 31 0.0398273
3.287 10136 5792 0.075247 1.00803 0.26079 1.00803 0.15154 74 31 0.0396208
3.35092 11584 7240 0.0705928 1.63091 0.286928 1.63091 0.179762 83 31 0.0393474
3.54426 13032 8688 0.068818 1.25824 0.339912 1.25824 0.238592 104 31 0.0391601
3.67559 14480 10136 0.072639 1.85224 0.39395 1.85224 0.29625 125 31 0.0390896
3.74144 15928 11584 0.0760166 1.58329 0.414882 1.58329 0.318902 134 31 0.0390342
3.8747 17376 13032 0.0755518 1.82552 0.463396 1.82552 0.370717 155 31 0.0388676
4.00904 18824 14480 0.0726607 1.81082 0.508547 1.81082 0.418973 176 31 0.0386344
4.07801 20272 15928 0.0692459 3.527 0.559598 3.527 0.47154 197 31 0.0384083
4.21439 21720 17376 0.0712981 1.7837 0.599211 1.7837 0.514003 218 31 0.0382994
4.28432 23168 18824 0.0698601 3.47852 0.646211 3.47852 0.562392 239 31 0.0381183
4.42263 24616 20272 0.0726705 1.75891 0.681007 1.75891 0.59981 260 31 0.0380311
4.49352 26064 21720 0.0710326 3.43136 0.724399 3.43136 0.644483 281 31 0.0378422
4.56478 27512 23168 0.0758894 3.414 0.766383 3.414 0.687714 302 31 0.0378231
4.63615 28960 24616 0.0724113 3.40825 0.807055 3.40825 0.729598 323 31 0.0375752
4.70789 27512 26064 0.0755674 3.87553 0.853811 3.87553 0.777534 347 31 0.0375142
4.70801 26459 26064 0.0755674 96.4048 0.85625 0 0.777514 348 32 0.0375125
4.70813 25933 24616 0.0755674 0 0.856228 0 0.777494 348 32 0.0376602
4.70825 25406 23168 0.0755674 0 0.856206 0 0.777474 348 32 0.0378098
4.77254 24880 23168 0.0755674 0.180196 0.8471 0 0.767002 349 33 0.0378098
4.77266 24353 23168 0.0755674 96.4048 0.849506 0 0.766983 350 34 0.0378098
4.77278 23827 21720 0.0755674 0 0.849485 0 0.766963 350 34 0.0379596
4.7729 23300 21720 0.0755674 96.4048 0.85189 0 0.766944 351 35 0.0379596
4.77302 22774 21720 0.0755674 96.4048 0.854296 0 0.766925 352 36 0.0379596
4.77314 20272 20272 0.0755674 0 0.854274 0 0.766905 352 36 0.0381204
4.77434 21720 18824 0.0755674 86.8116 0.875896 0 0.766712 361 45 0.0382634
4.87996 23168 18824 0.0706806 1.75481 0.894919 1.75481 0.788099 377 45 0.0381351
5.04458 24616 20272 0.0563257 3.30732 0.973643 3.30732 0.870308 424 45 0.0378841
5.15765 26064 21720 0.0608071 3.99552 1.03989 3.99552 0.938822 463 45 0.0377211
5.27204 27512 23168 0.0592148 3.34176 1.08984 3.34176 0.990961 496 45 0.0375713
5.3892 28960 24616 0.0639524 3.65844 1.14568 3.65844 1.04895 533 45 0.0374367
5.50864 30408 26064 0.0616864 3.58851 1.19864 3.58851 1.10401 570 45 0.0372747
5.6306 31856 27512 0.0673373 3.89418 1.25703 3.89418 1.16445 611 45 0.0371768
5.75496 33304 28960 0.0641418 3.81893 1.31239 3.81893 1.22181 652 45 0.0369915
5.88185 34752 30408 0.0708129 4.10816 1.37271 4.10816 1.28408 697 45 0.0369429
5.9489 36200 31856 0.066505 7.77458 1.44486 7.77458 1.35723 742 45 0.0367202
6.07964 37648 33304 0.0679668 4.16455 1.50334 4.16455 1.4176 789 45 0.0365936
6.21325 39096 34752 0.0678539 4.24805 1.56237 4.24805 1.47847 838 45 0.0364444
6.34939 40544 36200 0.0712742 4.33949 1.62191 4.33949 1.53982 889 45 0.0363627
6.48854 41992 37648 0.0704923 4.41231 1.68175 4.41231 1.60142 942 45 0.0361988
6.63021 43440 39096 0.0750076 4.49726 1.74191 4.49726 1.66329 997 45 0.0361674
6.7565 44888 40544 0.0637149 5.22842 1.80708 5.22842 1.72993 1054 45 0.0358097
6.87281 46336 41992 0.0625235 5.87591 1.87594 5.87591 1.80009 1113 45 0.0356563
6.99105 47784 43440 0.059965 5.97631 1.94529 5.97631 1.87073 1174 45 0.0355043
7.11073 49232 44888 0.0653724 6.09789 2.01518 6.09789 1.94187 1237 45 0.0353878
7.23221 50680 46336 0.0617555 6.00742 2.08224 6.00742 2.01016 1300 45 0.035217
7.2977 52128 47784 0.0618486 11.8516 2.16991 11.8516 2.09848 1367 45 0.0350726
7.42206 53576 49232 0.0627787 6.2407 2.23812 6.2407 2.16788 1434 45 0.0349324
7.54799 55024 50680 0.064599 6.53124 2.30974 6.53124 2.24068 1505 45 0.0348017
7.67524 56472 52128 0.0643853 6.4634 2.37861 6.4634 2.31069 1576 45 0.0346559
7.80393 57920 53576 0.0666551 6.75104 2.45071 6.75104 2.38391 1651 45 0.0345374
7.93479 59368 55024 0.0660668 6.63945 2.51979 6.63945 2.45409 1726 45 0.0343866
8.06648 60816 56472 0.069998 6.77296 2.58923 6.77296 2.5246 1803 45 0.0343068
8.19974 62264 57920 0.0672659 6.86743 2.65875 6.86743 2.59518 1882 45 0.0341169
8.33504 63712 59368 0.0739508 6.93498 2.72817 6.93498 2.66563 1963 45 0.0341164
8.47226 65160 60816 0.0692058 7.00665 2.79747 7.00665 2.73594 2046 45 0.0338644
8.54688 66608 62264 0.0699691 13.1955 2.88825 13.1955 2.82726 2131 45 0.0337373
8.68771 68056 63712 0.0709947 7.15633 2.95743 7.15633 2.89743 2218 45 0.0336173
8.75944 66608 65160 0.0713647 8.23551 3.00066 8.23551 2.94115 2269 45 0.0334844
8.75956 65604 65160 0.0713647 96.4048 3.00194 0 2.94111 2270 46 0.0334825
8.75968 65101 63712 0.0713647 0 3.0019 0 2.94107 2270 46 0.0336223
8.7598 64599 62264 0.0713647 0 3.00186 0 2.94103 2270 46 0.0337638
8.75993 64097 62264 0.0713647 96.4048 3.00314 0 2.94099 2271 47 0.0337638
8.76005 63594 62264 0.0713647 96.4048 3.00442 0 2.94095 2272 48 0.0337638
8.81003 63092 60816 0.0713647 0 2.98737 0 2.92426 2272 48 0.0339056
8.81015 62590 60816 0.0713647 96.4048 2.98865 0 2.92422 2273 49 0.0339056
8.81027 62087 60816 0.0713647 96.4048 2.98992 0 2.92418 2274 50 0.0339056
8.81039 61585 59368 0.0713647 0 2.98988 0 2.92414 2274 50 0.0340477
8.81051 61082 59368 0.0713647 96.4048 2.99115 0 2.9241 2275 51 0.0340477
8.81063 60580 59368 0.0713647 96.4048 2.99243 0 2.92406 2276 52 0.0340477
8.81075 60078 57920 0.0713647 0 2.99239 0 2.92402 2276 52 0.03419
8.81087 59575 57920 0.0713647 96.4048 2.99366 0 2.92398 2277 53 0.03419
8.81099 59073 57920 0.0713647 96.4048 2.99494 0 2.92394 2278 54 0.03419
8.81111 58571 56472 0.0713647 0 2.99489 0 2.9239 2278 54 0.0343327
8.81123 58068 56472 0.0713647 96.4048 2.99617 0 2.92386 2279 55 0.0343327
8.81135 57566 56472 0.0713647 96.4048 2.99744 0 2.92382 2280 56 0.0343327
8.81147 57064 55024 0.0713647 0 2.9974 0 2.92378 2280 56 0.0344757
8.81159 56561 55024 0.0713647 96.4048 2.99867 0 2.92374 2281 57 0.0344757
8.81171 56059 55024 0.0713647 96.4048 2.99995 0 2.9237 2282 58 0.0344757
8.81183 55556 53576 0.0713647 0 2.99991 0 2.92366 2282 58 0.0346189
8.81195 55054 53576 0.0713647 96.4048 3.00118 0 2.92362 2283 59 0.0346189
8.81207 54552 53576 0.0713647 96.4048 3.00245 0 2.92358 2284 60 0.0346189
8.81219 54049 52128 0.0713647 0 3.00241 0 2.92354 2284 60 0.0347625
8.81231 53547 52128 0.0713647 96.4048 3.00369 0 2.9235 2285 61 0.0347625
8.81243 53045 50680 0.0713647 0 3.00365 0 2.92346 2285 61 0.0349064
8.81256 52542 50680 0.0713647 96.4048 3.00492 0 2.92342 2286 62 0.0349064
8.81268 52040 50680 0.0713647 96.4048 3.00619 0 2.92338 2287 63 0.0349064
8.8128 51537 49232 0.0713647 0 3.00615 0 2.92334 2287 63 0.0350506
8.81292 51035 49232 0.0713647 96.4048 3.00743 0 2.9233 2288 64 0.0350505
8.81304 50533 49232 0.0713647 96.4048 3.0087 0 2.92326 2289 65 0.0350505
8.81316 50030 47784 0.0713647 0 3.00866 0 2.92322 2289 65 0.035195
8.81328 49528 47784 0.0713647 96.4048 3.00993 0 2.92318 2290 66 0.035195
8.8134 49026 47784 0.0713647 96.4048 3.01121 0 2.92314 2291 67 0.035195
8.81352 46336 46336 0.0713647 0 3.01116 0 2.9231 2291 67 0.0353522
8.81484 47784 44888 0.0713647 87.6841 3.02385 0 2.92266 2301 77 0.0354881
8.86182 49232 44888 0.0671386 0.986238 3.01305 0.986238 2.9124 2305 77 0.0354099
8.96444 50680 46336 0.0520489 7.56337 3.06514 7.56337 2.96564 2372 77 0.0352771
9.01695 52128 47784 0.0518118 7.72121 3.09225 7.72121 2.99333 2407 77 0.0351362
9.12305 53576 49232 0.0536352 7.75169 3.14644 7.75169 3.04867 2478 77 0.0349652
9.23131 55024 50680 0.0603998 7.81082 3.20115 7.81082 3.10452 2551 77 0.0347807
9.28719 56472 52128 0.0581196 9.74414 3.24051 9.74414 3.14447 2598 77 0.0346402
9.39689 57920 53576 0.0617023 7.07461 3.28527 7.07461 3.19035 2665 77 0.034496
9.51405 59368 55024 0.0569757 11.1731 3.3824 11.1731 3.28865 2778 77 0.0343589
9.68239 60816 56472 0.0647738 5.98659 3.42768 5.98659 3.33556 2865 77 0.0342296
9.79955 62264 57920 0.0590523 8.20677 3.48482 8.20677 3.3938 2948 77 0.0340651
9.97883 63712 59368 0.067256 8.20604 3.56964 8.20604 3.48025 3075 77 0.0339744
10.1616 65160 60816 0.0611611 8.30311 3.65477 8.30311 3.56699 3206 77 0.033781
10.2876 66608 62264 0.0640099 10.0173 3.73273 10.0173 3.64603 3315 77 0.033654
10.4124 68056 63712 0.0629436 8.08017 3.7848 8.08017 3.69914 3402 77 0.0335051
10.5381 69504 65160 0.066529 8.2027 3.8375 8.2027 3.75285 3491 77 0.0333979
10.6653 70952 66608 0.0641908 8.28408 3.89055 8.28408 3.80692 3582 77 0.0332319
10.7939 72400 68056 0.071219 8.19891 3.94187 8.19891 3.85923 3673 77 0.0331996
10.8642 73848 69504 0.06535 15.6555 4.01766 15.6555 3.93556 3768 77 0.0329621
10.9942 75296 70952 0.0661141 8.46438 4.07024 8.46438 3.98911 3863 77 0.0328309
11.1259 76744 72400 0.066184 8.7081 4.12514 8.7081 4.04497 3962 77 0.0326921
11.2581 78192 73848 0.0678232 8.67643 4.17858 8.67643 4.09935 4061 77 0.0325756
11.3917 79640 75296 0.067081 8.92958 4.2343 8.92958 4.156 4164 77 0.0324255
11.5255 81088 76744 0.0694325 8.91355 4.28865 8.91355 4.21126 4267 77 0.0323255
11.6609 82536 78192 0.0680974 9.1529 4.34514 9.1529 4.26865 4374 77 0.0321636
11.7967 83984 79640 0.0719573 9.1286 4.4002 9.1286 4.32458 4481 77 0.0321028
11.9333 85432 81088 0.0689106 9.24197 4.45563 9.24197 4.38088 4590 77 0.0319013
12.0705 86880 82536 0.0768505 9.37856 4.51154 9.37856 4.43765 4701 77 0.0319682
12.1462 88328 83984 0.0696456 17.2917 4.5912 17.2917 4.51776 4814 77 0.03164
12.2845 89776 85432 0.0701396 9.6321 4.64795 9.6321 4.57534 4929 77 0.0315128
12.4235 91224 86880 0.0701568 9.7488 4.70503 9.7488 4.63323 5046 77 0.0313764
12.5627 92672 88328 0.0709945 9.89834 4.7626 9.89834 4.6916 5165 77 0.0312578
12.7027 94120 89776 0.0706264 10.0129 4.82046 10.0129 4.75024 5286 77 0.0311137
12.8432 95568 91224 0.0727929 9.9786 4.87687 9.9786 4.80742 5407 77 0.0310286
12.9847 97016 92672 0.0712579 10.2297 4.93523 10.2297 4.86653 5532 77 0.0308562
13.1194 98464 94120 0.0724308 10.7499 4.99493 10.7499 4.92694 5657 77 0.0307487
13.2557 99912 95568 0.0686503 10.9667 5.05631 10.9667 4.98902 5786 77 0.0305341
13.3319 101360 97016 0.0691839 19.6155 5.13951 19.6155 5.0726 5915 77 0.030409
13.4707 102808 98464 0.0700524 11.1012 5.20093 11.1012 5.13471 6048 77 0.0302914
13.6101 104256 99912 0.0708094 11.0533 5.26087 11.0533 5.19533 6181 77 0.0301732
13.7515 105704 101360 0.0713344 11.2213 5.32217 11.2213 5.2573 6318 77 0.030051
13.8858 107152 102808 0.0658045 11.8135 5.38497 11.8135 5.32073 6455 77 0.0298228
13.9989 108600 104256 0.0573396 14.2405 5.45649 14.2405 5.39278 6594 77 0.0296631
14.1143 110048 105704 0.060476 14.1595 5.52762 14.1595 5.46442 6735 77 0.0295234
14.2324 111496 107152 0.0597362 14.0243 5.59814 14.0243 5.53546 6878 77 0.0293907
14.3527 112944 108600 0.0662317 13.9647 5.66825 13.9647 5.6061 7023 77 0.0292972
14.4223 114392 110048 0.0616241 24.4336 5.75893 24.4336 5.69708 7170 77 0.0291291
14.5459 115840 111496 0.0627642 13.9731 5.82869 13.9731 5.76736 7319 77 0.0290025
14.672 117288 112944 0.0638451 13.8639 5.89778 13.8639 5.83699 7470 77 0.0288783
14.7994 118736 114392 0.0651255 13.7331 5.96522 13.7331 5.90495 7621 77 0.0287587
14.9292 120184 115840 0.0655526 13.8359 6.03363 13.8359 5.97389 7776 77 0.0286325
15.0605 121632 117288 0.0678342 13.6713 6.10024 13.6713 6.04101 7931 77 0.0285326
15.194 123080 118736 0.0674525 13.7969 6.16786 13.7969 6.10916 8090 77 0.0283966
15.329 124528 120184 0.0719088 13.6495 6.23372 13.6495 6.17553 8249 77 0.0283531
15.4658 125976 121632 0.068931 13.7963 6.30065 13.7963 6.24297 8412 77 0.0281615
15.5448 127424 123080 0.0700827 23.9178 6.39012 23.9178 6.33273 8575 77 0.0280541
15.6845 128872 124528 0.0707672 13.8432 6.45652 13.8432 6.39965 8742 77 0.0279394
15.8252 130320 125976 0.071571 13.7486 6.52136 13.7486 6.46499 8909 77 0.0278287
15.8897 128872 127424 0.0790071 5.92426 6.51893 5.92426 6.4628 8942 77 0.0279277
15.8899 127928 127424 0.0790071 96.4048 6.51961 0 6.46275 8943 78 0.0279256
15.89 127456 125976 0.0790071 0 6.51956 0 6.4627 8943 78 0.0280528
15.8901 126984 125976 0.0790071 96.4048 6.52024 0 6.46265 8944 79 0.0280528
15.8902 126512 124528 0.0790071 0 6.52019 0 6.4626 8944 79 0.0281814
15.8903 126039 124528 0.0790071 96.4048 6.52087 0 6.46255 8945 80 0.0281814
15.8905 125567 124528 0.0790071 96.4048 6.52155 0 6.4625 8946 81 0.0281814
15.8906 125095 123080 0.0790071 0 6.5215 0 6.46246 8946 81 0.0283104
15.8907 124623 123080 0.0790071 96.4048 6.52218 0 6.46241 8947 82 0.0283104
15.8908 124151 123080 0.0790071 96.4048 6.52286 0 6.46236 8948 83 0.0283104
15.8909 123679 121632 0.0790071 0 6.52281 0 6.46231 8948 83 0.0284396
15.8911 123206 121632 0.0790071 96.4048 6.52349 0 6.46226 8949 84 0.0284396
15.8912 122734 121632 0.0790071 96.4048 6.52417 0 6.46221 8950 85 0.0284396
15.8913 122262 120184 0.0790071 0 6.52412 0 6.46216 8950 85 0.0285692
15.8914 121790 120184 0.0790071 96.4048 6.5248 0 6.46211 8951 86 0.0285692
15.8915 121318 120184 0.0790071 96.4048 6.52548 0 6.46206 8952 87 0.0285692
15.8917 120846 118736 0.0790071 0 6.52543 0 6.46202 8952 87 0.028699
15.8918 120373 118736 0.0790071 96.4048 6.52611 0 6.46197 8953 88 0.028699
15.8919 119901 118736 0.0790071 96.4048 6.52679 0 6.46192 8954 89 0.028699
15.892 119429 117288 0.0790071 0 6.52674 0 6.46187 8954 89 0.0288292
15.8921 118957 117288 0.0790071 96.4048 6.52742 0 6.46182 8955 90 0.0288292
15.8923 118485 117288 0.0790071 96.4048 6.5281 0 6.46177 8956 91 0.0288292
15.8924 118012 115840 0.0790071 0 6.52805 0 6.46172 8956 91 0.0289596
15.8925 117540 115840 0.0790071 96.4048 6.52873 0 6.46167 8957 92 0.0289596
15.8926 117068 115840 0.0790071 96.4048 6.52941 0 6.46162 8958 93 0.0289596
15.8927 116596 114392 0.0790071 0 6.52936 0 6.46158 8958 93 0.0290904
15.8929 116124 114392 0.0790071 96.4048 6.53004 0 6.46153 8959 94 0.0290904
15.893 115652 114392 0.0790071 96.4048 6.53072 0 6.46148 8960 95 0.0290904
15.8931 115179 112944 0.0790071 0 6.53067 0 6.46143 8960 95 0.0292214
15.8932 114707 112944 0.0790071 96.4048 6.53135 0 6.46138 8961 96 0.0292214
15.8933 114235 112944 0.0790071 96.4048 6.53203 0 6.46133 8962 97 0.0292214
15.8935 113763 111496 0.0790071 0 6.53198 0 6.46128 8962 97 0.0293528
15.8936 113291 111496 0.0790071 96.4048 6.53266 0 6.46123 8963 98 0.0293528
15.8937 111496 111496 0.0790071 96.4048 6.53334 0 6.46118 8964 99 0.0293581
15.8938 110048 110048 0.0790071 0 6.53329 0 6.46114 8964 99 0.0294877
15.8939 108600 108600 0.0790071 0 6.53324 0 6.46109 8964 99 0.0296197
15.8941 107152 107152 0.0790071 0 6.53319 0 6.46104 8964 99 0.0297519
15.8942 105704 105704 0.0790071 0 6.53314 0 6.46099 8964 99 0.0298845
15.8943 104256 104256 0.0790071 0 6.53309 0 6.46094 8964 99 0.0300173
15.8944 102808 102808 0.0790071 0 6.53304 0 6.46089 8964 99 0.0301504
15.8945 101360 101360 0.0790071 0 6.53299 0 6.46084 8964 99 0.0302838
15.8947 99912 99912 0.0790071 0 6.53295 0 6.46079 8964 99 0.0304176
15.8948 98464 98464 0.0790071 0 6.5329 0 6.46075 8964 99 0.0305516
15.8949 97016 97016 0.0790071 0 6.53285 0 6.4607 8964 99 0.0306859
15.895 95568 95568 0.0790071 0 6.5328 0 6.46065 8964 99 0.0308206
15.8951 94120 94120 0.0790071 0 6.53275 0 6.4606 8964 99 0.0309555
15.8953 92672 92672 0.0790071 0 6.5327 0 6.46055 8964 99 0.0310907
15.8954 91224 91224 0.0790071 0 6.53265 0 6.4605 8964 99 0.0312262
15.8955 89776 89776 0.0790071 0 6.5326 0 6.46045 8964 99 0.031362
15.8969 88328 86880 0.0790071 88.3311 6.54002 0 6.45987 8975 110 0.0316346
15.9539 89776 86880 0.0790071 5.69486 6.53701 0 6.4368 9003 138 0.0316346
15.9579 91224 88328 0.0790071 99.3425 6.56006 0 6.43521 9037 172 0.0314981
15.9581 92672 88328 0.0767562 96.4048 6.56141 96.4048 6.43656 9039 172 0.0314176
16.0143 94120 89776 0.0714607 4.73784 6.55501 4.73784 6.43059 9062 172 0.0311321
16.0762 95568 91224 0.0614193 12.1676 6.57662 12.1676 6.45268 9127 172 0.030867
16.1385 97016 92672 0.0689155 12.0971 6.59791 12.0971 6.47445 9192 172 0.0308089
16.2013 98464 94120 0.0626296 12.3501 6.62022 12.3501 6.49724 9259 172 0.0306011
16.2644 99912 95568 0.0700838 12.3031 6.64226 12.3031 6.51976 9326 172 0.030561
16.3281 101360 97016 0.0634474 12.5508 6.66531 12.5508 6.54328 9395 172 0.0303365
16.3921 102808 98464 0.0709762 12.4802 6.68803 12.4802 6.56648 9464 172 0.0303108
16.4565 104256 99912 0.0642982 12.77 6.71183 12.77 6.59076 9535 172 0.0300748
16.5215 105704 101360 0.0716454 12.652 6.7352 12.652 6.6146 9606 172 0.0300582
16.5868 107152 102808 0.065216 12.9605 6.75969 12.9605 6.63957 9679 172 0.0298164
16.6526 108600 104256 0.0726644 12.8422 6.78374 12.8422 6.66409 9752 172 0.0298164
16.7186 110048 105704 0.0662048 13.1701 6.80894 13.1701 6.68977 9827 172 0.0295617
16.7851 111496 107152 0.0734799 13.0748 6.83375 13.0748 6.71504 9902 172 0.0295724
16.8517 112944 108600 0.0665074 13.3751 6.85963 13.3751 6.7414 9979 172 0.0293008
16.9204 114392 110048 0.0705925 15.0263 6.89275 15.0263 6.77499 10068 172 0.0292387
17.0543 115840 111496 0.0749795 12.5369 6.93709 12.5369 6.82026 10213 172 0.0292192
17.1226 117288 112944 0.0756255 13.4084 6.96288 13.4084 6.84652 10292 172 0.0291076
17.2611 118736 114392 0.0769648 13.4616 7.01504 13.4616 6.89961 10453 172 0.0290202
17.3312 120184 115840 0.077354 13.3941 7.04083 13.3941 6.92587 10534 172 0.0289029
17.4727 121632 117288 0.0784219 13.5032 7.09318 13.5032 6.97915 10699 172 0.0288106
17.5445 118736 117288 0.0790193 14.0488 7.12162 14.0488 7.00806 10786 172 0.0288442
17.5446 117794 117288 0.0790193 96.4048 7.12223 0 7.00801 10787 173 0.0288308
17.5447 117322 115840 0.0790193 0 7.12218 0 7.00796 10787 173 0.0289601
17.5448 116851 115840 0.0790193 96.4048 7.1228 0 7.00791 10788 174 0.0289601
17.5449 116379 114392 0.0790193 0 7.12275 0 7.00786 10788 174 0.0290908
17.5451 115908 114392 0.0790193 96.4048 7.12336 0 7.00782 10789 175 0.0290908
17.5452 115436 114392 0.0790193 96.4048 7.12397 0 7.00777 10790 176 0.0290908
17.5453 114965 112944 0.0790193 0 7.12392 0 7.00772 10790 176 0.0292219
17.5454 114494 112944 0.0790193 96.4048 7.12453 0 7.00767 10791 177 0.0292219
17.5455 114022 112944 0.0790193 96.4048 7.12514 0 7.00762 10792 178 0.0292219
17.5457 113551 111496 0.0790193 0 7.1251 0 7.00758 10792 178 0.0293532
17.5458 113079 111496 0.0790193 96.4048 7.12571 0 7.00753 10793 179 0.0293532
17.5459 112608 111496 0.0790193 96.4048 7.12632 0 7.00748 10794 180 0.0293532
17.546 112136 110048 0.0790193 0 7.12627 0 7.00743 10794 180 0.0294849
17.5461 111665 110048 0.0790193 96.4048 7.12688 0 7.00738 10795 181 0.0294849
17.5463 111193 110048 0.0790193 96.4048 7.12749 0 7.00734 10796 182 0.0294849
17.5464 110722 108600 0.0790193 0 7.12744 0 7.00729 10796 182 0.0296168
17.5465 110251 108600 0.0790193 96.4048 7.12805 0 7.00724 10797 183 0.0296168
17.5466 109779 108600 0.0790193 96.4048 7.12867 0 7.00719 10798 184 0.0296168
17.5467 109308 107152 0.0790193 0 7.12862 0 7.00714 10798 184 0.029749
17.5469 108836 107152 0.0790193 96.4048 7.12923 0 7.0071 10799 185 0.029749
17.547 108365 107152 0.0790193 96.4048 7.12984 0 7.00705 10800 186 0.029749
17.5471 107893 105704 0.0790193 0 7.12979 0 7.007 10800 186 0.0298816
17.5472 107422 105704 0.0790193 96.4048 7.1304 0 7.00695 10801 187 0.0298816
17.5473 106950 105704 0.0790193 96.4048 7.13101 0 7.0069 10802 188 0.0298816
17.5475 106479 104256 0.0790193 0 7.13097 0 7.00686 10802 188 0.0300144
17.5476 106008 104256 0.0790193 96.4048 7.13158 0 7.00681 10803 189 0.0300144
17.5477 105536 104256 0.0790193 96.4048 7.13219 0 7.00676 10804 190 0.0300144
17.5478 105065 102808 0.0790193 0 7.13214 0 7.00671 10804 190 0.0301475
17.5479 104593 102808 0.0790193 96.4048 7.13275 0 7.00666 10805 191 0.0301476
17.5481 104122 102808 0.0790193 96.4048 7.13336 0 7.00662 10806 192 0.0301475
17.5482 103650 101360 0.0790193 0 7.13331 0 7.00657 10806 192 0.030281
17.5483 103179 101360 0.0790193 96.4048 7.13392 0 7.00652 10807 193 0.030281
17.5484 102707 101360 0.0790193 96.4048 7.13454 0 7.00647 10808 194 0.030281
17.5485 102236 99912 0.0790193 0 7.13449 0 7.00642 10808 194 0.0304147
17.5487 99912 99912 0.0790193 96.4048 7.1351 0 7.00638 10809 195 0.0304239
17.5488 98464 98464 0.0790193 0 7.13505 0 7.00633 10809 195 0.0305521
17.5489 97016 97016 0.0790193 0 7.135 0 7.00628 10809 195 0.0306864
17.549 95568 95568 0.0790193 0 7.13495 0 7.00623 10809 195 0.030821
17.5491 94120 94120 0.0790193 0 7.1349 0 7.00618 10809 195 0.0309559
17.5493 92672 92672 0.0790193 0 7.13485 0 7.00614 10809 195 0.0310912
17.5494 91224 91224 0.0790193 0 7.1348 0 7.00609 10809 195 0.0312267
17.5495 89776 89776 0.0790193 0 7.13476 0 7.00604 10809 195 0.0313625
17.5496 88328 88328 0.0790193 0 7.13471 0 7.00599 10809 195 0.0314986
17.5497 86880 86880 0.0790193 0 7.13466 0 7.00594 10809 195 0.031635
17.5499 85432 85432 0.0790193 0 7.13461 0 7.0059 10809 195 0.0317717
17.55 83984 83984 0.0790193 0 7.13456 0 7.00585 10809 195 0.0319087
17.6085 85432 82536 0.0790193 7.12651 7.13453 0 6.98257 10845 231 0.032046
17.6662 86880 82536 0.0615589 10.8455 7.14665 10.8455 6.99518 10899 231 0.0316867
17.7299 88328 83984 0.0592093 18.3715 7.18697 18.3715 7.03604 11000 231 0.0315476
17.8433 89776 85432 0.0657849 8.06777 7.19257 8.06777 7.0426 11079 231 0.0314435
17.9637 91224 86880 0.0602136 11.8341 7.22368 11.8341 7.07472 11202 231 0.0312733
18.0855 92672 88328 0.0677011 11.8842 7.25508 11.8842 7.10712 11327 231 0.0311962
18.152 94120 89776 0.0619938 18.3047 7.29552 18.3047 7.14811 11432 231 0.0310047
18.3343 95568 91224 0.069683 9.59599 7.3184 9.59599 7.17245 11583 231 0.0309587
18.4612 97016 92672 0.0633004 11.9593 7.35029 11.9593 7.20535 11714 231 0.0307403
18.5938 98464 94120 0.0650437 14.7576 7.40314 14.7576 7.25923 11883 231 0.0306196
18.7905 99912 95568 0.0657737 12.3082 7.45449 12.3082 7.31208 12092 231 0.0304926
18.922 101360 97016 0.0670035 11.5439 7.4829 11.5439 7.34148 12223 231 0.0303737
19.0548 102808 98464 0.0670915 11.429 7.5104 11.429 7.36996 12354 231 0.0302406
19.189 104256 99912 0.0694504 11.6514 7.53936 11.6514 7.39991 12489 231 0.0301456
19.3245 105704 101360 0.0684271 11.5378 7.56741 11.5378 7.42893 12624 231 0.0299936
19.4614 107152 102808 0.0740562 11.5957 7.59573 11.5957 7.45824 12761 231 0.0299867
19.5388 108600 104256 0.0697469 20.8079 7.64806 20.8079 7.51111 12900 231 0.029751
19.6778 110048 105704 0.070498 11.7486 7.67703 11.7486 7.54104 13041 231 0.0296334
19.8179 111496 107152 0.0706031 11.8232 7.70634 11.8232 7.57132 13184 231 0.0295031
19.959 112944 108600 0.0715854 11.9069 7.73603 11.9069 7.60196 13329 231 0.0293926
20.0249 111496 110048 0.0792716 5.79477 7.72964 5.79477 7.59601 13362 231 0.0294979
20.025 110555 110048 0.0792716 96.4048 7.73017 0 7.59596 13363 232 0.0294957
20.0252 110085 108600 0.0792716 0 7.73012 0 7.59592 13363 232 0.0296265
20.0253 109614 108600 0.0792716 96.4048 7.73066 0 7.59587 13364 233 0.0296265
20.0254 109143 107152 0.0792716 0 7.73061 0 7.59583 13364 233 0.0297587
20.0255 108673 107152 0.0792716 96.4048 7.73114 0 7.59578 13365 234 0.0297587
20.0256 108202 107152 0.0792716 96.4048 7.73167 0 7.59574 13366 235 0.0297587
20.0258 107732 105704 0.0792716 0 7.73163 0 7.59569 13366 235 0.0298912
20.0259 107261 105704 0.0792716 96.4048 7.73216 0 7.59564 13367 236 0.0298912
20.026 106790 105704 0.0792716 96.4048 7.73269 0 7.5956 13368 237 0.0298912
20.0261 106320 104256 0.0792716 0 7.73264 0 7.59555 13368 237 0.0300241
20.0262 105849 104256 0.0792716 96.4048 7.73318 0 7.59551 13369 238 0.0300241
20.0264 105379 104256 0.0792716 96.4048 7.73371 0 7.59546 13370 239 0.0300241
20.0265 104908 102808 0.0792716 0 7.73366 0 7.59542 13370 239 0.0301572
20.0266 104437 102808 0.0792716 96.4048 7.73419 0 7.59537 13371 240 0.0301572
20.0267 103967 102808 0.0792716 96.4048 7.73473 0 7.59533 13372 241 0.0301572
20.0268 103496 101360 0.0792716 0 7.73468 0 7.59528 13372 241 0.0302906
20.027 103026 101360 0.0792716 96.4048 7.73521 0 7.59523 13373 242 0.0302906
20.0271 102555 101360 0.0792716 96.4048 7.73574 0 7.59519 13374 243 0.0302906
20.0272 102084 99912 0.0792716 0 7.7357 0 7.59514 13374 243 0.0304244
20.0273 101614 99912 0.0792716 96.4048 7.73623 0 7.5951 13375 244 0.0304244
20.0274 101143 99912 0.0792716 96.4048 7.73676 0 7.59505 13376 245 0.0304244
20.0276 100673 98464 0.0792716 0 7.73671 0 7.59501 13376 245 0.0305584
20.0277 100202 98464 0.0792716 96.4048 7.73725 0 7.59496 13377 246 0.0305584
20.0278 99731 98464 0.0792716 96.4048 7.73778 0 7.59491 13378 247 0.0305584
20.0279 99261 97016 0.0792716 0 7.73773 0 7.59487 13378 247 0.0306927
20.028 98790 97016 0.0792716 96.4048 7.73826 0 7.59482 13379 248 0.0306927
20.0282 98320 97016 0.0792716 96.4048 7.7388 0 7.59478 13380 249 0.0306927
20.0283 97849 95568 0.0792716 0 7.73875 0 7.59473 13380 249 0.0308273
20.0284 97378 95568 0.0792716 96.4048 7.73928 0 7.59469 13381 250 0.0308273
20.0285 96908 95568 0.0792716 96.4048 7.73981 0 7.59464 13382 251 0.0308273
20.0287 96437 94120 0.0792716 0 7.73977 0 7.5946 13382 251 0.0309623
20.0288 95967 94120 0.0792716 96.4048 7.7403 0 7.59455 13383 252 0.0309623
20.0289 95496 94120 0.0792716 96.4048 7.74083 0 7.5945 13384 253 0.0309623
20.029 95025 92672 0.0792716 0 7.74078 0 7.59446 13384 253 0.0310975
20.0291 94555 92672 0.0792716 96.4048 7.74132 0 7.59441 13385 254 0.0310975
20.0293 94084 92672 0.0792716 96.4048 7.74185 0 7.59437 13386 255 0.0310975
20.0294 91224 91224 0.0792716 0 7.7418 0 7.59432 13386 255 0.0312472
20.0295 89776 89776 0.0792716 0 7.74176 0 7.59428 13386 255 0.0313722
20.0296 88328 88328 0.0792716 0 7.74171 0 7.59423 13386 255 0.0315083
20.0297 86880 86880 0.0792716 0 7.74166 0 7.59419 13386 255 0.0316447
20.0299 85432 85432 0.0792716 0 7.74162 0 7.59414 13386 255 0.0317814
20.03 83984 83984 0.0792716 0 7.74157 0 7.59409 13386 255 0.0319184
20.0301 82536 82536 0.0792716 0 7.74152 0 7.59405 13386 255 0.0320557
20.0302 81088 81088 0.0792716 0 7.74148 0 7.594 13386 255 0.0321933
20.0303 79640 79640 0.0792716 0 7.74143 0 7.59396 13386 255 0.0323312
20.0305 78192 78192 0.0792716 0 7.74138 0 7.59391 13386 255 0.0324694
20.0307 76744 75296 0.0792716 48.2024 7.74187 0 7.59382 13387 256 0.0327467
20.0911 78192 75296 0.0792716 5.36653 7.73472 0 7.57098 13415 284 0.0327467
20.0941 79640 76744 0.0792716 100.283 7.74856 0 7.56985 13441 310 0.0326079
20.0949 81088 76744 0.0739964 96.4048 7.75174 96.4048 7.57303 13447 310 0.0324324
20.1543 82536 78192 0.0604986 11.1012 7.76162 11.1012 7.58344 13504 310 0.0320983
20.2143 83984 79640 0.0599809 11.0122 7.77126 11.0122 7.59361 13561 310 0.0319598
20.2746 85432 81088 0.060704 11.3304 7.78185 11.3304 7.60473 13620 310 0.0318224
20.3358 86880 82536 0.0607917 11.9322 7.79434 11.9322 7.61775 13683 310 0.0316849
20.4531 88328 83984 0.0613763 7.40816 7.79212 7.40816 7.61655 13758 310 0.0315489
20.5153 89776 85432 0.0617308 11.3527 7.80292 11.3527 7.62788 13819 310 0.031413
20.5774 91224 86880 0.0693528 11.3746 7.81371 11.3746 7.63919 13880 310 0.0313608
20.6404 92672 88328 0.0624677 11.5907 7.82523 11.5907 7.65125 13943 310 0.031143
20.7036 94120 89776 0.0701698 11.5466 7.83659 11.5466 7.66314 14006 310 0.0311042
20.7673 95568 91224 0.0636479 11.8232 7.84881 11.8232 7.6759 14071 310 0.0308782
20.8958 97016 92672 0.064352 11.8028 7.87314 11.8028 7.70129 14202 310 0.0307484
20.9609 98464 94120 0.0645605 11.9392 7.88575 11.9392 7.71443 14269 310 0.030615
21.0333 99912 95568 0.0656878 20.3042 7.92853 20.3042 7.7578 14396 310 0.0304916
21.1576 101360 97016 0.072791 7.17908 7.92413 7.17908 7.7544 14473 310 0.0304883
21.2904 102808 98464 0.066584 12.116 7.9503 12.116 7.78163 14612 310 0.0302337
21.3612 104256 99912 0.0668405 17.1859 7.9809 17.1859 7.81279 14717 310 0.0301031
21.4923 105704 101360 0.0674762 9.63164 7.99097 9.63164 7.82388 14826 310 0.0299785
21.6962 107152 102808 0.0755958 12.3275 8.03172 12.3275 7.86621 15043 310 0.0300324
21.8338 108600 104256 0.0690517 12.3769 8.0591 12.3769 7.89463 15190 310 0.029738
22.0421 110048 105704 0.0774213 12.4052 8.10016 12.4052 7.93724 15413 310 0.0298267
22.2527 111496 107152 0.0702316 12.4837 8.14166 12.4837 7.98028 15640 310 0.0294953
22.6003 112944 108600 0.0709629 13.0295 8.21684 13.0295 8.05794 16031 310 0.0293786
23.1872 114392 110048 0.0673797 13.9554 8.36208 13.9554 8.20721 16738 310 0.0291809
23.3231 115840 111496 0.0730633 12.7005 8.38736 12.7005 8.23339 16887 310 0.0291655
23.4614 117288 112944 0.0694643 12.6474 8.41247 12.6474 8.25941 17038 310 0.0289531
23.5407 118736 114392 0.0710971 22.0562 8.45844 22.0562 8.30589 17189 310 0.0288556
23.6124 117288 115840 0.0715371 13.8873 8.47493 13.8873 8.32285 17275 310 0.0287348
23.6125 116358 115840 0.0715371 96.4048 8.47538 0 8.3228 17276 311 0.0287326
23.6127 115892 114392 0.0715371 0 8.47533 0 8.32276 17276 311 0.0288622
23.6128 115427 114392 0.0715371 96.4048 8.47578 0 8.32272 17277 312 0.0288622
23.6129 114961 112944 0.0715371 0 8.47574 0 8.32268 17277 312 0.0289932
23.613 114496 112944 0.0715371 96.4048 8.47619 0 8.32263 17278 313 0.0289932
23.6688 114030 112944 0.0715371 0.207769 8.45671 0 8.30303 17279 314 0.0289932
23.6689 113565 111496 0.0715371 0 8.45667 0 8.30299 17279 314 0.0291246
23.669 113100 111496 0.0715371 96.4048 8.45711 0 8.30295 17280 315 0.0291246
23.6691 112634 111496 0.0715371 96.4048 8.45756 0 8.3029 17281 316 0.0291246
23.6693 112169 110048 0.0715371 0 8.45752 0 8.30286 17281 316 0.0292562
23.6694 111703 110048 0.0715371 96.4048 8.45796 0 8.30282 17282 317 0.0292562
23.6695 111238 110048 0.0715371 96.4048 8.45841 0 8.30278 17283 318 0.0292562
23.6696 110772 108600 0.0715371 0 8.45837 0 8.30273 17283 318 0.0293882
23.6697 110307 108600 0.0715371 96.4048 8.45881 0 8.30269 17284 319 0.0293882
23.6699 109842 108600 0.0715371 96.4048 8.45926 0 8.30265 17285 320 0.0293882
23.67 109376 107152 0.0715371 0 8.45922 0 8.30261 17285 320 0.0295204
23.6701 108911 107152 0.0715371 96.4048 8.45966 0 8.30257 17286 321 0.0295204
23.6702 108445 107152 0.0715371 96.4048 8.46011 0 8.30252 17287 322 0.0295204
23.6703 107980 105704 0.0715371 0 8.46007 0 8.30248 17287 322 0.0296529
23.6705 107514 105704 0.0715371 96.4048 8.46051 0 8.30244 17288 323 0.0296529
23.6706 107049 105704 0.0715371 96.4048 8.46096 0 8.3024 17289 324 0.0296529
23.6707 106584 104256 0.0715371 0 8.46091 0 8.30236 17289 324 0.0297858
23.6708 106118 104256 0.0715371 96.4048 8.46136 0 8.30231 17290 325 0.0297858
23.6709 105653 104256 0.0715371 96.4048 8.46181 0 8.30227 17291 326 0.0297858
23.6711 105187 102808 0.0715371 0 8.46176 0 8.30223 17291 326 0.0299189
23.6712 104722 102808 0.0715371 96.4048 8.46221 0 8.30219 17292 327 0.0299189
23.6713 104256 102808 0.0715371 96.4048 8.46266 0 8.30214 17293 328 0.0299189
23.6714 103791 102808 0.0715371 96.4048 8.4631 0 8.3021 17294 329 0.0299189
23.6715 103326 101360 0.0715371 0 8.46306 0 8.30206 17294 329 0.0300523
23.6717 102860 101360 0.0715371 96.4048 8.46351 0 8.30202 17295 330 0.0300523
23.6718 102395 101360 0.0715371 96.4048 8.46395 0 8.30198 17296 331 0.0300523
23.6719 101929 99912 0.0715371 0 8.46391 0 8.30193 17296 331 0.0301861
23.672 101464 99912 0.0715371 96.4048 8.46436 0 8.30189 17297 332 0.0301861
23.6721 100998 99912 0.0715371 96.4048 8.4648 0 8.30185 17298 333 0.0301861
23.6723 98464 98464 0.0715371 0 8.46476 0 8.30181 17298 333 0.0303311
23.6724 97016 97016 0.0715371 0 8.46472 0 8.30177 17298 333 0.0304578
23.6725 95568 95568 0.0715371 0 8.46467 0 8.30172 17298 333 0.0305924
23.6726 94120 94120 0.0715371 0 8.46463 0 8.30168 17298 333 0.0307273
23.6727 92672 92672 0.0715371 0 8.46459 0 8.30164 17298 333 0.0308625
23.6729 91224 91224 0.0715371 0 8.46455 0 8.3016 17298 333 0.030998
23.673 89776 89776 0.0715371 0 8.4645 0 8.30155 17298 333 0.0311339
23.6731 88328 88328 0.0715371 0 8.46446 0 8.30151 17298 333 0.03127
23.6732 86880 86880 0.0715371 0 8.46442 0 8.30147 17298 333 0.0314064
23.6733 85432 85432 0.0715371 0 8.46437 0 8.30143 17298 333 0.0315431
23.6735 83984 83984 0.0715371 0 8.46433 0 8.30139 17298 333 0.0316801
23.6736 82536 82536 0.0715371 0 8.46429 0 8.30134 17298 333 0.0318174
23.6778 83984 81088 0.0715371 93.6649 8.47942 0 8.29987 17332 367 0.031955
23.7284 85432 81088 0.0763643 0.91596 8.46329 0.91596 8.28413 17336 367 0.0320897
23.7349 86880 82536 0.0576725 98.1901 8.48782 98.1901 8.30871 17391 367 0.0316897
23.8402 88328 83984 0.0558931 7.14517 8.48189 7.14517 8.30356 17456 367 0.0315639
23.8968 89776 85432 0.0563612 12.4855 8.49137 12.4855 8.31347 17517 367 0.0314232
23.954 91224 86880 0.0631017 12.3544 8.50059 12.3544 8.32312 17578 367 0.0312829
24.0121 92672 88328 0.0576963 12.5745 8.51044 12.5745 8.33339 17641 367 0.0311422
24.0705 94120 89776 0.0645993 12.4969 8.52011 12.4969 8.34349 17704 367 0.0310219
24.1293 95568 91224 0.0586335 12.7884 8.53053 12.7884 8.35434 17769 367 0.0308668
24.1887 97016 92672 0.0656182 12.6848 8.54072 12.6848 8.36497 17834 367 0.030761
24.2489 98464 94120 0.0597253 12.8925 8.55153 12.8925 8.37621 17901 367 0.0305943
24.3703 99912 95568 0.0606616 12.8858 8.57311 12.8858 8.39866 18036 367 0.0304597
24.4316 101360 97016 0.0610293 13.043 8.58432 13.043 8.41031 18105 367 0.0303257
24.4933 102808 98464 0.0683531 12.9415 8.59531 12.9415 8.42174 18174 367 0.0302601
24.6183 104256 99912 0.0692492 13.0703 8.61803 13.0703 8.44534 18315 367 0.0301419
24.6811 105704 101360 0.0698496 13.0875 8.62941 13.0875 8.45716 18386 367 0.0300196
24.8085 107152 102808 0.0706517 13.1874 8.65281 13.1874 8.48144 18531 367 0.0299026
24.8803 108600 104256 0.064777 21.7636 8.69067 21.7636 8.5198 18666 367 0.0296788
25.0024 110048 105704 0.0716557 8.25513 8.68854 8.25513 8.51851 18753 367 0.029659
25.1335 111496 107152 0.0656061 13.3429 8.71282 13.3429 8.54367 18904 367 0.0294221
25.274 112944 108600 0.0666356 17.8955 8.76386 17.8955 8.59565 19121 367 0.0293024
25.4676 114392 110048 0.0671353 10.1132 8.77411 10.1132 8.60718 19290 367 0.0291774
25.6712 115840 111496 0.0757525 13.3659 8.81054 13.3659 8.64494 19525 367 0.029243
25.8848 117288 112944 0.0691899 16.1127 8.87078 16.1127 8.70654 19822 367 0.0289479
26.2985 118736 114392 0.078659 11.8441 8.91755 11.8441 8.7559 20245 367 0.0290806
26.4413 117288 115840 0.0715275 13.4593 8.94209 13.4593 8.78131 20411 367 0.0287346
26.4415 116358 115840 0.0715275 96.4048 8.94249 0 8.78127 20412 368 0.0287324
26.4416 115892 114392 0.0715275 0 8.94245 0 8.78123 20412 368 0.028862
26.4417 115427 114392 0.0715275 96.4048 8.94285 0 8.78119 20413 369 0.028862
26.4418 114961 112944 0.0715275 0 8.94281 0 8.78115 20413 369 0.028993
26.4419 114496 112944 0.0715275 96.4048 8.9432 0 8.78111 20414 370 0.028993
26.4421 114030 112944 0.0715275 96.4048 8.9436 0 8.78107 20415 371 0.028993
26.4422 113565 111496 0.0715275 0 8.94356 0 8.78103 20415 371 0.0291244
26.4423 113100 111496 0.0715275 96.4048 8.94396 0 8.78099 20416 372 0.0291244
26.4424 112634 111496 0.0715275 96.4048 8.94436 0 8.78095 20417 373 0.0291244
26.4426 112169 110048 0.0715275 0 8.94432 0 8.78091 20417 373 0.029256
26.4427 111703 110048 0.0715275 96.4048 8.94471 0 8.78087 20418 374 0.029256
26.4428 111238 110048 0.0715275 96.4048 8.94511 0 8.78083 20419 375 0.029256
26.4429 110772 108600 0.0715275 0 8.94507 0 8.78079 20419 375 0.029388
26.443 110307 108600 0.0715275 96.4048 8.94547 0 8.78075 20420 376 0.0293879
26.4432 109842 108600 0.0715275 96.4048 8.94587 0 8.78071 20421 377 0.0293879
26.4433 109376 107152 0.0715275 0 8.94582 0 8.78067 20421 377 0.0295202
26.4434 108911 107152 0.0715275 96.4048 8.94622 0 8.78063 20422 378 0.0295202
26.4435 108445 107152 0.0715275 96.4048 8.94662 0 8.78059 20423 379 0.0295202
26.4436 107980 105704 0.0715275 0 8.94658 0 8.78055 20423 379 0.0296527
26.4438 107514 105704 0.0715275 96.4048 8.94698 0 8.78051 20424 380 0.0296527
26.4439 107049 105704 0.0715275 96.4048 8.94737 0 8.78047 20425 381 0.0296527
26.444 106584 104256 0.0715275 0 8.94733 0 8.78043 20425 381 0.0297856
26.4441 106118 104256 0.0715275 96.4048 8.94773 0 8.78039 20426 382 0.0297856
26.4442 105653 104256 0.0715275 96.4048 8.94813 0 8.78035 20427 383 0.0297856
26.4444 105187 102808 0.0715275 0 8.94809 0 8.78031 20427 383 0.0299187
26.4445 104722 102808 0.0715275 96.4048 8.94848 0 8.78027 20428 384 0.0299187
26.4446 104256 102808 0.0715275 96.4048 8.94888 0 8.78023 20429 385 0.0299187
26.4447 103791 102808 0.0715275 96.4048 8.94928 0 8.78019 20430 386 0.0299187
26.4448 103326 101360 0.0715275 0 8.94924 0 8.78015 20430 386 0.0300521
26.445 102860 101360 0.0715275 96.4048 8.94964 0 8.78011 20431 387 0.0300521
26.4451 102395 101360 0.0715275 96.4048 8.95003 0 8.78007 20432 388 0.0300521
26.4452 101929 99912 0.0715275 0 8.94999 0 8.78003 20432 388 0.0301858
26.4453 101464 99912 0.0715275 96.4048 8.95039 0 8.77999 20433 389 0.0301858
26.4454 100998 99912 0.0715275 96.4048 8.95079 0 8.77995 20434 390 0.0301858
26.4456 98464 98464 0.0715275 0 8.95075 0 8.77991 20434 390 0.0303309
26.4457 97016 97016 0.0715275 0 8.95071 0 8.77987 20434 390 0.0304575
26.4458 95568 95568 0.0715275 0 8.95067 0 8.77983 20434 390 0.0305922
26.4459 94120 94120 0.0715275 0 8.95062 0 8.77979 20434 390 0.0307271
26.446 92672 92672 0.0715275 0 8.95058 0 8.77975 20434 390 0.0308623
26.4462 91224 91224 0.0715275 0 8.95054 0 8.77971 20434 390 0.0309978
26.4463 89776 89776 0.0715275 0 8.9505 0 8.77967 20434 390 0.0311336
26.4464 88328 88328 0.0715275 0 8.95046 0 8.77963 20434 390 0.0312698
26.4465 86880 86880 0.0715275 0 8.95042 0 8.77959 20434 390 0.0314062
26.4466 85432 85432 0.0715275 0 8.95038 0 8.77956 20434 390 0.0315429
26.4468 83984 83984 0.0715275 0 8.95034 0 8.77952 20434 390 0.0316799
26.4469 82536 82536 0.0715275 0 8.9503 0 8.77948 20434 390 0.0318172
26.507 83984 81088 0.0715275 6.5556 8.94487 0 8.75958 20468 424 0.0319548
26.5089 85432 81088 0.0672231 96.4048 8.95121 96.4048 8.76593 20484 424 0.0318741
26.5658 86880 82536 0.0698015 7.93204 8.94903 7.93204 8.76414 20523 424 0.0317804
26.6257 88328 83984 0.06638 11.4215 8.95459 11.4215 8.77012 20582 424 0.0315877
26.6866 89776 85432 0.0602646 11.599 8.96062 11.599 8.77657 20643 424 0.0314101
26.7475 91224 86880 0.0679063 11.599 8.96663 11.599 8.783 20704 424 0.0313358
26.8093 92672 88328 0.0613998 11.8162 8.9732 11.8162 8.78999 20767 424 0.0311388
26.8714 94120 89776 0.0688654 11.7476 8.97961 11.7476 8.79683 20830 424 0.0310794
26.9342 95568 91224 0.0624211 11.9815 8.98661 11.9815 8.80426 20895 424 0.0308708
27.0038 97016 92672 0.0633997 19.8138 9.01451 19.8138 8.83262 21014 424 0.030741
27.1248 98464 94120 0.0705181 7.56304 9.00803 7.56304 8.82696 21093 424 0.0307048
27.1891 99912 95568 0.0715025 12.0731 9.01528 12.0731 8.83464 21160 424 0.0305916
27.2541 101360 97016 0.0646433 12.2956 9.02311 12.2956 8.84289 21229 424 0.0303462
27.3192 102808 98464 0.0723809 12.2729 9.03085 12.2729 8.85107 21298 424 0.0303436
27.4515 104256 99912 0.0736012 12.3461 9.04683 12.3461 8.86791 21439 424 0.0302413
27.5179 105704 101360 0.073618 12.3999 9.05491 12.3999 8.87642 21510 424 0.030108
27.652 107152 102808 0.0743754 12.5257 9.07174 12.5257 8.89412 21655 424 0.0299958
27.7197 108600 104256 0.0748118 12.4779 9.08007 12.4779 8.90288 21728 424 0.0298754
27.8564 110048 105704 0.0758915 12.6335 9.0975 12.6335 8.92118 21877 424 0.0297757
27.9943 111496 107152 0.0689364 12.6804 9.11516 12.6804 8.9397 22028 424 0.0294705
28.1334 112944 108600 0.0772626 12.7374 9.13307 12.7374 8.95849 22181 424 0.0295564
28.274 114392 110048 0.0703796 12.7716 9.15116 12.7716 8.97745 22336 424 0.0292342
28.4871 115840 111496 0.0788676 12.7778 9.17828 12.7778 9.00587 22571 424 0.0293508
28.5588 114392 112944 0.0783391 13.5644 9.1893 13.5644 9.01732 22655 424 0.0291998
28.5589 113474 112944 0.0783391 96.4048 9.18967 0 9.01728 22656 425 0.0291976
28.559 113015 111496 0.0783391 0 9.18963 0 9.01724 22656 425 0.0293278
28.5592 112556 111496 0.0783391 96.4048 9.19 0 9.01721 22657 426 0.0293278
28.5593 112097 110048 0.0783391 0 9.18996 0 9.01717 22657 426 0.0294594
28.5594 111638 110048 0.0783391 96.4048 9.19033 0 9.01713 22658 427 0.0294594
28.5595 111179 110048 0.0783391 96.4048 9.19069 0 9.01709 22659 428 0.0294594
28.5596 110720 108600 0.0783391 0 9.19065 0 9.01705 22659 428 0.0295914
28.5598 110260 108600 0.0783391 96.4048 9.19102 0 9.01702 22660 429 0.0295914
28.5599 109801 108600 0.0783391 96.4048 9.19139 0 9.01698 22661 430 0.0295914
28.56 109342 107152 0.0783391 0 9.19135 0 9.01694 22661 430 0.0297236
28.5601 108883 107152 0.0783391 96.4048 9.19172 0 9.0169 22662 431 0.0297236
28.5603 108424 107152 0.0783391 96.4048 9.19208 0 9.01686 22663 432 0.0297236
28.5604 107965 105704 0.0783391 0 9.19204 0 9.01683 22663 432 0.0298562
28.5605 107506 105704 0.0783391 96.4048 9.19241 0 9.01679 22664 433 0.0298562
28.5606 107047 105704 0.0783391 96.4048 9.19278 0 9.01675 22665 434 0.0298562
28.5607 106587 104256 0.0783391 0 9.19274 0 9.01671 22665 434 0.029989
28.5609 106128 104256 0.0783391 96.4048 9.19311 0 9.01667 22666 435 0.029989
28.561 105669 104256 0.0783391 96.4048 9.19347 0 9.01664 22667 436 0.029989
28.5611 105210 102808 0.0783391 0 9.19343 0 9.0166 22667 436 0.0301221
28.5612 104751 102808 0.0783391 96.4048 9.1938 0 9.01656 22668 437 0.0301221
28.5613 104292 102808 0.0783391 96.4048 9.19417 0 9.01652 22669 438 0.0301221
28.5615 103833 102808 0.0783391 96.4048 9.19454 0 9.01649 22670 439 0.0301221
28.5616 103374 101360 0.0783391 0 9.1945 0 9.01645 22670 439 0.0302555
28.5617 102914 101360 0.0783391 96.4048 9.19486 0 9.01641 22671 440 0.0302556
28.5618 102455 101360 0.0783391 96.4048 9.19523 0 9.01637 22672 441 0.0302555
28.5619 101996 99912 0.0783391 0 9.19519 0 9.01633 22672 441 0.0303893
28.5621 101537 99912 0.0783391 96.4048 9.19556 0 9.0163 22673 442 0.0303893
28.5622 101078 99912 0.0783391 96.4048 9.19593 0 9.01626 22674 443 0.0303893
28.5623 100619 98464 0.0783391 0 9.19589 0 9.01622 22674 443 0.0305233
28.5624 100160 98464 0.0783391 96.4048 9.19625 0 9.01618 22675 444 0.0305233
28.5625 99701 98464 0.0783391 96.4048 9.19662 0 9.01614 22676 445 0.0305233
28.5627 99241 97016 0.0783391 0 9.19658 0 9.01611 22676 445 0.0306576
28.5628 98782 97016 0.0783391 96.4048 9.19695 0 9.01607 22677 446 0.0306576
28.5629 98323 97016 0.0783391 96.4048 9.19732 0 9.01603 22678 447 0.0306576
28.563 97864 95568 0.0783391 0 9.19728 0 9.01599 22678 447 0.0307923
28.5631 95568 95568 0.0783391 96.4048 9.19764 0 9.01595 22679 448 0.0308013
28.5633 94120 94120 0.0783391 0 9.19761 0 9.01592 22679 448 0.0309305
28.5634 92672 92672 0.0783391 0 9.19757 0 9.01588 22679 448 0.0310657
28.5635 91224 91224 0.0783391 0 9.19753 0 9.01584 22679 448 0.0312013
28.5636 89776 89776 0.0783391 0 9.19749 0 9.0158 22679 448 0.0313371
28.5637 88328 88328 0.0783391 0 9.19745 0 9.01576 22679 448 0.0314732
28.5639 86880 86880 0.0783391 0 9.19741 0 9.01573 22679 448 0.0316096
28.564 85432 85432 0.0783391 0 9.19737 0 9.01569 22679 448 0.0317463
28.5641 83984 83984 0.0783391 0 9.19733 0 9.01565 22679 448 0.0318833
28.5642 82536 82536 0.0783391 0 9.1973 0 9.01561 22679 448 0.0320206
28.5643 81088 81088 0.0783391 0 9.19726 0 9.01557 22679 448 0.0321582
28.6302 82536 79640 0.0783391 5.62953 9.18905 0 8.99484 22711 480 0.0322961
28.6876 83984 79640 0.0678709 10.4876 9.19165 10.4876 8.99783 22763 480 0.0320218
28.8002 85432 81088 0.0564112 11.832 9.20197 11.832 9.00891 22878 480 0.0318348
28.8627 86880 82536 0.0568984 19.8371 9.225 19.8371 9.03235 22985 480 0.0316939
28.9725 88328 83984 0.0579565 7.48877 9.21842 7.48877 9.0265 23056 480 0.0315512
29.0896 89776 85432 0.0648745 11.9764 9.22951 11.9764 9.03837 23177 480 0.0314338
29.2693 91224 86880 0.060008 11.9217 9.24605 11.9217 9.05607 23362 480 0.0312733
29.391 92672 88328 0.067524 11.896 9.25702 11.896 9.06784 23487 480 0.0311935
29.5207 94120 89776 0.061989 15.993 9.2866 15.993 9.09825 23666 480 0.0310047
29.6448 95568 91224 0.0631909 11.2923 9.295 11.2923 9.10744 23787 480 0.0308751
29.771 97016 92672 0.0638269 11.4768 9.30425 11.4768 9.11748 23912 480 0.0307441
29.8986 98464 94120 0.0656395 11.3471 9.31297 11.3471 9.12699 24037 480 0.030626
30.0278 99912 95568 0.0653321 11.5686 9.32267 11.5686 9.1375 24166 480 0.0304877
30.1584 101360 97016 0.0686075 11.4409 9.33184 11.4409 9.14747 24295 480 0.0303987
30.2908 102808 98464 0.0667325 11.6351 9.34191 11.6351 9.15835 24428 480 0.0302357
30.4248 104256 99912 0.0740758 11.4994 9.35141 11.4994 9.16866 24561 480 0.0302544
30.5005 105704 101360 0.0680785 20.9642 9.38024 20.9642 9.19793 24698 480 0.0299878
30.6367 107152 102808 0.0691026 11.6468 9.39032 11.6468 9.20882 24835 480 0.029872
30.7743 108600 104256 0.0695718 11.7033 9.40066 11.7033 9.21998 24974 480 0.0297476
30.913 110048 105704 0.0704745 11.7791 9.41133 11.7791 9.23146 25115 480 0.0296329
31.0531 111496 107152 0.0706849 11.8232 9.42221 11.8232 9.24315 25258 480 0.0295048
31.1944 112944 108600 0.072715 11.8866 9.43337 11.8866 9.25512 25403 480 0.0294201
31.2628 111496 110048 0.0793223 8.97962 9.43238 8.97962 9.25452 25456 480 0.0294998
31.2629 110555 110048 0.0793223 96.4048 9.43271 0 9.25449 25457 481 0.0294977
31.263 110085 108600 0.0793223 0 9.43268 0 9.25445 25457 481 0.0296284
31.2631 109614 108600 0.0793223 96.4048 9.43301 0 9.25442 25458 482 0.0296284
31.2632 109143 107152 0.0793223 0 9.43298 0 9.25438 25458 482 0.0297607
31.2634 108673 107152 0.0793223 96.4048 9.43331 0 9.25434 25459 483 0.0297607
31.2635 108202 107152 0.0793223 96.4048 9.43364 0 9.25431 25460 484 0.0297607
31.2636 107732 105704 0.0793223 0 9.43361 0 9.25427 25460 484 0.0298932
31.2637 107261 105704 0.0793223 96.4048 9.43394 0 9.25424 25461 485 0.0298932
31.2639 106790 105704 0.0793223 96.4048 9.43428 0 9.2542 25462 486 0.0298932
31.264 106320 104256 0.0793223 0 9.43424 0 9.25417 25462 486 0.030026
31.2641 105849 104256 0.0793223 96.4048 9.43457 0 9.25413 25463 487 0.030026
31.2642 105379 104256 0.0793223 96.4048 9.43491 0 9.2541 25464 488 0.030026
31.2643 104908 102808 0.0793223 0 9.43487 0 9.25406 25464 488 0.0301592
31.2645 104437 102808 0.0793223 96.4048 9.43521 0 9.25402 25465 489 0.0301592
31.2646 103967 102808 0.0793223 96.4048 9.43554 0 9.25399 25466 490 0.0301592
31.2647 103496 101360 0.0793223 0 9.4355 0 9.25395 25466 490 0.0302926
31.2648 103026 101360 0.0793223 96.4048 9.43584 0 9.25392 25467 491 0.0302926
31.2649 102555 101360 0.0793223 96.4048 9.43617 0 9.25388 25468 492 0.0302926
31.2651 102084 99912 0.0793223 0 9.43614 0 9.25385 25468 492 0.0304263
31.2652 101614 99912 0.0793223 96.4048 9.43647 0 9.25381 25469 493 0.0304263
31.2653 101143 99912 0.0793223 96.4048 9.43681 0 9.25378 25470 494 0.0304263
31.2654 100673 98464 0.0793223 0 9.43677 0 9.25374 25470 494 0.0305604
31.2655 100202 98464 0.0793223 96.4048 9.4371 0 9.2537 25471 495 0.0305604
31.2657 99731 98464 0.0793223 96.4048 9.43744 0 9.25367 25472 496 0.0305604
31.2658 99261 97016 0.0793223 0 9.4374 0 9.25363 25472 496 0.0306947
31.2659 98790 97016 0.0793223 95.8845 9.43774 0 9.2536 25473 497 0.0306947
31.266 98320 97016 0.0793223 96.4048 9.43807 0 9.25356 25474 498 0.0306947
31.2661 96401 94120 0.0793223 0 9.43803 0 9.25353 25474 498 0.0309704
31.2663 95930 94120 0.0793223 96.4048 9.43837 0 9.25349 25475 499 0.0309642
31.2664 95460 94120 0.0793223 96.4048 9.4387 0 9.25345 25476 500 0.0309642
31.2665 94989 92672 0.0793223 0 9.43867 0 9.25342 25476 500 0.0310994
31.2666 94519 92672 0.0793223 96.4048 9.439 0 9.25338 25477 501 0.0310994
31.2667 94048 92672 0.0793223 96.4048 9.43933 0 9.25335 25478 502 0.0310994
31.2669 93577 91224 0.0793223 0 9.4393 0 9.25331 25478 502 0.031235
31.267 93107 91224 0.0793223 96.4048 9.43963 0 9.25328 25479 503 0.031235
31.2671 92636 91224 0.0793223 96.4048 9.43997 0 9.25324 25480 504 0.031235
31.2672 89776 89776 0.0793223 0 9.43993 0 9.25321 25480 504 0.0313849
31.2673 88328 88328 0.0793223 0 9.43989 0 9.25317 25480 504 0.0315102
31.2675 86880 86880 0.0793223 0 9.43986 0 9.25313 25480 504 0.0316466
31.2676 85432 85432 0.0793223 0 9.43982 0 9.2531 25480 504 0.0317833
31.2677 83984 83984 0.0793223 0 9.43978 0 9.25306 25480 504 0.0319204
31.2678 82536 82536 0.0793223 0 9.43975 0 9.25303 25480 504 0.0320577
31.2679 81088 81088 0.0793223 0 9.43971 0 9.25299 25480 504 0.0321953
31.2681 79640 79640 0.0793223 0 9.43968 0 9.25296 25480 504 0.0323332
31.2682 78192 78192 0.0793223 0 9.43964 0 9.25292 25480 504 0.0324714
31.3308 79640 76744 0.0793223 8.88201 9.43853 0 9.23443 25528 552 0.0326099
31.3344 81088 76744 0.0655465 96.4048 9.44853 96.4048 9.24446 25558 552 0.0322673
31.3918 82536 78192 0.0723532 0.605051 9.43235 0.605051 9.22865 25561 552 0.0322506
31.4562 83984 79640 0.0642969 10.252 9.43403 10.252 9.23075 25618 552 0.0319783
31.521 85432 81088 0.0717665 10.1949 9.43559 10.1949 9.23273 25675 552 0.0319604
31.5864 86880 82536 0.0653391 10.4557 9.4377 10.4557 9.23526 25734 552 0.0317128
31.652 88328 83984 0.0728347 10.4174 9.43973 10.4174 9.23771 25793 552 0.0317117
31.7182 89776 85432 0.0660541 10.6728 9.44231 10.6728 9.24071 25854 552 0.0314466
31.7845 91224 86880 0.073876 10.6534 9.44483 10.6534 9.24366 25915 552 0.0314658
31.8514 92672 88328 0.0667323 10.904 9.4479 10.904 9.24714 25978 552 0.0311822
31.9229 94120 89776 0.0679493 16.0405 9.46267 16.0405 9.26236 26077 552 0.0310639
32.0549 95568 91224 0.0757916 8.16543 9.45733 8.16543 9.25784 26170 552 0.0311143
32.1231 97016 92672 0.0761463 11.0322 9.46067 11.0322 9.26161 26235 552 0.0309901
32.1921 98464 94120 0.0685943 11.2528 9.46451 11.2528 9.26588 26302 552 0.0306681
32.3308 99912 95568 0.0694724 11.2779 9.47229 11.2779 9.27451 26437 552 0.030549
32.4008 101360 97016 0.0694817 11.4098 9.47648 11.4098 9.27913 26506 552 0.0304146
32.5418 102808 98464 0.0705692 11.4239 9.48491 11.4239 9.28842 26645 552 0.030302
32.6125 104256 99912 0.0705501 11.621 9.48955 11.621 9.29348 26716 552 0.0301676
32.7552 102808 101360 0.0711526 11.8577 9.49986 11.8577 9.30464 26862 552 0.030047
32.7553 101869 101360 0.0711526 96.4048 9.50018 0 9.30461 26863 553 0.0300448
32.7554 101400 99912 0.0711526 0 9.50014 0 9.30457 26863 553 0.0301774
32.7555 100930 99912 0.0711526 96.4048 9.50046 0 9.30454 26864 554 0.0301774
32.7556 100460 98464 0.0711526 0 9.50043 0 9.30451 26864 554 0.0303114
32.7558 99991 98464 0.0711526 96.4048 9.50075 0 9.30447 26865 555 0.0303114
32.7559 99521 98464 0.0711526 96.4048 9.50107 0 9.30444 26866 556 0.0303114
32.756 99052 97016 0.0711526 0 9.50103 0 9.3044 26866 556 0.0304457
32.7561 98582 97016 0.0711526 96.4048 9.50135 0 9.30437 26867 557 0.0304457
32.7562 98112 97016 0.0711526 96.4048 9.50167 0 9.30434 26868 558 0.0304457
32.7564 97643 95568 0.0711526 0 9.50163 0 9.3043 26868 558 0.0305803
32.7565 97173 95568 0.0711526 96.4048 9.50195 0 9.30427 26869 559 0.0305803
32.7566 96703 95568 0.0711526 96.4048 9.50227 0 9.30423 26870 560 0.0305803
32.7567 96234 94120 0.0711526 0 9.50224 0 9.3042 26870 560 0.0307152
32.7568 95764 94120 0.0711526 96.4048 9.50256 0 9.30417 26871 561 0.0307152
32.757 95295 94120 0.0711526 96.4048 9.50287 0 9.30413 26872 562 0.0307152
32.7571 94825 92672 0.0711526 0 9.50284 0 9.3041 26872 562 0.0308505
32.7572 94355 92672 0.0711526 96.4048 9.50316 0 9.30406 26873 563 0.0308505
32.7573 93886 92672 0.0711526 96.4048 9.50348 0 9.30403 26874 564 0.0308505
32.7574 93416 91224 0.0711526 0 9.50344 0 9.30399 26874 564 0.030986
32.7576 92946 91224 0.0711526 96.4048 9.50376 0 9.30396 26875 565 0.030986
32.7577 92477 91224 0.0711526 96.4048 9.50408 0 9.30393 26876 566 0.030986
32.7578 92007 89776 0.0711526 0 9.50404 0 9.30389 26876 566 0.0311218
32.7579 91538 89776 0.0711526 96.4048 9.50436 0 9.30386 26877 567 0.0311218
32.758 91068 89776 0.0711526 96.4048 9.50468 0 9.30382 26878 568 0.0311218
32.7582 90598 88328 0.0711526 0 9.50465 0 9.30379 26878 568 0.0312579
32.7583 90129 88328 0.0711526 96.4048 9.50497 0 9.30376 26879 569 0.0312579
32.7584 89659 88328 0.0711526 96.4048 9.50528 0 9.30372 26880 570 0.0312579
32.7585 89189 86880 0.0711526 0 9.50525 0 9.30369 26880 570 0.0313943
32.7586 88720 86880 0.0711526 96.4048 9.50557 0 9.30365 26881 571 0.0313943
32.7588 88250 86880 0.0711526 96.4048 9.50589 0 9.30362 26882 572 0.0313943
32.7589 87781 85432 0.0711526 0 9.50585 0 9.30359 26882 572 0.031531
32.759 87311 85432 0.0711526 96.4048 9.50617 0 9.30355 26883 573 0.031531
32.7591 86841 85432 0.0711526 96.4048 9.50649 0 9.30352 26884 574 0.031531
32.7592 86372 83984 0.0711526 0 9.50646 0 9.30348 26884 574 0.031668
32.7594 85902 83984 0.0711526 96.4048 9.50677 0 9.30345 26885 575 0.031668
32.7595 85432 83984 0.0711526 96.4048 9.50709 0 9.30341 26886 576 0.031668
32.7596 84963 83984 0.0711526 96.4048 9.50741 0 9.30338 26887 577 0.031668
32.7597 84493 82536 0.0711526 0 9.50738 0 9.30335 26887 577 0.0318054
32.7598 84024 82536 0.0711526 96.4048 9.5077 0 9.30331 26888 578 0.0318054
32.76 82536 82536 0.0711526 96.4048 9.50801 0 9.30328 26889 579 0.0318089
32.7601 81088 81088 0.0711526 0 9.50798 0 9.30324 26889 579 0.0319463
32.7602 79640 79640 0.0711526 0 9.50794 0 9.30321 26889 579 0.0320842
32.7603 78192 78192 0.0711526 0 9.50791 0 9.30318 26889 579 0.0322224
32.7604 76744 76744 0.0711526 0 9.50787 0 9.30314 26889 579 0.0323609
32.7606 75296 75296 0.0711526 0 9.50784 0 9.30311 26889 579 0.0324997
32.7607 73848 73848 0.0711526 0 9.5078 0 9.30307 26889 579 0.0326388
32.7608 72400 72400 0.0711526 0 9.50777 0 9.30304 26889 579 0.0327782
32.8262 73848 70952 0.0711526 4.07598 9.49695 0 9.28451 26912 602 0.0329179
32.8264 75296 70952 0.0711335 96.4048 9.49759 96.4048 9.28515 26914 602 0.0329175
33.0087 76744 72400 0.0610274 9.59599 9.49813 9.59599 9.28687 27065 602 0.0326549
33.132 78192 73848 0.0686489 9.86599 9.4995 9.86599 9.28902 27170 602 0.0325892
33.1966 79640 75296 0.0638148 13.4393 9.50717 13.4393 9.29711 27245 602 0.0323899
33.3823 81088 76744 0.0702592 8.79811 9.50323 8.79811 9.29433 27386 602 0.0323418
33.5093 82536 78192 0.0638653 10.1239 9.50558 10.1239 9.29747 27497 602 0.032113
33.6385 83984 79640 0.0684839 10.8511 9.51075 10.8511 9.30344 27618 602 0.0320318
33.7723 85432 81088 0.0649298 13.2405 9.52553 13.2405 9.31905 27771 602 0.0318462
33.9023 86880 82536 0.0662337 9.88996 9.52693 9.88996 9.32124 27882 602 0.0317232
34.0334 88328 83984 0.066056 9.9851 9.5287 9.9851 9.32379 27995 602 0.0315837
34.1656 89776 85432 0.0679005 10.0787 9.53082 10.0787 9.32671 28110 602 0.0314724
34.299 91224 86880 0.0673107 10.1616 9.53328 10.1616 9.32996 28227 602 0.0313267
34.4334 92672 88328 0.070341 10.2522 9.53608 10.2522 9.33356 28346 602 0.0312438
34.5686 94120 89776 0.0681871 10.3689 9.53934 10.3689 9.33761 28467 602 0.0310678
34.7048 95568 91224 0.0753736 10.2957 9.54231 10.2957 9.34137 28588 602 0.0311013
34.7806 97016 92672 0.0690273 19.0976 9.56314 19.0976 9.36264 28713 602 0.0308109
34.9176 98464 94120 0.069548 10.5707 9.56709 10.5707 9.36737 28838 602 0.0306854
35.0562 99912 95568 0.0698831 10.7766 9.57187 10.7766 9.37295 28967 602 0.030557
35.1957 101360 97016 0.0709657 10.7116 9.57639 10.7116 9.37826 29096 602 0.0304449
35.3362 102808 98464 0.0707608 10.9682 9.58192 10.9682 9.38458 29229 602 0.0303061
35.4773 104256 99912 0.0726356 10.9215 9.58725 10.9215 9.39069 29362 602 0.030216
35.6061 105704 101360 0.0637371 12.3204 9.59714 12.3204 9.40129 29499 602 0.0299365
35.7318 107152 102808 0.0667778 12.6266 9.6078 12.6266 9.41263 29636 602 0.0298351
35.8591 108600 104256 0.0641678 12.6418 9.61857 12.6418 9.4241 29775 602 0.0296734
35.9322 110048 105704 0.0653661 22.357 9.64447 22.357 9.4504 29916 602 0.029552
36.0622 111496 107152 0.0656847 12.7411 9.65564 12.7411 9.46226 30059 602 0.029423
36.1945 112944 108600 0.0671844 12.6964 9.66675 12.6964 9.47408 30204 602 0.02931
36.3284 114392 110048 0.067755 12.7213 9.678 12.7213 9.48605 30351 602 0.0291866
36.4638 115840 111496 0.069013 12.7456 9.6894 12.7456 9.49815 30500 602 0.0290761
36.601 117288 112944 0.069323 12.747 9.70086 12.747 9.51033 30651 602 0.0289504
36.7394 118736 114392 0.0721664 12.6364 9.71192 12.6364 9.52211 30802 602 0.0288805
36.88 120184 115840 0.0710123 12.7716 9.72358 12.7716 9.5345 30957 602 0.028723
37.0211 121632 117288 0.0782089 12.7281 9.73503 12.7281 9.54667 31112 602 0.0288028
37.0898 123080 118736 0.0599375 26.7978 9.76665 26.7978 9.57863 31271 602 0.0283411
37.2095 124528 120184 0.0610512 15.3899 9.78474 15.3899 9.59733 31430 602 0.0282123
37.3314 125976 121632 0.0618746 15.4818 9.80335 15.4818 9.61655 31593 602 0.0280852
37.4549 127424 123080 0.0628963 15.3009 9.82146 15.3009 9.63528 31756 602 0.0279608
37.5803 128872 124528 0.0635553 15.4211 9.84016 15.4211 9.65459 31923 602 0.0278361
37.7078 130320 125976 0.0656775 15.174 9.85819 15.174 9.67325 32090 602 0.0277271
37.8372 131768 127424 0.0656184 15.1276 9.87621 15.1276 9.69191 32259 602 0.027598
37.9687 133216 128872 0.069714 15.0688 9.89419 15.0688 9.71052 32430 602 0.0275328
38.1017 134664 130320 0.0670198 15.066 9.91225 15.066 9.72922 32603 602 0.0273599
38.1794 136112 131768 0.0680639 26.0755 9.94516 26.0755 9.76251 32778 602 0.0272482
38.3158 137560 133216 0.0690899 15.0341 9.96327 15.0341 9.78127 32955 602 0.0271386
38.4536 139008 134664 0.0701098 15.0449 9.98148 15.0449 9.80013 33134 602 0.0270313
38.5937 140456 136112 0.0710751 14.9651 9.99958 14.9651 9.81888 33315 602 0.0269252
38.7346 141904 137560 0.0718574 14.8885 10.0174 14.8885 9.83732 33496 602 0.0268169
38.855 143352 139008 0.0611774 17.7993 10.0415 17.7993 9.86199 33681 602 0.0265517
38.9775 144800 140456 0.064077 17.4852 10.0649 17.4852 9.88596 33866 602 0.0264412
39.1022 146248 141904 0.0633469 17.5535 10.0888 17.5535 9.91042 34055 602 0.0263104
39.1766 147696 143352 0.064016 29.4354 10.1255 29.4354 9.94749 34244 602 0.0261903
39.3044 149144 144800 0.0646735 17.5034 10.1495 17.5034 9.97204 34437 602 0.0260712
39.4336 150592 146248 0.0658933 17.2919 10.1729 17.2919 9.99604 34630 602 0.0259596
39.5652 152040 147696 0.0665915 17.3441 10.1967 17.3441 10.0205 34827 602 0.0258442
39.6978 153488 149144 0.0677127 17.2183 10.2202 17.2183 10.0445 35024 602 0.0257363
39.832 154936 150592 0.0681296 17.1751 10.2436 17.1751 10.0685 35223 602 0.0256193
39.9676 156384 152040 0.0698701 17.1633 10.2671 17.1633 10.0926 35424 602 0.0255274
40.1051 157832 153488 0.0696251 17.1068 10.2905 17.1068 10.1167 35627 602 0.0253996
40.2439 159280 154936 0.0750637 17.1108 10.3141 17.1108 10.1408 35832 602 0.0254112
40.3261 160728 156384 0.070679 29.1751 10.3525 29.1751 10.1796 36039 602 0.0251759
40.4669 162176 157832 0.0712662 17.1916 10.3763 17.1916 10.204 36248 602 0.0250667
40.595 163624 159280 0.0649992 19.082 10.4038 19.082 10.232 36459 602 0.024843
40.7239 165072 160728 0.0657858 18.9575 10.4309 18.9575 10.2596 36670 602 0.0247299
40.8547 166520 162176 0.0662716 19.0506 10.4584 19.0506 10.2877 36885 602 0.0246146
40.9815 167968 163624 0.0734296 15.9762 10.4755 15.9762 10.3054 37060 602 0.0246347
40.9854 169416 165072 0.0677784 99.4174 10.4839 99.4174 10.3137 37093 602 0.0243942
41.049 170864 166520 0.073804 15.1259 10.4911 15.1259 10.3212 37176 602 0.024404
41.0492 172312 167968 0.0730785 144.607 10.4918 144.607 10.322 37179 602 0.0242645
41.1165 173760 169416 0.0745061 19.7974 10.5071 19.7974 10.3375 37294 602 0.0241841
41.1167 175208 170864 0.0736928 144.607 10.5079 144.607 10.3382 37297 602 0.0240418
41.1846 176656 172312 0.0747524 19.9635 10.5234 19.9635 10.3541 37414 602 0.0239528
41.1849 178104 173760 0.0739083 144.607 10.5242 144.607 10.3549 37417 602 0.0238098
41.1933 179552 175208 0.0687572 97.782 10.542 97.782 10.3727 37488 602 0.0235745
41.2535 181000 176656 0.0754165 9.42881 10.5404 9.42881 10.3714 37537 602 0.0236173
41.2537 182448 178104 0.0746144 144.607 10.5412 144.607 10.3722 37540 602 0.0234753
41.3232 183896 179552 0.0694273 20.5152 10.558 20.5152 10.3892 37663 602 0.0232329
41.3234 185344 181000 0.0694989 144.607 10.5587 144.607 10.39 37666 602 0.023117
41.3325 186792 182448 0.069987 97.6733 10.578 97.6733 10.4093 37743 602 0.0230094
41.3932 188240 183896 0.0699689 9.35413 10.5762 9.35413 10.4077 37792 602 0.0228923
41.3935 189688 185344 0.0699728 144.607 10.577 144.607 10.4085 37795 602 0.022776
41.4639 191136 186792 0.077367 20.8932 10.5945 20.8932 10.4263 37922 602 0.022862
41.4641 192584 188240 0.0765711 144.607 10.5953 144.607 10.4271 37925 602 0.0227192
41.4653 194032 189688 0.0739669 106.045 10.598 106.045 10.4299 37936 602 0.0225241
41.5351 195480 191136 0.0782124 19.7456 10.6134 19.7456 10.4455 38055 602 0.0225455
41.5356 194032 192584 0.0774358 144.215 10.615 144.215 10.4471 38061 602 0.0224029
41.5357 193124 192584 0.0774358 96.4048 10.6152 0 10.447 38062 603 0.0224006
41.5358 191221 189688 0.0774358 0 10.6152 0 10.447 38062 603 0.0226357
41.536 190767 189688 0.0774358 96.4048 10.6154 0 10.447 38063 604 0.0226297
41.5361 190312 188240 0.0774358 0 10.6154 0 10.4469 38063 604 0.0227452
41.5362 189858 188240 0.0774358 96.4048 10.6156 0 10.4469 38064 605 0.0227452
41.5363 189403 188240 0.0774358 96.4048 10.6159 0 10.4469 38065 606 0.0227452
41.5364 188949 186792 0.0774358 0 10.6159 0 10.4468 38065 606 0.0228611
41.5366 188494 186792 0.0774358 96.4048 10.6161 0 10.4468 38066 607 0.0228611
41.5367 188040 186792 0.0774358 96.4048 10.6164 0 10.4468 38067 608 0.0228611
41.5368 187585 185344 0.0774358 0 10.6163 0 10.4468 38067 608 0.0229772
41.5369 187131 185344 0.0774358 96.4048 10.6166 0 10.4467 38068 609 0.0229772
41.5371 185228 183896 0.0774358 96.4048 10.6168 0 10.4467 38069 610 0.0230997
41.5372 184774 182448 0.0774358 0 10.6168 0 10.4467 38069 610 0.0232104
41.5373 184319 182448 0.0774358 96.4048 10.617 0 10.4466 38070 611 0.0232104
41.5374 183865 182448 0.0774358 96.4048 10.6173 0 10.4466 38071 612 0.0232104
41.5375 183410 181000 0.0774358 0 10.6173 0 10.4466 38071 612 0.0233274
41.5377 182956 181000 0.0774358 96.4048 10.6175 0 10.4465 38072 613 0.0233274
41.5378 182501 181000 0.0774358 96.4048 10.6177 0 10.4465 38073 614 0.0233274
41.5379 182047 181000 0.0774358 96.4048 10.618 0 10.4465 38074 615 0.0233274
41.538 181592 179552 0.0774358 0 10.618 0 10.4465 38074 615 0.0234447
41.5381 179552 179552 0.0774358 96.4048 10.6182 0 10.4464 38075 616 0.0234517
41.5383 178104 178104 0.0774358 0 10.6182 0 10.4464 38075 616 0.0235657
41.5384 176656 176656 0.0774358 0 10.6182 0 10.4464 38075 616 0.0236836
41.5385 175208 175208 0.0774358 0 10.6181 0 10.4463 38075 616 0.0238018
41.5386 173760 173760 0.0774358 0 10.6181 0 10.4463 38075 616 0.0239204
41.5387 172312 172312 0.0774358 0 10.6181 0 10.4463 38075 616 0.0240392
41.5389 170864 170864 0.0774358 0 10.618 0 10.4462 38075 616 0.0241583
41.539 169416 169416 0.0774358 0 10.618 0 10.4462 38075 616 0.0242777
41.5391 167968 167968 0.0774358 0 10.618 0 10.4462 38075 616 0.0243974
41.5392 166520 166520 0.0774358 0 10.6179 0 10.4462 38075 616 0.0245174
41.5393 165072 165072 0.0774358 0 10.6179 0 10.4461 38075 616 0.0246377
41.5395 163624 163624 0.0774358 0 10.6179 0 10.4461 38075 616 0.0247584
41.5396 162176 162176 0.0774358 0 10.6178 0 10.4461 38075 616 0.0248793
41.5397 160728 160728 0.0774358 0 10.6178 0 10.446 38075 616 0.0250005
41.5398 159280 159280 0.0774358 0 10.6178 0 10.446 38075 616 0.025122
41.5399 157832 157832 0.0774358 0 10.6178 0 10.446 38075 616 0.0252438
41.5401 156384 156384 0.0774358 0 10.6177 0 10.4459 38075 616 0.0253659
41.5402 154936 154936 0.0774358 0 10.6177 0 10.4459 38075 616 0.0254883
41.5403 153488 153488 0.0774358 0 10.6177 0 10.4459 38075 616 0.025611
41.5404 152040 152040 0.0774358 0 10.6176 0 10.4459 38075 616 0.025734
41.5405 150592 150592 0.0774358 0 10.6176 0 10.4458 38075 616 0.0258572
41.5407 149943 149144 0.0774358 0 10.6176 0 10.4458 38075 616 0.0259779
41.5408 147696 147696 0.0774358 0 10.6175 0 10.4458 38075 616 0.02611
41.5409 146248 146248 0.0774358 0 10.6175 0 10.4457 38075 616 0.0262289
41.541 144800 144800 0.0774358 0 10.6175 0 10.4457 38075 616 0.0263534
41.5411 143352 143352 0.0774358 0 10.6174 0 10.4457 38075 616 0.0264782
41.5413 141904 141904 0.0774358 0 10.6174 0 10.4456 38075 616 0.0266033
41.5414 140456 140456 0.0774358 0 10.6174 0 10.4456 38075 616 0.0267286
41.5415 139008 139008 0.0774358 0 10.6174 0 10.4456 38075 616 0.0268543
41.5416 137560 137560 0.0774358 0 10.6173 0 10.4456 38075 616 0.0269803
41.5417 136112 136112 0.0774358 0 10.6173 0 10.4455 38075 616 0.0271066
41.6069 133216 131768 0.0774358 13.6959 10.6221 0 10.4292 38152 693 0.0274984
41.607 136112 131768 0.0774358 96.4048 10.6224 0 10.4291 38153 694 0.0274984
41.6686 137560 134664 0.0774358 17.6654 10.6328 0 10.4137 38247 788 0.0272331
41.6689 139008 134664 0.0755064 96.4048 10.6333 96.4048 10.4142 38249 788 0.0271696
41.7304 140456 136112 0.0684129 16.7579 10.6423 16.7579 10.4236 38338 788 0.0268733
41.734 141904 137560 0.0631683 99.6183 10.65 99.6183 10.4313 38369 788 0.0266863
41.7932 143352 139008 0.062549 13.1017 10.6535 13.1017 10.435 38436 788 0.0265568
41.8567 144800 140456 0.0631197 18.0759 10.6647 18.0759 10.4466 38535 788 0.0264344
41.8574 146248 141904 0.0633146 112.472 10.6665 112.472 10.4484 38542 788 0.0263102
41.9202 147696 143352 0.0701986 17.1427 10.6762 17.1427 10.4584 38635 788 0.0262782
41.9845 149144 144800 0.0706208 18.1998 10.6877 18.1998 10.4703 38736 788 0.0261622
41.9881 150592 146248 0.0653434 99.6183 10.6953 99.6183 10.4779 38767 788 0.0259535
42.0494 152040 147696 0.0645684 13.7991 10.6999 13.7991 10.4828 38840 788 0.0258216
42.1149 153488 149144 0.0650499 18.5734 10.7121 18.5734 10.4954 38945 788 0.0257023
42.1272 154936 150592 0.0657078 97.3499 10.7373 97.3499 10.5206 39048 788 0.0255858
42.1803 156384 152040 0.0723693 0.654331 10.7246 0.654331 10.5082 39051 788 0.0255829
42.2464 157832 153488 0.0723245 18.7551 10.7372 18.7551 10.5211 39158 788 0.0254588
42.3133 159280 154936 0.0664151 18.8656 10.75 18.8656 10.5343 39267 788 0.0252254
42.3802 160728 156384 0.0739915 18.8656 10.7628 18.8656 10.5475 39376 788 0.0252576
42.3821 162176 157832 0.0695274 102.43 10.767 102.43 10.5516 39393 788 0.0250305
42.4477 163624 159280 0.0670771 16.7737 10.7763 16.7737 10.5612 39488 788 0.024868
42.5159 165072 160728 0.067747 19.2129 10.7898 19.2129 10.5751 39601 788 0.0247565
42.5842 166520 162176 0.0753614 19.1454 10.8032 19.1454 10.5889 39714 788 0.0248112
42.6531 167968 163624 0.0686416 19.3483 10.817 19.3483 10.603 39829 788 0.024529
42.7221 169416 165072 0.0760919 19.3145 10.8307 19.3145 10.6171 39944 788 0.0245927
42.7918 170864 166520 0.0691738 19.4472 10.8448 19.4472 10.6314 40061 788 0.0242976
42.8617 172312 167968 0.0769128 19.3803 10.8587 19.3803 10.6457 40178 788 0.0243795
42.9319 173760 169416 0.0701189 19.6441 10.8731 19.6441 10.6604 40297 788 0.0240761
43.0023 175208 170864 0.0774732 19.5771 10.8873 19.5771 10.675 40416 788 0.0241596
43.0735 176656 172312 0.0707347 19.6711 10.9018 19.6711 10.6899 40537 788 0.0238504
43.1445 178104 173760 0.0785254 19.7377 10.9164 19.7377 10.7048 40658 788 0.0239595
43.2079 179552 175208 0.0702298 22.5005 10.9334 22.5005 10.7221 40781 788 0.0236025
43.2785 181000 176656 0.0643501 29.3477 10.9634 29.3477 10.7525 40960 788 0.0233985
43.4016 182448 178104 0.0712474 18.17 10.9838 18.17 10.7735 41153 788 0.0233882
43.4738 183896 179552 0.0661441 28.7129 11.0133 28.7129 10.8033 41332 788 0.0231818
43.6002 185344 181000 0.0731642 18.2363 11.0342 18.2363 10.8249 41531 788 0.0232
43.7354 186792 182448 0.0675684 21.8518 11.0677 21.8518 10.859 41786 788 0.022967
43.8721 188240 183896 0.0750059 21.7716 11.101 21.7716 10.893 42043 788 0.0230181
44.0103 189688 185344 0.0689147 21.712 11.1344 21.712 10.9269 42302 788 0.022756
44.15 191136 186792 0.0769635 21.6351 11.1676 21.6351 10.9608 42563 788 0.0228482
44.363 192584 188240 0.0711239 21.4898 11.2171 21.4898 11.0114 42958 788 0.0225683
44.6252 194032 189688 0.0713014 23.3722 11.2886 23.3722 11.084 43487 788 0.0224567
44.9561 195480 191136 0.0663445 23.4186 11.3778 23.4186 11.1748 44156 788 0.022254
45.9927 194032 192584 0.0782763 22.5172 11.6289 22.5172 11.4304 46171 788 0.0224329
45.9928 193124 192584 0.0782763 96.4048 11.6291 0 11.4304 46172 789 0.0224306
45.9929 192669 191136 0.0782763 0 11.6291 0 11.4304 46172 789 0.0225445
45.9931 192215 191136 0.0782763 96.4048 11.6293 0 11.4303 46173 790 0.0225444
45.9932 191760 189688 0.0782763 0 11.6293 0 11.4303 46173 790 0.0226597
45.9933 191306 189688 0.0782763 96.4048 11.6295 0 11.4303 46174 791 0.0226597
45.9934 190851 189688 0.0782763 96.4048 11.6297 0 11.4303 46175 792 0.0226597
45.9935 190397 188240 0.0782763 0 11.6297 0 11.4302 46175 792 0.0227752
45.9937 189942 188240 0.0782763 96.4048 11.6299 0 11.4302 46176 793 0.0227752
45.9938 189488 188240 0.0782763 96.4048 11.6301 0 11.4302 46177 794 0.0227752
45.9939 189033 186792 0.0782763 0 11.6301 0 11.4301 46177 794 0.0228911
45.994 188579 186792 0.0782763 96.4048 11.6303 0 11.4301 46178 795 0.0228911
45.9941 188124 186792 0.0782763 96.4048 11.6306 0 11.4301 46179 796 0.0228911
45.9943 187670 185344 0.0782763 0 11.6305 0 11.43 46179 796 0.0230072
45.9944 187215 185344 0.0782763 96.4048 11.6307 0 11.43 46180 797 0.0230072
45.9945 186761 185344 0.0782763 96.4048 11.631 0 11.43 46181 798 0.0230072
45.9946 186306 183896 0.0782763 0 11.6309 0 11.43 46181 798 0.0231236
45.9947 185852 183896 0.0782763 96.4048 11.6312 0 11.4299 46182 799 0.0231236
45.9949 185397 183896 0.0782763 96.4048 11.6314 0 11.4299 46183 800 0.0231236
45.995 184943 183896 0.0782763 96.4048 11.6316 0 11.4299 46184 801 0.0231236
45.9951 184488 182448 0.0782763 0 11.6316 0 11.4298 46184 801 0.0232404
45.9952 182448 182448 0.0782763 96.4048 11.6318 0 11.4298 46185 802 0.0232474
45.9953 181000 181000 0.0782763 0 11.6318 0 11.4298 46185 802 0.0233608
45.9955 179552 179552 0.0782763 0 11.6317 0 11.4297 46185 802 0.0234781
45.9956 178104 178104 0.0782763 0 11.6317 0 11.4297 46185 802 0.0235957
45.9957 176656 176656 0.0782763 0 11.6317 0 11.4297 46185 802 0.0237136
45.9958 175208 175208 0.0782763 0 11.6316 0 11.4297 46185 802 0.0238319
45.9959 173760 173760 0.0782763 0 11.6316 0 11.4296 46185 802 0.0239504
45.9961 172312 172312 0.0782763 0 11.6316 0 11.4296 46185 802 0.0240692
45.9962 170864 170864 0.0782763 0 11.6316 0 11.4296 46185 802 0.0241883
45.9963 169416 169416 0.0782763 0 11.6315 0 11.4295 46185 802 0.0243077
45.9964 167968 167968 0.0782763 0 11.6315 0 11.4295 46185 802 0.0244274
45.9965 166520 166520 0.0782763 0 11.6315 0 11.4295 46185 802 0.0245475
45.9967 165072 165072 0.0782763 0 11.6314 0 11.4295 46185 802 0.0246678
45.9968 163624 163624 0.0782763 0 11.6314 0 11.4294 46185 802 0.0247884
45.9969 162176 162176 0.0782763 0 11.6314 0 11.4294 46185 802 0.0249093
45.997 160728 160728 0.0782763 0 11.6313 0 11.4294 46185 802 0.0250305
45.9971 159280 159280 0.0782763 0 11.6313 0 11.4293 46185 802 0.025152
45.9973 157832 157832 0.0782763 0 11.6313 0 11.4293 46185 802 0.0252738
45.9974 156384 156384 0.0782763 0 11.6312 0 11.4293 46185 802 0.0253959
45.9975 154936 154936 0.0782763 0 11.6312 0 11.4292 46185 802 0.0255183
45.9976 153488 153488 0.0782763 0 11.6312 0 11.4292 46185 802 0.025641
45.9977 152839 152040 0.0782763 0 11.6312 0 11.4292 46185 802 0.025761
45.9979 150592 150592 0.0782763 0 11.6311 0 11.4292 46185 802 0.0258925
45.998 149144 149144 0.0782763 0 11.6311 0 11.4291 46185 802 0.0260108
45.9981 147696 147696 0.0782763 0 11.6311 0 11.4291 46185 802 0.0261347
45.9982 146248 146248 0.0782763 0 11.631 0 11.4291 46185 802 0.0262589
45.9984 144800 144800 0.0782763 0 11.631 0 11.429 46185 802 0.0263834
45.9985 143352 143352 0.0782763 0 11.631 0 11.429 46185 802 0.0265082
45.9986 141904 141904 0.0782763 0 11.6309 0 11.429 46185 802 0.0266333
45.9987 140456 140456 0.0782763 0 11.6309 0 11.4289 46185 802 0.0267586
45.9988 139008 139008 0.0782763 0 11.6309 0 11.4289 46185 802 0.0268843
45.999 137560 137560 0.0782763 0 11.6309 0 11.4289 46185 802 0.0270103
45.9991 136112 136112 0.0782763 0 11.6308 0 11.4289 46185 802 0.0271366
46.0566 137560 134664 0.0782763 16.1012 11.6364 0 11.4146 46265 882 0.0272631
46.0569 139008 134664 0.0764917 96.4048 11.6369 96.4048 11.415 46267 882 0.0272011
46.1148 140456 136112 0.0651262 17.8009 11.6446 17.8009 11.423 46356 882 0.0268288
46.122 141904 137560 0.0589616 98.0115 11.6581 98.0115 11.4366 46417 882 0.0266774
46.1743 143352 139008 0.0590694 8.19995 11.6542 8.19995 11.4329 46454 882 0.0265512
46.2339 144800 140456 0.0596042 19.2421 11.664 19.2421 11.443 46553 882 0.0264248
46.2454 146248 141904 0.0598023 97.409 11.6853 97.409 11.4644 46650 882 0.0262993
46.2939 147696 143352 0.065827 0.715877 11.6738 0.715877 11.4531 46653 882 0.0262081
46.3549 149144 144800 0.0663997 19.2049 11.6837 19.2049 11.4633 46754 882 0.0260903
46.4163 150592 146248 0.0612326 19.4319 11.694 19.4319 11.4739 46857 882 0.0259264
46.4216 152040 147696 0.0617224 98.5958 11.7039 98.5958 11.4838 46902 882 0.0258037
46.4779 153488 149144 0.0678936 12.1277 11.7044 12.1277 11.4846 46961 882 0.0257391
46.5404 154936 150592 0.0683226 19.4664 11.7148 19.4664 11.4953 47066 882 0.0256225
46.6036 156384 152040 0.0627136 19.6109 11.7255 19.6109 11.5063 47173 882 0.0254373
46.6134 157832 153488 0.0633931 97.5805 11.7437 97.5805 11.5245 47256 882 0.0253185
46.667 159280 154936 0.0699065 5.40386 11.7364 5.40386 11.5175 47281 882 0.0252824
46.7307 160728 156384 0.0701845 19.8266 11.7474 19.8266 11.5288 47390 882 0.0251656
46.7953 162176 157832 0.0640484 19.9272 11.7587 19.9272 11.5404 47501 882 0.0249561
46.8603 163624 159280 0.0712858 19.7799 11.7698 19.7799 11.5518 47612 882 0.0249453
46.9257 165072 160728 0.0652171 19.9885 11.7813 19.9885 11.5636 47725 882 0.0247237
46.9914 166520 162176 0.0722531 19.9519 11.7927 19.9519 11.5753 47838 882 0.0247254
47.001 167968 163624 0.0658774 97.6099 11.8103 97.6099 11.5929 47919 882 0.0244889
47.0634 169416 165072 0.0666406 15.3877 11.815 15.3877 11.5979 48002 882 0.0243778
47.1281 170864 166520 0.0669451 17.3815 11.8226 17.3815 11.6059 48099 882 0.0242617
47.1953 172312 167968 0.0688731 19.8328 11.834 19.8328 11.6176 48214 882 0.0241721
47.265 173760 169416 0.0676365 22.7715 11.8502 22.7715 11.634 48351 882 0.024032
47.3379 175208 170864 0.0682793 25.2527 11.8708 25.2527 11.655 48510 882 0.0239228
47.4655 176656 172312 0.0757814 14.2519 11.8772 14.2519 11.662 48667 882 0.0239842
47.5346 178104 173760 0.0760196 20.2869 11.8895 20.2869 11.6745 48788 882 0.023873
47.6044 179552 175208 0.0695148 20.4093 11.9019 20.4093 11.6873 48911 882 0.0235884
47.6747 181000 176656 0.0768829 20.2697 11.9143 20.2697 11.7 49034 882 0.0236646
47.8161 182448 178104 0.0779812 20.3949 11.9394 20.3949 11.7257 49283 882 0.023585
47.8875 183896 179552 0.0780019 20.2872 11.9518 20.2872 11.7385 49408 882 0.0234681
47.8879 181000 179552 0.0780019 160.384 11.9529 160.384 11.7396 49413 882 0.0234793
47.888 180080 179552 0.0780019 96.4048 11.9531 0 11.7395 49414 883 0.0234659
47.8881 179620 178104 0.0780019 0 11.9531 0 11.7395 49414 883 0.0235824
47.8882 179160 178104 0.0780019 96.4048 11.9533 0 11.7395 49415 884 0.0235824
47.8883 178699 176656 0.0780019 0 11.9533 0 11.7395 49415 884 0.0237003
47.8885 178239 176656 0.0780019 96.4048 11.9535 0 11.7394 49416 885 0.0237003
47.8886 177779 176656 0.0780019 96.4048 11.9537 0 11.7394 49417 886 0.0237003
47.8887 177319 175208 0.0780019 0 11.9537 0 11.7394 49417 886 0.0238185
47.8888 176859 175208 0.0780019 96.4048 11.9539 0 11.7393 49418 887 0.0238185
47.8889 176398 175208 0.0780019 96.4048 11.9541 0 11.7393 49419 888 0.0238186
47.8891 175938 173760 0.0780019 0 11.9541 0 11.7393 49419 888 0.0239371
47.8892 175478 173760 0.0780019 96.4048 11.9543 0 11.7392 49420 889 0.0239371
47.8893 175018 173760 0.0780019 96.4048 11.9545 0 11.7392 49421 890 0.0239371
47.8894 174557 172312 0.0780019 0 11.9545 0 11.7392 49421 890 0.0240559
47.8895 174097 172312 0.0780019 96.4048 11.9547 0 11.7392 49422 891 0.0240559
47.8897 173637 172312 0.0780019 96.4048 11.9549 0 11.7391 49423 892 0.0240559
47.8898 173177 170864 0.0780019 0 11.9549 0 11.7391 49423 892 0.024175
47.8899 172717 170864 0.0780019 96.4048 11.9551 0 11.7391 49424 893 0.024175
47.89 172256 170864 0.0780019 96.4048 11.9553 0 11.739 49425 894 0.024175
47.8901 171796 169416 0.0780019 0 11.9553 0 11.739 49425 894 0.0242944
47.8903 171336 169416 0.0780019 96.4048 11.9555 0 11.739 49426 895 0.0242944
47.8904 170876 169416 0.0780019 96.4048 11.9557 0 11.739 49427 896 0.0242944
47.8905 170416 169416 0.0780019 96.4048 11.9559 0 11.7389 49428 897 0.0242944
47.8906 167968 167968 0.0780019 0 11.9559 0 11.7389 49428 897 0.0244244
47.8908 166520 166520 0.0780019 0 11.9558 0 11.7389 49428 897 0.0245375
47.8909 165072 165072 0.0780019 0 11.9558 0 11.7388 49428 897 0.0246578
47.891 163624 163624 0.0780019 0 11.9558 0 11.7388 49428 897 0.0247784
47.8911 162176 162176 0.0780019 0 11.9557 0 11.7388 49428 897 0.0248993
47.8912 160728 160728 0.0780019 0 11.9557 0 11.7387 49428 897 0.0250205
47.8914 159280 159280 0.0780019 0 11.9557 0 11.7387 49428 897 0.025142
47.8915 157832 157832 0.0780019 0 11.9557 0 11.7387 49428 897 0.0252638
47.8916 156384 156384 0.0780019 0 11.9556 0 11.7387 49428 897 0.0253859
47.8917 154936 154936 0.0780019 0 11.9556 0 11.7386 49428 897 0.0255083
47.8918 153488 153488 0.0780019 0 11.9556 0 11.7386 49428 897 0.025631
47.892 152040 152040 0.0780019 0 11.9555 0 11.7386 49428 897 0.025754
47.8921 150592 150592 0.0780019 0 11.9555 0 11.7385 49428 897 0.0258773
47.8922 149144 149144 0.0780019 0 11.9555 0 11.7385 49428 897 0.0260009
47.8923 147696 147696 0.0780019 0 11.9554 0 11.7385 49428 897 0.0261248
47.8924 146248 146248 0.0780019 0 11.9554 0 11.7385 49428 897 0.026249
47.8926 144800 144800 0.0780019 0 11.9554 0 11.7384 49428 897 0.0263735
47.8927 143352 143352 0.0780019 0 11.9554 0 11.7384 49428 897 0.0264982
47.8928 141904 141904 0.0780019 0 11.9553 0 11.7384 49428 897 0.0266233
47.8929 140456 140456 0.0780019 0 11.9553 0 11.7383 49428 897 0.0267487
47.893 139008 139008 0.0780019 0 11.9553 0 11.7383 49428 897 0.0268744
47.8932 137560 137560 0.0780019 0 11.9552 0 11.7383 49428 897 0.0270003
47.8933 136837 136112 0.0780019 0 11.9552 0 11.7382 49428 897 0.0271238
47.8934 134664 134664 0.0780019 0 11.9552 0 11.7382 49428 897 0.0272579
47.8935 133216 133216 0.0780019 0 11.9551 0 11.7382 49428 897 0.0273801
47.8936 131768 131768 0.0780019 0 11.9551 0 11.7382 49428 897 0.0275072
47.8938 130320 130320 0.0780019 0 11.9551 0 11.7381 49428 897 0.0276347
47.8939 128872 128872 0.0780019 0 11.9551 0 11.7381 49428 897 0.0277625
47.894 127424 127424 0.0780019 0 11.955 0 11.7381 49428 897 0.0278905
47.9595 124528 123080 0.0780019 12.9129 11.9563 0.17689 11.7223 49501 969 0.0282877
48.0206 127424 123080 0.0780019 16.2884 11.9619 0 11.7074 49587 1055 0.0282877
48.0208 128872 125976 0.0780019 290.797 11.9625 0 11.7073 49590 1058 0.0280189
48.0766 130320 125976 0.0671107 16.5858 11.9679 16.5858 11.713 49670 1058 0.0277454
48.134 131768 127424 0.0628833 17.9875 11.9751 17.9875 11.7205 49759 1058 0.0275748
48.192 133216 128872 0.0576831 18.1632 11.9825 18.1632 11.7282 49850 1058 0.0274438
48.2504 134664 130320 0.0642051 18.0511 11.9899 18.0511 11.7359 49941 1058 0.0273283
48.3197 136112 131768 0.0591162 29.9072 12.0156 29.9072 11.762 50120 1058 0.0271839
48.4289 137560 133216 0.0596748 10.7116 12.0127 10.7116 11.7596 50221 1058 0.0270561
48.4894 139008 134664 0.0603831 18.2077 12.0204 18.2077 11.7676 50316 1058 0.0269293
48.6116 140456 136112 0.0609623 18.1055 12.0357 18.1055 11.7836 50507 1058 0.0268035
48.6736 141904 137560 0.0615331 18.1226 12.0434 18.1226 11.7916 50604 1058 0.0266786
48.7988 143352 139008 0.0626166 18.0412 12.0588 18.0412 11.8077 50799 1058 0.0265572
48.9259 144800 140456 0.0699678 17.9506 12.0741 17.9506 11.8236 50996 1058 0.026524
48.9944 146248 141904 0.0643022 23.5092 12.0901 23.5092 11.84 51135 1058 0.0263178
49.1244 147696 143352 0.065708 18.087 12.106 18.087 11.8565 51338 1058 0.0262067
49.3162 149144 144800 0.0657438 15.8863 12.1207 15.8863 11.8722 51601 1058 0.0260824
49.4495 150592 146248 0.0735995 17.8205 12.136 17.8205 11.8882 51806 1058 0.0261098
49.6517 152040 147696 0.0673834 17.8146 12.1592 17.8146 11.9123 52117 1058 0.0258552
49.9259 153488 149144 0.0758983 17.6165 12.1891 17.6165 11.9437 52534 1058 0.0259296
50.2753 154936 150592 0.0702396 17.5372 12.2263 17.5372 11.9825 53063 1058 0.0256581
50.3584 156384 152040 0.0707717 29.4376 12.2547 29.4376 12.0113 53274 1058 0.025546
50.4988 157832 153488 0.0710007 16.741 12.2672 16.741 12.0245 53477 1058 0.025428
50.6399 159280 154936 0.0714816 16.8339 12.2799 16.8339 12.0379 53682 1058 0.0253161
50.7665 160728 156384 0.0642332 18.9334 12.2965 18.9334 12.0551 53889 1058 0.0250798
50.8954 162176 157832 0.0657316 18.7953 12.3129 18.7953 12.0721 54098 1058 0.0249726
51.0261 163624 159280 0.0664805 18.6962 12.3293 18.6962 12.0891 54309 1058 0.02486
51.1585 165072 160728 0.0684566 18.4586 12.3452 18.4586 12.1056 54520 1058 0.024768
51.2926 166520 162176 0.0680227 18.5726 12.3614 18.5726 12.1225 54735 1058 0.0246396
51.4286 167968 163624 0.0742975 18.3101 12.3772 18.3101 12.1389 54950 1058 0.0246588
51.5103 169416 165072 0.0695624 31.048 12.4068 31.048 12.1689 55169 1058 0.0244252
51.6488 170864 166520 0.0705565 18.327 12.4227 18.327 12.1854 55388 1058 0.0243249
51.7887 172312 167968 0.0709706 18.4534 12.439 18.4534 12.2023 55611 1058 0.0242138
51.9294 173760 169416 0.0714602 18.3589 12.455 18.3589 12.219 55834 1058 0.024105
52.0513 175208 170864 0.0606 21.5817 12.4764 21.5817 12.2409 56061 1058 0.0238546
52.1717 176656 172312 0.0616788 21.8402 12.498 21.8402 12.2631 56288 1058 0.023738
52.2937 178104 173760 0.0621384 21.7504 12.5195 21.7504 12.2852 56517 1058 0.0236209
52.4169 179552 175208 0.0650251 21.7052 12.5412 21.7052 12.3073 56748 1058 0.0235231
52.542 181000 176656 0.063401 21.5776 12.5627 21.5776 12.3294 56981 1058 0.0233912
52.619 182448 178104 0.0640044 35.3434 12.596 35.3434 12.3631 57216 1058 0.0232777
52.7464 183896 179552 0.0647796 21.5547 12.6176 21.5547 12.3853 57453 1058 0.0231669
52.8744 185344 181000 0.0650639 21.6345 12.6395 21.6345 12.4077 57692 1058 0.0230524
53.0039 186792 182448 0.0657395 21.5525 12.6613 21.5525 12.43 57933 1058 0.0229426
53.1342 188240 183896 0.0665721 21.4332 12.6828 21.4332 12.4521 58174 1058 0.0228362
53.2657 189688 185344 0.0668955 21.57 12.7047 21.57 12.4746 58419 1058 0.0227241
53.3983 191136 186792 0.0690398 21.4136 12.7263 21.4136 12.4968 58664 1058 0.0226421
53.5318 192584 188240 0.0676482 21.6065 12.7485 21.6065 12.5195 58913 1058 0.0225031
53.6137 194032 189688 0.0683002 35.1976 12.7828 35.1976 12.5542 59162 1058 0.0223979
53.7492 195480 191136 0.0687084 21.6419 12.8051 21.6419 12.5771 59415 1058 0.0222896
53.8848 196928 192584 0.0692106 21.6036 12.8273 21.6036 12.5998 59668 1058 0.0221837
54.022 198376 194032 0.0697177 21.6953 12.8498 21.6953 12.6229 59925 1058 0.0220786
54.1605 199824 195480 0.0707804 21.507 12.8719 21.507 12.6456 60182 1058 0.0219861
54.3001 201272 196928 0.0709265 21.4878 12.8941 21.4878 12.6684 60441 1058 0.0218752
54.4406 202720 198376 0.0722863 21.5241 12.9163 21.5241 12.6912 60702 1058 0.021793
54.5638 204168 199824 0.0627483 24.712 12.943 24.712 12.7184 60965 1058 0.0215362
54.6899 205616 201272 0.0697176 24.3539 12.9693 24.3539 12.7452 61230 1058 0.0215099
54.7697 207064 202720 0.0648583 38.7652 13.0069 38.7652 12.7831 61497 1058 0.0213262
54.8984 208512 204168 0.0657584 24.2137 13.0331 24.2137 12.8099 61766 1058 0.0212232
