0.448308 14480 0 0 0 0 0 0 0 0 0.0428864
0.508153 15928 13032 0.0495 1.93567 0.227963 1.93567 0.227963 10 0 0.0382893
0.508393 17376 13032 0.0508125 96.4048 0.273426 96.4048 0.273426 12 0 0.038295
0.508633 18824 14480 0.0519609 144.607 0.341621 144.607 0.341621 15 0 0.0381141
0.508873 20272 15928 0.0529658 144.607 0.409752 144.607 0.409752 18 0 0.0379349
0.509114 21720 17376 0.0539701 144.607 0.477819 144.607 0.477819 21 0 0.0377582
0.561624 20272 18824 0.0539701 1.10302 0.536273 1.10302 0.536273 26 0 0.037571
0.561745 18824 18824 0.0539701 96.4048 0.55678 0 0.536158 27 1 0.037571
0.561865 17589 17376 0.0539701 0 0.556661 0 0.536044 27 1 0.0377566
0.561985 16695 15928 0.0539701 0 0.556542 0 0.535929 27 1 0.0379423
0.562105 15801 14480 0.0539701 0 0.556423 0 0.535814 27 1 0.0381305
0.562225 14906 13032 0.0539701 0 0.556304 0 0.5357 27 1 0.0383191
0.562345 14012 13032 0.0539701 96.4048 0.576784 0 0.535586 28 2 0.0383191
0.562465 13118 11584 0.0539701 0 0.576661 0 0.535471 28 2 0.0385082
0.562586 12223 11584 0.0539701 96.4048 0.597129 0 0.535357 29 3 0.0385082
0.562706 11329 10136 0.0539701 0 0.597001 0 0.535242 29 3 0.0386978
0.562826 9412 8688 0.0539701 0 0.596874 0 0.535128 29 3 0.0388958
0.562946 8688 7240 0.0539701 0 0.596746 0 0.535014 29 3 0.0390776
0.608366 9412 7240 0.0539701 0.765128 0.609317 0 0.49507 32 6 0.0390776
0.608366 10136 7240 0.0539701 0.765128 0.609317 0 0.49507 32 6 0.0390776
0.649134 11584 7240 0.0550893 1.70488 0.678122 1.70488 0.57105 38 6 0.0390966
0.693473 13032 8688 0.0557513 1.82882 0.751695 1.82882 0.651469 45 6 0.0389159
0.741657 14480 10136 0.0523724 1.68288 0.812192 1.68288 0.718478 52 6 0.0386849
0.793566 15928 11584 0.0572681 2.00843 0.890441 2.00843 0.802857 61 6 0.0385621
0.794527 17376 13032 0.0551838 108.455 1.02058 108.455 0.933103 70 6 0.0383387
0.845715 18824 14480 0.0532416 2.48933 1.10948 2.48933 1.0273 81 6 0.0381259
0.893539 20272 15928 0.051004 2.66445 1.1927 2.66445 1.11492 92 6 0.0379193
0.93908 21720 17376 0.0524202 3.30676 1.29523 3.30676 1.22121 105 6 0.0377421
0.984861 24616 18824 0.0487976 3.2894 1.38792 3.2894 1.31735 118 6 0.0375534
1.03256 26064 21720 0.0520654 3.88533 1.5033 3.88533 1.43599 134 6 0.0371788
1.08171 27512 23168 0.0542811 4.00705 1.61705 4.00705 1.5528 151 6 0.0370158
1.13049 30408 24616 0.0509664 4.03665 1.72147 4.03665 1.65999 168 6 0.0368173
1.17844 31856 27512 0.0546493 4.83232 1.84803 4.83232 1.78905 188 6 0.0364659
1.22578 33304 28960 0.0548308 5.13833 1.97511 5.13833 1.91841 209 6 0.0362843
1.27336 37648 30408 0.0494717 5.11238 2.09235 5.11238 2.03776 230 6 0.0361029
1.32119 39096 34752 0.054162 6.05558 2.2358 6.05558 2.1832 255 6 0.0355444
1.32407 43440 36200 0.0494824 100.422 2.44965 100.422 2.39716 280 6 0.0353736
1.3725 49232 40544 0.0488982 6.93732 2.60799 6.93732 2.55735 309 6 0.0348708
1.42116 56472 46336 0.048726 7.61717 2.77952 7.61717 2.73061 341 6 0.0342066
1.47007 63712 53576 0.0492628 8.76407 2.97861 8.76407 2.93133 378 6 0.0333227
1.51861 70952 60816 0.0504511 10.2609 3.2114 10.2609 3.16563 421 6 0.0324538
1.56631 81088 68056 0.0484208 11.4132 3.46119 11.4132 3.41681 468 6 0.0317261
1.6139 91224 78192 0.049466 13.3896 3.75391 13.3896 3.71085 523 6 0.0305413
1.66184 104256 88328 0.0483299 14.7386 4.07082 14.7386 4.02899 584 6 0.0295617
1.71027 115840 101360 0.0506466 16.9845 4.43645 16.9845 4.39582 655 6 0.0280066
1.75917 131768 112944 0.0492309 18.4756 4.82674 18.4756 4.78723 733 6 0.0270644
1.80808 149144 128872 0.0495952 21.0811 5.2664 21.0811 5.22795 822 6 0.0255036
1.85698 162176 146248 0.0519476 24.1604 5.76398 24.1604 5.72656 924 6 0.0233641
1.90625 175208 159280 0.052144 26.0998 6.28955 26.0998 6.25309 1035 6 0.0220705
1.95491 198376 172312 0.0494764 28.3263 6.83813 28.3263 6.80257 1154 6 0.0218173
2.00346 215752 195480 0.0516188 32.4531 7.45879 32.4531 7.4241 1290 6 0.0190336
2.05248 231680 212856 0.0522237 34.9704 8.11592 34.9704 8.08206 1438 6 0.017376
2.10187 250504 228784 0.0520524 37.2953 8.80153 37.2953 8.76846 1597 6 0.016312
2.15149 278016 247608 0.050435 39.9158 9.5192 39.9158 9.4869 1768 6 0.0159062
2.20148 295392 275120 0.0531154 44.2628 10.3081 44.2628 10.2765 1959 6 0.0125923
2.25231 320008 292496 0.0518717 46.0373 11.1144 46.0373 11.0835 2161 6 0.0122047
2.30193 348968 317112 0.0515111 51.1202 11.9768 51.1202 11.9467 2380 6 0.0112337
2.3524 366344 346072 0.0540818 55.0885 12.9017 55.0885 12.8722 2620 6 0.00804005
2.40323 379376 363448 0.054743 57.4326 13.8436 57.4326 13.8146 2872 6 0.00673465
2.45322 399648 376480 0.0538628 60.4847 14.7939 60.4847 14.7656 3133 6 0.00672715
2.50248 441640 396752 0.0508964 64.4266 15.771 64.4266 15.7432 3407 6 0.00949649
2.55295 485080 438744 0.0510599 69.5492 16.8341 69.5492 16.8069 3710 6 0.0081404
2.60558 492320 482184 0.0563121 73.5142 17.979 73.5142 17.9523 4044 6 0.00175699
2.66085 485080 489424 0.0583329 71.0461 19.0814 71.0461 19.0552 4383 6 0.00161094
2.70147 493768 482184 0.056 94.9787 20.2224 94.9787 20.1967 4716 6 0.00181596
2.75554 515488 490872 0.0543495 72.8392 21.2549 72.8392 21.2297 5056 6 0.00267397
2.80877 545896 512592 0.0534296 77.2544 22.3162 77.2544 22.2914 5411 6 0.00344685
2.86272 570512 543000 0.0541924 80.5163 23.413 80.5163 23.3888 5786 6 0.00208253
2.91763 589336 567616 0.0550373 82.9039 24.5327 82.9039 24.5089 6179 6 0.00115033
2.97351 598024 586440 0.0561915 83.9655 25.6495 83.9655 25.6261 6584 6 0.000297201
3.02998 603816 595128 0.0566075 84.508 26.7466 84.508 26.7236 6996 6 0.000169913
3.08598 612504 600920 0.0561761 86.0609 27.8228 86.0609 27.8003 7412 6 0.000276614
3.14173 622640 609608 0.0559999 87.6785 28.885 87.6785 28.8629 7834 6 0.00035964
3.19785 631328 619744 0.0562304 88.5603 29.9322 88.5603 29.9105 8263 6 0.000320724
3.25456 632776 628432 0.0569729 88.6434 30.9553 88.6434 30.934 8697 6 0.000176157
3.31116 637120 629880 0.0567743 89.0363 31.9481 89.0363 31.9271 9132 6 0.000228607
3.36775 638568 634224 0.0569444 89.855 32.9212 89.855 32.9006 9571 6 0.000215968
3.42435 641464 635672 0.0567885 89.855 33.8622 89.855 33.8419 10010 6 0.000241923
3.48106 642912 638568 0.0569866 90.2774 34.7813 90.2774 34.7613 10452 6 0.00025186
3.53802 644360 640016 0.0572915 90.0998 35.6718 90.0998 35.6522 10895 6 0.000270076
3.5945 647256 641464 0.0567933 90.8666 36.539 90.8666 36.5197 11338 6 0.000291649
3.65121 650152 644360 0.0568867 91.0944 37.3865 91.0944 37.3674 11784 6 0.000320915
3.70817 651600 647256 0.0572114 91.1168 38.2117 91.1168 38.193 12232 6 0.000338799
3.76548 645808 648704 0.0576966 90.7458 39.0114 90.7458 38.9929 12681 6 0.000450775
3.82292 642912 642912 0.057491 89.5475 39.7706 89.5475 39.7525 13125 6 0.00031798
3.87964 644360 640016 0.0569702 90.2774 40.509 90.2774 40.4911 13567 6 0.000264208
3.93611 648704 641464 0.0567197 90.8666 41.2315 90.8666 41.2139 14010 6 0.000319481
3.99295 650152 645808 0.0570706 91.1056 41.9414 91.1056 41.924 14457 6 0.000321253
4.05002 648704 647256 0.0573926 90.722 42.6289 90.722 42.6117 14904 6 0.00034217
4.10746 642912 645808 0.0576942 90.1526 43.2934 90.1526 43.2765 15351 6 0.000420317
4.16441 644360 640016 0.057186 89.8965 43.9308 89.8965 43.9141 15793 6 0.000268127
4.22089 648704 641464 0.056666 90.8666 44.5588 90.8666 44.5423 16236 6 0.000318546
4.27773 650152 645808 0.0571357 91.1056 45.1773 91.1056 45.161 16683 6 0.000322438
4.3348 651600 647256 0.0572101 90.722 45.7769 90.722 45.7609 17130 6 0.000338775
4.39224 647256 648704 0.0576505 90.556 46.3625 90.556 46.3467 17579 6 0.000409115
4.44943 644360 644360 0.0574652 90.1263 46.9251 90.1263 46.9095 18024 6 0.000331532
4.50639 645808 641464 0.0572184 90.3032 47.4733 90.3032 47.4579 18468 6 0.000281833
4.56323 647256 642912 0.0571054 90.698 48.0117 90.698 47.9965 18913 6 0.000293337
4.62006 648704 644360 0.0571374 90.698 48.5368 90.698 48.5218 19358 6 0.000307962
4.67726 644360 645808 0.0575544 90.5314 49.0504 90.5314 49.0355 19805 6 0.000376857
4.73421 645808 641464 0.0571494 90.0998 49.5442 90.0998 49.5295 20248 6 0.000280566
4.79093 647256 642912 0.0569225 90.8901 50.0337 90.8901 50.0192 20693 6 0.00029004
4.84776 648704 644360 0.0570886 90.698 50.5104 90.698 50.4961 21138 6 0.000307073
4.90484 650152 645808 0.0572155 90.722 50.9783 90.722 50.9642 21585 6 0.000323903
4.96204 647256 647256 0.0574908 90.5314 51.4343 90.5314 51.4203 22032 6 0.000361497
5.01923 644360 644360 0.05745 90.3289 51.8775 90.3289 51.8636 22478 6 0.000331245
5.07619 645808 641464 0.0572126 90.3032 52.3086 90.3032 52.2949 22922 6 0.000281726
5.13302 647256 642912 0.0572056 90.698 52.7337 90.698 52.7202 23367 6 0.000295171
5.18986 648704 644360 0.0570242 90.698 53.1495 90.698 53.1361 23812 6 0.000305907
5.24706 645808 645808 0.0574811 90.5314 53.5569 90.5314 53.5437 24259 6 0.000346341
5.30401 647256 642912 0.0572914 90.3032 53.9515 90.3032 53.9384 24703 6 0.000296758
5.36073 648704 644360 0.0569918 90.8901 54.3423 90.8901 54.3294 25148 6 0.000305323
5.4178 650152 645808 0.0572101 90.722 54.7256 90.722 54.7128 25595 6 0.000323802
5.47488 651600 647256 0.0572248 90.722 55.1009 90.722 55.0882 26042 6 0.000339047
5.53232 645808 648704 0.0577431 90.556 55.4689 90.556 55.4564 26491 6 0.000451679
5.58951 642912 642912 0.0574851 89.9238 55.8215 89.9238 55.8091 26935 6 0.000317869
5.64623 645808 640016 0.0568866 90.2774 56.1676 90.2774 56.1553 27377 6 0.000280188
5.70282 648704 642912 0.0568381 90.8784 56.5121 90.8784 56.4999 27821 6 0.000306013
5.75966 650152 645808 0.0570473 90.9018 56.8514 90.9018 56.8394 28267 6 0.00032083
5.81685 648704 647256 0.0573882 90.5314 57.1826 90.5314 57.1707 28714 6 0.000342089
5.87405 645808 645808 0.0574809 90.5314 57.5073 90.5314 57.4955 29161 6 0.000346336
5.93101 647256 642912 0.0572872 90.3032 57.8223 90.3032 57.8106 29605 6 0.000296681
5.98784 648704 644360 0.0570142 90.698 58.1343 90.698 58.1227 30050 6 0.000305726
6.04492 650152 645808 0.0572407 90.722 58.442 90.722 58.4305 30497 6 0.000324367
6.10211 647256 647256 0.0574647 90.5314 58.7428 90.5314 58.7314 30944 6 0.000361002
6.15931 644360 644360 0.057546 90.3289 59.0361 90.3289 59.0248 31390 6 0.000333068
6.21627 645808 641464 0.0572551 90.3032 59.3226 90.3032 59.3114 31834 6 0.00028251
6.2731 647256 642912 0.0570212 90.698 59.6069 90.698 59.5958 32279 6 0.000291811
6.32994 648704 644360 0.0570706 90.698 59.886 90.698 59.875 32724 6 0.000306745
6.38713 645808 645808 0.0574367 90.5314 60.1604 90.5314 60.1496 33171 6 0.0003455
6.44409 647256 642912 0.0572709 90.3032 60.4269 90.3032 60.4161 33615 6 0.000296378
6.50081 648704 644360 0.0569763 90.8901 60.6926 90.8901 60.6819 34060 6 0.000305043
6.55788 650152 645808 0.0572248 90.722 60.954 90.722 60.9434 34507 6 0.000324074
6.61496 651600 647256 0.0572677 90.722 61.2108 90.722 61.2003 34954 6 0.00033984
6.67239 645808 648704 0.057694 90.556 61.4634 90.556 61.453 35403 6 0.000450726
6.72959 642912 642912 0.0574651 89.9238 61.7053 89.9238 61.695 35847 6 0.00031749
6.78631 644360 640016 0.0569883 90.2774 61.9441 90.2774 61.9339 36289 6 0.000264533
6.8429 648704 641464 0.056742 90.6737 62.1817 90.6737 62.1716 36732 6 0.00031987
6.89974 650152 645808 0.0571376 91.1056 62.42 91.1056 62.4099 37179 6 0.000322473
6.95693 648704 647256 0.0573015 90.5314 62.6511 90.5314 62.6411 37626 6 0.000340468
7.01413 645808 645808 0.0574359 90.5314 62.8785 90.5314 62.8686 38073 6 0.000345485
7.07108 647256 642912 0.0572589 90.3032 63.0994 90.3032 63.0895 38517 6 0.000296155
7.12792 648704 644360 0.0570414 90.698 63.3194 90.698 63.3097 38962 6 0.000306217
7.185 647256 645808 0.0573138 90.722 63.5371 90.722 63.5274 39409 6 0.000325724
7.24219 645808 644360 0.0573888 90.1263 63.7471 90.1263 63.7375 39854 6 0.000312619
7.29915 647256 642912 0.0572496 90.5066 63.9559 90.5066 63.9464 40299 6 0.000295985
7.35586 648704 644360 0.0569739 90.8901 64.1636 90.8901 64.1541 40744 6 0.000305
7.41294 650152 645808 0.0572677 90.722 64.3681 90.722 64.3587 41191 6 0.000324867
7.47002 648704 647256 0.0573926 90.722 64.5694 90.722 64.5601 41638 6 0.00034217
7.52745 642912 645808 0.0576941 90.1526 64.7646 90.1526 64.7554 42085 6 0.000420316
7.58441 644360 640016 0.0571849 89.8965 64.9534 89.8965 64.9442 42527 6 0.000268107
7.64088 650152 641464 0.0566421 90.8666 65.1449 90.8666 65.1358 42970 6 0.000358903
7.69772 651600 647256 0.0570807 91.3094 65.3381 91.3094 65.329 43418 6 0.000336409
7.75504 647256 648704 0.0576063 90.7458 65.5259 90.7458 65.5169 43867 6 0.000408262
7.81247 641464 644360 0.0576942 89.7492 65.7039 89.7492 65.695 44312 6 0.00040581
7.86943 642912 638568 0.0571861 89.8965 65.879 89.8965 65.8702 44754 6 0.000255485
7.9259 647256 640016 0.0566668 90.8666 66.0571 90.8666 66.0483 45197 6 0.000305452
7.9825 648704 644360 0.0569364 91.0831 66.2345 91.0831 66.2258 45642 6 0.000304329
8.03957 650152 645808 0.0572463 90.722 66.4084 90.722 66.3997 46089 6 0.000324471
8.09677 648704 647256 0.0574178 90.5314 66.5788 90.5314 66.5702 46536 6 0.000342646
8.15397 647256 645808 0.0573689 90.5314 66.7468 90.5314 66.7383 46983 6 0.000326754
8.21092 648704 644360 0.0571017 90.5066 66.9116 90.5066 66.9031 47428 6 0.00030731
8.268 650152 645808 0.0572648 90.722 67.076 90.722 67.0676 47875 6 0.000324812
8.32507 648704 647256 0.0573136 90.722 67.2381 90.722 67.2297 48322 6 0.000340692
8.38251 642912 645808 0.0577845 90.1526 67.3951 90.1526 67.3868 48769 6 0.000422075
8.43947 644360 640016 0.0571308 89.8965 67.5469 89.8965 67.5387 49211 6 0.000267116
8.49594 650152 641464 0.0566449 90.8666 67.702 90.8666 67.6938 49654 6 0.000358951
8.55278 651600 647256 0.0570921 91.3094 67.8588 91.3094 67.8507 50102 6 0.000336615
8.61009 648704 648704 0.0575222 90.7458 68.0112 90.7458 68.0031 50551 6 0.000377534
8.66753 642912 645808 0.057775 89.9509 68.1566 89.9509 68.1486 50997 6 0.00042189
8.72449 644360 640016 0.0572199 89.8965 68.2985 89.8965 68.2905 51439 6 0.000268751
8.78096 650152 641464 0.0566088 90.8666 68.4437 90.8666 68.4357 51882 6 0.000358328
8.8378 651600 647256 0.0570083 91.3094 68.5907 91.3094 68.5828 52330 6 0.0003351
8.89511 648704 648704 0.0575223 90.7458 68.7335 90.7458 68.7256 52779 6 0.000377534
8.95255 642912 645808 0.0577752 89.9509 68.8696 89.9509 68.8618 53225 6 0.000421894
9.00951 644360 640016 0.0572232 89.8965 69.0025 89.8965 68.9948 53667 6 0.000268811
9.06598 650152 641464 0.0566075 90.8666 69.1387 90.8666 69.131 54110 6 0.000358305
9.12282 651600 647256 0.0570142 91.3094 69.2768 91.3094 69.2692 54558 6 0.000335206
9.18013 648704 648704 0.0575348 90.7458 69.4109 90.7458 69.4033 55007 6 0.000377774
9.23757 642912 645808 0.057759 89.9509 69.5386 89.9509 69.5311 55453 6 0.000421577
9.29453 644360 640016 0.0572119 89.8965 69.6633 89.8965 69.6559 55895 6 0.000268603
9.351 648704 641464 0.0567325 90.8666 69.7914 90.8666 69.784 56338 6 0.000319703
9.40784 650152 645808 0.0570142 91.1056 69.9202 91.1056 69.9128 56785 6 0.000320233
9.46491 651600 647256 0.0572407 90.722 70.0456 90.722 70.0383 57232 6 0.00033934
9.52235 645808 648704 0.0577249 90.556 70.1693 90.556 70.162 57681 6 0.000451326
9.57955 642912 642912 0.0574777 89.9238 70.2873 89.9238 70.28 58125 6 0.000317729
9.63626 644360 640016 0.0569931 90.2774 70.4049 90.2774 70.3977 58567 6 0.00026462
9.69286 648704 641464 0.0567238 90.6737 70.5233 90.6737 70.5161 59010 6 0.000319551
9.74969 650152 645808 0.0570807 91.1056 70.6432 91.1056 70.6361 59457 6 0.000321436
9.80689 648704 647256 0.0573553 90.5314 70.7592 90.5314 70.7522 59904 6 0.000341471
9.86408 645808 645808 0.0574524 90.5314 70.8739 90.5314 70.8668 60351 6 0.000345796
9.92104 647256 642912 0.0572915 90.3032 70.9854 90.3032 70.9784 60795 6 0.000296761
9.97788 648704 644360 0.0570243 90.698 71.0977 90.698 71.0908 61240 6 0.000305907
10.035 650152 645808 0.0572677 90.722 71.2093 90.722 71.2024 61687 6 0.000324867
10.0921 647256 647256 0.0574366 90.5314 71.3188 90.5314 71.312 62134 6 0.000360472
10.1493 644360 644360 0.0575316 90.3289 71.426 90.3289 71.4191 62580 6 0.000332794
10.2063 645808 641464 0.0572485 90.3032 71.5313 90.3032 71.5245 63024 6 0.000282389
10.2631 647256 642912 0.0570362 90.698 71.6375 90.698 71.6307 63469 6 0.000292082
10.32 648704 644360 0.0571204 90.698 71.7424 90.698 71.7357 63914 6 0.000307652
10.3772 647256 645808 0.0573875 90.5314 71.846 90.5314 71.8393 64361 6 0.000327102
10.4341 648704 644360 0.0572284 90.5066 71.9478 90.5066 71.9412 64806 6 0.000309633
10.4911 650152 645808 0.0572841 90.9134 72.0508 90.9134 72.0442 65253 6 0.00032517
10.5482 648704 647256 0.0573356 90.722 72.1518 90.722 72.1453 65700 6 0.000341103
10.6055 644360 645808 0.0576438 90.3416 72.2501 90.3416 72.2436 66147 6 0.000378574
10.6627 642912 641464 0.057407 89.7213 72.3439 89.7213 72.3373 66590 6 0.000285346
10.7194 644360 640016 0.0569659 90.4816 72.4398 90.4816 72.4333 67033 6 0.000264132
10.7759 648704 641464 0.0566797 90.8666 72.5364 90.8666 72.53 67476 6 0.000318784
10.8327 650152 645808 0.0570807 91.1056 72.6338 91.1056 72.6274 67923 6 0.000321436
10.8898 648704 647256 0.0573057 90.722 72.7286 90.722 72.7223 68370 6 0.000340545
10.9472 644360 645808 0.0576484 90.1526 72.8201 90.1526 72.8137 68817 6 0.000378662
11.0042 645808 641464 0.0571764 90.0998 72.9095 90.0998 72.9032 69260 6 0.000281059
11.0609 647256 642912 0.0569739 90.8901 73.0017 90.8901 72.9954 69705 6 0.000290959
11.1177 648704 644360 0.0570807 90.698 73.0922 90.698 73.0859 70150 6 0.000306929
11.1748 647256 645808 0.0573058 90.722 73.1822 90.722 73.176 70597 6 0.000325574
11.232 645808 644360 0.0573714 90.1263 73.2685 90.1263 73.2623 71042 6 0.000312293
11.2889 647256 642912 0.0571002 90.5066 73.3555 90.5066 73.3493 71487 6 0.000293242
11.3457 648704 644360 0.0569491 90.8901 73.4431 90.8901 73.437 71932 6 0.000304555
11.4027 647256 645808 0.0573586 90.722 73.5296 90.722 73.5235 72379 6 0.00032656
11.4598 648704 644360 0.0572153 90.3161 73.6132 90.3161 73.6071 72824 6 0.000309392
11.517 645808 645808 0.0574865 90.5314 73.6972 90.5314 73.6912 73271 6 0.000346444
11.574 647256 642912 0.0571002 90.3032 73.7789 90.3032 73.7729 73715 6 0.000293242
11.6307 648704 644360 0.0569491 90.8901 73.8624 90.8901 73.8564 74160 6 0.000304556
11.6878 647256 645808 0.0573587 90.722 73.9447 90.722 73.9388 74607 6 0.000326562
11.7448 648704 644360 0.0572155 90.3161 74.0243 90.3161 74.0184 75052 6 0.000309396
11.802 645808 645808 0.0574908 90.5314 74.1043 90.5314 74.0984 75499 6 0.000346524
11.859 647256 642912 0.0571709 90.3032 74.1821 90.3032 74.1762 75943 6 0.000294533
11.9157 648704 644360 0.0569131 90.8901 74.2616 90.8901 74.2558 76388 6 0.000303913
11.9728 647256 645808 0.0573057 90.722 74.3401 90.722 74.3343 76835 6 0.000325572
12.0298 648704 644360 0.0572245 90.3161 74.4159 90.3161 74.4101 77280 6 0.000309561
12.087 645808 645808 0.0574739 90.5314 74.4921 90.5314 74.4864 77727 6 0.000346204
12.144 647256 642912 0.0571709 90.3032 74.5663 90.3032 74.5606 78171 6 0.000294534
12.2007 648704 644360 0.0569132 90.8901 74.6422 90.8901 74.6365 78616 6 0.000303914
12.2578 647256 645808 0.0573058 90.722 74.717 90.722 74.7114 79063 6 0.000325574
12.3149 648704 644360 0.0572248 90.3161 74.7893 90.3161 74.7837 79508 6 0.000309567
12.3721 645808 645808 0.0574811 90.5314 74.8621 90.5314 74.8565 79955 6 0.000346341
12.429 647256 642912 0.0572915 90.3032 74.9329 90.3032 74.9273 80399 6 0.000296761
12.4857 648704 644360 0.0569946 90.8901 75.0053 90.8901 74.9998 80844 6 0.000305373
12.5428 650152 645808 0.0572153 90.722 75.0769 90.722 75.0713 81291 6 0.000323899
12.5999 651600 647256 0.0572401 90.722 75.1477 90.722 75.1422 81738 6 0.000339329
12.6573 645808 648704 0.0577143 90.556 75.2177 90.556 75.2122 82187 6 0.000451119
12.7145 642912 642912 0.0574851 89.9238 75.2838 89.9238 75.2783 82631 6 0.000317869
12.7712 645808 640016 0.0568866 90.2774 75.3504 90.2774 75.345 83073 6 0.000280188
12.8278 648704 642912 0.0568381 90.8784 75.4189 90.8784 75.4135 83517 6 0.000306013
12.8847 650152 645808 0.0570473 90.9018 75.4872 90.9018 75.4818 83963 6 0.000320831
12.9419 648704 647256 0.0573882 90.5314 75.5537 90.5314 75.5483 84410 6 0.000342088
12.9991 645808 645808 0.0574812 90.5314 75.6196 90.5314 75.6142 84857 6 0.000346342
13.056 647256 642912 0.0572914 90.3032 75.6836 90.3032 75.6783 85301 6 0.000296758
13.1128 648704 644360 0.0570239 90.698 75.7487 90.698 75.7434 85746 6 0.0003059
13.1699 650152 645808 0.0572668 90.722 75.8136 90.722 75.8083 86193 6 0.00032485
13.2271 648704 647256 0.0574156 90.5314 75.8773 90.5314 75.872 86640 6 0.000342603
13.2843 645808 645808 0.0575461 90.5314 75.9404 90.5314 75.9351 87087 6 0.000347577
13.3413 647256 642912 0.0572551 90.3032 76.0017 90.3032 75.9965 87531 6 0.000296085
13.3981 648704 644360 0.0570212 90.698 76.064 90.698 76.0588 87976 6 0.000305852
13.4552 647256 645808 0.0573593 90.722 76.1262 90.722 76.121 88423 6 0.000326574
13.5124 644360 644360 0.057507 90.1263 76.1855 90.1263 76.1803 88868 6 0.000332326
13.5693 645808 641464 0.0572376 90.3032 76.2447 90.3032 76.2396 89312 6 0.000282186
13.6261 647256 642912 0.0569864 90.8901 76.3057 90.8901 76.3006 89757 6 0.000291185
13.6829 648704 644360 0.0570408 90.698 76.3654 90.698 76.3604 90202 6 0.000306205
13.74 647256 645808 0.0573123 90.722 76.4251 90.722 76.42 90649 6 0.000325696
13.7972 645808 644360 0.0573528 90.1263 76.4819 90.1263 76.4768 91094 6 0.000311945
13.8541 647256 642912 0.0572715 90.5066 76.5395 90.5066 76.5345 91539 6 0.00029639
13.9108 648704 644360 0.0569847 90.8901 76.5981 90.8901 76.5931 91984 6 0.000305195
13.9679 650152 645808 0.0572407 90.722 76.6558 90.722 76.6508 92431 6 0.000324368
14.025 648704 647256 0.0573139 90.722 76.713 90.722 76.7081 92878 6 0.000340698
14.0824 644360 645808 0.0576414 90.1526 76.7678 90.1526 76.7629 93325 6 0.000378527
14.1394 645808 641464 0.0572185 90.0998 76.8215 90.0998 76.8166 93768 6 0.000281835
14.1961 647256 642912 0.0569769 90.8901 76.8777 90.8901 76.8728 94213 6 0.000291014
14.2529 648704 644360 0.0570695 90.698 76.9328 90.698 76.928 94658 6 0.000306726
14.31 647256 645808 0.0573899 90.722 76.9878 90.722 76.983 95105 6 0.000327147
14.3672 645808 644360 0.0573887 90.1263 77.0401 90.1263 77.0353 95550 6 0.000312617
14.4242 647256 642912 0.0572501 90.5066 77.0933 90.5066 77.0885 95995 6 0.000295993
14.4809 648704 644360 0.0569739 90.8901 77.1474 90.8901 77.1426 96440 6 0.000305001
14.5379 650152 645808 0.0572679 90.722 77.2007 90.722 77.1959 96887 6 0.00032487
14.595 648704 647256 0.0573926 90.722 77.2535 90.722 77.2488 97334 6 0.00034217
14.6525 642912 645808 0.0576943 90.1526 77.3041 90.1526 77.2993 97781 6 0.00042032
14.7094 644360 640016 0.0571863 89.8965 77.3528 89.8965 77.3481 98223 6 0.000268133
14.7659 648704 641464 0.056666 90.8666 77.4045 90.8666 77.3998 98666 6 0.000318546
14.8227 650152 645808 0.0571361 91.1056 77.4571 91.1056 77.4524 99113 6 0.000322444
14.8798 651600 647256 0.0572099 90.722 77.508 90.722 77.5033 99560 6 0.000338772
14.9372 647256 648704 0.0576509 90.556 77.5581 90.556 77.5535 100009 6 0.000409123
14.9944 644360 644360 0.0574655 90.1263 77.6061 90.1263 77.6014 100454 6 0.000331538
15.0514 645808 641464 0.057219 90.3032 77.6541 90.3032 77.6495 100898 6 0.000281843
15.1082 647256 642912 0.0571059 90.698 77.7032 90.698 77.6986 101343 6 0.000293346
15.1651 648704 644360 0.0571373 90.698 77.7519 90.698 77.7473 101788 6 0.00030796
15.2223 644360 645808 0.0575548 90.5314 77.7999 90.5314 77.7953 102235 6 0.000376864
15.2792 645808 641464 0.05715 90.0998 77.8458 90.0998 77.8412 102678 6 0.000280576
15.3359 647256 642912 0.0569232 90.8901 77.894 90.8901 77.8895 103123 6 0.000290052
15.3928 648704 644360 0.0570884 90.698 77.9413 90.698 77.9368 103568 6 0.000307069
15.4498 650152 645808 0.0572162 90.722 77.9885 90.722 77.984 104015 6 0.000323914
15.507 647256 647256 0.0574906 90.5314 78.0347 90.5314 78.0303 104462 6 0.000361494
15.5642 644360 644360 0.0574517 90.3289 78.0799 90.3289 78.0755 104908 6 0.000331276
15.6212 645808 641464 0.0572136 90.3032 78.1245 90.3032 78.12 105352 6 0.000281744
15.678 647256 642912 0.0572061 90.698 78.1701 90.698 78.1656 105797 6 0.000295181
15.7349 648704 644360 0.0570243 90.698 78.2153 90.698 78.2109 106242 6 0.000305907
15.7921 645808 645808 0.0574816 90.5314 78.2599 90.5314 78.2555 106689 6 0.00034635
15.849 647256 642912 0.0572921 90.3032 78.3032 90.3032 78.2988 107133 6 0.000296772
15.9057 648704 644360 0.0569919 90.8901 78.3481 90.8901 78.3437 107578 6 0.000305324
15.9628 650152 645808 0.0572111 90.722 78.3923 90.722 78.388 108025 6 0.000323821
16.0199 651600 647256 0.0572247 90.722 78.4363 90.722 78.4319 108472 6 0.000339045
16.0773 645808 648704 0.0577444 90.556 78.4796 90.556 78.4752 108921 6 0.000451705
16.1345 642912 642912 0.057486 89.9238 78.5201 89.9238 78.5158 109365 6 0.000317885
16.1912 645808 640016 0.0568867 90.2774 78.5613 90.2774 78.557 109807 6 0.00028019
16.2478 648704 642912 0.0568373 90.8784 78.6042 90.8784 78.5999 110251 6 0.000306
16.3047 650152 645808 0.0570467 90.9018 78.6471 90.9018 78.6428 110697 6 0.00032082
16.3619 648704 647256 0.0573876 90.5314 78.6886 90.5314 78.6844 111144 6 0.000342076
16.4191 645808 645808 0.0574868 90.5314 78.7299 90.5314 78.7257 111591 6 0.000346448
16.476 647256 642912 0.0572911 90.3032 78.7699 90.3032 78.7657 112035 6 0.000296753
16.5328 648704 644360 0.0570079 90.698 78.8109 90.698 78.8067 112480 6 0.000305613
16.5899 650152 645808 0.057244 90.722 78.8519 90.722 78.8477 112927 6 0.000324428
16.6471 647256 647256 0.0574645 90.5314 78.892 90.5314 78.8878 113374 6 0.000360998
16.7043 642912 644360 0.0575539 90.3289 78.9312 90.3289 78.927 113820 6 0.00036234
16.7613 644360 640016 0.0572596 90.0998 78.9691 90.0998 78.965 114263 6 0.000269484
16.8179 648704 641464 0.0567213 90.6737 79.0085 90.6737 79.0044 114706 6 0.000319509
16.8747 650152 645808 0.0570856 91.1056 79.0493 91.1056 79.0451 115153 6 0.000321525
16.9319 648704 647256 0.0573551 90.5314 79.088 90.5314 79.0839 115600 6 0.000341467
16.9891 645808 645808 0.0574734 90.5314 79.1266 90.5314 79.1225 116047 6 0.000346195
17.046 647256 642912 0.0572834 90.3032 79.1639 90.3032 79.1598 116491 6 0.00029661
17.1029 648704 644360 0.0570135 90.698 79.2022 90.698 79.1982 116936 6 0.000305714
17.16 650152 645808 0.0572765 90.722 79.2406 90.722 79.2365 117383 6 0.000325031
17.2172 647256 647256 0.0574363 90.5314 79.2781 90.5314 79.274 117830 6 0.000360465
17.2744 644360 644360 0.0575438 90.3289 79.3147 90.3289 79.3106 118276 6 0.000333026
17.3313 645808 641464 0.0572576 90.3032 79.3508 90.3032 79.3468 118720 6 0.000282556
17.3881 647256 642912 0.0570435 90.698 79.3879 90.698 79.3839 119165 6 0.000292214
17.445 648704 644360 0.0571183 90.698 79.4247 90.698 79.4207 119610 6 0.000307614
17.5022 647256 645808 0.0573964 90.5314 79.461 90.5314 79.457 120057 6 0.00032727
17.5591 648704 644360 0.0572569 90.5066 79.4968 90.5066 79.4929 120502 6 0.00031016
17.6161 650152 645808 0.0572804 90.9134 79.5337 90.9134 79.5298 120949 6 0.000325102
17.6732 648704 647256 0.0573191 90.722 79.5699 90.722 79.5659 121396 6 0.000340796
17.7305 644360 645808 0.0576599 90.3416 79.6047 90.3416 79.6008 121843 6 0.000378885
17.7877 642912 641464 0.0573993 89.7213 79.6372 89.7213 79.6333 122286 6 0.0002852
17.8444 644360 640016 0.0569908 90.4816 79.6717 90.4816 79.6678 122729 6 0.000264578
17.9009 648704 641464 0.0566837 90.8666 79.707 90.8666 79.7031 123172 6 0.000318854
17.9577 650152 645808 0.057089 91.1056 79.7431 91.1056 79.7392 123619 6 0.000321586
18.0148 648704 647256 0.0573039 90.722 79.7779 90.722 79.774 124066 6 0.000340512
18.0722 644360 645808 0.0576636 90.1526 79.8108 90.1526 79.807 124513 6 0.000378956
18.1292 645808 641464 0.0572308 90.0998 79.8432 90.0998 79.8393 124956 6 0.000282061
18.1859 647256 642912 0.0569709 90.8901 79.8776 90.8901 79.8738 125401 6 0.000290906
18.2427 648704 644360 0.0570451 90.698 79.9113 90.698 79.9075 125846 6 0.000306283
18.2998 647256 645808 0.0573351 90.722 79.945 90.722 79.9412 126293 6 0.000326121
18.357 645808 644360 0.0573702 90.1263 79.9768 90.1263 79.973 126738 6 0.00031227
18.4139 647256 642912 0.0571464 90.5066 80.0093 90.5066 80.0056 127183 6 0.000294086
18.4707 648704 644360 0.0569505 90.8901 80.0428 90.8901 80.039 127628 6 0.000304581
18.5277 647256 645808 0.0573787 90.722 80.0756 90.722 80.0719 128075 6 0.000326937
18.5848 648704 644360 0.0572024 90.3161 80.1071 90.3161 80.1034 128520 6 0.000309154
18.642 645808 645808 0.0575219 90.5314 80.1391 90.5314 80.1354 128967 6 0.000347115
18.699 647256 642912 0.0572063 90.3032 80.17 90.3032 80.1663 129411 6 0.000295184
18.7557 650152 644360 0.0569045 90.8901 80.2025 90.8901 80.1988 129856 6 0.000321233
18.8128 648704 647256 0.0573404 90.9249 80.235 90.9249 80.2313 130304 6 0.000341193
18.8701 644360 645808 0.0575761 90.3416 80.2657 90.3416 80.262 130751 6 0.000377271
18.9273 641464 641464 0.0575249 89.7213 80.2943 89.7213 80.2906 131194 6 0.000305051
18.984 642912 638568 0.0569649 90.2774 80.3241 90.2774 80.3204 131636 6 0.000251471
19.0405 647256 640016 0.0567654 90.8666 80.3554 90.8666 80.3517 132079 6 0.00030717
19.0971 650152 644360 0.056823 91.0831 80.3871 91.0831 80.3835 132524 6 0.000319787
19.1541 648704 647256 0.0574072 90.9249 80.4185 90.9249 80.4149 132972 6 0.000342445
19.2116 642912 645808 0.0578146 90.1526 80.4476 90.1526 80.444 133419 6 0.000422667
19.2685 644360 640016 0.0572491 89.8965 80.4756 89.8965 80.472 133861 6 0.000269291
19.325 648704 641464 0.0567525 90.8666 80.5059 90.8666 80.5023 134304 6 0.000320054
19.3818 650152 645808 0.0570555 91.1056 80.537 91.1056 80.5334 134751 6 0.00032098
19.4389 651600 647256 0.057232 90.722 80.5669 90.722 80.5634 135198 6 0.000339179
19.4963 645808 648704 0.0577917 90.556 80.5964 90.556 80.5928 135647 6 0.000452628
19.5535 641464 642912 0.0575742 89.9238 80.6236 89.9238 80.6201 136091 6 0.000348687
19.6103 642912 638568 0.0569984 90.0731 80.651 90.0731 80.6474 136532 6 0.000252072
19.6669 647256 640016 0.0567676 90.6737 80.6798 90.6737 80.6763 136975 6 0.000307208
19.7235 650152 644360 0.0568537 91.0831 80.7097 91.0831 80.7061 137420 6 0.000320331
19.7806 647256 647256 0.0575006 90.7339 80.7387 90.7339 80.7351 137868 6 0.000361683
19.8378 641464 644360 0.0576798 90.3289 80.7663 90.3289 80.7628 138314 6 0.000405532
19.8948 640016 638568 0.0573384 89.8965 80.7924 89.8965 80.7889 138756 6 0.000258306
19.9514 642912 637120 0.0568851 90.2644 80.8193 90.2644 80.8158 139197 6 0.000255342
20.0078 647256 640016 0.0566599 90.8548 80.8476 90.8548 80.8441 139639 6 0.000305331
20.0645 650152 644360 0.0568264 90.8901 80.876 90.8901 80.8725 140084 6 0.000319847
20.1214 647256 647256 0.0574768 91.1168 80.905 91.1168 80.9015 140532 6 0.000361232
20.1786 642912 644360 0.0576761 90.3289 80.9317 90.3289 80.9282 140978 6 0.00036469
20.2357 641464 640016 0.0574056 89.9102 80.957 89.9102 80.9536 141421 6 0.000272209
20.2923 644360 638568 0.0569025 90.2644 80.9829 90.2644 80.9795 141862 6 0.000267828
20.349 645808 641464 0.0570905 90.6859 81.01 90.6859 81.0066 142306 6 0.000279491
20.4057 647256 642912 0.0572366 90.8901 81.0375 90.8901 81.034 142751 6 0.000295744
20.4624 648704 644360 0.0569866 90.8901 81.0648 90.8901 81.0614 143196 6 0.000305229
20.5195 644360 645808 0.0575914 90.722 81.0916 90.722 81.0882 143643 6 0.000377565
20.5766 645808 641464 0.0572924 89.9102 81.1161 89.9102 81.1127 144086 6 0.000283202
20.6335 644360 642912 0.0574176 90.5066 81.142 90.5066 81.1386 144531 6 0.000299119
20.6903 645808 641464 0.0571424 90.4816 81.1676 90.4816 81.1642 144974 6 0.000280437
20.747 647256 642912 0.0571317 90.8901 81.1942 90.8901 81.1908 145419 6 0.000293816
20.8038 648704 644360 0.0569803 90.698 81.2201 90.698 81.2168 145864 6 0.000305116
20.8609 644360 645808 0.0576088 90.722 81.2461 90.722 81.2428 146311 6 0.0003779
20.9181 641464 641464 0.0574747 89.7213 81.2693 89.7213 81.266 146754 6 0.000304095
20.9748 637120 638568 0.0575611 90.2774 81.2937 90.2774 81.2904 147196 6 0.000309108
21.0313 638568 634224 0.0571669 90.0462 81.3172 90.0462 81.3139 147635 6 0.000219998
21.0839 647256 635672 0.0561933 96.6249 81.3554 96.6249 81.3521 148074 6 0.000418189
21.1403 651600 644360 0.0567064 91.6771 81.3829 91.6771 81.3796 148520 6 0.000346864
21.1973 653048 648704 0.0572815 91.1279 81.4091 91.1279 81.4059 148969 6 0.000355535
21.2548 647256 650152 0.0576781 90.556 81.4339 90.556 81.4306 149418 6 0.000466322
21.3122 642912 644360 0.0576484 89.9509 81.4568 89.9509 81.4536 149864 6 0.000364155
21.3692 644360 640016 0.057214 90.0998 81.4799 90.0998 81.4766 150307 6 0.000268641
21.4258 647256 641464 0.0569014 90.6737 81.5041 90.6737 81.5009 150750 6 0.000293561
21.4826 648704 644360 0.0570163 90.9018 81.529 90.9018 81.5258 151196 6 0.000305763
21.5398 647256 645808 0.057418 90.5314 81.5529 90.5314 81.5497 151643 6 0.000327676
21.5967 648704 644360 0.0571953 90.5066 81.5765 90.5066 81.5733 152088 6 0.000309023
21.6537 650152 645808 0.0571145 90.9134 81.6011 90.9134 81.5979 152535 6 0.00032205
21.7108 648704 647256 0.0573058 90.722 81.6251 90.722 81.6219 152982 6 0.000340547
21.7681 645808 645808 0.0575222 90.3416 81.648 90.3416 81.6448 153429 6 0.000347122
21.8253 642912 642912 0.0575458 89.9238 81.6697 89.9238 81.6665 153873 6 0.000319023
21.882 644360 640016 0.0569878 90.2774 81.692 90.2774 81.6888 154315 6 0.000264525
21.9385 647256 641464 0.0567952 90.8666 81.7156 90.8666 81.7125 154758 6 0.000291681
21.9953 648704 644360 0.0570109 90.9018 81.7394 90.9018 81.7362 155204 6 0.000305666
22.0524 650152 645808 0.0572936 90.722 81.7626 90.722 81.7595 155651 6 0.000325348
22.1096 647256 647256 0.0574651 90.5314 81.7853 90.5314 81.7821 156098 6 0.000361011
22.1668 645808 644360 0.057418 90.3289 81.8073 90.3289 81.8042 156544 6 0.000313169
22.2237 647256 642912 0.0571953 90.5066 81.8296 90.5066 81.8265 156989 6 0.000294982
22.2806 648704 644360 0.0570162 90.698 81.8523 90.698 81.8491 157434 6 0.000305762
22.3377 650152 645808 0.057275 90.722 81.8749 90.722 81.8718 157881 6 0.000325003
22.3948 648704 647256 0.0573877 90.5314 81.897 90.5314 81.8939 158328 6 0.000342079
22.452 645808 645808 0.0574739 90.5314 81.919 90.5314 81.9159 158775 6 0.000346204
22.509 647256 642912 0.0572959 90.3032 81.9402 90.3032 81.9371 159219 6 0.000296842
22.5658 648704 644360 0.0570142 90.698 81.9623 90.698 81.9592 159664 6 0.000305726
22.6229 650152 645808 0.0572407 90.722 81.9844 90.722 81.9813 160111 6 0.000324367
22.6801 647256 647256 0.0574647 90.5314 82.0059 90.5314 82.0029 160558 6 0.000361002
22.7373 644360 644360 0.057546 90.3289 82.0269 90.3289 82.0238 161004 6 0.000333068
22.7943 645808 641464 0.0572551 90.3032 82.0476 90.3032 82.0445 161448 6 0.00028251
22.8511 647256 642912 0.0570212 90.698 82.0691 90.698 82.066 161893 6 0.000291811
22.9079 648704 644360 0.0570706 90.698 82.0905 90.698 82.0875 162338 6 0.000306745
22.9651 645808 645808 0.0574359 90.5314 82.1115 90.5314 82.1085 162785 6 0.000345485
23.0221 647256 642912 0.0572589 90.3032 82.1318 90.3032 82.1288 163229 6 0.000296155
23.0788 648704 644360 0.056991 90.8901 82.1533 90.8901 82.1503 163674 6 0.000305308
23.1359 650152 645808 0.0572248 90.722 82.1744 90.722 82.1714 164121 6 0.000324074
23.193 651600 647256 0.0572677 90.722 82.1955 90.722 82.1925 164568 6 0.00033984
23.2504 645808 648704 0.057694 90.556 82.2161 90.556 82.2131 165017 6 0.000450726
23.3076 642912 642912 0.0574651 89.9238 82.235 89.9238 82.2321 165461 6 0.00031749
23.3643 644360 640016 0.0569883 90.2774 82.2546 90.2774 82.2516 165903 6 0.000264533
23.4209 648704 641464 0.056742 90.6737 82.2749 90.6737 82.2719 166346 6 0.00031987
23.4777 650152 645808 0.0571376 91.1056 82.2963 91.1056 82.2933 166793 6 0.000322473
23.5349 648704 647256 0.0573 90.5314 82.3163 90.5314 82.3133 167240 6 0.00034044
23.5921 647256 645808 0.0574156 90.5314 82.3362 90.5314 82.3333 167687 6 0.00032763
23.6491 648704 644360 0.0572841 90.5066 82.3559 90.5066 82.353 168132 6 0.000310663
23.7062 647256 645808 0.0573356 90.722 82.376 90.722 82.3731 168579 6 0.00032613
23.7632 645808 644360 0.0573996 90.3161 82.3951 90.3161 82.3922 169024 6 0.000312822
23.8204 642912 642912 0.0574652 90.1263 82.4137 90.1263 82.4108 169469 6 0.000317491
23.8771 644360 640016 0.056961 90.2774 82.4324 90.2774 82.4294 169911 6 0.000264044
23.9336 648704 641464 0.0567768 90.8666 82.4523 90.8666 82.4493 170354 6 0.000320479
23.9905 650152 645808 0.0570922 91.1056 82.4728 91.1056 82.4699 170801 6 0.000321645
24.0475 648704 647256 0.0573493 90.722 82.4923 90.722 82.4894 171248 6 0.00034136
24.105 644360 645808 0.0575982 90.1526 82.5106 90.1526 82.5077 171695 6 0.000377695
24.1619 645808 641464 0.0570587 90.0998 82.5285 90.0998 82.5256 172138 6 0.000278914
24.2186 647256 642912 0.0569702 90.8901 82.5481 90.8901 82.5452 172583 6 0.000290892
24.2755 648704 644360 0.0570923 90.698 82.5671 90.698 82.5643 173028 6 0.000307139
24.3325 647256 645808 0.0573495 90.722 82.5863 90.722 82.5834 173475 6 0.000326389
24.3897 644360 644360 0.0574245 90.1263 82.6039 90.1263 82.6011 173920 6 0.000330763
24.4467 645808 641464 0.0571145 90.3032 82.6219 90.3032 82.619 174364 6 0.000279927
24.5034 647256 642912 0.0569418 90.8901 82.641 90.8901 82.6382 174809 6 0.000290384
24.5603 648704 644360 0.0571798 90.698 82.6597 90.698 82.6568 175254 6 0.000308738
24.6173 650152 645808 0.0572812 90.722 82.6784 90.722 82.6755 175701 6 0.000325118
24.6745 647256 647256 0.0574722 90.5314 82.6966 90.5314 82.6937 176148 6 0.000361145
24.7317 644360 644360 0.0574283 90.3289 82.7142 90.3289 82.7114 176594 6 0.000330834
24.7887 645808 641464 0.0570671 90.3032 82.7317 90.3032 82.7288 177038 6 0.000279066
24.8455 647256 642912 0.0571574 90.698 82.7499 90.698 82.7471 177483 6 0.000294286
24.9023 648704 644360 0.0570186 90.698 82.768 90.698 82.7652 177928 6 0.000305804
24.9595 645808 645808 0.0574777 90.5314 82.7858 90.5314 82.783 178375 6 0.000346277
25.0165 647256 642912 0.0572232 90.3032 82.8029 90.3032 82.8001 178819 6 0.000295496
25.0732 650152 644360 0.0568865 90.8901 82.8212 90.8901 82.8184 179264 6 0.000320912
25.1303 648704 647256 0.0573992 90.9249 82.8396 90.9249 82.8369 179712 6 0.000342295
25.1876 645808 645808 0.0575185 90.3416 82.8567 90.3416 82.8539 180159 6 0.000347052
25.2448 644360 642912 0.0573987 89.9238 82.8727 89.9238 82.8699 180603 6 0.000298765
25.3015 645808 641464 0.056994 90.4816 82.8898 90.4816 82.887 181046 6 0.000277745
25.3582 648704 642912 0.0568866 90.8901 82.9077 90.8901 82.9049 181491 6 0.000306873
25.4151 650152 645808 0.0571374 90.9018 82.9255 90.9018 82.9228 181937 6 0.00032247
25.4721 648704 647256 0.0573356 90.722 82.943 90.722 82.9403 182384 6 0.000341103
25.5296 642912 645808 0.0577593 90.1526 82.9592 90.1526 82.9565 182831 6 0.000421584
25.5865 644360 640016 0.0572175 89.8965 82.9747 89.8965 82.9719 183273 6 0.000268706
25.643 648704 641464 0.0567301 90.8666 82.992 90.8666 82.9893 183716 6 0.000319661
25.6999 650152 645808 0.0570239 91.1056 83.01 91.1056 83.0073 184163 6 0.000320408
25.7569 651600 647256 0.0572667 90.722 83.0271 90.722 83.0244 184610 6 0.000339822
25.8144 647256 648704 0.0576759 90.556 83.0438 90.556 83.0411 185059 6 0.000409604
25.8716 644360 644360 0.0574777 90.1263 83.0595 90.1263 83.0568 185504 6 0.00033177
25.9285 645808 641464 0.0572232 90.3032 83.0754 90.3032 83.0727 185948 6 0.000281921
25.9854 647256 642912 0.0570186 90.698 83.0921 90.698 83.0894 186393 6 0.000291763
26.0422 648704 644360 0.0570618 90.698 83.1087 90.698 83.106 186838 6 0.000306586
26.0994 645808 645808 0.0575071 90.5314 83.1249 90.5314 83.1223 187285 6 0.000346833
26.1563 647256 642912 0.0572374 90.3032 83.1406 90.3032 83.1379 187729 6 0.000295758
26.2131 648704 644360 0.0569863 90.8901 83.1573 90.8901 83.1547 188174 6 0.000305224
26.2701 647256 645808 0.0573351 90.722 83.1738 90.722 83.1711 188621 6 0.000326121
26.3272 645808 644360 0.0573982 90.3161 83.1893 90.3161 83.1866 189066 6 0.000312796
26.3844 642912 642912 0.0574338 90.1263 83.2043 90.1263 83.2017 189511 6 0.000316897
26.4411 644360 640016 0.0569772 90.2774 83.2195 90.2774 83.2168 189953 6 0.000264334
26.4976 647256 641464 0.0567854 90.8666 83.2358 90.8666 83.2331 190396 6 0.00029151
26.5544 648704 644360 0.0570541 90.9018 83.2522 90.9018 83.2496 190842 6 0.000306446
26.6115 647256 645808 0.0574099 90.722 83.2682 90.722 83.2656 191289 6 0.000327523
26.6687 645808 644360 0.0573445 90.1263 83.2829 90.1263 83.2803 191734 6 0.00031179
26.7257 647256 642912 0.0571628 90.5066 83.2983 90.5066 83.2957 192179 6 0.000294385
26.7824 648704 644360 0.0569652 90.8901 83.3144 90.8901 83.3118 192624 6 0.000304845
26.8394 647256 645808 0.0573484 90.722 83.3301 90.722 83.3275 193071 6 0.000326369
26.8965 645808 644360 0.0573458 90.3161 83.3449 90.3161 83.3424 193516 6 0.000311814
26.9537 644360 642912 0.0573445 90.1263 83.3593 90.1263 83.3568 193961 6 0.000297749
27.0104 645808 641464 0.0569418 90.4816 83.3743 90.4816 83.3717 194404 6 0.00027681
27.0672 647256 642912 0.056961 90.8901 83.39 90.8901 83.3875 194849 6 0.000290729
27.124 648704 644360 0.0571205 90.698 83.4054 90.698 83.4028 195294 6 0.000307653
27.1811 647256 645808 0.0573136 90.722 83.4207 90.722 83.4182 195741 6 0.000325719
27.2383 642912 644360 0.0575544 90.1263 83.4348 90.1263 83.4322 196186 6 0.00036235
27.2952 644360 640016 0.0571494 90.0998 83.4487 90.0998 83.4462 196629 6 0.000267456
27.3517 648704 641464 0.0567353 90.8666 83.464 90.8666 83.4615 197072 6 0.000319753
27.4085 650152 645808 0.0571013 91.1056 83.4799 91.1056 83.4773 197519 6 0.00032181
27.4656 651600 647256 0.0572463 90.722 83.4949 90.722 83.4924 197966 6 0.000339444
27.523 645808 648704 0.0577185 90.556 83.5097 90.556 83.5071 198415 6 0.0004512
27.5802 642912 642912 0.05745 89.9238 83.523 89.9238 83.5204 198859 6 0.000317203
27.6369 644360 640016 0.056924 90.2774 83.5368 90.2774 83.5343 199301 6 0.000263382
27.6935 647256 641464 0.0568915 90.6737 83.5514 90.6737 83.5489 199744 6 0.000293385
27.7504 648704 644360 0.0570317 90.9018 83.5665 90.9018 83.564 200190 6 0.000306041
27.8076 645808 645808 0.0574651 90.5314 83.5808 90.5314 83.5783 200637 6 0.000346038
27.8645 647256 642912 0.0572173 90.3032 83.5945 90.3032 83.592 201081 6 0.000295387
27.9212 648704 644360 0.0569893 90.8901 83.6093 90.8901 83.6069 201526 6 0.000305278
27.9783 650152 645808 0.0572744 90.722 83.6239 90.722 83.6214 201973 6 0.000324991
28.0354 651600 647256 0.0572936 90.722 83.6383 90.722 83.6358 202420 6 0.000340321
28.0928 647256 648704 0.0576644 90.556 83.6524 90.556 83.65 202869 6 0.000409383
28.15 644360 644360 0.0574908 90.1263 83.6656 90.1263 83.6631 203314 6 0.000332017
28.207 645808 641464 0.0571709 90.3032 83.679 90.3032 83.6765 203758 6 0.000280958
28.2638 647256 642912 0.0570142 90.698 83.6931 90.698 83.6907 204203 6 0.000291685
28.3207 648704 644360 0.0570473 90.698 83.7072 90.698 83.7047 204648 6 0.000306324
28.3779 647256 645808 0.0573882 90.5314 83.7209 90.5314 83.7185 205095 6 0.000327115
28.4348 648704 644360 0.0571815 90.5066 83.7345 90.5066 83.7321 205540 6 0.000308769
28.4918 650152 645808 0.0571905 90.9134 83.7489 90.9134 83.7464 205987 6 0.000323441
28.5488 651600 647256 0.0572097 90.722 83.7628 90.722 83.7604 206434 6 0.000338769
28.6062 648704 648704 0.0575348 90.7458 83.7768 90.7458 83.7744 206883 6 0.000377774
28.6636 642912 645808 0.0577593 89.9509 83.7892 89.9509 83.7868 207329 6 0.000421584
28.7206 644360 640016 0.0572175 89.8965 83.8013 89.8965 83.7989 207771 6 0.000268706
28.777 648704 641464 0.0567302 90.8666 83.8152 90.8666 83.8127 208214 6 0.000319663
28.8339 650152 645808 0.0570243 91.1056 83.8295 91.1056 83.8271 208661 6 0.000320414
28.8909 651600 647256 0.0572677 90.722 83.8431 90.722 83.8407 209108 6 0.00033984
28.9484 645808 648704 0.057694 90.556 83.8565 90.556 83.8541 209557 6 0.000450725
29.0056 642912 642912 0.0574648 89.9238 83.8684 89.9238 83.866 210001 6 0.000317484
29.0623 644360 640016 0.0569885 90.2774 83.8809 90.2774 83.8785 210443 6 0.000264536
29.1189 648704 641464 0.0567162 90.6737 83.8941 90.6737 83.8917 210886 6 0.000319419
29.1757 650152 645808 0.0570807 91.1056 83.9082 91.1056 83.9058 211333 6 0.000321436
29.2329 648704 647256 0.0573562 90.5314 83.9211 90.5314 83.9188 211780 6 0.000341487
29.2901 645808 645808 0.0574647 90.5314 83.934 90.5314 83.9317 212227 6 0.000346029
29.3471 647256 642912 0.0572841 90.3032 83.9464 90.3032 83.944 212671 6 0.000296622
29.4039 648704 644360 0.0570414 90.698 83.9595 90.698 83.9571 213116 6 0.000306217
29.461 647256 645808 0.0573138 90.722 83.9726 90.722 83.9702 213563 6 0.000325724
29.5182 645808 644360 0.0573887 90.1263 83.9845 90.1263 83.9821 214008 6 0.000312618
29.5751 647256 642912 0.0572489 90.5066 83.997 90.5066 83.9947 214453 6 0.000295971
29.6318 648704 644360 0.0569743 90.8901 84.0102 90.8901 84.0079 214898 6 0.000305007
29.6889 650152 645808 0.0572238 90.722 84.0231 90.722 84.0208 215345 6 0.000324055
29.746 648704 647256 0.0573138 90.722 84.036 90.722 84.0337 215792 6 0.000340697
29.8034 644360 645808 0.0576413 90.1526 84.0478 90.1526 84.0455 216239 6 0.000378525
29.8604 645808 641464 0.0572184 90.0998 84.0593 90.0998 84.057 216682 6 0.000281833
29.9171 647256 642912 0.0569772 90.8901 84.0723 90.8901 84.07 217127 6 0.000291018
29.9739 648704 644360 0.0570706 90.698 84.0848 90.698 84.0825 217572 6 0.000306746
30.031 647256 645808 0.0573926 90.722 84.0975 90.722 84.0951 218019 6 0.000327197
30.0882 644360 644360 0.0574499 90.1263 84.1089 90.1263 84.1066 218464 6 0.000331243
30.1452 645808 641464 0.0572114 90.3032 84.1206 90.3032 84.1183 218908 6 0.000281702
30.2019 647256 642912 0.0569561 90.8901 84.1333 90.8901 84.131 219353 6 0.000290641
30.2587 648704 644360 0.0570519 90.698 84.1457 90.698 84.1434 219798 6 0.000306407
30.3158 647256 645808 0.0573058 90.722 84.158 90.722 84.1557 220245 6 0.000325574
30.373 645808 644360 0.0573714 90.1263 84.1693 90.1263 84.167 220690 6 0.000312293
30.4299 647256 642912 0.0571002 90.5066 84.1811 90.5066 84.1789 221135 6 0.000293242
30.4867 648704 644360 0.0569491 90.8901 84.1936 90.8901 84.1913 221580 6 0.000304556
30.5437 647256 645808 0.0573587 90.722 84.2058 90.722 84.2035 222027 6 0.000326562
30.6008 648704 644360 0.0572155 90.3161 84.2172 90.3161 84.2149 222472 6 0.000309395
30.658 645808 645808 0.0574906 90.5314 84.229 90.5314 84.2267 222919 6 0.000346521
30.715 647256 642912 0.0571684 90.3032 84.2403 90.3032 84.238 223363 6 0.000294487
30.7717 648704 644360 0.0569144 90.8901 84.2525 90.8901 84.2503 223808 6 0.000303937
30.8288 647256 645808 0.0573026 90.722 84.2645 90.722 84.2622 224255 6 0.000325515
30.8858 648704 644360 0.0572155 90.3161 84.2757 90.3161 84.2734 224700 6 0.000309395
30.943 645808 645808 0.0574908 90.5314 84.2872 90.5314 84.285 225147 6 0.000346524
31 647256 642912 0.0571709 90.3032 84.2983 90.3032 84.2961 225591 6 0.000294534
31.0567 648704 644360 0.0569132 90.8901 84.3103 90.8901 84.3081 226036 6 0.000303914
31.1138 647256 645808 0.0573058 90.722 84.3221 90.722 84.3199 226483 6 0.000325574
31.1709 648704 644360 0.0572248 90.3161 84.3331 90.3161 84.3308 226928 6 0.000309567
31.2281 645808 645808 0.0574809 90.5314 84.3444 90.5314 84.3422 227375 6 0.000346336
31.285 647256 642912 0.0572872 90.3032 84.3553 90.3032 84.3531 227819 6 0.000296681
31.3417 648704 644360 0.0569969 90.8901 84.3671 90.8901 84.3649 228264 6 0.000305414
31.3988 650152 645808 0.0572101 90.722 84.3786 90.722 84.3764 228711 6 0.000323802
31.4559 651600 647256 0.0572248 90.722 84.3902 90.722 84.3879 229158 6 0.000339047
31.5133 645808 648704 0.0577431 90.556 84.4014 90.556 84.3992 229607 6 0.000451679
31.5705 642912 642912 0.0574851 89.9238 84.4114 89.9238 84.4092 230051 6 0.000317869
31.6272 645808 640016 0.0568866 90.2774 84.4219 90.2774 84.4197 230493 6 0.000280188
31.6838 648704 642912 0.0568381 90.8784 84.4335 90.8784 84.4313 230937 6 0.000306013
31.7407 650152 645808 0.0570473 90.9018 84.445 90.9018 84.4428 231383 6 0.00032083
31.7979 648704 647256 0.0573877 90.5314 84.456 90.5314 84.4538 231830 6 0.000342079
31.855 645808 645808 0.0574739 90.5314 84.4669 90.5314 84.4647 232277 6 0.000346204
31.912 647256 642912 0.0572959 90.3032 84.4773 90.3032 84.4751 232721 6 0.000296842
31.9688 648704 644360 0.0570142 90.698 84.4884 90.698 84.4862 233166 6 0.000305726
32.0259 650152 645808 0.0572407 90.722 84.4995 90.722 84.4973 233613 6 0.000324367
32.0831 647256 647256 0.0574647 90.5314 84.5102 90.5314 84.5081 234060 6 0.000361002
32.1403 644360 644360 0.057546 90.3289 84.5206 90.3289 84.5184 234506 6 0.000333068
32.1973 645808 641464 0.0572551 90.3032 84.5308 90.3032 84.5287 234950 6 0.00028251
32.2541 647256 642912 0.0570212 90.698 84.5417 90.698 84.5395 235395 6 0.000291811
32.3109 648704 644360 0.0570706 90.698 84.5525 90.698 84.5504 235840 6 0.000306745
32.3681 645808 645808 0.0574359 90.5314 84.5631 90.5314 84.5609 236287 6 0.000345485
32.4251 647256 642912 0.0572589 90.3032 84.5732 90.3032 84.571 236731 6 0.000296155
32.4818 648704 644360 0.056991 90.8901 84.5842 90.8901 84.582 237176 6 0.000305308
32.5389 650152 645808 0.0572248 90.722 84.595 90.722 84.5928 237623 6 0.000324074
32.596 651600 647256 0.0572677 90.722 84.6057 90.722 84.6036 238070 6 0.00033984
32.6534 645808 648704 0.057694 90.556 84.6162 90.556 84.614 238519 6 0.000450726
32.7106 642912 642912 0.0574651 89.9238 84.6254 89.9238 84.6233 238963 6 0.00031749
32.7673 644360 640016 0.0569883 90.2774 84.6352 90.2774 84.6331 239405 6 0.000264533
32.8239 648704 641464 0.056742 90.6737 84.6456 90.6737 84.6435 239848 6 0.00031987
32.8807 650152 645808 0.0571376 91.1056 84.6568 91.1056 84.6547 240295 6 0.000322473
32.9379 648704 647256 0.0573 90.5314 84.667 90.5314 84.6649 240742 6 0.00034044
32.9951 645808 645808 0.0574376 90.5314 84.6772 90.5314 84.6751 241189 6 0.000345518
33.0521 647256 642912 0.0572589 90.3032 84.6869 90.3032 84.6848 241633 6 0.000296155
33.1089 648704 644360 0.0570414 90.698 84.6972 90.698 84.6951 242078 6 0.000306217
33.166 647256 645808 0.0573138 90.722 84.7075 90.722 84.7054 242525 6 0.000325724
33.2232 645808 644360 0.0573888 90.1263 84.7169 90.1263 84.7148 242970 6 0.000312619
33.2801 647256 642912 0.0572496 90.5066 84.7268 90.5066 84.7247 243415 6 0.000295985
33.3369 648704 644360 0.0569739 90.8901 84.7373 90.8901 84.7352 243860 6 0.000305
33.3939 650152 645808 0.0572677 90.722 84.7475 90.722 84.7454 244307 6 0.000324867
33.451 648704 647256 0.0573925 90.722 84.7577 90.722 84.7556 244754 6 0.000342168
33.5084 642912 645808 0.0576923 90.1526 84.7669 90.1526 84.7649 245201 6 0.000420281
33.5654 644360 640016 0.0571872 89.8965 84.7756 89.8965 84.7736 245643 6 0.000268149
33.6219 650152 641464 0.0566421 90.8666 84.7859 90.8666 84.7838 246086 6 0.000358903
33.6787 651600 647256 0.0570807 91.3094 84.7969 91.3094 84.7948 246534 6 0.000336409
33.736 647256 648704 0.0576063 90.7458 84.807 90.7458 84.8049 246983 6 0.000408262
33.7935 641464 644360 0.0576942 89.7492 84.8154 89.7492 84.8133 247428 6 0.00040581
33.8504 642912 638568 0.0571861 89.8965 84.8239 89.8965 84.8219 247870 6 0.000255485
33.9069 647256 640016 0.0566668 90.8666 84.834 90.8666 84.8319 248313 6 0.000305451
33.9635 648704 644360 0.0569363 91.0831 84.8444 91.0831 84.8424 248758 6 0.000304328
34.0206 650152 645808 0.0572461 90.722 84.8543 90.722 84.8522 249205 6 0.000324467
34.0778 648704 647256 0.0574132 90.5314 84.8638 90.5314 84.8618 249652 6 0.000342558
34.135 647256 645808 0.0573747 90.5314 84.8733 90.5314 84.8713 250099 6 0.000326862
34.1919 648704 644360 0.0570587 90.5066 84.8827 90.5066 84.8806 250544 6 0.00030653
34.249 647256 645808 0.0573138 90.722 84.8924 90.722 84.8904 250991 6 0.000325724
34.3061 645808 644360 0.0573136 90.3161 84.9014 90.3161 84.8994 251436 6 0.000311212
34.3633 641464 642912 0.0575544 90.1263 84.9101 90.1263 84.9081 251881 6 0.000348309
34.42 644360 638568 0.0568704 90.0731 84.9186 90.0731 84.9166 252322 6 0.000267257
34.4765 648704 641464 0.0566994 91.0718 84.9287 91.0718 84.9267 252766 6 0.000319127
34.5333 650152 645808 0.0571201 91.1056 84.9389 91.1056 84.9369 253213 6 0.000322153
34.5904 651600 647256 0.0572932 90.722 84.9484 90.722 84.9464 253660 6 0.000340313
34.6478 647256 648704 0.0576563 90.556 84.9577 90.556 84.9557 254109 6 0.000409225
34.705 644360 644360 0.0574964 90.1263 84.9662 90.1263 84.9642 254554 6 0.000332124
34.762 645808 641464 0.0571002 90.3032 84.975 90.3032 84.973 254998 6 0.000279666
34.8188 647256 642912 0.0570921 90.698 84.9843 90.698 84.9823 255443 6 0.000293094
34.8756 648704 644360 0.0570277 90.698 84.9936 90.698 84.9916 255888 6 0.00030597
34.9328 647256 645808 0.057407 90.5314 85.0027 90.5314 85.0007 256335 6 0.000327468
34.9898 648704 644360 0.0571903 90.5066 85.0117 90.5066 85.0097 256780 6 0.000308931
35.0467 650152 645808 0.0571952 90.9134 85.0213 90.9134 85.0193 257227 6 0.000323528
35.1038 651600 647256 0.0572153 90.722 85.0305 90.722 85.0285 257674 6 0.000338872
35.1611 648704 648704 0.0575344 90.7458 85.0398 90.7458 85.0379 258123 6 0.000377766
35.2186 642912 645808 0.05775 89.9509 85.0479 89.9509 85.0459 258569 6 0.000421402
35.2755 644360 640016 0.0572232 89.8965 85.0557 89.8965 85.0537 259011 6 0.000268811
35.332 650152 641464 0.0566075 90.8666 85.065 90.8666 85.063 259454 6 0.000358305
35.3888 651600 647256 0.0570142 91.3094 85.075 91.3094 85.073 259902 6 0.000335206
35.4461 648704 648704 0.0575348 90.7458 85.0842 90.7458 85.0822 260351 6 0.000377774
35.5036 642912 645808 0.0577593 89.9509 85.092 89.9509 85.0901 260797 6 0.000421584
35.5605 644360 640016 0.0572175 89.8965 85.0997 89.8965 85.0978 261239 6 0.000268706
35.617 648704 641464 0.0567301 90.8666 85.1089 90.8666 85.1069 261682 6 0.000319661
35.6739 650152 645808 0.0570239 91.1056 85.1184 91.1056 85.1165 262129 6 0.000320408
35.7309 651600 647256 0.0572667 90.722 85.1274 90.722 85.1254 262576 6 0.000339822
35.7884 647256 648704 0.0576759 90.556 85.1361 90.556 85.1342 263025 6 0.000409604
35.8456 644360 644360 0.0574777 90.1263 85.1441 90.1263 85.1421 263470 6 0.00033177
35.9025 645808 641464 0.0572232 90.3032 85.1522 90.3032 85.1503 263914 6 0.000281921
35.9594 647256 642912 0.0570186 90.698 85.161 90.698 85.1591 264359 6 0.000291763
36.0162 648704 644360 0.0570618 90.698 85.1697 90.698 85.1678 264804 6 0.000306586
36.0734 645808 645808 0.0575071 90.5314 85.1782 90.5314 85.1763 265251 6 0.000346833
36.1303 647256 642912 0.0572374 90.3032 85.1863 90.3032 85.1844 265695 6 0.000295758
36.1871 648704 644360 0.0569863 90.8901 85.1953 90.8901 85.1933 266140 6 0.000305224
36.2441 647256 645808 0.0573351 90.722 85.204 90.722 85.2021 266587 6 0.000326121
36.3012 645808 644360 0.0573982 90.3161 85.212 90.3161 85.2101 267032 6 0.000312796
36.3584 642912 642912 0.0574338 90.1263 85.2197 90.1263 85.2178 267477 6 0.000316897
36.4151 644360 640016 0.0569772 90.2774 85.2276 90.2774 85.2257 267919 6 0.000264334
36.4716 647256 641464 0.0567854 90.8666 85.2363 90.8666 85.2344 268362 6 0.00029151
36.5284 648704 644360 0.0570541 90.9018 85.2452 90.9018 85.2433 268808 6 0.000306446
36.5855 647256 645808 0.0574099 90.722 85.2537 90.722 85.2518 269255 6 0.000327524
36.6427 645808 644360 0.0573445 90.1263 85.2613 90.1263 85.2594 269700 6 0.00031179
36.6997 647256 642912 0.0571628 90.5066 85.2695 90.5066 85.2676 270145 6 0.000294385
36.7564 648704 644360 0.0569659 90.8901 85.2781 90.8901 85.2762 270590 6 0.000304857
36.8134 647256 645808 0.0573476 90.722 85.2866 90.722 85.2847 271037 6 0.000326355
36.8705 645808 644360 0.0573458 90.3161 85.2944 90.3161 85.2925 271482 6 0.000311814
36.9277 644360 642912 0.0573445 90.1263 85.3018 90.1263 85.3 271927 6 0.000297749
36.9844 645808 641464 0.0569418 90.4816 85.3098 90.4816 85.3079 272370 6 0.00027681
37.0412 647256 642912 0.0569611 90.8901 85.3183 90.8901 85.3164 272815 6 0.000290729
37.098 648704 644360 0.0571205 90.698 85.3266 90.698 85.3247 273260 6 0.000307653
37.1551 647256 645808 0.0573136 90.722 85.3349 90.722 85.333 273707 6 0.00032572
37.2123 642912 644360 0.0575544 90.1263 85.3422 90.1263 85.3404 274152 6 0.00036235
37.2692 644360 640016 0.0571495 90.0998 85.3495 90.0998 85.3476 274595 6 0.000267457
37.3257 648704 641464 0.0567371 90.8666 85.3578 90.8666 85.356 275038 6 0.000319783
37.3825 650152 645808 0.0570993 91.1056 85.3666 91.1056 85.3647 275485 6 0.000321774
37.4396 651600 647256 0.0572463 90.722 85.3747 90.722 85.3729 275932 6 0.000339444
37.497 645808 648704 0.0577185 90.556 85.3827 90.556 85.3808 276381 6 0.000451201
37.5542 642912 642912 0.05745 89.9238 85.3896 89.9238 85.3877 276825 6 0.000317204
37.611 644360 640016 0.056924 90.2774 85.397 90.2774 85.3951 277267 6 0.000263382
37.6675 647256 641464 0.0568915 90.6737 85.4049 90.6737 85.403 277710 6 0.000293385
37.7244 648704 644360 0.0570318 90.9018 85.4132 90.9018 85.4113 278156 6 0.000306043
37.7816 645808 645808 0.0574652 90.5314 85.4209 90.5314 85.4191 278603 6 0.000346039
37.8385 647256 642912 0.0572173 90.3032 85.4283 90.3032 85.4264 279047 6 0.000295388
37.8952 648704 644360 0.0569932 90.8901 85.4364 90.8901 85.4346 279492 6 0.000305348
37.9523 650152 645808 0.05727 90.722 85.4444 90.722 85.4426 279939 6 0.00032491
38.0094 651600 647256 0.0572936 90.722 85.4523 90.722 85.4505 280386 6 0.000340321
38.0668 647256 648704 0.0576645 90.556 85.46 90.556 85.4582 280835 6 0.000409385
38.124 644360 644360 0.0574908 90.1263 85.467 90.1263 85.4652 281280 6 0.000332018
38.181 645808 641464 0.057171 90.3032 85.4742 90.3032 85.4724 281724 6 0.000280961
38.2378 647256 642912 0.0570143 90.698 85.482 90.698 85.4802 282169 6 0.000291686
38.2947 648704 644360 0.0570473 90.698 85.4897 90.698 85.4879 282614 6 0.000306323
38.3519 647256 645808 0.0573883 90.5314 85.4973 90.5314 85.4954 283061 6 0.000327117
38.4088 648704 644360 0.0571816 90.5066 85.5047 90.5066 85.5029 283506 6 0.000308771
38.4658 650152 645808 0.0571906 90.9134 85.5127 90.9134 85.5109 283953 6 0.000323444
38.5228 651600 647256 0.0572097 90.722 85.5204 90.722 85.5186 284400 6 0.000338768
38.5802 648704 648704 0.0575351 90.7458 85.5282 90.7458 85.5264 284849 6 0.000377779
38.6376 642912 645808 0.0577593 89.9509 85.5348 89.9509 85.533 285295 6 0.000421582
38.6946 644360 640016 0.0572176 89.8965 85.5412 89.8965 85.5394 285737 6 0.000268709
38.751 648704 641464 0.0567301 90.8666 85.5489 90.8666 85.5471 286180 6 0.000319662
38.8079 650152 645808 0.0570244 91.1056 85.5571 91.1056 85.5553 286627 6 0.000320417
38.8649 651600 647256 0.0572677 90.722 85.5647 90.722 85.5629 287074 6 0.000339841
38.9224 645808 648704 0.0576943 90.556 85.572 90.556 85.5702 287523 6 0.000450731
38.9796 642912 642912 0.0574649 89.9238 85.5784 89.9238 85.5766 287967 6 0.000317486
39.0363 644360 640016 0.0569884 90.2774 85.5852 90.2774 85.5835 288409 6 0.000264536
39.0929 648704 641464 0.0567161 90.6737 85.5926 90.6737 85.5908 288852 6 0.000319417
39.1497 650152 645808 0.0570813 91.1056 85.6006 91.1056 85.5988 289299 6 0.000321447
39.2069 648704 647256 0.057356 90.5314 85.6078 90.5314 85.606 289746 6 0.000341485
39.2641 645808 645808 0.0574656 90.5314 85.615 90.5314 85.6132 290193 6 0.000346047
39.3211 647256 642912 0.0572838 90.3032 85.6218 90.3032 85.62 290637 6 0.000296618
39.3779 648704 644360 0.0570412 90.698 85.6291 90.698 85.6273 291082 6 0.000306214
39.435 647256 645808 0.0573145 90.722 85.6365 90.722 85.6347 291529 6 0.000325737
39.4922 645808 644360 0.0573888 90.1263 85.643 90.1263 85.6412 291974 6 0.000312618
39.5491 647256 642912 0.05725 90.5066 85.65 90.5066 85.6482 292419 6 0.000295991
39.6058 648704 644360 0.0569742 90.8901 85.6575 90.8901 85.6557 292864 6 0.000305005
39.6629 650152 645808 0.0572675 90.722 85.6648 90.722 85.663 293311 6 0.000324864
39.72 651600 647256 0.0572649 90.722 85.672 90.722 85.6703 293758 6 0.000339789
39.7774 647256 648704 0.0576419 90.556 85.6791 90.556 85.6773 294207 6 0.000408949
39.8346 644360 644360 0.0574444 90.1263 85.6855 90.1263 85.6837 294652 6 0.000331138
39.8916 645808 641464 0.0572088 90.3032 85.6921 90.3032 85.6903 295096 6 0.000281655
39.9484 647256 642912 0.0570549 90.698 85.6992 90.698 85.6974 295541 6 0.00029242
40.0053 648704 644360 0.0571798 90.698 85.7063 90.698 85.7045 295986 6 0.000308739
40.0625 647256 645808 0.0573953 90.5314 85.7132 90.5314 85.7114 296433 6 0.000327248
40.1194 648704 644360 0.0571851 90.5066 85.72 90.5066 85.7182 296878 6 0.000308836
40.1764 650152 645808 0.0572205 90.9134 85.7273 90.9134 85.7256 297325 6 0.000323995
40.2334 648704 647256 0.057348 90.722 85.7344 90.722 85.7327 297772 6 0.000341335
40.2908 645808 645808 0.0575493 90.3416 85.741 90.3416 85.7392 298219 6 0.000347638
40.348 644360 642912 0.0573012 89.9238 85.7469 89.9238 85.7452 298663 6 0.000296941
40.4047 645808 641464 0.0569497 90.4816 85.7535 90.4816 85.7518 299106 6 0.000276951
40.4614 647256 642912 0.0569684 90.8901 85.7607 90.8901 85.759 299551 6 0.000290861
40.5182 648704 644360 0.0571051 90.698 85.7677 90.698 85.766 299996 6 0.000307373
40.5753 647256 645808 0.0574019 90.722 85.7746 90.722 85.7729 300443 6 0.000327372
40.6325 644360 644360 0.0574842 90.1263 85.7808 90.1263 85.7791 300888 6 0.000331892
40.6894 645808 641464 0.0571328 90.3032 85.7871 90.3032 85.7854 301332 6 0.000280262
40.7462 647256 642912 0.0569378 90.8901 85.7942 90.8901 85.7925 301777 6 0.000290313
40.803 648704 644360 0.0572022 90.698 85.801 90.698 85.7993 302222 6 0.00030915
40.8601 647256 645808 0.0573173 90.722 85.8079 90.722 85.8062 302669 6 0.000325788
40.9173 642912 644360 0.057554 90.1263 85.8139 90.1263 85.8122 303114 6 0.000362342
40.9742 644360 640016 0.057155 90.0998 85.8199 90.0998 85.8182 303557 6 0.000267558
41.0307 648704 641464 0.0567359 90.8666 85.8268 90.8666 85.8252 304000 6 0.000319764
41.0875 650152 645808 0.0571098 91.1056 85.8341 91.1056 85.8325 304447 6 0.000321964
41.1446 651600 647256 0.0572557 90.722 85.8409 90.722 85.8392 304894 6 0.000339619
41.2021 645808 648704 0.057713 90.556 85.8475 90.556 85.8458 305343 6 0.000451095
41.2592 641464 642912 0.0575544 89.9238 85.8532 89.9238 85.8515 305787 6 0.000348309
41.316 644360 638568 0.0568673 90.0731 85.8589 90.0731 85.8573 306228 6 0.000267203
41.3726 647256 641464 0.0568161 90.8784 85.8658 90.8784 85.8641 306672 6 0.000292049
41.4294 648704 644360 0.057038 90.9018 85.8727 90.9018 85.871 307118 6 0.000306155
41.4866 645808 645808 0.0574717 90.5314 85.8791 90.5314 85.8775 307565 6 0.000346163
41.5435 647256 642912 0.0572199 90.3032 85.8852 90.3032 85.8835 308009 6 0.000295435
41.6003 648704 644360 0.0569918 90.8901 85.892 90.8901 85.8904 308454 6 0.000305321
41.6573 650152 645808 0.0572888 90.722 85.8987 90.722 85.897 308901 6 0.000325258
41.7144 648704 647256 0.057312 90.722 85.9053 90.722 85.9036 309348 6 0.000340664
41.7719 644360 645808 0.0576538 90.1526 85.9111 90.1526 85.9094 309795 6 0.000378766
41.8288 645808 641464 0.0571835 90.0998 85.9168 90.0998 85.9151 310238 6 0.00028119
41.8855 647256 642912 0.0569965 90.8901 85.9235 90.8901 85.9219 310683 6 0.000291366
41.9424 648704 644360 0.057017 90.698 85.93 90.698 85.9283 311128 6 0.000305776
41.9994 647256 645808 0.0573282 90.722 85.9365 90.722 85.9349 311575 6 0.000325992
42.0566 644360 644360 0.0574374 90.1263 85.9422 90.1263 85.9406 312020 6 0.000331007
42.1136 645808 641464 0.0572296 90.3032 85.9481 90.3032 85.9465 312464 6 0.00028204
42.1703 647256 642912 0.0570037 90.8901 85.9548 90.8901 85.9531 312909 6 0.000291495
42.2271 648704 644360 0.0570332 90.698 85.9611 90.698 85.9595 313354 6 0.000306068
42.2842 647256 645808 0.0574154 90.722 85.9676 90.722 85.9659 313801 6 0.000327627
42.3414 644360 644360 0.0574646 90.1263 85.9732 90.1263 85.9715 314246 6 0.000331521
42.3984 645808 641464 0.0572463 90.3032 85.979 90.3032 85.9774 314690 6 0.000282348
42.4551 647256 642912 0.0569794 90.8901 85.9856 90.8901 85.9839 315135 6 0.000291057
42.5119 648704 644360 0.0570379 90.698 85.9919 90.698 85.9902 315580 6 0.000306153
42.569 647256 645808 0.0573387 90.722 85.9982 90.722 85.9966 316027 6 0.000326188
42.6262 645808 644360 0.0573911 90.1263 86.0037 90.1263 86.0021 316472 6 0.000312662
42.6831 647256 642912 0.0572892 90.5066 86.0097 90.5066 86.0081 316917 6 0.000296718
42.7399 648704 644360 0.0569687 90.8901 86.0162 90.8901 86.0146 317362 6 0.000304907
42.7969 650152 645808 0.0572904 90.722 86.0225 90.722 86.0209 317809 6 0.000325289
42.854 648704 647256 0.0573838 90.722 86.0288 90.722 86.0271 318256 6 0.000342005
42.9114 642912 645808 0.0577282 90.1526 86.0343 90.1526 86.0327 318703 6 0.000420978
42.9684 644360 640016 0.057204 89.8965 86.0394 89.8965 86.0378 319145 6 0.000268457
43.0249 650152 641464 0.056633 90.8666 86.0457 90.8666 86.0441 319588 6 0.000358744
43.0817 651600 647256 0.0571126 91.3094 86.0527 91.3094 86.0511 320036 6 0.000336989
43.139 647256 648704 0.0576606 90.7458 86.0589 90.7458 86.0573 320485 6 0.000409309
43.1965 642912 644360 0.0576793 89.7492 86.0638 89.7492 86.0622 320930 6 0.000364753
43.2534 644360 640016 0.0572589 90.0998 86.0691 90.0998 86.0675 321373 6 0.000269472
43.3099 648704 641464 0.0566679 90.8666 86.0754 90.8666 86.0738 321816 6 0.00031858
43.3667 650152 645808 0.0571935 91.1056 86.082 91.1056 86.0804 322263 6 0.000323498
43.4238 651600 647256 0.0572097 90.722 86.0881 90.722 86.0865 322710 6 0.000338769
43.4812 645808 648704 0.0578071 90.556 86.094 90.556 86.0924 323159 6 0.00045293
43.5384 644360 642912 0.0574158 89.9238 86.099 89.9238 86.0974 323603 6 0.000299085
43.5952 647256 641464 0.0568893 90.4816 86.1047 90.4816 86.1031 324046 6 0.000293346
43.652 648704 644360 0.0572109 90.9018 86.111 90.9018 86.1094 324492 6 0.000309311
43.7091 647256 645808 0.0574036 90.722 86.117 90.722 86.1154 324939 6 0.000327404
43.7663 644360 644360 0.0575139 90.1263 86.1222 90.1263 86.1206 325384 6 0.000332456
43.8232 645808 641464 0.0572916 90.3032 86.1277 90.3032 86.1261 325828 6 0.000283187
43.8799 647256 642912 0.057024 90.8901 86.1338 90.8901 86.1322 326273 6 0.000291861
43.9368 648704 644360 0.0570722 90.698 86.1397 90.698 86.1381 326718 6 0.000306774
43.9938 647256 645808 0.0573465 90.722 86.1457 90.722 86.1441 327165 6 0.000326334
44.051 644360 644360 0.0574553 90.1263 86.1508 90.1263 86.1493 327610 6 0.000331345
44.108 641464 641464 0.0574723 90.3032 86.1562 90.3032 86.1546 328054 6 0.000304051
44.1647 642912 638568 0.057009 90.2774 86.1615 90.2774 86.1599 328496 6 0.000252263
44.2213 644360 640016 0.0570227 90.6737 86.1673 90.6737 86.1657 328939 6 0.000265153
44.2779 648704 641464 0.0567369 90.6737 86.173 90.6737 86.1715 329382 6 0.000319781
44.3349 650152 645808 0.0572681 90.9134 86.1791 90.9134 86.1775 329829 6 0.000324874
44.3918 648704 647256 0.0572969 90.9134 86.1852 90.9134 86.1836 330276 6 0.000340382
44.449 644360 645808 0.0576232 90.5314 86.1908 90.5314 86.1892 330723 6 0.000378177
44.5061 645808 641464 0.0572382 89.9102 86.1955 89.9102 86.194 331166 6 0.000282198
44.5629 647256 642912 0.0572592 90.698 86.2013 90.698 86.1997 331611 6 0.000296161
44.6199 648704 644360 0.0570901 90.5066 86.2068 90.5066 86.2052 332056 6 0.0003071
44.6768 644360 645808 0.0575604 90.9134 86.2128 90.9134 86.2112 332503 6 0.000376972
44.7338 645808 641464 0.0571604 90.0998 86.2177 90.0998 86.2162 332946 6 0.000280767
44.7906 647256 642912 0.0571808 90.698 86.2234 90.698 86.2219 333391 6 0.000294717
44.8475 648704 644360 0.0571205 90.698 86.2291 90.698 86.2275 333836 6 0.000307653
44.9047 644360 645808 0.0576449 90.5314 86.2346 90.5314 86.233 334283 6 0.000378594
44.9616 642912 641464 0.0574156 90.0998 86.2395 90.0998 86.2379 334726 6 0.000285507
45.0183 644360 640016 0.0572826 90.4816 86.2448 90.4816 86.2433 335169 6 0.00026991
45.0749 650152 641464 0.0565725 90.6737 86.2504 90.6737 86.2488 335612 6 0.000357704
45.1318 647256 647256 0.0574439 91.3094 86.2567 91.3094 86.2552 336060 6 0.000360609
45.1892 640016 644360 0.0579624 89.9509 86.2614 89.9509 86.2599 336506 6 0.000463498
45.2462 634224 637120 0.0578711 89.6931 86.2658 89.6931 86.2642 336947 6 0.000343726
45.3024 641464 631328 0.056501 89.813 86.2702 89.813 86.2686 337383 6 0.000326921
45.3548 653048 638568 0.056 97.5104 86.2831 97.5104 86.2816 337824 6 0.000602024
45.4114 655944 650152 0.0568025 92.1065 86.2904 92.1065 86.2889 338274 6 0.00038025
45.4689 650152 653048 0.0577503 90.9707 86.2963 90.9707 86.2948 338726 6 0.000500932
45.5269 641464 647256 0.0581159 89.6045 86.3005 89.6045 86.299 339174 6 0.000560127
45.584 638568 638568 0.0574815 89.5187 86.3046 89.5187 86.303 339616 6 0.000278472
45.644 640016 635672 0.0572848 85.0062 86.3029 85.0062 86.3013 340056 6 0.000233419
45.7004 641464 637120 0.0569609 90.6493 86.3082 90.6493 86.3067 340497 6 0.000239221
45.7532 647256 638568 0.0566228 96.6239 86.3201 96.6239 86.3186 340938 6 0.000332816
45.8099 648704 644360 0.056924 91.0944 86.3261 91.0944 86.3245 341384 6 0.000304108
45.8669 650152 645808 0.0571424 90.9134 86.3318 90.9134 86.3302 341831 6 0.000322561
45.9239 651600 647256 0.0571672 90.9134 86.3374 90.9134 86.3359 342278 6 0.000337988
45.9812 647256 648704 0.0575563 90.7458 86.3429 90.7458 86.3414 342727 6 0.000407305
46.0385 641464 644360 0.0576985 89.9374 86.3474 89.9374 86.3459 343172 6 0.000405893
46.0957 640016 638568 0.0573429 89.5187 86.3513 89.5187 86.3498 343614 6 0.00025839
46.1522 644360 637120 0.05669 90.4564 86.3564 90.4564 86.3549 344055 6 0.000281033
46.2084 651600 641464 0.0565086 91.255 86.3623 91.255 86.3608 344498 6 0.000409031
46.2652 653048 648704 0.0571054 91.5132 86.3687 91.5132 86.3672 344947 6 0.000352298
46.3226 648704 650152 0.0576286 90.7458 86.3741 90.7458 86.3726 345396 6 0.000424596
46.3802 642912 645808 0.0578797 89.777 86.3783 89.777 86.3768 345843 6 0.000423948
46.4372 644360 640016 0.0572126 89.8965 86.3826 89.8965 86.3811 346285 6 0.000268617
46.4937 648704 641464 0.0567621 90.8666 86.3881 90.8666 86.3866 346728 6 0.000320221
46.5505 650152 645808 0.0571573 91.1056 86.3938 91.1056 86.3923 347175 6 0.000322833
46.6076 651600 647256 0.0572461 90.722 86.3991 90.722 86.3976 347622 6 0.00033944
46.665 645808 648704 0.0577143 90.556 86.4042 90.556 86.4028 348071 6 0.000451119
46.7222 642912 642912 0.0574529 89.9238 86.4085 89.9238 86.4071 348515 6 0.000317258
46.7789 645808 640016 0.0568822 90.2774 86.4132 90.2774 86.4118 348957 6 0.00028011
46.8355 647256 642912 0.0569364 90.8784 86.4186 90.8784 86.4172 349401 6 0.000290288
46.8923 648704 644360 0.0570186 90.698 86.4238 90.698 86.4223 349846 6 0.000305804
46.9495 645808 645808 0.0574777 90.5314 86.4288 90.5314 86.4273 350293 6 0.000346277
47.0065 647256 642912 0.0572232 90.3032 86.4335 90.3032 86.432 350737 6 0.000295496
47.0632 650152 644360 0.0568865 90.8901 86.4389 90.8901 86.4374 351182 6 0.000320912
47.1203 648704 647256 0.0573992 90.9249 86.4443 90.9249 86.4429 351630 6 0.000342295
47.1776 645808 645808 0.0575185 90.3416 86.4491 90.3416 86.4476 352077 6 0.000347052
47.2348 644360 642912 0.0573987 89.9238 86.4533 89.9238 86.4518 352521 6 0.000298765
47.2915 645808 641464 0.056994 90.4816 86.4581 90.4816 86.4566 352964 6 0.000277745
47.3482 648704 642912 0.0568866 90.8901 86.4634 90.8901 86.4619 353409 6 0.000306873
47.4051 650152 645808 0.0571374 90.9018 86.4687 90.9018 86.4673 353855 6 0.00032247
47.4621 648704 647256 0.0573356 90.722 86.4738 90.722 86.4724 354302 6 0.000341103
47.5196 642912 645808 0.0577593 90.1526 86.4783 90.1526 86.4768 354749 6 0.000421584
47.5765 644360 640016 0.0572175 89.8965 86.4824 89.8965 86.4809 355191 6 0.000268706
47.633 648704 641464 0.0567301 90.8666 86.4876 90.8666 86.4861 355634 6 0.000319661
47.6899 650152 645808 0.0570239 91.1056 86.4931 91.1056 86.4916 356081 6 0.000320408
47.7469 651600 647256 0.0572667 90.722 86.4981 90.722 86.4967 356528 6 0.000339822
47.8044 647256 648704 0.0576759 90.556 86.503 90.556 86.5016 356977 6 0.000409604
47.8616 644360 644360 0.0574777 90.1263 86.5073 90.1263 86.5059 357422 6 0.00033177
47.9185 645808 641464 0.0572232 90.3032 86.5119 90.3032 86.5104 357866 6 0.000281921
47.9754 647256 642912 0.0570186 90.698 86.5168 90.698 86.5154 358311 6 0.000291763
48.0322 648704 644360 0.0570618 90.698 86.5218 90.698 86.5203 358756 6 0.000306586
48.0894 645808 645808 0.0575071 90.5314 86.5265 90.5314 86.5251 359203 6 0.000346833
48.1463 647256 642912 0.0572374 90.3032 86.531 90.3032 86.5296 359647 6 0.000295758
48.2031 648704 644360 0.0569863 90.8901 86.5361 90.8901 86.5347 360092 6 0.000305224
48.2601 647256 645808 0.0573351 90.722 86.5411 90.722 86.5396 360539 6 0.000326121
48.3172 645808 644360 0.0573982 90.3161 86.5455 90.3161 86.5441 360984 6 0.000312796
48.3744 642912 642912 0.0574338 90.1263 86.5498 90.1263 86.5483 361429 6 0.000316897
48.4311 644360 640016 0.0569772 90.2774 86.5541 90.2774 86.5527 361871 6 0.000264334
48.4876 647256 641464 0.0567854 90.8666 86.5592 90.8666 86.5577 362314 6 0.00029151
48.5444 648704 644360 0.0570541 90.9018 86.5642 90.9018 86.5628 362760 6 0.000306446
48.6015 647256 645808 0.0574099 90.722 86.5691 90.722 86.5677 363207 6 0.000327523
48.6587 645808 644360 0.0573445 90.1263 86.5733 90.1263 86.5719 363652 6 0.00031179
48.7157 647256 642912 0.0571628 90.5066 86.5779 90.5066 86.5765 364097 6 0.000294385
48.7724 648704 644360 0.0569659 90.8901 86.5829 90.8901 86.5815 364542 6 0.000304857
48.8294 647256 645808 0.0573476 90.722 86.5878 90.722 86.5863 364989 6 0.000326355
48.8865 645808 644360 0.0573458 90.3161 86.5921 90.3161 86.5907 365434 6 0.000311814
48.9437 644360 642912 0.0573445 90.1263 86.5962 90.1263 86.5948 365879 6 0.000297749
49.0004 645808 641464 0.0569418 90.4816 86.6007 90.4816 86.5993 366322 6 0.00027681
49.0572 647256 642912 0.056961 90.8901 86.6057 90.8901 86.6043 366767 6 0.000290729
49.114 648704 644360 0.0571205 90.698 86.6104 90.698 86.609 367212 6 0.000307653
49.1711 647256 645808 0.0573136 90.722 86.6152 90.722 86.6138 367659 6 0.000325719
49.2283 642912 644360 0.0575544 90.1263 86.6193 90.1263 86.6179 368104 6 0.00036235
49.2852 644360 640016 0.0571494 90.0998 86.6233 90.0998 86.6219 368547 6 0.000267456
49.3417 648704 641464 0.0567371 90.8666 86.6282 90.8666 86.6268 368990 6 0.000319783
49.3985 650152 645808 0.0570993 91.1056 86.6333 91.1056 86.6319 369437 6 0.000321774
49.4556 651600 647256 0.0572463 90.722 86.638 90.722 86.6366 369884 6 0.000339444
49.513 645808 648704 0.0577185 90.556 86.6426 90.556 86.6412 370333 6 0.0004512
49.5702 642912 642912 0.05745 89.9238 86.6464 89.9238 86.645 370777 6 0.000317203
49.627 644360 640016 0.056924 90.2774 86.6505 90.2774 86.6491 371219 6 0.000263382
49.6835 647256 641464 0.0568915 90.6737 86.6551 90.6737 86.6537 371662 6 0.000293385
49.7404 648704 644360 0.0570317 90.9018 86.66 90.9018 86.6586 372108 6 0.000306041
49.7976 645808 645808 0.0574651 90.5314 86.6644 90.5314 86.663 372555 6 0.000346038
49.8545 647256 642912 0.0572173 90.3032 86.6686 90.3032 86.6672 372999 6 0.000295387
49.9112 648704 644360 0.0569932 90.8901 86.6734 90.8901 86.672 373444 6 0.000305348
49.9683 650152 645808 0.0572699 90.722 86.678 90.722 86.6766 373891 6 0.000324909
50.0254 651600 647256 0.0572936 90.722 86.6826 90.722 86.6812 374338 6 0.000340321
50.0828 647256 648704 0.0576644 90.556 86.687 90.556 86.6856 374787 6 0.000409383
50.14 644360 644360 0.0574908 90.1263 86.691 90.1263 86.6896 375232 6 0.000332017
50.197 645808 641464 0.0571709 90.3032 86.6951 90.3032 86.6937 375676 6 0.000280958
50.2538 647256 642912 0.0570142 90.698 86.6996 90.698 86.6982 376121 6 0.000291685
50.3107 648704 644360 0.0570473 90.698 86.7041 90.698 86.7027 376566 6 0.000306324
50.3679 647256 645808 0.0573882 90.5314 86.7084 90.5314 86.7071 377013 6 0.000327115
50.4248 648704 644360 0.0571815 90.5066 86.7127 90.5066 86.7114 377458 6 0.000308769
50.4818 650152 645808 0.0571905 90.9134 86.7175 90.9134 86.7161 377905 6 0.000323441
50.5388 651600 647256 0.0572097 90.722 86.722 90.722 86.7206 378352 6 0.000338769
50.5962 648704 648704 0.0575348 90.7458 86.7266 90.7458 86.7252 378801 6 0.000377774
50.6536 642912 645808 0.0577593 89.9509 86.7302 89.9509 86.7288 379247 6 0.000421584
50.7106 644360 640016 0.0572175 89.8965 86.7338 89.8965 86.7324 379689 6 0.000268706
50.767 648704 641464 0.0567302 90.8666 86.7384 90.8666 86.737 380132 6 0.000319663
50.8239 650152 645808 0.0570243 91.1056 86.7432 91.1056 86.7419 380579 6 0.000320414
50.8809 651600 647256 0.0572677 90.722 86.7477 90.722 86.7463 381026 6 0.00033984
50.9384 645808 648704 0.057694 90.556 86.752 90.556 86.7506 381475 6 0.000450725
50.9956 642912 642912 0.0574648 89.9238 86.7556 89.9238 86.7542 381919 6 0.000317484
51.0523 644360 640016 0.0569885 90.2774 86.7595 90.2774 86.7581 382361 6 0.000264536
51.1089 648704 641464 0.0567162 90.6737 86.7638 90.6737 86.7625 382804 6 0.000319419
51.1657 650152 645808 0.0570807 91.1056 86.7686 91.1056 86.7673 383251 6 0.000321436
51.2229 648704 647256 0.0573562 90.5314 86.7728 90.5314 86.7715 383698 6 0.000341487
51.2801 645808 645808 0.0574647 90.5314 86.777 90.5314 86.7757 384145 6 0.000346029
51.3371 647256 642912 0.0572841 90.3032 86.7809 90.3032 86.7796 384589 6 0.000296622
51.3939 648704 644360 0.0570414 90.698 86.7853 90.698 86.7839 385034 6 0.000306217
51.451 647256 645808 0.0573138 90.722 86.7896 90.722 86.7883 385481 6 0.000325724
51.5082 645808 644360 0.0573887 90.1263 86.7933 90.1263 86.792 385926 6 0.000312618
51.5651 647256 642912 0.0572489 90.5066 86.7974 90.5066 86.7961 386371 6 0.000295971
51.6218 648704 644360 0.0569743 90.8901 86.8019 90.8901 86.8006 386816 6 0.000305007
51.6789 650152 645808 0.0572667 90.722 86.8063 90.722 86.8049 387263 6 0.000324849
51.736 651600 647256 0.0572648 90.722 86.8106 90.722 86.8092 387710 6 0.000339785
51.7934 647256 648704 0.0576413 90.556 86.8147 90.556 86.8134 388159 6 0.000408937
51.8506 644360 644360 0.0574437 90.1263 86.8184 90.1263 86.8171 388604 6 0.000331125
51.9076 645808 641464 0.0572077 90.3032 86.8222 90.3032 86.8209 389048 6 0.000281636
51.9644 647256 642912 0.0570541 90.698 86.8265 90.698 86.8251 389493 6 0.000292405
52.0213 648704 644360 0.0571799 90.698 86.8307 90.698 86.8294 389938 6 0.00030874
52.0785 647256 645808 0.0573937 90.5314 86.8348 90.5314 86.8334 390385 6 0.000327218
52.1354 648704 644360 0.0571849 90.5066 86.8388 90.5066 86.8374 390830 6 0.000308833
52.1924 650152 645808 0.0572191 90.9134 86.8432 90.9134 86.8419 391277 6 0.000323969
52.2494 648704 647256 0.0573484 90.722 86.8474 90.722 86.8461 391724 6 0.000341342
52.3068 645808 645808 0.0575471 90.3416 86.8513 90.3416 86.8499 392171 6 0.000347596
52.364 644360 642912 0.0573015 89.9238 86.8546 89.9238 86.8533 392615 6 0.000296946
52.4207 645808 641464 0.0569491 90.4816 86.8586 90.4816 86.8572 393058 6 0.00027694
52.4774 647256 642912 0.0569659 90.8901 86.8629 90.8901 86.8616 393503 6 0.000290816
52.5342 648704 644360 0.0571054 90.698 86.8671 90.698 86.8657 393948 6 0.000307379
52.5913 647256 645808 0.0573994 90.722 86.8712 90.722 86.8699 394395 6 0.000327325
52.6485 644360 644360 0.057485 90.1263 86.8748 90.1263 86.8735 394840 6 0.000331907
52.7054 645808 641464 0.0571289 90.3032 86.8785 90.3032 86.8772 395284 6 0.00028019
52.7622 647256 642912 0.0569345 90.8901 86.8828 90.8901 86.8815 395729 6 0.000290254
52.819 648704 644360 0.0572025 90.698 86.8869 90.698 86.8856 396174 6 0.000309157
52.8761 647256 645808 0.0573136 90.722 86.891 90.722 86.8897 396621 6 0.000325719
52.9333 642912 644360 0.0575544 90.1263 86.8945 90.1263 86.8932 397066 6 0.00036235
52.9902 644360 640016 0.0571495 90.0998 86.898 90.0998 86.8967 397509 6 0.000267458
53.0467 648704 641464 0.056737 90.8666 86.9022 90.8666 86.9009 397952 6 0.000319783
53.1035 650152 645808 0.0571052 91.1056 86.9067 91.1056 86.9054 398399 6 0.000321882
53.1606 651600 647256 0.0572569 90.722 86.9108 90.722 86.9095 398846 6 0.00033964
53.2181 645808 648704 0.0577061 90.556 86.9147 90.556 86.9134 399295 6 0.00045096
53.2752 641464 642912 0.0575546 89.9238 86.918 89.9238 86.9167 399739 6 0.000348312
53.332 644360 638568 0.0568679 90.0731 86.9213 90.0731 86.92 400180 6 0.000267212
53.3886 647256 641464 0.0568078 90.8784 86.9255 90.8784 86.9242 400624 6 0.000291903
53.4454 648704 644360 0.0570317 90.9018 86.9298 90.9018 86.9285 401070 6 0.000306041
53.5026 645808 645808 0.0574651 90.5314 86.9336 90.5314 86.9323 401517 6 0.000346038
53.5595 647256 642912 0.0572175 90.3032 86.9372 90.3032 86.9359 401961 6 0.00029539
53.6163 648704 644360 0.0569931 90.8901 86.9414 90.8901 86.9401 402406 6 0.000305346
53.6733 650152 645808 0.0572815 90.722 86.9454 90.722 86.9441 402853 6 0.000325123
53.7304 648704 647256 0.0573143 90.722 86.9494 90.722 86.9481 403300 6 0.000340706
53.7879 644360 645808 0.0576403 90.1526 86.9528 90.1526 86.9515 403747 6 0.000378505
53.8448 645808 641464 0.0571821 90.0998 86.9561 90.0998 86.9549 404190 6 0.000281164
53.9015 647256 642912 0.0569841 90.8901 86.9603 90.8901 86.959 404635 6 0.000291143
53.9584 648704 644360 0.0570186 90.698 86.9642 90.698 86.9629 405080 6 0.000305804
54.0154 647256 645808 0.0573143 90.722 86.9682 90.722 86.9669 405527 6 0.000325734
54.0726 644360 644360 0.0574437 90.1263 86.9715 90.1263 86.9702 405972 6 0.000331125
54.1296 645808 641464 0.0572077 90.3032 86.975 90.3032 86.9738 406416 6 0.000281636
54.1863 647256 642912 0.0569883 90.8901 86.9791 90.8901 86.9779 406861 6 0.000291218
54.2431 648704 644360 0.0570362 90.698 86.983 90.698 86.9818 407306 6 0.000306123
54.3002 647256 645808 0.0573996 90.722 86.987 90.722 86.9857 407753 6 0.000327329
54.3574 644360 644360 0.0574641 90.1263 86.9903 90.1263 86.989 408198 6 0.000331511
54.4144 645808 641464 0.0572191 90.3032 86.9937 90.3032 86.9925 408642 6 0.000281845
54.4711 647256 642912 0.0569646 90.8901 86.9978 90.8901 86.9965 409087 6 0.000290792
54.5279 648704 644360 0.0570414 90.698 87.0016 90.698 87.0004 409532 6 0.000306217
54.585 647256 645808 0.0573138 90.722 87.0055 90.722 87.0043 409979 6 0.000325724
54.6422 645808 644360 0.0573888 90.1263 87.0088 90.1263 87.0075 410424 6 0.000312619
54.6991 647256 642912 0.0572496 90.5066 87.0124 90.5066 87.0112 410869 6 0.000295984
54.7559 648704 644360 0.0569739 90.8901 87.0165 90.8901 87.0152 411314 6 0.000305
54.8129 650152 645808 0.0572677 90.722 87.0203 90.722 87.0191 411761 6 0.000324867
54.87 648704 647256 0.0573925 90.722 87.0242 90.722 87.0229 412208 6 0.000342168
54.9274 642912 645808 0.0576923 90.1526 87.0274 90.1526 87.0262 412655 6 0.000420281
54.9844 644360 640016 0.0571872 89.8965 87.0304 89.8965 87.0292 413097 6 0.000268149
