0.481263 14480 0 0 0 0 0 0 0 0 0.0439727
0.546632 15928 13032 0.079 1.77208 0.211916 1.77208 0.211916 10 0 0.0389867
0.546873 18824 13032 0.07725 96.4048 0.254187 96.4048 0.254187 12 0 0.0389345
0.547113 21720 15928 0.0758438 192.81 0.338767 192.81 0.338767 16 0 0.038585
0.547353 24616 18824 0.0746133 192.81 0.423273 192.81 0.423273 20 0 0.0382458
0.547594 27512 21720 0.0735366 192.81 0.507705 192.81 0.507705 24 0 0.0379149
0.628221 30408 24616 0.0827195 0.574693 0.516302 0.574693 0.516302 28 0 0.0379485
0.628461 33304 27512 0.0826296 192.81 0.589834 192.81 0.589834 32 0 0.0376462
0.628943 30408 28960 0.0825509 168.251 0.71831 168.251 0.71831 39 0 0.037494
0.629063 29366 28960 0.0825509 96.4048 0.736587 0 0.718173 40 1 0.037481
0.629184 25949 24616 0.0825509 0 0.736446 0 0.718035 40 1 0.0379467
0.629304 23168 23168 0.0825509 0 0.736305 0 0.717898 40 1 0.0380892
0.689024 20272 18824 0.0825509 0 0.672488 0 0.655675 40 1 0.0385408
0.689264 17376 15928 0.0825509 96.4048 0.705866 0 0.655447 42 3 0.0388425
0.690346 23168 15928 0.0825509 96.4048 0.85578 0 0.65442 51 12 0.0388872
0.758354 24616 20272 0.0792499 2.38464 0.992887 0.510994 0.641558 65 23 0.0382412
0.827686 26064 21720 0.0757483 3.17451 1.17563 3.17451 0.853734 84 23 0.0379685
0.966111 27512 23168 0.0738171 1.92475 1.28297 1.92475 1.00719 107 23 0.0377616
1.17988 28960 24616 0.0826724 2.98047 1.59051 2.98047 1.3647 162 23 0.0379351
1.32563 30408 26064 0.0753047 3.25853 1.77391 3.25853 1.57293 203 23 0.0375061
1.54889 31856 27512 0.0802791 3.58016 2.03427 3.58016 1.86225 272 23 0.0375342
1.70077 33304 28960 0.0776824 3.12705 2.13185 3.12705 1.9752 313 23 0.037287
1.85529 34752 30408 0.0829661 3.37342 2.23526 3.37342 2.09166 358 23 0.0373534
2.01174 36200 31856 0.0799584 3.33196 2.32055 3.33196 2.18811 403 23 0.0370763
2.17059 37648 33304 0.0869675 3.4274 2.40155 3.4274 2.27881 450 23 0.0372574
2.33089 39096 34752 0.0817862 3.54111 2.47992 3.54111 2.36562 499 23 0.0368574
2.49358 40544 36200 0.0911854 3.6312 2.55504 3.6312 2.44819 550 23 0.0372081
2.55631 41992 37648 0.0653146 9.78823 2.73252 9.78823 2.62829 603 23 0.036117
2.67755 43440 39096 0.0628316 5.25497 2.84673 5.25497 2.74723 658 23 0.0359502
2.80071 44888 40544 0.0621253 5.36105 2.9573 5.36105 2.86217 715 23 0.0358004
2.92628 46336 41992 0.0653206 5.44295 3.06396 5.44295 2.97291 774 23 0.0356783
3.05401 47784 43440 0.0644758 5.53217 3.16719 5.53217 3.07995 835 23 0.0355243
3.1845 49232 44888 0.0682549 5.59254 3.26658 5.59254 3.18291 898 23 0.0354271
3.31704 50680 46336 0.067084 5.50635 3.35607 5.50635 3.27575 961 23 0.0352641
3.4521 52128 47784 0.0718543 5.74655 3.4496 5.74655 3.37242 1028 23 0.0352097
3.58896 53576 49232 0.0691902 5.67087 3.5343 5.67087 3.46007 1095 23 0.0350091
3.72871 55024 50680 0.076365 5.88542 3.62242 5.88542 3.55096 1166 23 0.0350483
3.87026 56472 52128 0.0716967 5.81048 3.70244 5.81048 3.6336 1237 23 0.0347735
3.94644 57920 53576 0.0720028 11.4044 3.85112 11.4044 3.78361 1312 23 0.0346371
4.09147 59368 55024 0.073089 5.99036 3.92695 5.99036 3.86183 1387 23 0.0345211
4.23891 60816 56472 0.0756619 6.04985 4.00079 6.04985 3.93793 1464 23 0.0344521
4.38899 62264 57920 0.0754733 6.09766 4.07249 6.09766 4.01179 1543 23 0.0343036
4.54123 63712 59368 0.0790441 6.16321 4.14258 6.16321 4.08391 1624 23 0.0342845
4.69636 65160 60816 0.0782551 6.19798 4.21047 6.19798 4.15374 1707 23 0.0341129
4.85437 66608 62264 0.0836037 6.23149 4.27626 6.23149 4.22137 1792 23 0.0341951
5.01502 68056 63712 0.0810186 6.27316 4.34023 6.27316 4.2871 1879 23 0.0339382
5.16931 69504 65160 0.0863548 6.68226 4.41013 6.68226 4.35859 1968 23 0.0340498
5.29848 70952 66608 0.0652621 8.16078 4.50157 8.16078 4.45128 2059 23 0.0332421
5.36949 72400 68056 0.0659751 15.1703 4.64267 15.1703 4.59305 2152 23 0.0331095
5.50191 73848 69504 0.0668612 8.13579 4.72674 8.13579 4.67831 2245 23 0.0329806
5.63673 75296 70952 0.0689346 8.33446 4.81303 8.33446 4.76576 2342 23 0.0328733
5.77347 76744 72400 0.0690798 8.21728 4.89365 8.21728 4.84751 2439 23 0.0327363
5.91274 78192 73848 0.0718985 8.40111 4.97627 8.40111 4.93121 2540 23 0.032656
6.05344 79640 75296 0.0710114 8.31502 5.05387 8.31502 5.00986 2641 23 0.0324966
6.19632 81088 76744 0.0751958 8.51346 5.13364 8.51346 5.09064 2746 23 0.0324674
6.34099 82536 78192 0.0730126 8.40739 5.20833 8.40739 5.16632 2851 23 0.0322673
6.48794 83984 79640 0.0811177 8.43443 5.28141 8.43443 5.24034 2958 23 0.0324058
6.56833 85432 81088 0.0747197 15.7072 5.409 15.7072 5.36844 3067 23 0.0320386
6.71769 86880 82536 0.0759016 8.60896 5.48015 8.60896 5.44049 3178 23 0.0319372
6.86861 88328 83984 0.0760274 8.67336 5.55031 8.67336 5.51152 3291 23 0.0318039
7.02133 89776 85432 0.0779371 8.7227 5.61932 8.7227 5.58137 3406 23 0.0317317
7.17538 91224 86880 0.0777321 8.79825 5.68756 8.79825 5.65043 3523 23 0.0315877
7.33123 92672 88328 0.0803896 8.84516 5.75469 8.84516 5.71835 3642 23 0.0315526
7.4884 94120 89776 0.079196 8.91818 5.82109 8.91818 5.78551 3763 23 0.0313692
7.64677 95568 91224 0.0838874 8.99681 5.88686 8.99681 5.85201 3886 23 0.0314356
7.80598 97016 92672 0.0801175 8.94928 5.94932 8.94928 5.91519 4009 23 0.0311341
7.89382 98464 94120 0.0809089 16.7488 6.06949 16.7488 6.03574 4136 23 0.0310314
8.04942 97016 95568 0.081701 5.50882 6.05865 5.50882 6.02555 4210 23 0.0309302
8.04954 96065 95568 0.081701 96.4048 6.06 0 6.02546 4211 24 0.0309281
8.04966 95589 94120 0.081701 0 6.05991 0 6.02537 4211 24 0.0310618
8.04978 95113 94120 0.081701 96.4048 6.06126 0 6.02528 4212 25 0.0310618
8.0499 94638 92672 0.081701 0 6.06117 0 6.02519 4212 25 0.031197
8.05002 94162 92672 0.081701 96.4048 6.06252 0 6.0251 4213 26 0.031197
8.05014 93686 92672 0.081701 96.4048 6.06386 0 6.02501 4214 27 0.031197
8.05026 93210 91224 0.081701 0 6.06377 0 6.02492 4214 27 0.0313325
8.05038 92735 91224 0.081701 96.4048 6.06512 0 6.02483 4215 28 0.0313325
8.0505 92259 91224 0.081701 96.4048 6.06647 0 6.02474 4216 29 0.0313325
8.05062 91783 89776 0.081701 0 6.06638 0 6.02465 4216 29 0.0314684
8.05075 91307 89776 0.081701 96.4048 6.06773 0 6.02456 4217 30 0.0314684
8.05087 90831 89776 0.081701 96.4048 6.06908 0 6.02447 4218 31 0.0314684
8.05099 90356 88328 0.081701 0 6.06899 0 6.02438 4218 31 0.0316045
8.05111 89880 88328 0.081701 96.4048 6.07033 0 6.02429 4219 32 0.0316045
8.05123 89404 88328 0.081701 96.4048 6.07168 0 6.0242 4220 33 0.0316045
8.05135 88928 86880 0.081701 0 6.07159 0 6.02411 4220 33 0.0317409
8.05147 88453 86880 0.081701 96.4048 6.07294 0 6.02402 4221 34 0.0317409
8.05159 87977 86880 0.081701 96.4048 6.07429 0 6.02393 4222 35 0.0317409
8.05171 87501 85432 0.081701 0 6.0742 0 6.02384 4222 35 0.0318776
8.05183 87025 85432 0.081701 96.4048 6.07554 0 6.02375 4223 36 0.0318776
8.05195 86550 85432 0.081701 96.4048 6.07689 0 6.02366 4224 37 0.0318776
8.05207 86074 83984 0.081701 0 6.0768 0 6.02357 4224 37 0.0320146
8.05219 85598 83984 0.081701 96.4048 6.07815 0 6.02348 4225 38 0.0320146
8.05231 85122 83984 0.081701 96.4048 6.0795 0 6.02339 4226 39 0.0320146
8.05243 84646 82536 0.081701 0 6.07941 0 6.0233 4226 39 0.0321519
8.05255 84171 82536 0.081701 96.4048 6.08075 0 6.02321 4227 40 0.0321519
8.05267 83695 82536 0.081701 96.4048 6.0821 0 6.02312 4228 41 0.0321519
8.05279 83219 81088 0.081701 0 6.08201 0 6.02303 4228 41 0.0322895
8.05291 82743 81088 0.081701 96.4048 6.08336 0 6.02294 4229 42 0.0322895
8.05303 82268 81088 0.081701 96.4048 6.08471 0 6.02285 4230 43 0.0322895
8.05315 81792 79640 0.081701 0 6.08462 0 6.02276 4230 43 0.0324274
8.05327 81316 79640 0.081701 96.4048 6.08596 0 6.02267 4231 44 0.0324274
8.05339 80840 79640 0.081701 96.4048 6.08731 0 6.02258 4232 45 0.0324274
8.05351 80364 78192 0.081701 0 6.08722 0 6.02249 4232 45 0.0325656
8.05363 79889 78192 0.081701 96.4048 6.08857 0 6.0224 4233 46 0.0325656
8.05375 79413 78192 0.081701 96.4048 6.08992 0 6.02231 4234 47 0.0325656
8.05387 78937 76744 0.081701 0 6.08983 0 6.02222 4234 47 0.0327041
8.05399 78461 76744 0.081701 96.4048 6.09117 0 6.02213 4235 48 0.0327041
8.05411 77986 76744 0.081701 96.4048 6.09252 0 6.02204 4236 49 0.0327041
8.05423 77510 75296 0.081701 0 6.09243 0 6.02195 4236 49 0.0328429
8.05435 77034 75296 0.081701 96.4048 6.09378 0 6.02187 4237 50 0.0328429
8.05447 76558 75296 0.081701 96.4048 6.09512 0 6.02178 4238 51 0.0328429
8.05459 73848 73848 0.081701 0 6.09503 0 6.02169 4238 51 0.0329947
8.05471 72400 72400 0.081701 0 6.09494 0 6.0216 4238 51 0.0331247
8.05483 70952 70952 0.081701 0 6.09485 0 6.02151 4238 51 0.0332644
8.05495 69504 69504 0.081701 0 6.09476 0 6.02142 4238 51 0.0334044
8.05507 68056 68056 0.081701 0 6.09467 0 6.02133 4238 51 0.0335447
8.13113 69504 66608 0.081701 2.89369 6.06473 0 5.965 4257 70 0.0336853
8.13137 70952 66608 0.0817384 96.4048 6.0674 96.4048 5.96767 4259 70 0.0336869
8.20407 72400 68056 0.08847 6.85191 6.07435 6.85191 5.97551 4302 70 0.0338843
8.27761 73848 69504 0.0827191 7.71868 6.08896 7.71868 5.991 4351 70 0.0334497
8.35199 75296 70952 0.0741342 7.94288 6.10547 7.94288 6.00838 4402 70 0.0329933
8.42685 76744 72400 0.0831785 7.89189 6.12134 7.89189 6.02511 4453 70 0.0331911
8.50219 78192 73848 0.0754039 8.14905 6.1393 8.14905 6.04393 4506 70 0.0327517
8.57777 79640 75296 0.084232 8.12314 6.15678 8.12314 6.06225 4559 70 0.0329625
8.65371 81088 76744 0.0761536 8.38966 6.17638 8.38966 6.08268 4614 70 0.0324975
8.73037 82536 78192 0.0848343 8.31076 6.19512 8.31076 6.10224 4669 70 0.0327148
8.80775 83984 79640 0.0771267 8.53272 6.21566 8.53272 6.12359 4726 70 0.0322531
8.89066 85432 81088 0.0779774 14.3909 6.2919 14.3909 6.20069 4829 70 0.0321451
9.04218 86880 82536 0.0876704 5.42803 6.27742 5.42803 6.18774 4900 70 0.03245
9.12077 88328 83984 0.0878225 8.69707 6.29827 8.69707 6.20936 4959 70 0.0323211
9.27986 89776 85432 0.0886338 8.81041 6.34134 8.81041 6.25396 5080 70 0.0322299
9.36025 91224 86880 0.0892097 8.79027 6.36237 8.79027 6.27574 5141 70 0.0321265
9.5215 92672 88328 0.0897424 8.97958 6.40669 8.97958 6.32153 5266 70 0.0320215
9.68444 94120 89776 0.0816672 9.02906 6.45081 9.02906 6.36708 5393 70 0.0314702
9.92488 95568 91224 0.0887473 9.29841 6.5198 9.29841 6.4381 5586 70 0.0316913
10.1657 97016 92672 0.0801889 9.47692 6.58985 9.47692 6.51008 5783 70 0.031137
10.49 98464 94120 0.0907248 9.46546 6.67875 9.46546 6.60145 6048 70 0.0315382
10.5721 95568 94120 0.0908734 10.0215 6.7047 10.0215 6.628 6119 70 0.0315586
10.5722 94617 94120 0.0908734 96.4048 6.70572 0 6.62792 6120 71 0.0315453
10.5723 94141 92672 0.0908734 0 6.70564 0 6.62785 6120 71 0.0316793
10.5724 93665 92672 0.0908734 96.4048 6.70666 0 6.62777 6121 72 0.0316793
10.5725 93190 91224 0.0908734 0 6.70659 0 6.6277 6121 72 0.0318148
10.5727 92714 91224 0.0908734 96.4048 6.7076 0 6.62762 6122 73 0.0318148
10.5728 92238 91224 0.0908734 96.4048 6.70862 0 6.62755 6123 74 0.0318148
10.5729 91762 89776 0.0908734 0 6.70855 0 6.62747 6123 74 0.0319506
10.573 91287 89776 0.0908734 96.4048 6.70957 0 6.6274 6124 75 0.0319506
10.5731 90811 89776 0.0908734 96.4048 6.71059 0 6.62732 6125 76 0.0319506
10.5733 90335 88328 0.0908734 0 6.71051 0 6.62725 6125 76 0.0320867
10.5734 89859 88328 0.0908734 96.4048 6.71153 0 6.62717 6126 77 0.0320867
10.5735 89383 88328 0.0908734 96.4048 6.71255 0 6.62709 6127 78 0.0320867
10.5736 88908 86880 0.0908734 0 6.71247 0 6.62702 6127 78 0.0322231
10.5737 88432 86880 0.0908734 96.4048 6.71349 0 6.62694 6128 79 0.0322231
10.5739 87956 86880 0.0908734 96.4048 6.71451 0 6.62687 6129 80 0.0322231
10.574 87480 85432 0.0908734 0 6.71444 0 6.62679 6129 80 0.0323598
10.5741 87005 85432 0.0908734 96.4048 6.71545 0 6.62672 6130 81 0.0323598
10.5742 86529 85432 0.0908734 96.4048 6.71647 0 6.62664 6131 82 0.0323598
10.5743 86053 83984 0.0908734 0 6.7164 0 6.62657 6131 82 0.0324968
10.5745 85577 83984 0.0908734 96.4048 6.71742 0 6.62649 6132 83 0.0324968
10.5746 85102 83984 0.0908734 96.4048 6.71844 0 6.62642 6133 84 0.0324968
10.5747 84626 82536 0.0908734 0 6.71836 0 6.62634 6133 84 0.0326342
10.5748 84150 82536 0.0908734 96.4048 6.71938 0 6.62627 6134 85 0.0326342
10.5749 83674 82536 0.0908734 96.4048 6.7204 0 6.62619 6135 86 0.0326342
10.5751 83198 81088 0.0908734 0 6.72032 0 6.62612 6135 86 0.0327718
10.5752 82723 81088 0.0908734 96.4048 6.72134 0 6.62604 6136 87 0.0327718
10.5753 82247 81088 0.0908734 96.4048 6.72236 0 6.62597 6137 88 0.0327718
10.5754 81771 79640 0.0908734 0 6.72228 0 6.62589 6137 88 0.0329097
10.5755 81295 79640 0.0908734 96.4048 6.7233 0 6.62581 6138 89 0.0329097
10.5757 80820 79640 0.0908734 96.4048 6.72432 0 6.62574 6139 90 0.0329097
10.5758 80344 78192 0.0908734 0 6.72424 0 6.62566 6139 90 0.0330479
10.5759 79868 78192 0.0908734 96.4048 6.72526 0 6.62559 6140 91 0.0330479
10.576 79392 78192 0.0908734 96.4048 6.72628 0 6.62551 6141 92 0.0330479
10.5761 78916 76744 0.0908734 0 6.72621 0 6.62544 6141 92 0.0331864
10.5763 78441 76744 0.0908734 96.4048 6.72722 0 6.62536 6142 93 0.0331864
10.5764 77965 76744 0.0908734 96.4048 6.72824 0 6.62529 6143 94 0.0331864
10.5765 77489 75296 0.0908734 0 6.72817 0 6.62521 6143 94 0.0333252
10.5766 77013 75296 0.0908734 96.4048 6.72919 0 6.62514 6144 95 0.0333252
10.5767 76538 75296 0.0908734 96.4048 6.7302 0 6.62506 6145 96 0.0333252
10.5769 76062 73848 0.0908734 0 6.73013 0 6.62499 6145 96 0.0334643
10.577 75586 73848 0.0908734 96.4048 6.73115 0 6.62491 6146 97 0.0334643
10.5771 75110 73848 0.0908734 96.4048 6.73217 0 6.62484 6147 98 0.0334643
10.5772 72400 72400 0.0908734 0 6.73209 0 6.62476 6147 98 0.0336163
10.5773 70952 70952 0.0908734 0 6.73201 0 6.62469 6147 98 0.0337467
10.5775 69504 69504 0.0908734 0 6.73194 0 6.62461 6147 98 0.0338867
10.5776 68056 68056 0.0908734 0 6.73186 0 6.62454 6147 98 0.0340269
10.6539 69504 66608 0.0908734 3.0364 6.70539 0 6.57709 6167 118 0.0341675
10.6541 70952 66608 0.0897643 96.4048 6.70742 96.4048 6.57912 6169 118 0.0341003
10.7331 72400 68056 0.0898856 6.01613 6.70233 6.01613 6.57498 6210 118 0.0339669
10.8129 73848 69504 0.0897348 7.11421 6.70537 7.11421 6.57896 6259 118 0.0338176
10.8931 75296 70952 0.0804853 7.36025 6.7102 7.36025 6.58471 6310 118 0.0332131
10.9735 76744 72400 0.0897662 7.34924 6.71488 7.34924 6.59031 6361 118 0.0335398
11.0545 78192 73848 0.0810554 7.58079 6.72122 7.58079 6.59757 6414 118 0.0329577
11.1355 79640 75296 0.0905709 7.58079 6.72747 7.58079 6.60472 6467 118 0.0333099
11.2168 81088 76744 0.08143 7.832 6.73548 7.832 6.61362 6522 118 0.0326958
11.2983 82536 78192 0.0909614 7.82045 6.74331 7.82045 6.62232 6577 118 0.0330566
11.3799 83984 79640 0.0818127 8.09289 6.75298 8.09289 6.63287 6634 118 0.0324356
11.4582 85432 81088 0.0908289 8.42803 6.76444 8.42803 6.64514 6691 118 0.0327723
11.5332 86880 82536 0.078375 9.1152 6.77972 9.1152 6.6612 6750 118 0.032022
11.6849 88328 83984 0.0759383 9.09047 6.80971 9.09047 6.69273 6869 118 0.031801
11.7614 89776 85432 0.0762547 9.23186 6.82547 9.23186 6.70925 6930 118 0.0316742
11.9158 91224 86880 0.0773294 9.22785 6.8566 9.22785 6.74189 7053 118 0.0315736
12.0724 92672 88328 0.0873513 9.24835 6.88762 9.24835 6.77439 7178 118 0.031885
12.2306 94120 89776 0.0791597 9.29644 6.91879 9.29644 6.80703 7305 118 0.0313678
12.3904 95568 91224 0.0889813 9.35054 6.95015 9.35054 6.83983 7434 118 0.0317049
12.6336 97016 92672 0.0810007 9.38327 6.99699 9.38327 6.88879 7631 118 0.0311705
12.7157 95568 94120 0.0816321 10.0215 7.01651 10.0215 6.90901 7702 118 0.0310622
12.7158 94603 94120 0.0816321 96.4048 7.01736 0 6.90895 7703 119 0.0310601
12.716 94120 92672 0.0816321 0 7.01729 0 6.90888 7703 119 0.0311941
12.7161 93638 92672 0.0816321 96.4048 7.01813 0 6.90882 7704 120 0.0311941
12.7162 93155 91224 0.0816321 0 7.01807 0 6.90875 7704 120 0.0313296
12.7163 92672 91224 0.0816321 96.4048 7.01891 0 6.90869 7705 121 0.0313296
12.7164 92190 91224 0.0816321 96.4048 7.01976 0 6.90862 7706 122 0.0313296
12.7166 91707 89776 0.0816321 0 7.01969 0 6.90856 7706 122 0.0314654
12.7167 91224 89776 0.0816321 96.4048 7.02054 0 6.90849 7707 123 0.0314654
12.7168 90742 89776 0.0816321 96.4048 7.02138 0 6.90843 7708 124 0.0314654
12.7169 90259 88328 0.0816321 0 7.02131 0 6.90836 7708 124 0.0316015
12.717 89776 88328 0.0816321 96.4048 7.02216 0 6.9083 7709 125 0.0316015
12.7172 89294 88328 0.0816321 96.4048 7.023 0 6.90823 7710 126 0.0316015
12.7173 88811 86880 0.0816321 0 7.02294 0 6.90816 7710 126 0.0317379
12.7174 88328 86880 0.0816321 96.4048 7.02378 0 6.9081 7711 127 0.0317379
12.7175 87846 86880 0.0816321 96.4048 7.02463 0 6.90803 7712 128 0.0317379
12.7176 87363 85432 0.0816321 0 7.02456 0 6.90797 7712 128 0.0318746
12.7178 86880 85432 0.0816321 96.4048 7.0254 0 6.9079 7713 129 0.0318746
12.7179 86398 85432 0.0816321 96.4048 7.02625 0 6.90784 7714 130 0.0318746
12.718 85915 83984 0.0816321 0 7.02618 0 6.90777 7714 130 0.0320116
12.7181 85432 83984 0.0816321 96.4048 7.02703 0 6.90771 7715 131 0.0320116
12.7182 84950 83984 0.0816321 96.4048 7.02787 0 6.90764 7716 132 0.0320116
12.7184 84467 82536 0.0816321 0 7.0278 0 6.90758 7716 132 0.0321489
12.7185 83984 82536 0.0816321 96.4048 7.02865 0 6.90751 7717 133 0.0321489
12.7186 83502 82536 0.0816321 96.4048 7.02949 0 6.90745 7718 134 0.0321489
12.7187 83019 81088 0.0816321 0 7.02943 0 6.90738 7718 134 0.0322866
12.7188 82536 81088 0.0816321 96.4048 7.03027 0 6.90732 7719 135 0.0322866
12.719 82054 81088 0.0816321 96.4048 7.03112 0 6.90725 7720 136 0.0322866
12.7191 81571 79640 0.0816321 0 7.03105 0 6.90719 7720 136 0.0324245
12.7192 81088 79640 0.0816321 96.4048 7.03189 0 6.90712 7721 137 0.0324245
12.7193 80606 79640 0.0816321 96.4048 7.03274 0 6.90706 7722 138 0.0324245
12.7194 80123 78192 0.0816321 0 7.03267 0 6.90699 7722 138 0.0325627
12.7196 79640 78192 0.0816321 96.4048 7.03352 0 6.90692 7723 139 0.0325627
12.7197 79158 78192 0.0816321 96.4048 7.03436 0 6.90686 7724 140 0.0325627
12.7198 78675 76744 0.0816321 0 7.03429 0 6.90679 7724 140 0.0327012
12.7199 78192 76744 0.0816321 96.4048 7.03514 0 6.90673 7725 141 0.0327012
12.72 77710 76744 0.0816321 96.4048 7.03598 0 6.90666 7726 142 0.0327012
12.7202 77227 75296 0.0816321 0 7.03592 0 6.9066 7726 142 0.03284
12.7203 76744 75296 0.0816321 96.4048 7.03676 0 6.90653 7727 143 0.03284
12.7204 76262 75296 0.0816321 96.4048 7.0376 0 6.90647 7728 144 0.03284
12.7205 75779 73848 0.0816321 0 7.03754 0 6.9064 7728 144 0.0329791
12.7206 75296 73848 0.0816321 96.4048 7.03838 0 6.90634 7729 145 0.0329791
12.7208 74814 73848 0.0816321 96.4048 7.03923 0 6.90627 7730 146 0.032979
12.7209 74331 72400 0.0816321 0 7.03916 0 6.90621 7730 146 0.0331184
12.721 72400 72400 0.0816321 96.4048 7.04 0 6.90614 7731 147 0.0331247
12.7211 70952 70952 0.0816321 0 7.03994 0 6.90608 7731 147 0.0332615
12.7212 69504 69504 0.0816321 0 7.03987 0 6.90601 7731 147 0.0334014
12.7214 68056 68056 0.0816321 0 7.0398 0 6.90595 7731 147 0.0335417
12.7215 66608 66608 0.0816321 0 7.03974 0 6.90588 7731 147 0.0336823
12.7966 68056 65160 0.0816321 2.62223 7.01381 0 6.86535 7748 164 0.0338232
12.8564 69504 65160 0.0860104 8.13052 7.01901 8.13052 6.87124 7790 164 0.0340318
12.9799 70952 66608 0.0620006 8.909 7.037 8.909 6.89063 7885 164 0.0332184
13.1061 72400 68056 0.0700988 8.90597 7.05499 8.90597 6.91003 7982 164 0.0331758
13.2349 73848 69504 0.0644098 8.90305 7.07297 8.90305 6.92943 8081 164 0.0329529
13.3661 75296 70952 0.0729595 8.91656 7.09107 8.91656 6.94894 8182 164 0.0329615
13.5053 76744 72400 0.0675493 12.0714 7.14239 12.0714 7.00172 8327 164 0.0327108
13.6417 78192 73848 0.0685082 9.42813 7.16524 9.42813 7.02597 8438 164 0.0325868
13.7799 79640 75296 0.0697089 8.63452 7.17997 8.63452 7.0421 8541 164 0.0324696
13.9196 81088 76744 0.0713894 8.538 7.1936 8.538 7.05712 8644 164 0.0323662
14.0621 82536 78192 0.0717221 8.69757 7.20885 8.69757 7.07375 8751 164 0.0322354
14.2055 83984 79640 0.0736141 8.64653 7.22335 8.64653 7.08962 8858 164 0.0321452
14.3511 85432 81088 0.0735882 8.67007 7.23804 8.67007 7.10566 8967 164 0.0320066
14.4989 86880 82536 0.0772926 8.69994 7.25294 8.69994 7.12191 9078 164 0.0319833
14.648 88328 83984 0.0752278 8.7782 7.26847 8.7782 7.13877 9191 164 0.0317789
14.7989 89776 85432 0.0824455 8.82687 7.28436 8.82687 7.15599 9306 164 0.0319138
14.882 91224 86880 0.0766136 16.3232 7.33479 16.3232 7.20713 9423 164 0.0315493
15.035 92672 88328 0.0776636 9.00484 7.35179 9.00484 7.22544 9542 164 0.0314489
15.1898 94120 89776 0.0779977 9.05666 7.36916 9.05666 7.24409 9663 164 0.0313247
15.3453 95568 91224 0.0792353 9.01467 7.38584 9.01467 7.26203 9784 164 0.0312349
15.5028 97016 92672 0.0792117 9.19191 7.40419 9.19191 7.28164 9909 164 0.0310985
15.6608 98464 94120 0.081432 9.16395 7.42194 9.16395 7.30064 10034 164 0.0310535
15.8207 99912 95568 0.0804712 9.35054 7.44143 9.35054 7.32134 10163 164 0.0308784
15.9817 101360 97016 0.0852668 9.28076 7.45996 9.28076 7.34108 10292 164 0.0309631
16.0637 99912 98464 0.0853462 10.4449 7.47521 10.4449 7.35694 10366 164 0.0308328
16.0639 98987 98464 0.0853462 96.4048 7.47587 0 7.35689 10367 165 0.0308306
16.064 98525 97016 0.0853462 0 7.47582 0 7.35683 10367 165 0.0309637
16.0641 98062 97016 0.0853462 96.4048 7.47648 0 7.35678 10368 166 0.0309637
16.0642 97600 95568 0.0853462 0 7.47643 0 7.35672 10368 166 0.0310984
16.0643 97137 95568 0.0853462 96.4048 7.47709 0 7.35667 10369 167 0.0310984
16.0645 96675 95568 0.0853462 96.4048 7.47776 0 7.35661 10370 168 0.0310984
16.0646 96212 94120 0.0853462 0 7.4777 0 7.35656 10370 168 0.0312333
16.0647 95749 94120 0.0853462 96.4048 7.47837 0 7.3565 10371 169 0.0312333
16.0648 95287 94120 0.0853462 96.4048 7.47903 0 7.35645 10372 170 0.0312333
16.0649 94824 92672 0.0853462 0 7.47897 0 7.35639 10372 170 0.0313685
16.0651 94362 92672 0.0853462 96.4048 7.47964 0 7.35634 10373 171 0.0313685
16.0652 93899 92672 0.0853462 96.4048 7.4803 0 7.35628 10374 172 0.0313685
16.0653 93437 91224 0.0853462 0 7.48025 0 7.35623 10374 172 0.031504
16.0654 92974 91224 0.0853462 96.4048 7.48091 0 7.35617 10375 173 0.031504
16.0655 92512 91224 0.0853462 96.4048 7.48158 0 7.35612 10376 174 0.031504
16.0657 92049 89776 0.0853462 0 7.48152 0 7.35606 10376 174 0.0316398
16.0658 91586 89776 0.0853462 96.4048 7.48219 0 7.35601 10377 175 0.0316398
16.0659 91124 89776 0.0853462 96.4048 7.48285 0 7.35595 10378 176 0.0316398
16.066 90661 88328 0.0853462 0 7.4828 0 7.3559 10378 176 0.031776
16.0661 90199 88328 0.0853462 96.4048 7.48346 0 7.35584 10379 177 0.031776
16.0663 89736 88328 0.0853462 96.4048 7.48413 0 7.35579 10380 178 0.031776
16.0664 89274 86880 0.0853462 0 7.48407 0 7.35573 10380 178 0.0319124
16.0665 88811 86880 0.0853462 96.4048 7.48474 0 7.35568 10381 179 0.0319124
16.0666 88349 86880 0.0853462 96.4048 7.4854 0 7.35562 10382 180 0.0319124
16.0667 87886 86880 0.0853462 96.4048 7.48607 0 7.35557 10383 181 0.0319124
16.0669 87423 85432 0.0853462 0 7.48601 0 7.35551 10383 181 0.0320491
16.067 86961 85432 0.0853462 96.4048 7.48668 0 7.35546 10384 182 0.0320491
16.0671 86498 85432 0.0853462 96.4048 7.48734 0 7.3554 10385 183 0.0320491
16.0672 86036 83984 0.0853462 0 7.48728 0 7.35535 10385 183 0.0321861
16.0673 85573 83984 0.0853462 96.4048 7.48795 0 7.35529 10386 184 0.0321861
16.0675 85111 83984 0.0853462 96.4048 7.48861 0 7.35524 10387 185 0.0321861
16.0676 84648 82536 0.0853462 0 7.48856 0 7.35518 10387 185 0.0323234
16.0677 84186 82536 0.0853462 96.4048 7.48922 0 7.35513 10388 186 0.0323234
16.0678 83723 82536 0.0853462 96.4048 7.48989 0 7.35507 10389 187 0.0323234
16.0679 83260 81088 0.0853462 0 7.48983 0 7.35502 10389 187 0.032461
16.0681 82798 81088 0.0853462 96.4048 7.4905 0 7.35496 10390 188 0.032461
16.0682 82335 81088 0.0853462 96.4048 7.49116 0 7.35491 10391 189 0.032461
16.0683 81873 79640 0.0853462 0 7.49111 0 7.35485 10391 189 0.0325989
16.0684 81410 79640 0.0853462 96.4048 7.49177 0 7.3548 10392 190 0.0325989
16.0685 80948 79640 0.0853462 96.4048 7.49244 0 7.35474 10393 191 0.0325989
16.0687 78192 78192 0.0853462 0 7.49238 0 7.35469 10393 191 0.0327502
16.0688 76744 76744 0.0853462 0 7.49232 0 7.35463 10393 191 0.032879
16.0689 75296 75296 0.0853462 0 7.49227 0 7.35458 10393 191 0.0330177
16.069 73848 73848 0.0853462 0 7.49221 0 7.35452 10393 191 0.0331568
16.0691 72400 72400 0.0853462 0 7.49216 0 7.35447 10393 191 0.0332962
16.0693 70952 70952 0.0853462 0 7.4921 0 7.35441 10393 191 0.0334359
16.1454 72400 69504 0.0853462 3.34531 7.47253 0 7.31971 10415 213 0.0335759
16.1457 73848 69504 0.0849279 96.4048 7.47386 96.4048 7.32104 10417 213 0.0335549
16.2074 75296 70952 0.0799321 6.93964 7.47182 6.93964 7.31958 10454 213 0.0331908
16.2722 76744 72400 0.0683386 9.83722 7.48124 9.83722 7.3296 10509 213 0.0327233
16.3393 78192 73848 0.0653738 11.921 7.49945 11.921 7.34844 10578 213 0.0325433
16.4676 79640 75296 0.0658817 7.3116 7.49799 7.3116 7.34816 10659 213 0.0324099
16.5344 81088 76744 0.0661338 9.53645 7.50623 9.53645 7.357 10714 213 0.0322741
16.6017 82536 78192 0.0746414 9.46833 7.51418 9.46833 7.36556 10769 213 0.0323124
16.6697 83984 79640 0.0677549 9.70861 7.52313 9.70861 7.37512 10826 213 0.03202
16.7378 85432 81088 0.0758666 9.69149 7.53196 9.69149 7.38455 10883 213 0.0320737
16.8105 86880 82536 0.0693297 14.1819 7.56072 14.1819 7.41394 10972 213 0.0317714
16.9467 88328 83984 0.0700896 7.57284 7.56081 7.57284 7.41522 11061 213 0.0316488
17.0173 89776 85432 0.0701414 10.0012 7.57095 10.0012 7.42595 11122 213 0.0315128
17.1603 91224 86880 0.0714482 9.96453 7.59089 9.96453 7.44711 11245 213 0.0314043
17.2327 92672 88328 0.0719894 10.7294 7.60407 10.7294 7.46088 11312 213 0.0312806
17.3782 94120 89776 0.073035 9.79173 7.62238 9.79173 7.4804 11435 213 0.0311707
17.5255 95568 91224 0.0819816 10.1437 7.64358 10.1437 7.50279 11564 213 0.0313481
17.6745 97016 92672 0.0746407 10.1847 7.665 10.1847 7.5254 11695 213 0.0309438
17.9009 98464 94120 0.0839824 10.1829 7.69684 10.1829 7.55901 11894 213 0.0311694
18.1306 99912 95568 0.076713 10.2354 7.72901 10.2354 7.59292 12097 213 0.0307386
18.5202 101360 97016 0.0871375 10.14 7.77973 10.14 7.6465 12438 213 0.0310611
19.0844 102808 98464 0.0800614 11.3526 7.88536 11.3526 7.75608 12991 213 0.0305928
19.245 104256 99912 0.0810353 9.7415 7.90085 9.7415 7.77264 13126 213 0.0304988
19.4059 105704 101360 0.0811901 9.71968 7.91593 9.71968 7.78878 13261 213 0.0303716
19.568 107152 102808 0.0820832 9.79055 7.93146 9.79055 7.80536 13398 213 0.0302768
19.7225 108600 104256 0.0779857 10.4201 7.95096 10.4201 7.82585 13537 213 0.0299795
19.8782 110048 105704 0.08016 10.4885 7.97083 10.4885 7.84671 13678 213 0.0299296
20.0356 111496 107152 0.07938 10.5236 7.99089 10.5236 7.86774 13821 213 0.0297662
20.1945 112944 108600 0.0846685 10.5739 8.01121 10.5739 7.88903 13966 213 0.0298669
20.3545 114392 110048 0.0806397 10.6393 8.03187 10.6393 7.91065 14113 213 0.0295525
20.4439 115840 111496 0.0811817 19.3069 8.08118 19.3069 7.96049 14262 213 0.0294435
20.6057 117288 112944 0.0815458 10.8151 8.10264 10.8151 7.98289 14413 213 0.0293277
20.6877 115840 114392 0.0817435 11.9976 8.11809 11.9976 7.99882 14498 213 0.0292052
20.6879 114898 114392 0.0817435 96.4048 8.1186 0 7.99877 14499 214 0.0292031
20.688 114427 112944 0.0817435 0 8.11855 0 7.99873 14499 214 0.0293329
20.6881 113956 112944 0.0817435 96.4048 8.11907 0 7.99868 14500 215 0.0293329
20.6882 113485 111496 0.0817435 0 8.11902 0 7.99863 14500 215 0.0294643
20.6883 113014 111496 0.0817435 96.4048 8.11953 0 7.99859 14501 216 0.0294643
20.6885 112543 111496 0.0817435 96.4048 8.12004 0 7.99854 14502 217 0.0294643
20.6886 112072 110048 0.0817435 0 8.12 0 7.99849 14502 217 0.0295959
20.6887 111601 110048 0.0817435 96.4048 8.12051 0 7.99845 14503 218 0.0295959
20.6888 111130 110048 0.0817435 96.4048 8.12102 0 7.9984 14504 219 0.0295959
20.6889 110659 108600 0.0817435 0 8.12098 0 7.99836 14504 219 0.0297279
20.6891 110188 108600 0.0817435 96.4048 8.12149 0 7.99831 14505 220 0.0297279
20.758 109717 108600 0.0817435 0.167953 8.09506 0 7.97173 14506 221 0.0297279
20.7581 109246 107152 0.0817435 0 8.09502 0 7.97169 14506 221 0.0298601
20.7583 108775 107152 0.0817435 96.4048 8.09553 0 7.97164 14507 222 0.0298601
20.7584 108304 107152 0.0817435 96.4048 8.09604 0 7.97159 14508 223 0.0298601
20.7585 107833 105704 0.0817435 0 8.09599 0 7.97155 14508 223 0.0299926
20.7586 107362 105704 0.0817435 96.4048 8.0965 0 7.9715 14509 224 0.0299926
20.7587 106891 105704 0.0817435 96.4048 8.09701 0 7.97146 14510 225 0.0299926
20.7589 106420 104256 0.0817435 0 8.09697 0 7.97141 14510 225 0.0301255
20.759 105949 104256 0.0817435 96.4048 8.09748 0 7.97136 14511 226 0.0301255
20.7591 105478 104256 0.0817435 96.4048 8.09799 0 7.97132 14512 227 0.0301255
20.7592 105007 102808 0.0817435 0 8.09794 0 7.97127 14512 227 0.0302586
20.7593 104536 102808 0.0817435 96.4048 8.09845 0 7.97123 14513 228 0.0302586
20.7595 104065 102808 0.0817435 96.4048 8.09896 0 7.97118 14514 229 0.0302586
20.7596 103594 101360 0.0817435 0 8.09892 0 7.97113 14514 229 0.030392
20.7597 103123 101360 0.0817435 96.4048 8.09943 0 7.97109 14515 230 0.030392
20.7598 102651 101360 0.0817435 96.4048 8.09994 0 7.97104 14516 231 0.030392
20.7599 102180 99912 0.0817435 0 8.09989 0 7.97099 14516 231 0.0305258
20.7601 101709 99912 0.0817435 96.4048 8.1004 0 7.97095 14517 232 0.0305258
20.7602 101238 99912 0.0817435 96.4048 8.10091 0 7.9709 14518 233 0.0305258
20.7603 100767 98464 0.0817435 0 8.10087 0 7.97086 14518 233 0.0306598
20.7604 100296 98464 0.0817435 96.4048 8.10138 0 7.97081 14519 234 0.0306598
20.7605 99825 98464 0.0817435 96.4048 8.10189 0 7.97076 14520 235 0.0306598
20.7607 99354 97016 0.0817435 0 8.10184 0 7.97072 14520 235 0.0307941
20.7608 98883 97016 0.0817435 96.4048 8.10235 0 7.97067 14521 236 0.0307941
20.7609 97016 97016 0.0817435 96.4048 8.10287 0 7.97063 14522 237 0.0307999
20.761 95568 95568 0.0817435 0 8.10282 0 7.97058 14522 237 0.0309321
20.7611 94120 94120 0.0817435 0 8.10277 0 7.97053 14522 237 0.031067
20.7613 92672 92672 0.0817435 0 8.10272 0 7.97049 14522 237 0.0312022
20.7614 91224 91224 0.0817435 0 8.10268 0 7.97044 14522 237 0.0313377
20.7615 89776 89776 0.0817435 0 8.10263 0 7.9704 14522 237 0.0314735
20.7616 88328 88328 0.0817435 0 8.10258 0 7.97035 14522 237 0.0316097
20.7618 86880 86880 0.0817435 0 8.10254 0 7.9703 14522 237 0.0317461
20.7619 85432 85432 0.0817435 0 8.10249 0 7.97026 14522 237 0.0318828
20.762 83984 83984 0.0817435 0 8.10244 0 7.97021 14522 237 0.0320198
20.7621 82536 82536 0.0817435 0 8.1024 0 7.97016 14522 237 0.0321571
20.7622 81088 81088 0.0817435 0 8.10235 0 7.97012 14522 237 0.0322947
20.7662 82536 79640 0.0817435 93.4989 8.11865 0 7.9686 14554 269 0.0324326
20.7664 83984 79640 0.0814006 96.4048 8.11967 96.4048 7.96962 14556 269 0.0324178
20.7667 85432 81088 0.0809755 144.607 8.12125 144.607 7.9712 14559 269 0.0322619
20.9123 86880 82536 0.0849369 5.01114 8.0996 5.01114 7.95059 14622 269 0.0323062
20.9887 88328 83984 0.0853677 8.94321 8.10267 8.94321 7.9542 14681 269 0.0321905
20.9897 89776 85432 0.0816963 108.455 8.10726 108.455 7.9588 14690 269 0.0318807
21.0656 91224 86880 0.0768146 8.08458 8.10718 8.08458 7.95926 14743 269 0.031556
21.143 92672 88328 0.0772099 9.4309 8.11203 9.4309 7.96464 14806 269 0.0314331
21.2209 94120 89776 0.0864275 9.37269 8.11665 9.37269 7.96981 14869 269 0.0316992
21.299 95568 91224 0.0782323 9.64048 8.12224 9.64048 7.97594 14934 269 0.0311974
21.3774 97016 92672 0.0871489 9.59619 8.12765 9.59619 7.98188 14999 269 0.0314665
21.4568 98464 94120 0.078848 9.78655 8.13378 9.78655 7.98855 15066 269 0.0309495
21.5362 99912 95568 0.0885531 9.77174 8.13982 9.77174 7.99513 15133 269 0.0312746
21.6164 101360 97016 0.0797715 9.95798 8.14657 9.95798 8.00242 15202 269 0.0307156
21.6973 102808 98464 0.0896216 9.884 8.15305 9.884 8.00943 15271 269 0.0310678
21.7788 104256 99912 0.0812439 10.0955 8.16031 10.0955 8.01724 15342 269 0.0305076
21.8603 105704 101360 0.0907144 10.0955 8.16753 10.0955 8.02498 15413 269 0.030866
22.0157 107152 102808 0.0864318 10.8027 8.18614 10.8027 8.0446 15558 269 0.0304878
22.0938 108600 104256 0.0869121 10.827 8.19547 10.827 8.05443 15631 269 0.0303803
22.2515 110048 105704 0.0875252 10.9484 8.21498 10.9484 8.07494 15780 269 0.0302808
22.4108 111496 107152 0.07976 10.9782 8.23462 10.9782 8.09558 15931 269 0.0297811
22.5715 112944 108600 0.0894141 11.0321 8.25453 11.0321 8.11648 16084 269 0.0301236
22.7336 114392 110048 0.0812287 11.0769 8.27466 11.0769 8.13759 16239 269 0.0295771
22.964 115840 111496 0.0892111 11.8118 8.31016 11.8118 8.17446 16474 269 0.0298481
23.3166 117288 112944 0.070169 15.2132 8.41453 15.2132 8.28089 16937 269 0.0289669
24.5029 118736 114392 0.0827641 11.9615 8.58626 11.9615 8.45909 18162 269 0.0292506
24.5898 120184 115840 0.0784669 20.401 8.628 20.401 8.50128 18315 269 0.0289427
24.7478 121632 117288 0.0800741 11.5099 8.6464 11.5099 8.52049 18472 269 0.0288742
24.9078 123080 118736 0.0809659 11.3716 8.6639 11.3716 8.5388 18629 269 0.0287807
25.0698 124528 120184 0.0819637 11.5057 8.68228 11.5057 8.55798 18790 269 0.0286936
25.2065 125976 121632 0.0623762 13.651 8.70921 13.651 8.58559 18951 269 0.0280873
25.3295 127424 123080 0.0630362 15.534 8.74236 15.534 8.61934 19116 269 0.0279617
25.4554 128872 124528 0.0637628 15.1782 8.7742 15.1782 8.65179 19281 269 0.0278376
25.5839 130320 125976 0.0673747 15.0604 8.80576 15.0604 8.68396 19448 269 0.0277492
25.7151 131768 127424 0.0663109 14.9198 8.83696 14.9198 8.71578 19617 269 0.0276063
25.7915 133216 128872 0.0670972 25.9202 8.88758 25.9202 8.76676 19788 269 0.0274888
25.9268 134664 130320 0.0684259 14.8117 8.91849 14.8117 8.7983 19961 269 0.0273816
26.0642 136112 131768 0.0698818 14.7601 8.94927 14.7601 8.82972 20136 269 0.0272808
26.2039 137560 133216 0.0704868 14.6721 8.97979 14.6721 8.86088 20313 269 0.027166
26.3459 139008 134664 0.0721172 14.5994 9.01009 14.5994 8.89181 20492 269 0.027076
26.4899 140456 136112 0.0727293 14.5653 9.04028 14.5653 8.92264 20673 269 0.0269646
26.6357 141904 137560 0.0751636 14.5442 9.0704 14.5442 8.95341 20856 269 0.0269062
26.7828 143352 139008 0.0744175 14.4017 9.0997 14.4017 8.98335 21039 269 0.0267582
26.9323 144800 140456 0.0817641 14.4917 9.12962 14.4917 9.01392 21226 269 0.0268983
27.0187 146248 141904 0.0761508 25.0733 9.1806 25.0733 9.06527 21413 269 0.0265601
27.1701 147696 143352 0.0767713 14.6137 9.21088 14.6137 9.09619 21604 269 0.0264554
27.3227 149144 144800 0.077086 14.4987 9.24041 14.4987 9.12637 21795 269 0.0263413
27.4769 150592 146248 0.0783304 14.6523 9.27078 14.6523 9.15737 21990 269 0.0262609
27.6318 152040 147696 0.0783564 14.5841 9.30056 14.5841 9.18779 22185 269 0.0261377
27.788 153488 149144 0.0798912 14.609 9.3304 14.609 9.21826 22382 269 0.0260725
27.9444 154936 150592 0.0790555 14.7347 9.36066 14.7347 9.24915 22581 269 0.0259163
28.1023 156384 152040 0.083752 14.7469 9.39092 14.7469 9.28004 22782 269 0.0259941
28.2609 157832 153488 0.0800351 14.8259 9.42142 14.8259 9.31116 22985 269 0.0257084
28.3525 159280 154936 0.0803433 25.9357 9.47475 25.9357 9.36485 23190 269 0.0255981
28.5113 160728 156384 0.0802735 15.0952 9.50607 15.0952 9.39678 23397 269 0.0254729
28.6712 162176 157832 0.0810279 15.1493 9.53752 15.1493 9.42884 23606 269 0.0253819
28.8315 163624 159280 0.0809986 15.2484 9.56928 15.2484 9.4612 23817 269 0.0252589
28.992 165072 160728 0.081518 15.3699 9.60139 15.3699 9.49391 24030 269 0.0251595
29.0706 166520 162176 0.0825213 13.7089 9.6125 13.7089 9.50531 24123 269 0.0250825
29.1484 167968 163624 0.0811975 12.9432 9.6214 12.9432 9.51449 24210 269 0.0249037
29.1552 169416 165072 0.0814394 98.1263 9.64182 98.1263 9.53494 24267 269 0.0247934
29.2297 170864 166520 0.0898618 9.174 9.64063 9.174 9.53402 24326 269 0.0251052
29.2366 172312 167968 0.0816196 98.0669 9.66171 98.0669 9.55513 24385 269 0.0245608
29.3113 173760 169416 0.090257 9.15923 9.66043 9.15923 9.55412 24444 269 0.0248892
29.3117 172312 170864 0.0892249 144.411 9.66264 144.411 9.55633 24450 269 0.0247084
29.3119 171410 170864 0.0892249 96.4048 9.663 0 9.55629 24451 270 0.0247061
29.312 170959 169416 0.0892249 0 9.66296 0 9.55625 24451 270 0.0248244
29.3121 170508 169416 0.0892249 96.4048 9.66331 0 9.55622 24452 271 0.0248244
29.3122 170057 167968 0.0892249 0 9.66327 0 9.55618 24452 271 0.0249441
29.3123 169606 167968 0.0892249 96.4048 9.66363 0 9.55614 24453 272 0.0249441
29.3125 169155 167968 0.0892249 96.4048 9.66398 0 9.5561 24454 273 0.0249441
29.3126 168704 166520 0.0892249 0 9.66395 0 9.55606 24454 273 0.0250642
29.3127 168253 166520 0.0892249 96.4048 9.6643 0 9.55602 24455 274 0.0250642
29.3128 167802 166520 0.0892249 96.4048 9.66466 0 9.55598 24456 275 0.0250642
29.3129 167351 165072 0.0892249 0 9.66462 0 9.55594 24456 275 0.0251845
29.3131 166900 165072 0.0892249 96.4048 9.66497 0 9.5559 24457 276 0.0251845
29.3132 166449 165072 0.0892249 96.4048 9.66533 0 9.55586 24458 277 0.0251845
29.3133 165998 163624 0.0892249 0 9.66529 0 9.55582 24458 277 0.0253051
29.3134 165547 163624 0.0892249 96.4048 9.66564 0 9.55578 24459 278 0.0253051
29.3135 165096 163624 0.0892249 96.4048 9.666 0 9.55575 24460 279 0.0253051
29.3137 164645 163624 0.0892249 96.4048 9.66636 0 9.55571 24461 280 0.0253051
29.3138 164194 162176 0.0892249 0 9.66632 0 9.55567 24461 280 0.025426
29.3139 163743 162176 0.0892249 96.4048 9.66667 0 9.55563 24462 281 0.025426
29.314 163292 162176 0.0892249 96.4048 9.66703 0 9.55559 24463 282 0.025426
29.3141 162841 160728 0.0892249 0 9.66699 0 9.55555 24463 282 0.0255472
29.3143 162390 160728 0.0892249 96.4048 9.66734 0 9.55551 24464 283 0.0255472
29.3144 161939 160728 0.0892249 96.4048 9.6677 0 9.55547 24465 284 0.0255472
29.3145 161488 159280 0.0892249 0 9.66766 0 9.55543 24465 284 0.0256687
29.3146 159280 159280 0.0892249 96.4048 9.66801 0 9.55539 24466 285 0.025677
29.3147 157832 157832 0.0892249 0 9.66797 0 9.55535 24466 285 0.0257939
29.3149 156384 156384 0.0892249 0 9.66793 0 9.55531 24466 285 0.025916
29.315 154936 154936 0.0892249 0 9.66789 0 9.55528 24466 285 0.0260383
29.3151 153488 153488 0.0892249 0 9.66786 0 9.55524 24466 285 0.026161
29.3152 152040 152040 0.0892249 0 9.66782 0 9.5552 24466 285 0.026284
29.3153 150592 150592 0.0892249 0 9.66778 0 9.55516 24466 285 0.0264073
29.3155 149144 149144 0.0892249 0 9.66774 0 9.55512 24466 285 0.0265309
29.3156 147696 147696 0.0892249 0 9.6677 0 9.55508 24466 285 0.0266548
29.3157 146248 146248 0.0892249 0 9.66766 0 9.55504 24466 285 0.026779
29.3158 144800 144800 0.0892249 0 9.66762 0 9.555 24466 285 0.0269035
29.3159 143352 143352 0.0892249 0 9.66758 0 9.55496 24466 285 0.0270283
29.3161 141904 141904 0.0892249 0 9.66754 0 9.55492 24466 285 0.0271533
29.3162 140456 140456 0.0892249 0 9.6675 0 9.55488 24466 285 0.0272787
29.3163 139008 139008 0.0892249 0 9.66746 0 9.55484 24466 285 0.0274044
29.3164 137560 137560 0.0892249 0 9.66742 0 9.55481 24466 285 0.0275304
29.3165 136112 136112 0.0892249 0 9.66738 0 9.55477 24466 285 0.0276566
29.3167 134664 134664 0.0892249 0 9.66734 0 9.55473 24466 285 0.0277832
29.3168 133216 133216 0.0892249 0 9.6673 0 9.55469 24466 285 0.0279101
29.3169 131768 131768 0.0892249 0 9.66726 0 9.55465 24466 285 0.0280373
29.317 130320 130320 0.0892249 0 9.66722 0 9.55461 24466 285 0.0281647
29.3171 128872 128872 0.0892249 0 9.66718 0 9.55457 24466 285 0.0282925
29.3173 127424 127424 0.0892249 0 9.66714 0 9.55453 24466 285 0.0284205
29.3174 126351 125976 0.0892249 0 9.6671 0 9.55449 24466 285 0.0285472
29.3175 124528 124528 0.0892249 0 9.66706 0 9.55445 24466 285 0.0286797
29.3176 123080 123080 0.0892249 0 9.66702 0 9.55441 24466 285 0.0288065
29.3177 121632 121632 0.0892249 0 9.66698 0 9.55437 24466 285 0.0289358
29.3187 120184 118736 0.0892249 84.297 9.66943 0 9.55406 24473 292 0.0291952
29.3934 121632 118736 0.0892249 9.29958 9.66849 0 9.52977 24533 352 0.0291952
29.3962 123080 120184 0.0892249 100.62 9.67704 0 9.52887 24557 376 0.0290653
29.3964 124528 120184 0.0878218 96.4048 9.67775 96.4048 9.52958 24559 376 0.0289853
29.4703 125976 121632 0.0864144 8.30806 9.67431 8.30806 9.52652 24612 376 0.0287794
29.4706 127424 123080 0.0853626 144.607 9.67542 144.607 9.52762 24615 376 0.0285957
29.5484 128872 124528 0.0779727 12.6457 9.68324 12.6457 9.53584 24700 376 0.0281465
29.5533 130320 125976 0.0784853 98.8149 9.69774 98.8149 9.55036 24741 376 0.0280365
29.6269 131768 127424 0.0783173 7.70609 9.69279 7.70609 9.54577 24790 376 0.027902
29.7057 133216 128872 0.0788155 13.3732 9.70255 13.3732 9.55593 24881 376 0.0277924
29.706 134664 130320 0.0788385 144.607 9.70364 144.607 9.55702 24884 376 0.0276655
29.7848 136112 131768 0.0875087 13.0793 9.71258 13.0793 9.56634 24973 376 0.0279399
29.8644 137560 133216 0.0880963 13.5433 9.72278 13.5433 9.57694 25066 376 0.0278454
29.8646 139008 134664 0.0870843 144.607 9.72387 144.607 9.57802 25069 376 0.0276627
29.9439 140456 136112 0.0797223 13.5843 9.73409 13.5843 9.58863 25162 376 0.0271915
30.0239 141904 137560 0.0797801 14.0409 9.74557 14.0409 9.6005 25259 376 0.0270675
30.0242 143352 139008 0.0799326 144.607 9.74665 144.607 9.60158 25262 376 0.0269476
30.1043 144800 140456 0.0889349 13.7308 9.75726 13.7308 9.61257 25357 376 0.0272619
30.1849 146248 141904 0.0893826 14.2237 9.76919 14.2237 9.62489 25456 376 0.0271626
30.195 147696 143352 0.0809499 97.5525 9.79853 97.5525 9.65428 25541 376 0.0266131
30.2658 149144 144800 0.0809095 2.78248 9.78212 2.78248 9.63821 25558 376 0.0264866
30.3472 150592 146248 0.0812132 14.6672 9.79522 14.6672 9.65169 25661 376 0.0263749
30.4287 152040 147696 0.0902505 14.624 9.80817 14.624 9.66503 25764 376 0.0267158
30.4292 150592 149144 0.0890942 144.411 9.8103 144.411 9.66716 25770 376 0.0265233
30.4293 149672 149144 0.0890942 96.4048 9.81064 0 9.66712 25771 377 0.0265211
30.4295 149212 147696 0.0890942 0 9.8106 0 9.66708 25771 377 0.0266438
30.4296 148752 147696 0.0890942 96.4048 9.81094 0 9.66704 25772 378 0.0266438
30.4297 148292 146248 0.0890942 0 9.8109 0 9.667 25772 378 0.026768
30.4298 147832 146248 0.0890942 96.4048 9.81124 0 9.66697 25773 379 0.026768
30.4299 147372 146248 0.0890942 96.4048 9.81159 0 9.66693 25774 380 0.026768
30.4301 146912 144800 0.0890942 0 9.81155 0 9.66689 25774 380 0.0268925
30.4302 146451 144800 0.0890942 96.4048 9.81189 0 9.66685 25775 381 0.0268925
30.4303 145991 144800 0.0890942 96.4048 9.81223 0 9.66681 25776 382 0.0268925
30.4304 145531 143352 0.0890942 0 9.81219 0 9.66678 25776 382 0.0270173
30.4305 145071 143352 0.0890942 96.4048 9.81253 0 9.66674 25777 383 0.0270173
30.4307 144611 143352 0.0890942 96.4048 9.81288 0 9.6667 25778 384 0.0270173
30.4308 144151 141904 0.0890942 0 9.81284 0 9.66666 25778 384 0.0271424
30.4309 143691 141904 0.0890942 96.4048 9.81318 0 9.66662 25779 385 0.0271424
30.431 143231 141904 0.0890942 96.4048 9.81352 0 9.66658 25780 386 0.0271424
30.4311 142771 140456 0.0890942 0 9.81348 0 9.66655 25780 386 0.0272677
30.4313 142310 140456 0.0890942 96.4048 9.81382 0 9.66651 25781 387 0.0272677
30.4314 141850 140456 0.0890942 96.4048 9.81417 0 9.66647 25782 388 0.0272677
30.4315 141390 139008 0.0890942 0 9.81413 0 9.66643 25782 388 0.0273934
30.4316 140930 139008 0.0890942 96.4048 9.81447 0 9.66639 25783 389 0.0273934
30.4317 140470 139008 0.0890942 96.4048 9.81481 0 9.66636 25784 390 0.0273934
30.4319 140010 139008 0.0890942 96.4048 9.81515 0 9.66632 25785 391 0.0273934
30.432 139550 137560 0.0890942 0 9.81511 0 9.66628 25785 391 0.0275194
30.4321 139090 137560 0.0890942 96.4048 9.81546 0 9.66624 25786 392 0.0275194
30.4322 138630 137560 0.0890942 96.4048 9.8158 0 9.6662 25787 393 0.0275194
30.4323 138169 136112 0.0890942 0 9.81576 0 9.66617 25787 393 0.0276457
30.4325 137709 136112 0.0890942 96.4048 9.8161 0 9.66613 25788 394 0.0276457
30.4326 136112 136112 0.0890942 96.4048 9.81644 0 9.66609 25789 395 0.0276498
30.4327 134664 134664 0.0890942 0 9.8164 0 9.66605 25789 395 0.0277756
30.4328 133216 133216 0.0890942 0 9.81637 0 9.66601 25789 395 0.0279025
30.4329 131768 131768 0.0890942 0 9.81633 0 9.66597 25789 395 0.0280296
30.4331 130320 130320 0.0890942 0 9.81629 0 9.66594 25789 395 0.0281571
30.4332 128872 128872 0.0890942 0 9.81625 0 9.6659 25789 395 0.0282849
30.4333 127424 127424 0.0890942 0 9.81621 0 9.66586 25789 395 0.0284129
30.4334 125976 125976 0.0890942 0 9.81617 0 9.66582 25789 395 0.0285413
30.4335 124528 124528 0.0890942 0 9.81613 0 9.66578 25789 395 0.0286699
30.4337 123080 123080 0.0890942 0 9.81609 0 9.66575 25789 395 0.0287989
30.4338 121632 121632 0.0890942 0 9.81606 0 9.66571 25789 395 0.0289282
30.4339 120184 120184 0.0890942 0 9.81602 0 9.66567 25789 395 0.0290577
30.434 118736 118736 0.0890942 0 9.81598 0 9.66563 25789 395 0.0291876
30.4341 117288 117288 0.0890942 0 9.81594 0 9.66559 25789 395 0.0293177
30.4343 115840 115840 0.0890942 0 9.8159 0 9.66555 25789 395 0.0294482
30.4344 114392 114392 0.0890942 0 9.81586 0 9.66552 25789 395 0.0295789
30.4345 112944 112944 0.0890942 0 9.81582 0 9.66548 25789 395 0.02971
30.4346 111496 111496 0.0890942 0 9.81578 0 9.66544 25789 395 0.0298413
30.4348 110048 110048 0.0890942 0 9.81575 0 9.6654 25789 395 0.0299729
30.4349 108600 108600 0.0890942 0 9.81571 0 9.66536 25789 395 0.0301049
30.435 107152 107152 0.0890942 0 9.81567 0 9.66533 25789 395 0.0302371
30.4351 105704 105704 0.0890942 0 9.81563 0 9.66529 25789 395 0.0303697
30.5108 104256 102808 0.0890942 7.95715 9.81102 0 9.64131 25841 447 0.0306356
30.5109 105704 102808 0.0890942 96.9307 9.81136 0 9.64127 25842 448 0.0306356
30.5888 107152 104256 0.0890942 10.7117 9.81365 0 9.61673 25914 520 0.0305025
30.6668 108600 104256 0.0782536 10.3981 9.81514 10.3981 9.61871 25984 520 0.0299892
30.7455 110048 105704 0.0785331 11.0387 9.81827 11.0387 9.62235 26059 520 0.0298667
30.8242 111496 107152 0.0877126 11.0387 9.82139 11.0387 9.62597 26134 520 0.0301586
30.9031 112944 108600 0.0790239 11.2986 9.82516 11.2986 9.63024 26211 520 0.0296203
30.9823 114392 110048 0.0880037 11.2643 9.82884 11.2643 9.63441 26288 520 0.0299107
31.0621 115840 111496 0.0795159 11.4698 9.83305 11.4698 9.63913 26367 520 0.0293757
31.1417 117288 112944 0.0887473 11.5045 9.83732 11.5045 9.64389 26446 520 0.0296899
31.3022 118736 114392 0.0892072 11.6176 9.84645 11.6176 9.65402 26607 520 0.0295855
31.3828 120184 115840 0.0895342 11.6375 9.85105 11.6375 9.65911 26688 520 0.029474
31.545 121632 117288 0.0901625 11.7828 9.86099 11.7828 9.67003 26853 520 0.029381
31.6271 120184 118736 0.0893036 12.421 9.86763 12.421 9.67717 26941 520 0.0291998
31.6272 119242 118736 0.0893036 96.4048 9.86796 0 9.67714 26942 521 0.0291976
31.6273 118770 117288 0.0893036 0 9.86792 0 9.6771 26942 521 0.0293266
31.6275 118299 117288 0.0893036 96.4048 9.86825 0 9.67706 26943 522 0.0293266
31.6276 117827 115840 0.0893036 0 9.86821 0 9.67702 26943 522 0.0294571
31.6277 117356 115840 0.0893036 96.4048 9.86854 0 9.67699 26944 523 0.0294571
31.6278 116884 115840 0.0893036 96.4048 9.86887 0 9.67695 26945 524 0.0294571
31.6279 116413 114392 0.0893036 0 9.86883 0 9.67691 26945 524 0.0295878
31.6281 115942 114392 0.0893036 96.4048 9.86916 0 9.67688 26946 525 0.0295878
31.6282 115470 114392 0.0893036 96.4048 9.86949 0 9.67684 26947 526 0.0295878
31.6283 114999 112944 0.0893036 0 9.86945 0 9.6768 26947 526 0.0297189
31.6284 114527 112944 0.0893036 96.4048 9.86978 0 9.67677 26948 527 0.0297189
31.6285 114056 112944 0.0893036 96.4048 9.87011 0 9.67673 26949 528 0.0297189
31.6287 113584 111496 0.0893036 0 9.87007 0 9.67669 26949 528 0.0298502
31.6288 113113 111496 0.0893036 96.4048 9.8704 0 9.67666 26950 529 0.0298502
31.6289 112641 111496 0.0893036 96.4048 9.87073 0 9.67662 26951 530 0.0298502
31.629 112170 110048 0.0893036 0 9.87069 0 9.67658 26951 530 0.0299818
31.6291 111699 110048 0.0893036 96.4048 9.87102 0 9.67655 26952 531 0.0299818
31.6293 111227 110048 0.0893036 96.4048 9.87135 0 9.67651 26953 532 0.0299818
31.6294 110756 108600 0.0893036 0 9.87131 0 9.67647 26953 532 0.0301138
31.6295 110284 108600 0.0893036 96.4048 9.87164 0 9.67644 26954 533 0.0301138
31.6296 109813 108600 0.0893036 96.4048 9.87197 0 9.6764 26955 534 0.0301138
31.6297 109341 107152 0.0893036 0 9.87193 0 9.67636 26955 534 0.030246
31.6299 108870 107152 0.0893036 96.4048 9.87226 0 9.67633 26956 535 0.030246
31.63 108398 107152 0.0893036 96.4048 9.87259 0 9.67629 26957 536 0.030246
31.6301 107927 105704 0.0893036 0 9.87255 0 9.67625 26957 536 0.0303786
31.6302 107456 105704 0.0893036 96.4048 9.87288 0 9.67622 26958 537 0.0303786
31.6303 106984 105704 0.0893036 96.4048 9.87321 0 9.67618 26959 538 0.0303786
31.6305 106513 104256 0.0893036 0 9.87317 0 9.67614 26959 538 0.0305114
31.6306 106041 104256 0.0893036 96.4048 9.8735 0 9.67611 26960 539 0.0305114
31.6307 105570 104256 0.0893036 96.4048 9.87383 0 9.67607 26961 540 0.0305114
31.6308 105098 102808 0.0893036 0 9.87379 0 9.67603 26961 540 0.0306445
31.6309 104627 102808 0.0893036 96.4048 9.87412 0 9.676 26962 541 0.0306445
31.6311 104155 102808 0.0893036 96.4048 9.87445 0 9.67596 26963 542 0.0306445
31.6312 103684 101360 0.0893036 0 9.87441 0 9.67592 26963 542 0.0307779
31.6313 101360 101360 0.0893036 96.4048 9.87474 0 9.67589 26964 543 0.0307872
31.6314 99912 99912 0.0893036 0 9.8747 0 9.67585 26964 543 0.030915
31.6315 98464 98464 0.0893036 0 9.87467 0 9.67581 26964 543 0.031049
31.6317 97016 97016 0.0893036 0 9.87463 0 9.67577 26964 543 0.0311834
31.6318 95568 95568 0.0893036 0 9.87459 0 9.67574 26964 543 0.031318
31.6319 94120 94120 0.0893036 0 9.87455 0 9.6757 26964 543 0.0314529
31.632 92672 92672 0.0893036 0 9.87452 0 9.67566 26964 543 0.0315881
31.6321 91224 91224 0.0893036 0 9.87448 0 9.67563 26964 543 0.0317236
31.6323 89776 89776 0.0893036 0 9.87444 0 9.67559 26964 543 0.0318595
31.6324 88328 88328 0.0893036 0 9.8744 0 9.67555 26964 543 0.0319956
31.6325 86880 86880 0.0893036 0 9.87437 0 9.67552 26964 543 0.032132
31.6326 85432 85432 0.0893036 0 9.87433 0 9.67548 26964 543 0.0322687
31.6327 83984 83984 0.0893036 0 9.87429 0 9.67544 26964 543 0.0324057
31.7088 85432 82536 0.0893036 5.33048 9.86339 0 9.65224 26999 578 0.032543
31.7787 86880 82536 0.0782322 8.94477 9.86137 8.94477 9.65068 27053 578 0.0320167
31.8499 88328 83984 0.0787569 9.60791 9.86081 9.60791 9.65058 27112 578 0.0318988
31.922 89776 85432 0.0715374 9.80115 9.86067 9.80115 9.65092 27173 578 0.0315431
32.0671 91224 86880 0.0728622 9.81605 9.86047 9.81605 9.65167 27296 578 0.0314387
32.1407 92672 88328 0.0728164 9.92402 9.86061 9.92402 9.65229 27359 578 0.0313011
32.2897 94120 89776 0.0747766 9.87372 9.86067 9.87372 9.65332 27486 578 0.0312191
32.4405 95568 91224 0.0838617 9.90934 9.8609 9.90934 9.65451 27615 578 0.0314343
32.5184 97016 92672 0.079768 11.7349 9.86539 11.7349 9.65949 27694 578 0.0311202
32.7488 98464 94120 0.0865192 9.30354 9.86144 9.30354 9.65699 27879 578 0.0312975
32.9058 99912 95568 0.0785457 9.95765 9.8619 9.95765 9.65843 28014 578 0.0308032
33.145 101360 97016 0.0891053 9.93115 9.8624 9.93115 9.66039 28219 578 0.0311718
33.4732 102808 98464 0.0815961 10.9038 9.87261 10.9038 9.67259 28528 578 0.0306567
33.6111 104256 99912 0.0713768 11.3467 9.87866 11.3467 9.67945 28663 578 0.0301857
33.7521 105704 101360 0.0712538 11.0857 9.8837 11.0857 9.68533 28798 578 0.0300492
33.896 107152 102808 0.0771441 11.0338 9.88858 11.0338 9.69105 28935 578 0.0300831
34.0436 108600 104256 0.0741785 10.9034 9.89299 10.9034 9.69631 29074 578 0.029857
34.1273 110048 105704 0.0759819 19.5303 9.9166 19.5303 9.72041 29215 578 0.0297786
34.2807 111496 107152 0.0777239 10.7955 9.92054 10.7955 9.72522 29358 578 0.0297048
34.4375 112944 108600 0.0797584 10.7116 9.92414 10.7116 9.72971 29503 578 0.0296488
34.5982 114392 110048 0.0812632 10.5995 9.92728 10.5995 9.73375 29650 578 0.0295786
34.7445 115840 111496 0.0683482 11.7934 9.93514 11.7934 9.74243 29799 578 0.0290645
34.8669 117288 112944 0.06205 14.2997 9.95045 14.2997 9.75842 29950 578 0.0288677
34.9923 118736 114392 0.0656493 14.1283 9.96543 14.1283 9.77408 30103 578 0.0287644
35.1203 120184 115840 0.0647619 13.8497 9.97958 13.8497 9.78893 30256 578 0.0286244
35.251 121632 117288 0.0730696 13.9114 9.99416 13.9114 9.80422 30413 578 0.0286421
35.3268 123080 118736 0.0671969 23.9866 10.0242 23.9866 9.83466 30570 578 0.0283929
35.4614 124528 120184 0.068372 13.8582 10.0387 13.8582 9.84993 30731 578 0.0282813
35.598 125976 121632 0.069282 13.651 10.0526 13.651 9.86452 30892 578 0.0281678
35.7375 127424 123080 0.0710625 13.7009 10.0668 13.7009 9.87949 31057 578 0.0280748
35.8788 128872 124528 0.0716383 13.5262 10.0805 13.5262 9.89386 31222 578 0.0279589
36.0222 130320 125976 0.0738944 13.4951 10.0941 13.4951 9.90819 31389 578 0.0278879
36.167 131768 127424 0.0732091 13.5207 10.1078 13.5207 9.92265 31558 578 0.0277409
36.3142 133216 128872 0.0790461 13.4573 10.1214 13.4573 9.93698 31729 578 0.0278011
36.3985 134664 130320 0.0748185 23.7579 10.153 23.7579 9.96901 31902 578 0.0275302
36.5479 136112 131768 0.0757013 13.5727 10.1669 13.5727 9.98373 32077 578 0.0274297
36.6988 137560 133216 0.0762129 13.5857 10.181 13.5857 9.99855 32254 578 0.0273189
36.8509 139008 134664 0.0771857 13.6307 10.1952 13.6307 10.0135 32433 578 0.0272245
37.0043 140456 136112 0.0775356 13.675 10.2097 13.675 10.0287 32614 578 0.02711
37.1588 141904 137560 0.0787584 13.7186 10.2242 13.7186 10.0441 32797 578 0.0270282
37.314 143352 139008 0.0785611 13.6549 10.2385 13.6549 10.0591 32980 578 0.0268948
37.4706 144800 140456 0.0816572 13.8355 10.2535 13.8355 10.0749 33167 578 0.0268937
37.6279 146248 141904 0.0794392 13.7721 10.2683 13.7721 10.0903 33354 578 0.0266771
37.7184 147696 143352 0.0799062 24.4533 10.3023 24.4533 10.1248 33545 578 0.0265704
37.8773 149144 144800 0.0804862 13.9179 10.3175 13.9179 10.1407 33736 578 0.0264691
38.037 150592 146248 0.0807964 14.1452 10.3335 14.1452 10.1575 33931 578 0.0263574
38.1976 152040 147696 0.0810037 14.0711 10.3492 14.0711 10.1739 34126 578 0.0262419
38.3585 153488 149144 0.0818243 14.1835 10.3653 14.1835 10.1908 34323 578 0.0261531
38.4345 152040 150592 0.0900632 8.98552 10.3626 8.98552 10.1884 34382 578 0.026457
38.4346 151129 150592 0.0900632 96.4048 10.3629 0 10.1883 34383 579 0.0264548
38.4348 150673 149144 0.0900632 0 10.3628 0 10.1883 34383 579 0.0265773
38.4349 150217 149144 0.0900632 96.4048 10.3631 0 10.1883 34384 580 0.0265773
38.435 149761 147696 0.0900632 0 10.3631 0 10.1883 34384 580 0.0267011
38.4351 149305 147696 0.0900632 96.4048 10.3633 0 10.1882 34385 581 0.0267011
38.4352 148850 147696 0.0900632 96.4048 10.3636 0 10.1882 34386 582 0.0267011
38.4354 148394 146248 0.0900632 0 10.3636 0 10.1882 34386 582 0.0268253
38.4355 147938 146248 0.0900632 96.4048 10.3638 0 10.1881 34387 583 0.0268253
38.4356 147482 146248 0.0900632 96.4048 10.3641 0 10.1881 34388 584 0.0268253
38.4357 147026 144800 0.0900632 0 10.3641 0 10.1881 34388 584 0.0269498
38.4358 146570 144800 0.0900632 96.4048 10.3643 0 10.188 34389 585 0.0269498
38.436 146114 144800 0.0900632 96.4048 10.3646 0 10.188 34390 586 0.0269498
38.4361 145659 143352 0.0900632 0 10.3646 0 10.188 34390 586 0.0270746
38.4362 145203 143352 0.0900632 96.4048 10.3648 0 10.1879 34391 587 0.0270746
38.4363 144747 143352 0.0900632 96.4048 10.3651 0 10.1879 34392 588 0.0270746
38.4364 144291 141904 0.0900632 0 10.3651 0 10.1879 34392 588 0.0271997
38.4366 143835 141904 0.0900632 96.4048 10.3654 0 10.1878 34393 589 0.0271997
38.4367 143379 141904 0.0900632 96.4048 10.3656 0 10.1878 34394 590 0.0271997
38.4368 142923 141904 0.0900632 96.4048 10.3659 0 10.1878 34395 591 0.0271997
38.4369 142468 140456 0.0900632 0 10.3659 0 10.1877 34395 591 0.0273251
38.437 142012 140456 0.0900632 96.4048 10.3661 0 10.1877 34396 592 0.0273251
38.4372 141556 140456 0.0900632 96.4048 10.3664 0 10.1877 34397 593 0.0273251
38.4373 141100 139008 0.0900632 0 10.3664 0 10.1876 34397 593 0.0274507
38.4374 140644 139008 0.0900632 96.4048 10.3666 0 10.1876 34398 594 0.0274507
38.4375 140188 139008 0.0900632 96.4048 10.3669 0 10.1876 34399 595 0.0274507
38.4376 139732 137560 0.0900632 0 10.3669 0 10.1876 34399 595 0.0275767
38.4378 137560 137560 0.0900632 96.4048 10.3671 0 10.1875 34400 596 0.0275847
38.4379 136112 136112 0.0900632 0 10.3671 0 10.1875 34400 596 0.0277063
38.438 134664 134664 0.0900632 0 10.3671 0 10.1875 34400 596 0.0278329
38.4381 133216 133216 0.0900632 0 10.367 0 10.1874 34400 596 0.0279598
38.4382 131768 131768 0.0900632 0 10.367 0 10.1874 34400 596 0.028087
38.4384 130320 130320 0.0900632 0 10.367 0 10.1874 34400 596 0.0282144
38.4385 128872 128872 0.0900632 0 10.3669 0 10.1873 34400 596 0.0283422
38.4386 127424 127424 0.0900632 0 10.3669 0 10.1873 34400 596 0.0284702
38.4387 125976 125976 0.0900632 0 10.3669 0 10.1873 34400 596 0.0285986
38.4388 124528 124528 0.0900632 0 10.3668 0 10.1872 34400 596 0.0287273
38.439 123080 123080 0.0900632 0 10.3668 0 10.1872 34400 596 0.0288562
38.4391 121632 121632 0.0900632 0 10.3668 0 10.1872 34400 596 0.0289855
38.4392 120184 120184 0.0900632 0 10.3667 0 10.1871 34400 596 0.029115
38.4393 118736 118736 0.0900632 0 10.3667 0 10.1871 34400 596 0.0292449
38.4394 117288 117288 0.0900632 0 10.3667 0 10.1871 34400 596 0.029375
38.4396 115840 115840 0.0900632 0 10.3667 0 10.187 34400 596 0.0295055
38.4397 114392 114392 0.0900632 0 10.3666 0 10.187 34400 596 0.0296362
38.4398 112944 112944 0.0900632 0 10.3666 0 10.187 34400 596 0.0297673
38.4399 111496 111496 0.0900632 0 10.3666 0 10.1869 34400 596 0.0298986
38.4401 110048 110048 0.0900632 0 10.3665 0 10.1869 34400 596 0.0300303
38.4402 108600 108600 0.0900632 0 10.3665 0 10.1869 34400 596 0.0301622
38.4403 107152 107152 0.0900632 0 10.3665 0 10.1869 34400 596 0.0302944
38.4405 105704 104256 0.0900632 48.2024 10.3667 0 10.1868 34401 597 0.0305598
38.5162 107152 104256 0.0900632 8.26334 10.3626 0 10.1668 34455 651 0.0305598
38.5185 108600 105704 0.0900632 101.508 10.368 0 10.1662 34475 671 0.030427
38.5188 110048 105704 0.0885553 96.4048 10.3685 96.4048 10.1667 34477 671 0.0303386
38.519 111496 107152 0.0872359 144.607 10.3693 144.607 10.1675 34480 671 0.0301324
38.5966 112944 108600 0.0804771 10.2971 10.3692 10.2971 10.1678 34549 671 0.0296777
38.6726 114392 110048 0.0874282 8.38966 10.3653 8.38966 10.1643 34604 671 0.0298788
38.7516 115840 111496 0.0789453 11.5744 10.3678 11.5744 10.1672 34683 671 0.0293538
38.7519 117288 112944 0.0789522 144.607 10.3686 144.607 10.168 34686 671 0.0292227
38.8307 118736 114392 0.0880113 11.3158 10.3705 11.3158 10.1704 34763 671 0.0295171
38.9102 120184 115840 0.088366 11.7958 10.3734 11.7958 10.1737 34844 671 0.0294063
38.9105 121632 117288 0.0873202 144.607 10.3743 144.607 10.1745 34847 671 0.0292176
38.99 123080 118736 0.0797871 11.7958 10.3772 11.7958 10.1778 34928 671 0.0287326
39.0703 124528 120184 0.0799992 12.2671 10.381 12.2671 10.1821 35013 671 0.0286112
39.1506 125976 121632 0.0893256 12.2671 10.3849 12.2671 10.1864 35098 671 0.0289417
39.1508 127424 123080 0.0881599 144.607 10.3857 144.607 10.1872 35101 671 0.0287454
39.2313 128872 124528 0.0806008 12.2305 10.3895 12.2305 10.1914 35186 671 0.0282479
39.3124 130320 125976 0.0809737 12.7112 10.3943 12.7112 10.1966 35275 671 0.0281347
39.3938 131768 127424 0.0902177 12.6736 10.399 12.6736 10.2017 35364 671 0.0284796
39.4755 133216 128872 0.0816596 12.9012 10.4042 12.9012 10.2073 35455 671 0.0279075
39.4758 131768 130320 0.0816596 160.384 10.4056 160.384 10.2087 35460 671 0.0277798
39.4759 130844 130320 0.0816596 96.4048 10.4058 0 10.2086 35461 672 0.0277776
39.4761 130382 128872 0.0816596 0 10.4058 0 10.2086 35461 672 0.0279042
39.4762 129920 128872 0.0816596 96.4048 10.4061 0 10.2086 35462 673 0.0279042
39.4763 129458 127424 0.0816596 0 10.406 0 10.2085 35462 673 0.0280322
39.4764 128996 127424 0.0816596 96.4048 10.4063 0 10.2085 35463 674 0.0280322
39.4766 128534 127424 0.0816596 96.4048 10.4066 0 10.2085 35464 675 0.0280322
39.4767 128071 125976 0.0816596 0 10.4065 0 10.2085 35464 675 0.0281606
39.4768 127609 125976 0.0816596 96.4048 10.4068 0 10.2084 35465 676 0.0281606
39.4769 127147 125976 0.0816596 96.4048 10.407 0 10.2084 35466 677 0.0281606
39.477 126685 124528 0.0816596 0 10.407 0 10.2084 35466 677 0.0282893
39.4772 126223 124528 0.0816596 96.4048 10.4073 0 10.2083 35467 678 0.0282893
39.4773 125761 124528 0.0816596 96.4048 10.4075 0 10.2083 35468 679 0.0282893
39.4774 125299 123080 0.0816596 0 10.4075 0 10.2083 35468 679 0.0284182
39.4775 124837 123080 0.0816596 96.4048 10.4078 0 10.2082 35469 680 0.0284182
39.4776 124374 123080 0.0816596 96.4048 10.408 0 10.2082 35470 681 0.0284182
39.4778 123912 121632 0.0816596 0 10.408 0 10.2082 35470 681 0.0285475
39.4779 123450 121632 0.0816596 96.4048 10.4083 0 10.2081 35471 682 0.0285475
39.478 122988 121632 0.0816596 96.4048 10.4085 0 10.2081 35472 683 0.0285475
39.4781 122526 120184 0.0816596 0 10.4085 0 10.2081 35472 683 0.028677
39.4782 122064 120184 0.0816596 96.4048 10.4088 0 10.2081 35473 684 0.028677
39.4784 121602 120184 0.0816596 96.4048 10.409 0 10.208 35474 685 0.028677
39.4785 121140 118736 0.0816596 0 10.409 0 10.208 35474 685 0.0288069
39.4786 120677 118736 0.0816596 96.4048 10.4092 0 10.208 35475 686 0.0288069
39.4787 120215 118736 0.0816596 96.4048 10.4095 0 10.2079 35476 687 0.0288069
39.4788 119753 118736 0.0816596 96.4048 10.4098 0 10.2079 35477 688 0.0288069
39.479 119291 117288 0.0816596 0 10.4097 0 10.2079 35477 688 0.028937
39.4791 118829 117288 0.0816596 96.4048 10.41 0 10.2078 35478 689 0.028937
39.4792 118367 117288 0.0816596 96.4048 10.4103 0 10.2078 35479 690 0.028937
39.4793 117905 115840 0.0816596 0 10.4102 0 10.2078 35479 690 0.0290675
39.4794 117443 115840 0.0816596 96.4048 10.4105 0 10.2077 35480 691 0.0290675
39.4796 116980 115840 0.0816596 96.4048 10.4108 0 10.2077 35481 692 0.0290675
39.4797 114392 114392 0.0816596 0 10.4107 0 10.2077 35481 692 0.0292098
39.4798 112944 112944 0.0816596 0 10.4107 0 10.2076 35481 692 0.0293326
39.4799 111496 111496 0.0816596 0 10.4107 0 10.2076 35481 692 0.029464
39.48 110048 110048 0.0816596 0 10.4106 0 10.2076 35481 692 0.0295956
39.4802 108600 108600 0.0816596 0 10.4106 0 10.2076 35481 692 0.0297275
39.4803 107152 107152 0.0816596 0 10.4106 0 10.2075 35481 692 0.0298598
39.4804 105704 105704 0.0816596 0 10.4105 0 10.2075 35481 692 0.0299923
39.4805 104256 104256 0.0816596 0 10.4105 0 10.2075 35481 692 0.0301252
39.4806 102808 102808 0.0816596 0 10.4105 0 10.2074 35481 692 0.0302583
39.4808 101360 101360 0.0816596 0 10.4104 0 10.2074 35481 692 0.0303917
39.4809 99912 99912 0.0816596 0 10.4104 0 10.2074 35481 692 0.0305254
39.481 98464 98464 0.0816596 0 10.4104 0 10.2073 35481 692 0.0306595
39.4811 97016 97016 0.0816596 0 10.4103 0 10.2073 35481 692 0.0307938
39.4812 95568 95568 0.0816596 0 10.4103 0 10.2073 35481 692 0.0309284
39.4814 94120 94120 0.0816596 0 10.4103 0 10.2072 35481 692 0.0310633
39.4815 92672 92672 0.0816596 0 10.4102 0 10.2072 35481 692 0.0311986
39.5575 94120 91224 0.0816596 6.54888 10.4028 0 10.1876 35524 735 0.0313341
39.6302 95568 91224 0.0782945 9.56081 10.4013 9.56081 10.1864 35584 735 0.0311996
39.7038 97016 92672 0.0816175 10.2391 10.401 10.2391 10.1865 35649 735 0.0311967
39.7782 98464 94120 0.0740346 10.4348 10.401 10.4348 10.187 35716 735 0.0307912
39.8527 99912 95568 0.0828579 10.4179 10.4011 10.4179 10.1874 35783 735 0.0309818
40.0032 101360 97016 0.0837359 10.5407 10.4016 10.5407 10.1888 35920 735 0.0308881
40.0792 102808 98464 0.0843312 10.5252 10.4018 10.5252 10.1894 35989 735 0.0307823
40.2325 104256 99912 0.0852211 10.6529 10.4028 10.6529 10.1912 36130 735 0.0306924
40.3095 105704 101360 0.0857554 10.6782 10.4033 10.6782 10.1921 36201 735 0.0305859
40.465 107152 102808 0.0865712 10.8027 10.4048 10.8027 10.1944 36346 735 0.0304952
40.6223 108600 104256 0.0785545 10.8262 10.4065 10.8262 10.1969 36493 735 0.0300003
40.8607 110048 105704 0.088615 10.8358 10.409 10.8358 10.2006 36716 735 0.030342
41.1022 111496 107152 0.0804873 10.8875 10.4118 10.8875 10.2046 36943 735 0.0298104
41.4275 112944 108600 0.0906614 10.862 10.4153 10.862 10.2098 37248 735 0.0301985
41.4278 111496 110048 0.0906614 160.384 10.4166 160.384 10.2111 37253 735 0.0300666
41.4279 110555 110048 0.0906614 96.4048 10.4169 0 10.2111 37254 736 0.0300644
41.4281 110085 108600 0.0906614 0 10.4169 0 10.2111 37254 736 0.0301952
41.4282 109614 108600 0.0906614 96.4048 10.4171 0 10.211 37255 737 0.0301952
41.4283 109143 107152 0.0906614 0 10.4171 0 10.211 37255 737 0.0303274
41.4284 108673 107152 0.0906614 96.4048 10.4173 0 10.211 37256 738 0.0303274
41.4285 108202 107152 0.0906614 96.4048 10.4176 0 10.2109 37257 739 0.0303274
41.4287 107732 105704 0.0906614 0 10.4175 0 10.2109 37257 739 0.03046
41.4288 107261 105704 0.0906614 96.4048 10.4178 0 10.2109 37258 740 0.03046
41.4289 106790 105704 0.0906614 96.4048 10.418 0 10.2109 37259 741 0.03046
41.429 106320 104256 0.0906614 0 10.418 0 10.2108 37259 741 0.0305928
41.4292 105849 104256 0.0906614 96.4048 10.4183 0 10.2108 37260 742 0.0305928
41.4293 105379 104256 0.0906614 96.4048 10.4185 0 10.2108 37261 743 0.0305928
41.4294 104908 102808 0.0906614 0 10.4185 0 10.2107 37261 743 0.0307259
41.4295 104437 102808 0.0906614 96.4048 10.4187 0 10.2107 37262 744 0.0307259
41.4296 103967 102808 0.0906614 96.4048 10.419 0 10.2107 37263 745 0.0307259
41.4298 103496 101360 0.0906614 0 10.419 0 10.2106 37263 745 0.0308594
41.4299 103026 101360 0.0906614 96.4048 10.4192 0 10.2106 37264 746 0.0308594
41.43 102555 101360 0.0906614 96.4048 10.4195 0 10.2106 37265 747 0.0308594
41.4301 102084 99912 0.0906614 0 10.4194 0 10.2106 37265 747 0.0309931
41.4302 101614 99912 0.0906614 96.4048 10.4197 0 10.2105 37266 748 0.0309931
41.4304 101143 99912 0.0906614 96.4048 10.4199 0 10.2105 37267 749 0.0309931
41.4305 100673 98464 0.0906614 0 10.4199 0 10.2105 37267 749 0.0311271
41.4306 100202 98464 0.0906614 96.4048 10.4201 0 10.2104 37268 750 0.0311271
41.4307 99731 98464 0.0906614 96.4048 10.4204 0 10.2104 37269 751 0.0311271
41.4308 99261 97016 0.0906614 0 10.4204 0 10.2104 37269 751 0.0312614
41.431 98790 97016 0.0906614 96.4048 10.4206 0 10.2103 37270 752 0.0312614
41.4311 98320 97016 0.0906614 96.4048 10.4209 0 10.2103 37271 753 0.0312614
41.4312 97849 95568 0.0906614 0 10.4208 0 10.2103 37271 753 0.0313961
41.4313 97378 95568 0.0906614 96.4048 10.4211 0 10.2103 37272 754 0.0313961
41.4314 96908 95568 0.0906614 96.4048 10.4213 0 10.2102 37273 755 0.0313961
41.4316 96437 94120 0.0906614 0 10.4213 0 10.2102 37273 755 0.031531
41.4317 95967 94120 0.0906614 96.4048 10.4215 0 10.2102 37274 756 0.031531
41.4318 95496 94120 0.0906614 96.4048 10.4218 0 10.2101 37275 757 0.031531
41.4319 95025 92672 0.0906614 0 10.4218 0 10.2101 37275 757 0.0316662
41.432 94555 92672 0.0906614 96.4048 10.422 0 10.2101 37276 758 0.0316662
41.4322 94084 92672 0.0906614 96.4048 10.4223 0 10.2101 37277 759 0.0316662
41.4323 91224 91224 0.0906614 0 10.4222 0 10.21 37277 759 0.0318159
41.4324 89776 89776 0.0906614 0 10.4222 0 10.21 37277 759 0.0319409
41.4325 88328 88328 0.0906614 0 10.4222 0 10.21 37277 759 0.032077
41.4326 86880 86880 0.0906614 0 10.4221 0 10.2099 37277 759 0.0322134
41.4328 85432 85432 0.0906614 0 10.4221 0 10.2099 37277 759 0.0323501
41.4329 83984 83984 0.0906614 0 10.4221 0 10.2099 37277 759 0.0324871
41.433 82536 82536 0.0906614 0 10.4221 0 10.2098 37277 759 0.0326244
41.4331 81088 81088 0.0906614 0 10.422 0 10.2098 37277 759 0.032762
41.4332 79640 79640 0.0906614 0 10.422 0 10.2098 37277 759 0.0328999
41.4334 78192 78192 0.0906614 0 10.422 0 10.2098 37277 759 0.0330381
41.5038 79640 76744 0.0906614 4.93544 10.4127 0 10.1924 37307 789 0.0331766
41.504 81088 76744 0.0888287 96.4048 10.4131 96.4048 10.1929 37309 789 0.0330676
41.5717 82536 78192 0.0735461 8.39047 10.4099 8.39047 10.19 37358 789 0.0322815
41.6408 83984 79640 0.0687208 9.55665 10.4084 9.55665 10.189 37415 789 0.0320359
41.7107 85432 81088 0.0772095 9.44171 10.4068 9.44171 10.1877 37472 789 0.0321181
41.7811 86880 82536 0.0704354 9.70628 10.4056 9.70628 10.1869 37531 789 0.0317932
41.8522 88328 83984 0.0786683 9.60791 10.4043 9.60791 10.1859 37590 789 0.0318955
41.9242 89776 85432 0.0716407 9.81752 10.4033 9.81752 10.1853 37651 789 0.0315455
41.9967 91224 86880 0.0803018 9.75239 10.4022 9.75239 10.1845 37712 789 0.0316854
42.07 92672 88328 0.072807 9.95656 10.4014 9.95656 10.1841 37775 789 0.0313009
42.144 94120 89776 0.0818502 9.85958 10.4004 9.85958 10.1836 37838 789 0.0314782
42.2187 95568 91224 0.0744529 10.0745 10.3998 10.0745 10.1834 37903 789 0.0310738
42.2937 97016 92672 0.0833674 10.0422 10.3992 10.0422 10.1831 37968 789 0.0312755
42.3694 98464 94120 0.0754168 10.2526 10.399 10.2526 10.1832 38035 789 0.0308319
42.4458 99912 95568 0.0844736 10.1559 10.3985 10.1559 10.1832 38102 789 0.0310582
42.6003 101360 97016 0.0859688 10.2702 10.3981 10.2702 10.1835 38239 789 0.030999
42.6782 102808 98464 0.0865825 10.2653 10.3978 10.2653 10.1837 38308 789 0.030897
42.7615 104256 99912 0.0789298 15.1632 10.4071 15.1632 10.1933 38417 789 0.0304146
42.9155 105704 101360 0.0794393 7.89587 10.3981 7.89587 10.1851 38522 789 0.0303005
43.0759 107152 102808 0.0892222 10.4709 10.3983 10.4709 10.1862 38667 789 0.0306431
43.2392 105704 104256 0.0815584 10.6407 10.3993 10.6407 10.1879 38817 789 0.0301208
43.2394 104752 104256 0.0815584 96.4048 10.3995 0 10.1879 38818 790 0.0301187
43.2395 104276 102808 0.0815584 0 10.3995 0 10.1878 38818 790 0.0302506
43.2396 103799 102808 0.0815584 96.4048 10.3997 0 10.1878 38819 791 0.0302506
43.2397 103323 101360 0.0815584 0 10.3997 0 10.1878 38819 791 0.030384
43.2398 102847 101360 0.0815584 96.4048 10.3999 0 10.1877 38820 792 0.030384
43.24 102370 101360 0.0815584 96.4048 10.4002 0 10.1877 38821 793 0.030384
43.2401 101894 99912 0.0815584 0 10.4001 0 10.1877 38821 793 0.0305177
43.2402 101418 99912 0.0815584 96.4048 10.4004 0 10.1877 38822 794 0.0305177
43.2403 100941 99912 0.0815584 96.4048 10.4006 0 10.1876 38823 795 0.0305177
43.2404 100465 98464 0.0815584 0 10.4006 0 10.1876 38823 795 0.0306518
43.2406 99989 98464 0.0815584 96.4048 10.4008 0 10.1876 38824 796 0.0306518
43.2407 99512 98464 0.0815584 96.4048 10.4011 0 10.1875 38825 797 0.0306518
43.2408 99036 97016 0.0815584 0 10.401 0 10.1875 38825 797 0.0307861
43.2409 98560 97016 0.0815584 96.4048 10.4013 0 10.1875 38826 798 0.0307861
43.241 98083 97016 0.0815584 96.4048 10.4015 0 10.1875 38827 799 0.0307861
43.2412 97607 95568 0.0815584 0 10.4015 0 10.1874 38827 799 0.0309207
43.2413 97131 95568 0.0815584 96.4048 10.4017 0 10.1874 38828 800 0.0309207
43.2414 96654 95568 0.0815584 96.4048 10.402 0 10.1874 38829 801 0.0309207
43.2415 96178 94120 0.0815584 0 10.4019 0 10.1873 38829 801 0.0310556
43.2416 95702 94120 0.0815584 96.4048 10.4022 0 10.1873 38830 802 0.0310556
43.2418 95226 94120 0.0815584 96.4048 10.4024 0 10.1873 38831 803 0.0310556
43.2419 94749 92672 0.0815584 0 10.4024 0 10.1873 38831 803 0.0311909
43.242 94273 92672 0.0815584 96.4048 10.4026 0 10.1872 38832 804 0.0311909
43.2421 93797 92672 0.0815584 96.4048 10.4029 0 10.1872 38833 805 0.0311909
43.2422 93320 91224 0.0815584 0 10.4028 0 10.1872 38833 805 0.0313264
43.2424 92844 91224 0.0815584 96.4048 10.4031 0 10.1871 38834 806 0.0313264
43.2425 92368 91224 0.0815584 96.4048 10.4033 0 10.1871 38835 807 0.0313264
43.2426 91891 89776 0.0815584 0 10.4033 0 10.1871 38835 807 0.0314622
43.2427 91415 89776 0.0815584 96.4048 10.4035 0 10.1871 38836 808 0.0314622
43.2428 90939 89776 0.0815584 96.4048 10.4038 0 10.187 38837 809 0.0314622
43.243 90462 88328 0.0815584 0 10.4037 0 10.187 38837 809 0.0315983
43.2431 89986 88328 0.0815584 96.4048 10.404 0 10.187 38838 810 0.0315983
43.2432 89510 88328 0.0815584 96.4048 10.4042 0 10.1869 38839 811 0.0315983
43.2433 89033 86880 0.0815584 0 10.4042 0 10.1869 38839 811 0.0317347
43.2434 88557 86880 0.0815584 96.4048 10.4044 0 10.1869 38840 812 0.0317347
43.2436 88081 86880 0.0815584 96.4048 10.4046 0 10.1869 38841 813 0.0317347
43.2437 87604 85432 0.0815584 0 10.4046 0 10.1868 38841 813 0.0318714
43.2438 87128 85432 0.0815584 96.4048 10.4049 0 10.1868 38842 814 0.0318714
43.2439 86652 85432 0.0815584 96.4048 10.4051 0 10.1868 38843 815 0.0318714
43.244 83984 83984 0.0815584 0 10.4051 0 10.1868 38843 815 0.0320207
43.2442 82536 82536 0.0815584 0 10.405 0 10.1867 38843 815 0.0321491
43.2443 81088 81088 0.0815584 0 10.405 0 10.1867 38843 815 0.0322867
43.2444 79640 79640 0.0815584 0 10.405 0 10.1867 38843 815 0.0324246
43.2445 78192 78192 0.0815584 0 10.405 0 10.1866 38843 815 0.0325628
43.2446 76744 76744 0.0815584 0 10.4049 0 10.1866 38843 815 0.0327013
43.2448 75296 75296 0.0815584 0 10.4049 0 10.1866 38843 815 0.0328401
43.2449 73848 73848 0.0815584 0 10.4049 0 10.1866 38843 815 0.0329792
43.3097 75296 72400 0.0815584 4.47151 10.396 0 10.1713 38868 840 0.0331186
43.3682 76744 72400 0.0753015 9.50191 10.3948 9.50191 10.1704 38916 840 0.0328879
43.4857 78192 73848 0.0654393 10.3502 10.3947 10.3502 10.1709 39021 840 0.032544
43.6063 79640 75296 0.0606241 10.2742 10.3943 10.2742 10.1712 39128 840 0.0323757
43.6731 81088 76744 0.0614741 17.5124 10.4052 17.5124 10.1824 39229 840 0.0322387
43.8554 82536 78192 0.062826 7.68951 10.3939 7.68951 10.1721 39350 840 0.032106
43.9835 83984 79640 0.0713622 10.2193 10.3934 10.2193 10.1722 39463 840 0.0320889
44.1148 85432 81088 0.0656959 10.496 10.3937 10.496 10.1732 39582 840 0.0318544
44.2522 86880 82536 0.0671672 13.242 10.4026 13.242 10.1827 39739 840 0.0317357
44.3862 88328 83984 0.0675585 9.77017 10.4007 9.77017 10.1814 39852 840 0.0316041
44.5227 89776 85432 0.0698133 9.75929 10.3987 9.75929 10.1801 39967 840 0.0315063
44.6607 91224 86880 0.069875 9.81668 10.3969 9.81668 10.179 40084 840 0.0313708
44.8006 92672 88328 0.0728302 9.85582 10.3952 9.85582 10.178 40203 840 0.0313015
44.9421 94120 89776 0.0713523 9.90236 10.3937 9.90236 10.1771 40324 840 0.0311296
45.0853 95568 91224 0.0769607 9.95616 10.3923 9.95616 10.1764 40447 840 0.0311526
45.2292 97016 92672 0.0725007 9.89799 10.3907 9.89799 10.1756 40570 840 0.0308857
45.3097 98464 94120 0.0735089 18.2737 10.4047 18.2737 10.1899 40697 840 0.0307767
45.4562 99912 95568 0.0739929 10.0438 10.4035 10.0438 10.1895 40824 840 0.0306551
45.6039 101360 97016 0.0748264 10.2759 10.4031 10.2759 10.1898 40955 840 0.0305445
45.7524 102808 98464 0.0748062 10.2177 10.4025 10.2177 10.1898 41086 840 0.0304096
45.9022 104256 99912 0.0766021 10.4368 10.4026 10.4368 10.1906 41221 840 0.0303319
46.0528 105704 101360 0.0758712 10.3868 10.4026 10.3868 10.1913 41356 840 0.0301745
46.2043 107152 102808 0.0795099 10.4738 10.4028 10.4738 10.1922 41493 840 0.0301698
46.3562 108600 104256 0.0765492 10.6015 10.4035 10.6015 10.1936 41632 840 0.0299299
46.5088 110048 105704 0.0854715 10.7032 10.4045 10.7032 10.1952 41773 840 0.030172
46.5943 111496 107152 0.0776779 19.3622 10.4209 19.3622 10.2121 41916 840 0.0297032
46.749 112944 108600 0.0780239 10.8615 10.4224 10.8615 10.2142 42061 840 0.0295833
46.9045 114392 110048 0.0783903 10.9517 10.4241 10.9517 10.2167 42208 840 0.0294647
47.0609 115840 111496 0.0793808 11.0325 10.4261 11.0325 10.2194 42357 840 0.0293704
47.2183 117288 112944 0.0795097 11.1123 10.4284 11.1123 10.2223 42508 840 0.0292441
47.3762 118736 114392 0.0809886 11.2252 10.4311 11.2252 10.2257 42661 840 0.029173
47.5348 120184 115840 0.0800667 11.1742 10.4336 11.1742 10.2289 42814 840 0.0290044
47.6943 121632 117288 0.0850056 11.4058 10.4368 11.4058 10.2328 42971 840 0.0290965
47.8546 123080 118736 0.0808444 11.346 10.4399 11.346 10.2365 43128 840 0.0287756
47.9446 124528 120184 0.0811145 20.7225 10.4592 20.7225 10.2562 43289 840 0.0286571
48.1061 125976 121632 0.0815133 11.5485 10.4628 11.5485 10.2605 43450 840 0.0285445
48.2682 127424 123080 0.0818742 11.7915 10.4673 11.7915 10.2657 43615 840 0.0284309
48.4203 128872 124528 0.0771987 12.5646 10.4739 12.5646 10.2729 43780 840 0.0281193
48.5739 130320 125976 0.0783482 12.5975 10.4806 12.5975 10.2803 43947 840 0.0280315
48.7294 131768 127424 0.0786619 12.5907 10.4873 12.5907 10.2876 44116 840 0.0279147
48.8863 133216 128872 0.0820653 12.6227 10.4942 12.6227 10.2951 44287 840 0.0279253
49.0454 134664 130320 0.0803177 12.5967 10.501 12.5967 10.3026 44460 840 0.0277234
49.1359 136112 131768 0.0808516 22.4048 10.5229 22.4048 10.3249 44635 840 0.027618
49.2972 137560 133216 0.0816215 12.7056 10.53 12.7056 10.3327 44812 840 0.0275235
49.4543 139008 134664 0.0770837 13.2031 10.5385 13.2031 10.3418 44991 840 0.027221
49.6078 140456 136112 0.0775579 13.6536 10.5482 13.6536 10.352 45172 840 0.0271108
49.7628 141904 137560 0.0785315 13.676 10.5579 13.676 10.3624 45355 840 0.0270197
49.9188 143352 139008 0.0789707 13.5917 10.5674 13.5917 10.3725 45538 840 0.0269102
50.0761 144800 140456 0.0809203 13.7721 10.5775 13.7721 10.3832 45725 840 0.0268623
50.2351 146248 141904 0.0804754 13.6264 10.5871 13.6264 10.3934 45912 840 0.0267185
50.3952 147696 143352 0.0867284 13.8134 10.5974 13.8134 10.4043 46103 840 0.0268886
50.4873 149144 144800 0.0815748 24.0383 10.6219 24.0383 10.4291 46294 840 0.0265149
50.5694 147696 146248 0.0816005 15.1028 10.6291 15.1028 10.4367 46401 840 0.0263915
50.5695 146786 146248 0.0816005 96.4048 10.6294 0 10.4367 46402 841 0.0263892
50.6391 146331 144800 0.0816005 0 10.6147 0 10.4224 46402 841 0.0265126
50.6392 145876 144800 0.0816005 96.4048 10.615 0 10.4223 46403 842 0.0265126
50.6393 145421 143352 0.0816005 0 10.6149 0 10.4223 46403 842 0.0266374
50.6394 144966 143352 0.0816005 96.4048 10.6151 0 10.4223 46404 843 0.0266374
50.6395 144511 143352 0.0816005 96.4048 10.6153 0 10.4223 46405 844 0.0266374
50.6397 144056 141904 0.0816005 0 10.6153 0 10.4222 46405 844 0.0267625
50.6398 143601 141904 0.0816005 96.4048 10.6155 0 10.4222 46406 845 0.0267625
50.6399 143146 141904 0.0816005 96.4048 10.6157 0 10.4222 46407 846 0.0267625
50.64 142691 140456 0.0816005 0 10.6157 0 10.4222 46407 846 0.0268879
50.6401 142235 140456 0.0816005 96.4048 10.6159 0 10.4221 46408 847 0.0268879
50.6403 141780 140456 0.0816005 96.4048 10.6161 0 10.4221 46409 848 0.0268879
50.6404 141325 139008 0.0816005 0 10.6161 0 10.4221 46409 848 0.0270135
50.6405 140870 139008 0.0816005 96.4048 10.6163 0 10.4221 46410 849 0.0270135
50.6406 140415 139008 0.0816005 96.4048 10.6165 0 10.422 46411 850 0.0270135
50.6407 139960 137560 0.0816005 0 10.6165 0 10.422 46411 850 0.0271395
50.6409 139505 137560 0.0816005 96.4048 10.6167 0 10.422 46412 851 0.0271395
50.641 139050 137560 0.0816005 96.4048 10.6169 0 10.422 46413 852 0.0271395
50.6411 138595 137560 0.0816005 96.4048 10.6171 0 10.4219 46414 853 0.0271395
50.6412 138140 136112 0.0816005 0 10.617 0 10.4219 46414 853 0.0272658
50.6413 137685 136112 0.0816005 96.4048 10.6172 0 10.4219 46415 854 0.0272658
50.6415 137230 136112 0.0816005 96.4048 10.6174 0 10.4219 46416 855 0.0272658
50.6416 136774 134664 0.0816005 0 10.6174 0 10.4218 46416 855 0.0273923
50.6417 136319 134664 0.0816005 96.4048 10.6176 0 10.4218 46417 856 0.0273923
50.6418 135864 134664 0.0816005 96.4048 10.6178 0 10.4218 46418 857 0.0273923
50.6419 135409 133216 0.0816005 0 10.6178 0 10.4218 46418 857 0.0275192
50.6421 134954 133216 0.0816005 96.4048 10.618 0 10.4217 46419 858 0.0275192
50.6422 133216 133216 0.0816005 96.4048 10.6182 0 10.4217 46420 859 0.0275242
50.6423 131768 131768 0.0816005 0 10.6182 0 10.4217 46420 859 0.0276497
50.6424 130320 130320 0.0816005 0 10.6182 0 10.4217 46420 859 0.0277772
50.6425 128872 128872 0.0816005 0 10.6181 0 10.4216 46420 859 0.027905
50.6427 127424 127424 0.0816005 0 10.6181 0 10.4216 46420 859 0.028033
50.6428 125976 125976 0.0816005 0 10.6181 0 10.4216 46420 859 0.0281614
50.6429 124528 124528 0.0816005 0 10.6181 0 10.4216 46420 859 0.0282901
50.643 123080 123080 0.0816005 0 10.618 0 10.4215 46420 859 0.028419
50.6431 121632 121632 0.0816005 0 10.618 0 10.4215 46420 859 0.0285483
50.6433 120184 120184 0.0816005 0 10.618 0 10.4215 46420 859 0.0286778
50.6434 118736 118736 0.0816005 0 10.618 0 10.4215 46420 859 0.0288077
50.6435 117288 117288 0.0816005 0 10.6179 0 10.4214 46420 859 0.0289378
50.6436 115840 115840 0.0816005 0 10.6179 0 10.4214 46420 859 0.0290683
50.6437 114392 114392 0.0816005 0 10.6179 0 10.4214 46420 859 0.029199
50.6439 112944 112944 0.0816005 0 10.6179 0 10.4214 46420 859 0.0293301
50.644 111496 111496 0.0816005 0 10.6178 0 10.4213 46420 859 0.0294614
50.6441 110048 110048 0.0816005 0 10.6178 0 10.4213 46420 859 0.0295931
50.6442 108600 108600 0.0816005 0 10.6178 0 10.4213 46420 859 0.029725
50.6443 107152 107152 0.0816005 0 10.6178 0 10.4213 46420 859 0.0298572
50.6445 105704 105704 0.0816005 0 10.6177 0 10.4213 46420 859 0.0299898
50.6446 104256 104256 0.0816005 0 10.6177 0 10.4212 46420 859 0.0301226
50.6511 105704 102808 0.0816005 94.6291 10.6285 0 10.4199 46473 912 0.0302557
50.7148 107152 102808 0.0807755 0.363792 10.6156 0.363792 10.4073 46475 912 0.0302208
50.715 108600 104256 0.0800535 144.607 10.6162 144.607 10.4079 46478 912 0.0300582
50.784 110048 105704 0.0798673 11.9246 10.618 11.9246 10.41 46549 912 0.0299179
50.7842 111496 107152 0.0786339 144.607 10.6186 144.607 10.4106 46552 912 0.0297379
50.8541 112944 108600 0.0774655 12.092 10.6206 12.092 10.4129 46625 912 0.0295635
50.925 114392 110048 0.0785284 12.5816 10.6234 12.5816 10.4159 46702 912 0.0294698
50.9963 115840 111496 0.0711113 12.8431 10.6265 12.8431 10.4193 46781 912 0.0291183
50.9965 117288 112944 0.0710974 144.607 10.6271 144.607 10.4199 46784 912 0.0289866
51.0681 118736 114392 0.0793474 12.455 10.6297 12.455 10.4228 46861 912 0.0291068
51.1407 120184 115840 0.0802673 12.9285 10.6329 12.9285 10.4264 46942 912 0.0290125
51.2137 121632 117288 0.0728456 13.1822 10.6366 13.1822 10.4303 47025 912 0.0286363
51.2873 123080 118736 0.0812106 13.0532 10.64 13.0532 10.4341 47108 912 0.028791
51.3618 124528 120184 0.0738681 13.2168 10.6438 13.2168 10.4381 47193 912 0.0284036
51.3661 125976 121632 0.0746673 99.0827 10.6512 99.0827 10.4456 47230 912 0.0282968
51.4367 127424 123080 0.0827902 8.04742 10.6477 8.04742 10.4423 47279 912 0.0284718
51.5124 128872 124528 0.0835812 13.313 10.6516 13.313 10.4465 47366 912 0.0283795
51.5886 130320 125976 0.075941 13.5332 10.6558 13.5332 10.451 47455 912 0.0279489
51.6655 131768 127424 0.0846844 13.4063 10.6599 13.4063 10.4554 47544 912 0.0281758
51.7487 133216 128872 0.0775339 19.6148 10.6743 19.6148 10.4702 47685 912 0.0277458
51.8992 134664 130320 0.0781696 10.2411 10.6731 10.2411 10.4695 47818 912 0.0276408
51.9785 136112 131768 0.0786219 13.5843 10.6775 13.5843 10.4743 47911 912 0.0275299
52.0585 137560 133216 0.0882513 13.4619 10.6818 13.4619 10.4789 48004 912 0.0278541
52.1415 139008 134664 0.0808265 16.0442 10.6903 16.0442 10.4877 48119 912 0.0273629
52.3025 137560 136112 0.0816773 12.5182 10.696 12.5182 10.494 48293 912 0.0272725
52.3027 136644 136112 0.0816773 96.4048 10.6962 0 10.4939 48294 913 0.0272702
52.3028 136186 134664 0.0816773 0 10.6961 0 10.4939 48294 913 0.0273957
52.3029 135728 134664 0.0816773 96.4048 10.6963 0 10.4939 48295 914 0.0273957
52.303 135270 133216 0.0816773 0 10.6963 0 10.4939 48295 914 0.0275225
52.3031 134812 133216 0.0816773 96.4048 10.6965 0 10.4939 48296 915 0.0275225
52.3033 134354 133216 0.0816773 96.4048 10.6967 0 10.4938 48297 916 0.0275225
52.3034 133896 131768 0.0816773 0 10.6967 0 10.4938 48297 916 0.0276497
52.3035 133438 131768 0.0816773 96.4048 10.6969 0 10.4938 48298 917 0.0276497
52.3036 132980 131768 0.0816773 96.4048 10.6971 0 10.4938 48299 918 0.0276497
52.3038 132522 130320 0.0816773 0 10.697 0 10.4937 48299 918 0.0277772
52.3039 132064 130320 0.0816773 96.4048 10.6972 0 10.4937 48300 919 0.0277772
52.304 131606 130320 0.0816773 96.4048 10.6974 0 10.4937 48301 920 0.0277772
52.3041 131148 128872 0.0816773 0 10.6974 0 10.4937 48301 920 0.0279049
52.3042 130690 128872 0.0816773 96.4048 10.6976 0 10.4936 48302 921 0.0279049
52.3044 130232 128872 0.0816773 96.4048 10.6978 0 10.4936 48303 922 0.0279049
52.3045 129774 127424 0.0816773 0 10.6978 0 10.4936 48303 922 0.028033
52.3046 129316 127424 0.0816773 96.4048 10.698 0 10.4936 48304 923 0.028033
52.3047 128858 127424 0.0816773 96.4048 10.6982 0 10.4935 48305 924 0.028033
52.3048 128400 125976 0.0816773 0 10.6982 0 10.4935 48305 924 0.0281614
52.305 127942 125976 0.0816773 96.4048 10.6984 0 10.4935 48306 925 0.0281614
52.3051 127484 125976 0.0816773 96.4048 10.6985 0 10.4935 48307 926 0.0281614
52.3052 127026 125976 0.0816773 96.4048 10.6987 0 10.4934 48308 927 0.0281614
52.3053 126568 124528 0.0816773 0 10.6987 0 10.4934 48308 927 0.02829
52.3054 126109 124528 0.0816773 96.4048 10.6989 0 10.4934 48309 928 0.02829
52.3056 125651 124528 0.0816773 96.4048 10.6991 0 10.4934 48310 929 0.02829
52.3057 125193 123080 0.0816773 0 10.6991 0 10.4933 48310 929 0.028419
52.3058 124735 123080 0.0816773 96.4048 10.6993 0 10.4933 48311 930 0.028419
52.3059 124277 123080 0.0816773 96.4048 10.6995 0 10.4933 48312 931 0.028419
52.306 123819 121632 0.0816773 0 10.6995 0 10.4933 48312 931 0.0285482
52.3062 121632 121632 0.0816773 96.4048 10.6997 0 10.4932 48313 932 0.0285564
52.3063 120184 120184 0.0816773 0 10.6996 0 10.4932 48313 932 0.0286811
52.3064 118736 118736 0.0816773 0 10.6996 0 10.4932 48313 932 0.028811
52.3065 117288 117288 0.0816773 0 10.6996 0 10.4932 48313 932 0.0289412
52.3066 115840 115840 0.0816773 0 10.6996 0 10.4932 48313 932 0.0290716
52.3068 114392 114392 0.0816773 0 10.6995 0 10.4931 48313 932 0.0292023
52.3069 112944 112944 0.0816773 0 10.6995 0 10.4931 48313 932 0.0293334
52.307 111496 111496 0.0816773 0 10.6995 0 10.4931 48313 932 0.0294647
52.3071 110048 110048 0.0816773 0 10.6995 0 10.4931 48313 932 0.0295964
52.3072 108600 108600 0.0816773 0 10.6994 0 10.493 48313 932 0.0297283
52.3074 107152 107152 0.0816773 0 10.6994 0 10.493 48313 932 0.0298606
52.3075 105704 105704 0.0816773 0 10.6994 0 10.493 48313 932 0.0299931
52.3076 104256 104256 0.0816773 0 10.6994 0 10.493 48313 932 0.0301259
52.3077 102808 102808 0.0816773 0 10.6993 0 10.4929 48313 932 0.0302591
52.3078 101360 101360 0.0816773 0 10.6993 0 10.4929 48313 932 0.0303925
52.308 99912 99912 0.0816773 0 10.6993 0 10.4929 48313 932 0.0305262
52.3081 98464 98464 0.0816773 0 10.6993 0 10.4929 48313 932 0.0306602
52.3082 97016 97016 0.0816773 0 10.6992 0 10.4928 48313 932 0.0307946
52.3668 98464 95568 0.0816773 9.28499 10.6977 0 10.4811 48360 979 0.0309292
52.4282 99912 95568 0.0681399 12.0742 10.6993 12.0742 10.483 48424 979 0.0305255
52.4905 101360 97016 0.0619083 12.8416 10.7018 12.8416 10.4858 48493 979 0.0303283
52.5608 102808 98464 0.0631928 21.5881 10.7164 21.5881 10.5006 48624 979 0.0302005
52.6811 104256 99912 0.0704704 7.60837 10.7093 7.60837 10.494 48703 979 0.0301659
52.8115 105704 101360 0.065068 12.6942 10.7142 12.6942 10.4994 48846 979 0.0299483
52.878 107152 102808 0.0657948 12.7261 10.7167 12.7261 10.5022 48919 979 0.0298227
53.0127 108600 104256 0.0672877 12.6418 10.7216 12.6418 10.5077 49066 979 0.0297091
53.1493 110048 105704 0.0757241 12.6335 10.7265 12.6335 10.5131 49215 979 0.0297704
53.2888 111496 107152 0.0697203 12.5384 10.7313 12.5384 10.5184 49366 979 0.0294851
53.4301 112944 108600 0.0784407 12.5425 10.736 12.5425 10.5238 49519 979 0.0295985
53.6465 114392 110048 0.0722558 12.4721 10.743 12.4721 10.5316 49752 979 0.0292767
53.8693 115840 111496 0.0759643 13.2596 10.7535 13.2596 10.5429 50007 979 0.0292497
54.0947 117288 112944 0.0754054 12.3846 10.7602 12.3846 10.5506 50248 979 0.0291008
54.2452 118736 114392 0.0797983 11.6271 10.7627 11.6271 10.5536 50399 979 0.0291244
54.3979 120184 115840 0.0770077 11.7567 10.7654 11.7567 10.557 50554 979 0.028891
54.4841 121632 117288 0.0777336 20.8406 10.7814 20.8406 10.5732 50709 979 0.0287857
54.6391 123080 118736 0.0782976 11.8825 10.7845 11.8825 10.5769 50868 979 0.0286759
54.7947 124528 120184 0.0788604 11.8366 10.7875 11.8366 10.5805 51027 979 0.028567
54.9523 125976 121632 0.0795183 11.9771 10.7909 11.9771 10.5845 51190 979 0.0284627
