0.340049 14480 0 0 0 0 0 0 0 0 0.0428864
0.382667 15928 11584 0.0406602 3.53354 0.393532 3.53354 0.393532 13 0 0.0385301
0.433284 17376 13032 0.0480134 2.05972 0.588178 2.05972 0.588178 22 0 0.0382871
0.492407 14480 14480 0.0569076 2.15522 0.776333 2.15522 0.776333 33 0 0.0381953
0.548767 13032 11584 0.0576475 1.64431 0.865475 1.64431 0.865475 41 0 0.0385693
0.549728 11584 10136 0.0571452 84.3542 1.01147 84.3542 1.01147 48 0 0.0387494
0.603439 10136 8688 0.0557479 1.50969 1.05581 1.50969 1.05581 55 0 0.0389158
0.648259 11584 7240 0.0523097 1.29229 1.07216 1.29229 1.07216 60 0 0.0390649
0.689267 13032 8688 0.0528969 1.97737 1.12602 1.97737 1.12602 67 0 0.0388798
0.732318 14480 10136 0.0495481 1.88354 1.17055 1.88354 1.17055 74 0 0.0386682
0.780983 15928 11584 0.0527134 2.14233 1.23111 2.14233 1.23111 83 0 0.0384984
0.833613 17376 13032 0.0516767 1.98092 1.27844 1.98092 1.27844 92 0 0.0383006
0.885041 14480 14480 0.05878 2.47769 1.34813 2.47769 1.34813 103 0 0.0382321
0.886243 13032 11584 0.0553818 77.1238 1.45087 77.1238 1.45087 111 0 0.0385307
0.933105 14480 10136 0.0519133 1.73034 1.46491 1.73034 1.46491 118 0 0.0386811
0.976964 15928 11584 0.0524907 2.3771 1.50586 2.3771 1.50586 127 0 0.0384964
1.02106 17376 13032 0.0491021 2.36415 1.54293 2.36415 1.54293 136 0 0.0382883
1.0678 18824 14480 0.0518794 2.7261 1.59472 2.7261 1.59472 147 0 0.0381135
1.11827 20272 15928 0.0504402 2.52489 1.6367 2.52489 1.6367 158 0 0.0379162
1.16934 17376 17376 0.0561338 2.94885 1.694 2.94885 1.694 171 0 0.0378062
1.21837 15928 14480 0.0532334 2.36286 1.72092 2.36286 1.72092 181 0 0.0381258
1.21957 17376 13032 0.0511714 86.7643 1.80471 86.7643 1.80471 190 0 0.0382972
1.26559 18824 14480 0.0487481 2.76881 1.83976 2.76881 1.83976 201 0 0.038099
1.31005 20272 15928 0.0468864 2.86609 1.87459 2.86609 1.87459 212 0 0.0379115
1.35607 21720 17376 0.05007 3.27223 1.92203 3.27223 1.92203 225 0 0.0377269
1.40413 23168 18824 0.0486117 3.13316 1.96348 3.13316 1.96348 238 0 0.0375357
1.45436 21720 20272 0.0537165 3.4595 2.01515 3.4595 2.01515 253 0 0.0373812
1.50483 20272 18824 0.0517259 2.98396 2.04764 2.98396 2.04764 266 0 0.0375492
1.55421 17376 17376 0.0562169 3.0493 2.07947 3.0493 2.07947 279 0 0.0378076
1.60035 18824 14480 0.0520846 2.51054 2.0919 2.51054 2.0919 289 0 0.0381151
1.60156 20272 15928 0.0492166 106.045 2.16989 106.045 2.16989 300 0 0.0379118
1.64818 21720 17376 0.0478213 3.23006 2.19988 3.23006 2.19988 313 0 0.0377226
1.6972 23168 18824 0.048541 3.07172 2.22506 3.07172 2.22506 326 0 0.0375356
1.74767 21720 20272 0.053154 3.44303 2.26023 3.44303 2.26023 341 0 0.0373751
1.79766 23168 18824 0.0514717 3.01265 2.28116 3.01265 2.28116 354 0 0.0375474
1.84632 21720 20272 0.0542477 3.57055 2.31514 3.57055 2.31514 369 0 0.0373876
1.89487 23168 18824 0.0509358 3.10213 2.3353 3.10213 2.3353 382 0 0.0375439
1.94365 21720 20272 0.0541745 3.56175 2.36609 3.56175 2.36609 397 0 0.0373867
1.99328 23168 18824 0.0512664 3.03453 2.38273 3.03453 2.38273 410 0 0.037546
2.04194 20272 20272 0.0553146 3.57055 2.41104 3.57055 2.41104 425 0 0.0374195
2.08953 21720 17376 0.0513547 2.92136 2.42266 2.92136 2.42266 437 0 0.0377338
2.09097 23168 18824 0.0492071 104.439 2.49301 104.439 2.49301 450 0 0.0375368
2.13831 24616 20272 0.0482385 3.67023 2.51907 3.67023 2.51907 465 0 0.0373486
2.18734 26064 21720 0.0488183 3.54429 2.54205 3.54429 2.54205 480 0 0.0371629
2.2378 24616 23168 0.0528551 3.9021 2.57272 3.9021 2.57272 497 0 0.037
2.28851 23168 21720 0.0516374 3.42671 2.59165 3.42671 2.59165 512 0 0.0371755
2.33862 20272 20272 0.0543619 3.4678 2.61042 3.4678 2.61042 527 0 0.0374065
2.38668 21720 17376 0.0510451 2.89214 2.61609 2.89214 2.61609 539 0 0.0377318
2.43354 23168 18824 0.0491322 3.21349 2.6276 3.21349 2.6276 552 0 0.0375366
2.48221 21720 20272 0.0528321 3.57055 2.64608 3.57055 2.64608 567 0 0.0373719
2.53376 23168 18824 0.0511347 2.92136 2.65168 2.92136 2.65168 580 0 0.0375452
2.58675 20272 20272 0.0572115 3.27907 2.66454 3.27907 2.66454 595 0 0.0374509
2.64022 18824 17376 0.0549523 2.59968 2.66322 2.59968 2.66322 607 0 0.0377709
2.64166 17376 15928 0.0541454 88.3711 2.71 88.3711 2.71 618 0 0.037948
2.69309 15928 14480 0.0527893 2.47769 2.70557 2.47769 2.70557 629 0 0.0381214
2.74271 17376 13032 0.0513469 2.10083 2.69463 2.10083 2.69463 638 0 0.0382983
2.79066 15928 14480 0.0533295 2.65778 2.69399 2.65778 2.69399 649 0 0.0381269
2.8398 17376 13032 0.0513268 2.12138 2.68408 2.12138 2.68408 658 0 0.0382982
2.89388 14480 14480 0.0564391 2.35656 2.67796 2.35656 2.67796 669 0 0.0381871
2.94843 13032 11584 0.0555587 1.69876 2.65985 1.69876 2.65985 677 0 0.0385333
3.00106 11584 10136 0.0546793 1.54072 2.64022 1.54072 2.64022 684 0 0.0387104
3.05201 10136 8688 0.0593281 1.59159 2.62272 1.59159 2.62272 691 0 0.0389841
3.10295 11584 7240 0.0565792 1.13685 2.59832 1.13685 2.59832 696 0 0.0391199
3.15426 10136 8688 0.0611126 1.58041 2.58176 1.58041 2.58176 703 0 0.0390278
3.15498 11584 7240 0.0578704 80.3373 2.59953 80.3373 2.59953 708 0 0.0391437
3.20737 10136 8688 0.0561671 1.54778 2.58235 1.54778 2.58235 715 0 0.0389225
3.26109 11584 7240 0.0553561 1.07835 2.55758 1.07835 2.55758 720 0 0.0391004
3.31432 10136 8688 0.0607053 1.52333 2.54097 1.52333 2.54097 727 0 0.0390172
3.36683 11584 7240 0.058037 1.10303 2.51854 1.10303 2.51854 732 0 0.0391471
3.41874 10136 8688 0.0627494 1.56211 2.50402 1.56211 2.50402 739 0 0.0390734
3.41946 11584 7240 0.0592012 80.3373 2.52043 80.3373 2.52043 744 0 0.0391718
3.47125 10136 8688 0.0569336 1.56574 2.50619 1.56574 2.50619 751 0 0.0389356
3.52375 11584 7240 0.0554145 1.10303 2.48528 1.10303 2.48528 756 0 0.0391013
3.57735 10136 8688 0.0604437 1.51308 2.47071 1.51308 2.47071 763 0 0.0390107
3.6313 11584 7240 0.0583168 1.07355 2.44995 1.07355 2.44995 768 0 0.0391528
3.68489 10136 8688 0.0635169 1.51308 2.43633 1.51308 2.43633 775 0 0.0390966
3.68561 11584 7240 0.0603756 80.3373 2.45157 80.3373 2.45157 780 0 0.0391995
3.73848 10136 8688 0.0580368 1.53371 2.43859 1.53371 2.43859 787 0 0.0389565
3.79099 11584 7240 0.0561399 1.10303 2.42009 1.10303 2.42009 792 0 0.0391126
3.84362 10136 8688 0.060791 1.54072 2.40805 1.54072 2.40805 799 0 0.0390194
3.89661 11584 7240 0.0582193 1.09302 2.39016 1.09302 2.39016 804 0 0.0391507
3.95008 10136 8688 0.0632309 1.51648 2.37834 1.51648 2.37834 811 0 0.0390878
3.9508 11584 7240 0.060059 80.3373 2.39256 80.3373 2.39256 816 0 0.0391917
4.00464 10136 8688 0.0580591 1.50632 2.38065 1.50632 2.38065 823 0 0.038957
4.05847 11584 7240 0.0567192 1.07595 2.36334 1.07595 2.36334 828 0 0.0391223
4.11218 10136 8688 0.0616186 1.50969 2.35219 1.50969 2.35219 835 0 0.0390413
4.16529 11584 7240 0.0591038 1.09055 2.33611 1.09055 2.33611 840 0 0.0391696
4.21816 10136 8688 0.0637141 1.53371 2.32605 1.53371 2.32605 847 0 0.0391027
4.21888 11584 7240 0.0601776 80.3373 2.33938 80.3373 2.33938 852 0 0.0391946
4.27199 10136 8688 0.0578084 1.52677 2.32928 1.52677 2.32928 859 0 0.038952
4.32558 11584 7240 0.0565514 1.08077 2.31381 1.08077 2.31381 864 0 0.0391194
4.37941 10136 8688 0.0615061 1.50632 2.30388 1.50632 2.30388 871 0 0.0390382
4.43277 11584 7240 0.0589035 1.08564 2.28922 1.08564 2.28922 876 0 0.0391652
4.48576 10136 8688 0.063785 1.53023 2.28026 1.53023 2.28026 883 0 0.039105
4.48648 11584 7240 0.0602251 80.3373 2.2928 80.3373 2.2928 888 0 0.0391958
4.53959 10136 8688 0.0580453 1.52677 2.28384 1.52677 2.28384 895 0 0.0389567
4.59318 11584 7240 0.056505 1.08077 2.2698 1.08077 2.2698 900 0 0.0391186
4.64701 10136 8688 0.0616 1.50632 2.26096 1.50632 2.26096 907 0 0.0390408
4.70024 11584 7240 0.0590914 1.08809 2.24767 1.08809 2.24767 912 0 0.0391693
4.75323 10136 8688 0.0637058 1.53023 2.23968 1.53023 2.23968 919 0 0.0391025
4.75395 11584 7240 0.060172 80.3373 2.25152 80.3373 2.25152 924 0 0.0391945
4.80706 10136 8688 0.0579297 1.52677 2.24351 1.52677 2.24351 931 0 0.0389544
4.86066 11584 7240 0.0566326 1.08077 2.23069 1.08077 2.23069 936 0 0.0391208
4.91449 10136 8688 0.0614648 1.50632 2.22276 1.50632 2.22276 943 0 0.0390371
4.96772 11584 7240 0.0588758 1.08809 2.2106 1.08809 2.2106 948 0 0.0391646
5.02071 10136 8688 0.0636707 1.53023 2.20342 1.53023 2.20342 955 0 0.0391014
5.02143 11584 7240 0.0602579 80.3373 2.21464 80.3373 2.21464 960 0 0.0391966
5.07454 10136 8688 0.0580673 1.52677 2.20744 1.52677 2.20744 967 0 0.0389572
5.12813 11584 7240 0.0565197 1.08077 2.19566 1.08077 2.19566 972 0 0.0391189
5.18196 10136 8688 0.0614849 1.50632 2.1885 1.50632 2.1885 979 0 0.0390377
5.23519 11584 7240 0.0590143 1.08809 2.17731 1.08809 2.17731 984 0 0.0391676
5.28818 10136 8688 0.0637498 1.53023 2.17083 1.53023 2.17083 991 0 0.0391039
5.28891 11584 7240 0.0602015 80.3373 2.18148 80.3373 2.18148 996 0 0.0391952
5.34202 10136 8688 0.0579495 1.52677 2.17498 1.52677 2.17498 1003 0 0.0389548
5.39561 11584 7240 0.0566458 1.08077 2.16411 1.08077 2.16411 1008 0 0.0391211
5.44944 10136 8688 0.0614737 1.50632 2.15761 1.50632 2.15761 1015 0 0.0390374
5.50267 11584 7240 0.0588818 1.08809 2.14726 1.08809 2.14726 1020 0 0.0391647
5.55566 10136 8688 0.0636747 1.53023 2.14138 1.53023 2.14138 1027 0 0.0391015
5.55638 11584 7240 0.0602606 80.3373 2.15152 80.3373 2.15152 1032 0 0.0391966
5.60925 10136 8688 0.0579734 1.53371 2.1457 1.53371 2.1457 1039 0 0.0389553
5.6626 11584 7240 0.0564412 1.08564 2.13571 1.08564 2.13571 1044 0 0.0391176
5.71631 10136 8688 0.0613366 1.50969 2.12983 1.50969 2.12983 1051 0 0.0390337
5.76991 11584 7240 0.0587899 1.08077 2.12009 1.08077 2.12009 1056 0 0.0391627
5.8235 10136 8688 0.0638339 1.51308 2.1145 1.51308 2.1145 1063 0 0.0391065
5.82422 11584 7240 0.0604785 80.3373 2.12418 80.3373 2.12418 1068 0 0.039202
5.87769 10136 8688 0.0583401 1.51648 2.11866 1.51648 2.11866 1075 0 0.0389627
5.93116 11584 7240 0.0567025 1.0832 2.10932 1.0832 2.10932 1080 0 0.039122
5.98475 10136 8688 0.0616073 1.51308 2.10398 1.51308 2.10398 1087 0 0.039041
6.0381 11584 7240 0.0590006 1.08564 2.09498 1.08564 2.09498 1092 0 0.0391673
6.09145 10136 8688 0.06385 1.5199 2.08995 1.5199 2.08995 1099 0 0.039107
6.09217 11584 7240 0.0603937 80.3373 2.09921 80.3373 2.09921 1104 0 0.0391999
6.14553 10136 8688 0.0582833 1.5199 2.09418 1.5199 2.09418 1111 0 0.0389616
6.199 11584 7240 0.0565394 1.0832 2.08546 1.0832 2.08546 1116 0 0.0391192
6.25259 10136 8688 0.061498 1.51308 2.08055 1.51308 2.08055 1123 0 0.039038
6.3057 11584 7240 0.0588981 1.09055 2.07221 1.09055 2.07221 1128 0 0.0391651
6.35881 10136 8688 0.0635606 1.52677 2.06766 1.52677 2.06766 1135 0 0.0390979
6.35953 11584 7240 0.0602799 80.3373 2.07653 80.3373 2.07653 1140 0 0.0391971
6.41264 10136 8688 0.0579727 1.52677 2.07198 1.52677 2.07198 1147 0 0.0389553
6.46623 11584 7240 0.0564563 1.08077 2.06376 1.08077 2.06376 1152 0 0.0391178
6.52006 10136 8688 0.0615674 1.50632 2.05916 1.50632 2.05916 1159 0 0.0390399
6.57342 11584 7240 0.0590696 1.08564 2.05126 1.08564 2.05126 1164 0 0.0391689
6.62665 10136 8688 0.0636911 1.52333 2.04702 1.52333 2.04702 1171 0 0.039102
6.62737 11584 7240 0.0603966 80.3373 2.05553 80.3373 2.05553 1176 0 0.0392
6.68048 10136 8688 0.0580645 1.52677 2.05133 1.52677 2.05133 1183 0 0.0389571
6.73383 11584 7240 0.0565022 1.08564 2.04368 1.08564 2.04368 1188 0 0.0391186
6.78742 10136 8688 0.0614732 1.51308 2.03949 1.51308 2.03949 1195 0 0.0390373
6.84077 11584 7240 0.0587721 1.08564 2.03205 1.08564 2.03205 1200 0 0.0391624
6.89412 10136 8688 0.0638219 1.5199 2.02809 1.5199 2.02809 1207 0 0.0391061
6.89484 11584 7240 0.0603455 80.3373 2.03628 80.3373 2.03628 1212 0 0.0391987
6.94844 10136 8688 0.0581553 1.51308 2.03224 1.51308 2.03224 1219 0 0.0389589
7.00215 11584 7240 0.0567837 1.07835 2.02492 1.07835 2.02492 1224 0 0.0391235
7.05574 10136 8688 0.0616618 1.51308 2.02104 1.51308 2.02104 1231 0 0.0390425
7.10861 11584 7240 0.0589121 1.09551 2.01415 1.09551 2.01415 1236 0 0.0391654
7.16148 10136 8688 0.06357 1.53371 2.01061 1.53371 2.01061 1243 0 0.0390982
7.1622 11584 7240 0.0600811 80.3373 2.01849 80.3373 2.01849 1248 0 0.0391923
7.21531 10136 8688 0.0579781 1.52677 2.01487 1.52677 2.01487 1255 0 0.0389554
7.26914 11584 7240 0.0565693 1.07595 2.00792 1.07595 2.00792 1260 0 0.0391197
7.32321 10136 8688 0.0616431 1.49963 2.00416 1.49963 2.00416 1267 0 0.0390419
7.37657 11584 7240 0.0591203 1.08564 1.99752 1.08564 1.99752 1272 0 0.03917
7.42956 10136 8688 0.0638345 1.53023 1.99419 1.53023 1.99419 1279 0 0.0391065
7.43028 11584 7240 0.0603676 80.3373 2.00179 80.3373 2.00179 1284 0 0.0391993
7.48339 10136 8688 0.0580451 1.52677 1.99842 1.52677 1.99842 1291 0 0.0389567
7.53698 11584 7240 0.0564892 1.08077 1.99189 1.08077 1.99189 1296 0 0.0391184
7.59081 10136 8688 0.0614644 1.50632 1.98845 1.50632 1.98845 1303 0 0.0390371
7.64416 11584 7240 0.0590963 1.08564 1.98215 1.08564 1.98215 1308 0 0.0391694
7.69715 10136 8688 0.0638047 1.53023 1.97904 1.53023 1.97904 1315 0 0.0391056
7.69787 11584 7240 0.0602383 80.3373 1.98638 80.3373 1.98638 1320 0 0.0391961
7.75098 10136 8688 0.0578491 1.52677 1.98323 1.52677 1.98323 1327 0 0.0389528
7.80458 11584 7240 0.0565786 1.08077 1.97703 1.08077 1.97703 1332 0 0.0391199
7.85841 10136 8688 0.0615243 1.50632 1.97381 1.50632 1.97381 1339 0 0.0390387
7.91176 11584 7240 0.0589157 1.08564 1.96782 1.08564 1.96782 1344 0 0.0391655
7.96499 10136 8688 0.0636974 1.52333 1.96485 1.52333 1.96485 1351 0 0.0391022
7.96571 11584 7240 0.0603715 80.3373 1.97194 80.3373 1.97194 1356 0 0.0391994
8.01906 10136 8688 0.058159 1.5199 1.96893 1.5199 1.96893 1363 0 0.038959
8.07265 11584 7240 0.0567862 1.08077 1.96304 1.08077 1.96304 1368 0 0.0391235
8.12624 10136 8688 0.0615677 1.51308 1.96007 1.51308 1.96007 1375 0 0.0390399
8.17935 11584 7240 0.0589448 1.09055 1.95442 1.09055 1.95442 1380 0 0.0391661
8.23222 10136 8688 0.0636075 1.53371 1.95172 1.53371 1.95172 1387 0 0.0390994
8.23295 11584 7240 0.0601062 80.3373 1.95859 80.3373 1.95859 1392 0 0.0391929
8.28618 10136 8688 0.0578856 1.52333 1.95579 1.52333 1.95579 1399 0 0.0389535
8.33989 11584 7240 0.0566031 1.07835 1.95014 1.07835 1.95014 1404 0 0.0391203
8.39372 10136 8688 0.0615407 1.50632 1.94729 1.50632 1.94729 1411 0 0.0390392
8.44707 11584 7240 0.0590517 1.08564 1.94185 1.08564 1.94185 1416 0 0.0391685
8.49994 10136 8688 0.0637592 1.53371 1.93931 1.53371 1.93931 1423 0 0.0391042
8.50066 11584 7240 0.0602078 80.3373 1.94596 80.3373 1.94596 1428 0 0.0391953
8.55377 10136 8688 0.0579244 1.52677 1.94336 1.52677 1.94336 1435 0 0.0389543
8.60724 11584 7240 0.056629 1.0832 1.93801 1.0832 1.93801 1440 0 0.0391208
8.66108 10136 8688 0.0614487 1.50632 1.93533 1.50632 1.93533 1447 0 0.0390367
8.71443 11584 7240 0.0589901 1.08564 1.93013 1.08564 1.93013 1452 0 0.0391671
8.76766 10136 8688 0.0636379 1.52333 1.92766 1.52333 1.92766 1459 0 0.0391004
8.76838 11584 7240 0.0603609 80.3373 1.93411 80.3373 1.93411 1464 0 0.0391991
8.82173 10136 8688 0.0581363 1.5199 1.9316 1.5199 1.9316 1471 0 0.0389586
8.8752 11584 7240 0.0565659 1.0832 1.92649 1.0832 1.92649 1476 0 0.0391197
8.92903 10136 8688 0.0616408 1.50632 1.92396 1.50632 1.92396 1483 0 0.0390419
8.98238 11584 7240 0.0591188 1.08564 1.91898 1.08564 1.91898 1488 0 0.0391699
9.03549 10136 8688 0.0637241 1.52677 1.91667 1.52677 1.91667 1495 0 0.0391031
9.03622 11584 7240 0.0603093 80.3373 1.92293 80.3373 1.92293 1500 0 0.0391978
9.08933 10136 8688 0.058131 1.52677 1.92061 1.52677 1.92061 1507 0 0.0389584
9.14292 11584 7240 0.0565468 1.08077 1.91569 1.08077 1.91569 1512 0 0.0391194
9.19675 10136 8688 0.061503 1.50632 1.9133 1.50632 1.9133 1519 0 0.0390381
9.2501 11584 7240 0.0590264 1.08564 1.90852 1.08564 1.90852 1524 0 0.0391679
9.30321 10136 8688 0.0638673 1.52677 1.90634 1.52677 1.90634 1531 0 0.0391076
9.30393 11584 7240 0.0602802 80.3373 1.91242 80.3373 1.91242 1536 0 0.0391971
9.35704 10136 8688 0.0580022 1.52677 1.91023 1.52677 1.91023 1543 0 0.0389559
9.41063 11584 7240 0.0566812 1.08077 1.90551 1.08077 1.90551 1548 0 0.0391217
9.46447 10136 8688 0.0614973 1.50632 1.90324 1.50632 1.90324 1555 0 0.039038
9.51782 11584 7240 0.0588976 1.08564 1.89865 1.08564 1.89865 1560 0 0.0391651
9.57093 10136 8688 0.063781 1.52677 1.89659 1.52677 1.89659 1567 0 0.0391049
9.57165 11584 7240 0.0603181 80.3373 1.9025 80.3373 1.9025 1572 0 0.0391981
9.62476 10136 8688 0.0579983 1.52677 1.90043 1.52677 1.90043 1579 0 0.0389558
9.67835 11584 7240 0.0565828 1.08077 1.89589 1.08077 1.89589 1584 0 0.03912
9.73218 10136 8688 0.0615272 1.50632 1.89373 1.50632 1.89373 1591 0 0.0390388
9.78553 11584 7240 0.0590426 1.08564 1.88933 1.08564 1.88933 1596 0 0.0391683
9.83864 10136 8688 0.0637825 1.52677 1.88737 1.52677 1.88737 1603 0 0.0391049
9.83936 11584 7240 0.0603328 80.3373 1.89312 80.3373 1.89312 1608 0 0.0391984
9.89248 10136 8688 0.0580218 1.52677 1.89115 1.52677 1.89115 1615 0 0.0389562
9.94595 11584 7240 0.0564736 1.0832 1.88681 1.0832 1.88681 1620 0 0.0391181
9.99954 10136 8688 0.061454 1.51308 1.8848 1.51308 1.8848 1627 0 0.0390368
10 5792 7240 0.0597069 72.3036 1.88819 72.3036 1.88819 1630 0 0.03923
10.0529 7240 4344 0.0588686 0 1.87826 0 1.87826 1630 0 0.0395468
10.0531 8688 4344 0.05826 96.4048 1.88052 96.4048 1.88052 1632 0 0.039534
10.1233 10136 5792 0.0664775 0.494994 1.87091 0.494994 1.87091 1635 0 0.0395787
10.1238 11584 7240 0.0674125 120.506 1.87654 120.506 1.87654 1640 0 0.0394232
10.1701 13032 8688 0.0604697 1.75154 1.87597 1.75154 1.87597 1647 0 0.0390113
10.2103 14480 10136 0.0546174 2.01877 1.87653 2.01877 1.87653 1654 0 0.0387096
10.2518 15928 11584 0.0531778 2.5128 1.87911 2.5128 1.87911 1663 0 0.038503
10.2951 17376 13032 0.0488022 2.40825 1.88133 2.40825 1.88133 1672 0 0.0382877
10.3393 18824 14480 0.0517424 2.87948 1.88561 2.87948 1.88561 1683 0 0.0381125
10.3405 20272 15928 0.0481762 106.045 1.89771 106.045 1.89771 1694 0 0.0379103
10.3858 23168 17376 0.0466049 3.32184 1.90393 3.32184 1.90393 1707 0 0.037742
10.4313 26064 20272 0.0461758 3.56791 1.91118 3.56791 1.91118 1721 0 0.0373694
10.4813 28960 23168 0.0478337 3.70788 1.91975 3.70788 1.91975 1737 0 0.0369939
10.535 30408 26064 0.0505883 3.88207 1.92975 3.88207 1.92975 1755 0 0.0366128
10.5879 31856 27512 0.0527399 4.16293 1.9409 4.16293 1.9409 1774 0 0.0364441
10.6371 30408 28960 0.0579151 4.93781 1.95478 4.93781 1.95478 1795 0 0.036336
10.6835 31856 27512 0.0514582 4.74531 1.9669 4.74531 1.9669 1814 0 0.0364336
10.7294 33304 28960 0.0532206 5.29974 1.98115 5.29974 1.98115 1835 0 0.0362649
10.7318 37648 30408 0.0480324 101.225 2.00338 101.225 2.00338 1856 0 0.0361008
10.7799 41992 34752 0.0481403 6.0253 2.02131 6.0253 2.02131 1881 0 0.035553
10.8302 44888 39096 0.0500395 6.21224 2.04079 6.21224 2.04079 1908 0 0.0349845
10.8811 46336 41992 0.0527432 6.83722 2.0632 6.83722 2.0632 1938 0 0.0346253
10.9313 47784 43440 0.0527786 7.14964 2.08657 7.14964 2.08657 1969 0 0.0344463
10.9802 52128 44888 0.0497295 7.34287 2.10998 7.34287 2.10998 2000 0 0.0342942
11.0285 55024 49232 0.0509113 8.39345 2.1375 8.39345 2.1375 2035 0 0.0337368
11.0773 60816 52128 0.049137 8.54821 2.16574 8.54821 2.16574 2071 0 0.033446
11.1268 66608 57920 0.0494904 9.35969 2.19774 9.35969 2.19774 2111 0 0.0327455
11.1769 72400 63712 0.0501375 10.1722 2.23349 10.1722 2.23349 2155 0 0.0320538
11.227 78192 69504 0.0506738 11.097 2.27305 11.097 2.27305 2203 0 0.0313699
11.2767 83984 75296 0.0504814 12.1088 2.31644 12.1088 2.31644 2255 0 0.0306898
11.3264 91224 81088 0.050268 13.0718 2.36357 13.0718 2.36357 2311 0 0.0300696
11.3761 98464 88328 0.0502012 14.2046 2.41534 14.2046 2.41534 2372 0 0.0292403
11.4263 99912 95568 0.0554756 15.4524 2.47265 15.4524 2.47265 2439 0 0.0283341
11.4771 107152 97016 0.0510329 15.306 2.52935 15.306 2.52935 2506 0 0.0282651
11.5276 105704 104256 0.0563968 16.7163 2.59161 16.7163 2.59161 2579 0 0.0273832
11.5363 112944 102808 0.0514387 95.0658 2.66096 95.0658 2.66096 2650 0 0.0276241
11.5869 121632 110048 0.050721 17.6322 2.72632 17.6322 2.72632 2727 0 0.0268896
11.6381 128872 118736 0.0514756 18.5568 2.79595 18.5568 2.79595 2809 0 0.0258927
11.6901 134664 125976 0.0523089 19.37 2.86972 19.37 2.86972 2896 0 0.0250783
11.7424 140456 131768 0.0526433 20.3891 2.9477 20.3891 2.9477 2988 0 0.0244749
11.7946 146248 137560 0.0525503 21.2755 3.02892 21.2755 3.02892 3084 0 0.0238751
11.8471 152040 143352 0.0528071 22.0606 3.11328 22.0606 3.11328 3184 0 0.023286
11.8998 157832 149144 0.0530137 22.8906 3.20075 22.8906 3.20075 3288 0 0.022704
11.9529 162176 154936 0.0533121 23.5559 3.29119 23.5559 3.29119 3396 0 0.0220897
12.0064 166520 159280 0.0537887 24.047 3.38363 24.047 3.38363 3507 0 0.0216675
12.0598 170864 163624 0.0536906 24.4803 3.47717 24.4803 3.47717 3620 0 0.021243
12.1126 176656 167968 0.0530837 25.6933 3.57392 25.6933 3.57392 3737 0 0.0208581
12.1655 182448 173760 0.053113 26.2922 3.67265 26.2922 3.67265 3857 0 0.0203061
12.2189 186792 179552 0.0535991 26.8634 3.77414 26.8634 3.77414 3981 0 0.0197256
12.2728 189688 183896 0.0541391 27.329 3.87746 27.329 3.87746 4108 0 0.019299
12.3261 195480 186792 0.053648 28.2266 3.98285 28.2266 3.98285 4238 0 0.0190963
12.3798 199824 192584 0.054082 28.8999 4.09095 28.8999 4.09095 4372 0 0.0185325
12.4342 201272 196928 0.0548459 29.1555 4.20068 29.1555 4.20068 4509 0 0.0181046
12.4886 204168 198376 0.0545077 29.22 4.30948 29.22 4.30948 4646 0 0.0179881
12.5426 207064 201272 0.0543804 29.9926 4.42021 29.9926 4.42021 4786 0 0.0177289
12.5969 208512 204168 0.0546062 30.2865 4.53173 30.2865 4.53173 4928 0 0.0174587
12.6519 209960 205616 0.0552198 30.1661 4.64299 30.1661 4.64299 5071 0 0.01734
12.7062 212856 207064 0.0545668 30.4997 4.75352 30.4997 4.75352 5214 0 0.0172218
12.7604 214304 209960 0.0546252 31.2086 4.86587 31.2086 4.86587 5360 0 0.0169532
12.8148 215752 211408 0.0548012 31.2837 4.97808 31.2837 4.97808 5507 0 0.0168303
12.8696 217200 212856 0.0550001 31.0779 5.0892 31.0779 5.0892 5654 0 0.0167082
12.9244 218648 214304 0.0551722 31.5007 5.20117 31.5007 5.20117 5803 0 0.0165863
12.9792 220096 215752 0.0550384 31.5007 5.3122 31.5007 5.3122 5952 0 0.0164605
13.0342 221544 217200 0.0555185 31.7841 5.42397 31.7841 5.42397 6103 0 0.0163441
13.089 222992 218648 0.0551376 31.9235 5.5349 31.9235 5.5349 6254 0 0.0162156
13.1437 224440 220096 0.0550637 32.4174 5.64672 32.4174 5.64672 6407 0 0.0160921
13.1987 225888 221544 0.0552549 32.2051 5.75746 32.2051 5.75746 6560 0 0.0159728
13.2539 227336 222992 0.0555462 32.555 5.86897 32.555 5.86897 6715 0 0.0158556
13.3091 228784 224440 0.0555086 32.4842 5.97951 32.4842 5.97951 6870 0 0.0157339
13.3644 227336 225888 0.0558458 32.9034 6.09086 32.9034 6.09086 7027 0 0.0156185
13.4191 228784 224440 0.0549509 32.8412 6.19985 32.8412 6.19985 7182 0 0.0157258
13.474 230232 225888 0.0554272 33.1194 6.30956 33.1194 6.30956 7339 0 0.0156121
13.5289 231680 227336 0.0550552 33.1194 6.41838 33.1194 6.41838 7496 0 0.0154865
13.5838 233128 228784 0.055472 33.5413 6.52803 33.5413 6.52803 7655 0 0.0153729
13.6391 234576 230232 0.0554837 33.3225 6.63661 33.3225 6.63661 7814 0 0.0152539
13.6944 233128 231680 0.0559641 33.7417 6.74601 33.7417 6.74601 7975 0 0.0151425
13.7489 234576 230232 0.0547639 33.7629 6.85321 33.7629 6.85321 8134 0 0.0152436
13.8032 236024 231680 0.0550101 34.3389 6.96136 34.3389 6.96136 8295 0 0.0151283
13.8578 237472 233128 0.0548017 34.1876 7.06854 34.1876 7.06854 8456 0 0.0150071
13.9119 238920 234576 0.0547396 34.92 7.17679 34.92 7.17679 8619 0 0.0148884
13.9662 241816 236024 0.0545392 34.7654 7.28408 34.7654 7.28408 8782 0 0.0147859
14.0208 243264 238920 0.055416 35.1719 7.39283 35.1719 7.39283 8948 0 0.0145474
14.0759 241816 240368 0.055721 35.152 7.50136 35.152 7.50136 9115 0 0.014436
14.1308 243264 238920 0.0551926 34.807 7.60747 34.807 7.60747 9280 0 0.0145441
14.1861 240368 240368 0.0560417 34.9991 7.7142 34.9991 7.7142 9447 0 0.0144585
14.2416 238920 237472 0.0557825 34.2216 7.81752 34.2216 7.81752 9611 0 0.0146693
14.2964 240368 236024 0.0550641 34.4605 7.91963 34.4605 7.91963 9774 0 0.0147756
14.3512 238920 237472 0.0558009 34.8833 8.02258 34.8833 8.02258 9939 0 0.0146696
14.4062 240368 236024 0.0552941 34.31 8.123 34.31 8.123 10102 0 0.0147789
14.4611 237472 237472 0.056141 34.807 8.22433 34.807 8.22433 10267 0 0.0146925
14.5164 238920 234576 0.0554711 33.9513 8.32229 33.9513 8.32229 10429 0 0.0148988
14.5718 240368 236024 0.0556101 34.0867 8.42023 34.0867 8.42023 10592 0 0.0147836
14.6273 234576 237472 0.0569625 34.4303 8.51895 34.4303 8.51895 10757 0 0.0147765
14.6823 236024 231680 0.0554217 33.6785 8.61325 33.6785 8.61325 10917 0 0.0151342
14.7369 237472 233128 0.0546963 34.1876 8.70792 34.1876 8.70792 11078 0 0.0150057
14.7919 233128 234576 0.0566478 34.31 8.80317 34.31 8.80317 11241 0 0.0149644
14.8475 231680 230232 0.0557632 33.1066 8.89424 33.1066 8.89424 11400 0 0.0152581
14.9028 225888 228784 0.0572489 33.3225 8.98484 33.3225 8.98484 11559 0 0.01549
14.9577 227336 222992 0.0552008 32.4865 9.07112 32.4865 9.07112 11713 0 0.0158505
15.0125 228784 224440 0.0548556 32.7692 9.15762 32.7692 9.15762 11868 0 0.0157245
15.0678 221544 225888 0.0576457 32.9034 9.24472 32.9034 9.24472 12025 0 0.0157897
15.1234 222992 218648 0.0556853 31.4409 9.32638 31.4409 9.32638 12176 0 0.0162237
15.1782 214304 220096 0.057953 32.3463 9.40948 32.3463 9.40948 12329 0 0.0163451
15.2333 215752 211408 0.0552346 30.7317 9.48651 30.7317 9.48651 12475 0 0.0168364
15.2876 218648 212856 0.05455 31.3529 9.56419 31.3529 9.56419 12622 0 0.0167196
15.3426 208512 215752 0.0584192 31.5736 9.64314 31.5736 9.64314 12772 0 0.0167991
15.398 198376 205616 0.0589372 29.9043 9.71603 29.9043 9.71603 12915 0 0.0176871
15.4524 199824 195480 0.0548161 28.7299 9.78301 28.7299 9.78301 13050 0 0.0182341
15.5065 192584 196928 0.0581472 29.3499 9.85124 29.3499 9.85124 13187 0 0.0183005
15.5611 195480 189688 0.0543351 27.8172 9.91422 27.8172 9.91422 13318 0 0.0187696
15.6156 185344 192584 0.0591157 28.4543 9.97899 28.4543 9.97899 13452 0 0.018852
15.6705 173760 182448 0.0599264 26.7908 10.0379 26.7908 10.0379 13579 0 0.0198872
15.6857 176656 170864 0.054164 90.2839 10.1154 90.2839 10.1154 13697 0 0.0205233
15.739 181000 173760 0.0536645 26.0553 10.1694 26.0553 10.1694 13817 0 0.0202712
15.7927 185344 178104 0.053908 26.5275 10.225 26.5275 10.225 13940 0 0.0198647
15.8475 186792 182448 0.0551011 26.8496 10.2825 26.8496 10.2825 14067 0 0.0194284
15.9025 188240 183896 0.055236 26.7323 10.3394 26.7323 10.3394 14194 0 0.0192962
15.9579 189688 185344 0.0555273 26.9766 10.3972 26.9766 10.3972 14323 0 0.0191669
16.0127 191136 186792 0.055087 27.2724 10.4549 27.2724 10.4549 14452 0 0.0190273
16.0674 192584 188240 0.054845 27.7561 10.5138 27.7561 10.5138 14583 0 0.0188912
16.1222 194032 189688 0.0550013 27.6952 10.5722 27.6952 10.5722 14714 0 0.0187611
16.1775 195480 191136 0.0556026 27.8736 10.6313 27.8736 10.6313 14847 0 0.018638
16.2323 196928 192584 0.0551138 28.1181 10.6903 28.1181 10.6903 14980 0 0.0184995
16.2872 198376 194032 0.0550872 28.4784 10.7503 28.4784 10.7503 15115 0 0.0183683
16.3422 199824 195480 0.055355 28.4163 10.8098 28.4163 10.8098 15250 0 0.0182417
16.3972 201272 196928 0.0553933 28.8372 10.8703 28.8372 10.8703 15387 0 0.0181124
16.4522 202720 198376 0.0550489 28.9003 10.9305 28.9003 10.9305 15524 0 0.0179779
16.5072 204168 199824 0.0553386 29.2582 10.9916 29.2582 10.9916 15663 0 0.0178531
16.5622 205616 201272 0.0553551 29.2582 11.0523 29.2582 11.0523 15802 0 0.0177248
16.6174 207064 202720 0.0554371 29.6145 11.1139 29.6145 11.1139 15943 0 0.017598
16.6717 209960 204168 0.0545644 30.0732 11.1757 30.0732 11.1757 16084 0 0.0174756
16.7262 211408 207064 0.054872 30.5777 11.2389 30.5777 11.2389 16228 0 0.0172085
16.7804 214304 208512 0.0543477 30.9949 11.3027 30.9949 11.3027 16373 0 0.0170928
16.835 215752 211408 0.0547867 31.0024 11.3666 31.0024 11.3666 16519 0 0.0168301
16.8898 217200 212856 0.0550051 31.0779 11.4305 31.0779 11.4305 16666 0 0.0167083
16.9448 218648 214304 0.0552185 31.3631 11.4953 31.3631 11.4953 16815 0 0.016587
16.9998 220096 215752 0.0552141 31.3631 11.5596 31.3631 11.5596 16964 0 0.016463
17.0552 218648 217200 0.0557427 31.5773 11.6246 31.5773 11.6246 17115 0 0.0163475
17.1103 220096 215752 0.0552681 31.3631 11.6881 31.3631 11.6881 17264 0 0.0164638
17.1651 221544 217200 0.0550198 31.9235 11.7527 31.9235 11.7527 17415 0 0.0163369
17.2199 222992 218648 0.0550153 31.9235 11.8169 31.9235 11.8169 17566 0 0.0162139
17.2749 224440 220096 0.055236 32.2051 11.8818 32.2051 11.8818 17719 0 0.0160945
17.33 225888 221544 0.0554506 32.1349 11.9463 32.1349 11.9463 17872 0 0.0159757
17.3851 227336 222992 0.0553152 32.6261 12.0117 32.6261 12.0117 18027 0 0.0158521
17.4404 228784 224440 0.0555726 32.4842 12.0766 32.4842 12.0766 18182 0 0.0157349
17.4961 227336 225888 0.056016 32.6197 12.1421 32.6197 12.1421 18339 0 0.0156212
17.5509 228784 224440 0.0550297 32.7692 12.2065 32.7692 12.2065 18494 0 0.0157269
17.6061 230232 225888 0.0554689 32.9751 12.2715 32.9751 12.2715 18651 0 0.0156127
17.6611 231680 227336 0.0553123 33.0471 12.3363 33.0471 12.3363 18808 0 0.0154902
17.7165 230232 228784 0.0557879 33.2502 12.4017 33.2502 12.4017 18967 0 0.0153777
17.772 231680 227336 0.0556105 32.7609 12.4653 32.7609 12.4653 19124 0 0.0154947
17.8275 230232 228784 0.0558243 33.1783 12.5298 33.1783 12.5298 19283 0 0.0153783
17.8824 231680 227336 0.0550752 33.1194 12.593 33.1194 12.593 19440 0 0.0154868
17.9372 233128 228784 0.0550961 33.6148 12.6572 33.6148 12.6572 19599 0 0.0153674
17.9915 236024 230232 0.0546311 33.9123 12.7214 33.9123 12.7214 19758 0 0.0152593
18.0466 237472 233128 0.0552577 34.0995 12.7866 34.0995 12.7866 19920 0 0.0150135
18.1014 238920 234576 0.0550463 34.4605 12.8522 34.4605 12.8522 20083 0 0.0148927
18.1567 240368 236024 0.0556692 34.0867 12.9169 34.0867 12.9169 20246 0 0.0147845
18.2117 241816 237472 0.0551055 34.807 12.9829 34.807 12.9829 20411 0 0.0146593
18.2669 243264 238920 0.0554551 34.58 13.0483 34.58 13.0483 20576 0 0.0145479
18.3224 241816 240368 0.0558268 34.8476 13.1143 34.8476 13.1143 20743 0 0.0144377
18.3772 243264 238920 0.0551184 34.8833 13.1793 34.8833 13.1793 20908 0 0.014543
18.4322 244712 240368 0.0550937 35.2289 13.2449 35.2289 13.2449 21075 0 0.0144267
18.4874 246160 241816 0.0555806 34.9991 13.31 34.9991 13.31 21242 0 0.0143184
18.5429 244712 243264 0.0557672 35.265 13.3757 35.265 13.3757 21411 0 0.0142062
18.5987 241816 241816 0.0559962 34.6974 13.4396 34.6974 13.4396 21578 0 0.0143423
18.6537 243264 238920 0.0553711 34.9415 13.5031 34.9415 13.5031 21744 0 0.0145467
18.7086 244712 240368 0.0551234 35.2289 13.5668 35.2289 13.5668 21911 0 0.0144271
18.7634 246160 241816 0.0550008 35.3061 13.6303 35.3061 13.6303 22078 0 0.0143099
18.819 244712 243264 0.0557737 35.265 13.6941 35.265 13.6941 22247 0 0.0142063
18.8745 243264 241816 0.0557875 34.8476 13.7564 34.8476 13.7564 22414 0 0.0143216
18.9299 244712 240368 0.0556571 34.9232 13.8183 34.9232 13.8183 22581 0 0.014435
18.9848 246160 241816 0.0551774 35.2289 13.8802 35.2289 13.8802 22748 0 0.0143124
19.0403 244712 243264 0.0558493 35.265 13.9426 35.265 13.9426 22917 0 0.0142075
19.0957 246160 241816 0.0555607 34.9232 14.0034 34.9232 14.0034 23084 0 0.0143181
19.1512 244712 243264 0.0558459 35.265 14.0651 35.265 14.0651 23253 0 0.0142074
19.2067 243264 241816 0.055815 34.8476 14.1251 34.8476 14.1251 23420 0 0.014322
19.2622 241816 240368 0.0558735 34.8476 14.1849 34.8476 14.1849 23587 0 0.0144384
19.3168 243264 238920 0.0548481 35.037 14.2437 35.037 14.2437 23752 0 0.0145393
19.3718 244712 240368 0.0553329 35.152 14.3031 35.152 14.3031 23919 0 0.0144302
19.4267 246160 241816 0.0551054 35.2289 14.3623 35.2289 14.3623 24086 0 0.0143114
19.4825 243264 243264 0.0561334 35.113 14.4217 35.113 14.4217 24255 0 0.0142295
19.5383 240368 240368 0.0561273 34.4155 14.4789 34.4155 14.4789 24421 0 0.0144599
19.5935 241816 237472 0.055493 34.4453 14.5351 34.4453 14.5351 24585 0 0.0146649
19.6478 244712 238920 0.0544682 35.192 14.5922 35.192 14.5922 24750 0 0.0145517
19.7024 246160 241816 0.0550286 35.674 14.6505 35.674 14.6505 24918 0 0.0143103
19.7574 247608 243264 0.0554795 35.5729 14.7088 35.5729 14.7088 25087 0 0.0142018
19.8126 249056 244712 0.0554406 35.4954 14.7667 35.4954 14.7667 25256 0 0.0140867
19.8678 247608 246160 0.055709 35.8374 14.8253 35.8374 14.8253 25427 0 0.0139767
19.9229 249056 244712 0.0552346 35.5729 14.8826 35.5729 14.8826 25596 0 0.0140837
19.9779 250504 246160 0.055528 35.9939 14.9408 35.9939 14.9408 25767 0 0.0139739
20.0284 5792 247608 0.0552049 30.5282 14.98 30.5282 14.98 25900 0 0.180194
20.0887 205616 2896 0.060382 0.575804 14.9368 0.575804 14.9368 25903 0 0.150684
20.1292 238920 202720 0.0539844 41.1597 14.9896 41.1597 14.9896 26047 0 0.0206536
20.1738 237472 236024 0.0540464 42.3557 15.05 42.3557 15.05 26210 0 0.0147622
20.2277 243264 234576 0.0520403 35.0759 15.1033 35.0759 15.1033 26373 0 0.0149467
20.2471 244712 240368 0.0537517 98.7852 15.1838 98.7852 15.1838 26539 0 0.0144095
20.3046 230232 241816 0.0577751 33.6812 15.2361 33.6812 15.2361 26706 0 0.0149331
20.4018 198376 227336 0.0642302 18.8281 15.2532 18.8281 15.2532 26864 0 0.0185133
20.4575 176656 195480 0.0617629 28.2566 15.2887 28.2566 15.2887 27000 0 0.0196817
20.5111 165072 173760 0.0579818 26.1547 15.317 26.1547 15.317 27121 0 0.0206591
20.5255 169416 162176 0.0519741 89.9778 15.3695 89.9778 15.3695 27233 0 0.0213671
20.5776 172312 166520 0.0522292 25.604 15.3954 25.604 15.3954 27348 0 0.0209195
20.6325 167968 169416 0.0551254 24.8923 15.4207 24.8923 15.4207 27466 0 0.0207035
20.6894 159280 165072 0.0571883 23.3893 15.4426 23.3893 15.4426 27581 0 0.0213121
20.7466 150592 156384 0.0574434 21.8734 15.4603 21.8734 15.4603 27689 0 0.022165
20.8035 143352 147696 0.0570925 20.7892 15.4749 20.7892 15.4749 27791 0 0.0229593
20.8596 137560 140456 0.0563605 20.0241 15.4871 20.0241 15.4871 27888 0 0.0236276
20.9599 123080 134664 0.0619265 10.8528 15.4649 10.8528 15.4649 27982 0 0.0248361
21.0163 110048 120184 0.0612754 17.2665 15.4698 17.2665 15.4698 28066 0 0.0262284
21.073 98464 107152 0.0611848 15.3186 15.4694 15.3186 15.4694 28141 0 0.0275354
21.0819 95568 95568 0.0557416 85.9827 15.4991 85.9827 15.4991 28207 0 0.0283556
21.1368 92672 92672 0.0551804 13.5009 15.4939 13.5009 15.4939 28271 0 0.0286728
21.1924 89776 89776 0.0558256 12.9095 15.4871 12.9095 15.4871 28333 0 0.0290099
21.2491 85432 86880 0.0569437 12.2548 15.4785 12.2548 15.4785 28393 0 0.0293871
21.3067 81088 82536 0.0578404 11.472 15.4677 11.472 15.4677 28450 0 0.0299014
21.4163 69504 78192 0.0649628 5.81389 15.4183 5.81389 15.4183 28505 0 0.0309142
21.4228 65160 66608 0.0581892 82.1226 15.4385 82.1226 15.4385 28551 0 0.0317681
21.4792 62264 62264 0.0567239 8.82001 15.4211 8.82001 15.4211 28594 0 0.0322283
21.5873 55024 59368 0.0631421 4.50389 15.3664 4.50389 15.3664 28636 0 0.0328508
21.6458 47784 52128 0.0639856 7.32439 15.3447 7.32439 15.3447 28673 0 0.0337527
21.6501 43440 44888 0.058554 83.0152 15.3582 83.0152 15.3582 28704 0 0.0344026
21.7629 37648 40544 0.0651038 2.97736 15.294 2.97736 15.294 28733 0 0.0351625
21.7663 34752 34752 0.0595698 82.6327 15.3044 82.6327 15.3044 28757 0 0.0356577
21.823 33304 31856 0.0575176 4.49344 15.2763 4.49344 15.2763 28779 0 0.0359617
21.8799 31856 30408 0.0571191 4.28013 15.2478 4.28013 15.2478 28800 0 0.0361373
21.9379 28960 28960 0.0597058 4.19151 15.2185 4.19151 15.2185 28821 0 0.0363922
21.9958 27512 26064 0.0585816 3.60018 15.1879 3.60018 15.1879 28839 0 0.0367181
22.0536 26064 24616 0.0581749 3.40724 15.1571 3.40724 15.1571 28856 0 0.0368945
22.1124 23168 23168 0.0611572 3.3515 15.1257 3.3515 15.1257 28873 0 0.037167
22.173 20272 20272 0.061054 2.67261 15.0916 2.67261 15.0916 28887 0 0.0375364
22.2329 18824 17376 0.0604139 2.32301 15.0572 2.32301 15.0572 28899 0 0.0378767
22.292 17376 15928 0.0599166 2.15539 15.023 2.15539 15.023 28910 0 0.0380523
22.351 14480 14480 0.0633282 2.15978 14.9891 2.15978 14.9891 28921 0 0.0383509
22.4107 13032 11584 0.0616233 1.55179 14.9533 1.55179 14.9533 28929 0 0.0386618
22.4713 11584 10136 0.0613654 1.33896 14.9166 1.33896 14.9166 28936 0 0.0388444
22.5326 10136 8688 0.0664437 1.3232 14.8796 1.3232 14.8796 28943 0 0.039196
22.5935 11584 7240 0.0647425 0.950738 14.8421 0.950738 14.8421 28948 0 0.0393266
22.6549 10136 8688 0.0693451 1.32061 14.8054 1.32061 14.8054 28955 0 0.0393114
22.7166 11584 7240 0.0669206 0.93779 14.7677 0.93779 14.7677 28960 0 0.0394043
22.7785 10136 8688 0.0719683 1.31036 14.7311 1.31036 14.7311 28967 0 0.0394303
22.8408 11584 7240 0.0687874 0.930548 14.6935 0.930548 14.6935 28972 0 0.0394784
22.9034 10136 8688 0.0745021 1.29527 14.6569 1.29527 14.6569 28979 0 0.0395582
22.9041 11584 7240 0.0705961 80.3373 14.659 80.3373 14.659 28984 0 0.0395569
22.9668 10136 8688 0.0680888 1.29278 14.6225 1.29278 14.6225 28991 0 0.0392594
23.0297 11584 7240 0.0664091 0.921652 14.5851 0.921652 14.5851 28996 0 0.0393852
23.0926 10136 8688 0.0720651 1.28785 14.5488 1.28785 14.5488 29003 0 0.0394349
23.156 11584 7240 0.0691823 0.914656 14.5115 0.914656 14.5115 29008 0 0.039495
23.2195 10136 8688 0.0752217 1.27568 14.4753 1.27568 14.4753 29015 0 0.0395968
23.2202 11584 7240 0.0714083 80.3373 14.4774 80.3373 14.4774 29020 0 0.0395943
23.2839 10136 8688 0.068963 1.27327 14.4412 1.27327 14.4412 29027 0 0.0392953
23.3475 11584 7240 0.0673248 0.911198 14.4044 0.911198 14.4044 29032 0 0.0394198
23.4109 10136 8688 0.0728836 1.27809 14.3688 1.27809 14.3688 29039 0 0.039475
23.4746 11584 7240 0.0699513 0.909479 14.3323 0.909479 14.3323 29044 0 0.0395282
23.5387 10136 8688 0.0758619 1.2661 14.2968 1.2661 14.2968 29051 0 0.0396321
23.5394 11584 7240 0.0720559 80.3373 14.2988 80.3373 14.2988 29056 0 0.039625
23.6035 10136 8688 0.0696019 1.26373 14.2634 1.26373 14.2634 29063 0 0.0393225
23.6671 11584 7240 0.0676435 0.911198 14.2275 0.911198 14.2275 29068 0 0.0394322
23.7304 10136 8688 0.0733315 1.28052 14.1929 1.28052 14.1929 29075 0 0.0394975
23.7941 11584 7240 0.0700463 0.909479 14.1574 0.909479 14.1574 29080 0 0.0395324
23.8582 10136 8688 0.0760505 1.2661 14.1228 1.2661 14.1228 29087 0 0.0396426
23.8589 11584 7240 0.0720729 80.3373 14.1248 80.3373 14.1248 29092 0 0.0396258
23.9235 10136 8688 0.0697383 1.25434 14.09 1.25434 14.09 29099 0 0.0393284
23.9883 11584 7240 0.0681743 0.894293 14.0544 0.894293 14.0544 29104 0 0.0394533
24.0523 10136 8688 0.0740015 1.2661 14.0203 1.2661 14.0203 29111 0 0.0395319
24.116 11584 7240 0.0707002 0.909479 13.9857 0.909479 13.9857 29116 0 0.0395616
24.1797 10136 8688 0.0763636 1.27327 13.9522 1.27327 13.9522 29123 0 0.0396603
24.1804 11584 7240 0.072187 80.3373 13.9542 80.3373 13.9542 29128 0 0.0396313
24.2448 10136 8688 0.0696897 1.25902 13.9205 1.25902 13.9205 29135 0 0.0393263
24.3098 11584 7240 0.0681417 0.890987 13.8856 0.890987 13.8856 29140 0 0.039452
24.3749 10136 8688 0.0742004 1.24738 13.8519 1.24738 13.8519 29147 0 0.0395423
24.4396 11584 7240 0.0712593 0.894293 13.8176 0.894293 13.8176 29152 0 0.0395873
24.504 10136 8688 0.0771932 1.25902 13.7846 1.25902 13.7846 29159 0 0.0397081
24.5047 11584 7240 0.0730435 80.3373 13.7865 80.3373 13.7865 29164 0 0.0396735
24.5689 10136 8688 0.0700584 1.26373 13.7538 1.26373 13.7538 29171 0 0.0393424
24.6334 11584 7240 0.0683888 0.897624 13.7202 0.897624 13.7202 29176 0 0.039462
24.698 10136 8688 0.0740358 1.25667 13.6876 1.25667 13.6876 29183 0 0.0395337
24.7627 11584 7240 0.0710533 0.894293 13.6541 0.894293 13.6541 29188 0 0.0395778
24.8274 10136 8688 0.0770552 1.25434 13.6219 1.25434 13.6219 29195 0 0.0397
24.8281 11584 7240 0.0730761 80.3373 13.6238 80.3373 13.6238 29200 0 0.0396751
24.8927 10136 8688 0.0704103 1.25434 13.5917 1.25434 13.5917 29207 0 0.039358
24.9573 11584 7240 0.0685288 0.897624 13.5588 0.897624 13.5588 29212 0 0.0394677
25.0217 10136 8688 0.074239 1.25902 13.5272 1.25902 13.5272 29219 0 0.0395443
25.0862 11584 7240 0.0710937 0.897624 13.4947 0.897624 13.4947 29224 0 0.0395796
25.1507 10136 8688 0.0769573 1.25667 13.4633 1.25667 13.4633 29231 0 0.0396943
25.1514 11584 7240 0.0729148 80.3373 13.4652 80.3373 13.4652 29236 0 0.0396671
25.2161 10136 8688 0.0703023 1.25434 13.4339 1.25434 13.4339 29243 0 0.0393532
25.2809 11584 7240 0.0685521 0.894293 13.4018 0.894293 13.4018 29248 0 0.0394687
25.3453 10136 8688 0.0743796 1.25902 13.3709 1.25902 13.3709 29255 0 0.0395517
25.4096 11584 7240 0.0710492 0.900979 13.3394 0.900979 13.3394 29260 0 0.0395776
25.474 10136 8688 0.0768318 1.25902 13.3088 1.25902 13.3088 29267 0 0.0396871
25.4747 11584 7240 0.0728014 80.3373 13.3107 80.3373 13.3107 29272 0 0.0396614
25.5392 10136 8688 0.0701169 1.25667 13.2803 1.25667 13.2803 29279 0 0.039345
25.604 11584 7240 0.068428 0.894293 13.249 0.894293 13.249 29284 0 0.0394636
25.6686 10136 8688 0.0742965 1.25434 13.2187 1.25434 13.2187 29291 0 0.0395473
25.7334 11584 7240 0.0712279 0.894293 13.1877 0.894293 13.1877 29296 0 0.0395859
25.798 10136 8688 0.0771722 1.25434 13.1578 1.25434 13.1578 29303 0 0.0397068
25.7988 11584 7240 0.0731544 80.3373 13.1597 80.3373 13.1597 29308 0 0.0396791
25.8634 10136 8688 0.0703671 1.25434 13.1299 1.25434 13.1299 29315 0 0.0393561
25.9279 11584 7240 0.0684706 0.897624 13.0995 0.897624 13.0995 29320 0 0.0394654
25.9924 10136 8688 0.074325 1.25667 13.0701 1.25667 13.0701 29327 0 0.0395488
26.057 11584 7240 0.0710126 0.897624 13.04 0.897624 13.04 29332 0 0.0395759
26.1216 10136 8688 0.077028 1.25434 13.0108 1.25434 13.0108 29339 0 0.0396984
26.1223 11584 7240 0.0730578 80.3373 13.0126 80.3373 13.0126 29344 0 0.0396742
26.187 10136 8688 0.0702731 1.25434 12.9836 1.25434 12.9836 29351 0 0.0393519
26.2518 11584 7240 0.0685326 0.894293 12.9538 0.894293 12.9538 29356 0 0.0394679
26.3162 10136 8688 0.0742572 1.25902 12.9252 1.25902 12.9252 29363 0 0.0395452
26.3804 11584 7240 0.0712016 0.900979 12.8959 0.900979 12.8959 29368 0 0.0395846
26.4449 10136 8688 0.0768245 1.25902 12.8675 1.25902 12.8675 29375 0 0.0396867
26.4456 11584 7240 0.0729215 80.3373 12.8694 80.3373 12.8694 29380 0 0.0396674
26.51 10136 8688 0.0700724 1.25902 12.8412 1.25902 12.8412 29387 0 0.039343
26.5747 11584 7240 0.0683981 0.894293 12.812 0.894293 12.812 29392 0 0.0394624
26.6395 10136 8688 0.0742765 1.25201 12.7839 1.25201 12.7839 29399 0 0.0395463
26.7043 11584 7240 0.0712145 0.894293 12.7551 0.894293 12.7551 29404 0 0.0395852
26.7687 10136 8688 0.0771632 1.25902 12.7274 1.25902 12.7274 29411 0 0.0397063
26.7694 11584 7240 0.0730527 80.3373 12.7293 80.3373 12.7293 29416 0 0.039674
26.8338 10136 8688 0.0702697 1.25902 12.7017 1.25902 12.7017 29423 0 0.0393517
26.8983 11584 7240 0.0685303 0.897624 12.6734 0.897624 12.6734 29428 0 0.0394678
26.9631 10136 8688 0.0742556 1.25201 12.646 1.25201 12.646 29435 0 0.0395452
27.0279 11584 7240 0.0712006 0.894293 12.6178 0.894293 12.6178 29440 0 0.0395846
27.0925 10136 8688 0.0771539 1.25434 12.5907 1.25434 12.5907 29447 0 0.0397058
27.0932 11584 7240 0.0730328 80.3373 12.5925 80.3373 12.5925 29452 0 0.039673
27.1576 10136 8688 0.0703813 1.25902 12.5656 1.25902 12.5656 29459 0 0.0393567
27.2224 11584 7240 0.0685094 0.894293 12.5379 0.894293 12.5379 29464 0 0.0394669
27.2872 10136 8688 0.074351 1.25201 12.5111 1.25201 12.5111 29471 0 0.0395502
27.3519 11584 7240 0.0712644 0.894293 12.4836 0.894293 12.4836 29476 0 0.0395875
27.4163 10136 8688 0.0771967 1.25902 12.4572 1.25902 12.4572 29483 0 0.0397083
27.4171 11584 7240 0.0730614 80.3373 12.459 80.3373 12.459 29488 0 0.0396744
27.4815 10136 8688 0.0703048 1.25902 12.4327 1.25902 12.4327 29495 0 0.0393533
27.546 11584 7240 0.0683331 0.897624 12.4057 0.897624 12.4057 29500 0 0.0394598
27.6108 10136 8688 0.0742329 1.25201 12.3796 1.25201 12.3796 29507 0 0.039544
27.6755 11584 7240 0.071281 0.894293 12.3527 0.894293 12.3527 29512 0 0.0395883
27.7402 10136 8688 0.0772078 1.25434 12.3268 1.25434 12.3268 29519 0 0.0397089
27.7409 11584 7240 0.0730533 80.3373 12.3286 80.3373 12.3286 29524 0 0.039674
27.8053 10136 8688 0.0702994 1.25902 12.3029 1.25902 12.3029 29531 0 0.0393531
27.8701 11584 7240 0.0685502 0.894293 12.2764 0.894293 12.2764 29536 0 0.0394686
27.9346 10136 8688 0.0743783 1.25667 12.251 1.25667 12.251 29543 0 0.0395516
27.9994 11584 7240 0.071187 0.894293 12.2247 0.894293 12.2247 29548 0 0.039584
28.064 10136 8688 0.0771448 1.25434 12.1994 1.25434 12.1994 29555 0 0.0397052
28.0647 11584 7240 0.0731361 80.3373 12.2012 80.3373 12.2012 29560 0 0.0396781
28.1294 10136 8688 0.0703548 1.25434 12.176 1.25434 12.176 29567 0 0.0393555
28.1941 11584 7240 0.0685873 0.894293 12.1501 0.894293 12.1501 29572 0 0.0394702
28.2588 10136 8688 0.0744032 1.25434 12.1252 1.25434 12.1252 29579 0 0.0395529
28.3236 11584 7240 0.0712994 0.894293 12.0995 0.894293 12.0995 29584 0 0.0395892
28.3882 10136 8688 0.0772201 1.25434 12.0748 1.25434 12.0748 29591 0 0.0397096
28.3889 11584 7240 0.0730615 80.3373 12.0765 80.3373 12.0765 29596 0 0.0396744
28.4536 10136 8688 0.0704006 1.25434 12.052 1.25434 12.052 29603 0 0.0393576
28.5183 11584 7240 0.068618 0.894293 12.0266 0.894293 12.0266 29608 0 0.0394714
28.5829 10136 8688 0.0742988 1.25667 12.0023 1.25667 12.0023 29615 0 0.0395474
28.6474 11584 7240 0.0712294 0.897624 11.9773 0.897624 11.9773 29620 0 0.0395859
28.712 10136 8688 0.0770639 1.25434 11.9531 1.25434 11.9531 29627 0 0.0397005
28.7128 11584 7240 0.0730818 80.3373 11.9549 80.3373 11.9549 29632 0 0.0396754
28.7774 10136 8688 0.0703185 1.25434 11.9308 1.25434 11.9308 29639 0 0.0393539
28.8424 11584 7240 0.0686724 0.890987 11.9059 0.890987 11.9059 29644 0 0.0394737
28.9069 10136 8688 0.0743352 1.25667 11.8822 1.25667 11.8822 29651 0 0.0395494
28.9715 11584 7240 0.0712538 0.897624 11.8577 0.897624 11.8577 29656 0 0.0395871
29.0359 10136 8688 0.0769552 1.25902 11.8342 1.25902 11.8342 29663 0 0.0396942
29.0366 11584 7240 0.0730091 80.3373 11.8359 80.3373 11.8359 29668 0 0.0396718
29.1012 10136 8688 0.0702561 1.25434 11.8124 1.25434 11.8124 29675 0 0.0393511
29.166 11584 7240 0.0685212 0.894293 11.7881 0.894293 11.7881 29680 0 0.0394674
29.2305 10136 8688 0.0743589 1.25667 11.7649 1.25667 11.7649 29687 0 0.0395506
29.295 11584 7240 0.0712697 0.897624 11.741 0.897624 11.741 29692 0 0.0395878
29.3597 10136 8688 0.0770752 1.25434 11.7179 1.25434 11.7179 29699 0 0.0397012
29.3604 11584 7240 0.0729938 80.3373 11.7196 80.3373 11.7196 29704 0 0.039671
29.4251 10136 8688 0.0703552 1.25434 11.6966 1.25434 11.6966 29711 0 0.0393556
29.4898 11584 7240 0.0685876 0.894293 11.6728 0.894293 11.6728 29716 0 0.0394702
29.5542 10136 8688 0.074294 1.25902 11.6501 1.25902 11.6501 29723 0 0.0395472
29.6188 11584 7240 0.0711169 0.897624 11.6267 0.897624 11.6267 29728 0 0.0395807
29.6834 10136 8688 0.0770021 1.25434 11.6041 1.25434 11.6041 29735 0 0.0396969
29.6841 11584 7240 0.0730405 80.3373 11.6058 80.3373 11.6058 29740 0 0.0396733
29.7488 10136 8688 0.0703865 1.25434 11.5833 1.25434 11.5833 29747 0 0.039357
29.8135 11584 7240 0.0686085 0.894293 11.5601 0.894293 11.5601 29752 0 0.039471
29.8779 10136 8688 0.0741831 1.25902 11.5379 1.25902 11.5379 29759 0 0.0395414
29.9422 11584 7240 0.0711519 0.900979 11.515 0.900979 11.515 29764 0 0.0395823
30.0066 10136 8688 0.0768869 1.25902 11.493 1.25902 11.493 29771 0 0.0396903
30.0074 11584 7240 0.0728676 80.3373 11.4947 80.3373 11.4947 29776 0 0.0396647
30.0714 5792 8688 0.0718842 0.542616 11.4714 0.542616 11.4714 29779 0 0.0395136
30.1426 10136 2896 0.0696897 0.651077 11.4458 0.651077 11.4458 29783 0 0.0401377
30.1909 11584 7240 0.0646358 2.15682 11.4309 2.15682 11.4309 29792 0 0.0393231
30.2314 13032 8688 0.0628498 2.00082 11.4183 2.00082 11.4183 29799 0 0.0390763
30.2726 14480 10136 0.0555283 1.9715 11.4055 1.9715 11.4055 29806 0 0.0387224
30.313 15928 11584 0.0547213 2.58013 11.3937 2.58013 11.3937 29815 0 0.0385214
30.3139 17376 13032 0.0488088 108.455 11.3968 108.455 11.3968 29824 0 0.0382877
30.3595 20272 14480 0.0474407 2.79597 11.3839 2.79597 11.3839 29835 0 0.0381162
30.4058 23168 17376 0.0469184 3.00482 11.3711 3.00482 11.3711 29847 0 0.0377412
30.4586 26064 20272 0.0489438 3.06743 11.3567 3.06743 11.3567 29861 0 0.0373669
30.5132 27512 23168 0.0518306 3.39753 11.3425 3.39753 11.3425 29877 0 0.0369911
30.5644 28960 24616 0.053536 3.84714 11.3299 3.84714 11.3299 29894 0 0.0368217
30.6116 30408 26064 0.057911 4.66079 11.3196 4.66079 11.3196 29913 0 0.0367043
30.6138 33304 27512 0.0505651 101.761 11.326 101.761 11.326 29932 0 0.0364457
30.6595 37648 30408 0.047201 5.56668 11.3174 5.56668 11.3174 29954 0 0.0361014
30.7065 41992 34752 0.0488188 6.16399 11.3095 6.16399 11.3095 29979 0 0.0355537
30.7558 46336 39096 0.0491201 6.34861 11.3016 6.34861 11.3016 30006 0 0.0350107
30.8066 49232 43440 0.0525018 7.06513 11.2946 7.06513 11.2946 30037 0 0.0344612
30.8572 53576 46336 0.0511958 7.32768 11.2881 7.32768 11.2881 30069 0 0.0341231
30.907 57920 50680 0.0503425 8.15016 11.2831 8.15016 11.2831 30104 0 0.033586
30.956 60816 55024 0.052289 9.21516 11.2798 9.21516 11.2798 30143 0 0.0330416
31.005 66608 57920 0.0496505 9.45145 11.2769 9.45145 11.2769 30183 0 0.032746
31.0545 73848 63712 0.0496725 10.2957 11.2753 10.2957 11.2753 30227 0 0.0321045
31.1047 81088 70952 0.0502406 11.301 11.2754 11.301 11.2754 30276 0 0.0312497
31.1556 82536 78192 0.0548409 12.5349 11.2774 12.5349 11.2774 30331 0 0.0303064
31.2068 88328 79640 0.0515761 12.4466 11.2793 12.4466 11.2793 30386 0 0.030192
31.2588 89776 85432 0.0560853 13.3586 11.2828 13.3586 11.2828 30446 0 0.0294912
31.3107 91224 86880 0.0569798 13.6127 11.2867 13.6127 11.2867 30507 0 0.0293411
31.3619 97016 88328 0.0519099 13.8044 11.2908 13.8044 11.2908 30568 0 0.0291983
31.4128 98464 94120 0.056308 15.0064 11.2968 15.0064 11.2968 30634 0 0.0285098
31.4627 99912 95568 0.0561989 15.5641 11.3036 15.5641 11.3036 30701 0 0.0283455
31.5118 110048 97016 0.0499832 15.7925 11.3106 15.7925 11.3106 30768 0 0.0283996
31.5625 111496 107152 0.0549529 17.1336 11.3199 17.1336 11.3199 30843 0 0.027043
31.5714 120184 108600 0.051659 97.7076 11.3442 97.7076 11.3442 30918 0 0.0270535
31.6253 124528 117288 0.054165 17.6455 11.355 17.6455 11.355 31000 0 0.0259805
31.6814 125976 121632 0.0563267 17.5469 11.3659 17.5469 11.3659 31085 0 0.0255014
31.7368 127424 123080 0.0556627 17.7753 11.3771 17.7753 11.3771 31170 0 0.0253371
31.79 133216 124528 0.0535631 18.9328 11.3898 18.9328 11.3898 31257 0 0.0252434
31.8406 144800 130320 0.050832 20.6091 11.4044 20.6091 11.4044 31347 0 0.0248918
31.8915 157832 141904 0.051217 22.2822 11.4218 22.2822 11.4218 31445 0 0.023799
31.9455 163624 154936 0.054198 22.974 11.4413 22.974 11.4413 31552 0 0.0221407
32.0005 166520 160728 0.0553013 23.575 11.4622 23.575 11.4622 31664 0 0.0215166
32.0548 170864 163624 0.0545151 24.3145 11.484 24.3145 11.484 31778 0 0.0212531
32.1086 176656 167968 0.054061 25.2335 11.507 25.2335 11.507 31895 0 0.020869
32.1631 181000 173760 0.0547443 25.4814 11.5307 25.4814 11.5307 32015 0 0.0202846
32.2189 182448 178104 0.0559888 25.5556 11.5549 25.5556 11.5549 32138 0 0.019847
32.2746 183896 179552 0.0560904 25.9711 11.5798 25.9711 11.5798 32263 0 0.0197131
32.3297 186792 181000 0.0552654 26.3114 11.6049 26.3114 11.6049 32388 0 0.0195829
32.385 188240 183896 0.0557543 26.7675 11.6308 26.7675 11.6308 32516 0 0.019304
32.4409 189688 185344 0.0561372 26.7446 11.6569 26.7446 11.6569 32645 0 0.0191764
32.4972 191136 186792 0.056483 26.5731 11.6827 26.5731 11.6827 32774 0 0.019049
32.553 192584 188240 0.0563664 27.1592 11.7092 27.1592 11.7092 32905 0 0.0189143
32.6091 194032 189688 0.056338 27.0429 11.7356 27.0429 11.7356 33036 0 0.0187816
32.6653 195480 191136 0.0566388 27.4558 11.7626 27.4558 11.7626 33169 0 0.0186549
32.7209 196928 192584 0.0557615 27.693 11.7897 27.693 11.7897 33302 0 0.0185092
32.7769 198376 194032 0.0563275 27.9284 11.8173 27.9284 11.8173 33437 0 0.0183874
32.8332 199824 195480 0.056692 27.7498 11.8446 27.7498 11.8446 33572 0 0.0182632
32.89 198376 196928 0.0569504 27.9819 11.8725 27.9819 11.8725 33709 0 0.0181378
32.9467 196928 195480 0.0569505 27.5734 11.8995 27.5734 11.8995 33844 0 0.0182678
33.0027 198376 194032 0.0564212 27.9284 11.9267 27.9284 11.9267 33979 0 0.018389
33.0583 199824 195480 0.0559366 28.1094 11.9539 28.1094 11.9539 34114 0 0.0182506
33.1145 201272 196928 0.0566777 28.2211 11.9816 28.2211 11.9816 34251 0 0.018133
33.1713 199824 198376 0.0569729 27.9819 12.0089 27.9819 12.0089 34388 0 0.0180088
33.2281 196928 196928 0.0572638 27.9227 12.0361 27.9227 12.0361 34525 0 0.018161
33.284 198376 194032 0.0561759 27.7812 12.0626 27.7812 12.0626 34659 0 0.0183849
33.3395 199824 195480 0.0557133 28.1702 12.0894 28.1702 12.0894 34794 0 0.0182471
33.3957 198376 196928 0.056732 28.2211 12.1165 28.2211 12.1165 34931 0 0.018134
33.4525 196928 195480 0.0570652 27.5151 12.1427 27.5151 12.1427 35066 0 0.0182698
33.5094 194032 194032 0.0573775 27.5151 12.1688 27.5151 12.1688 35201 0 0.0184235
33.5654 195480 191136 0.0563004 27.3078 12.194 27.3078 12.194 35333 0 0.0186491
33.621 196928 192584 0.0559651 27.693 12.2197 27.693 12.2197 35466 0 0.0185124
33.6774 195480 194032 0.0570226 27.7498 12.2457 27.7498 12.2457 35601 0 0.0183995
33.734 194032 192584 0.0567257 27.2226 12.2708 27.2226 12.2708 35734 0 0.0185251
33.7907 191136 191136 0.0574624 27.1649 12.2958 27.1649 12.2958 35867 0 0.0186873
33.8472 192584 188240 0.0567058 26.6652 12.3198 26.6652 12.3198 35997 0 0.0189201
33.9031 194032 189688 0.0563104 27.1009 12.3442 27.1009 12.3442 36128 0 0.0187811
33.9595 191136 191136 0.0574215 27.3387 12.3691 27.3387 12.3691 36261 0 0.0186865
34.0161 192584 188240 0.0567198 26.6085 12.3928 26.6085 12.3928 36391 0 0.0189203
34.0726 191136 189688 0.0567748 26.8703 12.4168 26.8703 12.4168 36522 0 0.018789
34.129 186792 188240 0.057668 26.8703 12.4407 26.8703 12.4407 36653 0 0.0189844
34.1853 188240 183896 0.0565642 26.1611 12.4632 26.1611 12.4632 36780 0 0.0193172
34.2414 185344 185344 0.0572838 26.63 12.4865 26.63 12.4865 36909 0 0.0192139
34.2978 186792 182448 0.0566081 25.8998 12.5085 25.8998 12.5085 37035 0 0.0194521
34.3542 188240 183896 0.056593 26.0498 12.5308 26.0498 12.5308 37162 0 0.0193177
34.4109 182448 185344 0.0582455 26.3479 12.5535 26.3479 12.5535 37291 0 0.0193026
34.4675 181000 179552 0.0569202 25.3805 12.5746 25.3805 12.5746 37415 0 0.0197272
34.5239 182448 178104 0.056439 25.2831 12.5953 25.2831 12.5953 37538 0 0.0198544
34.5802 176656 179552 0.0584669 25.6942 12.6167 25.6942 12.6167 37663 0 0.0198446
34.637 178104 173760 0.0567458 24.5097 12.6362 24.5097 12.6362 37783 0 0.020269
34.6932 179552 175208 0.0563782 24.9252 12.6561 24.9252 12.6561 37904 0 0.0201258
34.7498 172312 176656 0.0592341 25.1758 12.6765 25.1758 12.6765 38027 0 0.0201852
34.8063 170864 169416 0.0568676 23.9986 12.6948 23.9986 12.6948 38144 0 0.0206847
34.8625 165072 167968 0.0590309 24.1012 12.7132 24.1012 12.7132 38261 0 0.0209539
34.9191 166520 162176 0.056458 22.9243 12.7298 22.9243 12.7298 38373 0 0.0213762
34.9756 167968 163624 0.056541 23.1782 12.7467 23.1782 12.7467 38486 0 0.021237
35.0328 157832 165072 0.0607731 23.2911 12.7639 23.2911 12.7639 38601 0 0.0214666
35.0901 154936 154936 0.057411 21.6254 12.7784 21.6254 12.7784 38708 0 0.022121
35.1463 146248 152040 0.060974 21.8353 12.7928 21.8353 12.7928 38814 0 0.0226745
35.2022 137560 143352 0.0602936 20.7322 12.8054 20.7322 12.8054 38914 0 0.0235305
35.2576 131768 134664 0.0597674 19.6574 12.8162 19.6574 12.8162 39008 0 0.0242914
35.3132 127424 128872 0.0592237 18.7396 12.8255 18.7396 12.8255 39098 0 0.0248408
35.3692 121632 124528 0.0599948 17.9983 12.8337 17.9983 12.8337 39185 0 0.0253564
35.4255 123080 118736 0.0560474 16.8914 12.8402 16.8914 12.8402 39267 0 0.0258056
35.4819 124528 120184 0.0560002 17.0247 12.8468 17.0247 12.8468 39350 0 0.0256502
35.5383 114392 121632 0.0627388 17.4721 12.8542 17.4721 12.8542 39435 0 0.0259288
35.5484 115840 111496 0.0566242 88.3711 12.8756 88.3711 12.8756 39512 0 0.0265953
35.6041 117288 112944 0.0560026 16.4137 12.8811 16.4137 12.8811 39591 0 0.026428
35.6599 118736 114392 0.056 16.4137 12.8867 16.4137 12.8867 39670 0 0.0262715
35.716 120184 115840 0.0563546 16.7212 12.8927 16.7212 12.8927 39751 0 0.0261213
35.7727 121632 117288 0.0569085 16.544 12.8985 16.544 12.8985 39832 0 0.0259753
35.8297 120184 118736 0.0572097 16.881 12.9048 16.881 12.9048 39915 0 0.0258256
35.8858 121632 117288 0.0563709 16.7212 12.9108 16.7212 12.9108 39996 0 0.025966
35.9419 123080 118736 0.0563044 17.134 12.9174 17.134 12.9174 40079 0 0.0258098
35.9981 124528 120184 0.0564876 17.0974 12.9239 17.0974 12.9239 40162 0 0.0256582
36.0545 125976 121632 0.0568051 17.4721 12.931 17.4721 12.931 40247 0 0.0255096
36.1112 127424 123080 0.0568807 17.361 12.938 17.361 12.938 40332 0 0.0253572
36.1677 128872 124528 0.0567642 17.8451 12.9456 17.8451 12.9456 40419 0 0.0252019
36.224 130320 125976 0.0566668 17.8832 12.9533 17.8832 12.9533 40506 0 0.0250475
36.2797 131768 127424 0.0559472 18.5314 12.9619 18.5314 12.9619 40595 0 0.0248832
36.3353 133216 128872 0.055936 18.5314 12.9704 18.5314 12.9704 40684 0 0.0247312
36.3909 134664 130320 0.055877 18.9478 12.9795 18.9478 12.9795 40775 0 0.0245789
36.4473 136112 131768 0.0566542 18.7054 12.9884 18.7054 12.9884 40866 0 0.0244409
36.504 134664 133216 0.0570903 18.995 12.9977 18.995 12.9977 40959 0 0.0242982
36.5602 136112 131768 0.0565684 18.7454 13.0066 18.7454 13.0066 41050 0 0.0244394
36.6165 137560 133216 0.0565167 19.1574 13.016 19.1574 13.016 41143 0 0.0242881
36.6733 136112 134664 0.0571093 18.9549 13.0252 18.9549 13.0252 41236 0 0.0241485
36.7309 133216 133216 0.0578423 18.7174 13.0341 18.7174 13.0341 41329 0 0.0243299
36.7882 130320 130320 0.0575551 18.1896 13.0422 18.1896 13.0422 41419 0 0.0246256
36.8439 131768 127424 0.0560388 18.2837 13.0501 18.2837 13.0501 41507 0 0.0248847
36.8992 133216 128872 0.0555521 18.6522 13.0585 18.6522 13.0585 41596 0 0.0247253
36.9551 134664 130320 0.0563353 18.8663 13.0673 18.8663 13.0673 41687 0 0.0245863
37.012 133216 131768 0.0572331 18.5081 13.0756 18.5081 13.0756 41778 0 0.0244512
37.0701 128872 130320 0.0585159 18.1632 13.0836 18.1632 13.0836 41869 0 0.024674
37.1275 125976 125976 0.0577994 17.5465 13.0905 17.5465 13.0905 41956 0 0.0250859
37.1844 124528 123080 0.0573065 17.5281 13.0973 17.5281 13.0973 42042 0 0.025365
37.2406 125976 121632 0.056769 17.5094 13.104 17.5094 13.104 42127 0 0.0255089
37.2972 127424 123080 0.0567778 17.3979 13.1105 17.3979 13.1105 42212 0 0.0253554
37.3544 124528 124528 0.0577984 17.6202 13.1174 17.6202 13.1174 42299 0 0.0252386
37.4117 123080 121632 0.0575565 16.9769 13.1233 16.9769 13.1233 42383 0 0.0255234
37.4689 121632 120184 0.0573553 16.8101 13.1289 16.8101 13.1289 42466 0 0.0256737
37.5258 120184 118736 0.0575811 16.881 13.1346 16.881 13.1346 42549 0 0.0258326
37.5823 121632 117288 0.0567574 16.6144 13.1398 16.6144 13.1398 42630 0 0.0259726
37.6389 120184 118736 0.0572058 16.9885 13.1456 16.9885 13.1456 42713 0 0.0258256
37.6961 118736 117288 0.0574167 16.405 13.1506 16.405 13.1506 42794 0 0.0259846
37.7537 115840 115840 0.0583411 16.3023 13.1554 16.3023 13.1554 42875 0 0.0261759
37.8105 114392 112944 0.0571972 15.8976 13.1595 15.8976 13.1595 42953 0 0.0264486
37.867 115840 111496 0.0566335 15.794 13.1634 15.794 13.1634 43030 0 0.0265955
37.9239 112944 112944 0.0577523 16.0675 13.1678 16.0675 13.1678 43109 0 0.0264766
37.9811 111496 110048 0.0573912 15.3924 13.1711 15.3924 13.1711 43185 0 0.0267666
38.0382 110048 108600 0.0573878 15.2218 13.1742 15.2218 13.1742 43260 0 0.0269244
38.0952 107152 107152 0.0581582 15.2539 13.1773 15.2539 13.1773 43335 0 0.0271153
38.1516 108600 104256 0.0567656 14.7684 13.1797 14.7684 13.1797 43407 0 0.0273896
38.2086 107152 105704 0.0570946 14.8472 13.1822 14.8472 13.1822 43480 0 0.0272362
38.2662 102808 104256 0.0589081 14.6922 13.1844 14.6922 13.1844 43553 0 0.0274783
38.3231 101360 99912 0.0573516 14.0336 13.1857 14.0336 13.1857 43622 0 0.0278808
38.3793 98464 98464 0.0580512 14.2135 13.1872 14.2135 13.1872 43691 0 0.028073
38.4355 99912 95568 0.0563645 13.6247 13.1878 13.6247 13.1878 43757 0 0.0283482
38.4924 101360 97016 0.0568879 13.6268 13.1885 13.6268 13.1885 43824 0 0.0281951
38.5503 97016 98464 0.0598856 13.8007 13.1894 13.8007 13.1894 43893 0 0.0281424
38.6086 94120 94120 0.058403 12.9202 13.189 12.9202 13.189 43958 0 0.0285665
38.6657 89776 91224 0.0597353 12.9893 13.1887 12.9893 13.1887 44022 0 0.0289516
38.7217 86880 86880 0.0585697 12.6195 13.1879 12.6195 13.1879 44083 0 0.0293897
38.7777 88328 83984 0.0561061 11.9989 13.1862 11.9989 13.1862 44141 0 0.0296574
38.8345 89776 85432 0.0567613 12.0251 13.1845 12.0251 13.1845 44200 0 0.0295026
38.8927 85432 86880 0.0606735 12.1502 13.1829 12.1502 13.1829 44261 0 0.0294677
38.9508 82536 82536 0.0583734 11.3535 13.1802 11.3535 13.1802 44318 0 0.029883
39.0074 78192 79640 0.0607166 11.4621 13.1777 11.4621 13.1777 44374 0 0.0303002
39.0637 73848 75296 0.0597711 10.9176 13.1745 10.9176 13.1745 44427 0 0.0307815
39.12 75296 70952 0.0564948 10.0721 13.17 10.0721 13.17 44476 0 0.0311771
39.177 70952 72400 0.0603873 10.3727 13.1659 10.3727 13.1659 44527 0 0.0311349
39.2343 69504 68056 0.0575194 9.499 13.1606 9.499 13.1606 44574 0 0.0315369
39.2912 65160 66608 0.0615736 9.55913 13.1553 9.55913 13.1553 44621 0 0.0318486
39.3483 66608 62264 0.0573128 8.72717 13.1489 8.72717 13.1489 44664 0 0.0322214
39.4053 62264 63712 0.0620167 9.15235 13.1431 9.15235 13.1431 44709 0 0.032205
39.4626 63712 59368 0.0575792 8.28637 13.1361 8.28637 13.1361 44750 0 0.0325735
39.5194 57920 60816 0.0629646 8.76407 13.1298 8.76407 13.1298 44793 0 0.0326193
39.5764 59368 55024 0.0574502 7.72865 13.122 7.72865 13.122 44831 0 0.033095
39.5809 60816 56472 0.0567007 98.9418 13.1319 98.9418 13.1319 44870 0 0.0329063
39.6379 62264 57920 0.057103 8.33881 13.125 8.33881 13.125 44911 0 0.0327388
39.6951 63712 59368 0.0574439 8.30377 13.1181 8.30377 13.1181 44952 0 0.0325709
39.7529 62264 60816 0.0585791 8.61831 13.1116 8.61831 13.1116 44995 0 0.0324199
39.8102 60816 59368 0.0576761 8.28637 13.1046 8.28637 13.1046 45036 0 0.0325753
39.8666 62264 57920 0.0573865 8.42771 13.098 8.42771 13.098 45077 0 0.032744
39.9228 63712 59368 0.0565026 8.44572 13.0914 8.44572 13.0914 45118 0 0.032554
39.9801 62264 60816 0.0581693 8.69058 13.0851 8.69058 13.0851 45161 0 0.0324114
40.038 60816 59368 0.0582555 8.20041 13.0781 8.20041 13.0781 45202 0 0.0325869
40.092 5792 57920 0.0646146 2.36181 13.0636 2.36181 13.0636 45213 0 0.0413362
40.1476 55024 2896 0.0572796 0.832871 13.0467 0.832871 13.0467 45217 0 0.0464337
40.1921 63712 52128 0.0536912 10.4221 13.0438 10.4221 13.0438 45257 0 0.0335936
40.2632 69504 60816 0.0510811 6.83631 13.0328 6.83631 13.0328 45299 0 0.0324048
40.2638 60816 59368 0.053571 192.6 13.0355 192.6 13.0355 45309 0 0.0327166
40.264 59368 59368 0.053571 96.4048 13.0357 0 13.0355 45310 1 0.0325127
40.2641 58254 57920 0.053571 0 13.0357 0 13.0354 45310 1 0.0326846
40.2642 57399 56472 0.053571 0 13.0357 0 13.0354 45310 1 0.0328578
40.2643 56545 55024 0.053571 0 13.0356 0 13.0353 45310 1 0.0330329
40.2645 55691 55024 0.053571 96.4048 13.0359 0 13.0353 45311 2 0.0330329
40.2646 54836 53576 0.053571 0 13.0358 0 13.0353 45311 2 0.0332085
40.2647 53982 52128 0.053571 0 13.0358 0 13.0352 45311 2 0.0333846
40.2648 53128 52128 0.053571 96.4048 13.0361 0 13.0352 45312 3 0.0333846
40.2649 52273 50680 0.053571 0 13.036 0 13.0352 45312 3 0.0335611
40.2651 51419 50680 0.053571 96.4048 13.0363 0 13.0351 45313 4 0.0335611
40.2652 50565 49232 0.053571 0 13.0362 0 13.0351 45313 4 0.0337381
40.2653 49710 47784 0.053571 0 13.0362 0 13.035 45313 4 0.0339156
40.2654 48856 47784 0.053571 96.4048 13.0364 0 13.035 45314 5 0.0339156
40.2655 48002 46336 0.053571 0 13.0364 0 13.035 45314 5 0.0340935
40.2657 47147 46336 0.053571 96.4048 13.0366 0 13.0349 45315 6 0.0340935
40.2658 46293 44888 0.053571 0 13.0366 0 13.0349 45315 6 0.0342719
40.2659 45439 43440 0.053571 0 13.0366 0 13.0348 45315 6 0.0344507
40.266 44584 43440 0.053571 96.4048 13.0368 0 13.0348 45316 7 0.0344507
40.2661 43730 41992 0.053571 0 13.0368 0 13.0348 45316 7 0.0346301
40.2663 42876 41992 0.053571 96.4048 13.037 0 13.0347 45317 8 0.0346301
40.2664 42021 40544 0.053571 0 13.037 0 13.0347 45317 8 0.0348098
40.2665 41167 40544 0.053571 96.4048 13.0372 0 13.0346 45318 9 0.0348098
40.2666 40313 39096 0.053571 0 13.0372 0 13.0346 45318 9 0.0349901
40.2667 39458 37648 0.053571 0 13.0372 0 13.0346 45318 9 0.0351708
40.2669 38604 37648 0.053571 96.4048 13.0374 0 13.0345 45319 10 0.0351708
40.267 37750 36200 0.053571 0 13.0374 0 13.0345 45319 10 0.035352
40.2671 36896 36200 0.053571 96.4048 13.0376 0 13.0345 45320 11 0.035352
40.2672 36041 34752 0.053571 0 13.0376 0 13.0344 45320 11 0.0355337
40.2673 35187 33304 0.053571 0 13.0375 0 13.0344 45320 11 0.0357158
40.2675 34333 33304 0.053571 96.4048 13.0378 0 13.0343 45321 12 0.0357158
40.2676 33478 31856 0.053571 0 13.0377 0 13.0343 45321 12 0.0358984
40.3111 32624 31856 0.053571 0.266312 13.024 0 13.0202 45322 13 0.0358984
40.3112 31770 30408 0.053571 0 13.0239 0 13.0202 45322 13 0.0360814
40.3113 29684 28960 0.053571 0 13.0239 0 13.0202 45322 13 0.036275
40.3114 28960 27512 0.053571 0 13.0238 0 13.0201 45322 13 0.0364483
40.3123 29684 27512 0.053571 96.4048 13.0256 0 13.0198 45329 20 0.0364483
40.3129 30408 27512 0.053571 96.5098 13.0268 0 13.0196 45334 25 0.0364483
40.353 34752 27512 0.0471818 5.76783 13.0196 5.76783 13.0124 45354 25 0.0364689
40.3945 39096 31856 0.0451896 6.42169 13.0128 6.42169 13.0057 45377 25 0.0359256
40.4375 44888 36200 0.0432525 6.74576 13.0062 6.74576 12.999 45402 25 0.0354347
40.4811 49232 41992 0.0462868 7.96122 13.0007 7.96122 12.9936 45432 25 0.0346523
40.5256 52128 46336 0.0475074 8.59179 12.9959 8.59179 12.9887 45465 25 0.034084
40.5706 57920 49232 0.0453749 8.75754 12.9912 8.75754 12.9841 45499 25 0.0338051
40.6218 62264 55024 0.047855 8.59949 12.9857 8.59949 12.9785 45537 25 0.0330523
40.6756 63712 59368 0.0522801 8.82276 12.9802 8.82276 12.973 45578 25 0.0325
40.7276 57920 60816 0.0583197 9.57369 12.9758 9.57369 12.9687 45621 25 0.0325018
40.7759 59368 55024 0.0516525 9.11289 12.9712 9.11289 12.9641 45659 25 0.033019
40.8211 62264 56472 0.0481907 9.99943 12.9679 9.99943 12.9608 45698 25 0.0328481
40.8673 63712 59368 0.0509144 10.5443 12.9652 10.5443 12.9581 45740 25 0.0324902
40.9152 65160 60816 0.0523326 10.3895 12.9622 10.3895 12.9551 45783 25 0.0323267
40.9202 68056 62264 0.0485084 98.7001 12.9728 98.7001 12.9657 45826 25 0.0321524
40.9704 69504 65160 0.0501783 10.6346 12.9699 10.6346 12.9628 45872 25 0.0317943
41.0214 70952 66608 0.0515925 10.6612 12.967 10.6612 12.96 45919 25 0.0316306
41.071 72400 68056 0.0500155 10.971 12.9646 10.971 12.9576 45966 25 0.0314504
41.1196 75296 69504 0.0492634 11.6927 12.9631 11.6927 12.9561 46015 25 0.0312944
41.1674 79640 72400 0.0481263 12.1112 12.9621 12.1112 12.9551 46065 25 0.0309815
41.216 83984 76744 0.0486612 12.6472 12.9617 12.6472 12.9547 46118 25 0.0304747
41.2653 85432 81088 0.0501055 13.37 12.9622 13.37 12.9552 46175 25 0.0299291
41.3155 86880 82536 0.0503439 13.1776 12.9625 13.1776 12.9555 46232 25 0.0297634
41.3657 88328 83984 0.0509681 13.6074 12.9633 13.6074 12.9563 46291 25 0.0296005
41.4154 91224 85432 0.050061 13.7388 12.9642 13.7388 12.9572 46350 25 0.0294476
41.4658 92672 88328 0.0512107 14.2651 12.9658 14.2651 12.9588 46412 25 0.0291059
41.5162 94120 89776 0.0513028 14.4607 12.9676 14.4607 12.9606 46475 25 0.0289421
41.5671 95568 91224 0.0510958 14.3582 12.9693 14.3582 12.9623 46538 25 0.0287769
41.6181 97016 92672 0.052054 14.7443 12.9715 14.7443 12.9645 46603 25 0.0286202
41.6697 98464 94120 0.0518201 14.6068 12.9735 14.6068 12.9666 46668 25 0.0284554
41.7211 99912 95568 0.0525197 15.0914 12.9761 15.0914 12.9692 46735 25 0.0282987
41.7722 101360 97016 0.0514227 15.1979 12.9788 15.1979 12.9719 46802 25 0.0281279
41.8241 99912 98464 0.0530709 15.398 12.9818 15.398 12.9749 46871 25 0.0279802
41.8767 98464 97016 0.0527796 14.7469 12.9841 14.7469 12.9771 46938 25 0.028139
41.9298 94120 95568 0.0543542 14.6134 12.9861 14.6134 12.9792 47005 25 0.0283652
41.982 95568 91224 0.0525005 13.9942 12.9874 13.9942 12.9805 47068 25 0.0287875
42.0346 92672 92672 0.0539713 14.3066 12.989 14.3066 12.9821 47133 25 0.0286569
42.0881 89776 89776 0.0535417 13.4317 12.9896 13.4317 12.9827 47195 25 0.0289794
42.1435 85432 86880 0.0551112 12.5473 12.989 12.5473 12.9821 47255 25 0.0293577
42.1974 81088 82536 0.0545402 12.2385 12.988 12.2385 12.9812 47312 25 0.0298473
42.2505 76744 78192 0.055623 11.9961 12.9868 11.9961 12.9799 47367 25 0.0303643
42.3036 75296 73848 0.0531806 11.1236 12.9845 11.1236 12.9776 47418 25 0.0307922
42.3571 70952 72400 0.0557951 11.0486 12.982 11.0486 12.9752 47469 25 0.0310423
42.4119 68056 68056 0.054502 9.93646 12.9781 9.93646 12.9713 47516 25 0.0315061
42.4678 62264 65160 0.058322 9.53682 12.9736 9.53682 12.9667 47562 25 0.0319835
42.5245 55024 59368 0.0595126 8.57839 12.9677 8.57839 12.9609 47604 25 0.032754
42.5811 49232 52128 0.0596436 7.5732 12.9605 7.5732 12.9537 47641 25 0.0335803
42.6356 46336 46336 0.0557466 6.79505 12.9526 6.79505 12.9458 47673 25 0.0341437
42.6897 44888 43440 0.054558 6.42699 12.9444 6.42699 12.9376 47703 25 0.0344665
42.7451 43440 41992 0.0546979 6.06451 12.9355 6.06451 12.9287 47732 25 0.0346477
42.8023 37648 40544 0.0606856 5.8734 12.926 5.8734 12.9193 47761 25 0.0350309
42.8595 34752 34752 0.0578022 4.86075 12.9153 4.86075 12.9085 47785 25 0.03562
42.9153 31856 31856 0.0568943 4.57092 12.9044 4.57092 12.8977 47807 25 0.0359677
42.9711 30408 28960 0.0560896 4.14644 12.893 4.14644 12.8863 47827 25 0.0363031
42.9735 28960 27512 0.0560236 91.5846 12.8974 91.5846 12.8907 47846 25 0.036486
43.0292 27512 26064 0.0558327 3.95614 12.8859 3.95614 12.8791 47865 25 0.0366675
43.0849 26064 24616 0.0559497 3.53207 12.8738 3.53207 12.867 47882 25 0.0368542
43.1412 23168 23168 0.0585862 3.50188 12.8615 3.50188 12.8548 47899 25 0.0371059
43.1979 21720 20272 0.057545 2.85946 12.8484 2.85946 12.8417 47913 25 0.0374397
43.2553 20272 18824 0.0576695 2.62189 12.8348 2.62189 12.8281 47926 25 0.0376288
43.3135 17376 17376 0.0612414 2.58938 12.8211 2.58938 12.8144 47939 25 0.0379154
43.3715 15928 14480 0.0596598 1.99596 12.8066 1.99596 12.7999 47949 25 0.0382344
43.4289 14480 13032 0.0585437 1.81515 12.7921 1.81515 12.7854 47958 25 0.0383983
43.4861 13032 11584 0.062177 1.82278 12.7776 1.82278 12.771 47967 25 0.0386772
43.5429 11584 10136 0.0600347 1.42973 12.7628 1.42973 12.7562 47974 25 0.0388106
43.6002 10136 8688 0.0635933 1.41475 12.7479 1.41475 12.7413 47981 25 0.039099
43.658 11584 7240 0.0617471 1.00213 12.7324 1.00213 12.7257 47986 25 0.0392353
43.7162 10136 8688 0.0661997 1.39141 12.7173 1.39141 12.7106 47993 25 0.039187
43.7744 11584 7240 0.0636982 0.995917 12.7017 0.995917 12.6951 47998 25 0.0392927
43.8323 10136 8688 0.0681611 1.40007 12.6868 1.40007 12.6801 48005 25 0.0392623
43.8896 11584 7240 0.0646822 1.01053 12.6715 1.01053 12.6649 48010 25 0.0393246
43.9471 10136 8688 0.0695058 1.41179 12.6568 1.41179 12.6502 48017 25 0.0393183
43.9478 11584 7240 0.065583 80.3373 12.6579 80.3373 12.6513 48022 25 0.0393555
44.0055 10136 8688 0.0629843 1.4059 12.6432 1.4059 12.6366 48029 25 0.0390803
44.0639 11584 7240 0.0614485 0.991819 12.6277 0.991819 12.6211 48034 25 0.0392272
44.1221 10136 8688 0.0668747 1.39141 12.6129 1.39141 12.6063 48041 25 0.0392121
44.1801 11584 7240 0.064166 1.00005 12.5976 1.00005 12.5911 48046 25 0.0393077
44.2376 10136 8688 0.0692558 1.40884 12.5831 1.40884 12.5765 48053 25 0.0393076
44.2383 11584 7240 0.0654448 80.3373 12.5842 80.3373 12.5776 48058 25 0.0393506
44.296 10136 8688 0.0629874 1.4059 12.5696 1.4059 12.5631 48065 25 0.0390804
44.3542 11584 7240 0.0614662 0.995917 12.5545 0.995917 12.5479 48070 25 0.0392277
44.4125 10136 8688 0.0667908 1.39141 12.5398 1.39141 12.5333 48077 25 0.0392089
44.4706 11584 7240 0.0638892 0.995917 12.5247 0.995917 12.5182 48082 25 0.0392988
44.5285 10136 8688 0.0693047 1.40007 12.5102 1.40007 12.5037 48089 25 0.0393097
44.5293 11584 7240 0.0656826 80.3373 12.5113 80.3373 12.5048 48094 25 0.039359
44.587 10136 8688 0.0631467 1.40298 12.4969 1.40298 12.4905 48101 25 0.0390852
44.6451 11584 7240 0.0615729 0.997979 12.482 0.997979 12.4755 48106 25 0.0392305
44.7029 10136 8688 0.0666279 1.40298 12.4677 1.40298 12.4612 48113 25 0.0392028
44.7608 11584 7240 0.0637801 1.00005 12.4528 1.00005 12.4464 48118 25 0.0392953
44.8186 10136 8688 0.0690929 1.40298 12.4386 1.40298 12.4321 48125 25 0.0393007
44.8193 11584 7240 0.0654314 80.3373 12.4397 80.3373 12.4332 48130 25 0.0393502
44.8772 10136 8688 0.0629784 1.40007 12.4254 1.40007 12.419 48137 25 0.0390802
44.9353 11584 7240 0.0615695 0.997979 12.4107 0.997979 12.4042 48142 25 0.0392304
44.9933 10136 8688 0.0667351 1.39717 12.3965 1.39717 12.39 48149 25 0.0392068
45.0512 11584 7240 0.0638518 1.00005 12.3818 1.00005 12.3754 48154 25 0.0392976
45.1091 10136 8688 0.0691703 1.40007 12.3677 1.40007 12.3613 48161 25 0.039304
45.1099 11584 7240 0.0654832 80.3373 12.3688 80.3373 12.3624 48166 25 0.039352
45.1678 10136 8688 0.0630132 1.40007 12.3547 1.40007 12.3483 48173 25 0.0390812
45.2258 11584 7240 0.0614541 0.997979 12.3402 0.997979 12.3338 48178 25 0.0392273
45.2839 10136 8688 0.0666441 1.39717 12.3261 1.39717 12.3197 48185 25 0.0392034
45.3418 11584 7240 0.0638866 1.00005 12.3117 1.00005 12.3053 48190 25 0.0392987
45.3997 10136 8688 0.0691642 1.40007 12.2978 1.40007 12.2914 48197 25 0.0393037
45.4004 11584 7240 0.0654792 80.3373 12.2988 80.3373 12.2925 48202 25 0.0393518
45.4583 10136 8688 0.0631198 1.40007 12.2849 1.40007 12.2786 48209 25 0.0390844
45.5167 11584 7240 0.0615393 0.991819 12.2705 0.991819 12.2641 48214 25 0.0392296
45.5752 10136 8688 0.0669491 1.3857 12.2565 1.3857 12.2501 48221 25 0.0392149
45.6332 11584 7240 0.0642003 1.00005 12.2422 1.00005 12.2358 48226 25 0.0393088
45.691 10136 8688 0.0692787 1.40298 12.2285 1.40298 12.2221 48233 25 0.0393086
45.6917 11584 7240 0.0655559 80.3373 12.2296 80.3373 12.2232 48238 25 0.0393545
45.7495 10136 8688 0.0630618 1.40298 12.2159 1.40298 12.2095 48245 25 0.0390827
45.8078 11584 7240 0.0615004 0.993864 12.2016 0.993864 12.1953 48250 25 0.0392286
45.8659 10136 8688 0.0666887 1.39428 12.1879 1.39428 12.1816 48257 25 0.0392051
45.9238 11584 7240 0.0640259 1.00005 12.1738 1.00005 12.1675 48262 25 0.0393031
45.9817 10136 8688 0.0692576 1.40007 12.1602 1.40007 12.1539 48269 25 0.0393077
45.9825 11584 7240 0.0655417 80.3373 12.1613 80.3373 12.155 48274 25 0.039354
46.0405 10136 8688 0.0632574 1.39717 12.1477 1.39717 12.1414 48281 25 0.0390886
46.0985 11584 7240 0.0615221 0.997979 12.1337 0.997979 12.1274 48286 25 0.0392292
46.1568 10136 8688 0.0667033 1.39141 12.1201 1.39141 12.1138 48293 25 0.0392056
46.215 11584 7240 0.0640356 0.995917 12.1061 0.995917 12.0999 48298 25 0.0393035
46.2733 10136 8688 0.0693891 1.39141 12.0926 1.39141 12.0864 48305 25 0.0393133
46.274 11584 7240 0.0657255 80.3373 12.0937 80.3373 12.0874 48310 25 0.0393605
46.3321 10136 8688 0.0633005 1.39428 12.0803 1.39428 12.074 48317 25 0.0390899
46.3906 11584 7240 0.061881 0.989782 12.0663 0.989782 12.06 48322 25 0.039239
46.4492 10136 8688 0.0670687 1.3857 12.0528 1.3857 12.0466 48329 25 0.0392194
46.5073 11584 7240 0.0644054 0.995917 12.039 0.995917 12.0328 48334 25 0.0393155
46.5652 10136 8688 0.0695411 1.40007 12.0258 1.40007 12.0195 48341 25 0.0393198
46.566 11584 7240 0.0657316 80.3373 12.0268 80.3373 12.0206 48346 25 0.0393607
46.6239 10136 8688 0.0631796 1.40007 12.0136 1.40007 12.0074 48353 25 0.0390862
46.6822 11584 7240 0.0616906 0.993864 11.9999 0.993864 11.9937 48358 25 0.0392337
46.7404 10136 8688 0.0670369 1.39141 11.9866 1.39141 11.9804 48365 25 0.0392182
46.7986 11584 7240 0.064054 0.995917 11.973 0.995917 11.9668 48370 25 0.039304
46.8566 10136 8688 0.0694151 1.39717 11.9599 1.39717 11.9537 48377 25 0.0393144
46.8574 11584 7240 0.0657566 80.3373 11.9609 80.3373 11.9547 48382 25 0.0393616
46.9155 10136 8688 0.0634014 1.39428 11.9478 1.39428 11.9416 48389 25 0.039093
46.9738 11584 7240 0.0616185 0.993864 11.9342 0.993864 11.9281 48394 25 0.0392318
47.0321 10136 8688 0.0669886 1.39141 11.9212 1.39141 11.915 48401 25 0.0392164
47.09 11584 7240 0.0641173 1.00005 11.9077 1.00005 11.9016 48406 25 0.0393061
47.148 10136 8688 0.0693481 1.39717 11.8948 1.39717 11.8887 48413 25 0.0393116
47.1487 11584 7240 0.0656981 80.3373 11.8958 80.3373 11.8897 48418 25 0.0393595
47.2067 10136 8688 0.0631571 1.40007 11.883 1.40007 11.8768 48425 25 0.0390855
47.2649 11584 7240 0.0614549 0.993864 11.8695 0.993864 11.8634 48430 25 0.0392273
47.3232 10136 8688 0.0668789 1.39141 11.8566 1.39141 11.8505 48437 25 0.0392122
47.3816 11584 7240 0.0641689 0.991819 11.8432 0.991819 11.8371 48442 25 0.0393077
47.4399 10136 8688 0.0694921 1.39141 11.8304 1.39141 11.8243 48449 25 0.0393177
47.4406 11584 7240 0.0659039 80.3373 11.8314 80.3373 11.8253 48454 25 0.0393669
47.4988 10136 8688 0.0633907 1.39428 11.8187 1.39428 11.8126 48461 25 0.0390927
47.557 11584 7240 0.061832 0.993864 11.8054 0.993864 11.7993 48466 25 0.0392376
47.6153 10136 8688 0.0671316 1.39141 11.7927 1.39141 11.7866 48473 25 0.0392218
47.6732 11584 7240 0.0641175 1.00005 11.7795 1.00005 11.7735 48478 25 0.0393061
47.7315 10136 8688 0.0693482 1.39141 11.7669 1.39141 11.7608 48485 25 0.0393116
47.7322 11584 7240 0.0657274 80.3373 11.7679 80.3373 11.7618 48490 25 0.0393606
47.7905 10136 8688 0.0635068 1.39141 11.7552 1.39141 11.7492 48497 25 0.0390963
47.849 11584 7240 0.0618142 0.989782 11.7421 0.989782 11.736 48502 25 0.0392371
47.9073 10136 8688 0.067229 1.39141 11.7295 1.39141 11.7234 48509 25 0.0392256
47.9651 11584 7240 0.0641827 1.00213 11.7166 1.00213 11.7105 48514 25 0.0393082
48.0229 10136 8688 0.0692669 1.40298 11.7042 1.40298 11.6981 48521 25 0.0393081
48.0236 11584 7240 0.065548 80.3373 11.7052 80.3373 11.6992 48526 25 0.0393542
48.0815 10136 8688 0.0631522 1.40007 11.6928 1.40007 11.6867 48533 25 0.0390854
48.1397 11584 7240 0.0614516 0.995917 11.6798 0.995917 11.6738 48538 25 0.0392273
48.198 10136 8688 0.0666561 1.39141 11.6674 1.39141 11.6614 48545 25 0.0392039
48.256 11584 7240 0.064129 0.997979 11.6546 0.997979 11.6486 48550 25 0.0393065
48.3143 10136 8688 0.0694516 1.39141 11.6422 1.39141 11.6362 48557 25 0.039316
48.315 11584 7240 0.0657967 80.3373 11.6432 80.3373 11.6372 48562 25 0.039363
48.3732 10136 8688 0.0633482 1.39428 11.6309 1.39428 11.6249 48569 25 0.0390914
48.4317 11584 7240 0.0618172 0.989782 11.618 0.989782 11.6121 48574 25 0.0392372
48.4902 10136 8688 0.067026 1.3857 11.6057 1.3857 11.5997 48581 25 0.0392178
48.5482 11584 7240 0.0643768 0.997979 11.593 0.997979 11.587 48586 25 0.0393145
48.6062 10136 8688 0.0695219 1.40007 11.5809 1.40007 11.5749 48593 25 0.039319
48.6069 11584 7240 0.0657188 80.3373 11.5819 80.3373 11.5759 48598 25 0.0393603
48.6648 10136 8688 0.063171 1.40007 11.5698 1.40007 11.5638 48605 25 0.039086
48.7231 11584 7240 0.0616849 0.993864 11.5571 0.993864 11.5512 48610 25 0.0392336
48.7816 10136 8688 0.067033 1.3857 11.5449 1.3857 11.539 48617 25 0.0392181
48.84 11584 7240 0.0641608 0.991819 11.5323 0.991819 11.5264 48622 25 0.0393075
48.8981 10136 8688 0.0695823 1.39428 11.5202 1.39428 11.5143 48629 25 0.0393216
48.8989 11584 7240 0.065855 80.3373 11.5213 80.3373 11.5153 48634 25 0.0393651
48.9567 10136 8688 0.0632622 1.40298 11.5093 1.40298 11.5034 48641 25 0.0390887
49.0147 11584 7240 0.0615253 0.997979 11.4969 0.997979 11.491 48646 25 0.0392292
49.0729 10136 8688 0.0667054 1.39428 11.4849 1.39428 11.479 48653 25 0.0392057
49.131 11584 7240 0.064162 0.995917 11.4725 0.995917 11.4666 48658 25 0.0393075
49.1891 10136 8688 0.0694738 1.39717 11.4606 1.39717 11.4547 48665 25 0.0393169
49.1898 11584 7240 0.0656865 80.3373 11.4616 80.3373 11.4557 48670 25 0.0393591
49.2475 10136 8688 0.0630537 1.4059 11.4498 1.4059 11.4439 48677 25 0.0390824
49.3055 11584 7240 0.0614949 0.997979 11.4375 0.997979 11.4316 48682 25 0.0392284
49.3636 10136 8688 0.0666851 1.39428 11.4257 1.39428 11.4198 48689 25 0.0392049
49.4214 11584 7240 0.0639277 1.00213 11.4135 1.00213 11.4076 48694 25 0.0393
49.4789 10136 8688 0.0689711 1.41179 11.4019 1.41179 11.396 48701 25 0.0392956
49.4796 11584 7240 0.0653498 80.3373 11.4029 80.3373 11.397 48706 25 0.0393473
49.5368 10136 8688 0.0626894 1.41772 11.3914 1.41772 11.3855 48713 25 0.0390716
49.5946 11584 7240 0.0611415 1.00213 11.3793 1.00213 11.3734 48718 25 0.039219
49.6529 10136 8688 0.066339 1.39141 11.3675 1.39141 11.3617 48725 25 0.0391921
49.7114 11584 7240 0.0639165 0.989782 11.3553 0.989782 11.3495 48730 25 0.0392997
49.7698 10136 8688 0.0693093 1.38855 11.3436 1.38855 11.3378 48737 25 0.0393099
49.7705 11584 7240 0.0659064 80.3373 11.3446 80.3373 11.3388 48742 25 0.039367
49.8285 10136 8688 0.0633924 1.39717 11.333 1.39717 11.3272 48749 25 0.0390927
49.8868 11584 7240 0.0616125 0.993864 11.321 0.993864 11.3151 48754 25 0.0392316
49.9451 10136 8688 0.0669845 1.39141 11.3094 1.39141 11.3036 48761 25 0.0392162
50.0033 11584 7240 0.0642396 0.995917 11.2974 0.995917 11.2916 48766 25 0.03931
50.0615 10136 8688 0.0694301 1.39141 11.2858 1.39141 11.2801 48773 25 0.0393151
50.0623 11584 7240 0.0658916 80.3373 11.2868 80.3373 11.281 48778 25 0.0393664
50.1019 5792 8688 0.0626552 0.875667 11.2786 0.875667 11.2728 48781 25 0.0391579
50.1714 10136 2896 0.0569888 0.667161 11.2639 0.667161 11.2581 48785 25 0.039748
50.2203 11584 7240 0.0562659 2.13034 11.255 2.13034 11.2492 48794 25 0.0391146
50.2611 13032 8688 0.0572426 1.98902 11.2475 1.98902 11.2417 48801 25 0.0389412
50.3025 14480 10136 0.0520063 1.96004 11.2398 1.96004 11.2341 48808 25 0.0386818
50.3468 15928 11584 0.053061 2.34956 11.232 2.34956 11.2263 48817 25 0.0385018
50.3478 17376 13032 0.0496002 108.455 11.2339 108.455 11.2281 48826 25 0.0382897
50.3925 20272 14480 0.0473595 2.84854 11.2264 2.84854 11.2207 48837 25 0.0381163
50.4387 23168 17376 0.0467197 3.01046 11.2189 3.01046 11.2132 48849 25 0.0377417
50.488 26064 20272 0.047566 3.29187 11.2112 3.29187 11.2054 48863 25 0.0373662
50.5423 27512 23168 0.0501323 3.41256 11.2028 3.41256 11.1971 48879 25 0.0369809
50.596 28960 24616 0.053093 3.6664 11.1948 3.6664 11.1891 48896 25 0.036817
50.6454 27512 26064 0.0597273 4.45667 11.1882 4.45667 11.1825 48915 25 0.0367436
50.6476 28960 24616 0.0527488 91.049 11.1916 91.049 11.1859 48932 25 0.0368136
50.6939 31856 26064 0.0483567 4.74531 11.1857 4.74531 11.18 48951 25 0.0366237
50.7394 36200 28960 0.0465506 5.10078 11.1803 5.10078 11.1746 48971 25 0.0362864
50.7879 40544 33304 0.0477685 5.48839 11.1748 5.48839 11.1691 48994 25 0.0357352
50.8396 41992 37648 0.0532035 6.05332 11.1696 6.05332 11.1639 49021 25 0.0351707
50.8916 43440 39096 0.0523857 6.01138 11.1644 6.01138 11.1587 49048 25 0.0349821
50.9423 44888 40544 0.0547958 6.62497 11.1598 6.62497 11.1542 49077 25 0.0348288
50.9913 47784 41992 0.0506715 6.8523 11.1557 6.8523 11.15 49106 25 0.0346274
51.0405 49232 44888 0.0529075 7.54267 11.1522 7.54267 11.1465 49138 25 0.0342687
51.0906 50680 46336 0.0537159 7.62916 11.1488 7.62916 11.1431 49171 25 0.0340989
51.1418 53576 47784 0.0512079 7.46798 11.1451 7.46798 11.1394 49204 25 0.0339161
51.1937 55024 50680 0.0556529 8.03373 11.1419 8.03373 11.1363 49240 25 0.0335924
51.2458 56472 52128 0.0567632 8.21884 11.139 8.21884 11.1333 49277 25 0.0334341
51.2971 59368 53576 0.0524166 8.35358 11.1362 8.35358 11.1305 49314 25 0.0332183
51.3483 60816 56472 0.0563116 9.05209 11.1341 9.05209 11.1284 49354 25 0.0328997
51.4 62264 57920 0.0564403 9.19208 11.1321 9.19208 11.1265 49395 25 0.0327271
51.4518 65160 59368 0.0522674 9.17076 11.1302 9.17076 11.1245 49436 25 0.0325174
51.5043 63712 62264 0.0575882 9.70666 11.1287 9.70666 11.1231 49480 25 0.0322266
51.5572 60816 60816 0.0583837 9.42138 11.127 9.42138 11.1213 49523 25 0.0324333
51.6105 62264 57920 0.0533303 8.68512 11.1244 8.68512 11.1188 49563 25 0.0326843
51.6153 63712 59368 0.0533939 98.8149 11.1326 98.8149 11.127 49604 25 0.0325108
51.6702 65160 60816 0.0550394 9.07091 11.1304 9.07091 11.1248 49647 25 0.0323575
51.7239 66608 62264 0.0539983 9.27384 11.1285 9.27384 11.1229 49690 25 0.0321707
51.7773 68056 63712 0.0541645 9.77076 11.1271 9.77076 11.1215 49735 25 0.0319999
51.8313 69504 65160 0.0542461 9.66195 11.1256 9.66195 11.12 49780 25 0.0318286
51.887 70952 66608 0.0564055 9.76514 11.1241 9.76514 11.1185 49827 25 0.0316884
51.9431 72400 68056 0.0563129 9.70241 11.1226 9.70241 11.117 49874 25 0.0315154
51.9991 70952 69504 0.0569675 10.137 11.1215 10.137 11.1159 49923 25 0.0313558
52.0555 72400 68056 0.0566557 9.66103 11.1199 9.66103 11.1144 49970 25 0.0315212
52.1116 70952 69504 0.0571217 10.1153 11.1188 10.1153 11.1133 50019 25 0.0313586
52.1682 69504 68056 0.0567924 9.62001 11.1172 9.62001 11.1117 50066 25 0.0315236
52.2243 68056 66608 0.0573807 9.70241 11.1157 9.70241 11.1101 50113 25 0.0317057
52.2803 69504 65160 0.0563058 9.30948 11.1138 9.30948 11.1082 50158 25 0.0318586
52.3374 66608 66608 0.0581017 9.539 11.112 9.539 11.1065 50205 25 0.0317372
52.3946 65160 63712 0.0575091 8.91137 11.1096 8.91137 11.1041 50249 25 0.0320523
52.451 66608 62264 0.0568393 8.82001 11.1072 8.82001 11.1016 50292 25 0.0322128
52.5079 63712 63712 0.0582182 9.1717 11.1051 9.1717 11.0996 50337 25 0.0320838
52.5646 62264 60816 0.0570995 8.57839 11.1023 8.57839 11.0968 50379 25 0.0323908
52.6214 60816 59368 0.0569615 8.35644 11.0994 8.35644 11.0939 50420 25 0.032562
52.6781 57920 57920 0.0586701 8.37415 11.0964 8.37415 11.091 50461 25 0.0327872
52.7353 56472 55024 0.0575329 7.69618 11.0928 7.69618 11.0873 50499 25 0.0330966
52.7923 55024 53576 0.0572556 7.52527 11.0889 7.52527 11.0834 50536 25 0.033267
52.85 52128 52128 0.0598857 7.4312 11.0849 7.4312 11.0794 50573 25 0.0335161
52.9074 50680 49232 0.0578168 6.85724 11.0803 6.85724 11.0749 50607 25 0.0338072
52.9648 49232 47784 0.0576052 6.65556 11.0755 6.65556 11.0701 50640 25 0.0339806
53.0222 44888 46336 0.0606037 6.66951 11.0708 6.66951 11.0653 50673 25 0.0342717
53.0796 43440 41992 0.0579611 5.84883 11.0651 5.84883 11.0597 50702 25 0.034702
53.1368 40544 40544 0.060899 5.8734 11.0595 5.8734 11.0541 50731 25 0.0349665
53.1942 39096 37648 0.0579053 5.24378 11.0533 5.24378 11.0478 50757 25 0.0352417
53.2514 40544 36200 0.0576118 5.06328 11.0468 5.06328 11.0414 50782 25 0.0354171
53.309 37648 37648 0.0621093 5.43409 11.0408 5.43409 11.0353 50809 25 0.0353601
53.3662 36200 34752 0.0584174 4.86075 11.0341 4.86075 11.0287 50833 25 0.0356149
53.4236 37648 33304 0.0576361 4.63872 11.0273 4.63872 11.0218 50856 25 0.0357814
53.481 34752 34752 0.0636713 5.04209 11.0208 5.04209 11.0154 50881 25 0.0357695
53.5387 33304 31856 0.058858 4.41855 11.0137 4.41855 11.0083 50903 25 0.035989
53.5414 34752 30408 0.0579637 92.0228 11.0177 92.0228 11.0123 50924 25 0.0361534
53.5984 36200 31856 0.0575219 4.66802 11.011 4.66802 11.0056 50947 25 0.0359618
53.6555 37648 33304 0.0573813 4.66802 11.0042 4.66802 10.9988 50970 25 0.0357765
53.713 36200 34752 0.0594714 5.04209 10.9978 5.04209 10.9924 50995 25 0.035638
53.7704 34752 33304 0.0580955 4.63872 10.991 4.63872 10.9857 51018 25 0.0357904
53.8278 33304 31856 0.0601074 4.63872 10.9843 4.63872 10.9789 51041 25 0.0360177
53.8851 31856 30408 0.0581169 4.24424 10.9771 4.24424 10.9717 51062 25 0.0361565
53.9423 30408 28960 0.0603615 4.25315 10.97 4.25315 10.9646 51083 25 0.0363905
53.9995 31856 27512 0.0582587 3.84809 10.9624 3.84809 10.9571 51102 25 0.0365269
54.057 28960 28960 0.0607614 4.23536 10.9553 4.23536 10.9499 51123 25 0.036418
54.1147 27512 26064 0.0585375 3.61518 10.9474 3.61518 10.9421 51141 25 0.0367171
54.172 28960 24616 0.0578843 3.43581 10.9395 3.43581 10.9342 51158 25 0.0368887
54.2289 26064 26064 0.0613879 3.86433 10.9321 3.86433 10.9267 51177 25 0.0368028
54.286 27512 23168 0.0585192 3.24732 10.924 3.24732 10.9187 51193 25 0.0370871
54.3432 28960 24616 0.057647 3.44303 10.9161 3.44303 10.9108 51210 25 0.0368841
54.4009 26064 26064 0.0631014 3.81602 10.9086 3.81602 10.9033 51229 25 0.0368516
54.4584 24616 23168 0.0595338 3.2202 10.9005 3.2202 10.8951 51245 25 0.0371094
54.515 26064 21720 0.0581174 3.07022 10.8923 3.07022 10.887 51260 25 0.0372646
54.5716 23168 23168 0.0640607 3.47958 10.8846 3.47958 10.8793 51277 25 0.0372518
54.5735 21720 20272 0.059377 84.3542 10.8872 84.3542 10.8819 51291 25 0.037478
54.6305 23168 18824 0.0580852 2.64401 10.8786 2.64401 10.8733 51304 25 0.037637
54.6877 21720 20272 0.0606634 3.03797 10.8704 3.03797 10.8651 51319 25 0.0375089
54.745 23168 18824 0.0588163 2.62738 10.8618 2.62738 10.8565 51332 25 0.0376523
54.8022 21720 20272 0.0616221 3.03797 10.8536 3.03797 10.8484 51347 25 0.0375341
54.8594 23168 18824 0.0590495 2.6329 10.8451 2.6329 10.8398 51360 25 0.0376574
54.9166 21720 20272 0.0621132 3.03797 10.8369 3.03797 10.8317 51375 25 0.0375477
54.9737 23168 18824 0.059241 2.63845 10.8284 2.63845 10.8232 51388 25 0.0376617
