0.0400495 14480 0 0 0 0 0 0 0 0 0.0439727
0.0802196 18824 13032 0.04 2.88373 1.44404 2.88373 1.44404 10 0 0.0390555
0.0804599 20272 15928 0.04 192.81 2.01561 192.81 2.01561 14 0 0.0387228
0.0807002 21720 17376 0.04 144.607 2.44024 144.607 2.44024 17 0 0.0385718
0.0809406 23168 18824 0.04 144.607 2.86235 144.607 2.86235 20 0 0.038421
0.0811809 24616 20272 0.040125 144.607 3.28196 144.607 3.28196 23 0 0.0382656
0.120387 26064 21720 0.0451094 0.886402 2.50181 0.886402 2.50181 26 0 0.0379422
0.120627 27512 23168 0.0444707 144.607 2.78492 144.607 2.78492 29 0 0.0378118
0.120867 28960 24616 0.0439119 144.607 3.0669 144.607 3.0669 32 0 0.0376799
0.121108 30408 26064 0.0435479 144.607 3.34777 144.607 3.34777 35 0 0.0375425
0.121348 31856 27512 0.0432294 144.607 3.62752 144.607 3.62752 38 0 0.0374042
0.121588 33304 28960 0.0429507 144.607 3.90617 144.607 3.90617 41 0 0.037265
0.121828 34752 30408 0.0427069 144.607 4.18372 144.607 4.18372 44 0 0.037125
0.122069 36200 31856 0.0424935 144.607 4.46017 144.607 4.46017 47 0 0.0369844
0.160554 37648 33304 0.0470568 0.903008 3.60752 0.903008 3.60752 50 0 0.0366977
0.160794 39096 34752 0.0461747 144.607 3.81826 144.607 3.81826 53 0 0.0365739
0.161034 40544 36200 0.0455279 144.607 4.02836 144.607 4.02836 56 0 0.036445
0.161274 41992 37648 0.0449619 144.607 4.23784 144.607 4.23784 59 0 0.0363149
0.161515 43440 39096 0.0444667 144.607 4.4467 144.607 4.4467 62 0 0.0361835
0.161755 44888 40544 0.0439083 144.607 4.65494 144.607 4.65494 65 0 0.0360549
0.161995 46336 41992 0.0434198 144.607 4.86256 144.607 4.86256 68 0 0.0359249
0.162236 47784 43440 0.0431173 144.607 5.06956 144.607 5.06956 71 0 0.0357893
0.162476 49232 44888 0.0428526 144.607 5.27595 144.607 5.27595 74 0 0.035653
0.162716 50680 46336 0.0426211 144.607 5.48173 144.607 5.48173 77 0 0.0355159
0.162957 52128 47784 0.0424184 144.607 5.68691 144.607 5.68691 80 0 0.0353782
0.163197 53576 49232 0.0422411 144.607 5.89148 144.607 5.89148 83 0 0.0352401
0.200721 55024 50680 0.046711 0.926141 4.96324 0.926141 4.96324 86 0 0.0349571
0.200961 56472 52128 0.0458721 144.607 5.13023 144.607 5.13023 89 0 0.0348362
0.201201 57920 53576 0.0452631 144.607 5.29683 144.607 5.29683 92 0 0.0347102
0.201441 59368 55024 0.0447302 144.607 5.46303 144.607 5.46303 95 0 0.034583
0.201682 60816 56472 0.0441389 144.607 5.62883 144.607 5.62883 98 0 0.0344584
0.201922 62264 57920 0.0436216 144.607 5.79423 144.607 5.79423 101 0 0.0343324
0.202162 63712 59368 0.0432939 144.607 5.95925 144.607 5.95925 104 0 0.0342009
0.202403 65160 60816 0.0430071 144.607 6.12387 144.607 6.12387 107 0 0.0340685
0.202643 66608 62264 0.0427562 144.607 6.2881 144.607 6.2881 110 0 0.0339353
0.202883 68056 63712 0.0425367 144.607 6.45194 144.607 6.45194 113 0 0.0338014
0.203124 69504 65160 0.0424696 144.607 6.6154 144.607 6.6154 116 0 0.0336626
0.203364 70952 66608 0.0422859 144.607 6.77847 144.607 6.77847 119 0 0.0335282
0.203604 72400 68056 0.0421252 144.607 6.94115 144.607 6.94115 122 0 0.0333933
0.203845 73848 69504 0.0419845 144.607 7.10345 144.607 7.10345 125 0 0.033258
0.204085 75296 70952 0.0419865 144.607 7.26537 144.607 7.26537 128 0 0.033118
0.204325 76744 72400 0.0419882 144.607 7.4269 144.607 7.4269 131 0 0.0329782
0.204566 78192 73848 0.0419896 144.607 7.58806 144.607 7.58806 134 0 0.0328388
0.204806 79640 75296 0.0418659 144.607 7.74884 144.607 7.74884 137 0 0.0327042
0.240887 81088 76744 0.0462577 0.963152 6.73244 0.963152 6.73244 140 0 0.0324254
0.241128 82536 78192 0.0456005 144.607 6.86985 144.607 6.86985 143 0 0.0323054
0.241368 83984 79640 0.0450254 144.607 7.00699 144.607 7.00699 146 0 0.0321841
0.241608 85432 81088 0.0445222 144.607 7.14386 144.607 7.14386 149 0 0.0320615
0.241849 86880 82536 0.043957 144.607 7.28045 144.607 7.28045 152 0 0.0319417
0.242089 88328 83984 0.0435873 144.607 7.41677 144.607 7.41677 155 0 0.0318164
0.242329 89776 85432 0.0432639 144.607 7.55283 144.607 7.55283 158 0 0.0316901
0.24257 91224 86880 0.0429809 144.607 7.68861 144.607 7.68861 161 0 0.0315629
0.24281 92672 88328 0.0427333 144.607 7.82412 144.607 7.82412 164 0 0.031435
0.24305 94120 89776 0.0426416 144.607 7.95937 144.607 7.95937 167 0 0.0313021
0.243291 95568 91224 0.0424364 144.607 8.09435 144.607 8.09435 170 0 0.0311734
0.243531 97016 92672 0.0422569 144.607 8.22906 144.607 8.22906 173 0 0.0310442
0.243771 98464 94120 0.0420998 144.607 8.36351 144.607 8.36351 176 0 0.0309146
0.244012 99912 95568 0.0420873 144.607 8.49769 144.607 8.49769 179 0 0.0307801
0.244252 101360 97016 0.0420764 144.607 8.63161 144.607 8.63161 182 0 0.0306459
0.244492 102808 98464 0.0420668 144.607 8.76527 144.607 8.76527 185 0 0.0305119
0.244733 104256 99912 0.0419335 144.607 8.89866 144.607 8.89866 188 0 0.0303827
0.244973 105704 101360 0.0418168 144.607 9.03179 144.607 9.03179 191 0 0.0302532
0.245213 107152 102808 0.0418397 144.607 9.16466 144.607 9.16466 194 0 0.0301189
0.245454 108600 104256 0.0418597 144.607 9.29727 144.607 9.29727 197 0 0.0299851
0.245694 110048 105704 0.0418773 144.607 9.42962 144.607 9.42962 200 0 0.0298516
0.245934 111496 107152 0.0418926 144.607 9.56171 144.607 9.56171 203 0 0.0297185
0.246175 112944 108600 0.041906 144.607 9.69355 144.607 9.69355 206 0 0.0295858
0.246415 114392 110048 0.0419178 144.607 9.82512 144.607 9.82512 209 0 0.0294534
0.246655 115840 111496 0.0419281 144.607 9.95644 144.607 9.95644 212 0 0.0293214
0.246895 117288 112944 0.041937 144.607 10.0875 144.607 10.0875 215 0 0.0291898
0.247136 118736 114392 0.0420699 144.607 10.2183 144.607 10.2183 218 0 0.0290539
0.281421 120184 115840 0.0464362 1.01361 9.09691 1.01361 9.09691 221 0 0.0287857
0.281662 121632 117288 0.0457567 144.607 9.21253 144.607 9.21253 224 0 0.0286741
0.281902 123080 118736 0.0450371 144.607 9.32796 144.607 9.32796 227 0 0.028565
0.282142 124528 120184 0.0445324 144.607 9.44318 144.607 9.44318 230 0 0.0284505
0.282382 125976 121632 0.0440909 144.607 9.55821 144.607 9.55821 233 0 0.0283348
0.282623 127424 123080 0.0437045 144.607 9.67305 144.607 9.67305 236 0 0.028218
0.282863 128872 124528 0.0433665 144.607 9.78769 144.607 9.78769 239 0 0.0281002
0.283103 130320 125976 0.0431956 144.607 9.90213 144.607 9.90213 242 0 0.0279772
0.283344 131768 127424 0.0429212 144.607 10.0164 144.607 10.0164 245 0 0.0278581
0.283584 133216 128872 0.042681 144.607 10.1304 144.607 10.1304 248 0 0.0277383
0.283824 134664 130320 0.0424709 144.607 10.2443 144.607 10.2443 251 0 0.0276179
0.284065 136112 131768 0.042412 144.607 10.358 144.607 10.358 254 0 0.0274925
0.284305 137560 133216 0.0423605 144.607 10.4715 144.607 10.4715 257 0 0.0273671
0.284545 139008 134664 0.0423155 144.607 10.5847 144.607 10.5847 260 0 0.0272419
0.284786 140456 136112 0.042151 144.607 10.6978 144.607 10.6978 263 0 0.0271211
0.285026 141904 137560 0.0421322 144.607 10.8107 144.607 10.8107 266 0 0.0269955
0.285266 143352 139008 0.0421156 144.607 10.9235 144.607 10.9235 269 0 0.0268702
0.285507 144800 140456 0.0421012 144.607 11.036 144.607 11.036 272 0 0.026745
0.285747 146248 141904 0.0420885 144.607 11.1483 144.607 11.1483 275 0 0.0266201
0.285987 147696 143352 0.0420775 144.607 11.2605 144.607 11.2605 278 0 0.0264954
0.286228 149144 144800 0.0420678 144.607 11.3724 144.607 11.3724 281 0 0.0263709
0.286468 150592 146248 0.0420593 144.607 11.4842 144.607 11.4842 284 0 0.0262468
0.286708 152040 147696 0.0420519 144.607 11.5958 144.607 11.5958 287 0 0.0261228
0.286949 153488 149144 0.0420454 144.607 11.7072 144.607 11.7072 290 0 0.0259992
0.287189 154936 150592 0.0421647 144.607 11.8184 144.607 11.8184 293 0 0.0258713
0.287429 156384 152040 0.0422691 144.607 11.9294 144.607 11.9294 296 0 0.0257443
0.28767 157832 153488 0.0423605 144.607 12.0403 144.607 12.0403 299 0 0.0256181
0.28791 159280 154936 0.0424404 144.607 12.1509 144.607 12.1509 302 0 0.0254926
0.28815 160728 156384 0.0425104 144.607 12.2614 144.607 12.2614 305 0 0.0253677
0.28839 162176 157832 0.0425716 144.607 12.3717 144.607 12.3717 308 0 0.0252435
0.288631 163624 159280 0.0426251 144.607 12.4818 144.607 12.4818 311 0 0.0251198
0.288871 165072 160728 0.042672 144.607 12.5917 144.607 12.5917 314 0 0.0249967
0.289111 166520 162176 0.042838 144.607 12.7014 144.607 12.7014 317 0 0.0248698
0.289352 167968 163624 0.0429832 144.607 12.811 144.607 12.811 320 0 0.0247439
0.289592 169416 165072 0.0429853 144.607 12.9204 144.607 12.9204 323 0 0.0246232
0.289832 170864 166520 0.0429872 144.607 13.0295 144.607 13.0295 326 0 0.0245029
0.290073 172312 167968 0.0431138 144.607 13.1386 144.607 13.1386 329 0 0.0243786
0.290313 173760 169416 0.0432246 144.607 13.2474 144.607 13.2474 332 0 0.0242551
0.290553 175208 170864 0.0433215 144.607 13.356 144.607 13.356 335 0 0.0241325
0.290794 176656 172312 0.0434063 144.607 13.4645 144.607 13.4645 338 0 0.0240105
0.291034 178104 173760 0.0434805 144.607 13.5728 144.607 13.5728 341 0 0.0238892
0.322429 179552 175208 0.0431704 1.10692 12.359 1.10692 12.359 344 0 0.0237811
0.32267 181000 176656 0.0428991 144.607 12.4575 144.607 12.4575 347 0 0.023672
0.32291 182448 178104 0.0426617 144.607 12.5558 144.607 12.5558 350 0 0.0235623
0.32315 183896 179552 0.042579 144.607 12.654 144.607 12.654 353 0 0.0234475
0.323391 185344 181000 0.0425066 144.607 12.7521 144.607 12.7521 356 0 0.0233327
0.323631 186792 182448 0.0423183 144.607 12.85 144.607 12.85 359 0 0.0232223
0.323871 188240 183896 0.0421535 144.607 12.9478 144.607 12.9478 362 0 0.0231115
0.324112 189688 185344 0.0421343 144.607 13.0454 144.607 13.0454 365 0 0.0229957
0.324352 191136 186792 0.0421175 144.607 13.1429 144.607 13.1429 368 0 0.0228802
0.324592 192584 188240 0.0421028 144.607 13.2402 144.607 13.2402 371 0 0.0227649
0.324832 194032 189688 0.04209 144.607 13.3374 144.607 13.3374 374 0 0.0226498
0.325073 195480 191136 0.0420787 144.607 13.4344 144.607 13.4344 377 0 0.022535
0.325313 196928 192584 0.0420689 144.607 13.5313 144.607 13.5313 380 0 0.0224204
0.325553 198376 194032 0.0420603 144.607 13.6281 144.607 13.6281 383 0 0.022306
0.325794 199824 195480 0.0420528 144.607 13.7247 144.607 13.7247 386 0 0.022192
0.326034 201272 196928 0.0421712 144.607 13.8212 144.607 13.8212 389 0 0.0220737
0.326274 202720 198376 0.0422748 144.607 13.9175 144.607 13.9175 392 0 0.0219562
0.326515 204168 199824 0.0422404 144.607 14.0137 144.607 14.0137 395 0 0.021844
0.326755 205616 201272 0.0422104 144.607 14.1098 144.607 14.1098 398 0 0.0217319
0.326995 207064 202720 0.0421841 144.607 14.2057 144.607 14.2057 401 0 0.02162
0.327236 208512 204168 0.0422861 144.607 14.3014 144.607 14.3014 404 0 0.0215038
0.327476 209960 205616 0.0423753 144.607 14.397 144.607 14.397 407 0 0.0213884
0.327716 211408 207064 0.0424534 144.607 14.4925 144.607 14.4925 410 0 0.0212737
0.327957 212856 208512 0.0423967 144.607 14.5879 144.607 14.5879 413 0 0.021164
0.328197 214304 209960 0.0424721 144.607 14.6831 144.607 14.6831 416 0 0.02105
0.328437 215752 211408 0.0425381 144.607 14.7782 144.607 14.7782 419 0 0.0209367
0.328678 217200 212856 0.0425958 144.607 14.8731 144.607 14.8731 422 0 0.0208239
0.328918 218648 214304 0.0426464 144.607 14.9679 144.607 14.9679 425 0 0.0207116
0.329158 220096 215752 0.0428156 144.607 15.0625 144.607 15.0625 428 0 0.0205956
0.329399 221544 217200 0.0429636 144.607 15.157 144.607 15.157 431 0 0.0204807
0.329639 222992 218648 0.0429682 144.607 15.2514 144.607 15.2514 434 0 0.020371
0.329879 224440 220096 0.0429721 144.607 15.3456 144.607 15.3456 437 0 0.0202616
0.33012 225888 221544 0.0431006 144.607 15.4397 144.607 15.4397 440 0 0.0201482
0.33036 227336 222992 0.043213 144.607 15.5337 144.607 15.5337 443 0 0.0200357
0.3306 228784 224440 0.0433114 144.607 15.6275 144.607 15.6275 446 0 0.0199241
0.33084 230232 225888 0.0433975 144.607 15.7212 144.607 15.7212 449 0 0.0198131
0.331081 231680 227336 0.0434728 144.607 15.8148 144.607 15.8148 452 0 0.0197028
0.331321 233128 228784 0.0435387 144.607 15.9082 144.607 15.9082 455 0 0.0195932
0.331561 234576 230232 0.0435964 144.607 16.0015 144.607 16.0015 458 0 0.0194841
0.331802 236024 231680 0.0436468 144.607 16.0946 144.607 16.0946 461 0 0.0193756
0.332042 237472 233128 0.043816 144.607 16.1876 144.607 16.1876 464 0 0.0192635
0.332282 238920 234576 0.043964 144.607 16.2805 144.607 16.2805 467 0 0.0191524
0.332523 240368 236024 0.0439685 144.607 16.3733 144.607 16.3733 470 0 0.0190463
0.332763 241816 237472 0.0439724 144.607 16.4659 144.607 16.4659 473 0 0.0189404
0.333003 243264 238920 0.0441009 144.607 16.5583 144.607 16.5583 476 0 0.0188309
0.333244 244712 240368 0.0442133 144.607 16.6507 144.607 16.6507 479 0 0.0187223
0.333484 246160 241816 0.0443116 144.607 16.7429 144.607 16.7429 482 0 0.0186144
0.333724 247608 243264 0.0443976 144.607 16.835 144.607 16.835 485 0 0.0185072
0.333965 249056 244712 0.0443479 144.607 16.9269 144.607 16.9269 488 0 0.0184045
0.334205 250504 246160 0.0444294 144.607 17.0187 144.607 17.0187 491 0 0.0182981
0.334445 251952 247608 0.0445008 144.607 17.1104 144.607 17.1104 494 0 0.0181922
0.334686 253400 249056 0.0445632 144.607 17.202 144.607 17.202 497 0 0.018087
0.334926 254848 250504 0.0446178 144.607 17.2934 144.607 17.2934 500 0 0.0179823
0.335166 256296 251952 0.0447906 144.607 17.3847 144.607 17.3847 503 0 0.0178743
0.335407 257744 253400 0.0448167 144.607 17.4758 144.607 17.4758 506 0 0.0177711
0.335647 259192 254848 0.0448396 144.607 17.5668 144.607 17.5668 509 0 0.0176683
0.335887 260640 256296 0.0448597 144.607 17.6577 144.607 17.6577 512 0 0.0175658
0.336128 262088 257744 0.0450022 144.607 17.7485 144.607 17.7485 515 0 0.01746
0.336368 263536 259192 0.0451269 144.607 17.8391 144.607 17.8391 518 0 0.0173551
0.336608 264984 260640 0.0452361 144.607 17.9296 144.607 17.9296 521 0 0.0172509
0.336848 266432 262088 0.0452066 144.607 18.02 144.607 18.02 524 0 0.0171512
0.363437 267880 263536 0.0485557 1.30701 16.7973 1.30701 16.7973 527 0 0.0169629
0.363678 269328 264984 0.0476113 144.607 16.8818 144.607 16.8818 530 0 0.0168854
0.363918 270776 266432 0.0467849 144.607 16.9661 144.607 16.9661 533 0 0.0168068
0.364158 272224 267880 0.0461868 144.607 17.0503 144.607 17.0503 536 0 0.0167236
0.364399 273672 269328 0.0456634 144.607 17.1345 144.607 17.1345 539 0 0.0166392
0.364639 275120 270776 0.0450805 144.607 17.2185 144.607 17.2185 542 0 0.0165574
0.364879 276568 272224 0.0445704 144.607 17.3024 144.607 17.3024 545 0 0.0164743
0.36512 278016 273672 0.0442491 144.607 17.3862 144.607 17.3862 548 0 0.0163861
0.36536 279464 275120 0.043968 144.607 17.4699 144.607 17.4699 551 0 0.0162971
0.3656 280912 276568 0.043722 144.607 17.5534 144.607 17.5534 554 0 0.0162074
0.365841 282360 278016 0.0435067 144.607 17.6369 144.607 17.6369 557 0 0.0161171
0.366081 283808 279464 0.0433184 144.607 17.7202 144.607 17.7202 560 0 0.0160263
0.366321 285256 280912 0.0431536 144.607 17.8035 144.607 17.8035 563 0 0.0159351
0.366562 286704 282360 0.0430094 144.607 17.8866 144.607 17.8866 566 0 0.0158435
0.366802 288152 283808 0.0428832 144.607 17.9696 144.607 17.9696 569 0 0.0157516
0.367042 289600 285256 0.0428978 144.607 18.0526 144.607 18.0526 572 0 0.0156553
0.367282 291048 286704 0.0429106 144.607 18.1354 144.607 18.1354 575 0 0.0155593
0.367523 292496 288152 0.0427968 144.607 18.2181 144.607 18.2181 578 0 0.0154679
0.367763 293944 289600 0.0426972 144.607 18.3006 144.607 18.3006 581 0 0.0153764
0.368003 295392 291048 0.042735 144.607 18.3831 144.607 18.3831 584 0 0.0152804
0.368244 296840 292496 0.0427681 144.607 18.4655 144.607 18.4655 587 0 0.0151849
0.368484 298288 293944 0.0427971 144.607 18.5478 144.607 18.5478 590 0 0.0150899
0.368724 299736 295392 0.0428225 144.607 18.6299 144.607 18.6299 593 0 0.0149952
0.368965 301184 296840 0.0427197 144.607 18.712 144.607 18.712 596 0 0.0149053
0.369205 302632 298288 0.0427547 144.607 18.7939 144.607 18.7939 599 0 0.0148109
0.369445 304080 299736 0.0427854 144.607 18.8758 144.607 18.8758 602 0 0.014717
0.369686 305528 301184 0.0428122 144.607 18.9575 144.607 18.9575 605 0 0.0146235
0.369926 306976 302632 0.0428357 144.607 19.0391 144.607 19.0391 608 0 0.0145304
0.370166 308424 304080 0.0429812 144.607 19.1207 144.607 19.1207 611 0 0.0144334
0.370407 309872 305528 0.0431086 144.607 19.2021 144.607 19.2021 614 0 0.0143374
0.370647 311320 306976 0.04322 144.607 19.2834 144.607 19.2834 617 0 0.0142423
0.370887 312768 308424 0.0431925 144.607 19.3646 144.607 19.3646 620 0 0.0141521
0.371128 314216 309872 0.0432934 144.607 19.4457 144.607 19.4457 623 0 0.014058
0.371368 315664 311320 0.0433818 144.607 19.5267 144.607 19.5267 626 0 0.0139645
0.371608 317112 312768 0.043459 144.607 19.6076 144.607 19.6076 629 0 0.0138718
0.371849 318560 314216 0.0435267 144.607 19.6884 144.607 19.6884 632 0 0.0137796
0.372089 320008 315664 0.0437108 144.607 19.769 144.607 19.769 635 0 0.013684
0.372329 321456 317112 0.043747 144.607 19.8496 144.607 19.8496 638 0 0.0135935
0.37257 322904 318560 0.0437786 144.607 19.9301 144.607 19.9301 641 0 0.0135035
0.37281 324352 320008 0.0438063 144.607 20.0105 144.607 20.0105 644 0 0.0134139
0.37305 325800 321456 0.0439555 144.607 20.0907 144.607 20.0907 647 0 0.0133207
0.37329 327248 322904 0.0440861 144.607 20.1709 144.607 20.1709 650 0 0.0132284
0.373531 328696 324352 0.0442003 144.607 20.2509 144.607 20.2509 653 0 0.013137
0.373771 330144 325800 0.0441753 144.607 20.3309 144.607 20.3309 656 0 0.0130503
0.374011 331592 327248 0.0442784 144.607 20.4108 144.607 20.4108 659 0 0.0129598
0.374252 333040 328696 0.0443686 144.607 20.4905 144.607 20.4905 662 0 0.0128701
0.374492 334488 330144 0.0444475 144.607 20.5702 144.607 20.5702 665 0 0.012781
0.374732 335936 331592 0.0445166 144.607 20.6497 144.607 20.6497 668 0 0.0126925
0.374973 337384 333040 0.044577 144.607 20.7291 144.607 20.7291 671 0 0.0126047
0.375213 338832 334488 0.0446299 144.607 20.8085 144.607 20.8085 674 0 0.0125173
0.375453 340280 335936 0.0446761 144.607 20.8877 144.607 20.8877 677 0 0.0124305
0.375694 341728 337384 0.0447166 144.607 20.9669 144.607 20.9669 680 0 0.0123441
0.375934 343176 338832 0.044752 144.607 21.0459 144.607 21.0459 683 0 0.0122582
0.376174 344624 340280 0.044908 144.607 21.1248 144.607 21.1248 686 0 0.012169
0.376415 346072 341728 0.0450445 144.607 21.2037 144.607 21.2037 689 0 0.0120806
0.376655 347520 343176 0.045039 144.607 21.2824 144.607 21.2824 692 0 0.0119969
0.376895 348968 344624 0.0450341 144.607 21.3611 144.607 21.3611 695 0 0.0119134
0.377136 350416 346072 0.0451548 144.607 21.4396 144.607 21.4396 698 0 0.0118264
0.377376 351864 347520 0.0452605 144.607 21.518 144.607 21.518 701 0 0.0117403
0.377616 353312 348968 0.0453529 144.607 21.5964 144.607 21.5964 704 0 0.0116548
0.377857 354760 350416 0.0454338 144.607 21.6746 144.607 21.6746 707 0 0.01157
0.378097 356208 351864 0.0455046 144.607 21.7527 144.607 21.7527 710 0 0.0114858
0.378337 357656 353312 0.0455665 144.607 21.8308 144.607 21.8308 713 0 0.0114022
0.378578 359104 354760 0.0456207 144.607 21.9087 144.607 21.9087 716 0 0.0113191
0.378818 360552 356208 0.0456681 144.607 21.9865 144.607 21.9865 719 0 0.0112365
0.379058 362000 357656 0.0458346 144.607 22.0643 144.607 22.0643 722 0 0.0111508
0.379298 363448 359104 0.0459803 144.607 22.1419 144.607 22.1419 725 0 0.011066
0.379539 364896 360552 0.0459827 144.607 22.2195 144.607 22.2195 728 0 0.0109856
0.379779 366344 362000 0.0459849 144.607 22.2969 144.607 22.2969 731 0 0.0109055
0.380019 367792 363448 0.0461118 144.607 22.3743 144.607 22.3743 734 0 0.0108222
0.38026 369240 364896 0.0462228 144.607 22.4515 144.607 22.4515 737 0 0.0107397
0.3805 370688 366344 0.04632 144.607 22.5287 144.607 22.5287 740 0 0.0106579
0.38074 372136 367792 0.046405 144.607 22.6057 144.607 22.6057 743 0 0.0105767
0.380981 373584 369240 0.0464793 144.607 22.6827 144.607 22.6827 746 0 0.0104961
0.381221 375032 370688 0.0465444 144.607 22.7595 144.607 22.7595 749 0 0.0104161
0.381461 376480 372136 0.0466014 144.607 22.8363 144.607 22.8363 752 0 0.0103366
0.381702 377928 373584 0.0466512 144.607 22.913 144.607 22.913 755 0 0.0102576
0.381942 379376 375032 0.0466948 144.607 22.9895 144.607 22.9895 758 0 0.010179
0.382182 380824 376480 0.0468579 144.607 23.066 144.607 23.066 761 0 0.0100977
0.382423 382272 377928 0.0470007 144.607 23.1424 144.607 23.1424 764 0 0.0100172
0.382663 383720 379376 0.0470006 144.607 23.2187 144.607 23.2187 767 0 0.00994069
0.382903 385168 380824 0.0470005 144.607 23.2949 144.607 23.2949 770 0 0.00986451
0.383144 386616 382272 0.0471255 144.607 23.371 144.607 23.371 773 0 0.0097854
0.383384 388064 383720 0.0472348 144.607 23.447 144.607 23.447 776 0 0.00970702
0.383624 389512 385168 0.0473304 144.607 23.5229 144.607 23.5229 779 0 0.0096293
0.383865 390960 386616 0.0474141 144.607 23.5987 144.607 23.5987 782 0 0.00955221
0.384105 392408 388064 0.0474874 144.607 23.6744 144.607 23.6744 785 0 0.00947568
0.384345 393856 389512 0.0475514 144.607 23.75 144.607 23.75 788 0 0.0093997
0.384586 395304 390960 0.0476075 144.607 23.8255 144.607 23.8255 791 0 0.00932421
0.384826 396752 392408 0.0476566 144.607 23.9009 144.607 23.9009 794 0 0.00924921
0.385066 398200 393856 0.0478245 144.607 23.9763 144.607 23.9763 797 0 0.0091716
0.385306 399648 395304 0.0479714 144.607 24.0515 144.607 24.0515 800 0 0.00909485
0.405166 401096 396752 0.047225 1.74986 22.9583 1.74986 22.9583 803 0 0.00904047
0.405407 402544 398200 0.0465719 144.607 23.0305 144.607 23.0305 806 0 0.00898498
0.405647 403992 399648 0.0460004 144.607 23.1025 144.607 23.1025 809 0 0.00892836
0.405887 405440 401096 0.0455003 144.607 23.1744 144.607 23.1744 812 0 0.00887061
0.406128 406888 402544 0.0451878 144.607 23.2463 144.607 23.2463 815 0 0.00880807
0.406368 408336 403992 0.0447893 144.607 23.3181 144.607 23.3181 818 0 0.00874862
0.406608 409784 405440 0.0444407 144.607 23.3897 144.607 23.3897 821 0 0.00868824
0.406849 411232 406888 0.0441356 144.607 23.4613 144.607 23.4613 824 0 0.00862702
0.407089 412680 408336 0.0439936 144.607 23.5329 144.607 23.5329 827 0 0.00856104
0.407329 414128 409784 0.0438694 144.607 23.6043 144.607 23.6043 830 0 0.00849482
0.40757 415576 411232 0.0437607 144.607 23.6756 144.607 23.6756 833 0 0.00842842
0.40781 417024 412680 0.0435407 144.607 23.7469 144.607 23.7469 836 0 0.008366
0.40805 418472 414128 0.0434731 144.607 23.8181 144.607 23.8181 839 0 0.00829891
0.408291 419920 415576 0.0434139 144.607 23.8892 144.607 23.8892 842 0 0.00823185
0.408531 421368 417024 0.0433622 144.607 23.9602 144.607 23.9602 845 0 0.00816485
0.408771 422816 418472 0.0433169 144.607 24.0311 144.607 24.0311 848 0 0.00809793
0.409012 424264 419920 0.0434023 144.607 24.102 144.607 24.102 851 0 0.00802697
0.409252 425712 421368 0.043352 144.607 24.1727 144.607 24.1727 854 0 0.00796081
0.409492 427160 422816 0.043308 144.607 24.2434 144.607 24.2434 857 0 0.00789475
0.409733 428608 424264 0.0432695 144.607 24.314 144.607 24.314 860 0 0.00782881
0.409973 430056 425712 0.0432358 144.607 24.3845 144.607 24.3845 863 0 0.007763
0.410213 431504 427160 0.0433313 144.607 24.455 144.607 24.455 866 0 0.00769317
0.410453 432952 428608 0.0434149 144.607 24.5253 144.607 24.5253 869 0 0.00762406
0.410694 434400 430056 0.0433631 144.607 24.5956 144.607 24.5956 872 0 0.00755974
0.410934 435848 431504 0.0433177 144.607 24.6658 144.607 24.6658 875 0 0.00749552
0.411174 437296 432952 0.043403 144.607 24.7359 144.607 24.7359 878 0 0.00742724
0.411415 438744 434400 0.0434776 144.607 24.8059 144.607 24.8059 881 0 0.00735962
0.411655 440192 435848 0.0435429 144.607 24.8758 144.607 24.8758 884 0 0.00729262
0.411895 441640 437296 0.0436 144.607 24.9457 144.607 24.9457 887 0 0.0072262
0.412136 443088 438744 0.04365 144.607 25.0154 144.607 25.0154 890 0 0.00716031
0.412376 444536 440192 0.0436938 144.607 25.0851 144.607 25.0851 893 0 0.00709494
0.412616 445984 441640 0.0437321 144.607 25.1548 144.607 25.1548 896 0 0.00703004
0.412857 447432 443088 0.0437655 144.607 25.2243 144.607 25.2243 899 0 0.00696559
0.413097 448880 444536 0.0439199 144.607 25.2937 144.607 25.2937 902 0 0.00689755
0.413337 450328 445984 0.0440549 144.607 25.3631 144.607 25.3631 905 0 0.00683047
0.413578 451776 447432 0.044173 144.607 25.4324 144.607 25.4324 908 0 0.00676426
0.413818 453224 448880 0.0441514 144.607 25.5016 144.607 25.5016 911 0 0.00670278
0.414058 454672 450328 0.0442575 144.607 25.5707 144.607 25.5707 914 0 0.00663757
0.414299 456120 451776 0.0443503 144.607 25.6398 144.607 25.6398 917 0 0.00657309
0.414539 457568 453224 0.0444315 144.607 25.7088 144.607 25.7088 920 0 0.00650929
0.414779 459016 454672 0.0445026 144.607 25.7776 144.607 25.7776 923 0 0.00644611
0.41502 460464 456120 0.0446897 144.607 25.8465 144.607 25.8465 926 0 0.00637968
0.41526 461912 457568 0.0447285 144.607 25.9152 144.607 25.9152 929 0 0.00631812
0.4155 463360 459016 0.0447625 144.607 25.9838 144.607 25.9838 932 0 0.00625701
0.415741 464808 460464 0.0447921 144.607 26.0524 144.607 26.0524 935 0 0.00619633
0.415981 466256 461912 0.0448181 144.607 26.1209 144.607 26.1209 938 0 0.00613606
0.416221 467704 463360 0.0449659 144.607 26.1893 144.607 26.1893 941 0 0.00607242
0.416461 469152 464808 0.0450951 144.607 26.2576 144.607 26.2576 944 0 0.00600967
0.416702 470600 466256 0.0450832 144.607 26.3259 144.607 26.3259 947 0 0.00595144
0.416942 472048 467704 0.0450728 144.607 26.3941 144.607 26.3941 950 0 0.00589347
0.417182 473496 469152 0.0451887 144.607 26.4622 144.607 26.4622 953 0 0.00583203
0.417423 474944 470600 0.0452901 144.607 26.5302 144.607 26.5302 956 0 0.00577135
0.417663 476392 472048 0.0453789 144.607 26.5981 144.607 26.5981 959 0 0.00571136
0.417903 477840 473496 0.0454565 144.607 26.666 144.607 26.666 962 0 0.005652
0.418144 479288 474944 0.0455244 144.607 26.7338 144.607 26.7338 965 0 0.00559324
0.418384 480736 476392 0.0455839 144.607 26.8015 144.607 26.8015 968 0 0.00553502
0.418624 482184 477840 0.0456359 144.607 26.8691 144.607 26.8691 971 0 0.00547733
0.418865 483632 479288 0.0456814 144.607 26.9367 144.607 26.9367 974 0 0.00542013
0.419105 485080 480736 0.0458462 144.607 27.0041 144.607 27.0041 977 0 0.00535983
0.419345 486528 482184 0.0459905 144.607 27.0715 144.607 27.0715 980 0 0.00530047
0.419586 487976 483632 0.0459917 144.607 27.1389 144.607 27.1389 983 0 0.00524543
0.419826 489424 485080 0.0459927 144.607 27.2061 144.607 27.2061 986 0 0.0051907
0.420066 490872 486528 0.0461186 144.607 27.2733 144.607 27.2733 989 0 0.00513278
0.420307 492320 487976 0.0462288 144.607 27.3403 144.607 27.3403 992 0 0.00507562
0.420547 493768 489424 0.0463252 144.607 27.4074 144.607 27.4074 995 0 0.00501916
0.420787 495216 490872 0.0464095 144.607 27.4743 144.607 27.4743 998 0 0.00496335
0.421028 496664 492320 0.0464833 144.607 27.5412 144.607 27.5412 1001 0 0.00490813
0.421268 498112 493768 0.0465479 144.607 27.6079 144.607 27.6079 1004 0 0.00485347
0.421508 499560 495216 0.0466044 144.607 27.6746 144.607 27.6746 1007 0 0.00479934
0.421749 501008 496664 0.0466539 144.607 27.7413 144.607 27.7413 1010 0 0.0047457
0.421989 502456 498112 0.0466971 144.607 27.8078 144.607 27.8078 1013 0 0.00469252
0.422229 503904 499560 0.04686 144.607 27.8743 144.607 27.8743 1016 0 0.00463649
0.422469 505352 501008 0.0470025 144.607 27.9407 144.607 27.9407 1019 0 0.00458134
0.42271 506800 502456 0.0471272 144.607 28.007 144.607 28.007 1022 0 0.00452699
0.42295 508248 503904 0.0471113 144.607 28.0733 144.607 28.0733 1025 0 0.00447657
0.42319 509696 505352 0.0472224 144.607 28.1395 144.607 28.1395 1028 0 0.00442318
0.423431 511144 506800 0.0473196 144.607 28.2056 144.607 28.2056 1031 0 0.00437048
0.423671 512592 508248 0.0474046 144.607 28.2716 144.607 28.2716 1034 0 0.00431839
0.423911 514040 509696 0.0474791 144.607 28.3375 144.607 28.3375 1037 0 0.00426688
0.424152 515488 511144 0.0476692 144.607 28.4034 144.607 28.4034 1040 0 0.00421282
0.424392 516936 512592 0.0477105 144.607 28.4692 144.607 28.4692 1043 0 0.00416276
0.424632 518384 514040 0.0477467 144.607 28.535 144.607 28.535 1046 0 0.00411313
0.424873 519832 515488 0.0477784 144.607 28.6006 144.607 28.6006 1049 0 0.00406391
0.425113 521280 516936 0.0479311 144.607 28.6662 144.607 28.6662 1052 0 0.00401206
0.425353 522728 518384 0.0480647 144.607 28.7317 144.607 28.7317 1055 0 0.003961
0.425594 524176 519832 0.0481816 144.607 28.7971 144.607 28.7971 1058 0 0.00391068
0.425834 525624 521280 0.0481589 144.607 28.8625 144.607 28.8625 1061 0 0.00386396
0.426074 527072 522728 0.048264 144.607 28.9278 144.607 28.9278 1064 0 0.00381453
0.426315 528520 524176 0.048356 144.607 28.993 144.607 28.993 1067 0 0.00376573
0.426555 529968 525624 0.0484365 144.607 29.0581 144.607 29.0581 1070 0 0.0037175
0.426795 531416 527072 0.048507 144.607 29.1232 144.607 29.1232 1073 0 0.00366982
0.427036 532864 528520 0.0486936 144.607 29.1882 144.607 29.1882 1076 0 0.0036198
0.427276 534312 529968 0.0487319 144.607 29.2531 144.607 29.2531 1079 0 0.00357348
0.427516 535760 531416 0.0487654 144.607 29.3179 144.607 29.3179 1082 0 0.00352756
0.427757 537208 532864 0.0487947 144.607 29.3827 144.607 29.3827 1085 0 0.00348204
0.427997 538656 534312 0.0488204 144.607 29.4474 144.607 29.4474 1088 0 0.00343689
0.428237 540104 535760 0.0489678 144.607 29.512 144.607 29.512 1091 0 0.00338935
0.428477 541552 537208 0.0490969 144.607 29.5766 144.607 29.5766 1094 0 0.00334255
0.428718 543000 538656 0.0490848 144.607 29.6411 144.607 29.6411 1097 0 0.00329914
0.428958 544448 540104 0.0490742 144.607 29.7055 144.607 29.7055 1100 0 0.003256
0.429198 545896 541552 0.0491899 144.607 29.7698 144.607 29.7698 1103 0 0.0032104
0.429439 547344 543000 0.0492911 144.607 29.8341 144.607 29.8341 1106 0 0.00316545
0.429679 548792 544448 0.0493798 144.607 29.8983 144.607 29.8983 1109 0 0.00312108
0.429919 550240 545896 0.0494573 144.607 29.9624 144.607 29.9624 1112 0 0.00307725
0.43016 551688 547344 0.0495251 144.607 30.0264 144.607 30.0264 1115 0 0.00303395
0.4304 553136 548792 0.0495845 144.607 30.0904 144.607 30.0904 1118 0 0.00299112
0.43064 554584 550240 0.0496364 144.607 30.1543 144.607 30.1543 1121 0 0.00294875
0.430881 556032 551688 0.0496819 144.607 30.2181 144.607 30.2181 1124 0 0.00290682
0.431121 557480 553136 0.0498466 144.607 30.2819 144.607 30.2819 1127 0 0.00286276
0.431361 558928 554584 0.0499908 144.607 30.3456 144.607 30.3456 1130 0 0.00281946
0.431602 560376 556032 0.050117 144.607 30.4092 144.607 30.4092 1133 0 0.00277686
0.431842 561824 557480 0.0501023 144.607 30.4728 144.607 30.4728 1136 0 0.00273735
0.432082 563272 558928 0.0502145 144.607 30.5363 144.607 30.5363 1139 0 0.00269564
0.432323 564720 560376 0.0503127 144.607 30.5997 144.607 30.5997 1142 0 0.00265453
0.432563 566168 561824 0.0503986 144.607 30.663 144.607 30.663 1145 0 0.00261397
0.432803 567616 563272 0.0504738 144.607 30.7263 144.607 30.7263 1148 0 0.00257393
0.433044 569064 564720 0.0506646 144.607 30.7895 144.607 30.7895 1151 0 0.00253203
0.433284 570512 566168 0.0507065 144.607 30.8526 144.607 30.8526 1154 0 0.00249324
0.433524 571960 567616 0.0507432 144.607 30.9157 144.607 30.9157 1157 0 0.00245485
0.433765 573408 569064 0.0507753 144.607 30.9787 144.607 30.9787 1160 0 0.00241685
0.434005 574856 570512 0.0509284 144.607 31.0416 144.607 31.0416 1163 0 0.00237693
0.434245 576304 571960 0.0510623 144.607 31.1044 144.607 31.1044 1166 0 0.00233771
0.434485 577752 573408 0.0511795 144.607 31.1672 144.607 31.1672 1169 0 0.00229911
0.434726 579200 574856 0.0511571 144.607 31.2299 144.607 31.2299 1172 0 0.00226329
0.434966 580648 576304 0.0511375 144.607 31.2926 144.607 31.2926 1175 0 0.00222772
0.435206 582096 577752 0.0512453 144.607 31.3551 144.607 31.3551 1178 0 0.00219019
0.435447 583544 579200 0.0513396 144.607 31.4176 144.607 31.4176 1181 0 0.00215323
0.435687 584992 580648 0.0514222 144.607 31.4801 144.607 31.4801 1184 0 0.00211678
0.435927 586440 582096 0.0514944 144.607 31.5424 144.607 31.5424 1187 0 0.00208082
0.436168 587888 583544 0.0515576 144.607 31.6047 144.607 31.6047 1190 0 0.00204532
0.436408 589336 584992 0.0516129 144.607 31.667 144.607 31.667 1193 0 0.00201026
0.436648 590784 586440 0.0516613 144.607 31.7291 144.607 31.7291 1196 0 0.00197562
0.436889 592232 587888 0.0517036 144.607 31.7912 144.607 31.7912 1199 0 0.00194138
0.437129 593680 589336 0.0518657 144.607 31.8532 144.607 31.8532 1202 0 0.00190548
0.437369 595128 590784 0.0520075 144.607 31.9152 144.607 31.9152 1205 0 0.00187026
0.43761 596576 592232 0.0520065 144.607 31.9771 144.607 31.9771 1208 0 0.00183763
0.43785 598024 593680 0.0520057 144.607 32.0389 144.607 32.0389 1211 0 0.0018053
0.43809 599472 595128 0.05213 144.607 32.1006 144.607 32.1006 1214 0 0.00177129
0.461526 600920 596576 0.0526137 1.48286 30.5459 1.48286 30.5459 1217 0 0.00173216
0.461766 602368 598024 0.053037 144.607 30.6053 144.607 30.6053 1220 0 0.00169464
0.462007 603816 599472 0.0535324 144.607 30.6646 144.607 30.6646 1223 0 0.00165684
0.462247 605264 600920 0.0539658 144.607 30.7238 144.607 30.7238 1226 0 0.00162057
0.462487 606712 602368 0.0543451 144.607 30.783 144.607 30.783 1229 0 0.00158559
0.462728 608160 603816 0.054677 144.607 30.8421 144.607 30.8421 1232 0 0.00155169
0.462968 609608 605264 0.0548424 144.607 30.9011 144.607 30.9011 1235 0 0.00152
0.463208 611056 606712 0.0551121 144.607 30.9601 144.607 30.9601 1238 0 0.00148763
0.463449 612504 608160 0.0553481 144.607 31.0191 144.607 31.0191 1241 0 0.00145602
0.463689 613952 609608 0.0555545 144.607 31.0779 144.607 31.0779 1244 0 0.00142508
0.463929 615400 611056 0.0557352 144.607 31.1367 144.607 31.1367 1247 0 0.00139475
0.46417 616848 612504 0.0560183 144.607 31.1955 144.607 31.1955 1250 0 0.00136395
0.46441 618296 613952 0.056141 144.607 31.2542 144.607 31.2542 1253 0 0.00133482
0.46465 619744 615400 0.0562484 144.607 31.3128 144.607 31.3128 1256 0 0.00130613
0.464891 621192 616848 0.0563424 144.607 31.3714 144.607 31.3714 1259 0 0.00127787
0.465131 622640 618296 0.0565496 144.607 31.4299 144.607 31.4299 1262 0 0.00124912
0.465371 624088 619744 0.0567309 144.607 31.4883 144.607 31.4883 1265 0 0.00122093
0.465612 625536 621192 0.0568895 144.607 31.5467 144.607 31.5467 1268 0 0.00119324
0.465852 626984 622640 0.0569033 144.607 31.605 144.607 31.605 1271 0 0.00116678
0.466092 628432 624088 0.0570404 144.607 31.6633 144.607 31.6633 1274 0 0.00113987
0.466333 629880 625536 0.0571603 144.607 31.7215 144.607 31.7215 1277 0 0.00111339
0.466573 631328 626984 0.0572653 144.607 31.7796 144.607 31.7796 1280 0 0.00108733
0.466813 632776 628432 0.0573571 144.607 31.8377 144.607 31.8377 1283 0 0.00106165
0.467053 634224 629880 0.0575625 144.607 31.8958 144.607 31.8958 1286 0 0.00103572
0.467294 635672 631328 0.0576172 144.607 31.9537 144.607 31.9537 1289 0 0.00101087
0.467534 637120 632776 0.057665 144.607 32.0116 144.607 32.0116 1292 0 0.00098635
0.467774 638568 634224 0.0577069 144.607 32.0695 144.607 32.0695 1295 0 0.000962165
0.468015 640016 635672 0.0578685 144.607 32.1273 144.607 32.1273 1298 0 0.000937756
0.468255 641464 637120 0.05801 144.607 32.185 144.607 32.185 1301 0 0.000913778
0.468495 642912 638568 0.0581337 144.607 32.2427 144.607 32.2427 1304 0 0.000890204
0.468736 644360 640016 0.058242 144.607 32.3003 144.607 32.3003 1307 0 0.000867012
0.468976 645808 641464 0.0583368 144.607 32.3578 144.607 32.3578 1310 0 0.000844187
0.469216 647256 642912 0.0584197 144.607 32.4153 144.607 32.4153 1313 0 0.000821716
0.469457 648704 644360 0.0584922 144.607 32.4727 144.607 32.4727 1316 0 0.000799587
0.469697 650152 645808 0.0585557 144.607 32.5301 144.607 32.5301 1319 0 0.000777794
0.469937 651600 647256 0.0586112 144.607 32.5874 144.607 32.5874 1322 0 0.000756329
0.470178 653048 648704 0.0587848 144.607 32.6447 144.607 32.6447 1325 0 0.000734867
0.470418 654496 650152 0.0589367 144.607 32.7019 144.607 32.7019 1328 0 0.000713809
0.470658 655944 651600 0.0589446 144.607 32.759 144.607 32.759 1331 0 0.000693379
0.470899 657392 653048 0.0589515 144.607 32.8161 144.607 32.8161 1334 0 0.000673249
0.471139 658840 654496 0.0590826 144.607 32.8731 144.607 32.8731 1337 0 0.000653175
0.471379 660288 655944 0.0591973 144.607 32.9301 144.607 32.9301 1340 0 0.000633458
0.47162 661736 657392 0.0592976 144.607 32.987 144.607 32.987 1343 0 0.000614087
0.47186 663184 658840 0.0593854 144.607 33.0438 144.607 33.0438 1346 0 0.000595049
0.4721 664632 660288 0.0594622 144.607 33.1006 144.607 33.1006 1349 0 0.000576336
0.472341 666080 661736 0.0595295 144.607 33.1574 144.607 33.1574 1352 0 0.000557942
0.472581 667528 663184 0.0595883 144.607 33.214 144.607 33.214 1355 0 0.000539863
0.472821 668976 664632 0.0596397 144.607 33.2707 144.607 33.2707 1358 0 0.000522093
0.473061 670424 666080 0.0598098 144.607 33.3272 144.607 33.3272 1361 0 0.000504568
0.473302 671872 667528 0.0599585 144.607 33.3837 144.607 33.3837 1364 0 0.000487401
0.473542 673320 668976 0.0599637 144.607 33.4402 144.607 33.4402 1367 0 0.000470565
0.473782 674768 670424 0.0599683 144.607 33.4966 144.607 33.4966 1370 0 0.000454028
0.565349 521280 671872 0.0911061 58.8269 37.5992 58.8269 37.5992 1835 0 0.0432835
0.65667 401096 518384 0.0915353 45.4117 38.6856 45.4117 38.6856 2193 0 0.0304879
0.730569 350416 398200 0.0741735 43.1078 39.133 43.1078 39.133 2468 0 0.013568
0.774908 351864 347520 0.0598823 32.1349 38.7325 32.1349 38.7325 2591 0 0.011523
0.775148 353312 348968 0.059772 144.607 38.7654 144.607 38.7654 2594 0 0.0114403
0.775388 354760 350416 0.0596755 144.607 38.7982 144.607 38.7982 2597 0 0.011358
0.775629 356208 351864 0.0595911 144.607 38.831 144.607 38.831 2600 0 0.0112759
0.775869 357656 353312 0.0593922 144.607 38.8637 144.607 38.8637 2603 0 0.0111942
0.776109 359104 354760 0.0593432 144.607 38.8965 144.607 38.8965 2606 0 0.0111128
0.77635 360552 356208 0.0593003 144.607 38.9292 144.607 38.9292 2609 0 0.0110316
0.77659 362000 357656 0.0592627 144.607 38.9619 144.607 38.9619 2612 0 0.0109507
0.831263 386616 359104 0.0545003 52.7578 39.8693 52.7578 39.8693 2861 0 0.0119732
0.889661 393856 383720 0.058429 52.5664 40.7027 52.5664 40.7027 3126 0 0.009636
0.954787 372136 390960 0.0653446 48.2024 41.2143 48.2024 41.2143 3397 0 0.0100342
1.02556 334488 369240 0.0707918 41.7372 41.2503 41.7372 41.2503 3652 0 0.0129458
1.10138 288152 331592 0.075981 35.1396 40.8297 35.1396 40.8297 3882 0 0.0165214
1.18441 234576 285256 0.083136 27.6239 39.9039 27.6239 39.9039 4080 0 0.0209973
1.27814 179552 231680 0.0936863 19.8989 38.437 19.8989 38.437 4241 0 0.0256216
1.3721 136112 176656 0.0940473 15.0401 36.8347 15.0401 36.8347 4363 0 0.0278898
1.45477 111496 133216 0.0833321 12.8913 35.4741 12.8913 35.4741 4455 0 0.0286739
1.52891 97016 108600 0.0745669 11.7186 34.3221 11.7186 34.3221 4530 0 0.0298396
1.60041 86880 94120 0.072374 10.6936 33.2666 10.6936 33.2666 4596 0 0.0309262
1.67539 75296 83984 0.0755026 9.1152 32.1857 9.1152 32.1857 4655 0 0.0320222
1.75577 63712 72400 0.0802412 7.20514 31.042 7.20514 31.042 4705 0 0.0332983
1.83977 52128 60816 0.0838544 5.79256 29.8893 5.79256 29.8893 4747 0 0.0345836
1.9246 41992 49232 0.0848895 4.64272 28.7764 4.64272 28.7764 4781 0 0.0357231
2.00691 34752 39096 0.0827209 3.7999 27.7521 3.7999 27.7521 4808 0 0.0365479
2.16396 27512 31856 0.0903784 1.69649 25.8611 1.69649 25.8611 4831 0 0.0376902
2.1666 23168 24616 0.0822132 74.4946 25.9204 74.4946 25.9204 4848 0 0.0379444
2.32581 18824 20272 0.0906922 1.09138 24.2208 1.09138 24.2208 4863 0 0.0388424
2.3275 15928 15928 0.0849579 75.7466 24.258 75.7466 24.258 4874 0 0.0389569
2.49079 13032 13032 0.0935482 0.70938 22.7142 0.70938 22.7142 4884 0 0.0397624
2.57322 11584 10136 0.0984259 1.12425 22.0226 1.12425 22.0226 4892 0 0.0404064
2.65517 13032 8688 0.101879 0.989492 21.3734 0.989492 21.3734 4899 0 0.0408362
2.65589 11584 10136 0.0953171 112.472 21.3981 112.472 21.3981 4906 0 0.0401772
2.7376 13032 8688 0.0897225 0.992402 20.7891 0.992402 20.7891 4913 0 0.0399658
2.81931 11584 10136 0.0871735 0.992402 20.2153 0.992402 20.2153 4920 0 0.0396683
2.90114 13032 8688 0.0927845 0.990945 19.6731 0.990945 19.6731 4927 0 0.0401572
2.98309 11584 10136 0.0893498 0.989492 19.1598 0.989492 19.1598 4934 0 0.0397913
3.06552 13032 8688 0.0954021 0.983722 18.6711 0.983722 18.6711 4941 0 0.0403357
3.14723 11584 10136 0.0909783 0.992402 18.2121 0.992402 18.2121 4948 0 0.0398895
3.2293 13032 8688 0.0975129 0.988043 17.7744 0.988043 17.7744 4955 0 0.0404896
3.23002 11584 10136 0.0925175 112.472 17.7955 112.472 17.7955 4962 0 0.0399872
3.31173 13032 8688 0.0881651 0.992402 17.3809 0.992402 17.3809 4969 0 0.0398756
3.39343 11584 10136 0.0860345 0.992402 16.9863 0.992402 16.9863 4976 0 0.0396077
3.47526 13032 8688 0.0922263 0.990945 16.6097 0.990945 16.6097 4983 0 0.0401209
3.55721 11584 10136 0.0888508 0.989492 16.2498 0.989492 16.2498 4990 0 0.0397622
3.63964 13032 8688 0.0951096 0.983722 15.9041 0.983722 15.9041 4997 0 0.0403151
3.72135 11584 10136 0.0908918 0.992402 15.5767 0.992402 15.5767 5004 0 0.0398842
3.80354 13032 8688 0.0974466 0.986599 15.2614 0.986599 15.2614 5011 0 0.0404846
3.80426 11584 10136 0.0924574 112.472 15.2798 112.472 15.2798 5018 0 0.0399833
3.88597 13032 8688 0.0880049 0.992402 14.9794 0.992402 14.9794 5025 0 0.0398667
3.96768 11584 10136 0.0860228 0.992402 14.6914 0.992402 14.6914 5032 0 0.039607
4.04927 13032 8688 0.0921101 0.993864 14.4154 0.993864 14.4154 5039 0 0.0401134
4.13098 11584 10136 0.0886479 0.992402 14.1499 0.992402 14.1499 5046 0 0.0397506
4.21293 13032 8688 0.0947563 0.989492 13.8939 0.989492 13.8939 5053 0 0.0402904
4.29463 11584 10136 0.0905457 0.992402 13.6484 0.992402 13.6484 5060 0 0.0398629
4.37682 13032 8688 0.09723 0.986599 13.4107 0.986599 13.4107 5067 0 0.0404685
4.37754 11584 10136 0.0922986 112.472 13.427 112.472 13.427 5074 0 0.0399731
4.45949 13032 8688 0.0881326 0.989492 13.1984 0.989492 13.1984 5081 0 0.0398738
4.5412 11584 10136 0.085999 0.992402 12.9788 0.992402 12.9788 5088 0 0.0396058
4.62303 13032 8688 0.0922211 0.990945 12.7666 0.990945 12.7666 5095 0 0.0401206
4.70498 11584 10136 0.0888473 0.989492 12.5615 0.989492 12.5615 5102 0 0.039762
4.78741 13032 8688 0.0951075 0.983722 12.3621 0.983722 12.3621 5109 0 0.0403149
4.86912 11584 10136 0.090781 0.992402 12.1713 0.992402 12.1713 5116 0 0.0398773
4.95119 13032 8688 0.0973973 0.988043 11.986 0.988043 11.986 5123 0 0.0404809
4.95191 11584 10136 0.092315 112.472 12.0006 112.472 12.0006 5130 0 0.0399741
5.03362 13032 8688 0.0879627 0.992402 11.8219 0.992402 11.8219 5137 0 0.0398643
5.11533 11584 10136 0.0859945 0.992402 11.6489 0.992402 11.6489 5144 0 0.0396056
5.19716 13032 8688 0.0920935 0.990945 11.4811 0.990945 11.4811 5151 0 0.0401124
5.27911 11584 10136 0.0888868 0.989492 11.3183 0.989492 11.3183 5158 0 0.0397643
5.36154 13032 8688 0.0951307 0.983722 11.1594 0.983722 11.1594 5165 0 0.0403165
5.44324 11584 10136 0.0909059 0.992402 11.0068 0.992402 11.0068 5172 0 0.039885
5.52543 13032 8688 0.0973455 0.986599 10.8577 0.986599 10.8577 5179 0 0.0404771
5.52615 11584 10136 0.0924053 112.472 10.871 112.472 10.871 5186 0 0.03998
5.60786 13032 8688 0.0880994 0.992402 10.727 0.992402 10.727 5193 0 0.039872
5.68957 11584 10136 0.0860861 0.992402 10.5872 0.992402 10.5872 5200 0 0.0396103
5.77116 13032 8688 0.0920378 0.993864 10.4516 0.993864 10.4516 5207 0 0.0401088
5.85311 11584 10136 0.0888495 0.989492 10.3191 0.989492 10.3191 5214 0 0.0397622
5.93542 13032 8688 0.0951088 0.985158 10.1897 0.985158 10.1897 5221 0 0.040315
6.01713 11584 10136 0.0907819 0.992402 10.0648 0.992402 10.0648 5228 0 0.0398774
6.0992 13032 8688 0.0973978 0.988043 9.94266 0.988043 9.94266 5235 0 0.040481
6.09992 11584 10136 0.0923153 112.472 9.95478 112.472 9.95478 5242 0 0.0399741
6.18163 13032 8688 0.0879629 0.992402 9.83631 0.992402 9.83631 5249 0 0.0398643
6.26334 11584 10136 0.0859947 0.992402 9.72094 0.992402 9.72094 5256 0 0.0396056
6.34516 13032 8688 0.0920936 0.990945 9.60835 0.990945 9.60835 5263 0 0.0401124
6.42711 11584 10136 0.0888869 0.989492 9.49846 0.989492 9.49846 5270 0 0.0397643
6.5093 13032 8688 0.0951307 0.986599 9.39098 0.986599 9.39098 5277 0 0.0403165
6.59077 11584 10136 0.0906716 0.99533 9.28721 0.99533 9.28721 5284 0 0.0398706
6.67272 13032 8688 0.0972081 0.989492 9.1853 0.989492 9.1853 5291 0 0.0404668
6.67344 11584 10136 0.0920925 112.472 9.19646 112.472 9.19646 5298 0 0.0399598
6.75515 13032 8688 0.0879161 0.992402 9.09722 0.992402 9.09722 5305 0 0.0398617
6.8371 11584 10136 0.0860883 0.989492 9.00005 0.989492 9.00005 5312 0 0.0396105
6.91893 13032 8688 0.0921484 0.990945 8.90532 0.990945 8.90532 5319 0 0.0401159
7.00088 11584 10136 0.0887987 0.989492 8.81266 0.989492 8.81266 5326 0 0.0397592
7.08307 13032 8688 0.0951491 0.986599 8.72185 0.986599 8.72185 5333 0 0.0403178
7.16466 11584 10136 0.0908088 0.993864 8.63385 0.993864 8.63385 5340 0 0.039879
7.24661 13032 8688 0.0972048 0.989492 8.5474 0.989492 8.5474 5347 0 0.0404666
7.24733 11584 10136 0.0921861 112.472 8.55774 112.472 8.55774 5354 0 0.0399658
7.32903 13032 8688 0.0879709 0.992402 8.4734 0.992402 8.4734 5361 0 0.0398647
7.41098 11584 10136 0.086 0.989492 8.39064 0.989492 8.39064 5368 0 0.0396059
7.49281 13032 8688 0.0920967 0.990945 8.30983 0.990945 8.30983 5375 0 0.0401126
7.57476 11584 10136 0.088764 0.989492 8.23063 0.989492 8.23063 5382 0 0.0397572
7.65695 13032 8688 0.0950037 0.986599 8.15288 0.986599 8.15288 5389 0 0.0403076
7.73866 11584 10136 0.0907115 0.992402 8.07727 0.992402 8.07727 5396 0 0.0398731
7.82061 13032 8688 0.0973272 0.989492 8.003 0.989492 8.003 5403 0 0.0404757
7.82133 11584 10136 0.092268 112.472 8.01263 112.472 8.01263 5410 0 0.0399711
7.90304 13032 8688 0.0880189 0.992402 7.94005 0.992402 7.94005 5417 0 0.0398674
7.98475 11584 10136 0.0860322 0.992402 7.86895 0.992402 7.86895 5424 0 0.0396075
8.06658 13032 8688 0.0920318 0.990945 7.79918 0.990945 7.79918 5431 0 0.0401084
8.14853 11584 10136 0.0887205 0.989492 7.7307 0.989492 7.7307 5438 0 0.0397547
8.23096 13032 8688 0.0950039 0.983722 7.66313 0.983722 7.66313 5445 0 0.0403076
8.31266 11584 10136 0.0908073 0.992402 7.59756 0.992402 7.59756 5452 0 0.0398789
8.39473 13032 8688 0.0973834 0.988043 7.53294 0.988043 7.53294 5459 0 0.0404799
8.39545 11584 10136 0.0923057 112.472 7.54196 112.472 7.54196 5466 0 0.0399735
8.47716 13032 8688 0.088041 0.992402 7.47883 0.992402 7.47883 5473 0 0.0398687
8.55887 11584 10136 0.086047 0.992402 7.4169 0.992402 7.4169 5480 0 0.0396083
8.6407 13032 8688 0.0921242 0.990945 7.35605 0.990945 7.35605 5487 0 0.0401143
8.72265 11584 10136 0.0886867 0.989492 7.29623 0.989492 7.29623 5494 0 0.0397528
8.80508 13032 8688 0.0951091 0.983722 7.23714 0.983722 7.23714 5501 0 0.040315
8.88667 11584 10136 0.0908778 0.993864 7.17982 0.993864 7.17982 5508 0 0.0398833
8.9685 13032 8688 0.0972452 0.990945 7.12335 0.990945 7.12335 5515 0 0.0404696
8.96922 11584 10136 0.0921037 112.472 7.13182 112.472 7.13182 5522 0 0.0399605
9.05069 13032 8688 0.0878389 0.99533 7.07658 0.99533 7.07658 5529 0 0.0398574
9.1324 11584 10136 0.0859116 0.992402 7.02215 0.992402 7.02215 5536 0 0.0396013
9.21423 13032 8688 0.0920449 0.990945 6.96859 0.990945 6.96859 5543 0 0.0401092
9.29617 11584 10136 0.0888543 0.989492 6.91588 0.989492 6.91588 5550 0 0.0397624
9.37836 13032 8688 0.0951116 0.986599 6.86391 0.986599 6.86391 5557 0 0.0403152
9.46007 11584 10136 0.0907837 0.992402 6.8132 0.992402 6.8132 5564 0 0.0398775
9.54202 13032 8688 0.0973989 0.989492 6.76319 0.989492 6.76319 5571 0 0.0404811
9.54274 11584 10136 0.092316 112.472 6.77117 112.472 6.77117 5578 0 0.0399742
9.62445 13032 8688 0.0878676 0.992402 6.72211 0.992402 6.72211 5585 0 0.039859
9.70616 11584 10136 0.0859309 0.992402 6.67388 0.992402 6.67388 5592 0 0.0396023
9.78799 13032 8688 0.0920561 0.990945 6.62637 0.990945 6.62637 5599 0 0.04011
9.86994 11584 10136 0.0887368 0.989492 6.57957 0.989492 6.57957 5606 0 0.0397557
9.95237 13032 8688 0.0952222 0.983722 6.53322 0.983722 6.53322 5613 0 0.040323
10.0341 11584 10136 0.0908578 0.992402 6.4881 0.992402 6.4881 5620 0 0.0398821
10.1161 13032 8688 0.0974423 0.988043 6.44348 0.988043 6.44348 5627 0 0.0404843
10.1169 11584 10136 0.0923451 112.472 6.45103 112.472 6.45103 5634 0 0.0399761
10.1986 13032 8688 0.0879804 0.992402 6.4073 0.992402 6.4073 5641 0 0.0398653
10.2803 11584 10136 0.0860064 0.992402 6.36426 0.992402 6.36426 5648 0 0.0396062
10.3621 13032 8688 0.0921004 0.990945 6.32183 0.990945 6.32183 5655 0 0.0401128
10.4441 11584 10136 0.0888915 0.989492 6.27999 0.989492 6.27999 5662 0 0.0397646
10.5265 13032 8688 0.0951334 0.983722 6.23852 0.983722 6.23852 5669 0 0.0403167
10.6082 11584 10136 0.0907984 0.992402 6.19811 0.992402 6.19811 5676 0 0.0398784
10.6903 13032 8688 0.0974074 0.988043 6.15811 0.988043 6.15811 5683 0 0.0404817
10.691 11584 10136 0.0923218 112.472 6.16528 112.472 6.16528 5690 0 0.0399746
10.7727 13032 8688 0.0879667 0.992402 6.12605 0.992402 6.12605 5697 0 0.0398645
10.8544 11584 10136 0.0859972 0.992402 6.0874 0.992402 6.0874 5704 0 0.0396057
10.9362 13032 8688 0.092095 0.990945 6.04927 0.990945 6.04927 5711 0 0.0401125
11.0182 11584 10136 0.0888879 0.989492 6.01163 0.989492 6.01163 5718 0 0.0397644
11.1006 13032 8688 0.0951313 0.983722 5.9743 0.983722 5.9743 5725 0 0.0403166
11.1823 11584 10136 0.0909063 0.992402 5.9379 0.992402 5.9379 5732 0 0.0398851
11.2643 13032 8688 0.0974551 0.989492 5.9019 0.989492 5.9019 5739 0 0.0404853
11.265 11584 10136 0.0922287 112.472 5.90872 112.472 5.90872 5746 0 0.0399685
11.3465 13032 8688 0.0878164 0.99533 5.87344 0.99533 5.87344 5753 0 0.0398561
11.4282 11584 10136 0.0858966 0.992402 5.83854 0.992402 5.83854 5760 0 0.0396005
11.51 13032 8688 0.092161 0.990945 5.80408 0.990945 5.80408 5767 0 0.0401167
11.5922 11584 10136 0.0889321 0.986599 5.76992 0.986599 5.76992 5774 0 0.0397669
11.6744 13032 8688 0.0951572 0.986599 5.73624 0.986599 5.73624 5781 0 0.0403184
11.7558 11584 10136 0.0906893 0.99533 5.70339 0.99533 5.70339 5788 0 0.0398717
11.8376 13032 8688 0.0972185 0.992402 5.67087 0.992402 5.67087 5795 0 0.0404676
11.8383 11584 10136 0.0920995 112.472 5.67738 112.472 5.67738 5802 0 0.0399602
11.92 13032 8688 0.0877951 0.992402 5.64526 0.992402 5.64526 5809 0 0.0398549
12.0017 11584 10136 0.0858823 0.992402 5.61358 0.992402 5.61358 5816 0 0.0395998
12.0835 13032 8688 0.0921234 0.990945 5.58228 0.990945 5.58228 5823 0 0.0401143
12.1655 11584 10136 0.0887819 0.989492 5.55134 0.989492 5.55134 5830 0 0.0397583
12.2477 13032 8688 0.0949442 0.986599 5.52071 0.986599 5.52071 5837 0 0.0403035
12.3291 11584 10136 0.0907809 0.99533 5.49081 0.99533 5.49081 5844 0 0.0398773
12.4111 13032 8688 0.0972722 0.989492 5.46109 0.989492 5.46109 5851 0 0.0404716
12.4118 11584 10136 0.0922312 112.472 5.4673 112.472 5.4673 5858 0 0.0399687
12.4935 13032 8688 0.0879136 0.992402 5.43804 0.992402 5.43804 5865 0 0.0398615
12.5755 11584 10136 0.0859617 0.989492 5.40905 0.989492 5.40905 5872 0 0.0396039
12.6573 13032 8688 0.0921836 0.990945 5.38048 0.990945 5.38048 5879 0 0.0401182
12.7392 11584 10136 0.0888222 0.989492 5.35224 0.989492 5.35224 5886 0 0.0397606
12.8214 13032 8688 0.0950928 0.986599 5.32425 0.986599 5.32425 5893 0 0.0403139
12.903 11584 10136 0.0907711 0.993864 5.29687 0.993864 5.29687 5900 0 0.0398767
12.9852 13032 8688 0.0973915 0.986599 5.26959 0.986599 5.26959 5907 0 0.0404805
12.9859 11584 10136 0.0923111 112.472 5.27554 112.472 5.27554 5914 0 0.0399739
13.0679 13032 8688 0.0880442 0.989492 5.24866 0.989492 5.24866 5921 0 0.0398689
13.1498 11584 10136 0.0860491 0.989492 5.22212 0.989492 5.22212 5928 0 0.0396084
13.2317 13032 8688 0.0923049 0.990945 5.19595 0.990945 5.19595 5935 0 0.040126
13.3135 11584 10136 0.0888078 0.990945 5.17011 0.990945 5.17011 5942 0 0.0397597
13.3954 13032 8688 0.0949593 0.989492 5.14453 0.989492 5.14453 5949 0 0.0403045
13.4769 11584 10136 0.0905567 0.99533 5.11945 0.99533 5.11945 5956 0 0.0398636
13.5591 13032 8688 0.0972658 0.986599 5.0944 0.986599 5.0944 5963 0 0.0404711
13.5598 11584 10136 0.0922269 112.472 5.10011 112.472 5.10011 5970 0 0.0399684
13.6418 13032 8688 0.0879948 0.989492 5.07541 0.989492 5.07541 5977 0 0.0398661
13.7236 11584 10136 0.0860161 0.990945 5.05106 0.990945 5.05106 5984 0 0.0396067
13.8054 13032 8688 0.0921061 0.990945 5.02699 0.990945 5.02699 5991 0 0.0401132
13.8874 11584 10136 0.0888797 0.989492 5.00317 0.989492 5.00317 5998 0 0.0397639
13.9696 13032 8688 0.0950015 0.986599 4.97954 0.986599 4.97954 6005 0 0.0403075
14.051 11584 10136 0.0908193 0.99533 4.95644 0.99533 4.95644 6012 0 0.0398797
14.1329 13032 8688 0.0971697 0.990945 4.93348 0.990945 4.93348 6019 0 0.040464
14.1336 11584 10136 0.0921625 112.472 4.93896 112.472 4.93896 6026 0 0.0399643
14.2153 13032 8688 0.0879571 0.992402 4.91628 0.992402 4.91628 6033 0 0.039864
14.2971 11584 10136 0.0859908 0.990945 4.89381 0.990945 4.89381 6040 0 0.0396054
14.3787 13032 8688 0.0920913 0.993864 4.87168 0.993864 4.87168 6047 0 0.0401122
14.4604 11584 10136 0.0886647 0.992402 4.84976 0.992402 4.84976 6054 0 0.0397515
14.5424 13032 8688 0.0948755 0.989492 4.82801 0.989492 4.82801 6061 0 0.0402987
14.6238 11584 10136 0.0905005 0.99533 4.80666 0.99533 4.80666 6068 0 0.0398601
14.7058 13032 8688 0.0971079 0.989492 4.78538 0.989492 4.78538 6075 0 0.0404594
14.7065 11584 10136 0.0921211 112.472 4.79066 112.472 4.79066 6082 0 0.0399616
14.7882 13032 8688 0.0878234 0.992402 4.76968 0.992402 4.76968 6089 0 0.0398565
14.8699 11584 10136 0.0859012 0.992402 4.74892 0.992402 4.74892 6096 0 0.0396007
14.9515 13032 8688 0.0920388 0.993864 4.72843 0.993864 4.72843 6103 0 0.0401089
15.0332 11584 10136 0.0885201 0.992402 4.70812 0.992402 4.70812 6110 0 0.0397433
15.115 13032 8688 0.0948063 0.990945 4.688 0.990945 4.688 6117 0 0.0402939
15.1966 11584 10136 0.0905793 0.993864 4.66817 0.993864 4.66817 6124 0 0.039865
15.2788 13032 8688 0.0970703 0.986599 4.64836 0.986599 4.64836 6131 0 0.0404566
15.2795 11584 10136 0.0921916 112.472 4.65345 112.472 4.65345 6138 0 0.0399662
15.3615 13032 8688 0.0880698 0.989492 4.6339 0.989492 4.6339 6145 0 0.0398703
15.4434 11584 10136 0.0860663 0.989492 4.61457 0.989492 4.61457 6152 0 0.0396093
15.5253 13032 8688 0.0922449 0.990945 4.59547 0.990945 4.59547 6159 0 0.0401221
15.6072 11584 10136 0.0888633 0.989492 4.57653 0.989492 4.57653 6166 0 0.0397629
15.6894 13032 8688 0.0951169 0.986599 4.55773 0.986599 4.55773 6173 0 0.0403156
15.7711 11584 10136 0.0907873 0.992402 4.53926 0.992402 4.53926 6180 0 0.0398777
15.8533 13032 8688 0.0974009 0.986599 4.52084 0.986599 4.52084 6187 0 0.0404812
15.854 11584 10136 0.0924424 112.472 4.52575 112.472 4.52575 6194 0 0.0399824
15.936 13032 8688 0.0881212 0.989492 4.50756 0.989492 4.50756 6201 0 0.0398732
16.0177 11584 10136 0.0861007 0.992402 4.48963 0.992402 4.48963 6208 0 0.0396111
16.0995 13032 8688 0.0922514 0.990945 4.47185 0.990945 4.47185 6215 0 0.0401225
16.1812 11584 10136 0.0887583 0.992402 4.45428 0.992402 4.45428 6222 0 0.0397569
16.2634 13032 8688 0.0950553 0.986599 4.43675 0.986599 4.43675 6229 0 0.0403113
16.3451 11584 10136 0.090746 0.992402 4.41953 0.992402 4.41953 6236 0 0.0398752
16.4276 13032 8688 0.0973768 0.983722 4.40229 0.983722 4.40229 6243 0 0.0404794
16.4283 11584 10136 0.0925356 112.472 4.40704 112.472 4.40704 6250 0 0.0399884
16.5102 13032 8688 0.0881758 0.989492 4.39007 0.989492 4.39007 6257 0 0.0398762
16.592 11584 10136 0.0862623 0.990945 4.37331 0.990945 4.37331 6264 0 0.0396196
16.6739 13032 8688 0.0922504 0.990945 4.35671 0.990945 4.35671 6271 0 0.0401225
16.7558 11584 10136 0.088867 0.989492 4.34024 0.989492 4.34024 6278 0 0.0397632
16.838 13032 8688 0.0951891 0.986599 4.32387 0.986599 4.32387 6285 0 0.0403206
16.9195 11584 10136 0.0908357 0.99533 4.30785 0.99533 4.30785 6292 0 0.0398807
17.0014 13032 8688 0.0971249 0.989492 4.29185 0.989492 4.29185 6299 0 0.0404606
17.0022 11584 10136 0.0921325 112.472 4.29644 112.472 4.29644 6306 0 0.0399624
17.0839 13032 8688 0.0879395 0.992402 4.28064 0.992402 4.28064 6313 0 0.039863
17.1658 11584 10136 0.085979 0.989492 4.26492 0.989492 4.26492 6320 0 0.0396048
17.2476 13032 8688 0.0922638 0.990945 4.24939 0.990945 4.24939 6327 0 0.0401233
17.3296 11584 10136 0.0887802 0.989492 4.23397 0.989492 4.23397 6334 0 0.0397582
17.4118 13032 8688 0.0950389 0.986599 4.21865 0.986599 4.21865 6341 0 0.0403101
17.4934 11584 10136 0.0908307 0.993864 4.20361 0.993864 4.20361 6348 0 0.0398804
17.5756 13032 8688 0.0973014 0.986599 4.18856 0.986599 4.18856 6355 0 0.0404738
17.5763 11584 10136 0.0923601 112.472 4.193 112.472 4.193 6362 0 0.039977
17.6582 13032 8688 0.0880729 0.989492 4.17814 0.989492 4.17814 6369 0 0.0398705
17.7402 11584 10136 0.0861934 0.989492 4.16341 0.989492 4.16341 6376 0 0.039616
17.822 13032 8688 0.092335 0.990945 4.14884 0.990945 4.14884 6383 0 0.0401279
17.904 11584 10136 0.0889237 0.989492 4.13438 0.989492 4.13438 6390 0 0.0397664
17.9861 13032 8688 0.0950429 0.986599 4.12 0.986599 4.12 6397 0 0.0403104
18.0679 11584 10136 0.0907377 0.992402 4.10585 0.992402 4.10585 6404 0 0.0398747
18.1498 13032 8688 0.0972469 0.989492 4.09178 0.989492 4.09178 6411 0 0.0404697
18.1505 11584 10136 0.0922142 112.472 4.09609 112.472 4.09609 6418 0 0.0399676
18.2322 13032 8688 0.087878 0.992402 4.08218 0.992402 4.08218 6425 0 0.0398596
18.3139 11584 10136 0.0859378 0.992402 4.06839 0.992402 4.06839 6432 0 0.0396026
18.3958 13032 8688 0.0920602 0.990945 4.0547 0.990945 4.0547 6439 0 0.0401102
18.4777 11584 10136 0.0887396 0.989492 4.04111 0.989492 4.04111 6446 0 0.0397558
18.5599 13032 8688 0.0949057 0.986599 4.02758 0.986599 4.02758 6453 0 0.0403008
18.6414 11584 10136 0.0907415 0.99533 4.01433 0.99533 4.01433 6460 0 0.0398749
18.7233 13032 8688 0.0972491 0.989492 4.00109 0.989492 4.00109 6467 0 0.0404699
18.724 11584 10136 0.0922157 112.472 4.00527 112.472 4.00527 6474 0 0.0399677
18.8058 13032 8688 0.0879883 0.992402 3.99218 0.992402 3.99218 6481 0 0.0398657
18.8877 11584 10136 0.0860117 0.989492 3.97915 0.989492 3.97915 6488 0 0.0396065
18.9695 13032 8688 0.0921992 0.990945 3.96626 0.990945 3.96626 6495 0 0.0401192
19.0515 11584 10136 0.0888327 0.989492 3.95345 0.989492 3.95345 6502 0 0.0397612
19.1337 13032 8688 0.0949739 0.986599 3.94071 0.986599 3.94071 6509 0 0.0403056
19.2154 11584 10136 0.0908009 0.992402 3.92817 0.992402 3.92817 6516 0 0.0398786
19.2976 13032 8688 0.0973933 0.986599 3.91564 0.986599 3.91564 6523 0 0.0404806
19.2983 11584 10136 0.0924217 112.472 3.9197 112.472 3.9197 6530 0 0.039981
19.3802 13032 8688 0.0882184 0.989492 3.90731 0.989492 3.90731 6537 0 0.0398787
19.462 11584 10136 0.0860408 0.992402 3.89507 0.992402 3.89507 6544 0 0.039608
19.5438 13032 8688 0.0921206 0.990945 3.88291 0.990945 3.88291 6551 0 0.0401141
19.6255 11584 10136 0.08878 0.992402 3.87088 0.992402 3.87088 6558 0 0.0397581
19.7077 13032 8688 0.0948337 0.986599 3.85885 0.986599 3.85885 6565 0 0.0402958
19.7894 11584 10136 0.0907069 0.992402 3.84701 0.992402 3.84701 6572 0 0.0398728
19.8716 13032 8688 0.0973382 0.986599 3.83518 0.986599 3.83518 6579 0 0.0404765
19.8723 11584 10136 0.0923848 112.472 3.83912 112.472 3.83912 6586 0 0.0399786
19.954 13032 8688 0.0880874 0.992402 3.82747 0.992402 3.82747 6593 0 0.0398713
20.0357 11584 10136 0.0860781 0.992402 3.81591 0.992402 3.81591 6600 0 0.0396099
20.1173 13032 8688 0.091963 0.993864 3.80446 0.993864 3.80446 6607 0 0.040104
20.1993 11584 10136 0.0887838 0.989492 3.79304 0.989492 3.79304 6614 0 0.0397584
20.2814 13032 8688 0.0949453 0.986599 3.78167 0.986599 3.78167 6621 0 0.0403035
20.3632 11584 10136 0.0906723 0.992402 3.77048 0.992402 3.77048 6628 0 0.0398707
20.4451 13032 8688 0.0973336 0.989492 3.75933 0.989492 3.75933 6635 0 0.0404762
20.4458 11584 10136 0.0922723 112.472 3.76316 112.472 3.76316 6642 0 0.0399714
20.5275 13032 8688 0.0879377 0.992402 3.75213 0.992402 3.75213 6649 0 0.0398629
20.6092 11584 10136 0.0858684 0.992402 3.74119 0.992402 3.74119 6656 0 0.039599
20.6911 13032 8688 0.0921445 0.990945 3.73031 0.990945 3.73031 6663 0 0.0401156
20.773 11584 10136 0.088921 0.989492 3.7195 0.989492 3.7195 6670 0 0.0397663
20.8554 13032 8688 0.0951507 0.983722 3.70869 0.983722 3.70869 6677 0 0.0403179
20.9372 11584 10136 0.09081 0.992402 3.69809 0.992402 3.69809 6684 0 0.0398791
21.0193 13032 8688 0.0974142 0.986599 3.68749 0.986599 3.68749 6691 0 0.0404822
21.0201 11584 10136 0.0924513 112.472 3.69122 112.472 3.69122 6698 0 0.0399829
21.1018 13032 8688 0.0881264 0.992402 3.68077 0.992402 3.68077 6705 0 0.0398735
21.1835 11584 10136 0.0861042 0.992402 3.6704 0.992402 3.6704 6712 0 0.0396113
21.2651 13032 8688 0.0920484 0.993864 3.66013 0.993864 3.66013 6719 0 0.0401095
21.3468 11584 10136 0.0887316 0.992402 3.64992 0.992402 3.64992 6726 0 0.0397554
21.4288 13032 8688 0.0948053 0.988043 3.63972 0.988043 3.63972 6733 0 0.0402938
21.5106 11584 10136 0.0905786 0.992402 3.62967 0.992402 3.62967 6740 0 0.0398649
21.5927 13032 8688 0.0972493 0.986599 3.61961 0.986599 3.61961 6747 0 0.0404699
21.5935 11584 10136 0.0922158 112.472 3.62324 112.472 3.62324 6754 0 0.0399677
21.6752 13032 8688 0.0879883 0.992402 3.61332 0.992402 3.61332 6761 0 0.0398657
21.7569 11584 10136 0.0860117 0.992402 3.60348 0.992402 3.60348 6768 0 0.0396065
21.8385 13032 8688 0.0920078 0.993864 3.59373 0.993864 3.59373 6775 0 0.0401069
21.9204 11584 10136 0.0887181 0.989492 3.58399 0.989492 3.58399 6782 0 0.0397546
22.0026 13032 8688 0.0949068 0.986599 3.57429 0.986599 3.57429 6789 0 0.0403009
22.0843 11584 10136 0.0907559 0.992402 3.56474 0.992402 3.56474 6796 0 0.0398758
22.1663 13032 8688 0.0973669 0.989492 3.55522 0.989492 3.55522 6803 0 0.0404787
22.167 11584 10136 0.0921696 112.472 3.55876 112.472 3.55876 6810 0 0.0399647
22.2487 13032 8688 0.0878775 0.992402 3.54934 0.992402 3.54934 6817 0 0.0398595
22.3304 11584 10136 0.0859375 0.992402 3.53998 0.992402 3.53998 6824 0 0.0396026
22.4122 13032 8688 0.09206 0.990945 3.53067 0.990945 3.53067 6831 0 0.0401102
22.4942 11584 10136 0.0888644 0.989492 3.52142 0.989492 3.52142 6838 0 0.039763
22.5766 13032 8688 0.0951176 0.983722 3.51215 0.983722 3.51215 6845 0 0.0403156
22.6583 11584 10136 0.0908971 0.992402 3.50306 0.992402 3.50306 6852 0 0.0398845
22.7405 13032 8688 0.0974497 0.986599 3.49397 0.986599 3.49397 6859 0 0.0404849
22.7412 11584 10136 0.0923501 112.472 3.49742 112.472 3.49742 6866 0 0.0399764
22.8229 13032 8688 0.088067 0.992402 3.48846 0.992402 3.48846 6873 0 0.0398701
22.9047 11584 10136 0.0860644 0.992402 3.47955 0.992402 3.47955 6880 0 0.0396092
22.9862 13032 8688 0.0921344 0.993864 3.47073 0.993864 3.47073 6887 0 0.040115
23.068 11584 10136 0.0886643 0.992402 3.46195 0.992402 3.46195 6894 0 0.0397515
23.1499 13032 8688 0.0947659 0.989492 3.4532 0.989492 3.4532 6901 0 0.040291
23.2316 11584 10136 0.0905521 0.992402 3.44454 0.992402 3.44454 6908 0 0.0398633
23.3138 13032 8688 0.0972338 0.986599 3.43588 0.986599 3.43588 6915 0 0.0404687
23.3145 11584 10136 0.0923012 112.472 3.43925 112.472 3.43925 6922 0 0.0399732
23.3965 13032 8688 0.0880383 0.989492 3.43067 0.989492 3.43067 6929 0 0.0398685
23.4782 11584 10136 0.0860452 0.992402 3.42218 0.992402 3.42218 6936 0 0.0396082
23.56 13032 8688 0.0922482 0.990945 3.41374 0.990945 3.41374 6943 0 0.0401223
23.642 11584 10136 0.0888655 0.989492 3.40534 0.989492 3.40534 6950 0 0.0397631
23.7244 13032 8688 0.0951182 0.983722 3.39692 0.983722 3.39692 6957 0 0.0403157
23.8061 11584 10136 0.0907881 0.992402 3.38867 0.992402 3.38867 6964 0 0.0398778
23.8882 13032 8688 0.0974014 0.988043 3.38042 0.988043 3.38042 6971 0 0.0404812
23.8889 11584 10136 0.0923178 112.472 3.38371 112.472 3.38371 6978 0 0.0399743
23.9706 13032 8688 0.0879643 0.992402 3.37556 0.992402 3.37556 6985 0 0.0398644
24.0523 11584 10136 0.0859956 0.992402 3.36747 0.992402 3.36747 6992 0 0.0396056
24.1341 13032 8688 0.0920941 0.990945 3.35941 0.990945 3.35941 6999 0 0.0401124
24.2161 11584 10136 0.0888873 0.989492 3.35139 0.989492 3.35139 7006 0 0.0397643
24.2985 13032 8688 0.0951309 0.983722 3.34336 0.983722 3.34336 7013 0 0.0403166
24.3802 11584 10136 0.0907967 0.992402 3.33548 0.992402 3.33548 7020 0 0.0398783
24.4624 13032 8688 0.0974065 0.986599 3.32759 0.986599 3.32759 7027 0 0.0404816
24.4631 11584 10136 0.0924461 112.472 3.3308 112.472 3.3308 7034 0 0.0399826
24.5448 13032 8688 0.0881233 0.992402 3.32302 0.992402 3.32302 7041 0 0.0398733
24.6265 11584 10136 0.0861022 0.992402 3.31529 0.992402 3.31529 7048 0 0.0396112
24.7081 13032 8688 0.0920472 0.993864 3.30762 0.993864 3.30762 7055 0 0.0401094
24.7901 11584 10136 0.0888558 0.989492 3.29996 0.989492 3.29996 7062 0 0.0397625
24.8724 13032 8688 0.0951125 0.985158 3.2923 0.985158 3.2923 7069 0 0.0403153
24.9541 11584 10136 0.0907844 0.992402 3.28477 0.992402 3.28477 7076 0 0.0398775
25.0362 13032 8688 0.0973992 0.988043 3.27724 0.988043 3.27724 7083 0 0.0404811
25.0369 11584 10136 0.0923163 112.472 3.28038 112.472 3.28038 7090 0 0.0399742
25.1186 13032 8688 0.0879635 0.992402 3.27294 0.992402 3.27294 7097 0 0.0398643
25.2003 11584 10136 0.0859951 0.992402 3.26554 0.992402 3.26554 7104 0 0.0396056
25.2821 13032 8688 0.0920938 0.990945 3.25818 0.990945 3.25818 7111 0 0.0401124
25.3641 11584 10136 0.088887 0.989492 3.25085 0.989492 3.25085 7118 0 0.0397643
25.4463 13032 8688 0.0951308 0.986599 3.24354 0.986599 3.24354 7125 0 0.0403165
25.5277 11584 10136 0.0906716 0.99533 3.23636 0.99533 3.23636 7132 0 0.0398706
25.6097 13032 8688 0.0971244 0.989492 3.22917 0.989492 3.22917 7139 0 0.0404606
25.6104 11584 10136 0.0921322 112.472 3.23225 112.472 3.23225 7146 0 0.0399623
25.6921 13032 8688 0.0879393 0.992402 3.22513 0.992402 3.22513 7153 0 0.039863
25.7741 11584 10136 0.0861039 0.989492 3.21802 0.989492 3.21802 7160 0 0.0396113
25.8559 13032 8688 0.0921576 0.990945 3.21097 0.990945 3.21097 7167 0 0.0401165
25.9379 11584 10136 0.0888048 0.989492 3.20395 0.989492 3.20395 7174 0 0.0397596
26.02 13032 8688 0.0951526 0.986599 3.19695 0.986599 3.19695 7181 0 0.0403181
26.1016 11584 10136 0.0908112 0.993864 3.19006 0.993864 3.19006 7188 0 0.0398792
26.1836 13032 8688 0.0972062 0.989492 3.18317 0.989492 3.18317 7195 0 0.0404667
26.1843 11584 10136 0.092187 112.472 3.18618 112.472 3.18618 7202 0 0.0399659
26.266 13032 8688 0.0879714 0.992402 3.17936 0.992402 3.17936 7209 0 0.0398648
26.348 11584 10136 0.0860004 0.989492 3.17255 0.989492 3.17255 7216 0 0.0396059
26.4298 13032 8688 0.0920969 0.990945 3.16579 0.990945 3.16579 7223 0 0.0401126
26.5117 11584 10136 0.0887641 0.989492 3.15907 0.989492 3.15907 7230 0 0.0397572
26.5939 13032 8688 0.0949201 0.986599 3.15235 0.986599 3.15235 7237 0 0.0403018
26.6756 11584 10136 0.0907512 0.992402 3.14574 0.992402 3.14574 7244 0 0.0398755
26.7576 13032 8688 0.0973505 0.989492 3.13913 0.989492 3.13913 7251 0 0.0404774
26.7583 11584 10136 0.0922836 112.472 3.14208 112.472 3.14208 7258 0 0.0399721
26.84 13032 8688 0.0880281 0.992402 3.13553 0.992402 3.13553 7265 0 0.0398679
26.9217 11584 10136 0.0860383 0.992402 3.12903 0.992402 3.12903 7272 0 0.0396079
27.0036 13032 8688 0.0920354 0.990945 3.12255 0.990945 3.12255 7279 0 0.0401086
27.0855 11584 10136 0.0887229 0.989492 3.1161 0.989492 3.1161 7286 0 0.0397549
27.1679 13032 8688 0.0949096 0.983722 3.10963 0.983722 3.10963 7293 0 0.0403011
27.2496 11584 10136 0.0908535 0.992402 3.10328 0.992402 3.10328 7300 0 0.0398818
27.3317 13032 8688 0.0974105 0.988043 3.09693 0.988043 3.09693 7307 0 0.0404819
27.3324 11584 10136 0.0923238 112.472 3.09981 112.472 3.09981 7314 0 0.0399747
27.4141 13032 8688 0.0880516 0.992402 3.09353 0.992402 3.09353 7321 0 0.0398693
27.4958 11584 10136 0.0860541 0.992402 3.08729 0.992402 3.08729 7328 0 0.0396087
27.5777 13032 8688 0.0921284 0.990945 3.08107 0.990945 3.08107 7335 0 0.0401146
27.6596 11584 10136 0.0886895 0.989492 3.07487 0.989492 3.07487 7342 0 0.0397529
27.7421 13032 8688 0.0951107 0.983722 3.06866 0.983722 3.06866 7349 0 0.0403151
27.8236 11584 10136 0.0908789 0.993864 3.06257 0.993864 3.06257 7356 0 0.0398834
27.9055 13032 8688 0.0972459 0.990945 3.0565 0.990945 3.0565 7363 0 0.0404696
27.9062 11584 10136 0.0921042 112.472 3.05932 112.472 3.05932 7370 0 0.0399605
27.9877 13032 8688 0.0878391 0.99533 3.05332 0.99533 3.05332 7377 0 0.0398574
28.0694 11584 10136 0.0859118 0.992402 3.04732 0.992402 3.04732 7384 0 0.0396013
28.1512 13032 8688 0.092045 0.990945 3.04134 0.990945 3.04134 7391 0 0.0401093
28.2331 11584 10136 0.0888543 0.989492 3.03538 0.989492 3.03538 7398 0 0.0397624
28.3153 13032 8688 0.0951116 0.986599 3.02944 0.986599 3.02944 7405 0 0.0403152
28.397 11584 10136 0.0907838 0.992402 3.02358 0.992402 3.02358 7412 0 0.0398775
28.479 13032 8688 0.0972739 0.989492 3.01772 0.989492 3.01772 7419 0 0.0404717
28.4797 11584 10136 0.0922323 112.472 3.02049 112.472 3.02049 7426 0 0.0399688
28.5614 13032 8688 0.087998 0.992402 3.01469 0.992402 3.01469 7433 0 0.0398663
28.6431 11584 10136 0.0860182 0.992402 3.00892 0.992402 3.00892 7440 0 0.0396068
28.725 13032 8688 0.0921073 0.990945 3.00317 0.990945 3.00317 7447 0 0.0401133
28.8069 11584 10136 0.0887711 0.989492 2.99744 0.989492 2.99744 7454 0 0.0397576
28.8893 13032 8688 0.0952423 0.983722 2.9917 0.983722 2.9917 7461 0 0.0403244
28.9711 11584 10136 0.0908713 0.992402 2.98606 0.992402 2.98606 7468 0 0.0398829
29.0531 13032 8688 0.0974502 0.988043 2.98042 0.988043 2.98042 7475 0 0.0404849
29.0538 11584 10136 0.0923504 112.472 2.98313 112.472 2.98313 7482 0 0.0399764
29.1356 13032 8688 0.0879835 0.992402 2.97755 0.992402 2.97755 7489 0 0.0398655
29.2173 11584 10136 0.0860085 0.992402 2.972 0.992402 2.972 7496 0 0.0396063
29.2991 13032 8688 0.0921016 0.990945 2.96647 0.990945 2.96647 7503 0 0.0401129
29.381 11584 10136 0.0888923 0.989492 2.96095 0.989492 2.96095 7510 0 0.0397646
29.4635 13032 8688 0.0951339 0.983722 2.95542 0.983722 2.95542 7517 0 0.0403168
29.5452 11584 10136 0.0907987 0.992402 2.94999 0.992402 2.94999 7524 0 0.0398784
29.6272 13032 8688 0.0974076 0.988043 2.94456 0.988043 2.94456 7531 0 0.0404817
29.628 11584 10136 0.0923219 112.472 2.94722 112.472 2.94722 7538 0 0.0399746
29.7097 13032 8688 0.0879668 0.992402 2.94185 0.992402 2.94185 7545 0 0.0398645
29.7914 11584 10136 0.0859973 0.992402 2.9365 0.992402 2.9365 7552 0 0.0396057
29.8732 13032 8688 0.0920951 0.990945 2.93117 0.990945 2.93117 7559 0 0.0401125
29.9552 11584 10136 0.0888879 0.989492 2.92586 0.989492 2.92586 7566 0 0.0397644
30.0376 13032 8688 0.0951313 0.983722 2.92053 0.983722 2.92053 7573 0 0.0403166
30.1193 11584 10136 0.0909063 0.992402 2.9153 0.992402 2.9153 7580 0 0.0398851
30.2013 13032 8688 0.0974551 0.989492 2.91007 0.989492 2.91007 7587 0 0.0404853
30.202 11584 10136 0.0922287 112.472 2.91269 112.472 2.91269 7594 0 0.0399685
30.2834 13032 8688 0.0878164 0.99533 2.90753 0.99533 2.90753 7601 0 0.0398561
30.3651 11584 10136 0.0858966 0.992402 2.90238 0.992402 2.90238 7608 0 0.0396005
30.447 13032 8688 0.092036 0.990945 2.89724 0.990945 2.89724 7615 0 0.0401087
30.5292 11584 10136 0.0888484 0.986599 2.89209 0.986599 2.89209 7622 0 0.0397621
30.6114 13032 8688 0.0952876 0.986599 2.88698 0.986599 2.88698 7629 0 0.0403276
30.6928 11584 10136 0.0907766 0.99533 2.88196 0.99533 2.88196 7636 0 0.0398771
30.7745 13032 8688 0.0972697 0.992402 2.87694 0.992402 2.87694 7643 0 0.0404714
30.7753 11584 10136 0.0921338 112.472 2.87951 112.472 2.87951 7650 0 0.0399624
30.857 13032 8688 0.0878152 0.992402 2.87451 0.992402 2.87451 7657 0 0.0398561
30.9387 11584 10136 0.0858958 0.992402 2.86954 0.992402 2.86954 7664 0 0.0396005
31.0206 13032 8688 0.0921313 0.989492 2.86457 0.989492 2.86457 7671 0 0.0401148
31.1028 11584 10136 0.0887872 0.986599 2.85961 0.986599 2.85961 7678 0 0.0397586
31.185 13032 8688 0.0952517 0.986599 2.85467 0.986599 2.85467 7685 0 0.0403251
31.2665 11584 10136 0.0908776 0.99533 2.84983 0.99533 2.84983 7692 0 0.0398833
31.3482 13032 8688 0.0971494 0.992402 2.84499 0.992402 2.84499 7699 0 0.0404625
31.3489 11584 10136 0.0920239 112.472 2.84751 112.472 2.84751 7706 0 0.0399554
31.4306 13032 8688 0.0877921 0.992402 2.84269 0.992402 2.84269 7713 0 0.0398548
31.5124 11584 10136 0.0858803 0.990945 2.83788 0.990945 2.83788 7720 0 0.0395996
31.5943 13032 8688 0.0921359 0.990945 2.8331 0.990945 2.8331 7727 0 0.0401151
31.6762 11584 10136 0.0887902 0.989492 2.82833 0.989492 2.82833 7734 0 0.0397587
31.7584 13032 8688 0.0950741 0.986599 2.82356 0.986599 2.82356 7741 0 0.0403126
31.8401 11584 10136 0.0907586 0.992402 2.81886 0.992402 2.81886 7748 0 0.039876
31.9223 13032 8688 0.0973841 0.986599 2.81414 0.986599 2.81414 7755 0 0.0404799
31.923 11584 10136 0.0924312 112.472 2.81662 112.472 2.81662 7762 0 0.0399816
32.005 13032 8688 0.0881146 0.989492 2.81194 0.989492 2.81194 7769 0 0.0398728
32.0867 11584 10136 0.0860963 0.992402 2.80731 0.992402 2.80731 7776 0 0.0396109
32.1685 13032 8688 0.0922488 0.990945 2.80269 0.990945 2.80269 7783 0 0.0401224
32.2505 11584 10136 0.0888659 0.989492 2.79808 0.989492 2.79808 7790 0 0.0397631
32.3326 13032 8688 0.0949934 0.986599 2.79348 0.986599 2.79348 7797 0 0.0403069
32.4141 11584 10136 0.0908139 0.99533 2.78896 0.99533 2.78896 7804 0 0.0398794
32.4961 13032 8688 0.0972916 0.989492 2.78442 0.989492 2.78442 7811 0 0.040473
32.4968 11584 10136 0.0922442 112.472 2.78685 112.472 2.78685 7818 0 0.0399695
32.5785 13032 8688 0.0879212 0.992402 2.78235 0.992402 2.78235 7825 0 0.039862
32.6604 11584 10136 0.0859667 0.989492 2.77785 0.989492 2.77785 7832 0 0.0396041
32.7423 13032 8688 0.0921866 0.990945 2.77339 0.990945 2.77339 7839 0 0.0401183
32.8242 11584 10136 0.0888242 0.989492 2.76893 0.989492 2.76893 7846 0 0.0397607
32.9064 13032 8688 0.095094 0.986599 2.76448 0.986599 2.76448 7853 0 0.040314
32.9881 11584 10136 0.0907719 0.992402 2.76009 0.992402 2.76009 7860 0 0.0398768
33.0701 13032 8688 0.0973919 0.989492 2.7557 0.989492 2.7557 7867 0 0.0404805
33.0708 11584 10136 0.0923114 112.472 2.7581 112.472 2.7581 7874 0 0.0399739
33.1527 13032 8688 0.0880444 0.989492 2.75372 0.989492 2.75372 7881 0 0.0398689
33.2347 11584 10136 0.0860492 0.989492 2.74937 0.989492 2.74937 7888 0 0.0396084
33.3165 13032 8688 0.0922212 0.990945 2.74506 0.990945 2.74506 7895 0 0.0401206
33.3982 11584 10136 0.0887381 0.992402 2.74077 0.992402 2.74077 7902 0 0.0397557
33.4804 13032 8688 0.0950435 0.986599 2.73646 0.986599 2.73646 7909 0 0.0403104
33.5621 11584 10136 0.0907381 0.992402 2.73222 0.992402 2.73222 7916 0 0.0398747
33.6443 13032 8688 0.0973721 0.986599 2.72795 0.986599 2.72795 7923 0 0.0404791
33.645 11584 10136 0.0924231 112.472 2.7303 112.472 2.7303 7930 0 0.0399811
33.7267 13032 8688 0.0881098 0.992402 2.72609 0.992402 2.72609 7937 0 0.0398725
33.8085 11584 10136 0.0859974 0.992402 2.7219 0.992402 2.7219 7944 0 0.0396057
33.89 13032 8688 0.0920952 0.993864 2.71774 0.993864 2.71774 7951 0 0.0401125
33.9718 11584 10136 0.088763 0.992402 2.71359 0.992402 2.71359 7958 0 0.0397572
34.0538 13032 8688 0.09474 0.988043 2.70943 0.988043 2.70943 7965 0 0.0402892
34.1355 11584 10136 0.0906305 0.992402 2.70532 0.992402 2.70532 7972 0 0.0398681
34.2177 13032 8688 0.0972797 0.986599 2.7012 0.986599 2.7012 7979 0 0.0404722
34.2184 11584 10136 0.0922362 112.472 2.70351 112.472 2.70351 7986 0 0.039969
34.3001 13032 8688 0.0880003 0.992402 2.69943 0.992402 2.69943 7993 0 0.0398664
34.3819 11584 10136 0.0860197 0.992402 2.69538 0.992402 2.69538 8000 0 0.0396069
34.4634 13032 8688 0.0920125 0.993864 2.69135 0.993864 2.69135 8007 0 0.0401072
34.5454 11584 10136 0.0887213 0.989492 2.68731 0.989492 2.68731 8014 0 0.0397548
34.6276 13032 8688 0.0949086 0.986599 2.68327 0.986599 2.68327 8021 0 0.040301
34.7093 11584 10136 0.0907572 0.992402 2.67929 0.992402 2.67929 8028 0 0.0398759
34.7912 13032 8688 0.0973677 0.989492 2.67531 0.989492 2.67531 8035 0 0.0404787
34.792 11584 10136 0.0921701 112.472 2.67759 112.472 2.67759 8042 0 0.0399648
34.8737 13032 8688 0.0878778 0.992402 2.67364 0.992402 2.67364 8049 0 0.0398595
34.9554 11584 10136 0.0859377 0.992402 2.66971 0.992402 2.66971 8056 0 0.0396026
35.0372 13032 8688 0.0920601 0.990945 2.66579 0.990945 2.66579 8063 0 0.0401102
35.1192 11584 10136 0.0888645 0.989492 2.66188 0.989492 2.66188 8070 0 0.039763
35.2016 13032 8688 0.0951176 0.983722 2.65795 0.983722 2.65795 8077 0 0.0403156
35.2833 11584 10136 0.0908971 0.992402 2.65409 0.992402 2.65409 8084 0 0.0398845
35.3655 13032 8688 0.0974497 0.986599 2.65021 0.986599 2.65021 8091 0 0.0404849
35.3662 11584 10136 0.0923501 112.472 2.65245 112.472 2.65245 8098 0 0.0399764
35.4479 13032 8688 0.088067 0.992402 2.64863 0.992402 2.64863 8105 0 0.0398701
35.5296 11584 10136 0.0860644 0.992402 2.64482 0.992402 2.64482 8112 0 0.0396092
35.6112 13032 8688 0.0920251 0.993864 2.64104 0.993864 2.64104 8119 0 0.040108
35.6929 11584 10136 0.088716 0.992402 2.63726 0.992402 2.63726 8126 0 0.0397545
35.775 13032 8688 0.0947962 0.988043 2.63348 0.988043 2.63348 8133 0 0.0402931
35.8567 11584 10136 0.0905724 0.992402 2.62974 0.992402 2.62974 8140 0 0.0398645
35.9389 13032 8688 0.0972457 0.986599 2.62598 0.986599 2.62598 8147 0 0.0404696
35.9396 11584 10136 0.0923091 112.472 2.62818 112.472 2.62818 8154 0 0.0399737
36.0213 13032 8688 0.088043 0.992402 2.62447 0.992402 2.62447 8161 0 0.0398688
36.103 11584 10136 0.0860484 0.992402 2.62078 0.992402 2.62078 8168 0 0.0396084
36.1846 13032 8688 0.092125 0.993864 2.61711 0.993864 2.61711 8175 0 0.0401144
36.2666 11584 10136 0.0886873 0.989492 2.61343 0.989492 2.61343 8182 0 0.0397528
36.3488 13032 8688 0.0949844 0.986599 2.60976 0.986599 2.60976 8189 0 0.0403063
36.4305 11584 10136 0.0906985 0.992402 2.60613 0.992402 2.60613 8196 0 0.0398723
36.5124 13032 8688 0.0973333 0.989492 2.6025 0.989492 2.6025 8203 0 0.0404762
36.5131 11584 10136 0.0922721 112.472 2.60467 112.472 2.60467 8210 0 0.0399713
36.5948 13032 8688 0.0880213 0.992402 2.60107 0.992402 2.60107 8217 0 0.0398676
36.6766 11584 10136 0.0860338 0.992402 2.59749 0.992402 2.59749 8224 0 0.0396076
36.7584 13032 8688 0.0921165 0.990945 2.59391 0.990945 2.59391 8231 0 0.0401138
36.8403 11584 10136 0.0888866 0.989492 2.59034 0.989492 2.59034 8238 0 0.0397643
36.9228 13032 8688 0.0950056 0.983722 2.58675 0.983722 2.58675 8245 0 0.0403078
37.0045 11584 10136 0.0909178 0.992402 2.58323 0.992402 2.58323 8252 0 0.0398858
37.0867 13032 8688 0.0973524 0.986599 2.57969 0.986599 2.57969 8259 0 0.0404776
37.0874 11584 10136 0.0923943 112.472 2.58183 112.472 2.58183 8266 0 0.0399793
37.1691 13032 8688 0.088093 0.992402 2.57834 0.992402 2.57834 8273 0 0.0398716
37.2508 11584 10136 0.0860818 0.992402 2.57486 0.992402 2.57486 8280 0 0.0396101
37.3324 13032 8688 0.0920489 0.993864 2.5714 0.993864 2.5714 8287 0 0.0401095
37.4141 11584 10136 0.0886363 0.992402 2.56795 0.992402 2.56795 8294 0 0.0397499
37.496 13032 8688 0.0948744 0.989492 2.5645 0.989492 2.5645 8301 0 0.0402986
37.5778 11584 10136 0.0906249 0.992402 2.56109 0.992402 2.56109 8308 0 0.0398677
37.6599 13032 8688 0.097097 0.986599 2.55765 0.986599 2.55765 8315 0 0.0404586
37.6607 11584 10136 0.0922095 112.472 2.55975 112.472 2.55975 8322 0 0.0399673
37.7426 13032 8688 0.0880803 0.989492 2.55634 0.989492 2.55634 8329 0 0.0398709
37.8243 11584 10136 0.0860733 0.992402 2.55297 0.992402 2.55297 8336 0 0.0396097
37.9062 13032 8688 0.0921397 0.990945 2.54959 0.990945 2.54959 8343 0 0.0401153
37.9881 11584 10136 0.0889178 0.989492 2.54623 0.989492 2.54623 8350 0 0.0397661
38.0705 13032 8688 0.0951488 0.983722 2.54285 0.983722 2.54285 8357 0 0.0403178
38.1522 11584 10136 0.0909181 0.992402 2.53953 0.992402 2.53953 8364 0 0.0398858
38.2343 13032 8688 0.0973526 0.988043 2.5362 0.988043 2.5362 8371 0 0.0404776
38.235 11584 10136 0.09241 112.472 2.53827 112.472 2.53827 8378 0 0.0399803
38.3167 13032 8688 0.0881022 0.992402 2.53497 0.992402 2.53497 8385 0 0.0398721
38.3984 11584 10136 0.0859923 0.992402 2.53169 0.992402 2.53169 8392 0 0.0396055
38.4803 13032 8688 0.0922015 0.990945 2.52841 0.990945 2.52841 8399 0 0.0401193
38.5622 11584 10136 0.0888342 0.989492 2.52514 0.989492 2.52514 8406 0 0.0397613
38.6447 13032 8688 0.0950998 0.983722 2.52185 0.983722 2.52185 8413 0 0.0403144
38.7264 11584 10136 0.0908852 0.992402 2.51863 0.992402 2.51863 8420 0 0.0398838
38.8086 13032 8688 0.0974427 0.986599 2.51538 0.986599 2.51538 8427 0 0.0404843
38.8093 11584 10136 0.0924548 112.472 2.51743 112.472 2.51743 8434 0 0.0399832
38.891 13032 8688 0.0880034 0.992402 2.51422 0.992402 2.51422 8441 0 0.0398666
38.9727 11584 10136 0.0860218 0.992402 2.51103 0.992402 2.51103 8448 0 0.039607
39.0543 13032 8688 0.0921095 0.993864 2.50786 0.993864 2.50786 8455 0 0.0401134
39.136 11584 10136 0.0886476 0.992402 2.5047 0.992402 2.5047 8462 0 0.0397505
39.2181 13032 8688 0.094881 0.988043 2.50152 0.988043 2.50152 8469 0 0.0402991
39.2998 11584 10136 0.0906293 0.992402 2.49839 0.992402 2.49839 8476 0 0.039868
39.382 13032 8688 0.0971833 0.986599 2.49523 0.986599 2.49523 8483 0 0.040465
39.3827 11584 10136 0.0921716 112.472 2.49724 112.472 2.49724 8490 0 0.0399649
39.4644 13032 8688 0.0879624 0.992402 2.49413 0.992402 2.49413 8497 0 0.0398643
39.5461 11584 10136 0.0859944 0.992402 2.49103 0.992402 2.49103 8504 0 0.0396056
39.6277 13032 8688 0.0920934 0.993864 2.48794 0.993864 2.48794 8511 0 0.0401124
39.7096 11584 10136 0.0886661 0.989492 2.48485 0.989492 2.48485 8518 0 0.0397516
39.7918 13032 8688 0.094972 0.986599 2.48176 0.986599 2.48176 8525 0 0.0403054
39.8735 11584 10136 0.0907859 0.992402 2.4787 0.992402 2.4787 8532 0 0.0398776
39.9555 13032 8688 0.0973708 0.989492 2.47565 0.989492 2.47565 8539 0 0.040479
39.9562 11584 10136 0.0921879 112.472 2.47763 112.472 2.47763 8546 0 0.0399659
40.0379 13032 8688 0.087972 0.992402 2.4746 0.992402 2.4746 8553 0 0.0398648
40.1196 11584 10136 0.0860007 0.992402 2.47158 0.992402 2.47158 8560 0 0.0396059
40.2014 13032 8688 0.0920971 0.990945 2.46857 0.990945 2.46857 8567 0 0.0401126
40.2834 11584 10136 0.0888736 0.989492 2.46556 0.989492 2.46556 8574 0 0.0397635
40.3658 13032 8688 0.094998 0.983722 2.46254 0.983722 2.46254 8581 0 0.0403072
40.4475 11584 10136 0.0909127 0.992402 2.45957 0.992402 2.45957 8588 0 0.0398855
40.5296 13032 8688 0.0974452 0.988043 2.45659 0.988043 2.45659 8595 0 0.0404845
40.5303 11584 10136 0.092347 112.472 2.45854 112.472 2.45854 8602 0 0.0399762
40.6123 13032 8688 0.0881746 0.989492 2.45558 0.989492 2.45558 8609 0 0.0398762
40.6942 11584 10136 0.0861365 0.989492 2.45263 0.989492 2.45263 8616 0 0.039613
40.7763 13032 8688 0.0924111 0.988043 2.44968 0.988043 2.44968 8623 0 0.0401329
40.8581 11584 10136 0.0889746 0.990945 2.44676 0.990945 2.44676 8630 0 0.0397694
40.9401 13032 8688 0.0950728 0.989492 2.44384 0.989492 2.44384 8637 0 0.0403125
41.0215 11584 10136 0.0907577 0.99533 2.44096 0.99533 2.44096 8644 0 0.0398759
41.1035 13032 8688 0.0971749 0.989492 2.43807 0.989492 2.43807 8651 0 0.0404643
41.1042 11584 10136 0.0920566 112.472 2.44 112.472 2.44 8658 0 0.0399575
41.1862 13032 8688 0.08802 0.989492 2.43711 0.989492 2.43711 8665 0 0.0398675
41.2681 11584 10136 0.0861579 0.989492 2.43424 0.989492 2.43424 8672 0 0.0396141
41.3502 13032 8688 0.0923143 0.988043 2.43137 0.988043 2.43137 8679 0 0.0401266
41.4321 11584 10136 0.0890347 0.989492 2.42852 0.989492 2.42852 8686 0 0.0397729
41.5142 13032 8688 0.095108 0.988043 2.42567 0.988043 2.42567 8693 0 0.0403149
41.5957 11584 10136 0.0907813 0.99533 2.42287 0.99533 2.42287 8700 0 0.0398774
41.6776 13032 8688 0.0971887 0.989492 2.42005 0.989492 2.42005 8707 0 0.0404654
41.6783 11584 10136 0.0921753 112.472 2.42195 112.472 2.42195 8714 0 0.0399651
41.7603 13032 8688 0.0880739 0.989492 2.41914 0.989492 2.41914 8721 0 0.0398705
41.8422 11584 10136 0.0860691 0.989492 2.41634 0.989492 2.41634 8728 0 0.0396095
41.9243 13032 8688 0.0923715 0.988043 2.41355 0.988043 2.41355 8735 0 0.0401303
42.0062 11584 10136 0.0890575 0.989492 2.41077 0.989492 2.41077 8742 0 0.0397742
42.0884 13032 8688 0.0951057 0.986599 2.40799 0.986599 2.40799 8749 0 0.0403148
42.1699 11584 10136 0.0906548 0.99533 2.40526 0.99533 2.40526 8756 0 0.0398696
42.2521 13032 8688 0.0973233 0.986599 2.4025 0.986599 2.4025 8763 0 0.0404754
42.2528 11584 10136 0.0922654 112.472 2.40438 112.472 2.40438 8770 0 0.0399709
42.3348 13032 8688 0.0880174 0.989492 2.40164 0.989492 2.40164 8777 0 0.0398673
42.4167 11584 10136 0.0860312 0.989492 2.39891 0.989492 2.39891 8784 0 0.0396075
42.4985 13032 8688 0.0922107 0.990945 2.3962 0.990945 2.3962 8791 0 0.0401199
42.5804 11584 10136 0.0888403 0.990945 2.3935 0.990945 2.3935 8798 0 0.0397616
42.6626 13032 8688 0.0949784 0.986599 2.39079 0.986599 2.39079 8805 0 0.0403059
42.7443 11584 10136 0.0908039 0.992402 2.38811 0.992402 2.38811 8812 0 0.0398787
42.8265 13032 8688 0.0972857 0.986599 2.38542 0.986599 2.38542 8819 0 0.0404726
42.8272 11584 10136 0.0923652 112.472 2.38728 112.472 2.38728 8826 0 0.0399774
42.9089 13032 8688 0.0880759 0.992402 2.38462 0.992402 2.38462 8833 0 0.0398706
42.9906 11584 10136 0.0860704 0.992402 2.38198 0.992402 2.38198 8840 0 0.0396095
43.0722 13032 8688 0.0920286 0.993864 2.37935 0.993864 2.37935 8847 0 0.0401082
43.1541 11584 10136 0.0888433 0.989492 2.37671 0.989492 2.37671 8854 0 0.0397618
43.2363 13032 8688 0.0951052 0.986599 2.37406 0.986599 2.37406 8861 0 0.0403147
43.318 11584 10136 0.0907795 0.992402 2.37146 0.992402 2.37146 8868 0 0.0398772
43.4 13032 8688 0.0972714 0.989492 2.36885 0.989492 2.36885 8875 0 0.0404715
43.4007 11584 10136 0.0922306 112.472 2.37068 112.472 2.37068 8882 0 0.0399687
43.4824 13032 8688 0.087997 0.992402 2.36809 0.992402 2.36809 8889 0 0.0398662
43.5641 11584 10136 0.0860175 0.992402 2.36551 0.992402 2.36551 8896 0 0.0396068
43.646 13032 8688 0.0921069 0.990945 2.36293 0.990945 2.36293 8903 0 0.0401132
43.7279 11584 10136 0.0887709 0.989492 2.36036 0.989492 2.36036 8910 0 0.0397576
43.8103 13032 8688 0.0952421 0.983722 2.35777 0.983722 2.35777 8917 0 0.0403244
43.892 11584 10136 0.0908712 0.992402 2.35522 0.992402 2.35522 8924 0 0.0398829
43.9742 13032 8688 0.0974501 0.986599 2.35267 0.986599 2.35267 8931 0 0.0404849
43.975 11584 10136 0.0923504 112.472 2.35447 112.472 2.35447 8938 0 0.0399764
44.0567 13032 8688 0.0879835 0.992402 2.35195 0.992402 2.35195 8945 0 0.0398654
44.1384 11584 10136 0.0860085 0.992402 2.34943 0.992402 2.34943 8952 0 0.0396063
44.22 13032 8688 0.0919766 0.993864 2.34693 0.993864 2.34693 8959 0 0.0401049
44.3017 11584 10136 0.0886836 0.992402 2.34443 0.992402 2.34443 8966 0 0.0397526
44.3837 13032 8688 0.0948729 0.988043 2.34192 0.988043 2.34192 8973 0 0.0402985
44.4654 11584 10136 0.0906238 0.992402 2.33944 0.992402 2.33944 8980 0 0.0398677
44.5476 13032 8688 0.0972895 0.986599 2.33695 0.986599 2.33695 8987 0 0.0404729
44.5484 11584 10136 0.0923521 112.472 2.33873 112.472 2.33873 8994 0 0.0399765
44.6301 13032 8688 0.0880682 0.992402 2.33626 0.992402 2.33626 9001 0 0.0398702
44.7118 11584 10136 0.0860652 0.992402 2.33381 0.992402 2.33381 9008 0 0.0396093
44.7934 13032 8688 0.0920392 0.993864 2.33137 0.993864 2.33137 9015 0 0.0401089
44.8753 11584 10136 0.0887392 0.989492 2.32892 0.989492 2.32892 9022 0 0.0397558
44.9575 13032 8688 0.0949191 0.986599 2.32646 0.986599 2.32646 9029 0 0.0403017
45.0392 11584 10136 0.0906548 0.992402 2.32404 0.992402 2.32404 9036 0 0.0398696
45.1212 13032 8688 0.0973233 0.989492 2.32162 0.989492 2.32162 9043 0 0.0404754
45.1219 11584 10136 0.0922654 112.472 2.32338 112.472 2.32338 9050 0 0.0399709
45.2036 13032 8688 0.0879336 0.992402 2.32097 0.992402 2.32097 9057 0 0.0398627
45.2853 11584 10136 0.0859751 0.992402 2.31858 0.992402 2.31858 9064 0 0.0396046
45.3671 13032 8688 0.0920821 0.990945 2.31618 0.990945 2.31618 9071 0 0.0401116
45.4491 11584 10136 0.0888792 0.989492 2.31379 0.989492 2.31379 9078 0 0.0397639
45.5315 13032 8688 0.0951262 0.983722 2.31138 0.983722 2.31138 9085 0 0.0403162
45.6132 11584 10136 0.0907935 0.992402 2.30902 0.992402 2.30902 9092 0 0.0398781
45.6954 13032 8688 0.0974046 0.986599 2.30664 0.986599 2.30664 9099 0 0.0404815
45.6961 11584 10136 0.0924449 112.472 2.30838 112.472 2.30838 9106 0 0.0399825
45.7778 13032 8688 0.0881226 0.992402 2.30603 0.992402 2.30603 9113 0 0.0398733
45.8595 11584 10136 0.0861017 0.992402 2.30369 0.992402 2.30369 9120 0 0.0396112
45.9411 13032 8688 0.0920469 0.993864 2.30136 0.993864 2.30136 9127 0 0.0401094
46.0228 11584 10136 0.0887306 0.992402 2.29904 0.992402 2.29904 9134 0 0.0397553
46.1048 13032 8688 0.0948047 0.989492 2.29671 0.989492 2.29671 9141 0 0.0402937
46.1865 11584 10136 0.0905782 0.992402 2.2944 0.992402 2.2944 9148 0 0.0398649
46.2687 13032 8688 0.0971534 0.986599 2.29208 0.986599 2.29208 9155 0 0.0404627
46.2694 11584 10136 0.0922609 112.472 2.2938 112.472 2.2938 9162 0 0.0399706
46.3514 13032 8688 0.0881242 0.989492 2.29149 0.989492 2.29149 9169 0 0.0398733
46.4331 11584 10136 0.0861027 0.992402 2.2892 0.992402 2.2892 9176 0 0.0396112
46.5149 13032 8688 0.0921569 0.990945 2.28692 0.990945 2.28692 9183 0 0.0401164
46.5968 11584 10136 0.0888043 0.989492 2.28464 0.989492 2.28464 9190 0 0.0397595
46.6793 13032 8688 0.0952618 0.983722 2.28234 0.983722 2.28234 9197 0 0.0403258
46.761 11584 10136 0.0907593 0.992402 2.28009 0.992402 2.28009 9204 0 0.039876
46.8431 13032 8688 0.0973846 0.988043 2.27782 0.988043 2.27782 9211 0 0.04048
46.8438 11584 10136 0.0923065 112.472 2.27952 112.472 2.27952 9218 0 0.0399736
46.9255 13032 8688 0.087862 0.992402 2.27728 0.992402 2.27728 9225 0 0.0398587
47.0072 11584 10136 0.0859271 0.992402 2.27505 0.992402 2.27505 9232 0 0.0396021
47.089 13032 8688 0.0921789 0.990945 2.27281 0.990945 2.27281 9239 0 0.0401179
47.171 11584 10136 0.0888191 0.989492 2.27058 0.989492 2.27058 9246 0 0.0397604
47.2534 13032 8688 0.095091 0.983722 2.26834 0.983722 2.26834 9253 0 0.0403138
47.3351 11584 10136 0.0907699 0.992402 2.26614 0.992402 2.26614 9260 0 0.0398766
47.4173 13032 8688 0.0973908 0.986599 2.26392 0.986599 2.26392 9267 0 0.0404804
47.418 11584 10136 0.0924356 112.472 2.26559 112.472 2.26559 9274 0 0.0399819
47.4997 13032 8688 0.0881172 0.992402 2.2634 0.992402 2.2634 9281 0 0.0398729
47.5814 11584 10136 0.0860023 0.992402 2.26122 0.992402 2.26122 9288 0 0.039606
47.663 13032 8688 0.092098 0.993864 2.25905 0.993864 2.25905 9295 0 0.0401127
47.745 11584 10136 0.0887649 0.989492 2.25687 0.989492 2.25687 9302 0 0.0397573
47.8273 13032 8688 0.0950592 0.985158 2.25469 0.985158 2.25469 9309 0 0.0403115
47.909 11584 10136 0.0906236 0.992402 2.25253 0.992402 2.25253 9316 0 0.0398677
47.9911 13032 8688 0.097305 0.988043 2.25037 0.988043 2.25037 9323 0 0.040474
47.9918 11584 10136 0.0922532 112.472 2.25203 112.472 2.25203 9330 0 0.0399701
48.0735 13032 8688 0.0879265 0.992402 2.24988 0.992402 2.24988 9337 0 0.0398623
48.1552 11584 10136 0.0858609 0.992402 2.24775 0.992402 2.24775 9344 0 0.0395986
48.237 13032 8688 0.0921401 0.990945 2.24562 0.990945 2.24562 9351 0 0.0401154
48.319 11584 10136 0.0887931 0.989492 2.24349 0.989492 2.24349 9358 0 0.0397589
48.4012 13032 8688 0.0949664 0.986599 2.24135 0.986599 2.24135 9365 0 0.040305
48.4826 11584 10136 0.0906865 0.99533 2.23926 0.99533 2.23926 9372 0 0.0398715
48.5646 13032 8688 0.0971331 0.989492 2.23715 0.989492 2.23715 9379 0 0.0404612
48.5653 11584 10136 0.092138 112.472 2.23879 112.472 2.23879 9386 0 0.0399627
48.647 13032 8688 0.0879427 0.992402 2.23669 0.992402 2.23669 9393 0 0.0398632
48.729 11584 10136 0.0859811 0.989492 2.2346 0.989492 2.2346 9400 0 0.0396049
48.8108 13032 8688 0.0920856 0.990945 2.23251 0.990945 2.23251 9407 0 0.0401119
48.8927 11584 10136 0.0887566 0.989492 2.23043 0.989492 2.23043 9414 0 0.0397568
48.9749 13032 8688 0.0949157 0.986599 2.22834 0.986599 2.22834 9421 0 0.0403015
49.0565 11584 10136 0.0907482 0.993864 2.22629 0.993864 2.22629 9428 0 0.0398753
49.1385 13032 8688 0.097253 0.989492 2.22423 0.989492 2.22423 9435 0 0.0404702
49.1392 11584 10136 0.0922183 112.472 2.22584 112.472 2.22584 9442 0 0.0399679
49.2209 13032 8688 0.0879898 0.992402 2.2238 0.992402 2.2238 9449 0 0.0398658
49.3028 11584 10136 0.0860127 0.989492 2.22174 0.989492 2.22174 9456 0 0.0396065
49.3847 13032 8688 0.0922836 0.990945 2.2197 0.990945 2.2197 9463 0 0.0401246
49.4666 11584 10136 0.0887935 0.989492 2.21767 0.989492 2.21767 9470 0 0.0397589
49.5488 13032 8688 0.0950467 0.986599 2.21562 0.986599 2.21562 9477 0 0.0403106
49.6305 11584 10136 0.0908359 0.992402 2.21361 0.992402 2.21361 9484 0 0.0398807
49.7125 13032 8688 0.0974002 0.989492 2.21159 0.989492 2.21159 9491 0 0.0404811
49.7132 11584 10136 0.0922075 112.472 2.21319 112.472 2.21319 9498 0 0.0399672
49.7949 13032 8688 0.0879835 0.992402 2.21119 0.992402 2.21119 9505 0 0.0398654
49.8766 11584 10136 0.0860085 0.992402 2.20919 0.992402 2.20919 9512 0 0.0396063
49.9584 13032 8688 0.0921016 0.990945 2.2072 0.990945 2.2072 9519 0 0.0401129
50.0404 11584 10136 0.0888767 0.989492 2.2052 0.989492 2.2052 9526 0 0.0397637
50.1228 13032 8688 0.0949997 0.983722 2.20319 0.983722 2.20319 9533 0 0.0403074
50.2045 11584 10136 0.0909139 0.992402 2.20122 0.992402 2.20122 9540 0 0.0398855
50.2866 13032 8688 0.0974459 0.988043 2.19924 0.988043 2.19924 9547 0 0.0404846
50.2873 11584 10136 0.0923475 112.472 2.20082 112.472 2.20082 9554 0 0.0399762
50.369 13032 8688 0.0880655 0.992402 2.19886 0.992402 2.19886 9561 0 0.03987
50.4507 11584 10136 0.0860634 0.992402 2.19691 0.992402 2.19691 9568 0 0.0396092
50.5326 13032 8688 0.0920501 0.990945 2.19496 0.990945 2.19496 9575 0 0.0401096
50.6145 11584 10136 0.0887328 0.989492 2.19301 0.989492 2.19301 9582 0 0.0397554
50.6969 13032 8688 0.0949154 0.983722 2.19104 0.983722 2.19104 9589 0 0.0403015
50.7785 11584 10136 0.0908574 0.993864 2.18912 0.993864 2.18912 9596 0 0.039882
50.8604 13032 8688 0.0974127 0.990945 2.18719 0.990945 2.18719 9603 0 0.0404821
50.8611 11584 10136 0.092216 112.472 2.18875 112.472 2.18875 9610 0 0.0399677
50.9425 13032 8688 0.0879047 0.99533 2.18684 0.99533 2.18684 9617 0 0.039861
51.0243 11584 10136 0.0859557 0.992402 2.18493 0.992402 2.18493 9624 0 0.0396036
51.1061 13032 8688 0.0920707 0.990945 2.18302 0.990945 2.18302 9631 0 0.0401109
51.188 11584 10136 0.0888716 0.989492 2.18111 0.989492 2.18111 9638 0 0.0397634
51.2702 13032 8688 0.0950124 0.986599 2.17919 0.986599 2.17919 9645 0 0.0403082
51.3519 11584 10136 0.0907173 0.992402 2.1773 0.992402 2.1773 9652 0 0.0398734
51.4339 13032 8688 0.0972349 0.989492 2.17541 0.989492 2.17541 9659 0 0.0404688
51.4346 11584 10136 0.0922062 112.472 2.17696 112.472 2.17696 9666 0 0.0399671
51.5163 13032 8688 0.0879827 0.992402 2.17508 0.992402 2.17508 9673 0 0.0398654
51.598 11584 10136 0.0860079 0.992402 2.17321 0.992402 2.17321 9680 0 0.0396063
51.6799 13032 8688 0.0921013 0.990945 2.17133 0.990945 2.17133 9687 0 0.0401129
51.7618 11584 10136 0.0887671 0.989492 2.16946 0.989492 2.16946 9694 0 0.0397574
51.8442 13032 8688 0.0951306 0.983722 2.16758 0.983722 2.16758 9701 0 0.0403165
51.9259 11584 10136 0.0907965 0.992402 2.16573 0.992402 2.16573 9708 0 0.0398783
52.008 13032 8688 0.0974063 0.988043 2.16387 0.988043 2.16387 9715 0 0.0404816
52.0087 11584 10136 0.092321 112.472 2.1654 112.472 2.1654 9722 0 0.0399745
52.0904 13032 8688 0.0878706 0.992402 2.16356 0.992402 2.16356 9729 0 0.0398591
52.1721 11584 10136 0.0859328 0.992402 2.16172 0.992402 2.16172 9736 0 0.0396024
52.254 13032 8688 0.0920573 0.990945 2.15989 0.990945 2.15989 9743 0 0.04011
52.3359 11584 10136 0.0887376 0.989492 2.15806 0.989492 2.15806 9750 0 0.0397557
52.4184 13032 8688 0.0952226 0.983722 2.15621 0.983722 2.15621 9757 0 0.040323
52.5001 11584 10136 0.0908581 0.992402 2.1544 0.992402 2.1544 9764 0 0.0398821
52.5821 13032 8688 0.0974425 0.988043 2.15258 0.988043 2.15258 9771 0 0.0404843
52.5829 11584 10136 0.0923453 112.472 2.15409 112.472 2.15409 9778 0 0.0399761
52.6646 13032 8688 0.0879805 0.992402 2.15229 0.992402 2.15229 9785 0 0.0398653
52.7463 11584 10136 0.0860064 0.992402 2.15049 0.992402 2.15049 9792 0 0.0396062
52.8281 13032 8688 0.0921005 0.990945 2.1487 0.990945 2.1487 9799 0 0.0401128
52.91 11584 10136 0.0888915 0.989492 2.1469 0.989492 2.1469 9806 0 0.0397646
52.9925 13032 8688 0.0951334 0.983722 2.14509 0.983722 2.14509 9813 0 0.0403167
53.0742 11584 10136 0.0907984 0.992402 2.14332 0.992402 2.14332 9820 0 0.0398784
53.1561 13032 8688 0.0974074 0.989492 2.14154 0.989492 2.14154 9827 0 0.0404817
53.1569 11584 10136 0.0923218 112.472 2.14304 112.472 2.14304 9834 0 0.0399746
53.2383 13032 8688 0.087871 0.99533 2.14128 0.99533 2.14128 9841 0 0.0398592
53.32 11584 10136 0.0859331 0.992402 2.13952 0.992402 2.13952 9848 0 0.0396024
53.4019 13032 8688 0.0920575 0.990945 2.13776 0.990945 2.13776 9855 0 0.0401101
53.4841 11584 10136 0.0888627 0.986599 2.13599 0.986599 2.13599 9862 0 0.0397629
53.5662 13032 8688 0.095296 0.986599 2.13423 0.986599 2.13423 9869 0 0.0403282
53.6477 11584 10136 0.0907823 0.99533 2.1325 0.99533 2.1325 9876 0 0.0398774
53.7294 13032 8688 0.0971893 0.992402 2.13076 0.992402 2.13076 9883 0 0.0404654
53.7301 11584 10136 0.0920662 112.472 2.13224 112.472 2.13224 9890 0 0.0399581
53.8118 13032 8688 0.0879006 0.992402 2.13051 0.992402 2.13051 9897 0 0.0398608
53.8936 11584 10136 0.085953 0.992402 2.12879 0.992402 2.12879 9904 0 0.0396034
53.9755 13032 8688 0.0921648 0.989492 2.12706 0.989492 2.12706 9911 0 0.040117
54.0577 11584 10136 0.0888096 0.986599 2.12532 0.986599 2.12532 9918 0 0.0397599
54.1399 13032 8688 0.0950561 0.986599 2.1236 0.986599 2.1236 9925 0 0.0403113
54.2214 11584 10136 0.0908423 0.99533 2.1219 0.99533 2.1219 9932 0 0.0398811
54.3031 13032 8688 0.0973082 0.992402 2.1202 0.992402 2.1202 9939 0 0.0404743
54.3038 11584 10136 0.0921303 112.472 2.12167 112.472 2.12167 9946 0 0.0399622
54.3855 13032 8688 0.0878544 0.992402 2.11997 0.992402 2.11997 9953 0 0.0398582
54.4673 11584 10136 0.085922 0.990945 2.11827 0.990945 2.11827 9960 0 0.0396018
54.5492 13032 8688 0.092051 0.990945 2.11658 0.990945 2.11658 9967 0 0.0401096
54.6311 11584 10136 0.0888584 0.989492 2.11489 0.989492 2.11489 9974 0 0.0397627
54.7133 13032 8688 0.095114 0.986599 2.1132 0.986599 2.1132 9981 0 0.0403154
54.795 11584 10136 0.0906604 0.992402 2.11152 0.992402 2.11152 9988 0 0.0398699
54.8772 13032 8688 0.0973265 0.986599 2.10984 0.986599 2.10984 9995 0 0.0404756
54.8779 11584 10136 0.0922676 112.472 2.11129 112.472 2.11129 10002 0 0.0399711
54.9599 13032 8688 0.0880187 0.989492 2.10962 0.989492 2.10962 10009 0 0.0398674
