0.600133 14480 0 0 0 0 0 0 0 0 0.0999297
0.801462 15928 13032 0.200125 0.575376 0.144536 0.575376 0.144536 10 0 0.0382136
0.803866 17376 13032 0.200484 9.64048 0.172924 9.64048 0.172924 12 0 0.0381851
0.806269 18824 14480 0.201174 14.4607 0.215511 14.4607 0.215511 15 0 0.0377626
0.808672 20272 15928 0.202027 14.4607 0.257845 14.4607 0.257845 18 0 0.0373305
0.811075 21720 17376 0.203149 14.4607 0.299928 14.4607 0.299928 21 0 0.0368819
1.00275 23168 18824 0.228005 0.181307 0.277254 0.181307 0.277254 24 0 0.0353049
1.00515 24616 20272 0.225004 14.4607 0.311165 14.4607 0.311165 27 0 0.0350249
1.00756 57920 21720 0.222379 14.4607 0.344914 14.4607 0.344914 30 0 0.0470521
1.21125 60816 55024 0.226621 2.21795 0.659895 2.21795 0.659895 69 0 0.0269447
1.41133 65160 57920 0.219135 2.31581 0.894655 2.31581 0.894655 109 0 0.0266907
1.62197 73848 62264 0.208041 2.36483 1.08558 2.36483 1.08558 152 0 0.0269794
1.84426 75296 70952 0.237149 2.60553 1.26878 2.60553 1.26878 202 0 0.0233483
2.08338 72400 72400 0.252587 2.47068 1.40673 2.47068 1.40673 253 0 0.0232746
2.3249 70952 69504 0.242369 2.3022 1.49976 2.3022 1.49976 301 0 0.0236415
2.38498 69504 68056 0.241616 9.06205 1.69026 9.06205 1.69026 348 0 0.0239361
2.60968 72400 66608 0.22896 2.42301 1.75335 2.42301 1.75335 395 0 0.0244248
2.82357 78192 69504 0.216817 2.59968 1.81746 2.59968 1.81746 443 0 0.0245228
3.04586 82536 75296 0.224329 2.70976 1.88258 2.70976 1.88258 495 0 0.0228961
3.28137 83984 79640 0.237085 2.70524 1.94163 2.70524 1.94163 550 0 0.0216134
3.53011 81088 81088 0.251255 2.65462 1.99186 2.65462 1.99186 607 0 0.0215187
3.76562 82536 78192 0.239017 2.65605 2.0334 2.65605 2.0334 661 0 0.0218904
3.99392 83984 79640 0.232017 2.79067 2.07669 2.79067 2.07669 716 0 0.0216686
4.22463 85432 81088 0.234934 2.86202 2.11958 2.86202 2.11958 773 0 0.0213478
4.48538 57920 82536 0.260366 2.53229 2.14357 2.53229 2.14357 830 0 0.0298429
4.73892 53576 55024 0.258344 1.78189 2.12422 1.78189 2.12422 869 0 0.0272187
4.98164 57920 50680 0.24692 1.67038 2.10211 1.67038 2.10211 904 0 0.0278844
5.21595 56472 55024 0.240516 1.9281 2.09429 1.9281 2.09429 943 0 0.0266961
5.44546 57920 53576 0.232924 1.86753 2.08473 1.86753 2.08473 980 0 0.0270622
5.67376 59368 55024 0.233886 1.97884 2.08047 1.97884 2.08047 1019 0 0.0267332
5.89005 63712 56472 0.220684 2.08877 2.08078 2.08877 2.08078 1058 0 0.026941
6.12316 65160 60816 0.236774 2.13681 2.08291 2.13681 2.08291 1101 0 0.0254599
6.35867 66608 62264 0.237871 2.115 2.0841 2.115 2.0841 1144 0 0.0251471
6.59779 65160 63712 0.245147 2.18001 2.08757 2.18001 2.08757 1189 0 0.024864
6.8297 66608 62264 0.235843 2.14788 2.08962 2.14788 2.08962 1232 0 0.0251599
7.06641 65160 63712 0.242855 2.20214 2.09339 2.20214 2.09339 1277 0 0.0248457
7.30553 63712 62264 0.241253 2.08312 2.09305 2.08312 2.09305 1320 0 0.0251442
7.54585 62264 60816 0.247799 2.0727 2.09241 2.0727 2.09241 1363 0 0.0255103
7.78137 63712 59368 0.238826 2.01663 2.09011 2.01663 2.09011 1404 0 0.0257597
8.01207 62264 60816 0.240469 2.15907 2.0921 2.15907 2.0921 1447 0 0.0254497
8.24278 57920 59368 0.233496 2.05864 2.09116 2.05864 2.09116 1488 0 0.025987
8.47829 56472 55024 0.243501 1.91826 2.08636 1.91826 2.08636 1527 0 0.0267081
8.71141 57920 53576 0.235667 1.83865 2.07973 1.83865 2.07973 1564 0 0.0270309
8.94932 56472 55024 0.246917 1.89888 2.07492 1.89888 2.07492 1603 0 0.0267437
9.18724 55024 53576 0.240858 1.8015 2.06784 1.8015 2.06784 1640 0 0.0270128
9.42035 53576 52128 0.246627 1.83865 2.06217 1.83865 2.06217 1677 0 0.0273741
9.64985 55024 50680 0.233625 1.76658 2.05514 1.76658 2.05514 1712 0 0.0276908
9.88297 53576 52128 0.244628 1.83865 2.05003 1.83865 2.05003 1749 0 0.0273516
10.1185 55024 50680 0.237661 1.72151 2.04239 1.72151 2.04239 1784 0 0.0276556
10.3528 53576 52128 0.249507 1.82922 2.03756 1.82922 2.03756 1821 0 0.0274206
10.5823 55024 50680 0.23563 1.76658 2.03169 1.76658 2.03169 1856 0 0.0276693
10.813 53576 52128 0.246512 1.8578 2.02798 1.8578 2.02798 1893 0 0.0273726
11.0449 55024 50680 0.234796 1.74827 2.0221 1.74827 2.0221 1928 0 0.0276773
11.2804 53576 52128 0.251668 1.81989 2.01788 1.81989 2.01788 1965 0 0.0274663
11.5159 55024 50680 0.239111 1.72151 2.01182 1.72151 2.01182 2000 0 0.027651
11.7527 52128 52128 0.256657 1.81065 2.00777 1.81065 2.00777 2037 0 0.0276775
11.9906 50680 49232 0.241123 1.65544 2.00078 1.65544 2.00078 2071 0 0.0279733
12.2249 52128 47784 0.238029 1.63147 1.9937 1.63147 1.9937 2104 0 0.0282996
12.4568 47784 49232 0.260622 1.74827 1.98913 1.74827 1.98913 2139 0 0.0285837
12.4976 49232 44888 0.237089 8.78985 2.01136 8.78985 2.01136 2170 0 0.0289572
12.732 50680 46336 0.236623 1.63147 2.00437 1.63147 2.00437 2203 0 0.0286327
12.9639 52128 47784 0.23466 1.64837 1.998 1.64837 1.998 2236 0 0.0283242
13.1982 53576 49232 0.240106 1.73034 1.99325 1.73034 1.99325 2271 0 0.027972
13.4349 55024 50680 0.239166 1.71278 1.98831 1.71278 1.98831 2306 0 0.0276509
13.6728 53576 52128 0.244523 1.8015 1.98506 1.8015 1.98506 2343 0 0.0273507
13.9047 55024 50680 0.235692 1.74827 1.98111 1.74827 1.98111 2378 0 0.0276687
14.133 56472 52128 0.236293 1.87736 1.97943 1.87736 1.97943 2415 0 0.0273439
14.3661 57920 53576 0.235062 1.83865 1.97715 1.83865 1.97715 2452 0 0.0270365
14.6016 56472 55024 0.243163 1.91826 1.9762 1.91826 1.9762 2491 0 0.0267059
14.8396 57920 53576 0.240113 1.8015 1.9734 1.8015 1.9734 2528 0 0.0270121
15.0715 56472 55024 0.242046 1.94808 1.97301 1.94808 1.97301 2567 0 0.0267
15.307 57920 53576 0.237483 1.81989 1.97065 1.81989 1.97065 2604 0 0.0270184
15.5401 56472 55024 0.243296 1.93803 1.97016 1.93803 1.97016 2643 0 0.0267067
15.7756 57920 53576 0.237793 1.81989 1.96792 1.81989 1.96792 2680 0 0.027017
16.0111 56472 55024 0.246101 1.91826 1.96719 1.91826 1.96719 2719 0 0.0267331
16.2502 55024 53576 0.24099 1.79245 1.96462 1.79245 1.96462 2756 0 0.0270131
16.4882 53576 52128 0.250193 1.8015 1.96226 1.8015 1.96226 2793 0 0.0274341
16.7201 55024 50680 0.236914 1.74827 1.9593 1.74827 1.9593 2828 0 0.0276597
16.9532 53576 52128 0.245873 1.83865 1.95764 1.83865 1.95764 2865 0 0.0273647
17.1887 55024 50680 0.237836 1.72151 1.9544 1.72151 1.9544 2900 0 0.0276549
17.423 53576 52128 0.249563 1.82922 1.95272 1.82922 1.95272 2937 0 0.0274217
17.6561 55024 50680 0.237356 1.73926 1.9499 1.73926 1.9499 2972 0 0.0276572
17.8928 53576 52128 0.251358 1.81065 1.94806 1.81065 1.94806 3009 0 0.0274592
18.1271 55024 50680 0.23921 1.73034 1.94524 1.73034 1.94524 3044 0 0.0276508
18.3615 52128 52128 0.252964 1.82922 1.94376 1.82922 1.94376 3081 0 0.0275682
18.597 53576 49232 0.238561 1.67233 1.94032 1.67233 1.94032 3115 0 0.0279741
18.8277 57920 50680 0.235274 1.75738 1.93808 1.75738 1.93808 3150 0 0.0278589
19.0608 55024 55024 0.256137 1.93803 1.93808 1.93803 1.93808 3189 0 0.0270261
19.2987 56472 52128 0.239647 1.75281 1.9358 1.75281 1.9358 3225 0 0.0273303
19.342 57920 53576 0.237927 9.90827 1.95363 9.90827 1.95363 3262 0 0.0270164
19.5799 59368 55024 0.240126 1.89888 1.95296 1.89888 1.95296 3301 0 0.0266959
19.8178 57920 56472 0.240151 1.89888 1.95231 1.89888 1.95231 3340 0 0.0263815
20.2864 59368 55024 0.234011 1.90338 1.95118 1.90338 1.95118 3417 0 0.0267317
20.5183 60816 56472 0.234225 1.94808 1.95115 1.94808 1.95115 3456 0 0.0264148
20.755 59368 57920 0.241887 2.00639 1.95178 2.00639 1.95178 3497 0 0.0260725
20.9954 57920 56472 0.242372 1.87989 1.95096 1.87989 1.95096 3536 0 0.0263871
21.2333 56472 55024 0.244408 1.89888 1.95037 1.89888 1.95037 3575 0 0.0267153
21.464 57920 53576 0.234278 1.8578 1.94938 1.8578 1.94938 3612 0 0.0270448
21.6947 59368 55024 0.237307 1.95822 1.94947 1.95822 1.94947 3651 0 0.0267031
21.9254 60816 56472 0.233352 1.95822 1.94956 1.95822 1.94956 3690 0 0.0264257
22.1645 59368 57920 0.245074 1.98623 1.94996 1.98623 1.94996 3731 0 0.0260947
22.4048 57920 56472 0.242705 1.87989 1.94921 1.87989 1.94921 3770 0 0.0263888
22.6392 56472 55024 0.243404 1.9281 1.94899 1.9281 1.94899 3809 0 0.0267074
22.8699 57920 53576 0.234138 1.8578 1.94807 1.8578 1.94807 3846 0 0.0270465
23.3397 59368 55024 0.239214 1.89851 1.94707 1.89851 1.94707 3923 0 0.0266965
23.5776 57920 56472 0.240186 1.89888 1.94659 1.89888 1.94659 3962 0 0.0263815
23.8155 56472 55024 0.249188 1.89888 1.94611 1.89888 1.94611 4001 0 0.0267803
24.0426 57920 53576 0.233224 1.88729 1.94555 1.88729 1.94555 4038 0 0.027058
24.2733 56472 55024 0.241058 1.95822 1.94567 1.95822 1.94567 4077 0 0.026697
24.504 57920 53576 0.233826 1.8578 1.94485 1.8578 1.94485 4114 0 0.0270502
24.7359 56472 55024 0.244204 1.94808 1.94488 1.94808 1.94488 4153 0 0.0267135
24.9691 57920 53576 0.235816 1.83865 1.94388 1.83865 1.94388 4190 0 0.0270296
25.2034 56472 55024 0.248206 1.9281 1.94374 1.9281 1.94374 4229 0 0.0267632
25.4389 57920 53576 0.238247 1.81989 1.94259 1.81989 1.94259 4266 0 0.0270152
25.6744 56472 55024 0.251759 1.91826 1.94237 1.91826 1.94237 4305 0 0.0268341
25.9087 57920 53576 0.238579 1.82922 1.94134 1.82922 1.94134 4342 0 0.0270141
26.1478 55024 55024 0.254582 1.88934 1.94087 1.88934 1.94087 4381 0 0.0269784
26.3869 53576 52128 0.242544 1.74401 1.93909 1.74401 1.93909 4417 0 0.0273367
26.6225 55024 50680 0.239086 1.72151 1.93716 1.72151 1.93716 4452 0 0.027651
26.8532 52128 52128 0.257926 1.8578 1.93648 1.8578 1.93648 4489 0 0.0277214
27.0899 57920 49232 0.236169 1.66384 1.9341 1.66384 1.9341 4523 0 0.0283361
27.1307 59368 55024 0.236555 10.7747 1.94741 10.7747 1.94741 4561 0 0.0267077
27.3711 57920 56472 0.242259 1.87989 1.94682 1.87989 1.94682 4600 0 0.0263866
27.6138 56472 55024 0.246994 1.86128 1.94606 1.86128 1.94606 4639 0 0.0267448
27.8469 57920 53576 0.236561 1.83865 1.94516 1.83865 1.94516 4676 0 0.0270239
28.0776 59368 55024 0.23573 1.95822 1.94527 1.95822 1.94527 4715 0 0.0267141
28.3107 60816 56472 0.235497 1.93803 1.94521 1.93803 1.94521 4754 0 0.0264017
28.5462 59368 57920 0.240502 2.01663 1.9458 2.01663 1.9458 4795 0 0.0260692
28.7829 60816 56472 0.239129 1.90852 1.9455 1.90852 1.9455 4834 0 0.0263822
29.0184 59368 57920 0.241315 2.01663 1.94607 2.01663 1.94607 4875 0 0.0260707
29.2504 60816 56472 0.234918 1.94808 1.94609 1.94808 1.94609 4914 0 0.0264073
29.4859 59368 57920 0.241082 2.01663 1.94665 2.01663 1.94665 4955 0 0.0260701
29.7238 60816 56472 0.240016 1.89888 1.94627 1.89888 1.94627 4994 0 0.0263815
29.9617 59368 57920 0.244521 1.99626 1.94667 1.99626 1.94667 5035 0 0.0260894
30.1972 60816 56472 0.238666 1.91826 1.94644 1.91826 1.94644 5074 0 0.0263832
30.4279 62264 57920 0.23871 2.05864 1.9473 2.05864 1.9473 5115 0 0.0260706
30.6646 63712 59368 0.238298 2.00639 1.94775 2.00639 1.94775 5156 0 0.0257612
30.9074 62264 60816 0.249516 2.05218 1.94857 2.05218 1.94857 5199 0 0.0255401
31.1429 63712 59368 0.239885 2.01663 1.94909 2.01663 1.94909 5240 0 0.0257583
31.3748 62264 60816 0.241229 2.14788 1.95056 2.14788 1.95056 5283 0 0.025451
31.6079 63712 59368 0.235676 2.03742 1.9512 2.03742 1.9512 5324 0 0.025777
31.8458 62264 60816 0.245877 2.09364 1.95226 2.09364 1.95226 5367 0 0.025484
32.0825 63712 59368 0.239804 2.00639 1.95266 2.00639 1.95266 5408 0 0.0257583
32.3144 62264 60816 0.243833 2.14788 1.95406 2.14788 1.95406 5451 0 0.0254642
32.5463 63712 59368 0.234784 2.04798 1.95473 2.04798 1.95473 5492 0 0.0257855
32.7783 62264 60816 0.243321 2.14788 1.9561 2.14788 1.9561 5535 0 0.0254605
33.021 60816 59368 0.241355 1.95673 1.9561 1.95673 1.9561 5576 0 0.0257601
33.2637 57920 57920 0.255709 1.95673 1.95611 1.95673 1.95611 5617 0 0.0263856
33.4992 56472 55024 0.241003 1.86907 1.95549 1.86907 1.95549 5655 0 0.0266969
33.7275 57920 53576 0.233601 1.87736 1.95497 1.87736 1.95497 5692 0 0.027053
33.9594 56472 55024 0.246093 1.94808 1.95492 1.94808 1.95492 5731 0 0.026733
34.1937 57920 53576 0.236178 1.82922 1.95406 1.82922 1.95406 5768 0 0.0270267
34.4292 55024 55024 0.252946 1.91826 1.95381 1.91826 1.95381 5807 0 0.0269333
34.6648 57920 52128 0.239086 1.7707 1.95257 1.7707 1.95257 5843 0 0.0274009
34.8979 59368 55024 0.235856 1.88834 1.95214 1.88834 1.95214 5881 0 0.026713
35.1334 60816 56472 0.237735 1.91826 1.95191 1.91826 1.95191 5920 0 0.0263866
35.3713 57920 57920 0.263942 1.99626 1.95221 1.99626 1.95221 5961 0 0.0267121
35.4194 56472 55024 0.241817 9.15846 1.96199 9.15846 1.96199 5999 0 0.0266991
35.6525 57920 53576 0.236147 1.83865 1.96118 1.83865 1.96118 6036 0 0.0270269
35.8808 59368 55024 0.233098 1.97884 1.9613 1.97884 1.9613 6075 0 0.0267435
36.1163 57920 56472 0.237533 1.91826 1.96101 1.91826 1.96101 6114 0 0.0263876
36.3566 56472 55024 0.244763 1.87989 1.96048 1.87989 1.96048 6153 0 0.0267185
36.5957 55024 53576 0.241689 1.79245 1.95938 1.79245 1.95938 6190 0 0.0270149
36.8252 56472 52128 0.235822 1.86753 1.95881 1.86753 1.95881 6227 0 0.0273477
37.0511 57920 53576 0.229014 1.89733 1.95843 1.89733 1.95843 6264 0 0.0271328
37.2806 59368 55024 0.234748 1.96847 1.95849 1.96847 1.95849 6303 0 0.0267234
37.515 60816 56472 0.236172 1.9281 1.9583 1.9281 1.9583 6342 0 0.0263961
37.7553 57920 57920 0.245674 1.9763 1.95842 1.9763 1.95842 6383 0 0.026171
37.9944 56472 55024 0.241849 1.8409 1.95768 1.8409 1.95768 6421 0 0.0266993
38.2251 57920 53576 0.234522 1.8578 1.95708 1.8578 1.95708 6458 0 0.0270421
38.4534 59368 55024 0.235935 1.97884 1.95721 1.97884 1.95721 6497 0 0.0267124
38.6817 60816 56472 0.231087 1.97884 1.95733 1.97884 1.95733 6536 0 0.0264609
38.9196 59368 57920 0.24398 1.99626 1.95757 1.99626 1.95757 6577 0 0.0260848
39.1563 60816 56472 0.239578 1.90852 1.95728 1.90852 1.95728 6616 0 0.0263816
39.3919 59368 57920 0.244452 2.01663 1.95763 2.01663 1.95763 6657 0 0.0260888
39.6298 60816 56472 0.240031 1.89888 1.95728 1.89888 1.95728 6696 0 0.0263815
39.8677 59368 57920 0.247473 1.99626 1.95751 1.99626 1.95751 6737 0 0.0261248
40.1008 60816 56472 0.237341 1.93803 1.9574 1.93803 1.9574 6776 0 0.0263885
40.3315 59368 57920 0.242023 2.05864 1.95798 2.05864 1.95798 6817 0 0.026073
40.5646 60816 56472 0.23526 1.93803 1.95786 1.93803 1.95786 6856 0 0.0264039
40.8025 59368 57920 0.247733 1.99626 1.95809 1.99626 1.95809 6897 0 0.0261288
41.0441 57920 56472 0.243008 1.87054 1.95757 1.87054 1.95757 6936 0 0.0263905
41.2844 55024 55024 0.253969 1.87989 1.95712 1.87989 1.95712 6975 0 0.0269609
41.5151 56472 52128 0.237556 1.80759 1.95629 1.80759 1.95629 7011 0 0.0273362
41.741 57920 53576 0.23009 1.89733 1.95597 1.89733 1.95597 7048 0 0.0271103
41.9693 56472 55024 0.244033 1.97884 1.95609 1.97884 1.95609 7087 0 0.0267121
42.2048 57920 53576 0.234653 1.81989 1.95533 1.81989 1.95533 7124 0 0.0270407
42.4379 55024 55024 0.25261 1.93803 1.95524 1.93803 1.95524 7163 0 0.0269247
42.671 57920 52128 0.236873 1.78895 1.95433 1.78895 1.95433 7199 0 0.0274099
42.9017 59368 55024 0.233499 1.90801 1.95408 1.90801 1.95408 7237 0 0.0267381
43.136 60816 56472 0.235371 1.9281 1.95394 1.9281 1.95394 7276 0 0.0264029
43.3728 56472 57920 0.262468 2.00639 1.95422 2.00639 1.95422 7317 0 0.0267601
43.4208 55024 53576 0.240769 8.91744 1.96193 8.91744 1.96193 7354 0 0.0270127
43.6563 56472 52128 0.238054 1.81989 1.96117 1.81989 1.96117 7391 0 0.027334
43.8918 57920 53576 0.237992 1.81989 1.96041 1.81989 1.96041 7428 0 0.0270161
44.1286 56472 55024 0.241403 1.90852 1.96013 1.90852 1.96013 7467 0 0.0266978
44.3653 57920 53576 0.239339 1.81065 1.95933 1.81065 1.95933 7504 0 0.0270125
44.596 59368 55024 0.236478 1.95822 1.95933 1.95822 1.95933 7543 0 0.0267082
44.8183 62264 56472 0.226025 2.03232 1.95969 2.03232 1.95969 7582 0 0.0266466
45.0442 63712 59368 0.231013 2.15372 1.96066 2.15372 1.96066 7624 0 0.0258391
45.2761 65160 60816 0.237009 2.14788 1.96162 2.14788 1.96162 7667 0 0.0254585
45.5116 66608 62264 0.237538 2.115 1.96241 2.115 1.96241 7710 0 0.0251486
45.7507 65160 63712 0.244785 2.18001 1.96355 2.18001 1.96355 7755 0 0.0248604
45.9886 63712 62264 0.240693 2.09364 1.96422 2.09364 1.96422 7798 0 0.0251431
46.2242 62264 60816 0.242328 2.115 1.96499 2.115 1.96499 7841 0 0.0254549
46.4573 63712 59368 0.23601 2.03742 1.96536 2.03742 1.96536 7882 0 0.0257742
46.6976 62264 60816 0.246055 2.0727 1.96591 2.0727 1.96591 7925 0 0.0254862
46.9379 60816 59368 0.242921 1.9763 1.96596 1.9763 1.96596 7966 0 0.0257668
47.1758 59368 57920 0.246288 1.99626 1.96611 1.99626 1.96611 8007 0 0.0261085
47.4029 60816 56472 0.231901 1.98931 1.96623 1.98931 1.96623 8046 0 0.0264471
47.6456 59368 57920 0.247582 1.95673 1.96618 1.95673 1.96618 8087 0 0.0261264
47.886 57920 56472 0.243418 1.87989 1.96574 1.87989 1.96574 8126 0 0.0263932
48.1239 56472 55024 0.248239 1.89888 1.96541 1.89888 1.96541 8165 0 0.0267637
48.3522 57920 53576 0.233585 1.87736 1.965 1.87736 1.965 8202 0 0.0270532
48.5829 56472 55024 0.240545 1.95822 1.96497 1.95822 1.96497 8241 0 0.0266961
48.8136 57920 53576 0.233612 1.8578 1.96446 1.8578 1.96446 8278 0 0.0270529
49.0515 56472 55024 0.24705 1.89888 1.96414 1.89888 1.96414 8317 0 0.0267455
49.2894 55024 53576 0.240857 1.8015 1.96336 1.8015 1.96336 8354 0 0.0270128
49.5274 53576 52128 0.25106 1.8015 1.96258 1.8015 1.96258 8391 0 0.0274525
49.7557 55024 50680 0.23517 1.77588 1.96172 1.77588 1.96172 8426 0 0.0276735
49.984 53576 52128 0.242915 1.87736 1.96134 1.87736 1.96134 8463 0 0.0273387
50.2123 55024 50680 0.231803 1.77588 1.96049 1.77588 1.96049 8498 0 0.0277174
50.4454 53576 52128 0.246728 1.83865 1.95993 1.83865 1.95993 8535 0 0.0273755
50.6797 55024 50680 0.237068 1.73034 1.95887 1.73034 1.95887 8570 0 0.0276588
50.9152 52128 52128 0.253174 1.81989 1.95823 1.81989 1.95823 8607 0 0.0275736
51.1483 53576 49232 0.238602 1.68957 1.957 1.68957 1.957 8641 0 0.027974
51.3766 55024 50680 0.23311 1.77588 1.9562 1.77588 1.9562 8676 0 0.0276976
51.6073 52128 52128 0.253607 1.8578 1.95576 1.8578 1.95576 8713 0 0.0275852
51.8392 53576 49232 0.235113 1.69832 1.95461 1.69832 1.95461 8747 0 0.0279959
51.8801 55024 50680 0.232322 9.92402 1.96088 9.92402 1.96088 8782 0 0.0277091
52.1132 56472 52128 0.235141 1.83865 1.96033 1.83865 1.96033 8819 0 0.0273538
52.3475 57920 53576 0.236676 1.82922 1.95975 1.82922 1.95975 8856 0 0.0270231
52.5854 56472 55024 0.242812 1.89888 1.95947 1.89888 1.95947 8895 0 0.0267038
52.8197 57920 53576 0.23723 1.82922 1.95889 1.82922 1.95889 8932 0 0.0270198
53.2787 59368 55024 0.232129 1.94324 1.95876 1.94324 1.95876 9009 0 0.0267578
53.5119 57920 56472 0.235008 1.93803 1.95867 1.93803 1.95867 9048 0 0.0264064
53.7462 56472 55024 0.240726 1.9281 1.95854 1.9281 1.95854 9087 0 0.0266964
53.9817 57920 53576 0.237846 1.81989 1.95793 1.81989 1.95793 9124 0 0.0270167
54.2172 56472 55024 0.242645 1.91826 1.95776 1.91826 1.95776 9163 0 0.0267028
54.4551 55024 53576 0.240331 1.8015 1.95708 1.8015 1.95708 9200 0 0.0270122
54.693 53576 52128 0.245937 1.8015 1.9564 1.8015 1.9564 9237 0 0.0273654
54.9309 52128 50680 0.240402 1.70413 1.95531 1.70413 1.95531 9272 0 0.0276503
55.1689 50680 49232 0.246721 1.70413 1.95422 1.70413 1.95422 9307 0 0.0280172
55.402 52128 47784 0.236946 1.63988 1.9529 1.63988 1.9529 9340 0 0.028305
55.6351 50680 49232 0.242924 1.73926 1.95201 1.73926 1.95201 9375 0 0.0279806
55.8682 52128 47784 0.236278 1.63988 1.9507 1.63988 1.9507 9408 0 0.0283096
56.1037 50680 49232 0.245608 1.72151 1.94974 1.72151 1.94974 9443 0 0.0280035
56.3392 52128 47784 0.238729 1.62314 1.94838 1.62314 1.94838 9476 0 0.0282973
56.5747 50680 49232 0.247502 1.72151 1.94743 1.72151 1.94743 9511 0 0.0280283
56.8103 52128 47784 0.238925 1.62314 1.94609 1.62314 1.94609 9544 0 0.0282969
57.047 50680 49232 0.249642 1.71278 1.94512 1.71278 1.94512 9579 0 0.028065
57.2861 49232 47784 0.24156 1.59867 1.94367 1.59867 1.94367 9612 0 0.0282981
57.5252 47784 46336 0.254268 1.55023 1.94204 1.55023 1.94204 9644 0 0.0288248
57.7595 44888 44888 0.255479 1.53259 1.94038 1.53259 1.94038 9675 0 0.0292582
57.9914 43440 41992 0.252096 1.49852 1.93861 1.49852 1.93861 9705 0 0.0297555
58.2209 41992 40544 0.248802 1.46374 1.93674 1.46374 1.93674 9734 0 0.0300196
58.4492 43440 39096 0.232922 1.36996 1.93452 1.36996 1.93452 9761 0 0.0303271
58.6775 41992 40544 0.247433 1.47144 1.93272 1.47144 1.93272 9790 0 0.0299974
58.9034 57920 39096 0.23242 1.38454 1.93062 1.38454 1.93062 9817 0 0.0331301
59.1329 56472 55024 0.248519 1.96847 1.93077 1.96847 1.93077 9856 0 0.0267684
59.3745 55024 53576 0.243736 1.77462 1.93013 1.77462 1.93013 9893 0 0.0270261
59.6148 50680 52128 0.265057 1.78349 1.92954 1.78349 1.92954 9930 0 0.0281444
59.8395 49232 47784 0.24092 1.70126 1.92868 1.70126 1.92868 9963 0 0.0282965
60.063 47784 46336 0.249075 1.71041 1.92787 1.71041 1.92787 9996 0 0.0287036
60.1014 49232 44888 0.226632 9.33921 1.93261 9.33921 1.93261 10027 0 0.0291274
60.3273 50680 46336 0.228037 1.69221 1.93171 1.69221 1.93171 10060 0 0.0287644
60.5628 52128 47784 0.236655 1.62314 1.93051 1.62314 1.93051 10093 0 0.0283069
60.802 57920 49232 0.244588 1.64712 1.9294 1.64712 1.9294 10127 0 0.0283425
61.0411 56472 55024 0.246425 1.8409 1.92905 1.8409 1.92905 10165 0 0.0267371
61.2778 55024 53576 0.24023 1.81065 1.92859 1.81065 1.92859 10202 0 0.0270121
61.5073 56472 52128 0.238155 1.86753 1.92837 1.86753 1.92837 10239 0 0.0273336
61.7344 57920 53576 0.230322 1.88729 1.92821 1.88729 1.92821 10276 0 0.0271057
62.2126 56472 55024 0.242499 1.86512 1.92773 1.86512 1.92773 10353 0 0.0267021
62.4482 57920 53576 0.239105 1.81989 1.92732 1.81989 1.92732 10390 0 0.0270129
62.6837 56472 55024 0.24519 1.91826 1.92729 1.91826 1.92729 10429 0 0.0267228
62.9192 57920 53576 0.238442 1.81989 1.92689 1.81989 1.92689 10466 0 0.0270145
63.1547 56472 55024 0.246183 1.91826 1.92685 1.91826 1.92685 10505 0 0.0267341
63.3902 57920 53576 0.238618 1.81989 1.92646 1.81989 1.92646 10542 0 0.027014
63.6257 56472 55024 0.247231 1.91826 1.92643 1.91826 1.92643 10581 0 0.0267481
63.8612 57920 53576 0.238687 1.81989 1.92603 1.81989 1.92603 10618 0 0.0270138
64.1004 56472 55024 0.250808 1.88934 1.9259 1.88934 1.9259 10657 0 0.0268127
64.3371 55024 53576 0.241007 1.81065 1.92547 1.81065 1.92547 10694 0 0.0270131
64.5726 53576 52128 0.250837 1.81989 1.92509 1.81989 1.92509 10731 0 0.0274476
64.8009 55024 50680 0.234589 1.77588 1.92456 1.77588 1.92456 10766 0 0.0276794
65.0304 53576 52128 0.245108 1.86753 1.92436 1.86753 1.92436 10803 0 0.0273563
65.2611 55024 50680 0.233724 1.75738 1.92377 1.75738 1.92377 10838 0 0.0276896
65.4918 53576 52128 0.248821 1.8578 1.92354 1.8578 1.92354 10875 0 0.027408
65.7225 55024 50680 0.234544 1.75738 1.92295 1.75738 1.92295 10910 0 0.0276799
65.9532 57920 52128 0.251132 1.8578 1.92273 1.8578 1.92273 10947 0 0.027524
66.1863 59368 55024 0.235332 1.88834 1.92261 1.88834 1.92261 10985 0 0.0267176
66.4218 60816 56472 0.237641 1.91826 1.92259 1.91826 1.92259 11024 0 0.026387
66.6598 56472 57920 0.26388 1.99626 1.92285 1.99626 1.92285 11065 0 0.0268256
66.7078 55024 53576 0.241938 8.91744 1.92789 8.91744 1.92789 11102 0 0.0270158
66.9361 56472 52128 0.23154 1.87736 1.92772 1.87736 1.92772 11139 0 0.0274018
67.1572 59368 53576 0.22432 1.93857 1.92776 1.93857 1.92776 11176 0 0.0273278
67.3807 62264 56472 0.227974 2.07322 1.92824 2.07322 1.92824 11216 0 0.026596
67.6078 63712 59368 0.231671 2.14233 1.92896 2.14233 1.92896 11258 0 0.0258277
67.8409 65160 60816 0.23736 2.13681 1.92967 2.13681 1.92967 11301 0 0.0254565
68.0765 66608 62264 0.237853 2.115 1.93031 2.115 1.93031 11344 0 0.0251472
68.3144 65160 63712 0.24277 2.19102 1.93122 2.19102 1.93122 11389 0 0.0248452
68.5427 66608 62264 0.232048 2.18179 1.93206 2.18179 1.93206 11432 0 0.0252058
68.7818 65160 63712 0.243158 2.18001 1.93292 2.18001 1.93292 11477 0 0.0248475
69.0197 63712 62264 0.240617 2.09364 1.93347 2.09364 1.93347 11520 0 0.025143
69.2552 62264 60816 0.241826 2.115 1.93409 2.115 1.93409 11563 0 0.0254528
69.4859 63712 59368 0.233851 2.05864 1.9345 2.05864 1.9345 11604 0 0.0257961
69.719 65160 60816 0.239211 2.13681 1.93518 2.13681 1.93518 11647 0 0.0254501
69.957 66608 62264 0.239617 2.09364 1.93572 2.09364 1.93572 11690 0 0.0251427
70.1997 65160 63712 0.249226 2.14763 1.93645 2.14763 1.93645 11735 0 0.0249226
70.4388 63712 62264 0.242357 2.08312 1.93695 2.08312 1.93695 11778 0 0.0251481
70.6719 62264 60816 0.242167 2.13681 1.93761 2.13681 1.93761 11821 0 0.0254542
70.9002 63712 59368 0.231807 2.08031 1.93807 2.08031 1.93807 11862 0 0.0258254
71.1309 65160 60816 0.238453 2.15907 1.93878 2.15907 1.93878 11905 0 0.0254519
71.37 66608 62264 0.23967 2.08312 1.93927 2.08312 1.93927 11948 0 0.0251427
71.6164 63712 63712 0.254267 2.1162 1.93988 2.1162 1.93988 11993 0 0.025111
71.8543 62264 60816 0.243216 2.04495 1.94022 2.04495 1.94022 12035 0 0.0254599
72.0838 63712 59368 0.234233 2.06942 1.94064 2.06942 1.94064 12076 0 0.0257916
72.3145 62264 60816 0.241732 2.15907 1.94133 2.15907 1.94133 12119 0 0.0254525
72.55 63712 59368 0.236514 2.01663 1.94158 2.01663 1.94158 12160 0 0.0257705
72.7891 62264 60816 0.250468 2.08312 1.94204 2.08312 1.94204 12203 0 0.0255591
73.0294 60816 59368 0.242778 1.9763 1.94215 1.9763 1.94215 12244 0 0.025766
73.271 57920 57920 0.255472 1.96647 1.94223 1.96647 1.94223 12285 0 0.0263782
73.5029 59368 55024 0.239012 1.89813 1.9421 1.89813 1.9421 12323 0 0.0266968
73.7264 57920 56472 0.229851 2.02139 1.94234 2.02139 1.94234 12362 0 0.0264845
73.9559 56472 55024 0.244831 1.96847 1.94242 1.96847 1.94242 12401 0 0.0267192
74.1866 57920 53576 0.231849 1.8578 1.94215 1.8578 1.94215 12438 0 0.0270785
74.4173 56472 55024 0.250763 1.95822 1.9422 1.95822 1.9422 12477 0 0.0268117
74.6492 57920 53576 0.234777 1.84817 1.94191 1.84817 1.94191 12514 0 0.0270394
74.8823 55024 55024 0.255078 1.93803 1.9419 1.93803 1.9419 12553 0 0.0269931
75.1166 56472 52128 0.237151 1.77978 1.94139 1.77978 1.94139 12589 0 0.0273383
75.1599 57920 53576 0.234598 9.90827 1.94598 9.90827 1.94598 12626 0 0.0270413
75.3954 59368 55024 0.237499 1.91826 1.94589 1.91826 1.94589 12665 0 0.0267021
75.6357 57920 56472 0.242326 1.87989 1.94568 1.87989 1.94568 12704 0 0.0263869
75.8748 56472 55024 0.244159 1.88934 1.94551 1.88934 1.94551 12743 0 0.0267131
76.1055 57920 53576 0.234071 1.8578 1.94524 1.8578 1.94524 12780 0 0.0270472
76.3314 59368 55024 0.231675 1.99989 1.9454 1.99989 1.9454 12819 0 0.0267652
76.5597 60816 56472 0.230557 1.97884 1.9455 1.97884 1.9455 12858 0 0.0264706
76.7977 59368 57920 0.242396 1.99626 1.94566 1.99626 1.94566 12899 0 0.0260747
77.0404 57920 56472 0.244516 1.86128 1.94539 1.86128 1.94539 12938 0 0.0264019
77.5126 59368 55024 0.236607 1.88885 1.94505 1.88885 1.94505 13015 0 0.0267074
77.7445 60816 56472 0.234546 1.94808 1.94506 1.94808 1.94506 13054 0 0.0264112
77.9824 59368 57920 0.244243 1.99626 1.94521 1.99626 1.94521 13095 0 0.026087
78.2192 60816 56472 0.239543 1.90852 1.9451 1.90852 1.9451 13134 0 0.0263817
78.4691 57920 57920 0.255236 1.85394 1.94481 1.85394 1.94481 13174 0 0.026371
78.7106 55024 55024 0.253 1.82258 1.94444 1.82258 1.94444 13212 0 0.0269347
78.9389 56472 52128 0.234391 1.82662 1.9441 1.82662 1.9441 13248 0 0.0273617
79.1696 57920 53576 0.232197 1.8578 1.94384 1.8578 1.94384 13285 0 0.027073
79.4051 56472 55024 0.244984 1.91826 1.94377 1.91826 1.94377 13324 0 0.0267207
79.6419 57920 53576 0.239266 1.81065 1.94337 1.81065 1.94337 13361 0 0.0270126
80.1177 56472 55024 0.24099 1.87454 1.94296 1.87454 1.94296 13438 0 0.0266968
80.3508 57920 53576 0.237695 1.83865 1.94266 1.83865 1.94266 13475 0 0.0270174
80.5815 56472 55024 0.246517 1.95822 1.94271 1.95822 1.94271 13514 0 0.0267383
80.8146 57920 53576 0.235236 1.83865 1.94241 1.83865 1.94241 13551 0 0.0270348
81.0513 56472 55024 0.251051 1.90852 1.94231 1.90852 1.94231 13590 0 0.026818
81.2892 55024 53576 0.240492 1.8015 1.94189 1.8015 1.94189 13627 0 0.0270123
81.5224 52128 52128 0.25451 1.83865 1.9416 1.83865 1.9416 13664 0 0.0276106
81.7495 53576 49232 0.234027 1.73427 1.94102 1.73427 1.94102 13698 0 0.0280077
81.9802 57920 50680 0.229197 1.75738 1.94051 1.75738 1.94051 13733 0 0.0279532
82.2169 55024 55024 0.256518 1.90852 1.94041 1.90852 1.94041 13772 0 0.0270386
82.4536 53576 52128 0.242612 1.76171 1.9399 1.76171 1.9399 13808 0 0.027337
82.4993 55024 50680 0.239475 8.87939 1.94374 8.87939 1.94374 13843 0 0.0276504
82.7384 53576 52128 0.241288 1.79245 1.94331 1.79245 1.94331 13880 0 0.0273319
82.9739 55024 50680 0.238336 1.72151 1.94268 1.72151 1.94268 13915 0 0.0276529
83.1998 56472 52128 0.232042 1.89733 1.94255 1.89733 1.94255 13952 0 0.0273935
83.4281 57920 53576 0.230875 1.87736 1.94237 1.87736 1.94237 13989 0 0.0270954
83.6612 59368 55024 0.238102 1.93803 1.94236 1.93803 1.94236 14028 0 0.0266994
83.9027 57920 56472 0.243059 1.87054 1.94216 1.87054 1.94216 14067 0 0.0263908
84.3834 56472 55024 0.241065 1.85579 1.94166 1.85579 1.94166 14144 0 0.026697
84.6153 57920 53576 0.235503 1.84817 1.94141 1.84817 1.94141 14181 0 0.0270323
84.852 56472 55024 0.242978 1.90852 1.94132 1.90852 1.94132 14220 0 0.0267047
85.0899 55024 53576 0.240388 1.8015 1.94092 1.8015 1.94092 14257 0 0.0270122
85.3278 57920 52128 0.245866 1.8015 1.94054 1.8015 1.94054 14294 0 0.0274345
85.5561 59368 55024 0.23303 1.9281 1.9405 1.9281 1.9405 14332 0 0.0267444
85.7892 57920 56472 0.234914 1.93803 1.9405 1.93803 1.9405 14371 0 0.0264073
86.0284 56472 55024 0.247349 1.88934 1.94035 1.88934 1.94035 14410 0 0.0267499
86.2663 55024 53576 0.240675 1.8015 1.93997 1.8015 1.93997 14447 0 0.0270125
86.5006 53576 52128 0.246079 1.82922 1.93967 1.82922 1.93967 14484 0 0.0273672
86.7289 55024 50680 0.233016 1.77588 1.93924 1.77588 1.93924 14519 0 0.027699
86.9572 56472 52128 0.23992 1.87736 1.93908 1.87736 1.93908 14556 0 0.0273302
87.1903 57920 53576 0.234547 1.83865 1.93881 1.83865 1.93881 14593 0 0.0270418
87.4258 56472 55024 0.248302 1.91826 1.93875 1.91826 1.93875 14632 0 0.0267648
87.6613 57920 53576 0.238705 1.81989 1.93843 1.81989 1.93843 14669 0 0.0270138
88.1312 59368 55024 0.238291 1.89851 1.93822 1.89851 1.93822 14746 0 0.0266988
88.3667 60816 56472 0.237936 1.91826 1.93817 1.91826 1.93817 14785 0 0.0263857
88.5998 57920 57920 0.254018 2.03742 1.93843 2.03742 1.93843 14826 0 0.0263353
88.8305 59368 55024 0.236079 1.90801 1.93835 1.90801 1.93835 14864 0 0.0267112
89.0588 60816 56472 0.231032 1.97884 1.93845 1.97884 1.93845 14903 0 0.0264619
89.2907 57920 57920 0.253277 2.04798 1.93874 2.04798 1.93874 14944 0 0.0263151
89.5334 59368 55024 0.236849 1.81356 1.9384 1.81356 1.9384 14982 0 0.0267058
89.5791 57920 56472 0.242353 9.89418 1.94245 9.89418 1.94245 15021 0 0.026387
89.817 56472 55024 0.240451 1.89888 1.94234 1.89888 1.94234 15060 0 0.0266961
90.0465 57920 53576 0.232668 1.86753 1.94215 1.86753 1.94215 15097 0 0.0270658
90.2736 59368 55024 0.231727 1.98931 1.94227 1.98931 1.94227 15136 0 0.0267643
90.5067 60816 56472 0.235172 1.93803 1.94226 1.93803 1.94226 15175 0 0.0264048
90.7494 59368 57920 0.246761 1.95673 1.94229 1.95673 1.94229 15216 0 0.0261147
90.9886 57920 56472 0.24191 1.88934 1.94216 1.88934 1.94216 15255 0 0.0263851
91.2229 59368 55024 0.240067 1.9281 1.94212 1.9281 1.94212 15294 0 0.0266959
91.4548 57920 56472 0.234636 1.94808 1.94213 1.94808 1.94213 15333 0 0.0264102
91.6915 56472 55024 0.241899 1.90852 1.94205 1.90852 1.94205 15372 0 0.0266995
91.9246 57920 53576 0.235989 1.83865 1.94179 1.83865 1.94179 15409 0 0.0270282
92.1577 59368 55024 0.239197 1.93803 1.94178 1.93803 1.94178 15448 0 0.0266965
92.3932 60816 56472 0.237875 1.91826 1.94172 1.91826 1.94172 15487 0 0.026386
92.636 59368 57920 0.248301 1.95673 1.94176 1.95673 1.94176 15528 0 0.0261379
92.8739 57920 56472 0.24139 1.89888 1.94165 1.89888 1.94165 15567 0 0.0263834
93.1094 56472 55024 0.24308 1.91826 1.94159 1.91826 1.94159 15606 0 0.0267053
93.3413 57920 53576 0.235247 1.84817 1.94135 1.84817 1.94135 15643 0 0.0270347
93.5768 56472 55024 0.242653 1.91826 1.9413 1.91826 1.9413 15682 0 0.0267029
93.8123 57920 53576 0.238259 1.81989 1.94099 1.81989 1.94099 15719 0 0.0270151
94.0466 56472 55024 0.243304 1.9281 1.94096 1.9281 1.94096 15758 0 0.0267068
94.2809 57920 53576 0.237139 1.82922 1.94068 1.82922 1.94068 15795 0 0.0270203
94.752 59368 55024 0.238345 1.89367 1.94045 1.89367 1.94045 15872 0 0.0266986
94.9863 60816 56472 0.237186 1.9281 1.94042 1.9281 1.94042 15911 0 0.0263894
95.2242 59368 57920 0.249011 1.99626 1.94056 1.99626 1.94056 15952 0 0.0261502
95.4609 57920 56472 0.240238 1.90852 1.94048 1.90852 1.94048 15991 0 0.0263815
95.9211 59368 55024 0.232428 1.93816 1.94047 1.93816 1.94047 16068 0 0.0267532
96.1482 60816 56472 0.230242 1.98931 1.94058 1.98931 1.94058 16107 0 0.0264767
96.3861 59368 57920 0.249206 1.99626 1.94072 1.99626 1.94072 16148 0 0.0261537
96.6265 57920 56472 0.241992 1.87989 1.94057 1.87989 1.94057 16187 0 0.0263854
96.8644 55024 55024 0.257711 1.89888 1.94047 1.89888 1.94047 16226 0 0.0270794
97.0999 56472 52128 0.239542 1.7707 1.94005 1.7707 1.94005 16262 0 0.0273304
97.333 57920 53576 0.235852 1.83865 1.93981 1.83865 1.93981 16299 0 0.0270293
97.5661 55024 55024 0.258011 1.93803 1.93981 1.93803 1.93981 16338 0 0.0270901
97.8016 56472 52128 0.237534 1.7707 1.9394 1.7707 1.9394 16374 0 0.0273363
97.8449 57920 53576 0.235751 9.90827 1.94292 9.90827 1.94292 16411 0 0.0270301
98.084 56472 55024 0.241 1.88934 1.94279 1.88934 1.94279 16450 0 0.0266968
98.3231 57920 53576 0.241563 1.79245 1.94243 1.79245 1.94243 16487 0 0.0270145
98.555 59368 55024 0.237575 1.94808 1.94244 1.94808 1.94244 16526 0 0.0267017
98.7845 60816 56472 0.232378 1.96847 1.9425 1.96847 1.9425 16565 0 0.0264396
99.0201 59368 57920 0.24016 2.01663 1.94268 2.01663 1.94268 16606 0 0.026069
99.258 60816 56472 0.240083 1.89888 1.94257 1.89888 1.94257 16645 0 0.0263815
99.4971 59368 57920 0.244644 1.98623 1.94268 1.98623 1.94268 16686 0 0.0260905
99.735 57920 56472 0.240722 1.89888 1.94257 1.89888 1.94257 16725 0 0.026382
99.9729 56472 55024 0.244023 1.89888 1.94247 1.89888 1.94247 16764 0 0.026712
100.206 57920 53576 0.236423 1.83865 1.94223 1.83865 1.94223 16801 0 0.0270249
100.439 59368 55024 0.239691 1.93803 1.94222 1.93803 1.94222 16840 0 0.0266959
100.676 60816 56472 0.23887 1.90852 1.94214 1.90852 1.94214 16879 0 0.0263827
100.92 59368 57920 0.249918 1.94709 1.94215 1.94709 1.94215 16920 0 0.0261673
101.163 57920 56472 0.245721 1.86128 1.94196 1.86128 1.94196 16959 0 0.0264142
101.396 56472 55024 0.243055 1.93803 1.94195 1.93803 1.94195 16998 0 0.0267052
101.625 57920 53576 0.232975 1.86753 1.94178 1.86753 1.94178 17035 0 0.0270614
101.855 59368 55024 0.23809 1.96847 1.94184 1.96847 1.94184 17074 0 0.0266995
102.09 57920 56472 0.236777 1.91826 1.94178 1.91826 1.94178 17113 0 0.0263919
102.328 56472 55024 0.247281 1.89888 1.94168 1.89888 1.94168 17152 0 0.0267489
102.562 57920 53576 0.237796 1.82922 1.94143 1.82922 1.94143 17189 0 0.0270169
102.797 56472 55024 0.244943 1.9281 1.9414 1.9281 1.9414 17228 0 0.0267203
103.032 57920 53576 0.23812 1.81989 1.94112 1.81989 1.94112 17265 0 0.0270156
103.503 59368 55024 0.238691 1.89367 1.9409 1.89367 1.9409 17342 0 0.0266976
103.738 60816 56472 0.237334 1.9281 1.94087 1.9281 1.94087 17381 0 0.0263886
103.975 57920 57920 0.251717 1.99626 1.941 1.99626 1.941 17422 0 0.0262761
104.209 59368 55024 0.238744 1.88834 1.94088 1.88834 1.94088 17460 0 0.0266974
104.437 60816 56472 0.232545 1.97884 1.94097 1.97884 1.94097 17499 0 0.0264371
104.666 59368 57920 0.247788 2.06942 1.94125 2.06942 1.94125 17540 0 0.0261296
104.907 60816 56472 0.236613 1.87989 1.94111 1.87989 1.94111 17579 0 0.0263929
105.147 56472 57920 0.260749 1.9763 1.94119 1.9763 1.94119 17620 0 0.0266858
105.38 55024 53576 0.242318 1.83865 1.94096 1.83865 1.94096 17657 0 0.0270175
105.608 52128 52128 0.253503 1.87736 1.94082 1.87736 1.94082 17694 0 0.0275824
105.837 53576 49232 0.230894 1.72514 1.94036 1.72514 1.94036 17728 0 0.0280549
105.878 55024 50680 0.228508 9.92402 1.94344 9.92402 1.94344 17763 0 0.0277822
106.112 56472 52128 0.235968 1.82922 1.94319 1.82922 1.94319 17800 0 0.0273465
106.35 57920 53576 0.239823 1.8015 1.94287 1.8015 1.94287 17837 0 0.0270121
107.06 59368 55024 0.237975 1.8759 1.94243 1.8759 1.94243 17952 0 0.0266999
107.295 57920 56472 0.237979 1.91826 1.94237 1.91826 1.94237 17991 0 0.0263856
107.533 56472 55024 0.244201 1.89888 1.94228 1.89888 1.94228 18030 0 0.0267135
107.767 57920 53576 0.236562 1.83865 1.94205 1.83865 1.94205 18067 0 0.0270239
108 56472 55024 0.240281 1.93803 1.94204 1.93803 1.94204 18106 0 0.0266959
108.238 57920 53576 0.239736 1.8015 1.94173 1.8015 1.94173 18143 0 0.0270122
108.478 56472 55024 0.247694 1.87989 1.9416 1.87989 1.9416 18182 0 0.0267551
108.716 55024 53576 0.241153 1.8015 1.94129 1.8015 1.94129 18219 0 0.0270134
108.946 53576 52128 0.241215 1.8578 1.94111 1.8578 1.94111 18256 0 0.0273317
109.175 55024 50680 0.231551 1.77588 1.94077 1.77588 1.94077 18291 0 0.0277215
109.408 53576 52128 0.241332 1.83865 1.94055 1.83865 1.94055 18328 0 0.027332
109.646 55024 50680 0.23925 1.70413 1.94004 1.70413 1.94004 18363 0 0.0276507
109.883 53576 52128 0.247862 1.81065 1.93976 1.81065 1.93976 18400 0 0.027392
110.119 55024 50680 0.239885 1.71278 1.93927 1.71278 1.93927 18435 0 0.0276502
110.357 53576 52128 0.249492 1.8015 1.93897 1.8015 1.93897 18472 0 0.0274203
110.59 57920 50680 0.238255 1.73926 1.93855 1.73926 1.93855 18507 0 0.0278396
111.055 59368 55024 0.236955 1.91813 1.93847 1.91813 1.93847 18584 0 0.0267051
111.293 60816 56472 0.238426 1.89888 1.93838 1.89888 1.93838 18623 0 0.0263839
111.531 57920 57920 0.255455 1.99626 1.93851 1.99626 1.93851 18664 0 0.0263777
112.008 56472 55024 0.240516 1.84553 1.93811 1.84553 1.93811 18740 0 0.0266961
112.241 57920 53576 0.237534 1.83865 1.9379 1.83865 1.9379 18777 0 0.0270182
112.468 55024 55024 0.254785 1.98931 1.93801 1.98931 1.93801 18816 0 0.0269843
112.699 56472 52128 0.232042 1.80759 1.93774 1.80759 1.93774 18852 0 0.0273935
112.742 57920 53576 0.230812 9.90827 1.9408 9.90827 1.9408 18889 0 0.0270965
112.972 59368 55024 0.231834 1.96847 1.94086 1.96847 1.94086 18928 0 0.0267625
113.21 60816 56472 0.239437 1.89888 1.94077 1.89888 1.94077 18967 0 0.0263818
113.443 62264 57920 0.238458 2.03742 1.94097 2.03742 1.94097 19008 0 0.0260713
113.674 63712 59368 0.233469 2.05864 1.9412 2.05864 1.9412 19049 0 0.025801
113.909 62264 60816 0.240289 2.115 1.94156 2.115 1.94156 19092 0 0.0254496
114.147 63712 59368 0.240072 1.99626 1.94168 1.99626 1.94168 19133 0 0.0257583
114.38 65160 60816 0.239314 2.13681 1.94208 2.13681 1.94208 19176 0 0.02545
114.618 66608 62264 0.23998 2.09364 1.94239 2.09364 1.94239 19219 0 0.0251426
114.861 65160 63712 0.248183 2.14763 1.94282 2.14763 1.94282 19264 0 0.0249045
115.096 57920 62264 0.239248 2.115 1.94318 2.115 1.94318 19307 0 0.0257023
115.329 59368 55024 0.239931 1.93803 1.94317 1.93803 1.94317 19346 0 0.0266959
115.555 57920 56472 0.229305 1.99989 1.94328 1.99989 1.94328 19385 0 0.0264958
115.791 56472 55024 0.240992 1.91826 1.94323 1.91826 1.94323 19424 0 0.0266968
116.024 57920 53576 0.235974 1.83865 1.94302 1.83865 1.94302 19461 0 0.0270283
116.262 56472 55024 0.244751 1.89888 1.94293 1.89888 1.94293 19500 0 0.0267184
116.5 55024 53576 0.24062 1.8015 1.94264 1.8015 1.94264 19537 0 0.0270125
116.738 53576 52128 0.246672 1.8015 1.94235 1.8015 1.94235 19574 0 0.0273747
116.965 55024 50680 0.232428 1.78527 1.94204 1.78527 1.94204 19609 0 0.0277075
117.191 56472 52128 0.235822 1.89733 1.94196 1.89733 1.94196 19646 0 0.0273477
117.417 57920 53576 0.228967 1.89733 1.94187 1.89733 1.94187 19683 0 0.0271338
117.652 56472 55024 0.243452 1.91826 1.94182 1.91826 1.94182 19722 0 0.0267078
117.883 57920 53576 0.235149 1.8578 1.94166 1.8578 1.94166 19759 0 0.0270356
118.124 56472 55024 0.249471 1.87054 1.94151 1.87054 1.94151 19798 0 0.0267856
118.366 55024 53576 0.244433 1.77462 1.94117 1.77462 1.94117 19835 0 0.0270317
118.605 52128 52128 0.253377 1.79245 1.94087 1.79245 1.94087 19872 0 0.027579
118.836 53576 49232 0.237066 1.70717 1.94042 1.70717 1.94042 19906 0 0.0279806
119.068 55024 50680 0.23314 1.74827 1.94005 1.74827 1.94005 19941 0 0.0276972
119.302 53576 52128 0.250294 1.82922 1.93983 1.82922 1.93983 19978 0 0.0274362
119.54 55024 50680 0.239378 1.70413 1.93936 1.70413 1.93936 20013 0 0.0276506
119.776 52128 52128 0.256153 1.81065 1.93911 1.81065 1.93911 20050 0 0.027661
120.012 57920 49232 0.24024 1.67233 1.93858 1.67233 1.93858 20084 0 0.0283215
120.248 59368 55024 0.236644 1.86907 1.93845 1.86907 1.93845 20122 0 0.0267071
120.485 57920 56472 0.241658 1.89888 1.93837 1.89888 1.93837 20161 0 0.0263842
120.719 53576 55024 0.265872 1.93803 1.93837 1.93803 1.93837 20200 0 0.0275516
120.764 55024 50680 0.235684 8.87939 1.94099 8.87939 1.94099 20235 0 0.0276688
120.993 56472 52128 0.231198 1.87736 1.94087 1.87736 1.94087 20272 0 0.0274077
121.228 57920 53576 0.237232 1.81989 1.94064 1.81989 1.94064 20309 0 0.0270198
121.468 56472 55024 0.245015 1.87989 1.94052 1.87989 1.94052 20348 0 0.026721
121.701 57920 53576 0.236674 1.83865 1.94032 1.83865 1.94032 20385 0 0.0270232
121.935 59368 55024 0.238659 1.93803 1.94032 1.93803 1.94032 20424 0 0.0266976
122.168 60816 56472 0.235792 1.93803 1.94031 1.93803 1.94031 20463 0 0.0263992
122.41 59368 57920 0.247488 1.95673 1.94034 1.95673 1.94034 20504 0 0.026125
122.651 57920 56472 0.243325 1.87989 1.94023 1.87989 1.94023 20543 0 0.0263925
122.895 56472 55024 0.250087 1.85211 1.94005 1.85211 1.94005 20582 0 0.0267976
123.128 57920 53576 0.237373 1.83865 1.93986 1.83865 1.93986 20619 0 0.027019
123.361 56472 55024 0.240421 1.93803 1.93986 1.93803 1.93986 20658 0 0.026696
123.594 57920 53576 0.235749 1.83865 1.93966 1.83865 1.93966 20695 0 0.0270302
123.829 56472 55024 0.242913 1.91826 1.93962 1.91826 1.93962 20734 0 0.0267043
124.065 57920 53576 0.238292 1.81989 1.9394 1.81989 1.9394 20771 0 0.027015
124.301 56472 55024 0.244271 1.91826 1.93936 1.91826 1.93936 20810 0 0.0267141
124.534 57920 53576 0.236655 1.83865 1.93917 1.83865 1.93917 20847 0 0.0270233
124.77 56472 55024 0.245228 1.90852 1.93911 1.90852 1.93911 20886 0 0.0267232
125.008 55024 53576 0.240508 1.8015 1.93885 1.8015 1.93885 20923 0 0.0270123
125.244 57920 52128 0.246838 1.81989 1.93862 1.81989 1.93862 20960 0 0.0274468
125.705 59368 55024 0.234778 1.90801 1.93851 1.90801 1.93851 21036 0 0.0267231
125.941 57920 56472 0.237313 1.91826 1.93847 1.91826 1.93847 21075 0 0.0263887
126.18 55024 55024 0.252877 1.88934 1.93838 1.88934 1.93838 21114 0 0.0269316
126.418 53576 52128 0.240758 1.75281 1.93803 1.75281 1.93803 21150 0 0.0273308
126.651 55024 50680 0.237099 1.73926 1.93767 1.73926 1.93767 21185 0 0.0276586
126.883 53576 52128 0.251018 1.84817 1.9375 1.84817 1.9375 21222 0 0.0274516
127.122 55024 50680 0.238141 1.69556 1.93705 1.69556 1.93705 21257 0 0.0276536
127.362 50680 52128 0.260381 1.78349 1.93676 1.78349 1.93676 21294 0 0.027932
127.601 49232 47784 0.244097 1.59867 1.93612 1.59867 1.93612 21327 0 0.0283125
127.834 46336 46336 0.260261 1.63988 1.93558 1.63988 1.93558 21360 0 0.0291017
128.066 47784 43440 0.236514 1.49852 1.93479 1.49852 1.93479 21390 0 0.0292901
128.102 49232 44888 0.232415 9.96183 1.93705 9.96183 1.93705 21421 0 0.0290062
128.333 50680 46336 0.233119 1.65696 1.93655 1.65696 1.93655 21454 0 0.0286686
128.569 52128 47784 0.237209 1.62314 1.93597 1.62314 1.93597 21487 0 0.0283035
128.807 50680 49232 0.243823 1.70413 1.93555 1.70413 1.93555 21522 0 0.0279866
129.044 49232 47784 0.240738 1.60675 1.93494 1.60675 1.93494 21555 0 0.0282962
129.274 50680 46336 0.237445 1.66563 1.93446 1.66563 1.93446 21588 0 0.0286278
129.505 52128 47784 0.233442 1.65696 1.93397 1.65696 1.93397 21621 0 0.0283387
129.743 50680 49232 0.24401 1.70413 1.93355 1.70413 1.93355 21656 0 0.0279881
129.978 52128 47784 0.238839 1.62314 1.93298 1.62314 1.93298 21689 0 0.028297
130.214 50680 49232 0.243587 1.72151 1.9326 1.72151 1.9326 21724 0 0.0279849
130.447 52128 47784 0.236656 1.63988 1.93208 1.63988 1.93208 21757 0 0.0283069
130.677 53576 49232 0.240137 1.75738 1.93177 1.75738 1.93177 21792 0 0.027972
130.911 55024 50680 0.235589 1.73926 1.93143 1.73926 1.93143 21827 0 0.0276696
131.145 53576 52128 0.244008 1.82922 1.93124 1.82922 1.93124 21864 0 0.0273463
131.378 55024 50680 0.236431 1.73926 1.9309 1.73926 1.9309 21899 0 0.0276629
131.611 53576 52128 0.243785 1.83865 1.93074 1.83865 1.93074 21936 0 0.0273445
131.847 55024 50680 0.237843 1.72151 1.93037 1.72151 1.93037 21971 0 0.0276548
132.08 53576 52128 0.245726 1.83865 1.9302 1.83865 1.9302 22008 0 0.027363
132.313 55024 50680 0.236396 1.73926 1.92987 1.73926 1.92987 22043 0 0.0276632
132.546 53576 52128 0.24624 1.83865 1.92971 1.83865 1.92971 22080 0 0.0273691
132.779 55024 50680 0.236466 1.73926 1.92937 1.73926 1.92937 22115 0 0.0276627
133.012 53576 52128 0.247874 1.83865 1.92921 1.83865 1.92921 22152 0 0.0273922
133.245 57920 50680 0.236647 1.73926 1.92888 1.73926 1.92888 22187 0 0.0278478
133.478 56472 55024 0.249558 1.93803 1.9289 1.93803 1.9289 22226 0 0.0267872
133.714 57920 53576 0.238766 1.81989 1.92871 1.81989 1.92871 22263 0 0.0270136
134.184 59368 55024 0.238472 1.89851 1.9286 1.89851 1.9286 22340 0 0.0266982
134.419 60816 56472 0.237981 1.91826 1.92858 1.91826 1.92858 22379 0 0.0263855
134.652 56472 57920 0.259837 2.03742 1.92877 2.03742 1.92877 22420 0 0.0266489
134.883 57920 53576 0.236881 1.8578 1.92865 1.8578 1.92865 22457 0 0.0270218
135.11 55024 55024 0.254032 1.98931 1.92875 1.98931 1.92875 22496 0 0.0269626
135.156 56472 52128 0.231319 9.13309 1.93118 9.13309 1.93118 22532 0 0.0274056
135.382 57920 53576 0.228639 1.89733 1.93113 1.89733 1.93113 22569 0 0.0271412
135.61 59368 55024 0.232766 1.97884 1.93121 1.97884 1.93121 22608 0 0.0267482
135.843 60816 56472 0.235253 1.93803 1.93122 1.93803 1.93122 22647 0 0.026404
136.08 59368 57920 0.241461 2.00639 1.93135 2.00639 1.93135 22688 0 0.0260711
136.311 60816 56472 0.234086 1.95822 1.9314 1.95822 1.9314 22727 0 0.0264164
136.541 62264 57920 0.236246 2.05864 1.93161 2.05864 1.93161 22768 0 0.026083
136.773 63712 59368 0.234397 2.04798 1.93181 2.04798 1.93181 22809 0 0.0257897
137.016 62264 60816 0.247431 2.05218 1.93202 2.05218 1.93202 22852 0 0.0255047
137.256 60816 59368 0.243124 1.9763 1.9321 1.9763 1.9321 22893 0 0.0257681
137.49 59368 57920 0.241966 2.02697 1.93226 2.02697 1.93226 22934 0 0.0260728
137.721 60816 56472 0.233776 1.95822 1.9323 1.95822 1.9323 22973 0 0.0264202
137.957 57920 57920 0.241777 2.01663 1.93245 2.01663 1.93245 23014 0 0.026142
138.439 56472 55024 0.2412 1.82712 1.93208 1.82712 1.93208 23090 0 0.0266973
138.674 57920 53576 0.238671 1.81989 1.93189 1.81989 1.93189 23127 0 0.0270139
138.904 56472 55024 0.240661 1.96847 1.93195 1.96847 1.93195 23166 0 0.0266963
139.137 57920 53576 0.235115 1.83865 1.9318 1.83865 1.9318 23203 0 0.027036
139.37 56472 55024 0.243444 1.93803 1.93181 1.93803 1.93181 23242 0 0.0267077
139.604 57920 53576 0.237052 1.82922 1.93163 1.82922 1.93163 23279 0 0.0270208
140.075 59368 55024 0.238692 1.89367 1.93151 1.89367 1.93151 23356 0 0.0266976
140.308 60816 56472 0.236682 1.93803 1.93152 1.93803 1.93152 23395 0 0.0263925
140.543 59368 57920 0.249148 2.02697 1.93168 2.02697 1.93168 23436 0 0.0261526
140.777 60816 56472 0.237562 1.9281 1.93167 1.9281 1.93167 23475 0 0.0263874
141.012 59368 57920 0.250931 2.01663 1.93181 2.01663 1.93181 23516 0 0.0261884
141.245 60816 56472 0.237957 1.93803 1.93182 1.93803 1.93182 23555 0 0.0263856
141.481 57920 57920 0.252006 2.01663 1.93196 2.01663 1.93196 23596 0 0.026283
141.715 59368 55024 0.23853 1.87866 1.93187 1.87866 1.93187 23634 0 0.026698
141.95 57920 56472 0.235244 1.9281 1.93187 1.9281 1.93187 23673 0 0.0264041
142.421 59368 55024 0.239186 1.89367 1.93174 1.89367 1.93174 23750 0 0.0266965
142.466 57920 56472 0.235913 9.89418 1.93429 9.89418 1.93429 23789 0 0.0263982
142.945 56472 55024 0.241434 1.86512 1.93406 1.86512 1.93406 23866 0 0.0266979
143.184 55024 53576 0.241522 1.79245 1.93383 1.79245 1.93383 23903 0 0.0270144
143.414 56472 52128 0.236281 1.8578 1.9337 1.8578 1.9337 23940 0 0.027344
143.637 59368 53576 0.225914 1.9281 1.9337 1.9281 1.9337 23977 0 0.0272804
143.863 57920 56472 0.230639 2.05117 1.93388 2.05117 1.93388 24017 0 0.0264691
144.094 59368 55024 0.236637 1.94808 1.9339 1.94808 1.9339 24056 0 0.0267072
144.325 60816 56472 0.233249 1.95822 1.93394 1.95822 1.93394 24095 0 0.026427
144.563 59368 57920 0.242811 1.99626 1.93404 1.99626 1.93404 24136 0 0.0260769
144.797 60816 56472 0.237414 1.9281 1.93403 1.9281 1.93403 24175 0 0.0263882
145.035 59368 57920 0.243445 1.99626 1.93414 1.99626 1.93414 24216 0 0.0260808
145.276 57920 56472 0.242617 1.87989 1.93405 1.87989 1.93405 24255 0 0.0263883
145.751 56472 55024 0.240478 1.87454 1.93385 1.87454 1.93385 24332 0 0.0266961
145.989 57920 53576 0.240219 1.8015 1.93364 1.8015 1.93364 24369 0 0.0270121
146.223 56472 55024 0.242147 1.93803 1.93364 1.93803 1.93364 24408 0 0.0267005
146.453 57920 53576 0.234164 1.8578 1.93352 1.8578 1.93352 24445 0 0.0270461
146.686 56472 55024 0.241151 1.93803 1.93353 1.93803 1.93353 24484 0 0.0266972
146.917 57920 53576 0.234259 1.8578 1.93341 1.8578 1.93341 24521 0 0.027045
147.153 56472 55024 0.243683 1.91826 1.93339 1.91826 1.93339 24560 0 0.0267094
147.388 57920 53576 0.238416 1.81989 1.93321 1.81989 1.93321 24597 0 0.0270146
147.624 56472 55024 0.24612 1.91826 1.93318 1.91826 1.93318 24636 0 0.0267333
147.859 57920 53576 0.238609 1.81989 1.933 1.81989 1.933 24673 0 0.027014
148.095 56472 55024 0.247252 1.91826 1.93298 1.91826 1.93298 24712 0 0.0267484
148.329 57920 53576 0.237935 1.82922 1.93282 1.82922 1.93282 24749 0 0.0270164
148.564 56472 55024 0.24814 1.91826 1.93279 1.91826 1.93279 24788 0 0.0267621
148.8 57920 53576 0.238613 1.81989 1.93261 1.81989 1.93261 24825 0 0.027014
149.033 56472 55024 0.248878 1.93803 1.93262 1.93803 1.93262 24864 0 0.0267747
149.266 57920 53576 0.236551 1.83865 1.93248 1.83865 1.93248 24901 0 0.027024
149.498 56472 55024 0.248837 1.94808 1.9325 1.94808 1.9325 24940 0 0.0267739
149.731 57920 53576 0.235982 1.83865 1.93235 1.83865 1.93235 24977 0 0.0270282
149.964 56472 55024 0.251346 1.93803 1.93236 1.93803 1.93236 25016 0 0.0268246
150.199 57920 53576 0.237089 1.82922 1.9322 1.82922 1.9322 25053 0 0.0270206
150.668 59368 55024 0.238953 1.89851 1.9321 1.89851 1.9321 25130 0 0.0266969
150.903 60816 56472 0.236869 1.9281 1.93209 1.9281 1.93209 25169 0 0.0263913
151.141 56472 57920 0.262583 1.99626 1.93219 1.99626 1.93219 25210 0 0.0267653
151.189 55024 53576 0.241912 8.91744 1.93441 8.91744 1.93441 25247 0 0.0270157
151.421 56472 52128 0.234946 1.84817 1.93428 1.84817 1.93428 25284 0 0.0273557
151.653 57920 53576 0.234317 1.84817 1.93415 1.84817 1.93415 25321 0 0.0270444
152.126 59368 55024 0.24013 1.88405 1.93399 1.88405 1.93399 25398 0 0.0266959
152.361 60816 56472 0.238261 1.91826 1.93397 1.91826 1.93397 25437 0 0.0263845
152.597 59368 57920 0.241088 2.01663 1.9341 2.01663 1.9341 25478 0 0.0260701
152.83 57920 56472 0.236141 1.93803 1.9341 1.93803 1.9341 25517 0 0.0263964
153.063 59368 55024 0.23916 1.93803 1.93411 1.93803 1.93411 25556 0 0.0266966
153.294 60816 56472 0.233574 1.95822 1.93414 1.95822 1.93414 25595 0 0.0264228
153.531 59368 57920 0.242483 2.00639 1.93426 2.00639 1.93426 25636 0 0.0260751
153.769 57920 56472 0.240288 1.89888 1.9342 1.89888 1.9342 25675 0 0.0263816
154.235 59368 55024 0.232608 1.91319 1.93414 1.91319 1.93414 25752 0 0.0267505
154.463 60816 56472 0.230966 1.97884 1.9342 1.97884 1.9342 25791 0 0.0264631
154.696 59368 57920 0.240748 2.03742 1.93436 2.03742 1.93436 25832 0 0.0260695
154.927 60816 56472 0.234179 1.95822 1.93439 1.95822 1.93439 25871 0 0.0264154
155.158 62264 57920 0.239934 2.05864 1.93458 2.05864 1.93458 25912 0 0.026069
155.391 63712 59368 0.235311 2.03742 1.93473 2.03742 1.93473 25953 0 0.0257803
155.626 62264 60816 0.245732 2.115 1.93501 2.115 1.93501 25996 0 0.0254824
155.862 63712 59368 0.238323 2.01663 1.93513 2.01663 1.93513 26037 0 0.0257611
156.097 62264 60816 0.247024 2.115 1.9354 2.115 1.9354 26080 0 0.0254989
156.332 63712 59368 0.23777 2.02697 1.93554 2.02697 1.93554 26121 0 0.0257633
156.567 62264 60816 0.247874 2.115 1.93581 2.115 1.93581 26164 0 0.0255115
156.803 63712 59368 0.238487 2.01663 1.93593 2.01663 1.93593 26205 0 0.0257606
157.037 62264 60816 0.24915 2.12585 1.93621 2.12585 1.93621 26248 0 0.0255332
157.276 63712 59368 0.239812 1.98623 1.93629 1.98623 1.93629 26289 0 0.0257583
157.515 60816 60816 0.255296 2.08312 1.93651 2.08312 1.93651 26332 0 0.0257534
157.754 59368 57920 0.242419 1.93778 1.93651 1.93778 1.93651 26372 0 0.0260748
157.985 60816 56472 0.237332 1.95822 1.93655 1.95822 1.93655 26411 0 0.0263886
158.212 59368 57920 0.249715 2.09132 1.93677 2.09132 1.93677 26452 0 0.0261633
158.442 60816 56472 0.231463 1.96847 1.93681 1.96847 1.93681 26491 0 0.0264544
158.675 57920 57920 0.252543 2.03742 1.93696 2.03742 1.93696 26532 0 0.0262962
158.91 59368 55024 0.236971 1.86907 1.93686 1.86907 1.93686 26570 0 0.026705
158.956 60816 56472 0.235678 9.89418 1.93915 9.89418 1.93915 26609 0 0.0264001
159.191 62264 57920 0.237601 2.01663 1.93926 2.01663 1.93926 26650 0 0.0260747
159.432 60816 59368 0.242394 1.9763 1.93932 1.9763 1.93932 26691 0 0.025764
159.671 59368 57920 0.243757 1.98623 1.93939 1.98623 1.93939 26732 0 0.0260831
159.904 60816 56472 0.236103 1.93803 1.93938 1.93803 1.93938 26771 0 0.0263967
160.144 59368 57920 0.244543 1.9763 1.93944 1.9763 1.93944 26812 0 0.0260896
160.38 60816 56472 0.238453 1.91826 1.93941 1.91826 1.93941 26851 0 0.0263839
160.606 62264 57920 0.232151 2.10244 1.93964 2.10244 1.93964 26892 0 0.0261306
160.834 63712 59368 0.23057 2.08031 1.93984 2.08031 1.93984 26933 0 0.0258472
161.073 57920 60816 0.243466 2.08312 1.94005 2.08312 1.94005 26976 0 0.025811
161.31 59368 55024 0.239471 1.85958 1.93993 1.85958 1.93993 27014 0 0.0266961
161.543 60816 56472 0.23578 1.93803 1.93993 1.93803 1.93993 27053 0 0.0263993
161.778 59368 57920 0.241923 2.01663 1.94004 2.01663 1.94004 27094 0 0.0260726
162.014 60816 56472 0.238082 1.91826 1.94001 1.91826 1.94001 27133 0 0.0263851
162.249 59368 57920 0.242697 2.01663 1.94012 2.01663 1.94012 27174 0 0.0260762
162.485 57920 56472 0.238103 1.91826 1.94009 1.91826 1.94009 27213 0 0.0263851
162.72 56472 55024 0.2434 1.91826 1.94006 1.91826 1.94006 27252 0 0.0267074
162.955 57920 53576 0.236911 1.82922 1.9399 1.82922 1.9399 27289 0 0.0270216
163.19 56472 55024 0.243944 1.91826 1.93987 1.91826 1.93987 27328 0 0.0267114
163.426 57920 53576 0.238388 1.81989 1.93969 1.81989 1.93969 27365 0 0.0270147
163.659 56472 55024 0.243272 1.93803 1.93969 1.93803 1.93969 27404 0 0.0267066
163.892 57920 53576 0.236138 1.83865 1.93955 1.83865 1.93955 27441 0 0.027027
164.129 56472 55024 0.246096 1.90852 1.9395 1.90852 1.9395 27480 0 0.026733
164.365 57920 53576 0.239727 1.81065 1.93932 1.81065 1.93932 27517 0 0.0270122
164.601 56472 55024 0.247637 1.91826 1.93929 1.91826 1.93929 27556 0 0.0267542
164.836 57920 53576 0.238743 1.81989 1.93912 1.81989 1.93912 27593 0 0.0270137
165.07 56472 55024 0.247102 1.93803 1.93912 1.93803 1.93912 27632 0 0.0267463
165.303 57920 53576 0.236437 1.83865 1.93897 1.83865 1.93897 27669 0 0.0270248
165.535 56472 55024 0.246924 1.94808 1.93899 1.94808 1.93899 27708 0 0.0267438
165.774 57920 53576 0.238805 1.79245 1.93878 1.79245 1.93878 27745 0 0.0270135
166.251 56472 55024 0.242018 1.86982 1.93858 1.86982 1.93858 27822 0 0.0266999
166.485 57920 53576 0.239414 1.82922 1.93842 1.82922 1.93842 27859 0 0.0270124
166.945 59368 55024 0.233912 1.93816 1.93842 1.93816 1.93842 27936 0 0.0267329
167.181 57920 56472 0.23371 1.91826 1.93839 1.91826 1.93839 27975 0 0.026421
167.419 53576 55024 0.263608 1.89888 1.93834 1.89888 1.93834 28014 0 0.0274396
167.464 55024 50680 0.239816 8.87939 1.94023 8.87939 1.94023 28049 0 0.0276502
167.696 57920 52128 0.234913 1.84817 1.9401 1.84817 1.9401 28086 0 0.027426
167.926 59368 55024 0.232215 1.918 1.94007 1.918 1.94007 28124 0 0.0267565
168.161 57920 56472 0.237269 1.91826 1.94004 1.91826 1.94004 28163 0 0.0263889
168.396 56472 55024 0.240155 1.9281 1.94003 1.9281 1.94003 28202 0 0.0266959
168.629 57920 53576 0.235726 1.83865 1.93989 1.83865 1.93989 28239 0 0.0270304
168.867 56472 55024 0.24334 1.89888 1.93983 1.89888 1.93983 28278 0 0.026707
169.107 55024 53576 0.242459 1.78349 1.93961 1.78349 1.93961 28315 0 0.0270181
169.342 53576 52128 0.242992 1.81989 1.93944 1.81989 1.93944 28352 0 0.0273391
169.571 57920 50680 0.232091 1.77588 1.93922 1.77588 1.93922 28387 0 0.0278991
169.798 59368 55024 0.234562 1.98931 1.93929 1.98931 1.93929 28426 0 0.0267254
170.036 60816 56472 0.238756 1.89888 1.93923 1.89888 1.93923 28465 0 0.026383
170.274 59368 57920 0.245994 1.99626 1.93931 1.99626 1.93931 28506 0 0.0261049
170.508 60816 56472 0.238008 1.9281 1.93929 1.9281 1.93929 28545 0 0.0263854
170.739 62264 57920 0.240074 2.05864 1.93946 2.05864 1.93946 28586 0 0.026069
170.972 63712 59368 0.235385 2.03742 1.93959 2.03742 1.93959 28627 0 0.0257796
171.207 62264 60816 0.244612 2.115 1.93983 2.115 1.93983 28670 0 0.0254708
171.442 63712 59368 0.237543 2.02697 1.93995 2.02697 1.93995 28711 0 0.0257643
171.677 62264 60816 0.245446 2.115 1.94019 2.115 1.94019 28754 0 0.0254792
171.914 63712 59368 0.239252 2.00639 1.94028 2.00639 1.94028 28795 0 0.0257589
172.151 62264 60816 0.248219 2.10427 1.94051 2.10427 1.94051 28838 0 0.0255171
172.389 57920 59368 0.240389 1.99626 1.94058 1.99626 1.94058 28879 0 0.0259448
172.628 56472 55024 0.251531 1.88934 1.94051 1.88934 1.94051 28918 0 0.0268288
172.861 57920 53576 0.23713 1.83865 1.94037 1.83865 1.94037 28955 0 0.0270203
173.329 59368 55024 0.237659 1.90338 1.94027 1.90338 1.94027 29032 0 0.0267013
173.565 60816 56472 0.237848 1.91826 1.94025 1.91826 1.94025 29071 0 0.0263861
173.804 57920 57920 0.256464 1.98623 1.94031 1.98623 1.94031 29112 0 0.0264099
174.035 59368 55024 0.239771 1.90801 1.94027 1.90801 1.94027 29150 0 0.0266959
174.263 57920 56472 0.231464 1.97884 1.94032 1.97884 1.94032 29189 0 0.0264543
174.496 55024 55024 0.253597 1.93803 1.94031 1.93803 1.94031 29228 0 0.0269506
174.729 56472 52128 0.2351 1.78895 1.94011 1.78895 1.94011 29264 0 0.0273542
174.773 57920 53576 0.233289 9.90827 1.94208 9.90827 1.94208 29301 0 0.0270571
175.009 59368 55024 0.238641 1.90852 1.94204 1.90852 1.94204 29340 0 0.0266977
175.248 57920 56472 0.241216 1.88934 1.94197 1.88934 1.94197 29379 0 0.0263829
175.486 56472 55024 0.243032 1.89888 1.94191 1.89888 1.94191 29418 0 0.026705
175.713 57920 53576 0.230715 1.88729 1.94184 1.88729 1.94184 29455 0 0.0270983
175.945 59368 55024 0.236691 1.94808 1.94185 1.94808 1.94185 29494 0 0.0267068
176.178 60816 56472 0.235495 1.93803 1.94184 1.93803 1.94184 29533 0 0.0264018
176.418 59368 57920 0.244179 1.98623 1.9419 1.98623 1.9419 29574 0 0.0260864
176.661 57920 56472 0.245914 1.85211 1.94178 1.85211 1.94178 29613 0 0.0264164
176.901 56472 55024 0.245816 1.88934 1.94171 1.88934 1.94171 29652 0 0.0267297
177.13 57920 53576 0.233619 1.86753 1.94161 1.86753 1.94161 29689 0 0.0270528
177.358 59368 55024 0.235031 1.97884 1.94166 1.97884 1.94166 29728 0 0.0267205
177.583 62264 56472 0.228196 2.01058 1.94174 2.01058 1.94174 29767 0 0.0265907
177.819 57920 59368 0.240783 2.06582 1.94191 2.06582 1.94191 29809 0 0.0259453
178.056 56472 55024 0.245106 1.89888 1.94185 1.89888 1.94185 29848 0 0.0267219
178.288 57920 53576 0.235292 1.84817 1.94173 1.84817 1.94173 29885 0 0.0270343
178.522 56472 55024 0.240726 1.93803 1.94172 1.93803 1.94172 29924 0 0.0266964
178.756 57920 53576 0.236825 1.82922 1.94158 1.82922 1.94158 29961 0 0.0270222
179.228 59368 55024 0.238716 1.88885 1.94144 1.88885 1.94144 30038 0 0.0266975
179.462 60816 56472 0.237119 1.9281 1.94142 1.9281 1.94142 30077 0 0.0263898
179.7 59368 57920 0.24793 1.99626 1.94149 1.99626 1.94149 30118 0 0.0261318
179.936 60816 56472 0.239217 1.91826 1.94146 1.91826 1.94146 30157 0 0.0263821
180.169 59368 57920 0.245678 2.03742 1.94159 2.03742 1.94159 30198 0 0.0261012
180.4 60816 56472 0.234752 1.95822 1.94161 1.95822 1.94161 30237 0 0.026409
180.633 59368 57920 0.244851 2.03742 1.94173 2.03742 1.94173 30278 0 0.0260925
180.868 60816 56472 0.237502 1.91826 1.9417 1.91826 1.9417 30317 0 0.0263877
181.104 59368 57920 0.249859 2.01663 1.9418 2.01663 1.9418 30358 0 0.0261662
181.338 60816 56472 0.238163 1.9281 1.94178 1.9281 1.94178 30397 0 0.0263848
181.574 59368 57920 0.25112 2.01663 1.94188 2.01663 1.94188 30438 0 0.0261926
181.809 60816 56472 0.238898 1.91826 1.94185 1.91826 1.94185 30477 0 0.0263827
182.041 57920 57920 0.252222 2.04798 1.94198 2.04798 1.94198 30518 0 0.0262882
182.274 59368 55024 0.236013 1.88834 1.94191 1.88834 1.94191 30556 0 0.0267117
182.505 60816 56472 0.233238 1.95822 1.94193 1.95822 1.94193 30595 0 0.0264272
182.737 57920 57920 0.25538 2.04798 1.94207 2.04798 1.94207 30636 0 0.0263754
182.973 59368 55024 0.236245 1.85958 1.94196 1.85958 1.94196 30674 0 0.02671
183.019 60816 56472 0.23678 9.89418 1.94395 9.89418 1.94395 30713 0 0.0263918
183.257 62264 57920 0.240129 1.99626 1.94401 1.99626 1.94401 30754 0 0.026069
183.495 60816 59368 0.240249 1.99626 1.94408 1.99626 1.94408 30795 0 0.0257584
183.728 62264 57920 0.238129 2.03742 1.9442 2.03742 1.9442 30836 0 0.0260725
183.967 60816 59368 0.241054 1.98623 1.94426 1.98623 1.94426 30877 0 0.0257594
184.21 59368 57920 0.247345 1.95673 1.94427 1.95673 1.94427 30918 0 0.0261229
184.444 60816 56472 0.237563 1.9281 1.94425 1.9281 1.94425 30957 0 0.0263874
184.675 62264 57920 0.236367 2.05864 1.94439 2.05864 1.94439 30998 0 0.0260822
184.907 63712 59368 0.234341 2.04798 1.94452 2.04798 1.94452 31039 0 0.0257903
185.145 57920 60816 0.242771 2.09364 1.94472 2.09364 1.94472 31082 0 0.0258066
185.379 59368 55024 0.237449 1.87866 1.94463 1.87866 1.94463 31120 0 0.0267024
185.607 60816 56472 0.23128 1.97884 1.94467 1.97884 1.94467 31159 0 0.0264575
185.84 62264 57920 0.239117 2.03742 1.94479 2.03742 1.94479 31200 0 0.0260697
186.081 57920 59368 0.241548 1.9763 1.94483 1.9763 1.94483 31241 0 0.0259471
186.324 56472 55024 0.249824 1.86128 1.94472 1.86128 1.94472 31280 0 0.0267924
186.56 57920 53576 0.240092 1.81065 1.94455 1.81065 1.94455 31317 0 0.0270121
186.791 59368 55024 0.239878 1.95822 1.94457 1.95822 1.94457 31356 0 0.0266959
187.024 60816 56472 0.235561 1.93803 1.94456 1.93803 1.94456 31395 0 0.0264012
187.26 59368 57920 0.24385 2.01663 1.94465 2.01663 1.94465 31436 0 0.0260838
187.495 57920 56472 0.238376 1.91826 1.94462 1.91826 1.94462 31475 0 0.0263841
187.731 56472 55024 0.244981 1.91826 1.94459 1.91826 1.94459 31514 0 0.0267207
187.964 57920 53576 0.236243 1.83865 1.94445 1.83865 1.94445 31551 0 0.0270262
188.197 56472 55024 0.243533 1.93803 1.94445 1.93803 1.94445 31590 0 0.0267083
188.431 57920 53576 0.237074 1.82922 1.9443 1.82922 1.9443 31627 0 0.0270207
188.664 56472 55024 0.245251 1.93803 1.9443 1.93803 1.9443 31666 0 0.0267234
188.897 57920 53576 0.236271 1.83865 1.94416 1.83865 1.94416 31703 0 0.027026
189.13 56472 55024 0.246174 1.93803 1.94416 1.93803 1.94416 31742 0 0.026734
189.364 57920 53576 0.236271 1.83865 1.94403 1.83865 1.94403 31779 0 0.027026
189.597 56472 55024 0.247557 1.93803 1.94402 1.93803 1.94402 31818 0 0.026753
189.83 57920 53576 0.236453 1.83865 1.94389 1.83865 1.94389 31855 0 0.0270247
190.06 56472 55024 0.248227 1.95822 1.94391 1.95822 1.94391 31894 0 0.0267635
190.294 57920 53576 0.235242 1.83865 1.94378 1.83865 1.94378 31931 0 0.0270347
190.527 56472 55024 0.251138 1.93803 1.94377 1.93803 1.94377 31970 0 0.0268199
190.761 57920 53576 0.237223 1.82922 1.94363 1.82922 1.94363 32007 0 0.0270198
190.997 55024 55024 0.255253 1.91826 1.9436 1.91826 1.9436 32046 0 0.0269984
191.234 56472 52128 0.239783 1.75281 1.94336 1.75281 1.94336 32082 0 0.0273302
191.47 57920 53576 0.238036 1.81989 1.94321 1.81989 1.94321 32119 0 0.0270159
191.707 53576 55024 0.263979 1.90852 1.94317 1.90852 1.94317 32158 0 0.0274572
191.752 52128 50680 0.241052 8.87939 1.94482 8.87939 1.94482 32193 0 0.0276513
191.983 53576 49232 0.23395 1.75738 1.94459 1.75738 1.94459 32228 0 0.0280086
192.214 55024 50680 0.233117 1.75738 1.94437 1.75738 1.94437 32263 0 0.0276975
192.441 56472 52128 0.232722 1.88729 1.9443 1.88729 1.9443 32300 0 0.0273832
192.672 57920 53576 0.232877 1.8578 1.9442 1.8578 1.9442 32337 0 0.0270628
192.907 56472 55024 0.240639 1.91826 1.94417 1.91826 1.94417 32376 0 0.0266963
193.143 57920 53576 0.238079 1.81989 1.94402 1.81989 1.94402 32413 0 0.0270158
193.383 56472 55024 0.245761 1.87989 1.94394 1.87989 1.94394 32452 0 0.026729
193.621 55024 53576 0.240917 1.8015 1.94376 1.8015 1.94376 32489 0 0.0270129
193.852 56472 52128 0.238459 1.8578 1.94366 1.8578 1.94366 32526 0 0.0273326
194.076 57920 53576 0.228476 1.90747 1.94362 1.90747 1.94362 32563 0 0.0271449
194.307 59368 55024 0.23686 1.95822 1.94363 1.95822 1.94363 32602 0 0.0267057
194.542 60816 56472 0.237298 1.91826 1.9436 1.91826 1.9436 32641 0 0.0263888
194.785 59368 57920 0.249301 1.95673 1.94362 1.95673 1.94362 32682 0 0.0261555
195.025 57920 56472 0.243647 1.87989 1.94354 1.87989 1.94354 32721 0 0.0263948
195.263 56472 55024 0.247289 1.89888 1.94349 1.89888 1.94349 32760 0 0.026749
195.505 55024 53576 0.243031 1.77462 1.94328 1.77462 1.94328 32797 0 0.0270213
195.744 53576 52128 0.249467 1.79245 1.94309 1.79245 1.94309 32834 0 0.0274198
195.98 55024 50680 0.239196 1.72151 1.94283 1.72151 1.94283 32869 0 0.0276508
196.208 53576 52128 0.241232 1.87736 1.94275 1.87736 1.94275 32906 0 0.0273317
196.436 55024 50680 0.231611 1.77588 1.94256 1.77588 1.94256 32941 0 0.0277205
196.664 56472 52128 0.239963 1.87736 1.94248 1.87736 1.94248 32978 0 0.0273302
196.899 57920 53576 0.235082 1.82922 1.94235 1.82922 1.94235 33015 0 0.0270363
197.136 56472 55024 0.249577 1.90852 1.94231 1.90852 1.94231 33054 0 0.0267876
197.373 57920 53576 0.240598 1.8015 1.94214 1.8015 1.94214 33091 0 0.0270124
197.602 56472 55024 0.247312 1.97884 1.94218 1.97884 1.94218 33130 0 0.0267493
197.829 57920 53576 0.231438 1.88729 1.94212 1.88729 1.94212 33167 0 0.0270854
198.057 56472 55024 0.243526 1.97884 1.94216 1.97884 1.94216 33206 0 0.0267083
198.285 57920 53576 0.23179 1.87736 1.94208 1.87736 1.94208 33243 0 0.0270795
198.514 56472 55024 0.246006 1.97884 1.94213 1.97884 1.94213 33282 0 0.0267319
198.742 57920 53576 0.231957 1.87736 1.94205 1.87736 1.94205 33319 0 0.0270768
198.978 56472 55024 0.250717 1.91826 1.94202 1.91826 1.94202 33358 0 0.0268107
199.213 57920 53576 0.23893 1.81989 1.94188 1.81989 1.94188 33395 0 0.0270132
199.451 53576 55024 0.259228 1.89888 1.94183 1.89888 1.94183 33434 0 0.0272519
199.683 52128 50680 0.24111 1.74827 1.9416 1.74827 1.9416 33469 0 0.0276514
199.912 49232 49232 0.255925 1.76658 1.9414 1.76658 1.9414 33504 0 0.0282955
199.953 50680 46336 0.232339 9.07339 1.94286 9.07339 1.94286 33536 0 0.02868
