0.140049 14480 0 0 0 0 0 0 0 0 0.0428864
0.18022 15928 13032 0.04 2.88373 0.642771 2.88373 0.642771 10 0 0.0383511
0.18046 17376 13032 0.04 96.4048 0.770298 96.4048 0.770298 12 0 0.0383511
0.1807 18824 14480 0.04 144.607 0.961593 144.607 0.961593 15 0 0.0381625
0.180941 20272 15928 0.04 144.607 1.15238 144.607 1.15238 18 0 0.0379743
0.181181 21720 17376 0.040125 144.607 1.34266 144.607 1.34266 21 0 0.0377846
0.220387 23168 18824 0.0451094 0.886402 1.26149 0.886402 1.26149 24 0 0.0375437
0.220627 24616 20272 0.0444707 144.607 1.41763 144.607 1.41763 27 0 0.037361
0.220867 26064 21720 0.0439119 144.607 1.57343 144.607 1.57343 30 0 0.037179
0.221108 27512 23168 0.0435479 144.607 1.7289 144.607 1.7289 33 0 0.0369962
0.221348 28960 24616 0.0432294 144.607 1.88402 144.607 1.88402 36 0 0.0368138
0.221588 30408 26064 0.0429507 144.607 2.03881 144.607 2.03881 39 0 0.0366316
0.221828 31856 27512 0.0425819 144.607 2.19326 144.607 2.19326 42 0 0.036451
0.260554 33304 28960 0.0471341 0.897404 2.00066 0.897404 2.00066 45 0 0.0362384
0.260794 34752 30408 0.0462424 144.607 2.13207 144.607 2.13207 48 0 0.0360573
0.261034 36200 31856 0.0455871 144.607 2.26324 144.607 2.26324 51 0 0.0358769
0.261274 37648 33304 0.0450137 144.607 2.39417 144.607 2.39417 54 0 0.0356974
0.261515 39096 34752 0.044512 144.607 2.52486 144.607 2.52486 57 0 0.0355186
0.261755 40544 36200 0.043948 144.607 2.65531 144.607 2.65531 60 0 0.0353412
0.261995 41992 37648 0.0434545 144.607 2.78551 144.607 2.78551 63 0 0.0351642
0.262236 43440 39096 0.0431477 144.607 2.91548 144.607 2.91548 66 0 0.0349864
0.262476 44888 40544 0.0428792 144.607 3.04521 144.607 3.04521 69 0 0.0348088
0.262716 46336 41992 0.0426443 144.607 3.17471 144.607 3.17471 72 0 0.0346315
0.262957 47784 43440 0.0424388 144.607 3.30397 144.607 3.30397 75 0 0.0344544
0.300841 49232 44888 0.0421339 0.917328 3.00342 0.917328 3.00342 78 0 0.034279
0.301081 50680 46336 0.0419922 144.607 3.11645 144.607 3.11645 81 0 0.0341023
0.301321 52128 47784 0.0418682 144.607 3.2293 144.607 3.2293 84 0 0.0339259
0.301562 53576 49232 0.0416346 144.607 3.34196 144.607 3.34196 87 0 0.0337514
0.301802 55024 50680 0.0414303 144.607 3.45445 144.607 3.45445 90 0 0.033577
0.302042 56472 52128 0.0413765 144.607 3.56676 144.607 3.56676 93 0 0.0334012
0.302283 57920 53576 0.0413295 144.607 3.67889 144.607 3.67889 96 0 0.0332258
0.302523 59368 55024 0.0412883 144.607 3.79084 144.607 3.79084 99 0 0.0330507
0.302763 60816 56472 0.0412522 144.607 3.90261 144.607 3.90261 102 0 0.0328761
0.303004 62264 57920 0.0413457 144.607 4.01421 144.607 4.01421 105 0 0.0327002
0.303244 63712 59368 0.0414275 144.607 4.12563 144.607 4.12563 108 0 0.0325249
0.303484 65160 60816 0.0413741 144.607 4.23687 144.607 4.23687 111 0 0.0323519
0.303725 66608 62264 0.0413273 144.607 4.34794 144.607 4.34794 114 0 0.0321792
0.303965 68056 63712 0.0412864 144.607 4.45883 144.607 4.45883 117 0 0.032007
0.304205 69504 65160 0.0413756 144.607 4.56955 144.607 4.56955 120 0 0.0318335
0.304445 70952 66608 0.0414536 144.607 4.68009 144.607 4.68009 123 0 0.0316606
0.341008 72400 68056 0.0461469 0.950491 4.28021 0.950491 4.28021 126 0 0.0314497
0.341248 73848 69504 0.0455036 144.607 4.37903 144.607 4.37903 129 0 0.0312816
0.341488 75296 70952 0.0448156 144.607 4.47772 144.607 4.47772 132 0 0.0311151
0.341729 76744 72400 0.0442137 144.607 4.57626 144.607 4.57626 135 0 0.0309492
0.341969 78192 73848 0.043687 144.607 4.67467 144.607 4.67467 138 0 0.030784
0.342209 79640 75296 0.0433511 144.607 4.77294 144.607 4.77294 141 0 0.0306179
0.34245 81088 76744 0.0430572 144.607 4.87107 144.607 4.87107 144 0 0.0304521
0.34269 82536 78192 0.0428001 144.607 4.96906 144.607 4.96906 147 0 0.0302866
0.34293 83984 79640 0.04245 144.607 5.06692 144.607 5.06692 150 0 0.0301227
0.343171 85432 81088 0.0422688 144.607 5.16464 144.607 5.16464 153 0 0.0299575
0.343411 86880 82536 0.0421102 144.607 5.26222 144.607 5.26222 156 0 0.0297926
0.343651 88328 83984 0.0419714 144.607 5.35967 144.607 5.35967 159 0 0.029628
0.343891 89776 85432 0.04185 144.607 5.45698 144.607 5.45698 162 0 0.0294637
0.344132 91224 86880 0.0418687 144.607 5.55415 144.607 5.55415 165 0 0.0292981
0.344372 92672 88328 0.0417601 144.607 5.65119 144.607 5.65119 168 0 0.0291346
0.344612 94120 89776 0.0416651 144.607 5.74809 144.607 5.74809 171 0 0.0289713
0.344853 95568 91224 0.041582 144.607 5.84486 144.607 5.84486 174 0 0.0288085
0.345093 97016 92672 0.0416342 144.607 5.94149 144.607 5.94149 177 0 0.0286443
0.345333 98464 94120 0.04168 144.607 6.03799 144.607 6.03799 180 0 0.0284807
0.345574 99912 95568 0.04172 144.607 6.13436 144.607 6.13436 183 0 0.0283177
0.345814 101360 97016 0.041755 144.607 6.23059 144.607 6.23059 186 0 0.0281551
0.346054 102808 98464 0.0419106 144.607 6.32668 144.607 6.32668 189 0 0.0279916
0.346295 104256 99912 0.0419218 144.607 6.42265 144.607 6.42265 192 0 0.0278303
0.346535 105704 101360 0.0419315 144.607 6.51848 144.607 6.51848 195 0 0.0276695
0.383388 107152 102808 0.0465651 0.942983 5.98253 0.942983 5.98253 198 0 0.0274745
0.383629 108600 104256 0.0459945 144.607 6.06937 144.607 6.06937 201 0 0.0273167
0.383869 110048 105704 0.0454952 144.607 6.1561 144.607 6.1561 204 0 0.0271597
0.384109 111496 107152 0.0451833 144.607 6.24272 144.607 6.24272 207 0 0.0270026
0.38435 112944 108600 0.0449104 144.607 6.32924 144.607 6.32924 210 0 0.0268458
0.38459 114392 110048 0.0446716 144.607 6.41565 144.607 6.41565 213 0 0.0266895
0.38483 115840 111496 0.0444626 144.607 6.50194 144.607 6.50194 216 0 0.0265335
0.38507 117288 112944 0.0444048 144.607 6.58813 144.607 6.58813 219 0 0.0263769
0.385311 118736 114392 0.0442292 144.607 6.67422 144.607 6.67422 222 0 0.0262217
0.385551 120184 115840 0.0440755 144.607 6.76019 144.607 6.76019 225 0 0.0260669
0.385791 121632 117288 0.0439411 144.607 6.84606 144.607 6.84606 228 0 0.0259124
0.386032 123080 118736 0.0439485 144.607 6.93182 144.607 6.93182 231 0 0.0257572
0.386272 124528 120184 0.0439549 144.607 7.01748 144.607 7.01748 234 0 0.0256026
0.386512 125976 121632 0.0439605 144.607 7.10303 144.607 7.10303 237 0 0.0254484
0.386753 127424 123080 0.0438405 144.607 7.18847 144.607 7.18847 240 0 0.0252956
0.386993 128872 124528 0.0437354 144.607 7.2738 144.607 7.2738 243 0 0.0251433
0.387233 130320 125976 0.0437685 144.607 7.35904 144.607 7.35904 246 0 0.0249903
0.387474 131768 127424 0.0437974 144.607 7.44416 144.607 7.44416 249 0 0.0248377
0.387714 133216 128872 0.0438227 144.607 7.52918 144.607 7.52918 252 0 0.0246857
0.387954 134664 130320 0.0438449 144.607 7.61409 144.607 7.61409 255 0 0.0245341
0.388195 136112 131768 0.0438643 144.607 7.6989 144.607 7.6989 258 0 0.0243831
0.388435 137560 133216 0.0438813 144.607 7.7836 144.607 7.7836 261 0 0.0242325
0.388675 139008 134664 0.0438961 144.607 7.8682 144.607 7.8682 264 0 0.0240824
0.388916 140456 136112 0.0439091 144.607 7.9527 144.607 7.9527 267 0 0.0239328
0.389156 141904 137560 0.0440454 144.607 8.03709 144.607 8.03709 270 0 0.0237827
0.389396 143352 139008 0.0441648 144.607 8.12137 144.607 8.12137 273 0 0.0236332
0.389637 144800 140456 0.0441442 144.607 8.20555 144.607 8.20555 276 0 0.0234852
0.389877 146248 141904 0.0441261 144.607 8.28963 144.607 8.28963 279 0 0.0233377
0.390117 147696 143352 0.0442354 144.607 8.37361 144.607 8.37361 282 0 0.0231897
0.390358 149144 144800 0.044331 144.607 8.45748 144.607 8.45748 285 0 0.0230423
0.390598 150592 146248 0.0444146 144.607 8.54125 144.607 8.54125 288 0 0.0228954
0.390838 152040 147696 0.0444878 144.607 8.62491 144.607 8.62491 291 0 0.0227491
0.391078 153488 149144 0.0445518 144.607 8.70847 144.607 8.70847 294 0 0.0226034
0.391319 154936 150592 0.0446078 144.607 8.79193 144.607 8.79193 297 0 0.0224582
0.391559 156384 152040 0.0446568 144.607 8.87529 144.607 8.87529 300 0 0.0223135
0.391799 157832 153488 0.0446997 144.607 8.95854 144.607 8.95854 303 0 0.0221693
0.446742 141904 154936 0.0546494 22.5598 10.6313 22.5598 10.6313 410 0 0.022758
0.549848 111496 139008 0.0648785 10.898 10.6813 10.898 10.6813 507 0 0.026466
0.561383 98464 108600 0.0556225 75.3162 12.0094 75.3162 12.0094 582 0 0.0273603
0.648499 86880 95568 0.0559916 8.90913 11.5929 8.90913 11.5929 649 0 0.028709
0.650662 88328 83984 0.0476054 53.5582 11.7324 53.5582 11.7324 659 0 0.0295918
0.650903 89776 85432 0.0471547 144.607 11.7815 144.607 11.7815 662 0 0.0294266
0.69119 99912 86880 0.041847 17.5397 12.1171 17.5397 12.1171 723 0 0.0295779
0.734361 111496 97016 0.0422553 17.978 12.4617 17.978 12.4617 790 0 0.0285161
0.783025 110048 108600 0.0492191 18.0908 12.8115 18.0908 12.8115 866 0 0.0268378
0.836016 98464 107152 0.0543568 16.3954 13.0387 16.3954 13.0387 941 0 0.027402
0.887445 91224 95568 0.0523432 14.8662 13.1446 14.8662 13.1446 1007 0 0.0284369
0.934187 89776 88328 0.0492054 15.1175 13.2433 15.1175 13.2433 1068 0 0.0290971
0.978045 88328 86880 0.0488843 16.1115 13.3719 16.1115 13.3719 1129 0 0.0292613
1.02238 94120 85432 0.0442861 15.4143 13.4605 15.4143 13.4605 1188 0 0.029527
1.06913 92672 91224 0.0488298 15.8609 13.5654 15.8609 13.5654 1252 0 0.028768
1.11995 86880 89776 0.0524964 14.3582 13.6014 14.3582 13.6014 1315 0 0.0290388
1.17102 82536 83984 0.050978 13.1564 13.582 13.1564 13.582 1373 0 0.0296471
1.21981 78192 79640 0.050665 13.0598 13.5611 13.0598 13.5611 1428 0 0.0301456
1.26595 70952 75296 0.0537262 13.3059 13.5518 13.3059 13.5518 1481 0 0.0307689
1.2722 72400 68056 0.0460599 87.1351 13.9132 87.1351 13.9132 1528 0 0.0314501
1.31642 76744 69504 0.0446055 12.8365 13.8771 12.8365 13.8771 1577 0 0.0313335
1.36232 79640 73848 0.0461119 12.8708 13.8431 12.8708 13.8431 1628 0 0.0307864
1.41062 81088 76744 0.0486761 12.9499 13.8126 12.9499 13.8126 1682 0 0.0304282
1.46097 76744 78192 0.050757 12.6546 13.7727 12.6546 13.7727 1737 0 0.0303138
1.51144 73848 73848 0.0506424 11.7063 13.7037 11.7063 13.7037 1788 0 0.0307898
1.56058 72400 70952 0.0498171 11.7854 13.6432 11.7854 13.6432 1838 0 0.0311082
1.60672 73848 69504 0.0469116 12.3017 13.6047 12.3017 13.6047 1887 0 0.0312766
1.65346 75296 70952 0.0468807 12.1435 13.5634 12.1435 13.5634 1936 0 0.0311062
1.70273 73848 72400 0.049749 11.9918 13.5179 11.9918 13.5179 1987 0 0.030938
1.7532 70952 70952 0.0505118 11.2472 13.4526 11.2472 13.4526 2036 0 0.0311287
1.80318 68056 68056 0.050761 11.1236 13.388 11.1236 13.388 2084 0 0.0314714
1.85197 66608 65160 0.0496084 10.9227 13.3231 10.9227 13.3231 2130 0 0.0317922
1.90063 65160 63712 0.0492917 10.7116 13.2562 10.7116 13.2562 2175 0 0.0319636
1.94942 66608 62264 0.0490408 10.2104 13.18 10.2104 13.18 2218 0 0.0321358
1.99904 63712 63712 0.0503364 10.5042 13.1136 10.5042 13.1136 2263 0 0.0319848
2.04771 65160 60816 0.0490245 9.99753 13.0395 9.99753 13.0395 2305 0 0.032309
2.09505 66608 62264 0.0477419 10.5213 12.9826 10.5213 12.9826 2348 0 0.0321348
2.14252 68056 63712 0.0484277 10.9828 12.9383 10.9828 12.9383 2393 0 0.0319621
2.19178 66608 65160 0.0492431 10.581 12.8853 10.581 12.8853 2438 0 0.0317911
2.24225 62264 63712 0.0513737 10.3291 12.8278 10.3291 12.8278 2483 0 0.0320199
2.29296 59368 59368 0.0507638 9.36634 12.7512 9.36634 12.7512 2524 0 0.0325068
2.34282 56472 56472 0.0510782 9.29203 12.6776 9.29203 12.6776 2564 0 0.0328575
2.39089 55024 53576 0.0493987 9.15846 12.6069 9.15846 12.6069 2602 0 0.0331832
2.43811 56472 52128 0.0484737 9.07628 12.5385 9.07628 12.5385 2639 0 0.0333576
2.48677 57920 53576 0.0488441 8.80735 12.4655 8.80735 12.4655 2676 0 0.033182
2.53832 53576 55024 0.0523097 8.76407 12.3903 8.76407 12.3903 2715 0 0.0330709
2.59131 49232 50680 0.0530464 7.65117 12.2934 7.65117 12.2934 2750 0 0.0336059
2.64466 44888 46336 0.0546624 7.16522 12.1899 7.16522 12.1899 2783 0 0.0341572
2.69597 41992 41992 0.0520287 6.5474 12.0825 6.5474 12.0825 2812 0 0.0346365
2.7456 39096 39096 0.051579 6.53592 11.9823 6.53592 11.9823 2840 0 0.0349931
2.79366 37648 36200 0.0501614 6.26631 11.8839 6.26631 11.8839 2866 0 0.0353294
2.84293 36200 34752 0.0508019 5.87834 11.7799 5.87834 11.7799 2891 0 0.0355143
2.897 33304 33304 0.0535657 4.92736 11.652 4.92736 11.652 2914 0 0.035737
2.95143 30408 30408 0.0561036 4.68191 11.5234 4.68191 11.5234 2936 0 0.0361373
3.05261 26064 27512 0.0613915 2.2899 11.2174 2.2899 11.2174 2956 0 0.0366476
3.10368 21720 23168 0.059932 3.85619 11.0963 3.85619 11.0963 2973 0 0.0371654
3.1056 20272 18824 0.0539363 78.3289 11.1379 78.3289 11.1379 2986 0 0.0375706
3.15667 18824 17376 0.0523049 2.94885 11.0054 2.94885 11.0054 2999 0 0.0377411
3.20906 17376 15928 0.0525145 2.43223 10.8655 2.43223 10.8655 3010 0 0.0379307
3.26277 14480 14480 0.0566031 2.37238 10.7256 2.37238 10.7256 3021 0 0.0381899
3.316 13032 11584 0.0550051 1.74094 10.5814 1.74094 10.5814 3029 0 0.0385253
3.36839 11584 10136 0.0539959 1.54778 10.4409 1.54778 10.4409 3036 0 0.0387017
3.4203 10136 8688 0.0576338 1.56211 10.3062 1.56211 10.3062 3043 0 0.0389486
3.47221 11584 7240 0.0557742 1.1158 10.1688 1.1158 10.1688 3048 0 0.0391068
3.52472 10136 8688 0.0597394 1.54424 10.0403 1.54424 10.0403 3055 0 0.0389936
3.57831 11584 7240 0.0576535 1.08077 9.90609 1.08077 9.90609 3060 0 0.0391395
3.63226 10136 8688 0.0623538 1.50297 9.78127 1.50297 9.78127 3067 0 0.0390618
3.68585 11584 7240 0.0594714 1.08077 9.65477 1.08077 9.65477 3072 0 0.0391779
3.73884 10136 8688 0.0641654 1.53023 9.53962 1.53023 9.53962 3079 0 0.0391171
3.73956 11584 7240 0.0605757 80.3373 9.55327 80.3373 9.55327 3084 0 0.0392045
3.79207 10136 8688 0.0579657 1.54424 9.44237 1.54424 9.44237 3091 0 0.0389551
3.84458 11584 7240 0.0563266 1.10303 9.32847 1.10303 9.32847 3096 0 0.0391156
3.89757 10136 8688 0.0608204 1.53023 9.22245 1.53023 9.22245 3103 0 0.0390202
3.95104 11584 7240 0.0584734 1.0832 9.11229 1.0832 9.11229 3108 0 0.039156
4.005 10136 8688 0.0634968 1.50297 9.00979 1.50297 9.00979 3115 0 0.039096
4.00572 11584 7240 0.0603621 80.3373 9.02263 80.3373 9.02263 3120 0 0.0391991
4.05955 10136 8688 0.0583578 1.50632 8.92296 1.50632 8.92296 3127 0 0.0389631
4.11314 11584 7240 0.05681 1.08077 8.82078 1.08077 8.82078 3132 0 0.0391239
4.16625 10136 8688 0.0616794 1.52677 8.72779 1.52677 8.72779 3139 0 0.0390429
4.21912 11584 7240 0.0588145 1.09551 8.63215 1.09551 8.63215 3144 0 0.0391633
4.27235 10136 8688 0.0635203 1.52333 8.54358 1.52333 8.54358 3151 0 0.0390967
4.27307 11584 7240 0.0601728 80.3373 8.55569 80.3373 8.55569 3156 0 0.0391945
4.32666 10136 8688 0.0581353 1.51308 8.46846 1.51308 8.46846 3163 0 0.0389585
4.38038 11584 7240 0.0566746 1.07835 8.37785 1.07835 8.37785 3168 0 0.0391216
4.43373 10136 8688 0.0614636 1.5199 8.29532 1.5199 8.29532 3175 0 0.0390371
4.48672 11584 7240 0.0587794 1.09302 8.21026 1.09302 8.21026 3180 0 0.0391625
4.53995 10136 8688 0.0634811 1.52333 8.13186 1.52333 8.13186 3187 0 0.0390955
4.54067 11584 7240 0.0602266 80.3373 8.14332 80.3373 8.14332 3192 0 0.0391958
4.59426 10136 8688 0.0581713 1.51308 8.06598 1.51308 8.06598 3199 0 0.0389593
4.64797 11584 7240 0.0566695 1.07835 7.98523 1.07835 7.98523 3204 0 0.0391215
4.7012 10136 8688 0.0614758 1.52333 7.91207 1.52333 7.91207 3211 0 0.0390374
4.75419 11584 7240 0.0588988 1.09302 7.83606 1.09302 7.83606 3216 0 0.0391651
4.80742 10136 8688 0.0635768 1.52333 7.76616 1.52333 7.76616 3223 0 0.0390984
4.80815 11584 7240 0.0602106 80.3373 7.77704 80.3373 7.77704 3228 0 0.0391954
4.86174 10136 8688 0.0581606 1.51308 7.70799 1.51308 7.70799 3235 0 0.038959
4.91545 11584 7240 0.0566916 1.07835 7.63555 1.07835 7.63555 3240 0 0.0391219
4.96868 10136 8688 0.061475 1.52333 7.57007 1.52333 7.57007 3247 0 0.0390374
5.02167 11584 7240 0.058787 1.09302 7.50172 1.09302 7.50172 3252 0 0.0391627
5.0749 10136 8688 0.0634862 1.52333 7.43901 1.52333 7.43901 3259 0 0.0390956
5.07562 11584 7240 0.06023 80.3373 7.44937 80.3373 7.44937 3264 0 0.0391959
5.12921 10136 8688 0.0580642 1.51308 7.38735 1.51308 7.38735 3271 0 0.0389571
5.18292 11584 7240 0.0567227 1.07835 7.32196 1.07835 7.32196 3276 0 0.0391224
5.23616 10136 8688 0.0615115 1.52333 7.26301 1.52333 7.26301 3283 0 0.0390384
5.28915 11584 7240 0.0589228 1.09302 7.2012 1.09302 7.2012 3288 0 0.0391656
5.34238 10136 8688 0.0635928 1.52333 7.14463 1.52333 7.14463 3295 0 0.0390989
5.3431 11584 7240 0.0602213 80.3373 7.1545 80.3373 7.1545 3300 0 0.0391957
5.39669 10136 8688 0.0581678 1.51308 7.09848 1.51308 7.09848 3307 0 0.0389592
5.4504 11584 7240 0.0566964 1.07835 7.03915 1.07835 7.03915 3312 0 0.0391219
5.50363 10136 8688 0.0614783 1.52333 6.98581 1.52333 6.98581 3319 0 0.0390375
5.55662 11584 7240 0.0587891 1.09302 6.92961 1.09302 6.92961 3324 0 0.0391627
5.60961 10136 8688 0.0634876 1.53023 6.8786 1.53023 6.8786 3331 0 0.0390957
5.61033 11584 7240 0.0601353 80.3373 6.88804 80.3373 6.88804 3336 0 0.0391936
5.66368 10136 8688 0.0579852 1.5199 6.83748 1.5199 6.83748 3343 0 0.0389555
5.71728 11584 7240 0.056574 1.08077 6.78352 1.08077 6.78352 3348 0 0.0391198
5.77087 10136 8688 0.0613963 1.51308 6.73457 1.51308 6.73457 3355 0 0.0390353
5.82446 11584 7240 0.0589549 1.08077 6.68255 1.08077 6.68255 3360 0 0.0391663
5.87805 10136 8688 0.063835 1.51308 6.63542 1.51308 6.63542 3367 0 0.0391066
5.87877 11584 7240 0.0605887 80.3373 6.64446 80.3373 6.64446 3372 0 0.0392048
5.93224 10136 8688 0.0583182 1.51648 6.59824 1.51648 6.59824 3379 0 0.0389623
5.98571 11584 7240 0.0567679 1.0832 6.54897 1.0832 6.54897 3384 0 0.0391232
6.03906 10136 8688 0.061446 1.5199 6.50454 1.5199 6.50454 3391 0 0.0390366
6.09242 11584 7240 0.0589883 1.08564 6.45709 1.08564 6.45709 3396 0 0.0391671
6.14589 10136 8688 0.0636367 1.51648 6.4141 1.51648 6.4141 3403 0 0.0391003
6.14661 11584 7240 0.0604558 80.3373 6.42277 80.3373 6.42277 3408 0 0.0392015
6.20008 10136 8688 0.0582155 1.51648 6.38046 1.51648 6.38046 3415 0 0.0389602
6.25355 11584 7240 0.0568241 1.0832 6.33517 1.0832 6.33517 3420 0 0.0391242
6.30666 10136 8688 0.0613587 1.52677 6.29467 1.52677 6.29467 3427 0 0.0390343
6.35977 11584 7240 0.058709 1.09055 6.25121 1.09055 6.25121 3432 0 0.039161
6.413 10136 8688 0.0636547 1.52333 6.21197 1.52333 6.21197 3439 0 0.0391009
6.41372 11584 7240 0.0602335 80.3373 6.2203 80.3373 6.2203 3444 0 0.039196
6.46731 10136 8688 0.0580803 1.51308 6.1813 1.51308 6.1813 3451 0 0.0389574
6.52103 11584 7240 0.0567335 1.07835 6.13926 1.07835 6.13926 3456 0 0.0391226
6.57438 10136 8688 0.0616281 1.5199 6.10178 1.5199 6.10178 3463 0 0.0390415
6.62761 11584 7240 0.0587801 1.08809 6.06151 1.08809 6.06151 3468 0 0.0391625
6.68084 10136 8688 0.0636066 1.52333 6.02535 1.52333 6.02535 3475 0 0.0390994
6.68156 11584 7240 0.0603107 80.3373 6.03337 80.3373 6.03337 3480 0 0.0391979
6.73491 10136 8688 0.0579933 1.5199 5.99762 1.5199 5.99762 3487 0 0.0389557
6.78838 11584 7240 0.0566752 1.0832 5.95891 1.0832 5.95891 3492 0 0.0391216
6.84173 10136 8688 0.0613547 1.5199 5.92429 1.5199 5.92429 3499 0 0.0390342
6.89508 11584 7240 0.0588313 1.08564 5.88685 1.08564 5.88685 3504 0 0.0391636
6.9488 10136 8688 0.0637366 1.50969 5.85302 1.50969 5.85302 3511 0 0.0391035
6.94952 11584 7240 0.0605228 80.3373 5.86074 80.3373 5.86074 3516 0 0.0392031
7.00323 10136 8688 0.0582604 1.50969 5.82737 1.50969 5.82737 3523 0 0.0389611
7.0567 11584 7240 0.0568541 1.0832 5.79143 1.0832 5.79143 3528 0 0.0391247
7.10957 10136 8688 0.0613788 1.53371 5.75976 1.53371 5.75976 3535 0 0.0390348
7.16244 11584 7240 0.0587225 1.09551 5.72533 1.09551 5.72533 3540 0 0.0391613
7.20273 10136 8688 0.0617087 2.01275 5.70457 2.01275 5.70457 3547 0 0.0390437
7.20345 11584 7240 0.0547775 80.3373 5.71204 80.3373 5.71204 3552 0 0.0390922
7.24386 13032 8688 0.0501048 2.00677 5.69137 2.00677 5.69137 3559 0 0.0388602
7.28402 14480 10136 0.0469901 2.01874 5.67112 2.01874 5.67112 3566 0 0.0386668
7.32455 15928 11584 0.0487769 2.57248 5.65397 2.57248 5.65397 3575 0 0.0384768
7.36733 17376 13032 0.045725 2.4372 5.63529 2.4372 5.63529 3584 0 0.0382923
7.41671 18824 14480 0.0504934 2.58018 5.61495 2.58018 5.61495 3595 0 0.0381047
7.41791 20272 15928 0.0499454 106.045 5.63122 106.045 5.63122 3606 0 0.0379141
7.47235 18824 17376 0.0526358 2.76658 5.61035 2.76658 5.61035 3619 0 0.0377441
7.52546 17376 15928 0.0530742 2.39921 5.58769 2.39921 5.58769 3630 0 0.037936
7.5734 15928 14480 0.0545174 2.65778 5.56914 2.65778 5.56914 3641 0 0.0381409
7.61762 17376 13032 0.0498926 2.35773 5.5505 2.35773 5.5505 3650 0 0.0382907
7.66184 18824 14480 0.0508027 2.88167 5.5351 2.88167 5.5351 3661 0 0.0381063
7.70942 20272 15928 0.0488708 2.67791 5.51746 2.67791 5.51746 3672 0 0.037911
7.76037 18824 17376 0.0538927 2.95581 5.50064 2.95581 5.50064 3685 0 0.0377573
7.81156 17376 15928 0.0524914 2.48933 5.48091 2.48933 5.48091 3696 0 0.0379305
7.85986 14480 14480 0.056592 2.63794 5.46344 2.63794 5.46344 3707 0 0.0381897
7.9054 15928 11584 0.0522302 2.03493 5.44369 2.03493 5.44369 3715 0 0.0384941
7.90637 17376 13032 0.0494726 108.455 5.45621 108.455 5.45621 3724 0 0.0382893
7.95239 18824 14480 0.0478905 2.76881 5.44066 2.76881 5.44066 3735 0 0.0380985
8.00069 20272 15928 0.0480024 2.63794 5.42374 2.63794 5.42374 3746 0 0.0379103
8.0508 18824 17376 0.0530172 3.00543 5.40869 3.00543 5.40869 3759 0 0.0377477
8.10054 20272 15928 0.0514915 2.56148 5.3912 2.56148 5.3912 3770 0 0.0379225
8.14861 18824 17376 0.0546987 3.13316 5.37788 3.13316 5.37788 3783 0 0.0377674
8.19547 20272 15928 0.0508452 2.71911 5.36268 2.71911 5.36268 3794 0 0.0379184
8.24257 18824 17376 0.053757 3.1971 5.35031 3.1971 5.35031 3807 0 0.0377557
8.2904 20272 15928 0.0503145 2.66445 5.33481 2.66445 5.33481 3818 0 0.0379156
8.33906 17376 17376 0.0550387 3.09447 5.32174 3.09447 5.32174 3831 0 0.0377896
8.3405 18824 14480 0.0517102 80.3373 5.33471 80.3373 5.33471 3841 0 0.0381122
8.38917 20272 15928 0.0502807 2.6184 5.31895 2.6184 5.31895 3852 0 0.0379155
8.43771 18824 17376 0.0529348 3.10213 5.3062 3.10213 5.3062 3865 0 0.0377469
8.48578 20272 15928 0.0504674 2.65113 5.29116 2.65113 5.29116 3876 0 0.0379164
8.53324 18824 17376 0.0528917 3.17282 5.27938 3.17282 5.27938 3889 0 0.0377465
8.58118 20272 15928 0.0501634 2.65778 5.26473 2.65778 5.26473 3900 0 0.037915
8.62949 18824 17376 0.053799 3.11757 5.25271 3.11757 5.25271 3913 0 0.0377562
8.67803 20272 15928 0.050907 2.62488 5.23801 2.62488 5.23801 3924 0 0.0379187
8.7261 18824 17376 0.0547914 3.13316 5.22642 3.13316 5.22642 3937 0 0.0377687
8.77392 20272 15928 0.051253 2.66445 5.21245 2.66445 5.21245 3948 0 0.0379209
8.82174 17376 17376 0.0552099 3.1489 5.20126 3.1489 5.20126 3961 0 0.037792
8.82319 18824 14480 0.0512358 80.3373 5.21354 80.3373 5.21354 3971 0 0.0381089
8.87101 20272 15928 0.0498579 2.66445 5.1998 2.66445 5.1998 3982 0 0.0379137
8.91907 18824 17376 0.0524026 3.13316 5.18866 3.13316 5.18866 3995 0 0.037742
8.96738 20272 15928 0.0502103 2.63794 5.17492 2.63794 5.17492 4006 0 0.0379152
9.01556 18824 17376 0.0531328 3.12534 5.16397 3.12534 5.16397 4019 0 0.0377489
9.06387 20272 15928 0.0505563 2.63794 5.15051 2.63794 5.15051 4030 0 0.0379168
9.11217 18824 17376 0.0539077 3.11757 5.13973 3.11757 5.13973 4043 0 0.0377575
9.16023 20272 15928 0.0509362 2.65113 5.12667 2.65113 5.12667 4054 0 0.0379189
9.20818 18824 17376 0.0545697 3.14101 5.11634 3.14101 5.11634 4067 0 0.0377657
9.25624 20272 15928 0.0511691 2.65113 5.10353 2.65113 5.10353 4078 0 0.0379203
9.30431 17376 17376 0.055393 3.13316 5.09336 3.13316 5.09336 4091 0 0.0377947
9.30575 18824 14480 0.0514974 80.3373 5.10501 80.3373 5.10501 4101 0 0.0381107
9.35381 20272 15928 0.0498776 2.65113 5.09241 2.65113 5.09241 4112 0 0.0379138
9.40212 18824 17376 0.0526326 3.11757 5.08226 3.11757 5.08226 4125 0 0.037744
9.45018 20272 15928 0.0502682 2.65113 5.06989 2.65113 5.06989 4136 0 0.0379154
9.49764 18824 17376 0.05287 3.17282 5.06041 3.17282 5.06041 4149 0 0.0377463
9.54523 20272 15928 0.0500121 2.67791 5.04854 2.67791 5.04854 4160 0 0.0379143
9.59329 18824 17376 0.053456 3.13316 5.03894 3.13316 5.03894 4173 0 0.0377523
9.6416 20272 15928 0.0507375 2.63794 5.02691 2.63794 5.02691 4184 0 0.0379178
9.6899 18824 17376 0.0545262 3.11757 5.01739 3.11757 5.01739 4197 0 0.0377652
9.73796 20272 15928 0.0511757 2.65113 5.00571 2.65113 5.00571 4208 0 0.0379204
9.78567 17376 17376 0.0553487 3.15683 4.9967 3.15683 4.9967 4221 0 0.037794
9.78711 18824 14480 0.0512981 80.3373 5.0078 80.3373 5.0078 4231 0 0.0381093
9.83433 20272 15928 0.0495122 2.69835 4.99671 2.69835 4.99671 4242 0 0.0379126
9.88192 18824 17376 0.0517868 3.1648 4.98789 3.1648 4.98789 4255 0 0.0377369
9.92974 20272 15928 0.0497832 2.66445 4.9767 2.66445 4.9767 4266 0 0.0379135
9.9778 18824 17376 0.0527361 3.13316 4.96782 3.13316 4.96782 4279 0 0.037745
10.0254 5792 15928 0.0509557 1.70413 4.95233 1.70413 4.95233 4286 0 0.0383849
10.0665 15928 2896 0.0544102 0.844967 4.93555 0.844967 4.93555 4289 0 0.0399413
10.1301 17376 13032 0.0551693 2.36912 4.91944 2.36912 4.91944 4302 0 0.0383385
10.1791 18824 14480 0.0629707 2.59915 4.90827 2.59915 4.90827 4313 0 0.0383226
10.2195 20272 15928 0.0552751 3.15349 4.90133 3.15349 4.90133 4324 0 0.0379632
10.2609 21720 17376 0.0521442 3.64025 4.89625 3.64025 4.89625 4337 0 0.0377397
10.2623 24616 18824 0.046457 104.439 4.91023 104.439 4.91023 4350 0 0.0375552
10.3139 26064 21720 0.049625 3.59318 4.90365 3.59318 4.90365 4366 0 0.0371649
10.3685 27512 23168 0.0557151 3.60987 4.89684 3.60987 4.89684 4383 0 0.0370359
10.4206 28960 24616 0.0537411 3.77622 4.89123 3.77622 4.89123 4400 0 0.036824
10.4687 30408 26064 0.0537893 4.57923 4.8898 4.57923 4.8898 4419 0 0.0366396
10.5154 33304 27512 0.0493026 4.70872 4.88899 4.70872 4.88899 4438 0 0.0364408
10.5623 34752 30408 0.0510615 5.43822 4.89143 5.43822 4.89143 4460 0 0.0360635
10.6107 36200 31856 0.0519734 5.50201 4.89422 5.50201 4.89422 4483 0 0.0358869
10.6606 39096 33304 0.050105 5.34292 4.89632 5.34292 4.89632 4506 0 0.0357104
10.7107 40544 36200 0.0542433 6.01085 4.90153 6.01085 4.90153 4532 0 0.0353637
10.7599 41992 37648 0.0546161 6.34861 4.90816 6.34861 4.90816 4559 0 0.0351873
10.8088 44888 39096 0.0502928 6.3954 4.91488 6.3954 4.91488 4586 0 0.0349856
10.8576 46336 41992 0.0538668 7.12351 4.92481 7.12351 4.92481 4616 0 0.0346372
10.9063 47784 43440 0.0540871 7.37913 4.93576 7.37913 4.93576 4647 0 0.0344605
10.9541 52128 44888 0.0493358 7.50892 4.94699 7.50892 4.94699 4678 0 0.034293
11.0019 53576 49232 0.0532444 8.47781 4.96234 8.47781 4.96234 4713 0 0.0337384
11.0512 59368 50680 0.0489332 8.22968 4.97691 8.22968 4.97691 4748 0 0.0336221
11.1016 60816 56472 0.0554751 9.20332 4.99607 9.20332 4.99607 4788 0 0.0328864
11.1519 62264 57920 0.0569248 9.4334 5.01611 9.4334 5.01611 4829 0 0.0327356
11.1567 66608 59368 0.0510322 98.8149 5.05652 98.8149 5.05652 4870 0 0.0325375
11.2073 72400 63712 0.0508824 10.3046 5.08021 10.3046 5.08021 4915 0 0.0320576
11.2579 78192 69504 0.0507274 10.9915 5.10677 10.9915 5.10677 4963 0 0.0313702
11.3091 83984 75296 0.0514416 11.7677 5.13692 11.7677 5.13692 5015 0 0.0306955
11.3589 91224 81088 0.050235 13.0088 5.17148 13.0088 5.17148 5071 0 0.0300695
11.4083 99912 88328 0.0497534 14.3083 5.21103 14.3083 5.21103 5132 0 0.0293025
11.4581 108600 97016 0.0506578 15.8346 5.25715 15.8346 5.25715 5200 0 0.0283271
11.509 115840 105704 0.0518611 16.8254 5.30836 16.8254 5.30836 5274 0 0.0273081
11.5607 121632 112944 0.0525275 17.7116 5.3638 17.7116 5.3638 5353 0 0.0264719
11.612 130320 118736 0.0515851 18.5133 5.4219 18.5133 5.4219 5435 0 0.0259575
11.664 137560 127424 0.0522794 19.5927 5.48511 19.5927 5.48511 5523 0 0.0249781
11.717 143352 134664 0.0532475 20.3303 5.55225 20.3303 5.55225 5616 0 0.0241805
11.7702 146248 140456 0.0545649 21.3266 5.62359 21.3266 5.62359 5714 0 0.0235309
11.8231 150592 143352 0.054072 21.9102 5.69642 21.9102 5.69642 5814 0 0.023259
11.8754 154936 147696 0.0536132 22.8269 5.77182 22.8269 5.77182 5917 0 0.0228149
11.9262 166520 152040 0.0514195 23.9303 5.8492 23.9303 5.8492 6022 0 0.0226809
11.9775 175208 163624 0.0525809 25.738 5.9344 25.738 5.9344 6136 0 0.0213889
12.0305 179552 172312 0.0540803 26.2326 6.02381 26.2326 6.02381 6256 0 0.0204135
12.0845 181000 176656 0.0550666 26.4093 6.11482 26.4093 6.11482 6379 0 0.0199691
12.1379 186792 178104 0.0537909 26.6467 6.20527 26.6467 6.20527 6502 0 0.0199041
12.1908 191136 183896 0.054392 28.045 6.29999 28.045 6.29999 6630 0 0.0193313
12.2436 195480 188240 0.054227 28.7677 6.39679 28.7677 6.39679 6761 0 0.0189297
12.2956 205616 192584 0.0524678 29.6116 6.49502 29.6116 6.49502 6894 0 0.0187484
12.3475 212856 202720 0.0535366 31.4655 6.6 31.4655 6.6 7035 0 0.0177131
12.4001 222992 209960 0.0527232 31.9148 6.70744 31.9148 6.70744 7180 0 0.0172112
12.4543 224440 220096 0.0557279 32.705 6.82057 32.705 6.82057 7333 0 0.0161019
12.5084 228784 221544 0.054496 32.7776 6.93277 32.7776 6.93277 7486 0 0.0160089
12.5619 230232 225888 0.0554879 34.0125 7.04804 34.0125 7.04804 7643 0 0.015613
12.6153 237472 227336 0.053802 34.0125 7.16233 34.0125 7.16233 7800 0 0.0156102
12.6683 238920 234576 0.0552234 35.6326 7.28142 35.6326 7.28142 7963 0 0.0148952
12.722 246160 236024 0.05389 35.1543 7.3991 35.1543 7.3991 8126 0 0.0149001
12.7751 247608 243264 0.0556099 36.8607 7.52158 36.8607 7.52158 8295 0 0.0142038
12.8286 254848 244712 0.0538001 36.6122 7.64284 36.6122 7.64284 8464 0 0.0142048
12.882 256296 251952 0.0558606 37.9974 7.76855 37.9974 7.76855 8639 0 0.0135273
12.9353 264984 253400 0.0538448 37.9974 7.89323 37.9974 7.89323 8814 0 0.0135918
12.9888 263536 262088 0.0561825 39.4285 8.02305 39.4285 8.02305 8996 0 0.0127599
13.0438 257744 260640 0.0571175 38.0988 8.14994 38.0988 8.14994 9177 0 0.0129724
13.0984 260640 254848 0.0549604 37.3728 8.27165 37.3728 8.27165 9353 0 0.0133084
13.1526 266432 257744 0.0543458 38.0489 8.39434 38.0489 8.39434 9531 0 0.0131489
13.2069 272224 263536 0.0545315 38.8179 8.51945 38.8179 8.51945 9713 0 0.0127145
13.2612 275120 269328 0.0550868 39.671 8.64704 39.671 8.64704 9899 0 0.0122228
13.2835 278016 272224 0.055006 97.4414 8.79644 97.4414 8.79644 10087 0 0.0120098
13.3388 279464 275120 0.0554384 39.8194 8.92499 39.8194 8.92499 10277 0 0.0117886
13.3941 280912 276568 0.0555119 40.0289 9.05335 40.0289 9.05335 10468 0 0.0116854
13.4491 282360 278016 0.055298 40.6247 9.18254 40.6247 9.18254 10661 0 0.0115784
13.5038 285256 279464 0.0549757 40.8926 9.31092 40.8926 9.31092 10854 0 0.0114879
13.5587 288152 282360 0.0551085 41.3465 9.44067 41.3465 9.44067 11050 0 0.0112844
13.6133 292496 285256 0.0548692 42.0444 9.57132 42.0444 9.57132 11248 0 0.0111067
13.6677 298288 289600 0.0546074 42.7756 9.70356 42.7756 9.70356 11449 0 0.0108422
13.7228 299736 295392 0.0553148 42.8466 9.83676 42.8466 9.83676 11653 0 0.0103689
13.7784 301184 296840 0.0557723 42.777 9.96948 42.777 9.96948 11858 0 0.010278
13.8336 302632 298288 0.0555055 43.3822 10.103 43.3822 10.103 12065 0 0.0101766
13.8885 305528 299736 0.0551975 43.6669 10.2357 43.6669 10.2357 12272 0 0.0100927
13.9435 308424 302632 0.0551239 44.2998 10.3698 44.2998 10.3698 12482 0 0.00989935
13.9991 309872 305528 0.0558714 44.1422 10.5041 44.1422 10.5041 12694 0 0.00970264
14.0541 311320 306976 0.05532 44.8345 10.6385 44.8345 10.6385 12907 0 0.00959975
14.1088 315664 308424 0.0549506 45.1302 10.7721 45.1302 10.7721 13120 0 0.00954701
14.164 317112 312768 0.0552955 45.577 10.9077 45.577 10.9077 13337 0 0.00922596
14.2195 318560 314216 0.0557863 45.281 11.0419 45.281 11.0419 13554 0 0.00914117
14.2753 317112 315664 0.056132 45.4035 11.1764 45.4035 11.1764 13773 0 0.00905495
14.3304 318560 314216 0.0552802 45.6765 11.3089 45.6765 11.3089 13990 0 0.00913355
14.385 322904 315664 0.054956 46.4014 11.4422 46.4014 11.4422 14209 0 0.0090838
14.4398 325800 320008 0.055009 46.7225 11.5761 46.7225 11.5761 14430 0 0.00878304
14.4951 327248 322904 0.0555121 46.9449 11.711 46.9449 11.711 14654 0 0.00859361
14.5509 325800 324352 0.056 46.748 11.8452 46.748 11.8452 14879 0 0.00851225
14.6059 328696 322904 0.0552232 46.9395 11.9775 46.9395 11.9775 15102 0 0.00860683
14.6609 331592 325800 0.0552379 47.5709 12.1111 47.5709 12.1111 15328 0 0.00842964
14.716 334488 328696 0.0552604 47.9919 12.2453 47.9919 12.2453 15556 0 0.00825444
14.7715 335936 331592 0.0557026 47.9937 12.3796 47.9937 12.3796 15786 0 0.00806992
14.8272 334488 333040 0.0560001 47.9946 12.5135 47.9946 12.5135 16017 0 0.00798845
14.8826 335936 331592 0.0556563 47.8887 12.6452 47.8887 12.6452 16246 0 0.00806921
14.9375 338832 333040 0.0551976 48.7298 12.7778 48.7298 12.7778 16477 0 0.00799373
14.9923 343176 335936 0.0550117 49.0481 12.9104 49.0481 12.9104 16709 0 0.00784934
15.0476 344624 340280 0.0555049 49.2503 13.0439 49.2503 13.0439 16944 0 0.00755709
15.1036 343176 341728 0.0562085 49.0299 13.1773 49.0299 13.1773 17181 0 0.00748481
15.159 344624 340280 0.0555889 49.1434 13.3087 49.1434 13.3087 17416 0 0.00755836
15.2139 347520 341728 0.0550557 49.9955 13.4411 49.9955 13.4411 17653 0 0.00748468
15.2689 350416 344624 0.0552379 50.0968 13.5733 50.0968 13.5733 17891 0 0.00732201
15.3243 351864 347520 0.055674 50.189 13.7056 50.189 13.7056 18131 0 0.00714762
15.3801 350416 348968 0.0559995 50.0723 13.8375 50.0723 13.8375 18372 0 0.00707171
15.4356 351864 347520 0.0557861 50.2891 13.9685 50.2891 13.9685 18613 0 0.00714935
15.4903 356208 348968 0.0549814 51.0628 14.0995 51.0628 14.0995 18854 0 0.00710305
15.5453 359104 353312 0.0552699 51.5702 14.2321 51.5702 14.2321 19099 0 0.00683781
15.6006 360552 356208 0.0555014 51.5556 14.3644 51.5556 14.3644 19345 0 0.00666593
15.6562 362000 357656 0.055868 51.4298 14.4961 51.4298 14.4961 19592 0 0.00659335
15.7115 363448 359104 0.0556227 52.1843 14.6287 52.1843 14.6287 19841 0 0.00651181
15.7666 366344 360552 0.0552927 52.298 14.7604 52.298 14.7604 20090 0 0.00644707
15.8219 367792 363448 0.0554157 52.8131 14.8934 52.8131 14.8934 20342 0 0.00627825
15.8774 369240 364896 0.0557792 52.7931 15.0259 52.7931 15.0259 20595 0 0.00620788
15.9327 370688 366344 0.0555244 53.0226 15.1577 53.0226 15.1577 20848 0 0.00612857
15.988 372136 367792 0.0554769 53.4418 15.2901 53.4418 15.2901 21103 0 0.0060529
16.0428 376480 369240 0.0550051 53.9106 15.422 53.9106 15.422 21358 0 0.00601818
16.098 377928 373584 0.055509 54.2801 15.5554 54.2801 15.5554 21617 0 0.00575823
16.1536 379376 375032 0.0557908 54.0451 15.6877 54.0451 15.6877 21876 0 0.00568992
16.2094 377928 376480 0.0560661 54.1111 15.8201 54.1111 15.8201 22137 0 0.00562213
16.2646 379376 375032 0.0554263 54.3983 15.9509 54.3983 15.9509 22396 0 0.00568437
16.3195 382272 376480 0.0552119 55.0583 16.0825 55.0583 16.0825 22657 0 0.00562655
16.3744 386616 379376 0.0550726 55.2693 16.2139 55.2693 16.2139 22919 0 0.00551077
16.4299 388064 383720 0.0557098 55.2971 16.346 55.2971 16.346 23184 0 0.00526271
16.4859 385168 385168 0.0561877 55.2362 16.4781 55.2362 16.4781 23451 0 0.00521842
16.5412 386616 382272 0.0554775 55.328 16.6079 55.328 16.6079 23715 0 0.00532901
16.596 390960 383720 0.055076 56.0247 16.738 56.0247 16.738 23980 0 0.00529994
16.6513 392408 388064 0.0555692 56.3758 16.8696 56.3758 16.8696 24249 0 0.00505388
16.7068 393856 389512 0.0556995 56.1318 17.0001 56.1318 17.0001 24518 0 0.00498791
16.7628 390960 390960 0.0562009 56.0637 17.1306 56.0637 17.1306 24789 0 0.00494585
16.8179 393856 388064 0.0552943 56.2886 17.259 56.2886 17.259 25057 0 0.00506727
16.8726 399648 390960 0.0549036 57.2072 17.3884 57.2072 17.3884 25327 0 0.00499615
16.9276 402544 396752 0.0552452 57.6745 17.5194 57.6745 17.5194 25601 0 0.00466576
16.9834 401096 399648 0.0559999 57.3442 17.6501 57.3442 17.6501 25877 0 0.00452993
17.039 399648 398200 0.0559561 57.2599 17.7795 57.2599 17.7795 26152 0 0.00459393
17.0941 402544 396752 0.0553095 57.885 17.9086 57.885 17.9086 26427 0 0.0046667
17.1486 408336 399648 0.054818 58.6073 18.0381 58.6073 18.0381 26703 0 0.00459977
17.2035 411232 405440 0.0551921 59.0664 18.169 59.0664 18.169 26983 0 0.00428098
17.2593 409784 408336 0.0559998 58.5908 18.2996 58.5908 18.2996 27265 0 0.0041515
17.3153 406888 406888 0.0562628 58.1325 18.4284 58.1325 18.4284 27546 0 0.00423515
17.3708 408336 403992 0.0557019 58.4271 18.5562 58.4271 18.5562 27826 0 0.00433394
17.4255 414128 405440 0.0548972 59.5379 18.6848 59.5379 18.6848 28107 0 0.00434671
17.4804 418472 411232 0.0551511 59.9102 18.8143 59.9102 18.8143 28391 0 0.00406282
17.5361 417024 415576 0.0559777 59.6297 18.9441 59.6297 18.9441 28678 0 0.0038486
17.5924 411232 414128 0.0565603 59.12 19.0725 59.12 19.0725 28965 0 0.00400518
17.6478 412680 408336 0.0556735 58.9721 19.1978 58.9721 19.1978 29247 0 0.00414638
17.7022 419920 409784 0.0545908 60.2264 19.3239 60.2264 19.3239 29530 0 0.00420928
17.7571 422816 417024 0.0552298 60.965 19.4527 60.965 19.4527 29819 0 0.00379559
17.8126 424264 419920 0.0558021 60.5138 19.5807 60.5138 19.5807 30109 0 0.0036699
17.8686 421368 421368 0.0562081 60.2013 19.708 60.2013 19.708 30400 0 0.00363616
17.9242 422816 418472 0.0558731 60.3831 19.8342 60.3831 19.8342 30690 0 0.00372919
17.9792 425712 419920 0.0551788 61.3869 19.9611 61.3869 19.9611 30981 0 0.00367803
18.0343 427160 422816 0.0555194 61.3294 20.0876 61.3294 20.0876 31273 0 0.00355061
18.0901 425712 424264 0.0559993 60.8763 20.2133 60.8763 20.2133 31566 0 0.00350127
18.1461 422816 422816 0.0563046 60.615 20.338 60.615 20.338 31859 0 0.0035805
18.2014 424264 419920 0.0556843 60.6451 20.4607 60.6451 20.4607 32149 0 0.00366807
18.2562 428608 421368 0.0551126 61.5215 20.5839 61.5215 20.5839 32440 0 0.00364849
18.3114 431504 425712 0.0553129 61.9595 20.7085 61.9595 20.7085 32735 0 0.00345192
18.3671 430056 428608 0.0559987 61.4996 20.8324 61.4996 20.8324 33031 0 0.00333372
18.4231 427160 427160 0.0562944 61.0288 20.9545 61.0288 20.9545 33326 0 0.00341139
18.4787 428608 424264 0.0558174 61.3485 21.0759 61.3485 21.0759 33620 0 0.0034984
18.5333 434400 425712 0.0549568 62.5042 21.1981 62.5042 21.1981 33915 0 0.00351673
18.5882 437296 431504 0.0552373 62.8635 21.3212 62.8635 21.3212 34213 0 0.00323022
18.644 438744 434400 0.0558733 62.3307 21.4438 62.3307 21.4438 34513 0 0.00311485
18.7 435848 435848 0.0561761 62.27 21.5661 62.27 21.5661 34814 0 0.00308413
18.7557 434400 432952 0.0560159 62.3307 21.6873 62.3307 21.6873 35114 0 0.00317064
18.8107 438744 431504 0.0550796 63.0745 21.8081 63.0745 21.8081 35413 0 0.00325708
18.8656 443088 435848 0.0551725 63.4964 21.9294 63.4964 21.9294 35714 0 0.00309785
18.9213 441640 440192 0.0560136 63.3695 22.0515 63.3695 22.0515 36019 0 0.00290766
18.9773 438744 438744 0.0562485 62.6838 22.1714 62.6838 22.1714 36322 0 0.00298061
19.0328 440192 435848 0.0557204 63.0179 22.2906 63.0179 22.2906 36624 0 0.00305942
19.0875 445984 437296 0.0550043 64.1992 22.4106 64.1992 22.4106 36927 0 0.00308365
19.1424 450328 443088 0.0550704 64.5511 22.5315 64.5511 22.5315 37233 0 0.00283812
19.1982 448880 447432 0.0559979 64.2006 22.6525 64.2006 22.6525 37542 0 0.00265612
19.2544 443088 445984 0.0565622 63.6519 22.7722 63.6519 22.7722 37851 0 0.00280216
19.3099 444536 440192 0.0557158 63.4352 22.8891 63.4352 22.8891 38155 0 0.00290298
19.3644 451776 441640 0.0546831 64.9083 23.0073 64.9083 23.0073 38460 0 0.0029767
19.4193 454672 448880 0.0552645 65.6059 23.1277 65.6059 23.1277 38771 0 0.00261354
19.475 453224 451776 0.0559965 64.8239 23.2471 64.8239 23.2471 39083 0 0.00251092
19.531 448880 450328 0.0562996 64.3388 23.3649 64.3388 23.3649 39394 0 0.00261038
19.5865 450328 445984 0.0558442 64.4785 23.4814 64.4785 23.4814 39703 0 0.00270301
19.641 459016 447432 0.0546066 65.7596 23.5986 65.7596 23.5986 40012 0 0.00283965
19.6959 463360 456120 0.0550697 66.6606 23.7186 66.6606 23.7186 40328 0 0.00240256
19.7519 460464 460464 0.056231 65.9938 23.8385 65.9938 23.8385 40647 0 0.00225441
19.8081 454672 457568 0.0564947 65.0938 23.9556 65.0938 23.9556 40963 0 0.00241944
19.8636 456120 451776 0.0558131 65.1045 24.0706 65.1045 24.0706 41275 0 0.00250802
19.9181 463360 453224 0.0547196 66.6108 24.1869 66.6108 24.1869 41588 0 0.00258445
19.973 467704 460464 0.055213 67.2935 24.3054 67.2935 24.3054 41907 0 0.00226781
20.0256 5792 464808 0.055938 64.9302 24.4122 64.9302 24.4122 42202 0 0.594768
20.0382 314216 312768 0.056419 0 24.3968 0 24.3968 42202 0 0.273475
20.0383 312768 312768 0.056419 96.4048 24.3972 0 24.3966 42203 1 0.00924362
20.0385 312005 311320 0.056419 0 24.3971 0 24.3965 42203 1 0.00933207
20.0386 311268 309872 0.056419 0 24.3969 0 24.3963 42203 1 0.00942508
20.0387 310531 308424 0.056419 0 24.3968 0 24.3962 42203 1 0.00951867
20.0388 309794 308424 0.056419 96.4048 24.3972 0 24.3961 42204 2 0.00951867
20.0389 309056 306976 0.056419 0 24.3971 0 24.3959 42204 2 0.00961273
20.0391 308319 306976 0.056419 96.4048 24.3975 0 24.3958 42205 3 0.00961273
20.0392 307582 305528 0.056419 0 24.3973 0 24.3956 42205 3 0.00970725
20.0393 306845 305528 0.056419 96.4048 24.3978 0 24.3955 42206 4 0.00970725
20.0394 306108 304080 0.056419 0 24.3976 0 24.3953 42206 4 0.00980224
20.0395 305371 304080 0.056419 96.4048 24.3981 0 24.3952 42207 5 0.00980224
20.0397 304633 302632 0.056419 0 24.3979 0 24.395 42207 5 0.0098977
20.0398 303896 302632 0.056419 96.4048 24.3983 0 24.3949 42208 6 0.00989769
20.0399 303159 301184 0.056419 0 24.3982 0 24.3947 42208 6 0.00999361
20.04 302422 301184 0.056419 96.4048 24.3986 0 24.3946 42209 7 0.00999361
20.0401 301685 299736 0.056419 0 24.3985 0 24.3944 42209 7 0.01009
20.0403 300948 299736 0.056419 96.4048 24.3989 0 24.3943 42210 8 0.01009
20.0404 298288 298288 0.056419 0 24.3988 0 24.3942 42210 8 0.010205
20.0405 296840 296840 0.056419 0 24.3986 0 24.394 42210 8 0.0102885
20.0406 295392 295392 0.056419 0 24.3985 0 24.3939 42210 8 0.0103863
20.0407 293944 293944 0.056419 0 24.3983 0 24.3937 42210 8 0.0104845
20.0409 292496 292496 0.056419 0 24.3982 0 24.3936 42210 8 0.0105832
20.041 291048 291048 0.056419 0 24.398 0 24.3934 42210 8 0.0106824
20.0411 289600 289600 0.056419 0 24.3979 0 24.3933 42210 8 0.0107821
20.0412 288152 288152 0.056419 0 24.3978 0 24.3931 42210 8 0.0108822
20.0413 286704 286704 0.056419 0 24.3976 0 24.393 42210 8 0.0109827
20.0415 285256 285256 0.056419 0 24.3975 0 24.3928 42210 8 0.0110838
20.0416 283808 283808 0.056419 0 24.3973 0 24.3927 42210 8 0.0111853
20.0417 282360 282360 0.056419 0 24.3972 0 24.3925 42210 8 0.0112873
20.0418 280912 280912 0.056419 0 24.397 0 24.3924 42210 8 0.0113897
20.0419 279464 279464 0.056419 0 24.3969 0 24.3922 42210 8 0.0114926
20.0421 278016 278016 0.056419 0 24.3967 0 24.3921 42210 8 0.011596
20.0422 276568 276568 0.056419 0 24.3966 0 24.392 42210 8 0.0116998
20.0423 275120 275120 0.056419 0 24.3964 0 24.3918 42210 8 0.0118042
20.0424 274196 273672 0.056419 0 24.3963 0 24.3917 42210 8 0.0119055
20.0425 273459 272224 0.056419 0 24.3961 0 24.3915 42210 8 0.0120098
20.0427 270776 270776 0.056419 0 24.396 0 24.3914 42210 8 0.012134
20.0428 269328 269328 0.056419 0 24.3958 0 24.3912 42210 8 0.012226
20.0429 267880 267880 0.056419 0 24.3957 0 24.3911 42210 8 0.0123327
20.043 266432 266432 0.056419 0 24.3956 0 24.3909 42210 8 0.0124398
20.0431 264984 264984 0.056419 0 24.3954 0 24.3908 42210 8 0.0125473
20.0433 263536 263536 0.056419 0 24.3953 0 24.3906 42210 8 0.0126554
20.0434 262088 262088 0.056419 0 24.3951 0 24.3905 42210 8 0.0127639
20.0435 260640 260640 0.056419 0 24.395 0 24.3903 42210 8 0.0128728
20.0436 259192 259192 0.056419 0 24.3948 0 24.3902 42210 8 0.0129823
20.0437 257744 257744 0.056419 0 24.3947 0 24.3901 42210 8 0.0130922
20.0439 256296 256296 0.056419 0 24.3945 0 24.3899 42210 8 0.0132025
20.044 254848 254848 0.056419 0 24.3944 0 24.3898 42210 8 0.0133134
20.0441 253400 253400 0.056419 0 24.3942 0 24.3896 42210 8 0.0134247
20.0442 251952 251952 0.056419 0 24.3941 0 24.3895 42210 8 0.0135364
20.0443 250504 250504 0.056419 0 24.3939 0 24.3893 42210 8 0.0136486
20.0445 249056 249056 0.056419 0 24.3938 0 24.3892 42210 8 0.0137613
20.0446 247608 247608 0.056419 0 24.3937 0 24.389 42210 8 0.0138745
20.0447 246708 246160 0.056419 0 24.3935 0 24.3889 42210 8 0.0139845
20.0448 245970 244712 0.056419 0 24.3934 0 24.3887 42210 8 0.0140979
20.0449 243264 243264 0.056419 0 24.3932 0 24.3886 42210 8 0.0142313
20.0451 241816 241816 0.056419 0 24.3931 0 24.3884 42210 8 0.0143318
20.0452 240368 240368 0.056419 0 24.3929 0 24.3883 42210 8 0.0144473
20.0453 238920 238920 0.056419 0 24.3928 0 24.3882 42210 8 0.0145632
20.0454 237472 237472 0.056419 0 24.3926 0 24.388 42210 8 0.0146797
20.0455 236024 236024 0.056419 0 24.3925 0 24.3879 42210 8 0.0147965
20.0457 234576 234576 0.056419 0 24.3923 0 24.3877 42210 8 0.0149139
20.0458 233128 233128 0.056419 0 24.3922 0 24.3876 42210 8 0.0150317
20.0459 231680 231680 0.056419 0 24.392 0 24.3874 42210 8 0.01515
20.046 230232 230232 0.056419 0 24.3919 0 24.3873 42210 8 0.0152687
20.0461 228784 228784 0.056419 0 24.3918 0 24.3871 42210 8 0.015388
20.0463 227336 227336 0.056419 0 24.3916 0 24.387 42210 8 0.0155076
20.0464 225888 225888 0.056419 0 24.3915 0 24.3868 42210 8 0.0156278
20.0465 224440 224440 0.056419 0 24.3913 0 24.3867 42210 8 0.0157484
20.0466 222992 222992 0.056419 0 24.3912 0 24.3865 42210 8 0.0158695
20.0467 221544 221544 0.056419 0 24.391 0 24.3864 42210 8 0.015991
20.0469 220096 220096 0.056419 0 24.3909 0 24.3863 42210 8 0.016113
20.047 219219 218648 0.056419 0 24.3907 0 24.3861 42210 8 0.0162318
20.0471 218482 217200 0.056419 0 24.3906 0 24.386 42210 8 0.0163541
20.0472 215752 215752 0.056419 0 24.3904 0 24.3858 42210 8 0.0164968
20.0473 214304 214304 0.056419 0 24.3903 0 24.3857 42210 8 0.0166057
20.0475 212856 212856 0.056419 0 24.3901 0 24.3855 42210 8 0.0167301
20.0476 211408 211408 0.056419 0 24.39 0 24.3854 42210 8 0.0168549
20.0477 209960 209960 0.056419 0 24.3899 0 24.3852 42210 8 0.0169802
20.0478 208512 208512 0.056419 0 24.3897 0 24.3851 42210 8 0.0171059
20.0479 207064 207064 0.056419 0 24.3896 0 24.3849 42210 8 0.0172321
20.0481 205616 205616 0.056419 0 24.3894 0 24.3848 42210 8 0.0173588
20.0482 204168 204168 0.056419 0 24.3893 0 24.3846 42210 8 0.0174859
20.0483 202720 202720 0.056419 0 24.3891 0 24.3845 42210 8 0.0176135
20.0484 201272 201272 0.056419 0 24.389 0 24.3844 42210 8 0.0177416
20.0485 199824 199824 0.056419 0 24.3888 0 24.3842 42210 8 0.0178701
20.0487 198376 198376 0.056419 0 24.3887 0 24.3841 42210 8 0.0179991
20.0488 196928 196928 0.056419 0 24.3885 0 24.3839 42210 8 0.0181286
20.0489 195480 195480 0.056419 0 24.3884 0 24.3838 42210 8 0.0182585
20.049 194032 194032 0.056419 0 24.3882 0 24.3836 42210 8 0.0183889
20.0491 192584 192584 0.056419 0 24.3881 0 24.3835 42210 8 0.0185198
20.0493 191731 191136 0.056419 0 24.388 0 24.3833 42210 8 0.0186473
20.0494 190993 189688 0.056419 0 24.3878 0 24.3832 42210 8 0.0187786
20.0495 188240 188240 0.056419 0 24.3877 0 24.383 42210 8 0.0189304
20.0496 186792 186792 0.056419 0 24.3875 0 24.3829 42210 8 0.0190479
20.0497 185344 185344 0.056419 0 24.3874 0 24.3827 42210 8 0.0191811
20.0499 183896 183896 0.056419 0 24.3872 0 24.3826 42210 8 0.0193148
20.05 182448 182448 0.056419 0 24.3871 0 24.3825 42210 8 0.0194489
20.0501 181000 181000 0.056419 0 24.3869 0 24.3823 42210 8 0.0195835
20.0502 179552 179552 0.056419 0 24.3868 0 24.3822 42210 8 0.0197185
20.0504 178104 178104 0.056419 0 24.3866 0 24.382 42210 8 0.0198541
20.0505 176656 176656 0.056419 0 24.3865 0 24.3819 42210 8 0.0199901
20.0506 175208 175208 0.056419 0 24.3863 0 24.3817 42210 8 0.0201265
20.0507 173760 173760 0.056419 0 24.3862 0 24.3816 42210 8 0.0202634
20.0508 172312 172312 0.056419 0 24.3861 0 24.3814 42210 8 0.0204008
20.051 170864 170864 0.056419 0 24.3859 0 24.3813 42210 8 0.0205387
20.0511 169416 169416 0.056419 0 24.3858 0 24.3811 42210 8 0.020677
20.0512 167968 167968 0.056419 0 24.3856 0 24.381 42210 8 0.0208158
20.0513 166520 166520 0.056419 0 24.3855 0 24.3808 42210 8 0.020955
20.0514 165072 165072 0.056419 0 24.3853 0 24.3807 42210 8 0.0210947
20.0516 164242 163624 0.056419 0 24.3852 0 24.3806 42210 8 0.021231
20.0517 163505 162176 0.056419 0 24.385 0 24.3804 42210 8 0.0213713
20.0518 160728 160728 0.056419 0 24.3849 0 24.3803 42210 8 0.0215323
20.0519 159280 159280 0.056419 0 24.3847 0 24.3801 42210 8 0.0216583
20.052 157832 157832 0.056419 0 24.3846 0 24.38 42210 8 0.0218003
20.0522 156384 156384 0.056419 0 24.3844 0 24.3798 42210 8 0.0219428
43.8612 154936 153488 0.062815 21.0749 22.5879 21.0262 22.5594 85526 108 0.0223779
43.8613 153488 153488 0.062815 96.4048 22.5881 0 22.5593 85527 109 0.0223779
43.8614 152686 152040 0.062815 0 22.5881 0 22.5593 85527 109 0.0225177
43.8616 151935 150592 0.062815 0 22.588 0 22.5592 85527 109 0.0226619
43.8617 151185 149144 0.062815 0 22.5879 0 22.5591 85527 109 0.0228067
43.8618 150435 149144 0.062815 96.4048 22.5881 0 22.5591 85528 110 0.0228067
43.8619 149684 147696 0.062815 0 22.5881 0 22.559 85528 110 0.022952
43.862 148934 147696 0.062815 96.4048 22.5883 0 22.559 85529 111 0.022952
43.8622 148184 146248 0.062815 0 22.5882 0 22.5589 85529 111 0.0230978
43.8623 147433 146248 0.062815 96.4048 22.5884 0 22.5588 85530 112 0.0230978
43.8624 146683 144800 0.062815 0 22.5884 0 22.5588 85530 112 0.0232441
43.8625 145933 144800 0.062815 96.4048 22.5886 0 22.5587 85531 113 0.0232441
43.8626 145182 143352 0.062815 0 22.5885 0 22.5587 85531 113 0.0233908
43.8628 144432 143352 0.062815 96.4048 22.5887 0 22.5586 85532 114 0.0233908
43.8629 143682 141904 0.062815 0 22.5886 0 22.5585 85532 114 0.0235379
43.863 142931 141904 0.062815 96.4048 22.5888 0 22.5585 85533 115 0.0235379
43.8631 142181 140456 0.062815 0 22.5888 0 22.5584 85533 115 0.0236856
43.8632 141431 140456 0.062815 96.4048 22.589 0 22.5583 85534 116 0.0236856
43.8634 140680 139008 0.062815 0 22.5889 0 22.5583 85534 116 0.0238337
43.8635 139930 139008 0.062815 96.4048 22.5891 0 22.5582 85535 117 0.0238337
43.8636 139180 137560 0.062815 0 22.5891 0 22.5582 85535 117 0.0239822
43.8637 138429 137560 0.062815 96.4048 22.5893 0 22.5581 85536 118 0.0239822
43.8638 137679 136112 0.062815 0 22.5892 0 22.558 85536 118 0.0241313
43.864 136929 136112 0.062815 96.4048 22.5894 0 22.558 85537 119 0.0241313
43.8641 136178 134664 0.062815 0 22.5893 0 22.5579 85537 119 0.0242808
43.8642 135428 134664 0.062815 96.4048 22.5895 0 22.5579 85538 120 0.0242808
43.8643 134678 133216 0.062815 0 22.5895 0 22.5578 85538 120 0.0244307
43.8644 133927 133216 0.062815 96.4048 22.5897 0 22.5577 85539 121 0.0244308
43.8646 133177 131768 0.062815 0 22.5896 0 22.5577 85539 121 0.0245812
43.8647 132427 130320 0.062815 0 22.5896 0 22.5576 85539 121 0.0247321
43.8648 131676 130320 0.062815 96.4048 22.5898 0 22.5575 85540 122 0.0247321
43.8649 130926 128872 0.062815 0 22.5897 0 22.5575 85540 122 0.0248834
43.865 130176 128872 0.062815 96.4048 22.5899 0 22.5574 85541 123 0.0248834
43.8652 129425 127424 0.062815 0 22.5898 0 22.5574 85541 123 0.0250353
43.8653 128675 127424 0.062815 96.4048 22.59 0 22.5573 85542 124 0.0250353
43.8654 127925 125976 0.062815 0 22.59 0 22.5572 85542 124 0.0251876
43.8655 127174 125976 0.062815 96.4048 22.5902 0 22.5572 85543 125 0.0251876
43.8656 126424 124528 0.062815 0 22.5901 0 22.5571 85543 125 0.0253403
43.8658 124528 124528 0.062815 96.4048 22.5903 0 22.557 85544 126 0.0253488
43.8659 123080 123080 0.062815 0 22.5903 0 22.557 85544 126 0.0254978
43.866 121632 121632 0.062815 0 22.5902 0 22.5569 85544 126 0.0256515
43.8661 120184 120184 0.062815 0 22.5901 0 22.5569 85544 126 0.0258057
43.8662 118736 118736 0.062815 0 22.5901 0 22.5568 85544 126 0.0259603
43.8664 117288 117288 0.062815 0 22.59 0 22.5567 85544 126 0.0261154
43.8665 115840 115840 0.062815 0 22.59 0 22.5567 85544 126 0.026271
43.8666 114392 114392 0.062815 0 22.5899 0 22.5566 85544 126 0.026427
43.8667 112944 112944 0.062815 0 22.5898 0 22.5566 85544 126 0.0265835
43.8668 111496 111496 0.062815 0 22.5898 0 22.5565 85544 126 0.0267404
43.867 110048 110048 0.062815 0 22.5897 0 22.5564 85544 126 0.0268979
43.8671 108600 108600 0.062815 0 22.5896 0 22.5564 85544 126 0.0270557
43.8672 107152 107152 0.062815 0 22.5896 0 22.5563 85544 126 0.0272141
43.8673 105704 105704 0.062815 0 22.5895 0 22.5562 85544 126 0.0273729
43.8674 104256 104256 0.062815 0 22.5895 0 22.5562 85544 126 0.0275322
43.8676 102808 102808 0.062815 0 22.5894 0 22.5561 85544 126 0.027692
43.8677 101360 101360 0.062815 0 22.5893 0 22.5561 85544 126 0.0278522
43.8678 99912 99912 0.062815 0 22.5893 0 22.556 85544 126 0.0280129
43.8679 98464 98464 0.062815 0 22.5892 0 22.5559 85544 126 0.028174
43.868 97016 97016 0.062815 0 22.5891 0 22.5559 85544 126 0.0283356
43.8682 95568 95568 0.062815 0 22.5891 0 22.5558 85544 126 0.0284977
43.8683 94120 94120 0.062815 0 22.589 0 22.5558 85544 126 0.0286603
43.8684 92672 92672 0.062815 0 22.589 0 22.5557 85544 126 0.0288233
43.8685 91224 91224 0.062815 0 22.5889 0 22.5556 85544 126 0.0289868
43.8686 89776 89776 0.062815 0 22.5888 0 22.5556 85544 126 0.0291507
43.8688 88328 88328 0.062815 0 22.5888 0 22.5555 85544 126 0.0293151
43.9188 86880 86880 0.062815 0 22.5631 0 22.5298 85544 126 0.02948
43.9189 85432 85432 0.062815 0 22.563 0 22.5298 85544 126 0.0296453
43.919 83984 83984 0.062815 0 22.5629 0 22.5297 85544 126 0.0298111
43.9191 82536 82536 0.062815 0 22.5629 0 22.5296 85544 126 0.0299774
43.9192 81088 81088 0.062815 0 22.5628 0 22.5296 85544 126 0.0301442
43.9194 79640 79640 0.062815 0 22.5628 0 22.5295 85544 126 0.0303114
43.9195 78192 78192 0.062815 0 22.5627 0 22.5295 85544 126 0.030479
43.9196 76744 76744 0.062815 0 22.5626 0 22.5294 85544 126 0.0306472
