0.364215 14480 0 0 0 0 0 0 0 0 0.0439727
1.36422 1448 14480 0.064 0.11584 0.0849133 0.11584 0.0849133 10 0 0.0387883
1.46081 2896 0 0.064 0.119924 0.0872283 0 0.0792985 11 1 0.0400197
1.5585 5792 0 0.064 0.237158 0.0966263 0 0.0743279 13 3 0.0400309
1.65751 8688 2896 0.064 0.467984 0.118809 0 0.0698879 17 7 0.0397226
1.65775 11584 5792 0.064 192.81 0.146743 0 0.0698778 21 11 0.0394155
1.96308 13032 8688 0.0889503 0.758794 0.241938 0.531156 0.141622 41 17 0.0399205
2.06798 14480 10136 0.0970246 1.43558 0.302487 1.43558 0.207259 54 17 0.0403007
2.27982 15928 11584 0.108036 1.14833 0.381083 1.14833 0.294704 75 17 0.0410851
2.49575 17376 13032 0.117045 1.1266 0.445584 1.1266 0.366678 96 17 0.0418799
2.7154 18824 14480 0.116503 1.10749 0.499126 1.10749 0.426604 117 17 0.0416667
2.93782 20272 15928 0.126378 1.09373 0.544143 1.09373 0.477111 138 17 0.0427289
3.05173 21720 17376 0.124413 2.13555 0.603545 2.13555 0.539015 159 17 0.0423208
3.27895 23168 18824 0.130712 1.0706 0.635911 1.0706 0.575853 180 17 0.0430213
3.39478 24616 20272 0.128587 2.1001 0.685871 2.1001 0.627862 201 17 0.0425747
3.51134 26064 21720 0.119315 2.08711 0.732384 2.08711 0.6763 222 17 0.0412388
3.62862 27512 23168 0.123125 2.07428 0.775754 2.07428 0.721483 243 17 0.0415553
3.74625 28960 24616 0.119026 2.06793 0.816329 2.06793 0.763763 264 17 0.0409052
3.86425 30408 26064 0.122629 2.06161 0.854355 2.06161 0.803393 285 17 0.0411943
3.98273 31856 27512 0.119503 2.05325 0.890019 2.05325 0.840574 306 17 0.0406635
4.10193 33304 28960 0.123668 2.04083 0.923461 2.04083 0.875452 327 17 0.0410279
4.22125 34752 30408 0.120764 2.03877 0.954986 2.03877 0.908335 348 17 0.0405182
4.34129 36200 31856 0.126316 2.02653 0.984615 2.02653 0.939254 369 17 0.0410757
4.46157 37648 33304 0.122234 2.02248 1.0126 2.02248 0.968457 390 17 0.0404033
4.58221 39096 34752 0.131293 2.01643 1.03902 2.01643 0.996048 411 17 0.0414655
4.70321 40544 36200 0.123985 2.01043 1.06402 2.01043 1.02215 432 17 0.0403296
4.70561 41992 37648 0.122473 101.225 1.11517 101.225 1.07332 453 17 0.0399916
4.82673 43440 39096 0.12805 2.00843 1.13758 2.00843 1.09679 474 17 0.0405729
4.94809 44888 40544 0.133755 2.00446 1.15885 2.00446 1.11905 495 17 0.0412357
4.9505 46336 41992 0.125654 101.225 1.20742 101.225 1.16764 516 17 0.0399604
5.07234 47784 43440 0.12377 1.99655 1.22638 1.99655 1.18755 537 17 0.0395709
5.19334 46336 44888 0.123429 1.53175 1.23349 1.53175 1.19557 553 17 0.0393822
5.19346 45344 44888 0.123429 96.4048 1.2357 0 1.19555 554 18 0.0393803
5.19358 44847 43440 0.123429 0 1.23567 0 1.19552 554 18 0.0395243
5.1937 44351 41992 0.123429 0 1.23564 0 1.19549 554 18 0.03967
5.19382 43854 41992 0.123429 96.4048 1.23784 0 1.19546 555 19 0.03967
5.19394 43358 41992 0.123429 96.4048 1.24004 0 1.19544 556 20 0.03967
5.19406 42861 40544 0.123429 0 1.24001 0 1.19541 556 20 0.0398159
5.19418 42365 40544 0.123429 96.4048 1.24221 0 1.19538 557 21 0.0398159
5.1943 41868 40544 0.123429 96.4048 1.24442 0 1.19535 558 22 0.0398159
5.19442 41372 39096 0.123429 0 1.24439 0 1.19533 558 22 0.0399622
5.19454 40875 39096 0.123429 96.4048 1.24659 0 1.1953 559 23 0.0399622
5.19466 40379 39096 0.123429 96.4048 1.24879 0 1.19527 560 24 0.0399622
5.19478 39883 37648 0.123429 0 1.24876 0 1.19524 560 24 0.0401087
5.1949 39386 37648 0.123429 96.4048 1.25096 0 1.19521 561 25 0.0401087
5.19502 38890 37648 0.123429 96.4048 1.25316 0 1.19519 562 26 0.0401087
5.19514 38393 36200 0.123429 0 1.25313 0 1.19516 562 26 0.0402556
5.19526 37897 36200 0.123429 96.4048 1.25533 0 1.19513 563 27 0.0402556
5.19538 37400 36200 0.123429 96.4048 1.25754 0 1.1951 564 28 0.0402556
5.1955 36904 34752 0.123429 0 1.25751 0 1.19508 564 28 0.0404027
5.19562 36407 34752 0.123429 96.4048 1.25971 0 1.19505 565 29 0.0404027
5.19574 35911 34752 0.123429 96.4048 1.26191 0 1.19502 566 30 0.0404027
5.19586 33304 33304 0.123429 0 1.26188 0 1.19499 566 30 0.0405618
5.3105 34752 31856 0.123429 1.01054 1.25645 0 1.1692 576 40 0.0407012
5.42693 36200 31856 0.117779 2.38773 1.28072 2.38773 1.19534 600 40 0.0400164
5.54397 37648 33304 0.11683 2.47446 1.30592 2.47446 1.22235 625 40 0.0397598
5.6616 39096 34752 0.131502 2.46182 1.32994 2.46182 1.2481 650 40 0.0414953
5.7802 40544 36200 0.120505 2.63721 1.35676 2.63721 1.2766 677 40 0.0398964
5.89916 41992 37648 0.13358 2.62922 1.38242 2.62922 1.30388 704 40 0.0415028
6.01872 43440 39096 0.121433 2.80979 1.41078 2.80979 1.33379 733 40 0.0397162
6.25964 44888 40544 0.122313 2.83685 1.46566 2.83685 1.39164 792 40 0.0396788
6.50248 46336 41992 0.136389 2.90979 1.5196 2.90979 1.44834 853 40 0.0414853
6.86921 47784 43440 0.122604 3.0008 1.59867 3.0008 1.53122 948 40 0.0394236
7.69904 49232 44888 0.130271 3.16882 1.76791 3.16882 1.70773 1175 40 0.0402969
7.81956 50680 46336 0.119045 6.05534 1.83399 6.05534 1.77473 1238 40 0.0387002
8.05543 52128 47784 0.120401 3.29043 1.87664 3.29043 1.81912 1305 40 0.0387174
8.29239 53576 49232 0.119204 3.27542 1.91661 3.27542 1.86073 1372 40 0.0384298
8.53126 55024 50680 0.122894 3.44303 1.95935 3.44303 1.90503 1443 40 0.0387361
8.77134 56472 52128 0.120891 3.4258 1.99949 3.4258 1.94666 1514 40 0.0383443
9.01275 57920 53576 0.125406 3.59898 2.04233 3.59898 1.99092 1589 40 0.038771
9.25583 59368 55024 0.122339 3.57408 2.08256 3.57408 2.03249 1664 40 0.038236
9.50011 60816 56472 0.130189 3.65134 2.12289 3.65134 2.07412 1741 40 0.0391334
9.74512 59368 57920 0.123853 3.5933 2.15986 3.5933 2.11232 1817 40 0.0381413
9.74524 58381 57920 0.123853 96.4048 2.16103 0 2.11229 1818 41 0.0381394
9.74536 57888 56472 0.123853 0 2.161 0 2.11226 1818 41 0.0382807
9.74548 57394 55024 0.123853 0 2.16097 0 2.11224 1818 41 0.0384237
9.7456 56900 55024 0.123853 96.4048 2.16213 0 2.11221 1819 42 0.0384237
9.74572 56407 55024 0.123853 96.4048 2.1633 0 2.11219 1820 43 0.0384237
9.74584 55913 53576 0.123853 0 2.16327 0 2.11216 1820 43 0.038567
9.74596 55419 53576 0.123853 96.4048 2.16443 0 2.11213 1821 44 0.038567
9.74608 54926 53576 0.123853 96.4048 2.16559 0 2.11211 1822 45 0.038567
9.7462 54432 52128 0.123853 0 2.16557 0 2.11208 1822 45 0.0387105
9.74632 53938 52128 0.123853 96.4048 2.16673 0 2.11205 1823 46 0.0387105
9.74644 53445 52128 0.123853 96.4048 2.16789 0 2.11203 1824 47 0.0387105
9.74656 52951 50680 0.123853 0 2.16786 0 2.112 1824 47 0.0388544
9.74668 52458 50680 0.123853 96.4048 2.16903 0 2.11198 1825 48 0.0388544
9.7468 51964 50680 0.123853 96.4048 2.17019 0 2.11195 1826 49 0.0388544
9.74692 51470 49232 0.123853 0 2.17016 0 2.11192 1826 49 0.0389986
9.74704 50977 49232 0.123853 96.4048 2.17132 0 2.1119 1827 50 0.0389986
9.74716 50483 49232 0.123853 96.4048 2.17248 0 2.11187 1828 51 0.0389986
9.74728 49989 47784 0.123853 0 2.17246 0 2.11185 1828 51 0.039143
9.7474 49496 47784 0.123853 96.4048 2.17362 0 2.11182 1829 52 0.039143
9.74752 49002 47784 0.123853 96.4048 2.17478 0 2.11179 1830 53 0.039143
9.74764 48508 46336 0.123853 0 2.17475 0 2.11177 1830 53 0.0392878
9.74776 48015 46336 0.123853 96.4048 2.17591 0 2.11174 1831 54 0.0392878
9.74788 47521 46336 0.123853 96.4048 2.17708 0 2.11172 1832 55 0.0392878
9.74801 47028 44888 0.123853 0 2.17705 0 2.11169 1832 55 0.0394329
9.74813 46534 44888 0.123853 96.4048 2.17821 0 2.11166 1833 56 0.0394329
9.74825 46040 44888 0.123853 96.4048 2.17937 0 2.11164 1834 57 0.0394329
9.74837 45547 43440 0.123853 0 2.17935 0 2.11161 1834 57 0.0395782
9.74849 45053 43440 0.123853 96.4048 2.18051 0 2.11159 1835 58 0.0395782
9.74861 44559 43440 0.123853 96.4048 2.18167 0 2.11156 1836 59 0.0395782
9.74873 41992 41992 0.123853 0 2.18164 0 2.11153 1836 59 0.0397352
9.84714 43440 40544 0.123853 1.17711 2.1716 0 2.09043 1846 69 0.0398731
9.94158 44888 40544 0.116441 3.18896 2.18127 3.18896 2.10087 1872 69 0.0389816
10.0375 46336 41992 0.0978447 3.74505 2.19621 3.74505 2.11657 1903 69 0.0370822
10.1344 47784 43440 0.108072 3.70328 2.21063 3.70328 2.13176 1934 69 0.0378153
10.2327 49232 44888 0.0986654 3.88919 2.22675 3.88919 2.14864 1967 69 0.036854
10.3323 50680 46336 0.110516 3.83759 2.24228 3.83759 2.16492 2000 69 0.0377657
10.4332 52128 47784 0.10106 4.02165 2.25947 4.02165 2.18286 2035 69 0.036755
10.5351 53576 49232 0.11343 3.97897 2.2761 3.97897 2.20023 2070 69 0.0377794
10.7423 55024 50680 0.115931 4.07974 2.31091 4.07974 2.2365 2143 69 0.0379088
10.8472 56472 52128 0.117953 4.08588 2.32807 4.08588 2.25438 2180 69 0.0379952
11.0599 57920 53576 0.118951 4.19388 2.36395 4.19388 2.29168 2257 69 0.0379683
11.2758 59368 55024 0.10855 4.23816 2.39984 4.23816 2.32896 2336 69 0.0367069
11.7187 60816 56472 0.125712 4.21084 2.46829 4.21084 2.40008 2497 69 0.038525
12.5292 62264 57920 0.11709 4.61657 2.60725 4.61657 2.54346 2820 69 0.0373234
12.7658 63712 59368 0.121375 3.96587 2.63243 3.96587 2.56982 2901 69 0.0376887
13.0048 65160 60816 0.120215 4.02293 2.65799 4.02293 2.59653 2984 69 0.0374055
13.2463 66608 62264 0.125751 4.07682 2.68386 4.07682 2.62352 3069 69 0.0379612
13.4901 68056 63712 0.122649 4.13367 2.71006 4.13367 2.65081 3156 69 0.0374213
13.7358 69504 65160 0.130811 4.19766 2.73666 4.19766 2.67847 3245 69 0.0383694
13.9417 70952 66608 0.104154 5.11834 2.77184 5.11834 2.71451 3336 69 0.0351639
14.1455 72400 68056 0.112837 5.28635 2.80807 5.28635 2.75156 3429 69 0.0358655
14.254 73848 69504 0.104046 9.92873 2.86227 9.92873 2.8062 3522 69 0.0348736
14.4627 75296 70952 0.105977 5.38357 2.89866 5.38357 2.84339 3619 69 0.0349074
14.6743 76744 72400 0.106713 5.3102 2.93343 5.3102 2.87896 3716 69 0.034836
14.89 78192 73848 0.110121 5.42445 2.96952 5.42445 2.91584 3817 69 0.0350266
15.1082 79640 75296 0.110036 5.36172 3.00407 5.36172 2.95116 3918 69 0.0348789
15.3298 81088 76744 0.114482 5.48943 3.03999 5.48943 2.98785 4023 69 0.0352048
15.5543 82536 78192 0.113047 5.4189 3.07432 5.4189 3.02293 4128 69 0.034912
15.782 83984 79640 0.121278 5.44344 3.1085 5.44344 3.05786 4235 69 0.0357148
16.0127 85432 81088 0.11587 5.47298 3.14257 5.47298 3.09265 4344 69 0.0349434
16.1357 86880 82536 0.117028 10.4501 3.19829 10.4501 3.14876 4455 69 0.0349365
16.3715 88328 83984 0.118687 5.55237 3.23219 5.55237 3.18337 4568 69 0.0349912
16.6097 89776 85432 0.120793 5.5908 3.26603 5.5908 3.21791 4683 69 0.0351058
16.7249 91224 86880 0.134397 1.71073 3.25532 1.71073 3.20753 4700 69 0.0368083
16.8462 92672 88328 0.121058 6.01337 3.27519 6.01337 3.22775 4763 69 0.034865
16.8465 94120 89776 0.121176 144.607 3.27721 144.607 3.22976 4766 69 0.0347433
16.9682 95568 91224 0.135915 5.80522 3.29534 5.80522 3.24824 4827 69 0.036628
16.9684 97016 92672 0.134175 144.607 3.29734 144.607 3.25024 4830 69 0.0362314
17.0912 98464 94120 0.137075 5.94276 3.31635 5.94276 3.26959 4893 69 0.0365347
17.0917 97016 95568 0.135315 144.215 3.32033 144.215 3.27356 4899 69 0.0361317
17.0918 96065 95568 0.135315 96.4048 3.32098 0 3.27354 4900 70 0.0361296
17.0919 94141 92672 0.135315 0 3.32096 0 3.27351 4900 70 0.0364047
17.0921 93665 92672 0.135315 96.4048 3.32161 0 3.27349 4901 71 0.0363985
17.0922 93190 91224 0.135315 0 3.32159 0 3.27347 4901 71 0.036534
17.0923 92714 91224 0.135315 96.4048 3.32224 0 3.27344 4902 72 0.036534
17.0924 92238 91224 0.135315 96.4048 3.3229 0 3.27342 4903 73 0.036534
17.0925 91762 89776 0.135315 0 3.32287 0 3.2734 4903 73 0.0366698
17.0927 91287 89776 0.135315 96.4048 3.32353 0 3.27338 4904 74 0.0366698
17.0928 90811 89776 0.135315 96.4048 3.32418 0 3.27335 4905 75 0.0366698
17.0929 90335 88328 0.135315 0 3.32416 0 3.27333 4905 75 0.036806
17.093 89859 88328 0.135315 96.4048 3.32481 0 3.27331 4906 76 0.036806
17.0931 89383 88328 0.135315 96.4048 3.32547 0 3.27328 4907 77 0.036806
17.0933 88908 86880 0.135315 0 3.32544 0 3.27326 4907 77 0.0369424
17.0934 88432 86880 0.135315 96.4048 3.3261 0 3.27324 4908 78 0.0369424
17.0935 87956 86880 0.135315 96.4048 3.32675 0 3.27321 4909 79 0.0369424
17.0936 87480 85432 0.135315 0 3.32673 0 3.27319 4909 79 0.0370791
17.0937 87005 85432 0.135315 96.4048 3.32738 0 3.27317 4910 80 0.0370791
17.0939 86529 85432 0.135315 96.4048 3.32804 0 3.27315 4911 81 0.0370791
17.094 86053 83984 0.135315 0 3.32801 0 3.27312 4911 81 0.0372161
17.0941 85577 83984 0.135315 96.4048 3.32867 0 3.2731 4912 82 0.0372161
17.0942 85102 83984 0.135315 96.4048 3.32932 0 3.27308 4913 83 0.0372161
17.0943 84626 82536 0.135315 0 3.3293 0 3.27305 4913 83 0.0373534
17.0945 84150 82536 0.135315 96.4048 3.32995 0 3.27303 4914 84 0.0373534
17.0946 83674 82536 0.135315 96.4048 3.33061 0 3.27301 4915 85 0.0373534
17.0947 83198 81088 0.135315 0 3.33058 0 3.27298 4915 85 0.037491
17.0948 82723 81088 0.135315 96.4048 3.33124 0 3.27296 4916 86 0.037491
17.0949 82247 81088 0.135315 96.4048 3.33189 0 3.27294 4917 87 0.037491
17.0951 81771 79640 0.135315 0 3.33187 0 3.27292 4917 87 0.0376289
17.0952 81295 79640 0.135315 96.4048 3.33252 0 3.27289 4918 88 0.0376289
17.0953 80820 79640 0.135315 96.4048 3.33318 0 3.27287 4919 89 0.0376289
17.0954 80344 78192 0.135315 0 3.33315 0 3.27285 4919 89 0.0377671
17.0955 79868 78192 0.135315 96.4048 3.33381 0 3.27282 4920 90 0.0377671
17.0957 79392 78192 0.135315 96.4048 3.33446 0 3.2728 4921 91 0.0377671
17.0958 78916 76744 0.135315 0 3.33444 0 3.27278 4921 91 0.0379056
17.0959 78441 76744 0.135315 96.4048 3.33509 0 3.27275 4922 92 0.0379056
17.096 77965 76744 0.135315 96.4048 3.33575 0 3.27273 4923 93 0.0379056
17.0962 77489 75296 0.135315 0 3.33572 0 3.27271 4923 93 0.0380444
17.0963 77013 75296 0.135315 96.4048 3.33638 0 3.27269 4924 94 0.0380444
17.0964 76538 75296 0.135315 96.4048 3.33703 0 3.27266 4925 95 0.0380444
17.0965 76062 73848 0.135315 0 3.33701 0 3.27264 4925 95 0.0381835
17.0966 75586 73848 0.135315 96.4048 3.33766 0 3.27262 4926 96 0.0381835
17.0968 75110 73848 0.135315 96.4048 3.33832 0 3.27259 4927 97 0.0381835
17.0969 72400 72400 0.135315 0 3.33829 0 3.27257 4927 97 0.0383355
17.097 70952 70952 0.135315 0 3.33827 0 3.27255 4927 97 0.0384659
17.0971 69504 69504 0.135315 0 3.33825 0 3.27252 4927 97 0.0386059
17.0972 68056 68056 0.135315 0 3.33822 0 3.2725 4927 97 0.0387462
17.2149 69504 66608 0.135315 1.96948 3.32887 0 3.25014 4947 117 0.0388868
17.2151 70952 66608 0.133776 96.4048 3.33017 96.4048 3.25144 4949 117 0.0386573
17.3283 72400 68056 0.135834 3.99128 3.33449 3.99128 3.25627 4988 117 0.0388245
17.4429 73848 69504 0.129013 4.95161 3.34511 4.95161 3.26741 5037 117 0.0376963
17.4432 75296 70952 0.127262 144.607 3.34706 144.607 3.26936 5040 117 0.0373176
17.5584 76744 72400 0.115542 4.92579 3.35742 4.92579 3.28023 5089 117 0.0357387
17.5586 78192 73848 0.115599 144.607 3.35936 144.607 3.28217 5092 117 0.0356057
17.6747 79640 75296 0.115756 5.08969 3.37072 5.08969 3.29404 5143 117 0.0354841
17.792 81088 76744 0.11657 5.43265 3.38431 5.43265 3.30813 5198 117 0.0354367
17.7922 82536 78192 0.116749 144.607 3.38622 144.607 3.31004 5201 117 0.0353184
17.9098 83984 79640 0.131472 5.22439 3.39828 5.22439 3.3226 5254 117 0.0370681
18.0282 85432 81088 0.132542 5.5731 3.41257 5.5731 3.33739 5311 117 0.0370843
18.1477 86880 82536 0.118883 5.72222 3.42777 5.72222 3.35309 5370 117 0.0351515
18.2677 88328 83984 0.133841 5.69358 3.44266 5.69358 3.36847 5429 117 0.0369994
18.3885 89776 85432 0.120595 5.85144 3.45848 5.85144 3.38477 5490 117 0.0350818
18.5096 91224 86880 0.135243 5.83402 3.47403 5.83402 3.4008 5551 117 0.0369347
18.6317 92672 88328 0.121665 5.97786 3.49043 5.97786 3.41769 5614 117 0.0349394
18.7545 94120 89776 0.136687 5.94276 3.50649 5.94276 3.43422 5677 117 0.0368817
18.878 92672 91224 0.12325 6.47072 3.52588 6.47072 3.45409 5746 117 0.0348656
18.8781 91722 91224 0.12325 96.4048 3.52648 0 3.45407 5747 118 0.0348634
18.8782 91246 89776 0.12325 0 3.52645 0 3.45405 5747 118 0.034998
18.8784 90771 89776 0.12325 96.4048 3.52704 0 3.45402 5748 119 0.034998
18.8785 90295 88328 0.12325 0 3.52702 0 3.454 5748 119 0.0351342
18.8786 89820 88328 0.12325 96.4048 3.52761 0 3.45398 5749 120 0.0351342
18.8787 89344 88328 0.12325 96.4048 3.5282 0 3.45396 5750 121 0.0351342
18.8788 88869 86880 0.12325 0 3.52818 0 3.45394 5750 121 0.0352706
18.879 88393 86880 0.12325 96.4048 3.52877 0 3.45392 5751 122 0.0352706
18.8791 87918 86880 0.12325 96.4048 3.52936 0 3.45389 5752 123 0.0352706
18.8792 87442 85432 0.12325 0 3.52934 0 3.45387 5752 123 0.0354073
18.8793 86967 85432 0.12325 96.4048 3.52993 0 3.45385 5753 124 0.0354073
18.8794 86491 85432 0.12325 96.4048 3.53052 0 3.45383 5754 125 0.0354073
18.8796 86016 83984 0.12325 0 3.5305 0 3.45381 5754 125 0.0355443
18.8797 85541 83984 0.12325 96.4048 3.53109 0 3.45378 5755 126 0.0355443
18.8798 85065 83984 0.12325 96.4048 3.53168 0 3.45376 5756 127 0.0355443
18.8799 84590 82536 0.12325 0 3.53166 0 3.45374 5756 127 0.0356816
18.88 84114 82536 0.12325 96.4048 3.53225 0 3.45372 5757 128 0.0356816
18.8802 83639 82536 0.12325 96.4048 3.53284 0 3.4537 5758 129 0.0356816
18.8803 83163 81088 0.12325 0 3.53282 0 3.45367 5758 129 0.0358192
18.8804 82688 81088 0.12325 96.4048 3.53341 0 3.45365 5759 130 0.0358192
18.8805 82212 81088 0.12325 96.4048 3.534 0 3.45363 5760 131 0.0358192
18.8806 81737 79640 0.12325 0 3.53398 0 3.45361 5760 131 0.0359571
18.8808 81261 79640 0.12325 96.4048 3.53457 0 3.45359 5761 132 0.0359571
18.8809 80786 79640 0.12325 96.4048 3.53516 0 3.45356 5762 133 0.0359571
18.881 80310 78192 0.12325 0 3.53514 0 3.45354 5762 133 0.0360953
18.8811 79835 78192 0.12325 96.4048 3.53573 0 3.45352 5763 134 0.0360953
18.8812 79360 78192 0.12325 96.4048 3.53632 0 3.4535 5764 135 0.0360953
18.8814 78884 76744 0.12325 0 3.5363 0 3.45348 5764 135 0.0362338
18.8815 78409 76744 0.12325 96.4048 3.53689 0 3.45345 5765 136 0.0362338
18.8816 77933 76744 0.12325 96.4048 3.53748 0 3.45343 5766 137 0.0362338
18.8817 77458 75296 0.12325 0 3.53746 0 3.45341 5766 137 0.0363726
18.8818 76982 75296 0.12325 96.4048 3.53805 0 3.45339 5767 138 0.0363726
18.882 76507 75296 0.12325 96.4048 3.53864 0 3.45337 5768 139 0.0363726
18.8821 76031 73848 0.12325 0 3.53862 0 3.45334 5768 139 0.0365117
18.8822 75556 73848 0.12325 96.4048 3.53921 0 3.45332 5769 140 0.0365117
18.8823 75080 73848 0.12325 96.4048 3.5398 0 3.4533 5770 141 0.0365117
18.8824 74605 72400 0.12325 0 3.53978 0 3.45328 5770 141 0.0366511
18.8826 74129 72400 0.12325 96.4048 3.54037 0 3.45326 5771 142 0.0366511
18.8827 73654 72400 0.12325 96.4048 3.54096 0 3.45323 5772 143 0.0366511
18.8828 73179 70952 0.12325 0 3.54094 0 3.45321 5772 143 0.0367908
18.8829 72703 70952 0.12325 96.4048 3.54153 0 3.45319 5773 144 0.0367908
18.883 72228 70952 0.12325 96.4048 3.54212 0 3.45317 5774 145 0.0367908
18.8832 71752 69504 0.12325 0 3.5421 0 3.45315 5774 145 0.0369308
18.8833 71277 69504 0.12325 96.4048 3.54269 0 3.45312 5775 146 0.0369308
18.8834 69504 69504 0.12325 96.4048 3.54328 0 3.4531 5776 147 0.036936
18.8835 68056 68056 0.12325 0 3.54326 0 3.45308 5776 147 0.0370744
18.8836 66608 66608 0.12325 0 3.54323 0 3.45306 5776 147 0.037215
18.8838 65160 65160 0.12325 0 3.54321 0 3.45304 5776 147 0.0373559
18.9867 66608 63712 0.12325 1.68738 3.53315 0 3.43431 5791 162 0.037497
19.0932 68056 63712 0.108094 4.56998 3.53893 4.56998 3.44064 5833 162 0.0358095
19.2009 69504 65160 0.107051 5.05695 3.54744 5.05695 3.4497 5880 162 0.035569
19.3093 70952 66608 0.120646 5.02331 3.55572 5.02331 3.45854 5927 162 0.0368923
19.4187 72400 68056 0.109182 5.18533 3.56491 5.18533 3.46827 5976 162 0.0354926
19.5289 73848 69504 0.122773 5.1514 3.57386 5.1514 3.47777 6025 162 0.0368739
19.7516 75296 70952 0.12439 5.25466 3.59281 5.25466 3.4978 6126 162 0.0369396
19.9772 76744 72400 0.113071 5.28738 3.61195 5.28738 3.51801 6229 162 0.0354703
20.205 78192 73848 0.127335 5.33887 3.63142 5.33887 3.53854 6334 162 0.0370485
20.5513 79640 75296 0.115601 5.38556 3.66098 5.38556 3.56967 6495 162 0.0354668
21.1431 81088 76744 0.119452 6.08769 3.7289 6.08769 3.64015 6806 162 0.035771
21.3808 82536 78192 0.119414 5.11754 3.74434 5.11754 3.65657 6911 162 0.035628
21.6201 83984 79640 0.122582 5.18097 3.76024 5.18097 3.67344 7018 162 0.0358764
21.8619 85432 81088 0.121507 5.22013 3.77639 5.22013 3.69055 7127 162 0.035605
22.1056 86880 82536 0.127353 5.27659 3.79293 5.27659 3.70803 7238 162 0.0362208
22.2291 85432 83984 0.127441 6.00182 3.8052 6.00182 3.72078 7302 162 0.0360952
22.2293 84498 83984 0.127441 96.4048 3.8057 0 3.72076 7303 163 0.0360931
22.2294 84031 82536 0.127441 0 3.80568 0 3.72074 7303 163 0.0362292
22.2295 83564 82536 0.127441 96.4048 3.80618 0 3.72072 7304 164 0.0362292
22.2296 83097 81088 0.127441 0 3.80616 0 3.7207 7304 164 0.0363668
22.2297 82630 81088 0.127441 96.4048 3.80666 0 3.72068 7305 165 0.0363668
22.2299 82163 81088 0.127441 96.4048 3.80716 0 3.72066 7306 166 0.0363668
22.23 81696 79640 0.127441 0 3.80714 0 3.72064 7306 166 0.0365047
22.2301 81229 79640 0.127441 96.4048 3.80764 0 3.72062 7307 167 0.0365047
22.2302 80762 79640 0.127441 96.4048 3.80814 0 3.7206 7308 168 0.0365047
22.2303 80294 78192 0.127441 0 3.80812 0 3.72058 7308 168 0.0366429
22.2305 79827 78192 0.127441 96.4048 3.80862 0 3.72056 7309 169 0.0366429
22.2306 79360 78192 0.127441 96.4048 3.80912 0 3.72054 7310 170 0.0366429
22.2307 78893 76744 0.127441 0 3.8091 0 3.72052 7310 170 0.0367814
22.2308 78426 76744 0.127441 96.4048 3.8096 0 3.7205 7311 171 0.0367814
22.2309 77959 76744 0.127441 96.4048 3.8101 0 3.72048 7312 172 0.0367814
22.2311 77492 75296 0.127441 0 3.81008 0 3.72046 7312 172 0.0369202
22.2312 77025 75296 0.127441 96.4048 3.81058 0 3.72044 7313 173 0.0369202
22.2313 76558 75296 0.127441 96.4048 3.81108 0 3.72042 7314 174 0.0369202
22.2314 76091 73848 0.127441 0 3.81106 0 3.7204 7314 174 0.0370593
22.2315 75623 73848 0.127441 96.4048 3.81156 0 3.72038 7315 175 0.0370593
22.2317 75156 73848 0.127441 96.4048 3.81206 0 3.72036 7316 176 0.0370593
22.2318 74689 72400 0.127441 0 3.81204 0 3.72034 7316 176 0.0371987
22.2319 74222 72400 0.127441 96.4048 3.81254 0 3.72032 7317 177 0.0371987
22.232 73755 72400 0.127441 96.4048 3.81304 0 3.7203 7318 178 0.0371987
22.2321 73288 70952 0.127441 0 3.81302 0 3.72028 7318 178 0.0373384
22.2323 72821 70952 0.127441 96.4048 3.81352 0 3.72026 7319 179 0.0373384
22.2324 72354 70952 0.127441 96.4048 3.81402 0 3.72024 7320 180 0.0373384
22.2325 71887 69504 0.127441 0 3.814 0 3.72022 7320 180 0.0374784
22.2326 71420 69504 0.127441 96.4048 3.8145 0 3.7202 7321 181 0.0374784
22.2327 70952 69504 0.127441 96.4048 3.815 0 3.72018 7322 182 0.0374784
22.2329 70485 69504 0.127441 96.4048 3.81551 0 3.72016 7323 183 0.0374784
22.233 70018 68056 0.127441 0 3.81548 0 3.72014 7323 183 0.0376187
22.2331 69551 68056 0.127441 96.4048 3.81599 0 3.72012 7324 184 0.0376187
22.2332 69084 68056 0.127441 96.4048 3.81649 0 3.7201 7325 185 0.0376187
22.2334 68617 66608 0.127441 0 3.81646 0 3.72008 7325 185 0.0377593
22.2335 68150 66608 0.127441 96.4048 3.81697 0 3.72006 7326 186 0.0377593
22.2336 67683 66608 0.127441 96.4048 3.81747 0 3.72004 7327 187 0.0377593
22.3441 67216 65160 0.127441 0 3.79858 0 3.70163 7327 187 0.0379002
22.3443 66749 65160 0.127441 96.4048 3.79908 0 3.70161 7328 188 0.0379002
22.3444 66282 65160 0.127441 96.4048 3.79957 0 3.70159 7329 189 0.0379002
22.3445 65814 63712 0.127441 0 3.79955 0 3.70157 7329 189 0.0380413
22.3446 65347 63712 0.127441 96.4048 3.80005 0 3.70155 7330 190 0.0380413
22.3447 64880 63712 0.127441 96.4048 3.80055 0 3.70153 7331 191 0.0380413
22.3449 64413 62264 0.127441 0 3.80053 0 3.70151 7331 191 0.0381828
22.345 63946 62264 0.127441 96.4048 3.80103 0 3.70149 7332 192 0.0381828
22.3451 63479 62264 0.127441 96.4048 3.80153 0 3.70147 7333 193 0.0381828
22.3452 60816 60816 0.127441 0 3.80151 0 3.70145 7333 193 0.0383368
22.3467 62264 59368 0.127441 88.4112 3.80696 0 3.70121 7344 204 0.03847
22.4571 63712 59368 0.118186 2.72745 3.80165 2.72745 3.69643 7370 204 0.0373074
22.4573 65160 60816 0.117538 144.607 3.80316 144.607 3.69793 7373 204 0.0370903
22.5702 66608 62264 0.126371 4.20937 3.80519 4.20937 3.70049 7414 204 0.038043
22.5704 68056 63712 0.1247 144.607 3.80669 144.607 3.70199 7417 204 0.0376825
22.6843 69504 65160 0.12794 4.37279 3.80953 4.37279 3.70536 7460 204 0.0379711
22.7997 70952 66608 0.128918 4.71982 3.81414 4.71982 3.71049 7507 204 0.0379641
22.916 72400 68056 0.116169 4.87999 3.81955 4.87999 3.71643 7556 204 0.0362288
22.9162 73848 69504 0.116273 144.607 3.82103 144.607 3.7179 7559 204 0.0361002
23.0331 75296 70952 0.130596 4.65676 3.82527 4.65676 3.72267 7606 204 0.0377774
23.1514 76744 72400 0.132008 4.99659 3.83125 4.99659 3.72918 7657 204 0.037839
23.2706 78192 73848 0.119026 5.15066 3.83801 5.15066 3.73646 7710 204 0.0359984
23.3904 79640 75296 0.133643 5.12483 3.8446 5.12483 3.74357 7763 204 0.0377987
23.6324 81088 76744 0.135329 5.21754 3.85866 5.21754 3.75866 7872 204 0.037911
23.7543 82536 78192 0.136334 5.22391 3.86567 5.22391 3.76619 7927 204 0.0379249
23.8822 83984 79640 0.123287 8.78878 3.89202 8.78878 3.79307 8024 204 0.0359651
24.195 85432 81088 0.0972477 4.92579 3.90539 4.92579 3.80772 8157 204 0.0332093
24.4946 86880 82536 0.112159 6.76457 3.94037 6.76457 3.84389 8332 204 0.0344049
26.2204 88328 83984 0.112565 6.51783 4.11001 6.51783 4.01988 9303 204 0.03431
26.4468 89776 85432 0.122708 5.88458 4.1252 5.88458 4.03584 9418 204 0.0353422
26.6754 91224 86880 0.114795 5.92715 4.14064 5.92715 4.05206 9535 204 0.0342757
26.7977 92672 88328 0.115925 11.2693 4.17318 11.2693 4.085 9654 204 0.0342645
27.0298 94120 89776 0.116672 6.0409 4.18922 6.0409 4.10179 9775 204 0.0342124
27.2635 95568 91224 0.118761 5.99742 4.20472 5.99742 4.11804 9896 204 0.0343178
27.4997 97016 92672 0.118961 6.1295 4.22125 6.1295 4.13532 10021 204 0.0342058
27.7381 98464 94120 0.122302 6.07389 4.23717 6.07389 4.15198 10146 204 0.0344757
27.9788 99912 95568 0.120959 6.2088 4.25414 6.2088 4.16967 10275 204 0.0341753
28.2212 101360 97016 0.127626 6.1657 4.27055 6.1657 4.18682 10404 204 0.0348979
28.4654 99912 98464 0.122981 6.06974 4.28599 6.06974 4.20297 10532 204 0.0341569
28.4656 98987 98464 0.122981 96.4048 4.28638 0 4.20296 10533 205 0.0341547
28.4657 98525 97016 0.122981 0 4.28636 0 4.20294 10533 205 0.0342879
28.4658 98062 97016 0.122981 96.4048 4.28675 0 4.20292 10534 206 0.0342879
28.4659 97600 95568 0.122981 0 4.28673 0 4.2029 10534 206 0.0344225
28.466 97137 95568 0.122981 96.4048 4.28712 0 4.20289 10535 207 0.0344225
28.4662 96675 95568 0.122981 96.4048 4.28751 0 4.20287 10536 208 0.0344225
28.4663 96212 94120 0.122981 0 4.28749 0 4.20285 10536 208 0.0345575
28.4664 95749 94120 0.122981 96.4048 4.28788 0 4.20283 10537 209 0.0345575
28.4665 95287 94120 0.122981 96.4048 4.28827 0 4.20281 10538 210 0.0345575
28.4667 94824 92672 0.122981 0 4.28825 0 4.2028 10538 210 0.0346927
28.4668 94362 92672 0.122981 96.4048 4.28864 0 4.20278 10539 211 0.0346927
28.4669 93899 92672 0.122981 96.4048 4.28903 0 4.20276 10540 212 0.0346927
28.467 93437 91224 0.122981 0 4.28901 0 4.20274 10540 212 0.0348282
28.4671 92974 91224 0.122981 96.4048 4.2894 0 4.20273 10541 213 0.0348282
28.4673 92512 91224 0.122981 96.4048 4.28979 0 4.20271 10542 214 0.0348282
28.4674 92049 89776 0.122981 0 4.28977 0 4.20269 10542 214 0.034964
28.4675 91586 89776 0.122981 96.4048 4.29016 0 4.20267 10543 215 0.034964
28.4676 91124 89776 0.122981 96.4048 4.29055 0 4.20266 10544 216 0.034964
28.4677 90661 88328 0.122981 0 4.29053 0 4.20264 10544 216 0.0351001
28.4679 90199 88328 0.122981 96.4048 4.29092 0 4.20262 10545 217 0.0351001
28.468 89736 88328 0.122981 96.4048 4.29131 0 4.2026 10546 218 0.0351001
28.4681 89274 86880 0.122981 0 4.29129 0 4.20258 10546 218 0.0352365
28.4682 88811 86880 0.122981 96.4048 4.29168 0 4.20257 10547 219 0.0352365
28.4683 88349 86880 0.122981 96.4048 4.29207 0 4.20255 10548 220 0.0352365
28.4685 87886 86880 0.122981 96.4048 4.29246 0 4.20253 10549 221 0.0352365
28.4686 87423 85432 0.122981 0 4.29244 0 4.20251 10549 221 0.0353732
28.4687 86961 85432 0.122981 96.4048 4.29283 0 4.2025 10550 222 0.0353732
28.4688 86498 85432 0.122981 96.4048 4.29322 0 4.20248 10551 223 0.0353732
28.4689 86036 83984 0.122981 0 4.2932 0 4.20246 10551 223 0.0355103
28.4691 85573 83984 0.122981 96.4048 4.29359 0 4.20244 10552 224 0.0355103
28.4692 85111 83984 0.122981 96.4048 4.29398 0 4.20242 10553 225 0.0355103
28.4693 84648 82536 0.122981 0 4.29396 0 4.20241 10553 225 0.0356476
28.4694 84186 82536 0.122981 96.4048 4.29435 0 4.20239 10554 226 0.0356476
28.4695 83723 82536 0.122981 96.4048 4.29474 0 4.20237 10555 227 0.0356476
28.4697 83260 81088 0.122981 0 4.29472 0 4.20235 10555 227 0.0357852
28.4698 82798 81088 0.122981 96.4048 4.29511 0 4.20234 10556 228 0.0357852
28.4699 82335 81088 0.122981 96.4048 4.29549 0 4.20232 10557 229 0.0357852
28.47 81873 79640 0.122981 0 4.29548 0 4.2023 10557 229 0.0359231
28.4701 81410 79640 0.122981 96.4048 4.29587 0 4.20228 10558 230 0.0359231
28.4703 80948 79640 0.122981 96.4048 4.29625 0 4.20226 10559 231 0.0359231
28.4704 78192 78192 0.122981 0 4.29624 0 4.20225 10559 231 0.0360744
28.4705 76744 76744 0.122981 0 4.29622 0 4.20223 10559 231 0.0362031
28.4706 75296 75296 0.122981 0 4.2962 0 4.20221 10559 231 0.0363419
28.4707 73848 73848 0.122981 0 4.29618 0 4.20219 10559 231 0.036481
28.4709 72400 72400 0.122981 0 4.29616 0 4.20218 10559 231 0.0366204
28.471 70952 70952 0.122981 0 4.29615 0 4.20216 10559 231 0.0367601
28.5884 72400 69504 0.122981 2.17085 4.28742 0 4.1849 10581 253 0.0369001
28.5886 73848 69504 0.122983 96.4048 4.28819 96.4048 4.18568 10583 253 0.0369004
28.6823 75296 70952 0.131988 5.56182 4.29235 5.56182 4.19017 10628 253 0.0379758
28.778 76744 72400 0.107168 6.17669 4.29862 6.17669 4.19678 10679 253 0.0348786
28.7792 78192 73848 0.101619 106.045 4.30287 106.045 4.20103 10690 253 0.0342465
28.8745 79640 75296 0.0963446 5.2275 4.30592 5.2275 4.20442 10733 253 0.0336962
28.972 81088 76744 0.0968853 6.52988 4.31341 6.52988 4.21225 10788 253 0.033597
29.0707 82536 78192 0.109365 6.4583 4.32069 6.4583 4.21987 10843 253 0.0345349
29.1704 83984 79640 0.0992105 6.62057 4.32855 6.62057 4.22808 10900 253 0.0334973
29.1707 85432 81088 0.0993092 144.607 4.3297 144.607 4.22923 10903 253 0.0333671
29.271 86880 82536 0.111694 6.35002 4.33663 6.35002 4.2365 10958 253 0.0343565
29.3727 88328 83984 0.113214 6.72327 4.34489 6.72327 4.24511 11017 253 0.0343787
29.4755 89776 85432 0.102185 6.86997 4.3537 6.86997 4.25427 11078 253 0.0331896
29.5793 91224 86880 0.115272 6.80636 4.36231 6.80636 4.26323 11139 253 0.0343283
29.6839 92672 88328 0.104188 6.98104 4.37153 6.98104 4.2728 11202 253 0.0330894
29.896 94120 89776 0.105895 6.93678 4.38973 6.93678 4.2917 11329 253 0.0331071
30.0035 95568 91224 0.106761 7.00147 4.39909 7.00147 4.30141 11394 253 0.0330515
30.1144 97016 92672 0.110195 9.5047 4.41789 9.5047 4.32057 11485 253 0.0332489
30.3297 98464 94120 0.121652 5.75631 4.4274 5.75631 4.33077 11592 253 0.0343951
30.559 99912 95568 0.111002 10.0548 4.46961 10.0548 4.37371 11791 253 0.0330605
31.0018 101360 97016 0.126448 5.46773 4.48387 5.46773 4.38934 12000 253 0.03474
32.9224 102808 98464 0.0920325 7.46076 4.65754 7.46076 4.56852 13237 253 0.0312164
33.1092 104256 99912 0.095208 8.25086 4.6778 8.25086 4.58928 13370 253 0.0312959
33.3009 105704 101360 0.0969637 8.27535 4.69852 8.27535 4.61051 13507 253 0.0312889
33.4969 107152 102808 0.10087 8.09777 4.71841 8.09777 4.63092 13644 253 0.0314595
33.6966 108600 104256 0.100676 8.06274 4.73823 8.06274 4.65125 13783 253 0.0313105
33.9003 110048 105704 0.108573 8.01951 4.75794 8.01951 4.67149 13924 253 0.0318825
34.1077 111496 107152 0.104064 7.98719 4.77758 7.98719 4.69165 14067 253 0.0313323
34.221 112944 108600 0.105338 14.8236 4.81084 14.8236 4.7252 14212 253 0.0313139
34.4328 114392 110048 0.106949 8.03829 4.8307 8.03829 4.74558 14359 253 0.0313307
34.6472 115840 111496 0.108681 8.05175 4.85063 8.05175 4.76604 14508 253 0.0313647
34.8637 117288 112944 0.109152 8.07832 4.87067 8.07832 4.78661 14659 253 0.0312794
35.0828 118736 114392 0.111648 7.98526 4.89012 7.98526 4.80658 14810 253 0.0313999
35.3039 120184 115840 0.111168 8.12106 4.91036 8.12106 4.82734 14965 253 0.0312198
35.5262 121632 117288 0.115824 8.07716 4.93017 8.07716 4.84768 15120 253 0.0315875
35.6364 123080 118736 0.124957 6.83349 4.93606 6.83349 4.85382 15185 253 0.0325605
35.7492 124528 120184 0.112713 8.72674 4.94802 8.72674 4.86604 15270 253 0.0309899
35.7588 125976 121632 0.113007 97.6099 4.97293 97.6099 4.89097 15351 253 0.0308914
35.8623 127424 123080 0.125989 0.559842 4.9602 0.559842 4.87848 15356 253 0.032307
35.9759 128872 124528 0.126271 8.86598 4.97254 8.86598 4.89107 15443 253 0.0322153
35.9762 130320 125976 0.124737 144.607 4.97347 144.607 4.89201 15446 253 0.0318857
36.0897 131768 127424 0.114019 8.87536 4.98575 8.87536 4.90454 15533 253 0.0304845
36.09 133216 128872 0.114016 144.607 4.98668 144.607 4.90547 15536 253 0.0303562
36.2039 134664 130320 0.114006 9.05066 4.99947 9.05066 4.91851 15625 253 0.0302273
36.2041 136112 131768 0.11413 144.607 5.00039 144.607 4.91944 15628 253 0.0301132
36.3185 137560 133216 0.114418 9.21516 5.01367 9.21516 4.93297 15719 253 0.0300174
36.3187 139008 134664 0.114491 144.607 5.01459 144.607 4.9339 15722 253 0.0298984
36.4336 140456 136112 0.114906 9.37829 5.02835 9.37829 4.94791 15815 253 0.0298172
36.4339 141904 137560 0.114917 144.607 5.02927 144.607 4.94883 15818 253 0.0296922
36.4387 143352 139008 0.115265 98.8149 5.04164 98.8149 4.96121 15859 253 0.0296045
36.549 144800 140456 0.115219 5.77589 5.04386 5.77589 4.96367 15914 253 0.0294738
36.5492 146248 141904 0.115317 144.607 5.04477 144.607 4.96459 15917 253 0.0293592
36.6646 147696 143352 0.128938 9.7409 5.05955 9.7409 4.97962 16014 253 0.0309266
36.6648 149144 144800 0.127321 144.607 5.06046 144.607 4.98053 16017 253 0.0305814
36.6658 150592 146248 0.122636 108.455 5.06317 108.455 4.98324 16026 253 0.0298482
36.7805 152040 147696 0.129032 9.18622 5.07604 9.18622 4.99636 16117 253 0.0305662
36.7808 153488 149144 0.127403 144.607 5.07695 144.607 4.99727 16120 253 0.03022
36.7913 154936 150592 0.116562 97.5003 5.10351 97.5003 5.02385 16209 253 0.0287525
36.8971 156384 152040 0.116503 1.64326 5.0936 1.64326 5.01417 16224 253 0.0286225
36.8973 157832 153488 0.116565 144.607 5.09451 144.607 5.01508 16227 253 0.0285066
37.0139 159280 154936 0.129906 10.4356 5.11132 10.4356 5.03214 16332 253 0.0300711
37.0141 160728 156384 0.128293 144.607 5.11223 144.607 5.03305 16335 253 0.0297258
37.0144 162176 157832 0.126881 144.607 5.11314 144.607 5.03396 16338 253 0.0294129
37.0237 163624 159280 0.117352 97.6408 5.13656 97.6408 5.0574 16417 253 0.0281072
37.1309 165072 160728 0.130224 2.91808 5.13015 2.91808 5.05122 16444 253 0.0296278
37.1311 166520 162176 0.128696 144.607 5.13106 144.607 5.05213 16447 253 0.0292943
37.1319 167968 163624 0.124835 112.472 5.13314 112.472 5.05421 16454 253 0.0286579
37.2484 169416 165072 0.130727 10.4356 5.14973 10.4356 5.07105 16559 253 0.029336
37.2487 170864 166520 0.129136 144.607 5.15063 144.607 5.07195 16562 253 0.0289932
37.2489 172312 167968 0.127619 144.607 5.15153 144.607 5.07285 16565 253 0.0286658
37.3664 173760 169416 0.118005 11.1388 5.17036 11.1388 5.09193 16678 253 0.0273383
37.3667 175208 170864 0.118005 144.607 5.17126 144.607 5.09283 16681 253 0.0272188
37.3669 176656 172312 0.118004 144.607 5.17216 144.607 5.09372 16684 253 0.0270997
37.3671 178104 173760 0.118129 144.607 5.17305 144.607 5.09462 16687 253 0.0269953
37.4847 179552 175208 0.131488 11.1388 5.19176 11.1388 5.11357 16800 253 0.0286083
37.4849 181000 176656 0.129802 144.607 5.19265 144.607 5.11447 16803 253 0.0282519
37.4851 182448 178104 0.128452 144.607 5.19354 144.607 5.11536 16806 253 0.0279473
37.4921 183896 179552 0.119171 98.0669 5.21081 98.0669 5.13264 16865 253 0.0266452
37.6034 185344 181000 0.131992 6.35064 5.21418 6.35064 5.13624 16926 253 0.0282096
37.6036 186792 182448 0.130368 144.607 5.21507 144.607 5.13713 16929 253 0.0278613
37.6039 188240 183896 0.128947 144.607 5.21596 144.607 5.13802 16932 253 0.0275466
37.6115 189688 185344 0.119354 97.9111 5.23492 97.9111 5.15699 16997 253 0.0261994
37.7226 191136 186792 0.132483 6.15572 5.23763 6.15572 5.15993 17056 253 0.0278141
37.7228 192584 188240 0.130797 144.607 5.23851 144.607 5.16082 17059 253 0.0274568
37.7231 194032 189688 0.129448 144.607 5.2394 144.607 5.16171 17062 253 0.027152
37.7259 195480 191136 0.121494 100.422 5.24668 100.422 5.16899 17087 253 0.0259952
37.8423 196928 192584 0.132818 10.2579 5.26208 10.2579 5.18463 17190 253 0.0274012
37.8425 198376 194032 0.131215 144.607 5.26296 144.607 5.18552 17193 253 0.0270558
37.8427 199824 195480 0.129813 144.607 5.26385 144.607 5.1864 17196 253 0.0267438
37.843 201272 196928 0.128587 144.607 5.26473 144.607 5.18729 17199 253 0.0264599
37.9624 202720 198376 0.133488 12.5113 5.28753 12.5113 5.21033 17328 253 0.0270426
37.9627 204168 199824 0.131802 144.607 5.28842 144.607 5.21122 17331 253 0.0266842
37.9629 205616 201272 0.130327 144.607 5.2893 144.607 5.2121 17334 253 0.0263614
37.9631 207064 202720 0.129161 144.607 5.29018 144.607 5.21298 17337 253 0.0260859
37.967 208512 204168 0.121839 99.4174 5.29971 99.4174 5.22252 17370 253 0.0250141
38.0831 209960 205616 0.133975 10.0796 5.31428 10.0796 5.23732 17471 253 0.0265501
38.0833 211408 207064 0.132353 144.607 5.31516 144.607 5.2382 17474 253 0.0262009
38.0835 212856 208512 0.130934 144.607 5.31604 144.607 5.23908 17477 253 0.0258858
38.0838 214304 209960 0.129693 144.607 5.31692 144.607 5.23996 17480 253 0.0255998
38.0924 215752 211408 0.121394 97.7437 5.33791 97.7437 5.26097 17553 253 0.024401
38.2044 217200 212856 0.121287 6.93039 5.34258 6.93039 5.26587 17620 253 0.0242771
38.2047 218648 214304 0.121251 144.607 5.34345 144.607 5.26674 17623 253 0.0241622
38.2049 220096 215752 0.12122 144.607 5.34433 144.607 5.26762 17626 253 0.0240482
38.2051 221544 217200 0.121317 144.607 5.34521 144.607 5.2685 17629 253 0.0239503
38.2128 222992 218648 0.121832 97.9111 5.36383 97.9111 5.28714 17694 253 0.023904
38.3263 224440 220096 0.135059 8.06777 5.37184 8.06777 5.29537 17773 253 0.0256054
38.3265 225888 221544 0.133426 144.607 5.37271 144.607 5.29624 17776 253 0.0252541
38.3267 227336 222992 0.131998 144.607 5.37358 144.607 5.29712 17779 253 0.0249377
38.327 228784 224440 0.130748 144.607 5.37446 144.607 5.29799 17782 253 0.0246509
38.3284 230232 225888 0.126225 104.439 5.37818 104.439 5.30172 17795 253 0.0239232
38.4488 231680 227336 0.122612 13.1811 5.40262 13.1811 5.32639 17932 253 0.0233499
38.4491 233128 228784 0.12266 144.607 5.40349 144.607 5.32726 17935 253 0.0232485
38.4493 234576 230232 0.122703 144.607 5.40436 144.607 5.32813 17938 253 0.0231466
38.4495 236024 231680 0.12274 144.607 5.40523 144.607 5.329 17941 253 0.0230444
38.4498 237472 233128 0.122772 144.607 5.4061 144.607 5.32988 17944 253 0.0229419
38.4618 238920 234576 0.123205 97.3688 5.43483 97.3688 5.35863 18045 253 0.0228902
38.5717 240368 236024 0.136215 5.37338 5.43465 5.37338 5.35867 18096 253 0.024598
38.572 241816 237472 0.134563 144.607 5.43552 144.607 5.35954 18099 253 0.0242432
38.5722 243264 238920 0.133118 144.607 5.43639 144.607 5.36041 18102 253 0.0239244
38.5726 241816 240368 0.133118 160.095 5.43784 160.095 5.36186 18107 253 0.0238193
38.5727 240914 240368 0.133118 96.4048 5.43812 0 5.36184 18108 254 0.023817
38.5728 239014 237472 0.133118 0 5.4381 0 5.36182 18108 254 0.0240325
38.5729 238563 237472 0.133118 96.4048 5.43839 0 5.36181 18109 255 0.0240264
38.5731 236663 234576 0.133118 0 5.43837 0 5.36179 18109 255 0.0242442
38.5732 236212 234576 0.133118 96.4048 5.43865 0 5.36177 18110 256 0.0242381
38.5733 234312 233128 0.133118 96.4048 5.43894 0 5.36176 18111 257 0.0243504
38.5734 233861 231680 0.133118 0 5.43892 0 5.36174 18111 257 0.024451
38.5735 233410 231680 0.133118 96.4048 5.4392 0 5.36172 18112 258 0.024451
38.5737 232958 231680 0.133118 96.4048 5.43949 0 5.36171 18113 259 0.024451
38.5738 232507 230232 0.133118 0 5.43947 0 5.36169 18113 259 0.0245579
38.5739 232055 230232 0.133118 96.4048 5.43975 0 5.36167 18114 260 0.0245579
38.574 231604 230232 0.133118 96.4048 5.44004 0 5.36166 18115 261 0.0245579
38.5742 231152 228784 0.133118 0 5.44002 0 5.36164 18115 261 0.0246651
38.5743 230701 228784 0.133118 96.4048 5.4403 0 5.36162 18116 262 0.0246651
38.5744 230250 228784 0.133118 96.4048 5.44059 0 5.36161 18117 263 0.0246651
38.5745 229798 228784 0.133118 96.4048 5.44087 0 5.36159 18118 264 0.0246651
38.5746 227336 227336 0.133118 0 5.44085 0 5.36157 18118 264 0.024783
38.5748 225888 225888 0.133118 0 5.44084 0 5.36156 18118 264 0.0248837
38.5749 224440 224440 0.133118 0 5.44082 0 5.36154 18118 264 0.0249918
38.575 222992 222992 0.133118 0 5.4408 0 5.36152 18118 264 0.0251002
38.5751 221544 221544 0.133118 0 5.44079 0 5.36151 18118 264 0.0252088
38.5752 220096 220096 0.133118 0 5.44077 0 5.36149 18118 264 0.0253178
38.5754 218648 218648 0.133118 0 5.44075 0 5.36147 18118 264 0.0254271
38.5755 217200 217200 0.133118 0 5.44073 0 5.36146 18118 264 0.0255367
38.5756 215752 215752 0.133118 0 5.44072 0 5.36144 18118 264 0.0256465
38.5757 214304 214304 0.133118 0 5.4407 0 5.36142 18118 264 0.0257567
38.5758 212856 212856 0.133118 0 5.44068 0 5.36141 18118 264 0.0258672
38.576 211408 211408 0.133118 0 5.44067 0 5.36139 18118 264 0.025978
38.5761 209960 209960 0.133118 0 5.44065 0 5.36137 18118 264 0.026089
38.5762 208512 208512 0.133118 0 5.44063 0 5.36136 18118 264 0.0262004
38.5763 207064 207064 0.133118 0 5.44062 0 5.36134 18118 264 0.026312
38.5764 205616 205616 0.133118 0 5.4406 0 5.36132 18118 264 0.026424
38.5766 204676 204168 0.133118 0 5.44058 0 5.36131 18118 264 0.0265341
38.5767 204224 202720 0.133118 0 5.44057 0 5.36129 18118 264 0.0266455
38.5768 202720 202720 0.133118 96.4048 5.44085 0 5.36127 18119 265 0.0266491
38.5769 201272 201272 0.133118 0 5.44083 0 5.36126 18119 265 0.0267617
38.577 199824 199824 0.133118 0 5.44081 0 5.36124 18119 265 0.0268748
38.5772 198376 198376 0.133118 0 5.4408 0 5.36122 18119 265 0.0269883
38.5773 196928 196928 0.133118 0 5.44078 0 5.36121 18119 265 0.027102
38.5774 195480 195480 0.133118 0 5.44076 0 5.36119 18119 265 0.0272161
38.5775 194032 194032 0.133118 0 5.44075 0 5.36117 18119 265 0.0273304
38.5776 192584 192584 0.133118 0 5.44073 0 5.36116 18119 265 0.0274451
38.5778 191136 191136 0.133118 0 5.44071 0 5.36114 18119 265 0.02756
38.5779 189688 189688 0.133118 0 5.4407 0 5.36112 18119 265 0.0276752
38.578 188240 188240 0.133118 0 5.44068 0 5.36111 18119 265 0.0277908
38.5781 186792 186792 0.133118 0 5.44066 0 5.36109 18119 265 0.0279066
38.5782 185344 185344 0.133118 0 5.44065 0 5.36107 18119 265 0.0280228
38.5784 183896 183896 0.133118 0 5.44063 0 5.36106 18119 265 0.0281392
38.5785 182448 182448 0.133118 0 5.44061 0 5.36104 18119 265 0.0282559
38.5786 181000 181000 0.133118 0 5.44059 0 5.36102 18119 265 0.028373
38.5787 179552 179552 0.133118 0 5.44058 0 5.36101 18119 265 0.0284903
38.5788 178104 178104 0.133118 0 5.44056 0 5.36099 18119 265 0.0286079
38.579 176656 176656 0.133118 0 5.44054 0 5.36097 18119 265 0.0287258
38.5791 175208 175208 0.133118 0 5.44053 0 5.36096 18119 265 0.0288441
38.5792 173760 173760 0.133118 0 5.44051 0 5.36094 18119 265 0.0289626
38.5793 172312 172312 0.133118 0 5.44049 0 5.36092 18119 265 0.0290814
38.5794 170864 170864 0.133118 0 5.44048 0 5.36091 18119 265 0.0292005
38.5796 169416 169416 0.133118 0 5.44046 0 5.36089 18119 265 0.0293199
38.5853 167968 166520 0.133118 94.3964 5.45376 0 5.36009 18166 312 0.0295596
38.6889 169416 166520 0.133118 6.37479 5.45622 0 5.34574 18223 369 0.0295596
38.696 170864 167968 0.133118 98.0659 5.47318 0 5.34476 18283 429 0.0294396
38.6962 172312 167968 0.130353 96.4048 5.47375 96.4048 5.34532 18285 429 0.029043
38.6989 173760 169416 0.115214 100.787 5.48026 100.787 5.35184 18308 429 0.0270223
38.7982 175208 170864 0.123962 2.68115 5.47309 2.68115 5.345 18331 429 0.0279454
38.7985 176656 172312 0.122342 144.607 5.47395 144.607 5.34587 18334 429 0.0276217
38.8023 178104 173760 0.112287 99.4174 5.48326 99.4174 5.35519 18367 429 0.0263503
38.91 179552 175208 0.111055 9.36073 5.49399 9.36073 5.36627 18454 429 0.0261044
38.9102 181000 176656 0.111173 144.607 5.49485 144.607 5.36713 18457 429 0.0259983
38.9105 182448 178104 0.111276 144.607 5.49571 144.607 5.36799 18460 429 0.025891
39.0225 183896 179552 0.12447 12.3092 5.51526 12.3092 5.38791 18579 429 0.0273004
39.0227 185344 181000 0.123036 144.607 5.51612 144.607 5.38877 18582 429 0.0270003
39.0237 186792 182448 0.118799 108.455 5.51865 108.455 5.39131 18591 429 0.0263671
39.1359 188240 183896 0.112972 12.0764 5.53746 12.0764 5.41048 18708 429 0.025599
39.1361 189688 185344 0.113101 144.607 5.53831 144.607 5.41133 18711 429 0.0254962
39.1426 191136 186792 0.113893 98.1901 5.55367 98.1901 5.42671 18766 429 0.0254648
39.2499 192584 188240 0.126212 7.88079 5.56004 7.88079 5.43342 18839 429 0.0268286
39.2502 194032 189688 0.12481 144.607 5.56089 144.607 5.43427 18842 429 0.0265294
39.3649 195480 191136 0.114563 13.2241 5.58323 13.2241 5.45698 18973 429 0.0251909
39.3652 196928 192584 0.114743 144.607 5.58407 144.607 5.45783 18976 429 0.0250956
39.3654 198376 194032 0.114775 144.607 5.58492 144.607 5.45868 18979 429 0.0249845
39.481 199824 195480 0.1153 13.1279 5.60701 13.1279 5.48114 19110 429 0.024928
39.4812 201272 196928 0.115513 144.607 5.60785 144.607 5.48198 19113 429 0.0248375
39.4954 202720 198376 0.116611 97.2218 5.64074 97.2218 5.51492 19232 429 0.0248469
39.5974 204168 199824 0.129082 1.93037 5.63118 1.93037 5.50568 19249 429 0.0263009
39.5977 205616 201272 0.127572 144.607 5.63203 144.607 5.50653 19252 429 0.0259814
39.7151 207064 202720 0.117107 13.7157 5.65592 13.7157 5.53079 19391 429 0.0245638
39.7153 208512 204168 0.117219 144.607 5.65676 144.607 5.53163 19394 429 0.024464
39.8334 209960 205616 0.11778 13.8282 5.68099 13.8282 5.55624 19535 429 0.0244164
39.8337 211408 207064 0.117808 144.607 5.68183 144.607 5.55707 19538 429 0.0243076
39.9525 212856 208512 0.118773 13.9392 5.70639 13.9392 5.58201 19681 429 0.0243084
39.9527 214304 209960 0.118801 144.607 5.70723 144.607 5.58284 19684 429 0.0242004
40.0724 215752 211408 0.119316 14.0348 5.7321 14.0348 5.60809 19829 429 0.0241502
40.0727 217200 212856 0.119402 144.607 5.73293 144.607 5.60892 19832 429 0.0240495
40.1932 218648 214304 0.120265 14.1291 5.75811 14.1291 5.63447 19979 429 0.0240423
40.1934 220096 215752 0.120356 144.607 5.75894 144.607 5.6353 19982 429 0.0239432
40.3144 221544 217200 0.121 14.2645 5.78447 14.2645 5.6612 20131 429 0.0239114
40.318 222992 218648 0.121428 99.6183 5.79286 99.6183 5.6696 20162 429 0.0238543
40.4369 224440 220096 0.121583 11.9897 5.81107 11.9897 5.68817 20285 429 0.0237641
40.5599 225888 221544 0.122696 14.5925 5.83771 14.5925 5.71519 20440 429 0.0237934
40.5602 227336 222992 0.122859 144.607 5.83853 144.607 5.71601 20443 429 0.0237052
40.6766 228784 224440 0.135541 15.2218 5.86539 15.2218 5.74322 20596 429 0.0253521
40.7826 230232 225888 0.128074 17.1605 5.89474 17.1605 5.77289 20753 429 0.0241715
40.8895 231680 227336 0.106343 17.2229 5.92437 17.2229 5.80283 20912 429 0.0215774
40.998 233128 228784 0.118473 16.9749 5.95362 16.9749 5.8324 21071 429 0.0227413
41.1074 234576 230232 0.108766 17.0562 5.98315 17.0562 5.86226 21232 429 0.0215932
41.218 236024 231680 0.121014 16.8525 6.01233 16.8525 5.89177 21393 429 0.0228308
41.3443 237472 233128 0.112122 25.9587 6.07326 25.9587 5.95306 21676 429 0.0217183
41.5565 238920 234576 0.112927 11.3 6.09995 11.3 5.98036 21883 429 0.0216965
41.7878 240368 236024 0.127523 16.4765 6.15739 16.4765 6.03846 22212 429 0.0233486
42.0225 241816 237472 0.117018 16.339 6.21425 16.339 6.09599 22543 429 0.0219346
42.3817 243264 238920 0.132426 16.0943 6.29797 16.0943 6.18072 23042 429 0.0238237
45.0227 244712 240368 0.113731 17.6809 6.96569 17.6809 6.85531 27073 429 0.02136
45.3752 246160 241816 0.11612 18.4332 7.05478 18.4332 6.94526 27634 429 0.0215177
45.7183 247608 243264 0.116833 15.2965 7.11663 15.2965 7.00793 28087 429 0.0214937
45.8355 249056 244712 0.117049 16.8906 7.14163 16.8906 7.03321 28258 429 0.0214141
46.0712 250504 246160 0.117824 16.8622 7.19135 16.8622 7.08349 28601 429 0.0213992
46.1895 251952 247608 0.118017 16.932 7.21631 16.932 7.10872 28774 429 0.021318
46.308 253400 249056 0.130824 16.9148 7.24112 16.9148 7.13381 28947 429 0.0228647
46.427 254848 250504 0.118667 17.0413 7.26624 17.0413 7.1592 29122 429 0.0211875
46.5462 256296 251952 0.131542 17.0069 7.29118 17.0069 7.18441 29297 429 0.0227613
46.6657 257744 253400 0.119421 17.1494 7.31644 17.1494 7.20994 29474 429 0.0210714
46.6837 259192 254848 0.1199 97.0475 7.35108 97.0475 7.24463 29625 429 0.0210264
46.7856 260640 256296 0.132091 3.06949 7.34176 3.06949 7.23554 29652 429 0.0225337
46.9059 262088 257744 0.132688 17.2392 7.36714 17.2392 7.26119 29831 429 0.0225186
47.0264 263536 259192 0.120624 17.3971 7.39284 17.3971 7.28717 30012 429 0.0208091
47.0267 264984 260640 0.120671 144.607 7.39354 144.607 7.28787 30015 429 0.0207139
47.1472 266432 262088 0.133113 17.2048 7.41862 17.2048 7.31322 30194 429 0.0222778
47.1549 267880 263536 0.121358 97.9111 7.43338 97.9111 7.32799 30259 429 0.0205968
47.2683 269328 264984 0.133674 12.1527 7.44471 12.1527 7.33957 30378 429 0.0221599
47.2868 270776 266432 0.121559 97.0308 7.47976 97.0308 7.37467 30533 429 0.0204217
47.39 272224 267880 0.134127 3.4791 7.47105 3.4791 7.36618 30564 429 0.0220276
47.4098 273672 269328 0.122079 96.9926 7.50826 96.9926 7.40344 30729 429 0.0202874
47.512 275120 270776 0.134692 2.60553 7.49771 2.60553 7.39311 30752 429 0.0219136
47.525 276568 272224 0.12218 97.2974 7.52223 97.2974 7.41766 30861 429 0.0201026
47.6346 278016 273672 0.134919 8.56227 7.52462 8.56227 7.4203 30942 429 0.0217508
47.6348 279464 275120 0.133304 144.607 7.52531 144.607 7.42099 30945 429 0.0214135
47.7573 280912 276568 0.135519 17.8808 7.55186 17.8808 7.4478 31134 429 0.0216456
47.7575 282360 278016 0.133954 144.607 7.55255 144.607 7.4485 31137 429 0.0213143
47.8803 283808 279464 0.135737 18.0169 7.57939 18.0169 7.4756 31328 429 0.0214841
47.8808 282360 280912 0.134145 144.215 7.58077 144.215 7.47698 31334 429 0.0211487
47.8809 281468 280912 0.134145 96.4048 7.58099 0 7.47696 31335 430 0.0211464
47.881 279574 278016 0.134145 0 7.58097 0 7.47694 31335 430 0.0213452
47.8811 279128 278016 0.134145 96.4048 7.58119 0 7.47692 31336 431 0.0213392
47.8813 278682 276568 0.134145 0 7.58117 0 7.4769 31336 431 0.0214365
47.8814 278236 276568 0.134145 96.4048 7.5814 0 7.47688 31337 432 0.0214365
47.8815 277790 276568 0.134145 96.4048 7.58162 0 7.47686 31338 433 0.0214365
47.8816 277344 275120 0.134145 0 7.5816 0 7.47685 31338 433 0.0215342
47.8817 276898 275120 0.134145 96.4048 7.58182 0 7.47683 31339 434 0.0215342
47.8819 276451 275120 0.134145 96.4048 7.58205 0 7.47681 31340 435 0.0215342
47.882 276005 273672 0.134145 0 7.58203 0 7.47679 31340 435 0.0216321
47.8821 275559 273672 0.134145 96.4048 7.58225 0 7.47677 31341 436 0.0216321
47.8822 275113 273672 0.134145 96.4048 7.58247 0 7.47675 31342 437 0.0216321
47.8823 274667 272224 0.134145 0 7.58246 0 7.47673 31342 437 0.0217303
47.8825 272224 272224 0.134145 96.4048 7.58268 0 7.47671 31343 438 0.0217406
47.8826 270776 270776 0.134145 0 7.58266 0 7.4767 31343 438 0.0218323
47.8827 269328 269328 0.134145 0 7.58264 0 7.47668 31343 438 0.0219311
47.8828 267880 267880 0.134145 0 7.58262 0 7.47666 31343 438 0.0220302
47.8829 266432 266432 0.134145 0 7.5826 0 7.47664 31343 438 0.0221297
47.8831 264984 264984 0.134145 0 7.58258 0 7.47662 31343 438 0.0222294
47.8832 263536 263536 0.134145 0 7.58256 0 7.4766 31343 438 0.0223294
47.8833 262088 262088 0.134145 0 7.58254 0 7.47658 31343 438 0.0224298
47.8834 260640 260640 0.134145 0 7.58253 0 7.47656 31343 438 0.0225304
47.8835 259192 259192 0.134145 0 7.58251 0 7.47655 31343 438 0.0226313
47.8837 257744 257744 0.134145 0 7.58249 0 7.47653 31343 438 0.0227326
47.8838 256296 256296 0.134145 0 7.58247 0 7.47651 31343 438 0.0228341
47.8839 254848 254848 0.134145 0 7.58245 0 7.47649 31343 438 0.0229359
47.884 253441 253400 0.134145 0 7.58243 0 7.47647 31343 438 0.0230378
47.8841 252995 251952 0.134145 0 7.58241 0 7.47645 31343 438 0.0231371
47.8843 250504 250504 0.134145 0 7.58239 0 7.47643 31343 438 0.0232505
47.8844 249056 249056 0.134145 0 7.58237 0 7.47641 31343 438 0.0233462
47.8845 247608 247608 0.134145 0 7.58235 0 7.4764 31343 438 0.0234495
47.8846 246160 246160 0.134145 0 7.58234 0 7.47638 31343 438 0.0235531
47.8847 244712 244712 0.134145 0 7.58232 0 7.47636 31343 438 0.023657
47.8849 243264 243264 0.134145 0 7.5823 0 7.47634 31343 438 0.0237612
47.885 241816 241816 0.134145 0 7.58228 0 7.47632 31343 438 0.0238657
47.8851 240368 240368 0.134145 0 7.58226 0 7.4763 31343 438 0.0239705
47.8852 238920 238920 0.134145 0 7.58224 0 7.47628 31343 438 0.0240756
47.8853 237472 237472 0.134145 0 7.58222 0 7.47626 31343 438 0.024181
47.8855 236024 236024 0.134145 0 7.5822 0 7.47625 31343 438 0.0242867
47.8856 234576 234576 0.134145 0 7.58218 0 7.47623 31343 438 0.0243927
47.8857 233128 233128 0.134145 0 7.58216 0 7.47621 31343 438 0.024499
47.8858 231769 231680 0.134145 0 7.58215 0 7.47619 31343 438 0.0246052
47.8859 231323 230232 0.134145 0 7.58213 0 7.47617 31343 438 0.0247091
47.8861 228784 228784 0.134145 0 7.58211 0 7.47615 31343 438 0.0248274
47.8862 227336 227336 0.134145 0 7.58209 0 7.47613 31343 438 0.0249272
47.8863 225888 225888 0.134145 0 7.58207 0 7.47611 31343 438 0.0250349
47.8864 224440 224440 0.134145 0 7.58205 0 7.4761 31343 438 0.025143
47.8865 222992 222992 0.134145 0 7.58203 0 7.47608 31343 438 0.0252514
47.8867 221544 221544 0.134145 0 7.58201 0 7.47606 31343 438 0.0253601
47.8868 220096 220096 0.134145 0 7.58199 0 7.47604 31343 438 0.0254691
47.8869 218648 218648 0.134145 0 7.58197 0 7.47602 31343 438 0.0255783
47.887 217200 217200 0.134145 0 7.58196 0 7.476 31343 438 0.0256879
47.8872 215752 215752 0.134145 0 7.58194 0 7.47598 31343 438 0.0257978
47.8873 214304 214304 0.134145 0 7.58192 0 7.47596 31343 438 0.025908
47.8874 212856 212856 0.134145 0 7.5819 0 7.47595 31343 438 0.0260184
47.8875 211408 211408 0.134145 0 7.58188 0 7.47593 31343 438 0.0261292
47.8876 210097 209960 0.134145 0 7.58186 0 7.47591 31343 438 0.0262396
47.8878 209651 208512 0.134145 0 7.58184 0 7.47589 31343 438 0.0263483
47.8879 207064 207064 0.134145 0 7.58182 0 7.47587 31343 438 0.0264715
47.888 205616 205616 0.134145 0 7.5818 0 7.47585 31343 438 0.0265753
47.8881 204168 204168 0.134145 0 7.58178 0 7.47583 31343 438 0.0266875
47.8882 202720 202720 0.134145 0 7.58176 0 7.47581 31343 438 0.0268001
47.8884 201272 201272 0.134145 0 7.58175 0 7.4758 31343 438 0.0269129
47.8885 199824 199824 0.134145 0 7.58173 0 7.47578 31343 438 0.0270261
47.8886 198376 198376 0.134145 0 7.58171 0 7.47576 31343 438 0.0271395
48.0038 195480 194032 0.134145 12.5657 7.59367 0 7.45781 31468 563 0.0274929
48.0039 198376 194032 0.134145 96.9307 7.59389 0 7.45779 31469 564 0.0274929
48.1099 199824 196928 0.134145 14.9746 7.61015 0 7.44137 31606 701 0.0272533
48.1102 201272 196928 0.130752 96.4048 7.6106 96.4048 7.44181 31608 701 0.0267616
48.1104 202720 198376 0.127658 144.607 7.61128 144.607 7.44249 31611 701 0.0262196
48.2161 204168 199824 0.106398 14.3512 7.62606 14.3512 7.45765 31742 701 0.0236814
48.2164 205616 201272 0.106473 144.607 7.62674 144.607 7.45833 31745 701 0.0235752
48.2166 207064 202720 0.106539 144.607 7.62743 144.607 7.45901 31748 701 0.0234685
48.2315 208512 204168 0.106989 97.1823 7.65509 97.1823 7.48673 31873 701 0.023398
48.3234 209960 205616 0.106995 1.63825 7.64365 1.63825 7.47561 31886 701 0.0232863
48.3237 211408 207064 0.106996 144.607 7.64433 144.607 7.47629 31889 701 0.0231744
48.3297 212856 208512 0.107827 98.3329 7.6556 98.3329 7.48758 31940 701 0.0231416
48.4323 214304 209960 0.107949 10.4984 7.66163 10.4984 7.49396 32033 701 0.0230419
48.4326 215752 211408 0.10808 144.607 7.66231 144.607 7.49464 32036 701 0.0229434
48.4328 217200 212856 0.108195 144.607 7.66298 144.607 7.49532 32039 701 0.0228437
48.5423 218648 214304 0.120855 15.1327 7.67983 15.1327 7.51254 32182 701 0.0241139
48.5425 220096 215752 0.119498 144.607 7.68051 144.607 7.51322 32185 701 0.0238404
48.5427 221544 217200 0.118311 144.607 7.68119 144.607 7.5139 32188 701 0.0235906
48.6535 222992 218648 0.11054 15.3704 7.69869 15.3704 7.53179 32335 701 0.0226351
48.6538 224440 220096 0.110597 144.607 7.69937 144.607 7.53247 32338 701 0.0225317
48.654 225888 221544 0.110773 144.607 7.70005 144.607 7.53315 32341 701 0.0224405
48.7654 227336 222992 0.123449 15.4955 7.71785 15.4955 7.55133 32490 701 0.0237798
48.7656 228784 224440 0.122018 144.607 7.71853 144.607 7.55201 32493 701 0.0234918
48.7668 230232 225888 0.117222 106.045 7.72095 106.045 7.55444 32504 701 0.0228119
48.8786 231680 227336 0.112345 15.0309 7.73766 15.0309 7.57153 32649 701 0.0221697
48.8788 233128 228784 0.112427 144.607 7.73834 144.607 7.5722 32652 701 0.0220708
48.8901 234576 230232 0.113647 97.4304 7.75906 97.4304 7.59296 32747 701 0.022093
48.9925 236024 231680 0.125634 7.12852 7.75774 7.12852 7.59199 32810 701 0.023416
48.9927 237472 233128 0.12418 144.607 7.75841 144.607 7.59266 32813 701 0.0231206
49.1076 238920 234576 0.114484 16.2355 7.77824 16.2355 7.61288 32974 701 0.0218637
49.1079 240368 236024 0.114548 144.607 7.77891 144.607 7.61355 32977 701 0.0217648
49.1124 241816 237472 0.115274 98.9418 7.78739 98.9418 7.62204 33016 701 0.0217387
49.2234 243264 238920 0.115402 13.0418 7.79924 13.0418 7.63427 33141 701 0.0216475
49.2237 244712 240368 0.115477 144.607 7.79991 144.607 7.63494 33144 701 0.0215507
49.34 246160 241816 0.128419 16.4326 7.82026 16.4326 7.65568 33309 701 0.0230493
49.3402 247608 243264 0.126991 144.607 7.82092 144.607 7.65634 33312 701 0.0227516
49.4574 249056 244712 0.129164 16.5124 7.84151 16.5124 7.67732 33479 701 0.0229432
49.4576 250504 246160 0.127644 144.607 7.84218 144.607 7.67799 33482 701 0.0226313
49.4699 251952 247608 0.117761 97.3499 7.86435 97.3499 7.7002 33585 701 0.0212883
49.5754 253400 249056 0.130164 7.35663 7.86327 7.35663 7.69947 33652 701 0.0227717
49.5852 254848 250504 0.118612 97.5805 7.8811 97.5805 7.71733 33735 701 0.0211811
49.6945 256296 251952 0.118561 9.8632 7.88546 9.8632 7.72205 33828 701 0.0210724
49.7082 257744 253400 0.119359 97.2504 7.91008 97.2504 7.74672 33943 701 0.021064
49.8143 259192 254848 0.119382 6.87826 7.90788 6.87826 7.74487 34006 701 0.0209646
49.9347 260640 256296 0.12003 17.222 7.93034 17.222 7.76772 34185 701 0.0209402
49.9349 262088 257744 0.120026 144.607 7.931 144.607 7.76838 34188 701 0.0208382
50.0559 263536 259192 0.133047 16.945 7.95279 16.945 7.79056 34365 701 0.0224698
50.0586 264984 260640 0.12441 100.787 7.95769 100.787 7.79547 34388 701 0.0211816
50.1776 266432 262088 0.134291 15.4676 7.97551 15.4676 7.81368 34547 701 0.0224514
50.3001 267880 263536 0.134848 17.3131 7.99824 17.3131 7.83681 34730 701 0.0224342
50.3111 269328 264984 0.122676 97.4527 8.0179 97.4527 7.8565 34823 701 0.0206603
50.4231 270776 266432 0.12259 9.61979 8.02146 9.61979 7.86041 34916 701 0.0205497
50.4347 269328 267880 0.12329 98.4076 8.04213 98.4076 7.88112 35014 701 0.0205384
50.4348 268424 267880 0.12329 96.4048 8.04234 0 7.8811 35015 702 0.0205361
50.4349 267972 266432 0.12329 0 8.04232 0 7.88109 35015 702 0.0206345
50.435 267520 266432 0.12329 96.4048 8.04253 0 7.88107 35016 703 0.0206345
50.4351 267068 264984 0.12329 0 8.04251 0 7.88105 35016 703 0.0207342
50.4353 266616 264984 0.12329 96.4048 8.04272 0 7.88103 35017 704 0.0207342
50.4354 266164 264984 0.12329 96.4048 8.04294 0 7.88101 35018 705 0.0207342
50.4355 265712 263536 0.12329 0 8.04292 0 7.88099 35018 705 0.0208343
50.4356 265260 263536 0.12329 96.4048 8.04313 0 7.88097 35019 706 0.0208343
50.4357 264808 263536 0.12329 96.4048 8.04334 0 7.88095 35020 707 0.0208343
50.4359 264356 262088 0.12329 0 8.04332 0 7.88094 35020 707 0.0209346
50.436 263904 262088 0.12329 96.4048 8.04353 0 7.88092 35021 708 0.0209346
50.4361 263452 262088 0.12329 96.4048 8.04374 0 7.8809 35022 709 0.0209346
50.4362 263000 260640 0.12329 0 8.04372 0 7.88088 35022 709 0.0210352
50.4363 262548 260640 0.12329 96.4048 8.04393 0 7.88086 35023 710 0.0210352
50.4365 260640 260640 0.12329 96.4048 8.04414 0 7.88084 35024 711 0.0210413
50.4366 259192 259192 0.12329 0 8.04412 0 7.88082 35024 711 0.0211395
50.4367 257744 257744 0.12329 0 8.0441 0 7.8808 35024 711 0.0212407
50.4368 256296 256296 0.12329 0 8.04408 0 7.88079 35024 711 0.0213422
50.4369 254848 254848 0.12329 0 8.04406 0 7.88077 35024 711 0.0214441
50.4371 253400 253400 0.12329 0 8.04404 0 7.88075 35024 711 0.0215462
50.4372 251952 251952 0.12329 0 8.04403 0 7.88073 35024 711 0.0216486
50.4373 250504 250504 0.12329 0 8.04401 0 7.88071 35024 711 0.0217513
50.4374 249056 249056 0.12329 0 8.04399 0 7.88069 35024 711 0.0218543
50.4375 247608 247608 0.12329 0 8.04397 0 7.88067 35024 711 0.0219576
50.4377 246160 246160 0.12329 0 8.04395 0 7.88065 35024 711 0.0220613
50.4378 244712 244712 0.12329 0 8.04393 0 7.88064 35024 711 0.0221652
50.4379 243264 243264 0.12329 0 8.04391 0 7.88062 35024 711 0.0222694
50.438 241816 241816 0.12329 0 8.04389 0 7.8806 35024 711 0.0223739
50.4381 240368 240368 0.12329 0 8.04387 0 7.88058 35024 711 0.0224787
50.4383 239622 238920 0.12329 0 8.04385 0 7.88056 35024 711 0.022581
50.4384 237472 237472 0.12329 0 8.04383 0 7.88054 35024 711 0.0226937
50.4385 236024 236024 0.12329 0 8.04381 0 7.88052 35024 711 0.0227949
50.4386 234576 234576 0.12329 0 8.0438 0 7.8805 35024 711 0.0229009
50.4387 233128 233128 0.12329 0 8.04378 0 7.88049 35024 711 0.0230072
50.4389 231680 231680 0.12329 0 8.04376 0 7.88047 35024 711 0.0231138
50.439 230232 230232 0.12329 0 8.04374 0 7.88045 35024 711 0.0232207
50.4391 228784 228784 0.12329 0 8.04372 0 7.88043 35024 711 0.0233278
50.4392 227336 227336 0.12329 0 8.0437 0 7.88041 35024 711 0.0234353
50.4393 225888 225888 0.12329 0 8.04368 0 7.88039 35024 711 0.0235431
50.4395 224440 224440 0.12329 0 8.04366 0 7.88037 35024 711 0.0236512
50.4396 222992 222992 0.12329 0 8.04364 0 7.88035 35024 711 0.0237596
50.4397 221544 221544 0.12329 0 8.04362 0 7.88033 35024 711 0.0238683
50.4398 220096 220096 0.12329 0 8.0436 0 7.88032 35024 711 0.0239772
50.4399 218648 218648 0.12329 0 8.04359 0 7.8803 35024 711 0.0240865
50.4401 217200 217200 0.12329 0 8.04357 0 7.88028 35024 711 0.0241961
50.4402 216696 215752 0.12329 0 8.04355 0 7.88026 35024 711 0.0243027
50.4403 214304 214304 0.12329 0 8.04353 0 7.88024 35024 711 0.0244226
50.4404 212856 212856 0.12329 0 8.04351 0 7.88022 35024 711 0.0245266
50.4405 211408 211408 0.12329 0 8.04349 0 7.8802 35024 711 0.0246374
50.4407 209960 209960 0.12329 0 8.04347 0 7.88018 35024 711 0.0247484
50.4408 208512 208512 0.12329 0 8.04345 0 7.88017 35024 711 0.0248598
50.4409 207064 207064 0.12329 0 8.04343 0 7.88015 35024 711 0.0249715
50.441 205616 205616 0.12329 0 8.04341 0 7.88013 35024 711 0.0250834
50.4412 204168 204168 0.12329 0 8.04339 0 7.88011 35024 711 0.0251957
50.4413 202720 202720 0.12329 0 8.04337 0 7.88009 35024 711 0.0253082
50.4414 201272 201272 0.12329 0 8.04336 0 7.88007 35024 711 0.0254211
50.4415 199824 199824 0.12329 0 8.04334 0 7.88005 35024 711 0.0255342
50.4416 198376 198376 0.12329 0 8.04332 0 7.88003 35024 711 0.0256477
50.4418 196928 196928 0.12329 0 8.0433 0 7.88002 35024 711 0.0257614
50.4419 195480 195480 0.12329 0 8.04328 0 7.88 35024 711 0.0258755
50.442 194222 194032 0.12329 0 8.04326 0 7.87998 35024 711 0.0259889
50.4421 193770 192584 0.12329 0 8.04324 0 7.87996 35024 711 0.0261011
50.4422 191136 191136 0.12329 0 8.04322 0 7.87994 35024 711 0.026228
50.4424 189688 189688 0.12329 0 8.0432 0 7.87992 35024 711 0.0263347
50.4425 188240 188240 0.12329 0 8.04318 0 7.8799 35024 711 0.0264502
50.5467 186792 185344 0.12329 2.89101 8.03256 0 7.86366 35050 737 0.0266822
50.5578 188240 185344 0.12329 96.4104 8.0521 0 7.86192 35143 830 0.0266822
50.652 189688 186792 0.12329 4.54975 8.04558 0 7.8473 35180 867 0.026566
50.6523 191136 186792 0.121129 96.4048 8.046 96.4048 7.84772 35182 867 0.0262971
50.7573 192584 188240 0.116825 13.7879 8.05788 13.7879 7.86001 35307 867 0.0256736
50.7575 194032 189688 0.115472 144.607 8.05853 144.607 7.86066 35310 867 0.0254061
50.8644 195480 191136 0.106089 14.2059 8.07144 14.2059 7.87399 35441 867 0.024338
50.8646 196928 192584 0.106203 144.607 8.07208 144.607 7.87463 35444 867 0.0242336
50.9721 198376 194032 0.107474 14.3261 8.08528 14.3261 7.88824 35577 867 0.024238
50.9724 199824 195480 0.10754 144.607 8.08592 144.607 7.88889 35580 867 0.0241299
51.0809 201272 196928 0.108 14.4127 8.09936 14.4127 7.90275 35715 867 0.0240598
51.0879 202720 198376 0.108979 98.0669 8.11164 98.0669 7.91505 35774 867 0.024041
51.1905 204168 199824 0.109125 9.14378 8.1137 9.14378 7.91751 35855 867 0.0239419
51.3004 205616 201272 0.109876 14.8558 8.12815 14.8558 7.93238 35996 867 0.023903
51.3007 207064 202720 0.109891 144.607 8.12879 144.607 7.93302 35999 867 0.0237917
51.411 208512 204168 0.121767 14.5972 8.14267 14.5972 7.94732 36138 867 0.0250052
51.5225 209960 205616 0.12288 14.8555 8.1572 14.8555 7.96227 36281 867 0.0250317
51.5227 211408 207064 0.12152 144.607 8.15784 144.607 7.96291 36284 867 0.0247506
51.6348 212856 208512 0.111825 14.7759 8.17221 14.7759 7.9777 36427 867 0.02354
51.7479 214304 209960 0.112582 15.06 8.18726 15.06 7.99317 36574 867 0.0235077
51.8612 215752 211408 0.125314 15.0281 8.2022 15.0281 8.00854 36721 867 0.0248977
51.9754 217200 212856 0.11366 15.1203 8.2174 15.1203 8.02416 36870 867 0.0234004
52.09 218648 214304 0.12635 15.0569 8.23245 15.0569 8.03964 37019 867 0.0248128
52.2051 220096 215752 0.115081 15.1953 8.2478 15.1953 8.05542 37170 867 0.0233343
52.3205 221544 217200 0.127447 15.1637 8.26305 15.1637 8.07109 37321 867 0.0247395
52.4366 222992 218648 0.115712 15.2533 8.27854 15.2533 8.08701 37474 867 0.0231847
52.5549 224440 220096 0.120616 16.5573 8.29716 16.5573 8.10606 37643 867 0.0236459
52.7876 225888 221544 0.129752 14.5827 8.32488 14.5827 8.13462 37936 867 0.024728
53.0239 227336 222992 0.118219 15.2502 8.35573 15.2502 8.16632 38247 867 0.0231434
53.381 228784 224440 0.131685 15.2133 8.40161 15.2133 8.21346 38716 867 0.0247843
