0.340049 14480 0 0 0 0 0 0 0 0 0.0439727
0.385431 18824 13032 0.040625 2.55258 0.300547 2.55258 0.300547 10 0 0.0390309
0.385671 20272 15928 0.0411719 192.81 0.420503 192.81 0.420503 14 0 0.0386773
0.385912 21720 17376 0.0416504 144.607 0.510293 144.607 0.510293 17 0 0.0385085
0.386152 23168 18824 0.0421941 144.607 0.599971 144.607 0.599971 20 0 0.0383381
0.386392 24616 20272 0.0426698 144.607 0.689538 144.607 0.689538 23 0 0.0381709
0.43821 26064 21720 0.0495861 0.670653 0.687305 0.670653 0.687305 26 0 0.0378289
0.438451 27512 23168 0.0500128 144.607 0.766189 144.607 0.766189 29 0 0.0376704
0.438691 28960 24616 0.0503862 144.607 0.844986 144.607 0.844986 32 0 0.0375135
0.438931 30408 26064 0.050713 144.607 0.923698 144.607 0.923698 35 0 0.0373581
0.439172 31856 27512 0.0511238 144.607 1.00232 144.607 1.00232 38 0 0.0372017
0.439412 33304 28960 0.0514834 144.607 1.08086 144.607 1.08086 41 0 0.0370468
0.439652 34752 30408 0.0516729 144.607 1.15932 144.607 1.15932 44 0 0.0368953
0.439893 36200 31856 0.0518388 144.607 1.23768 144.607 1.23768 47 0 0.0367445
0.513555 33304 33304 0.0703624 3.61692 1.57895 3.61692 1.57895 70 0 0.0366487
0.595148 28960 30408 0.0815495 3.12341 1.79069 3.12341 1.79069 92 0 0.0373202
0.700409 26064 26064 0.0714902 2.09097 1.83582 2.09097 1.83582 111 0 0.0374151
0.702571 27512 23168 0.0570277 85.6931 2.09398 85.6931 2.09398 127 0 0.0375795
0.753519 30408 24616 0.053223 3.86529 2.21374 3.86529 2.21374 144 0 0.0374782
0.811677 31856 27512 0.0588202 3.98367 2.34056 3.98367 2.34056 164 0 0.0371243
0.875722 30408 28960 0.0652306 3.79831 2.44717 3.79831 2.44717 185 0 0.0370017
0.939887 28960 27512 0.0644504 3.43013 2.51428 3.43013 2.51428 204 0 0.0371427
1.00129 27512 26064 0.0663108 3.58452 2.57991 3.58452 2.57991 223 0 0.0373117
1.06005 28960 24616 0.0615504 3.3515 2.62268 3.3515 2.62268 240 0 0.0374235
1.11796 30408 26064 0.0628792 3.80019 2.68368 3.80019 2.68368 259 0 0.0372802
1.17708 31856 27512 0.0601523 3.72295 2.73587 3.72295 2.73587 278 0 0.037123
1.23704 30408 28960 0.0643658 4.05712 2.79992 4.05712 2.79992 299 0 0.0369934
1.29784 31856 27512 0.0616185 3.61994 2.83833 3.61994 2.83833 318 0 0.0371256
1.35864 30408 28960 0.0660196 4.00099 2.89036 4.00099 2.89036 339 0 0.0370105
1.41909 31856 27512 0.0622112 3.64153 2.92236 3.64153 2.92236 358 0 0.0371278
1.47965 30408 28960 0.0667366 4.01687 2.96715 4.01687 2.96715 379 0 0.0370197
1.54021 31856 27512 0.0622981 3.63431 2.99339 3.63431 2.99339 398 0 0.0371282
1.60101 30408 28960 0.0676774 4.00099 3.03165 4.00099 3.03165 419 0 0.0370332
1.66205 31856 27512 0.0628817 3.60569 3.05273 3.60569 3.05273 438 0 0.0371312
1.72321 30408 28960 0.0690996 3.97741 3.08555 3.97741 3.08555 459 0 0.0370571
1.72561 31856 27512 0.063392 91.5846 3.2088 91.5846 3.2088 478 0 0.0371344
1.78702 33304 28960 0.0621551 3.96184 3.23468 3.96184 3.23468 499 0 0.0369789
1.84938 34752 30408 0.0624555 3.90077 3.25714 3.90077 3.25714 520 0 0.036832
1.91523 33304 31856 0.0675434 4.04619 3.28427 4.04619 3.28427 543 0 0.0367348
1.98107 31856 30408 0.0664803 3.69434 3.2979 3.69434 3.2979 564 0 0.036868
2.04788 28960 28960 0.0699085 3.64119 3.3091 3.64119 3.3091 585 0 0.0370837
2.11553 27512 26064 0.0683725 3.08221 3.30184 3.08221 3.30184 603 0 0.037342
2.18487 26064 24616 0.0687997 2.84035 3.2872 2.84035 3.2872 620 0 0.0374985
2.25696 23168 23168 0.0750648 2.73147 3.26944 2.73147 3.26944 637 0 0.0378088
2.33182 20272 20272 0.0745981 2.1664 3.23403 2.1664 3.23403 651 0 0.0380949
2.40884 17376 17376 0.0757535 1.80477 3.18833 1.80477 3.18833 663 0 0.0384311
2.48779 14480 14480 0.0771008 1.46735 3.13372 1.46735 3.13372 673 0 0.0387777
2.56721 13032 11584 0.0781509 1.16678 3.07287 1.16678 3.07287 681 0 0.0391071
2.61468 11584 10136 0.0746272 1.70844 3.0481 1.70844 3.0481 688 0 0.0391438
2.66166 10136 8688 0.0692747 1.72592 3.02476 1.72592 3.02476 695 0 0.0391684
2.66238 11584 7240 0.0619223 80.3373 3.04569 80.3373 3.04569 700 0 0.0392389
2.71165 13032 8688 0.057862 1.64594 3.02026 1.64594 3.02026 707 0 0.0390869
2.77437 14480 10136 0.0582181 1.29278 2.98121 1.29278 2.98121 714 0 0.038933
2.84935 13032 11584 0.0699001 1.39045 2.93935 1.39045 2.93935 723 0 0.0388757
2.92649 11584 10136 0.0723699 1.05114 2.88957 1.05114 2.88957 730 0 0.0390829
2.99835 13032 8688 0.0832703 1.12848 2.84737 1.12848 2.84737 737 0 0.0396239
2.99907 11584 10136 0.0795502 112.472 2.87372 112.472 2.87372 744 0 0.0393121
3.06552 10136 8688 0.074273 1.22031 2.83788 1.22031 2.83788 751 0 0.0392861
3.1298 11584 7240 0.0709778 0.900979 2.7981 0.900979 2.7981 756 0 0.0393557
3.19529 10136 8688 0.075364 1.23823 2.76613 1.23823 2.76613 763 0 0.0393184
3.2633 11584 7240 0.0728513 0.851632 2.72623 0.851632 2.72623 768 0 0.0394003
3.33299 10136 8688 0.0789219 1.16351 2.69355 1.16351 2.69355 775 0 0.0394404
3.40293 11584 7240 0.0759769 0.82822 2.65522 0.82822 2.65522 780 0 0.0394905
3.47214 13032 8688 0.0827248 1.17159 2.62565 1.17159 2.62565 787 0 0.0395988
3.47286 11584 10136 0.0782902 112.472 2.64845 112.472 2.64845 794 0 0.0392644
3.54171 10136 8688 0.074362 1.17772 2.61986 1.17772 2.61986 801 0 0.0392886
3.60996 11584 7240 0.0723578 0.848634 2.58637 0.848634 2.58637 806 0 0.0393879
3.67821 10136 8688 0.0775522 1.18809 2.56043 1.18809 2.56043 813 0 0.0393905
3.74695 11584 7240 0.0747293 0.842699 2.52892 0.842699 2.52892 818 0 0.0394521
3.81592 10136 8688 0.0802757 1.17567 2.50446 1.17567 2.50446 825 0 0.0394935
3.88513 11584 7240 0.0767745 0.836847 2.47475 0.836847 2.47475 830 0 0.0395166
3.95434 13032 8688 0.082929 1.17159 2.45194 1.17159 2.45194 837 0 0.0396081
3.95506 11584 10136 0.0784564 112.472 2.472 112.472 2.472 844 0 0.0392705
4.02512 10136 8688 0.075082 1.15752 2.44912 1.15752 2.44912 851 0 0.0393098
4.09433 11584 7240 0.0733088 0.836847 2.42186 0.836847 2.42186 856 0 0.0394123
4.16318 10136 8688 0.0783944 1.17772 2.40129 1.17772 2.40129 863 0 0.0394207
4.23191 11584 7240 0.0752935 0.842699 2.37597 0.842699 2.37597 868 0 0.0394691
4.30076 10136 8688 0.0806536 1.17772 2.35679 1.17772 2.35679 875 0 0.0395089
4.37034 11584 7240 0.0770277 0.832511 2.33253 0.832511 2.33253 880 0 0.0395251
4.43991 13032 8688 0.0830987 1.16552 2.31424 1.16552 2.31424 887 0 0.0396159
4.44063 11584 10136 0.0787751 112.472 2.33212 112.472 2.33212 894 0 0.0392824
4.51092 10136 8688 0.0753232 1.15356 2.31376 1.15356 2.31376 901 0 0.0393172
4.5805 11584 7240 0.0735661 0.832511 2.29126 0.832511 2.29126 906 0 0.0394192
4.65007 10136 8688 0.0788832 1.16552 2.27442 1.16552 2.27442 913 0 0.0394389
4.71928 11584 7240 0.075951 0.836847 2.25333 0.836847 2.25333 918 0 0.0394896
4.78885 10136 8688 0.0812035 1.16552 2.23753 1.16552 2.23753 925 0 0.039532
4.85855 11584 7240 0.0775055 0.831076 2.21736 0.831076 2.21736 930 0 0.0395416
4.928 13032 8688 0.0835281 1.16753 2.20256 1.16753 2.20256 937 0 0.0396359
4.92872 11584 10136 0.0789378 112.472 2.21869 112.472 2.21869 944 0 0.0392885
4.99877 10136 8688 0.0754186 1.15752 2.20382 1.15752 2.20382 951 0 0.0393201
5.06846 11584 7240 0.0735343 0.831076 2.18494 0.831076 2.18494 956 0 0.0394184
5.13828 10136 8688 0.0790806 1.1615 2.17104 1.1615 2.17104 963 0 0.0394464
5.20773 11584 7240 0.0759583 0.833952 2.15321 0.833952 2.15321 968 0 0.0394899
5.27694 10136 8688 0.0812084 1.17159 2.14033 1.17159 2.14033 975 0 0.0395322
5.34639 11584 7240 0.0775087 0.833952 2.12336 0.833952 2.12336 980 0 0.0395417
5.41561 13032 8688 0.0834209 1.17159 2.1112 1.17159 2.1112 987 0 0.0396309
5.41633 11584 10136 0.0788952 112.472 2.12589 112.472 2.12589 994 0 0.0392869
5.48614 10136 8688 0.0752142 1.1615 2.11361 1.1615 2.11361 1001 0 0.0393138
5.55559 11584 7240 0.0734931 0.833952 2.09762 0.833952 2.09762 1006 0 0.0394173
5.62541 10136 8688 0.0788479 1.1615 2.086 1.1615 2.086 1013 0 0.0394376
5.6951 11584 7240 0.0759274 0.831076 2.07064 0.831076 2.07064 1018 0 0.0394889
5.76467 13032 8688 0.0815178 1.16552 2.05972 1.16552 2.05972 1025 0 0.0395454
5.83436 11584 10136 0.0776203 1.16351 2.04901 1.16351 2.04901 1032 0 0.0392403
5.90382 13032 8688 0.0830763 1.16753 2.03864 1.16753 2.03864 1039 0 0.0396149
5.90454 11584 10136 0.0786351 112.472 2.05213 112.472 2.05213 1046 0 0.0392771
5.97435 10136 8688 0.0750617 1.1615 2.04172 1.1615 2.04172 1053 0 0.0393092
6.04356 11584 7240 0.073266 0.836847 2.02792 0.836847 2.02792 1058 0 0.0394112
6.11338 10136 8688 0.0786957 1.1615 2.01803 1.1615 2.01803 1065 0 0.0394319
6.18295 11584 7240 0.0757005 0.832511 2.00469 0.832511 2.00469 1070 0 0.0394817
6.25252 13032 8688 0.0813657 1.16552 1.99535 1.16552 1.99535 1077 0 0.0395389
6.32221 11584 10136 0.0776142 1.16351 1.98618 1.16351 1.98618 1084 0 0.0392401
6.39155 13032 8688 0.0829633 1.16956 1.97732 1.16956 1.97732 1091 0 0.0396097
6.39227 11584 10136 0.0785887 112.472 1.98978 112.472 1.98978 1098 0 0.0392754
6.46208 10136 8688 0.0750345 1.1615 1.98084 1.1615 1.98084 1105 0 0.0393084
6.53153 11584 7240 0.0733727 0.833952 1.96864 0.833952 1.96864 1110 0 0.039414
6.60135 10136 8688 0.0787673 1.1615 1.9601 1.1615 1.9601 1117 0 0.0394346
6.67104 11584 7240 0.0758734 0.831076 1.94831 0.831076 1.94831 1122 0 0.0394872
6.74061 13032 8688 0.0814816 1.16552 1.94023 1.16552 1.94023 1129 0 0.0395438
6.8103 11584 10136 0.0775961 1.16351 1.93228 1.16351 1.93228 1136 0 0.0392395
6.87976 13032 8688 0.083062 1.16753 1.92456 1.16753 1.92456 1143 0 0.0396142
6.88048 11584 10136 0.0785298 112.472 1.93614 112.472 1.93614 1150 0 0.0392732
6.95029 10136 8688 0.0751094 1.1615 1.92836 1.1615 1.92836 1157 0 0.0393107
7.0195 11584 7240 0.0732979 0.836847 1.9176 0.836847 1.9176 1162 0 0.039412
7.08908 10136 8688 0.0786078 1.16552 1.91022 1.16552 1.91022 1169 0 0.0394286
7.15841 11584 7240 0.0757665 0.835397 1.89981 0.835397 1.89981 1174 0 0.0394838
7.22774 10136 8688 0.0810799 1.16956 1.89281 1.16956 1.89281 1181 0 0.0395267
7.29743 11584 7240 0.077327 0.831076 1.88267 0.831076 1.88267 1186 0 0.0395354
7.36664 13032 8688 0.0834085 1.17159 1.87598 1.17159 1.87598 1193 0 0.0396303
7.36737 11584 10136 0.0788869 112.472 1.88681 112.472 1.88681 1200 0 0.0392866
7.43742 10136 8688 0.0753187 1.15752 1.87994 1.15752 1.87994 1207 0 0.039317
7.50687 11584 7240 0.0734381 0.833952 1.87026 0.833952 1.87026 1212 0 0.0394158
7.57668 10136 8688 0.0789068 1.1615 1.86373 1.1615 1.86373 1219 0 0.0394398
7.64614 11584 7240 0.0758575 0.833952 1.85438 0.833952 1.85438 1224 0 0.0394866
7.71571 13032 8688 0.0814709 1.16552 1.84816 1.16552 1.84816 1231 0 0.0395434
7.7854 11584 10136 0.0775889 1.16351 1.84204 1.16351 1.84204 1238 0 0.0392392
7.8551 13032 8688 0.0831829 1.16351 1.83602 1.16351 1.83602 1245 0 0.0396198
7.85582 11584 10136 0.0787065 112.472 1.84617 112.472 1.84617 1252 0 0.0392798
7.92563 10136 8688 0.0750198 1.1615 1.84014 1.1615 1.84014 1259 0 0.039308
7.99484 11584 7240 0.0731285 0.836847 1.83145 0.836847 1.83145 1264 0 0.0394075
8.06441 10136 8688 0.0786037 1.16552 1.82571 1.16552 1.82571 1271 0 0.0394285
8.13387 11584 7240 0.0756388 0.833952 1.81724 0.833952 1.81724 1276 0 0.0394798
8.2032 10136 8688 0.081215 1.16956 1.81177 1.16956 1.81177 1283 0 0.0395325
8.27289 11584 7240 0.0774038 0.831076 1.8035 0.831076 1.8035 1288 0 0.0395381
8.3421 13032 8688 0.083585 1.17159 1.79826 1.17159 1.79826 1295 0 0.0396386
8.34282 11584 10136 0.0788665 112.472 1.80783 112.472 1.80783 1302 0 0.0392858
8.41264 10136 8688 0.0751136 1.1615 1.80246 1.1615 1.80246 1309 0 0.0393108
8.48197 11584 7240 0.0731914 0.835397 1.79456 0.835397 1.79456 1314 0 0.0394092
8.55154 10136 8688 0.0787415 1.16552 1.78944 1.16552 1.78944 1321 0 0.0394336
8.621 11584 7240 0.0756217 0.833952 1.78174 0.833952 1.78174 1326 0 0.0394792
8.69057 13032 8688 0.081313 1.16552 1.77681 1.16552 1.77681 1333 0 0.0395366
8.7605 11584 10136 0.0775788 1.15951 1.77188 1.15951 1.77188 1340 0 0.0392389
8.83019 13032 8688 0.0831769 1.16351 1.76708 1.16351 1.76708 1347 0 0.0396195
8.83091 11584 10136 0.0787025 112.472 1.77612 112.472 1.77612 1354 0 0.0392796
8.90085 10136 8688 0.0751013 1.15951 1.77127 1.15951 1.77127 1361 0 0.0393104
8.97006 11584 7240 0.0732124 0.836847 1.76406 0.836847 1.76406 1366 0 0.0394098
9.03963 10136 8688 0.0787555 1.16552 1.75946 1.16552 1.75946 1373 0 0.0394341
9.10909 11584 7240 0.0756605 0.833952 1.7524 0.833952 1.7524 1378 0 0.0394804
9.17866 13032 8688 0.0813389 1.16552 1.74795 1.16552 1.74795 1385 0 0.0395377
9.24835 11584 10136 0.0775005 1.16351 1.74355 1.16351 1.74355 1392 0 0.0392361
9.3178 13032 8688 0.083006 1.16753 1.73925 1.16753 1.73925 1399 0 0.0396117
9.31852 11584 10136 0.078588 112.472 1.74782 112.472 1.74782 1406 0 0.0392754
9.38834 10136 8688 0.0750341 1.1615 1.74346 1.1615 1.74346 1413 0 0.0393084
9.45755 11584 7240 0.0732475 0.836847 1.73683 0.836847 1.73683 1418 0 0.0394107
9.52712 10136 8688 0.078574 1.16552 1.73265 1.16552 1.73265 1425 0 0.0394274
9.59633 11584 7240 0.0757439 0.836847 1.72619 0.836847 1.72619 1430 0 0.0394831
9.66567 10136 8688 0.0810648 1.16956 1.7222 1.16956 1.7222 1437 0 0.0395261
9.73512 11584 7240 0.0773168 0.833952 1.71586 0.833952 1.71586 1442 0 0.0395351
9.80457 13032 8688 0.0834017 1.16753 1.71198 1.16753 1.71198 1449 0 0.03963
9.80529 11584 10136 0.0788824 112.472 1.72012 112.472 1.72012 1456 0 0.0392864
9.87535 10136 8688 0.0753161 1.15752 1.71613 1.15752 1.71613 1463 0 0.039317
9.9448 11584 7240 0.0734363 0.833952 1.70997 0.833952 1.70997 1468 0 0.0394157
10.0144 10136 8688 0.0788099 1.16552 1.70619 1.16552 1.70619 1475 0 0.0394362
10.0836 11584 7240 0.0757769 0.836847 1.70022 0.836847 1.70022 1480 0 0.0394841
10.1529 10136 8688 0.0810869 1.16956 1.6966 1.16956 1.6966 1487 0 0.039527
10.2226 11584 7240 0.0774274 0.831076 1.6907 0.831076 1.6907 1492 0 0.0395389
10.2921 13032 8688 0.0836007 1.16753 1.68717 1.16753 1.68717 1499 0 0.0396394
10.2928 11584 10136 0.0789864 112.472 1.69493 112.472 1.69493 1506 0 0.0392903
10.3628 10136 8688 0.0752677 1.15752 1.69129 1.15752 1.69129 1513 0 0.0393155
10.4323 11584 7240 0.0734332 0.833952 1.68559 0.833952 1.68559 1518 0 0.0394156
10.502 10136 8688 0.0787785 1.16351 1.68212 1.16351 1.68212 1525 0 0.039435
10.5712 11584 7240 0.0757715 0.836847 1.67659 0.836847 1.67659 1530 0 0.0394839
10.6405 13032 8688 0.081304 1.16956 1.67328 1.16956 1.67328 1537 0 0.0395362
10.7102 11584 10136 0.0774771 1.16351 1.66997 1.16351 1.66997 1544 0 0.0392353
10.7799 13032 8688 0.0828829 1.16351 1.66669 1.16351 1.66669 1551 0 0.039606
10.7806 11584 10136 0.0786306 112.472 1.6741 112.472 1.6741 1558 0 0.039277
10.8504 10136 8688 0.0750591 1.1615 1.6708 1.1615 1.6708 1565 0 0.0393092
10.9194 11584 7240 0.0731685 0.839763 1.66555 0.839763 1.66555 1570 0 0.0394086
10.9887 10136 8688 0.0785054 1.16956 1.66242 1.16956 1.66242 1577 0 0.0394248
11.0577 11584 7240 0.0753679 0.839763 1.65729 0.839763 1.65729 1582 0 0.0394714
11.1271 10136 8688 0.0809379 1.16956 1.65425 1.16956 1.65425 1589 0 0.0395208
11.1965 11584 7240 0.0773275 0.833952 1.64917 0.833952 1.64917 1594 0 0.0395354
11.2658 13032 8688 0.0832038 1.16956 1.64621 1.16956 1.64621 1601 0 0.0396208
11.2666 11584 10136 0.0788455 112.472 1.65331 112.472 1.65331 1608 0 0.039285
11.3367 10136 8688 0.0753645 1.15554 1.65023 1.15554 1.65023 1615 0 0.0393184
11.4064 11584 7240 0.0734981 0.831076 1.64522 0.831076 1.64522 1620 0 0.0394174
11.4762 10136 8688 0.078947 1.1615 1.64228 1.1615 1.64228 1627 0 0.0394414
11.5457 11584 7240 0.0759938 0.833952 1.63742 0.833952 1.63742 1632 0 0.039491
11.6149 10136 8688 0.0812322 1.17159 1.63464 1.17159 1.63464 1639 0 0.0395332
11.6844 11584 7240 0.0775247 0.833952 1.62988 0.833952 1.62988 1644 0 0.0395423
11.7536 13032 8688 0.0834316 1.17159 1.62718 1.17159 1.62718 1651 0 0.0396314
11.7543 11584 10136 0.0789024 112.472 1.63398 112.472 1.63398 1658 0 0.0392872
11.8241 10136 8688 0.0752184 1.1615 1.63119 1.1615 1.63119 1665 0 0.039314
11.8936 11584 7240 0.0734959 0.833952 1.62654 0.833952 1.62654 1670 0 0.0394173
11.9634 10136 8688 0.0788498 1.1615 1.62382 1.1615 1.62382 1677 0 0.0394377
12.0331 11584 7240 0.0759287 0.831076 1.61923 0.831076 1.61923 1682 0 0.0394889
12.1026 13032 8688 0.0815186 1.16552 1.61662 1.16552 1.61662 1689 0 0.0395454
12.1723 11584 10136 0.0776209 1.16351 1.61403 1.16351 1.61403 1696 0 0.0392404
12.2418 13032 8688 0.0830766 1.16753 1.61149 1.16753 1.61149 1703 0 0.0396149
12.2425 11584 10136 0.0786353 112.472 1.61802 112.472 1.61802 1710 0 0.0392771
12.3123 10136 8688 0.0750618 1.1615 1.61543 1.1615 1.61543 1717 0 0.0393092
12.3815 11584 7240 0.073266 0.836847 1.61108 0.836847 1.61108 1722 0 0.0394112
12.4513 10136 8688 0.0786958 1.1615 1.60856 1.1615 1.60856 1729 0 0.0394319
12.5208 11584 7240 0.0757005 0.833952 1.60426 0.833952 1.60426 1734 0 0.0394817
12.5904 13032 8688 0.0813658 1.16552 1.60184 1.16552 1.60184 1741 0 0.0395389
12.6601 11584 10136 0.0775048 1.16351 1.59943 1.16351 1.59943 1748 0 0.0392363
12.7296 13032 8688 0.0830242 1.16552 1.59706 1.16552 1.59706 1755 0 0.0396125
12.7303 11584 10136 0.0786295 112.472 1.60333 112.472 1.60333 1762 0 0.0392769
12.8004 10136 8688 0.0751678 1.15752 1.60089 1.15752 1.60089 1769 0 0.0393124
12.8699 11584 7240 0.073337 0.833952 1.59676 0.833952 1.59676 1774 0 0.0394131
12.9397 10136 8688 0.0788391 1.1615 1.59441 1.1615 1.59441 1781 0 0.0394373
13.0091 11584 7240 0.0758121 0.833952 1.59035 0.833952 1.59035 1786 0 0.0394852
13.0787 13032 8688 0.0814405 1.16552 1.58809 1.16552 1.58809 1793 0 0.0395421
13.1484 11584 10136 0.0775686 1.16351 1.58584 1.16351 1.58584 1800 0 0.0392385
13.2181 13032 8688 0.0831709 1.16351 1.58361 1.16351 1.58361 1807 0 0.0396193
13.2188 11584 10136 0.0786985 112.472 1.58966 112.472 1.58966 1814 0 0.0392795
13.2886 10136 8688 0.0750152 1.1615 1.58741 1.1615 1.58741 1821 0 0.0393078
13.3581 11584 7240 0.0732504 0.833952 1.58349 0.833952 1.58349 1826 0 0.0394108
13.4276 10136 8688 0.078781 1.16552 1.58133 1.16552 1.58133 1833 0 0.0394351
13.4971 11584 7240 0.0756775 0.833952 1.57748 0.833952 1.57748 1838 0 0.039481
13.5664 13032 8688 0.0813504 1.16956 1.5754 1.16956 1.5754 1845 0 0.0395382
13.6361 11584 10136 0.0773988 1.16351 1.57329 1.16351 1.57329 1852 0 0.0392326
13.7056 13032 8688 0.082962 1.16753 1.57123 1.16753 1.57123 1859 0 0.0396096
13.7063 11584 10136 0.0785878 112.472 1.57707 112.472 1.57707 1866 0 0.0392754
13.7763 10136 8688 0.0751434 1.15752 1.57493 1.15752 1.57493 1873 0 0.0393117
13.8458 11584 7240 0.0733207 0.833952 1.57122 0.833952 1.57122 1878 0 0.0394126
13.9156 10136 8688 0.0788281 1.1615 1.56916 1.1615 1.56916 1885 0 0.0394369
13.9851 11584 7240 0.0758048 0.833952 1.56551 0.833952 1.56551 1890 0 0.039485
14.0546 13032 8688 0.0814356 1.16552 1.56353 1.16552 1.56353 1897 0 0.0395419
14.1243 11584 10136 0.0775653 1.16351 1.56156 1.16351 1.56156 1904 0 0.0392384
14.194 13032 8688 0.083169 1.16351 1.5596 1.16351 1.5596 1911 0 0.0396192
14.1947 11584 10136 0.0786972 112.472 1.56524 112.472 1.56524 1918 0 0.0392794
14.2645 10136 8688 0.0750144 1.1615 1.56326 1.1615 1.56326 1925 0 0.0393078
14.334 11584 7240 0.0732499 0.833952 1.55973 0.833952 1.55973 1930 0 0.0394107
14.4036 10136 8688 0.0787807 1.16552 1.55782 1.16552 1.55782 1937 0 0.0394351
14.473 11584 7240 0.0756773 0.833952 1.55435 0.833952 1.55435 1942 0 0.039481
14.5424 13032 8688 0.0813502 1.16956 1.55251 1.16956 1.55251 1949 0 0.0395382
14.6121 11584 10136 0.0773987 1.16351 1.55066 1.16351 1.55066 1956 0 0.0392326
14.6815 13032 8688 0.082962 1.16753 1.54885 1.16753 1.54885 1963 0 0.0396096
14.6822 11584 10136 0.0784784 112.472 1.55429 112.472 1.55429 1970 0 0.0392713
14.752 10136 8688 0.0750949 1.1615 1.55243 1.1615 1.55243 1977 0 0.0393102
14.8213 11584 7240 0.0733175 0.836847 1.54909 0.836847 1.54909 1982 0 0.0394125
14.8911 10136 8688 0.0787303 1.1615 1.54728 1.1615 1.54728 1989 0 0.0394332
14.9605 11584 7240 0.0758486 0.833952 1.54396 0.833952 1.54396 1994 0 0.0394864
15.0301 13032 8688 0.0812599 1.16552 1.54221 1.16552 1.54221 2001 0 0.0395344
15.0998 11584 10136 0.0775432 1.16351 1.54046 1.16351 1.54046 2008 0 0.0392376
15.1695 13032 8688 0.0830467 1.16351 1.53873 1.16351 1.53873 2015 0 0.0396135
15.1702 11584 10136 0.0785352 112.472 1.544 112.472 1.544 2022 0 0.0392734
15.24 10136 8688 0.0751282 1.1615 1.54225 1.1615 1.54225 2029 0 0.0393112
15.3095 11584 7240 0.0733398 0.833952 1.53904 0.833952 1.53904 2034 0 0.0394131
15.379 10136 8688 0.0787452 1.16552 1.53735 1.16552 1.53735 2041 0 0.0394338
15.4485 11584 7240 0.0758586 0.833952 1.53419 0.833952 1.53419 2046 0 0.0394867
15.5178 10136 8688 0.0811416 1.16956 1.53256 1.16956 1.53256 2053 0 0.0395293
15.5875 11584 7240 0.077464 0.831076 1.52942 0.831076 1.52942 2058 0 0.0395402
15.657 13032 8688 0.0833909 1.16753 1.52782 1.16753 1.52782 2065 0 0.0396295
15.6577 11584 10136 0.0789709 112.472 1.53292 112.472 1.53292 2072 0 0.0392898
15.728 10136 8688 0.075438 1.15356 1.53123 1.15356 1.53123 2079 0 0.0393207
15.7977 11584 7240 0.073643 0.831076 1.52814 0.831076 1.52814 2084 0 0.0394213
15.8675 10136 8688 0.0791398 1.1615 1.52653 1.1615 1.52653 2091 0 0.0394487
15.9367 11584 7240 0.0758886 0.836847 1.52353 0.836847 1.52353 2096 0 0.0394876
16.006 13032 8688 0.0812867 1.16956 1.522 1.16956 1.522 2103 0 0.0395355
16.0755 11584 10136 0.0775612 1.16753 1.52047 1.16753 1.52047 2110 0 0.0392383
16.1452 13032 8688 0.0828778 1.16351 1.51893 1.16351 1.51893 2117 0 0.0396058
16.1459 11584 10136 0.0785021 112.472 1.52388 112.472 1.52388 2124 0 0.0392722
16.2159 10136 8688 0.0749838 1.15752 1.5223 1.15752 1.5223 2131 0 0.0393069
16.2856 11584 7240 0.0733387 0.831076 1.51934 0.831076 1.51934 2136 0 0.0394131
16.3553 10136 8688 0.0788402 1.16351 1.51782 1.16351 1.51782 2143 0 0.0394373
16.4245 11584 7240 0.0757972 0.836847 1.51495 0.836847 1.51495 2148 0 0.0394847
16.4938 10136 8688 0.0811005 1.17159 1.51351 1.17159 1.51351 2155 0 0.0395276
16.5633 11584 7240 0.0773408 0.832511 1.51065 0.832511 1.51065 2160 0 0.0395359
16.6328 13032 8688 0.0834177 1.16753 1.50922 1.16753 1.50922 2167 0 0.0396308
16.6335 11584 10136 0.0789888 112.472 1.51403 112.472 1.51403 2174 0 0.0392904
16.7036 10136 8688 0.0753648 1.15752 1.51253 1.15752 1.51253 2181 0 0.0393185
16.7733 11584 7240 0.073594 0.831076 1.5097 0.831076 1.5097 2186 0 0.03942
16.8431 10136 8688 0.0790112 1.1615 1.50826 1.1615 1.50826 2193 0 0.0394438
16.9125 11584 7240 0.0760368 0.833952 1.50549 0.833952 1.50549 2198 0 0.0394924
16.9818 13032 8688 0.081261 1.16956 1.50412 1.16956 1.50412 2205 0 0.0395344
17.0515 11584 10136 0.077544 1.16351 1.50273 1.16351 1.50273 2212 0 0.0392377
17.1212 13032 8688 0.0831428 1.16351 1.50135 1.16351 1.50135 2219 0 0.039618
17.122 11584 10136 0.0785703 112.472 1.50602 112.472 1.50602 2226 0 0.0392747
17.192 10136 8688 0.0751488 1.15752 1.5046 1.15752 1.5046 2233 0 0.0393119
17.2615 11584 7240 0.0733536 0.833952 1.5019 0.833952 1.5019 2238 0 0.0394135
17.3312 10136 8688 0.0787544 1.16351 1.50054 1.16351 1.50054 2245 0 0.0394341
17.4006 11584 7240 0.0758648 0.833952 1.49788 0.833952 1.49788 2250 0 0.0394869
17.4699 10136 8688 0.0811457 1.16956 1.49658 1.16956 1.49658 2257 0 0.0395295
17.5396 11584 7240 0.0774668 0.831076 1.49393 0.831076 1.49393 2262 0 0.0395403
17.6088 13032 8688 0.0835022 1.17159 1.49266 1.17159 1.49266 2269 0 0.0396347
17.6096 11584 10136 0.0789204 112.472 1.49721 112.472 1.49721 2276 0 0.0392878
17.6796 10136 8688 0.0753247 1.15752 1.49586 1.15752 1.49586 2283 0 0.0393172
17.7492 11584 7240 0.0734577 0.832511 1.49326 0.832511 1.49326 2288 0 0.0394163
17.819 10136 8688 0.0790449 1.1615 1.49196 1.1615 1.49196 2295 0 0.0394451
17.8885 11584 7240 0.0760594 0.833952 1.48941 0.833952 1.48941 2300 0 0.0394931
17.9578 13032 8688 0.0812761 1.16956 1.48817 1.16956 1.48817 2307 0 0.039535
18.0275 11584 10136 0.0775541 1.16351 1.48692 1.16351 1.48692 2314 0 0.039238
18.0972 13032 8688 0.0830531 1.16351 1.48567 1.16351 1.48567 2321 0 0.0396138
18.0979 11584 10136 0.0786195 112.472 1.49009 112.472 1.49009 2328 0 0.0392765
18.1679 10136 8688 0.0750526 1.15752 1.48881 1.15752 1.48881 2335 0 0.039309
18.2372 11584 7240 0.0731798 0.836847 1.48634 0.836847 1.48634 2340 0 0.0394089
18.3066 10136 8688 0.0787337 1.16753 1.48513 1.16753 1.48513 2347 0 0.0394333
18.3759 11584 7240 0.0755208 0.835397 1.48268 0.835397 1.48268 2352 0 0.0394761
18.4455 10136 8688 0.0812454 1.16552 1.48148 1.16552 1.48148 2359 0 0.0395337
18.5152 11584 7240 0.0774242 0.831076 1.47903 0.831076 1.47903 2364 0 0.0395388
18.5847 13032 8688 0.0835986 1.16753 1.47787 1.16753 1.47787 2371 0 0.0396393
18.5854 11584 10136 0.0790143 112.472 1.48217 112.472 1.48217 2378 0 0.0392914
18.6554 10136 8688 0.0753934 1.15752 1.48095 1.15752 1.48095 2385 0 0.0393193
18.7251 11584 7240 0.0736131 0.831076 1.47854 0.831076 1.47854 2390 0 0.0394205
18.7949 10136 8688 0.079024 1.1615 1.47736 1.1615 1.47736 2397 0 0.0394443
18.8644 11584 7240 0.0760454 0.833952 1.47499 0.833952 1.47499 2402 0 0.0394926
18.9337 13032 8688 0.0813624 1.16956 1.47387 1.16956 1.47387 2409 0 0.0395387
19.0034 11584 10136 0.0775162 1.16351 1.47273 1.16351 1.47273 2416 0 0.0392367
19.0731 13032 8688 0.0831403 1.16351 1.4716 1.16351 1.4716 2423 0 0.0396178
19.0738 11584 10136 0.0786779 112.472 1.4758 112.472 1.4758 2430 0 0.0392787
19.1439 10136 8688 0.0750869 1.15752 1.47463 1.15752 1.47463 2437 0 0.03931
19.2131 11584 7240 0.0732027 0.836847 1.47234 0.836847 1.47234 2442 0 0.0394095
19.2826 10136 8688 0.0787491 1.16753 1.47124 1.16753 1.47124 2449 0 0.0394339
19.3518 11584 7240 0.0755311 0.836847 1.46897 0.836847 1.46897 2454 0 0.0394764
19.4212 10136 8688 0.0811429 1.16753 1.46789 1.16753 1.46789 2461 0 0.0395294
19.4909 11584 7240 0.0773555 0.831076 1.46561 0.831076 1.46561 2466 0 0.0395364
19.5604 13032 8688 0.0835526 1.16753 1.46456 1.16753 1.46456 2473 0 0.0396371
19.5611 11584 10136 0.0789698 112.472 1.46865 112.472 1.46865 2480 0 0.0392897
19.6311 10136 8688 0.0753829 1.15752 1.46754 1.15752 1.46754 2487 0 0.039319
19.7008 11584 7240 0.0736061 0.831076 1.46528 0.831076 1.46528 2492 0 0.0394203
19.7705 10136 8688 0.0790194 1.16351 1.46422 1.16351 1.46422 2499 0 0.0394441
19.8397 11584 7240 0.0758079 0.836847 1.46203 0.836847 1.46203 2504 0 0.0394851
19.9091 10136 8688 0.0812326 1.16956 1.46101 1.16956 1.46101 2511 0 0.0395332
19.9785 11584 7240 0.077525 0.833952 1.45883 0.833952 1.45883 2516 0 0.0395423
20.048 13032 8688 0.0833361 1.16753 1.45782 1.16753 1.45782 2523 0 0.0396269
20.0487 11584 10136 0.0789341 112.472 1.46182 112.472 1.46182 2530 0 0.0392884
20.1189 10136 8688 0.0754165 1.15554 1.46075 1.15554 1.46075 2537 0 0.03932
20.1883 11584 7240 0.0735329 0.833952 1.45859 0.833952 1.45859 2542 0 0.0394183
20.2579 10136 8688 0.0788453 1.16552 1.45759 1.16552 1.45759 2549 0 0.0394375
20.3271 11584 7240 0.0758163 0.836847 1.45547 0.836847 1.45547 2554 0 0.0394853
20.3967 13032 8688 0.0813339 1.16552 1.45448 1.16552 1.45448 2561 0 0.0395375
20.4664 11584 10136 0.0774972 1.16351 1.45349 1.16351 1.45349 2568 0 0.039236
20.5361 13032 8688 0.0831291 1.16351 1.45251 1.16351 1.45251 2575 0 0.0396173
20.5368 11584 10136 0.0786704 112.472 1.45641 112.472 1.45641 2582 0 0.0392784
20.6066 10136 8688 0.0749987 1.1615 1.45541 1.1615 1.45541 2589 0 0.0393073
20.676 11584 7240 0.0732394 0.833952 1.45332 0.833952 1.45332 2594 0 0.0394105
20.7456 10136 8688 0.0787736 1.16552 1.45235 1.16552 1.45235 2601 0 0.0394348
20.8151 11584 7240 0.0756726 0.833952 1.45029 0.833952 1.45029 2606 0 0.0394808
20.8844 13032 8688 0.0813471 1.16956 1.44936 1.16956 1.44936 2613 0 0.0395381
20.9541 11584 10136 0.0773966 1.16351 1.44841 1.16351 1.44841 2620 0 0.0392325
21.0235 13032 8688 0.0829607 1.16753 1.44748 1.16753 1.44748 2627 0 0.0396096
21.0243 11584 10136 0.078587 112.472 1.45129 112.472 1.45129 2634 0 0.0392753
21.0941 10136 8688 0.0750335 1.1615 1.45033 1.1615 1.45033 2641 0 0.0393084
21.1633 11584 7240 0.0732764 0.836847 1.44832 0.836847 1.44832 2646 0 0.0394115
21.2331 10136 8688 0.0787027 1.1615 1.44738 1.1615 1.44738 2653 0 0.0394322
21.3026 11584 7240 0.0758301 0.833952 1.44538 0.833952 1.44538 2658 0 0.0394858
21.3721 10136 8688 0.0812475 1.16552 1.44447 1.16552 1.44447 2665 0 0.0395338
21.4418 11584 7240 0.077535 0.831076 1.44247 0.831076 1.44247 2670 0 0.0395427
21.5113 13032 8688 0.0836728 1.16753 1.44159 1.16753 1.44159 2677 0 0.0396428
21.512 11584 10136 0.0790504 112.472 1.44531 112.472 1.44531 2684 0 0.0392928
21.5821 10136 8688 0.0754302 1.15752 1.44437 1.15752 1.44437 2691 0 0.0393205
21.6515 11584 7240 0.0736378 0.833952 1.44242 0.833952 1.44242 2696 0 0.0394212
21.7211 10136 8688 0.0788355 1.16552 1.44153 1.16552 1.44153 2703 0 0.0394371
21.7905 11584 7240 0.0759191 0.833952 1.43959 0.833952 1.43959 2708 0 0.0394886
21.8599 10136 8688 0.0811821 1.16956 1.43874 1.16956 1.43874 2715 0 0.0395311
21.9296 11584 7240 0.0774911 0.831076 1.4368 0.831076 1.4368 2720 0 0.0395411
21.9988 13032 8688 0.0835185 1.17159 1.43597 1.17159 1.43597 2727 0 0.0396355
21.9995 11584 10136 0.0789313 112.472 1.43961 112.472 1.43961 2734 0 0.0392883
22.0695 10136 8688 0.0753311 1.15752 1.43871 1.15752 1.43871 2741 0 0.0393174
22.139 11584 7240 0.073337 0.833952 1.43682 0.833952 1.43682 2746 0 0.0394131
22.2088 10136 8688 0.0788391 1.1615 1.43595 1.1615 1.43595 2753 0 0.0394373
22.2783 11584 7240 0.0760172 0.833952 1.43407 0.833952 1.43407 2758 0 0.0394917
22.3478 13032 8688 0.0813435 1.16552 1.43324 1.16552 1.43324 2765 0 0.0395379
22.4175 11584 10136 0.0775993 1.16351 1.4324 1.16351 1.4324 2772 0 0.0392396
22.4872 13032 8688 0.0831753 1.16351 1.43157 1.16351 1.43157 2779 0 0.0396195
22.4879 11584 10136 0.078592 112.472 1.43513 112.472 1.43513 2786 0 0.0392755
22.5578 10136 8688 0.0750365 1.1615 1.43428 1.1615 1.43428 2793 0 0.0393085
22.6272 11584 7240 0.073169 0.833952 1.43244 0.833952 1.43244 2798 0 0.0394086
22.6968 10136 8688 0.0787265 1.16552 1.43162 1.16552 1.43162 2805 0 0.0394331
22.7662 11584 7240 0.0757367 0.833952 1.42979 0.833952 1.42979 2810 0 0.0394828
22.8356 13032 8688 0.0812806 1.16956 1.429 1.16956 1.429 2817 0 0.0395352
22.9053 11584 10136 0.0774614 1.16351 1.4282 1.16351 1.4282 2824 0 0.0392348
22.9749 13032 8688 0.0828738 1.16351 1.42739 1.16351 1.42739 2831 0 0.0396056
22.9757 11584 10136 0.0786244 112.472 1.43088 112.472 1.43088 2838 0 0.0392767
23.0457 10136 8688 0.0752349 1.15752 1.43005 1.15752 1.43005 2845 0 0.0393145
23.1149 11584 7240 0.0731769 0.836847 1.42827 0.836847 1.42827 2850 0 0.0394088
23.1845 10136 8688 0.0787318 1.16552 1.42748 1.16552 1.42748 2857 0 0.0394333
23.2538 11584 7240 0.0756152 0.835397 1.42572 0.835397 1.42572 2862 0 0.039479
23.3234 13032 8688 0.0813086 1.16552 1.42494 1.16552 1.42494 2869 0 0.0395364
23.3933 11584 10136 0.0774665 1.15951 1.42415 1.15951 1.42415 2876 0 0.0392349
23.463 13032 8688 0.0832361 1.16351 1.42337 1.16351 1.42337 2883 0 0.0396223
23.4638 11584 10136 0.0787422 112.472 1.42679 112.472 1.42679 2890 0 0.0392811
23.5337 10136 8688 0.0750408 1.15951 1.42599 1.15951 1.42599 2897 0 0.0393086
23.6031 11584 7240 0.0732675 0.833952 1.42425 0.833952 1.42425 2902 0 0.0394112
23.6727 10136 8688 0.0787925 1.16552 1.42349 1.16552 1.42349 2909 0 0.0394355
23.7422 11584 7240 0.0756852 0.833952 1.42176 0.833952 1.42176 2914 0 0.0394812
23.8115 13032 8688 0.0813555 1.16956 1.42103 1.16956 1.42103 2921 0 0.0395384
23.8812 11584 10136 0.0774022 1.16351 1.42028 1.16351 1.42028 2928 0 0.0392327
23.9506 13032 8688 0.0829641 1.16753 1.41955 1.16753 1.41955 2935 0 0.0396097
23.9514 11584 10136 0.0785892 112.472 1.42289 112.472 1.42289 2942 0 0.0392754
24.0212 10136 8688 0.0750348 1.1615 1.42213 1.1615 1.42213 2949 0 0.0393084
24.0905 11584 7240 0.0733729 0.835397 1.42044 0.835397 1.42044 2954 0 0.039414
24.1603 10136 8688 0.0787674 1.1615 1.41969 1.1615 1.41969 2961 0 0.0394346
24.23 11584 7240 0.0758735 0.831076 1.418 0.831076 1.418 2966 0 0.0394872
24.2996 13032 8688 0.0814816 1.16552 1.41728 1.16552 1.41728 2973 0 0.0395438
24.3693 11584 10136 0.0775961 1.16351 1.41655 1.16351 1.41655 2980 0 0.0392395
24.4387 13032 8688 0.0830621 1.16753 1.41584 1.16753 1.41584 2987 0 0.0396142
24.4395 11584 10136 0.0785299 112.472 1.41912 112.472 1.41912 2994 0 0.0392732
24.5093 10136 8688 0.0751094 1.1615 1.41839 1.1615 1.41839 3001 0 0.0393107
24.5785 11584 7240 0.0732979 0.836847 1.41675 0.836847 1.41675 3006 0 0.039412
24.6481 10136 8688 0.0786078 1.16552 1.41604 1.16552 1.41604 3013 0 0.0394286
24.7174 11584 7240 0.0757665 0.835397 1.41441 0.835397 1.41441 3018 0 0.0394838
24.787 10136 8688 0.0810799 1.16552 1.41371 1.16552 1.41371 3025 0 0.0395267
24.8569 11584 7240 0.0774227 0.82822 1.41206 0.82822 1.41206 3030 0 0.0395387
24.9263 13032 8688 0.0836933 1.16753 1.41138 1.16753 1.41138 3037 0 0.0396437
24.9271 11584 10136 0.0790641 112.472 1.41459 112.472 1.41459 3044 0 0.0392933
24.9971 10136 8688 0.0754382 1.15752 1.41387 1.15752 1.41387 3051 0 0.0393207
25.0666 11584 7240 0.0736432 0.833952 1.41227 0.833952 1.41227 3056 0 0.0394213
25.1364 10136 8688 0.0789484 1.1615 1.41157 1.1615 1.41157 3063 0 0.0394414
25.2058 11584 7240 0.0758698 0.833952 1.40998 0.833952 1.40998 3068 0 0.039487
25.2754 13032 8688 0.0814792 1.16552 1.40931 1.16552 1.40931 3075 0 0.0395437
25.3451 11584 10136 0.0775808 1.16351 1.40863 1.16351 1.40863 3082 0 0.0392389
25.4148 13032 8688 0.0830687 1.16351 1.40796 1.16351 1.40796 3089 0 0.0396145
25.4155 11584 10136 0.078755 112.472 1.41111 112.472 1.41111 3096 0 0.0392816
25.4853 10136 8688 0.075132 1.1615 1.41043 1.1615 1.41043 3103 0 0.0393114
25.5545 11584 7240 0.0733131 0.836847 1.40887 0.836847 1.40887 3108 0 0.0394124
25.6239 10136 8688 0.0784929 1.16956 1.40822 1.16956 1.40822 3115 0 0.0394244
25.6932 11584 7240 0.0755802 0.835397 1.40668 0.835397 1.40668 3120 0 0.0394779
25.7628 10136 8688 0.0811758 1.16552 1.40603 1.16552 1.40603 3127 0 0.0395308
25.8325 11584 7240 0.0774869 0.831076 1.40448 0.831076 1.40448 3132 0 0.039541
25.9019 13032 8688 0.0834063 1.16753 1.40384 1.16753 1.40384 3139 0 0.0396302
25.9026 11584 10136 0.0789812 112.472 1.40693 112.472 1.40693 3146 0 0.0392901
25.9727 10136 8688 0.0753603 1.15752 1.40626 1.15752 1.40626 3153 0 0.0393183
26.0424 11584 7240 0.073591 0.831076 1.40472 0.831076 1.40472 3158 0 0.0394199
26.1122 10136 8688 0.0790092 1.1615 1.40407 1.1615 1.40407 3165 0 0.0394437
26.1817 11584 7240 0.0760354 0.833952 1.40256 0.833952 1.40256 3170 0 0.0394923
26.251 13032 8688 0.0812601 1.16956 1.40194 1.16956 1.40194 3177 0 0.0395344
26.3207 11584 10136 0.0775434 1.16351 1.40131 1.16351 1.40131 3184 0 0.0392376
26.3901 13032 8688 0.0831425 1.16753 1.4007 1.16753 1.4007 3191 0 0.0396179
26.3909 11584 10136 0.0785701 112.472 1.40373 112.472 1.40373 3198 0 0.0392747
26.4607 10136 8688 0.0749399 1.1615 1.40309 1.1615 1.40309 3205 0 0.0393056
26.5299 11584 7240 0.073075 0.836847 1.40161 0.836847 1.40161 3210 0 0.0394061
26.5995 10136 8688 0.0785678 1.16552 1.401 1.16552 1.401 3217 0 0.0394271
26.6687 11584 7240 0.0756147 0.836847 1.39953 0.836847 1.39953 3222 0 0.039479
26.7382 10136 8688 0.0811032 1.16552 1.39892 1.16552 1.39892 3229 0 0.0395277
26.8081 11584 7240 0.0775633 0.829645 1.39744 0.829645 1.39744 3234 0 0.0395437
26.8775 13032 8688 0.0836918 1.16753 1.39685 1.16753 1.39685 3241 0 0.0396437
26.8782 11584 10136 0.0789674 112.472 1.39983 112.472 1.39983 3248 0 0.0392896
26.9483 10136 8688 0.0754909 1.15752 1.3992 1.15752 1.3992 3255 0 0.0393223
27.0177 11584 7240 0.0735535 0.833952 1.39774 0.833952 1.39774 3260 0 0.0394189
27.0874 10136 8688 0.0788884 1.16351 1.39714 1.16351 1.39714 3267 0 0.0394391
27.1569 11584 7240 0.0758295 0.833952 1.3957 0.833952 1.3957 3272 0 0.0394858
27.2262 13032 8688 0.0813428 1.16956 1.39512 1.16956 1.39512 3279 0 0.0395379
27.2959 11584 10136 0.0774894 1.16351 1.39453 1.16351 1.39453 3286 0 0.0392357
27.3654 13032 8688 0.0830152 1.16753 1.39396 1.16753 1.39396 3293 0 0.0396121
27.3661 11584 10136 0.0785141 112.472 1.39688 112.472 1.39688 3300 0 0.0392726
27.4359 10136 8688 0.0749908 1.1615 1.39628 1.1615 1.39628 3307 0 0.0393071
27.5051 11584 7240 0.0731384 0.836847 1.39488 0.836847 1.39488 3312 0 0.0394078
27.5749 10136 8688 0.078706 1.1615 1.39429 1.1615 1.39429 3319 0 0.0394323
27.6444 11584 7240 0.0758323 0.833952 1.39288 0.833952 1.39288 3324 0 0.0394859
27.7139 10136 8688 0.0812197 1.16552 1.39231 1.16552 1.39231 3331 0 0.0395327
27.7836 11584 7240 0.0775163 0.831076 1.3909 0.831076 1.3909 3336 0 0.039542
27.8531 13032 8688 0.0836603 1.16753 1.39034 1.16753 1.39034 3343 0 0.0396422
27.8538 11584 10136 0.0790264 112.472 1.39322 112.472 1.39322 3350 0 0.0392919
27.9239 10136 8688 0.0752911 1.15752 1.39263 1.15752 1.39263 3357 0 0.0393162
27.9933 11584 7240 0.0734489 0.833952 1.39124 0.833952 1.39124 3362 0 0.0394161
28.0629 10136 8688 0.078789 1.16552 1.39068 1.16552 1.39068 3369 0 0.0394354
28.1323 11584 7240 0.075888 0.833952 1.38931 0.833952 1.38931 3374 0 0.0394876
28.2017 13032 8688 0.081257 1.16956 1.38877 1.16956 1.38877 3381 0 0.0395342
28.2714 11584 10136 0.0774456 1.16351 1.38821 1.16351 1.38821 3388 0 0.0392342
28.3408 13032 8688 0.0829738 1.16753 1.38767 1.16753 1.38767 3395 0 0.0396102
28.3415 11584 10136 0.0785665 112.472 1.3905 112.472 1.3905 3402 0 0.0392746
28.4113 10136 8688 0.0750215 1.1615 1.38993 1.1615 1.38993 3409 0 0.039308
28.4806 11584 7240 0.073239 0.836847 1.38859 0.836847 1.38859 3414 0 0.0394105
28.5504 10136 8688 0.0786777 1.1615 1.38803 1.1615 1.38803 3421 0 0.0394312
28.6198 11584 7240 0.0756884 0.833952 1.38669 0.833952 1.38669 3426 0 0.0394813
28.6894 13032 8688 0.0813576 1.16552 1.38615 1.16552 1.38615 3433 0 0.0395385
28.7591 11584 10136 0.0774994 1.16351 1.38561 1.16351 1.38561 3440 0 0.0392361
28.8288 13032 8688 0.083021 1.16351 1.38508 1.16351 1.38508 3447 0 0.0396123
28.8295 11584 10136 0.078723 112.472 1.38785 112.472 1.38785 3454 0 0.0392804
28.8993 10136 8688 0.0751133 1.1615 1.38731 1.1615 1.38731 3461 0 0.0393108
28.9685 11584 7240 0.0733005 0.836847 1.38599 0.836847 1.38599 3466 0 0.0394121
29.0379 10136 8688 0.0784845 1.16956 1.38548 1.16956 1.38548 3473 0 0.0394241
29.1072 11584 7240 0.0755746 0.835397 1.38416 0.835397 1.38416 3478 0 0.0394778
29.1768 10136 8688 0.081172 1.16552 1.38364 1.16552 1.38364 3485 0 0.0395306
29.2465 11584 7240 0.0774844 0.831076 1.38233 0.831076 1.38233 3490 0 0.0395409
29.3159 13032 8688 0.0834046 1.16753 1.38182 1.16753 1.38182 3497 0 0.0396301
29.3166 11584 10136 0.07898 112.472 1.38455 112.472 1.38455 3504 0 0.0392901
29.3867 10136 8688 0.0753596 1.15752 1.38401 1.15752 1.38401 3511 0 0.0393183
29.4564 11584 7240 0.0735905 0.831076 1.3827 0.831076 1.3827 3516 0 0.0394199
29.5262 10136 8688 0.0790089 1.1615 1.38218 1.1615 1.38218 3523 0 0.0394437
29.5956 11584 7240 0.0760352 0.833952 1.38089 0.833952 1.38089 3528 0 0.0394923
29.665 13032 8688 0.0812599 1.16956 1.3804 1.16956 1.3804 3535 0 0.0395344
29.7347 11584 10136 0.0775433 1.16351 1.37989 1.16351 1.37989 3542 0 0.0392376
29.8044 13032 8688 0.0831424 1.16351 1.37938 1.16351 1.37938 3549 0 0.0396179
29.8051 11584 10136 0.078695 112.472 1.38207 112.472 1.38207 3556 0 0.0392794
29.8751 10136 8688 0.0752219 1.15752 1.38154 1.15752 1.38154 3563 0 0.0393141
29.9443 11584 7240 0.0734025 0.836847 1.38028 0.836847 1.38028 3568 0 0.0394148
30.0138 10136 8688 0.0786622 1.16753 1.37979 1.16753 1.37979 3575 0 0.0394307
30.0831 11584 7240 0.0756937 0.835397 1.37854 0.835397 1.37854 3580 0 0.0394815
30.1527 13032 8688 0.0812518 1.16552 1.37805 1.16552 1.37805 3587 0 0.039534
30.2224 11584 10136 0.0774421 1.16351 1.37755 1.16351 1.37755 3594 0 0.0392341
30.2921 13032 8688 0.0830968 1.16351 1.37706 1.16351 1.37706 3601 0 0.0396158
30.2928 11584 10136 0.0786488 112.472 1.3797 112.472 1.3797 3608 0 0.0392776
30.3626 10136 8688 0.074986 1.1615 1.3792 1.1615 1.3792 3615 0 0.039307
30.4321 11584 7240 0.0732309 0.833952 1.37796 0.833952 1.37796 3620 0 0.0394102
30.5017 10136 8688 0.078768 1.16552 1.37747 1.16552 1.37747 3627 0 0.0394346
30.5711 11584 7240 0.0756688 0.833952 1.37624 0.833952 1.37624 3632 0 0.0394807
30.6404 13032 8688 0.0813445 1.16956 1.37577 1.16956 1.37577 3639 0 0.039538
30.7101 11584 10136 0.0773949 1.16351 1.37529 1.16351 1.37529 3646 0 0.0392324
30.7796 13032 8688 0.0829597 1.16753 1.37482 1.16753 1.37482 3653 0 0.0396095
30.7803 11584 10136 0.0785863 112.472 1.37742 112.472 1.37742 3660 0 0.0392753
30.8501 10136 8688 0.0750331 1.1615 1.37693 1.1615 1.37693 3667 0 0.0393084
30.9193 11584 7240 0.0732761 0.836847 1.37572 0.836847 1.37572 3672 0 0.0394114
30.9891 10136 8688 0.0787025 1.1615 1.37524 1.1615 1.37524 3679 0 0.0394322
31.0586 11584 7240 0.07583 0.833952 1.37403 0.833952 1.37403 3684 0 0.0394858
31.1282 10136 8688 0.0812475 1.16552 1.37356 1.16552 1.37356 3691 0 0.0395338
31.1979 11584 7240 0.0775349 0.831076 1.37235 0.831076 1.37235 3696 0 0.0395427
31.2673 13032 8688 0.0836728 1.16753 1.3719 1.16753 1.3719 3703 0 0.0396428
31.268 11584 10136 0.0790503 112.472 1.37446 112.472 1.37446 3710 0 0.0392928
31.3381 10136 8688 0.0754301 1.15752 1.37397 1.15752 1.37397 3717 0 0.0393205
31.4078 11584 7240 0.0736378 0.831076 1.37277 0.831076 1.37277 3722 0 0.0394212
31.4775 10136 8688 0.0789448 1.16351 1.37231 1.16351 1.37231 3729 0 0.0394413
31.5467 11584 7240 0.0758673 0.836847 1.37113 0.836847 1.37113 3734 0 0.039487
31.616 13032 8688 0.0812725 1.16956 1.37069 1.16956 1.37069 3741 0 0.0395349
31.6855 11584 10136 0.0775517 1.16753 1.37024 1.16753 1.37024 3748 0 0.0392379
31.7549 13032 8688 0.0827472 1.16753 1.3698 1.16753 1.3698 3755 0 0.0395998
31.7556 11584 10136 0.0784146 112.472 1.37232 112.472 1.37232 3762 0 0.039269
31.8255 10136 8688 0.0749325 1.1615 1.37186 1.1615 1.37186 3769 0 0.0393054
31.8949 11584 7240 0.0731794 0.833952 1.37069 0.833952 1.37069 3774 0 0.0394089
31.9647 10136 8688 0.0787335 1.1615 1.37023 1.1615 1.37023 3781 0 0.0394333
32.0344 11584 7240 0.0758507 0.831076 1.36906 0.831076 1.36906 3786 0 0.0394864
32.104 13032 8688 0.0813414 1.16552 1.36862 1.16552 1.36862 3793 0 0.0395378
32.1737 11584 10136 0.0775979 1.16351 1.36817 1.16351 1.36817 3800 0 0.0392395
32.2431 13032 8688 0.0831744 1.16753 1.36774 1.16753 1.36774 3807 0 0.0396194
32.2439 11584 10136 0.0785915 112.472 1.37023 112.472 1.37023 3814 0 0.0392755
32.3137 10136 8688 0.0749524 1.1615 1.36978 1.1615 1.36978 3821 0 0.0393059
32.3829 11584 7240 0.0730834 0.836847 1.36864 0.836847 1.36864 3826 0 0.0394064
32.4524 10136 8688 0.0785734 1.16552 1.3682 1.16552 1.3682 3833 0 0.0394273
32.5218 11584 7240 0.0756185 0.835397 1.36707 0.835397 1.36707 3838 0 0.0394791
32.5911 10136 8688 0.0812015 1.16956 1.36664 1.16956 1.36664 3845 0 0.0395319
32.6608 11584 7240 0.0773947 0.831076 1.3655 0.831076 1.3655 3850 0 0.0395378
32.73 13032 8688 0.0835789 1.17159 1.36509 1.17159 1.36509 3857 0 0.0396383
32.7307 11584 10136 0.0788624 112.472 1.36754 112.472 1.36754 3864 0 0.0392857
32.8008 10136 8688 0.075195 1.15752 1.36709 1.15752 1.36709 3871 0 0.0393133
32.8702 11584 7240 0.0733845 0.833952 1.36596 0.833952 1.36596 3876 0 0.0394143
32.9401 10136 8688 0.0788709 1.1615 1.36553 1.1615 1.36553 3883 0 0.0394385
33.0095 11584 7240 0.0759428 0.833952 1.36441 0.833952 1.36441 3888 0 0.0394894
33.0791 13032 8688 0.081323 1.16552 1.36399 1.16552 1.36399 3895 0 0.039537
33.1488 11584 10136 0.0775855 1.16351 1.36357 1.16351 1.36357 3902 0 0.0392391
33.2185 13032 8688 0.0830715 1.16351 1.36315 1.16351 1.36315 3909 0 0.0396147
33.2192 11584 10136 0.0785518 112.472 1.36556 112.472 1.36556 3916 0 0.039274
33.289 10136 8688 0.0751379 1.1615 1.36514 1.1615 1.36514 3923 0 0.0393115
33.3582 11584 7240 0.0732369 0.836847 1.36404 0.836847 1.36404 3928 0 0.0394104
33.4278 10136 8688 0.0786763 1.16552 1.36363 1.16552 1.36363 3935 0 0.0394312
33.4972 11584 7240 0.0757031 0.833952 1.36253 0.833952 1.36253 3940 0 0.0394818
33.5666 13032 8688 0.0812581 1.16956 1.36213 1.16956 1.36213 3947 0 0.0395343
33.6363 11584 10136 0.0774463 1.16351 1.36172 1.16351 1.36172 3954 0 0.0392342
33.7057 13032 8688 0.0828649 1.16753 1.36132 1.16753 1.36132 3961 0 0.0396052
33.7064 11584 10136 0.0785228 112.472 1.3637 112.472 1.3637 3968 0 0.039273
33.7763 10136 8688 0.0751053 1.1615 1.36328 1.1615 1.36328 3975 0 0.0393105
33.8455 11584 7240 0.0731994 0.836847 1.3622 0.836847 1.3622 3980 0 0.0394094
33.915 10136 8688 0.0786512 1.16552 1.3618 1.16552 1.3618 3987 0 0.0394302
33.9844 11584 7240 0.0757956 0.835397 1.36072 0.835397 1.36072 3992 0 0.0394847
34.0539 10136 8688 0.0810994 1.16552 1.36032 1.16552 1.36032 3999 0 0.0395276
34.1239 11584 7240 0.0774357 0.82822 1.35923 0.82822 1.35923 4004 0 0.0395392
34.1933 13032 8688 0.0837021 1.16753 1.35884 1.16753 1.35884 4011 0 0.0396442
34.194 11584 10136 0.0790699 112.472 1.36119 112.472 1.36119 4018 0 0.0392935
34.2641 10136 8688 0.0754416 1.15752 1.36077 1.15752 1.36077 4025 0 0.0393208
34.3336 11584 7240 0.0736455 0.833952 1.35971 0.833952 1.35971 4030 0 0.0394214
34.4034 10136 8688 0.07895 1.1615 1.3593 1.1615 1.3593 4037 0 0.0394415
34.4728 11584 7240 0.0758708 0.833952 1.35824 0.833952 1.35824 4042 0 0.0394871
34.5423 13032 8688 0.0814798 1.16753 1.35786 1.16753 1.35786 4049 0 0.0395438
34.612 11584 10136 0.0774562 1.16351 1.35747 1.16351 1.35747 4056 0 0.0392346
34.6817 13032 8688 0.0829957 1.16351 1.35708 1.16351 1.35708 4063 0 0.0396112
34.6824 11584 10136 0.0786104 112.472 1.35939 112.472 1.35939 4070 0 0.0392762
34.7524 10136 8688 0.0751566 1.15752 1.35898 1.15752 1.35898 4077 0 0.0393121
34.8219 11584 7240 0.0733295 0.833952 1.35794 0.833952 1.35794 4082 0 0.0394129
34.8917 10136 8688 0.078834 1.1615 1.35754 1.1615 1.35754 4089 0 0.0394371
34.9611 11584 7240 0.0758087 0.833952 1.3565 0.833952 1.3565 4094 0 0.0394851
35.0307 13032 8688 0.0814383 1.16552 1.35612 1.16552 1.35612 4101 0 0.039542
35.1004 11584 10136 0.077567 1.16351 1.35574 1.16351 1.35574 4108 0 0.0392385
35.1701 13032 8688 0.08317 1.16351 1.35536 1.16351 1.35536 4115 0 0.0396192
35.1708 11584 10136 0.0786979 112.472 1.35764 112.472 1.35764 4122 0 0.0392795
35.2406 10136 8688 0.0750148 1.1615 1.35725 1.1615 1.35725 4129 0 0.0393078
35.3101 11584 7240 0.0732502 0.833952 1.35622 0.833952 1.35622 4134 0 0.0394108
35.3797 10136 8688 0.0787809 1.16552 1.35585 1.16552 1.35585 4141 0 0.0394351
35.4491 11584 7240 0.0756774 0.833952 1.35482 0.833952 1.35482 4146 0 0.039481
35.5187 13032 8688 0.0813503 1.16552 1.35445 1.16552 1.35445 4153 0 0.0395382
35.5886 11584 10136 0.0775081 1.15951 1.35407 1.15951 1.35407 4160 0 0.0392364
35.6583 13032 8688 0.0832312 1.16351 1.3537 1.16351 1.3537 4167 0 0.0396221
35.659 11584 10136 0.0787545 112.472 1.35594 112.472 1.35594 4174 0 0.0392816
35.729 10136 8688 0.0751317 1.15951 1.35556 1.15951 1.35556 4181 0 0.0393113
35.7984 11584 7240 0.0733421 0.833952 1.35455 0.833952 1.35455 4186 0 0.0394132
35.8682 10136 8688 0.0788425 1.1615 1.35417 1.1615 1.35417 4193 0 0.0394374
35.9379 11584 7240 0.0759238 0.831076 1.35316 0.831076 1.35316 4198 0 0.0394888
36.0075 13032 8688 0.0815153 1.16552 1.35279 1.16552 1.35279 4205 0 0.0395453
36.0772 11584 10136 0.077605 1.16351 1.35243 1.16351 1.35243 4212 0 0.0392398
36.1466 13032 8688 0.0830829 1.16753 1.35207 1.16753 1.35207 4219 0 0.0396152
36.1474 11584 10136 0.0786688 112.472 1.35429 112.472 1.35429 4226 0 0.0392784
36.2172 10136 8688 0.0750815 1.1615 1.35392 1.1615 1.35392 4233 0 0.0393098
36.2864 11584 7240 0.0733085 0.836847 1.35293 0.836847 1.35293 4238 0 0.0394123
36.356 10136 8688 0.0785993 1.16552 1.35257 1.16552 1.35257 4245 0 0.0394283
36.4253 11584 7240 0.0757608 0.835397 1.35159 0.835397 1.35159 4250 0 0.0394836
36.4946 10136 8688 0.0811718 1.16956 1.35124 1.16956 1.35124 4257 0 0.0395306
36.5643 11584 7240 0.0773885 0.831076 1.35025 0.831076 1.35025 4262 0 0.0395375
36.6338 13032 8688 0.0834497 1.16753 1.3499 1.16753 1.3499 4269 0 0.0396323
36.6345 11584 10136 0.0790103 112.472 1.35209 112.472 1.35209 4276 0 0.0392913
36.7048 10136 8688 0.0754611 1.15356 1.35171 1.15356 1.35171 4283 0 0.0393214
36.7745 11584 7240 0.0736585 0.831076 1.35072 0.831076 1.35072 4288 0 0.0394217
36.8443 10136 8688 0.0790544 1.1615 1.35037 1.1615 1.35037 4295 0 0.0394454
36.9135 11584 7240 0.0759408 0.836847 1.3494 0.836847 1.3494 4300 0 0.0394893
36.9828 10136 8688 0.0811966 1.16956 1.34907 1.16956 1.34907 4307 0 0.0395317
37.0524 11584 7240 0.0775009 0.832511 1.3481 0.832511 1.3481 4312 0 0.0395415
37.1219 13032 8688 0.0834156 1.16753 1.34776 1.16753 1.34776 4319 0 0.0396307
37.1226 11584 10136 0.0789874 112.472 1.34992 112.472 1.34992 4326 0 0.0392904
37.1929 10136 8688 0.0754477 1.15356 1.34955 1.15356 1.34955 4333 0 0.039321
37.2623 11584 7240 0.0735538 0.833952 1.34858 0.833952 1.34858 4338 0 0.0394189
37.3319 10136 8688 0.0788593 1.16552 1.34824 1.16552 1.34824 4345 0 0.039438
37.4011 11584 7240 0.0758257 0.836847 1.3473 0.836847 1.3473 4350 0 0.0394856
37.4707 13032 8688 0.0813402 1.16552 1.34696 1.16552 1.34696 4357 0 0.0395378
37.5405 11584 10136 0.0775014 1.1615 1.34661 1.1615 1.34661 4364 0 0.0392362
37.6102 13032 8688 0.0831315 1.16351 1.34627 1.16351 1.34627 4371 0 0.0396174
37.6109 11584 10136 0.0786721 112.472 1.34841 112.472 1.34841 4378 0 0.0392785
37.6807 10136 8688 0.0750834 1.1615 1.34806 1.1615 1.34806 4385 0 0.0393099
37.7499 11584 7240 0.0730754 0.836847 1.34712 0.836847 1.34712 4390 0 0.0394062
37.8198 10136 8688 0.0786638 1.1615 1.34678 1.1615 1.34678 4397 0 0.0394307
37.8893 11584 7240 0.0758041 0.832511 1.34583 0.832511 1.34583 4402 0 0.039485
37.9589 13032 8688 0.0813101 1.16552 1.3455 1.16552 1.3455 4409 0 0.0395365
38.0286 11584 10136 0.0775769 1.16351 1.34517 1.16351 1.34517 4416 0 0.0392388
38.098 13032 8688 0.0831621 1.16753 1.34485 1.16753 1.34485 4423 0 0.0396189
38.0988 11584 10136 0.0785832 112.472 1.34695 112.472 1.34695 4430 0 0.0392752
38.1686 10136 8688 0.0749476 1.1615 1.34661 1.1615 1.34661 4437 0 0.0393058
38.2378 11584 7240 0.0730801 0.836847 1.34569 0.836847 1.34569 4442 0 0.0394063
38.3074 10136 8688 0.0785713 1.16552 1.34536 1.16552 1.34536 4449 0 0.0394273
38.3767 11584 7240 0.0756171 0.835397 1.34444 0.835397 1.34444 4454 0 0.0394791
38.4463 10136 8688 0.0812142 1.16552 1.34412 1.16552 1.34412 4461 0 0.0395324
38.5162 11584 7240 0.0775126 0.82822 1.34318 0.82822 1.34318 4466 0 0.0395419
38.5857 13032 8688 0.0836579 1.16753 1.34286 1.16753 1.34286 4473 0 0.0396421
38.5864 11584 10136 0.079054 112.472 1.34494 112.472 1.34494 4480 0 0.0392929
38.6564 10136 8688 0.0754167 1.15752 1.3446 1.15752 1.3446 4487 0 0.03932
38.7259 11584 7240 0.0735037 0.833952 1.34368 0.833952 1.34368 4492 0 0.0394175
38.7957 10136 8688 0.0789507 1.1615 1.34336 1.1615 1.34336 4499 0 0.0394415
38.8651 11584 7240 0.0758869 0.833952 1.34245 0.833952 1.34245 4504 0 0.0394876
38.9347 13032 8688 0.0814907 1.16552 1.34213 1.16552 1.34213 4511 0 0.0395442
39.0044 11584 10136 0.0776021 1.16351 1.34181 1.16351 1.34181 4518 0 0.0392397
39.0741 13032 8688 0.0831906 1.16351 1.34149 1.16351 1.34149 4525 0 0.0396202
39.0748 11584 10136 0.0787117 112.472 1.34354 112.472 1.34354 4532 0 0.03928
39.1446 10136 8688 0.0750229 1.1615 1.34322 1.1615 1.34322 4539 0 0.0393081
39.2139 11584 7240 0.0731306 0.836847 1.34232 0.836847 1.34232 4544 0 0.0394076
39.2832 10136 8688 0.0784957 1.16956 1.34202 1.16956 1.34202 4551 0 0.0394245
39.3525 11584 7240 0.0756914 0.835397 1.34113 0.835397 1.34113 4556 0 0.0394814
39.4221 10136 8688 0.0811546 1.16552 1.34082 1.16552 1.34082 4563 0 0.0395299
39.4918 11584 7240 0.0774727 0.831076 1.33992 0.831076 1.33992 4568 0 0.0395405
39.5612 13032 8688 0.0836311 1.16753 1.33961 1.16753 1.33961 4575 0 0.0396408
39.562 11584 10136 0.0788974 112.472 1.34164 112.472 1.34164 4582 0 0.039287
39.632 10136 8688 0.0753405 1.15752 1.34131 1.15752 1.34131 4589 0 0.0393177
39.7017 11584 7240 0.0735777 0.831076 1.34042 0.831076 1.34042 4594 0 0.0394195
39.7715 10136 8688 0.0790003 1.1615 1.3401 1.1615 1.3401 4601 0 0.0394434
39.841 11584 7240 0.0757951 0.833952 1.33922 0.833952 1.33922 4606 0 0.0394847
39.9103 13032 8688 0.0814292 1.16956 1.33893 1.16956 1.33893 4613 0 0.0395416
39.98 11584 10136 0.0774223 1.16351 1.33862 1.16351 1.33862 4620 0 0.0392334
40.0494 13032 8688 0.0829758 1.16753 1.33832 1.16753 1.33832 4627 0 0.0396103
40.0502 11584 10136 0.0784877 112.472 1.34033 112.472 1.34033 4634 0 0.0392717
40.12 10136 8688 0.0749753 1.1615 1.34001 1.1615 1.34001 4641 0 0.0393066
40.1892 11584 7240 0.073128 0.836847 1.33915 0.836847 1.33915 4646 0 0.0394075
40.2588 10136 8688 0.078699 1.16552 1.33885 1.16552 1.33885 4653 0 0.039432
40.328 11584 7240 0.0755933 0.836847 1.33799 0.836847 1.33799 4658 0 0.0394783
40.3975 10136 8688 0.0811846 1.16552 1.33769 1.16552 1.33769 4665 0 0.0395312
40.4674 11584 7240 0.0774928 0.829645 1.33681 0.829645 1.33681 4670 0 0.0395412
40.5368 13032 8688 0.0835196 1.16753 1.33652 1.16753 1.33652 4677 0 0.0396355
40.5375 11584 10136 0.0790571 112.472 1.3385 112.472 1.3385 4684 0 0.039293
40.6076 10136 8688 0.0754048 1.15752 1.33819 1.15752 1.33819 4691 0 0.0393197
40.677 11584 7240 0.0735114 0.833952 1.33733 0.833952 1.33733 4696 0 0.0394177
40.7467 10136 8688 0.0789559 1.16351 1.33703 1.16351 1.33703 4703 0 0.0394417
40.8162 11584 7240 0.0757947 0.833952 1.33617 0.833952 1.33617 4708 0 0.0394847
40.8855 13032 8688 0.0814288 1.16956 1.33589 1.16956 1.33589 4715 0 0.0395416
40.9552 11584 10136 0.0774514 1.16351 1.3356 1.16351 1.3356 4722 0 0.0392344
41.0247 13032 8688 0.0829928 1.16753 1.33531 1.16753 1.33531 4729 0 0.039611
41.0254 11584 10136 0.0786085 112.472 1.33727 112.472 1.33727 4736 0 0.0392761
41.0952 10136 8688 0.0750461 1.1615 1.33697 1.1615 1.33697 4743 0 0.0393088
41.1644 11584 7240 0.0732848 0.836847 1.33613 0.836847 1.33613 4748 0 0.0394117
41.2342 10136 8688 0.0787084 1.1615 1.33583 1.1615 1.33583 4755 0 0.0394324
41.3037 11584 7240 0.0758339 0.833952 1.33499 0.833952 1.33499 4760 0 0.0394859
41.3732 13032 8688 0.0813594 1.16552 1.3347 1.16552 1.3347 4767 0 0.0395386
41.4429 11584 10136 0.0774849 1.16351 1.33441 1.16351 1.33441 4774 0 0.0392356
41.5126 13032 8688 0.0830125 1.16351 1.33413 1.16351 1.33413 4781 0 0.039612
41.5134 11584 10136 0.0786217 112.472 1.33606 112.472 1.33606 4788 0 0.0392766
41.5832 10136 8688 0.0750539 1.1615 1.33576 1.1615 1.33576 4795 0 0.039309
41.6526 11584 7240 0.0733857 0.833952 1.33493 0.833952 1.33493 4800 0 0.0394144
41.7222 10136 8688 0.0786666 1.16552 1.33464 1.16552 1.33464 4807 0 0.0394308
41.7916 11584 7240 0.0758059 0.833952 1.33381 0.833952 1.33381 4812 0 0.039485
41.861 10136 8688 0.0811063 1.16956 1.33354 1.16956 1.33354 4819 0 0.0395279
41.9307 11584 7240 0.0774404 0.831076 1.33271 0.831076 1.33271 4824 0 0.0395394
41.9999 13032 8688 0.0834845 1.17159 1.33244 1.17159 1.33244 4831 0 0.0396339
42.0006 11584 10136 0.0789085 112.472 1.33435 112.472 1.33435 4838 0 0.0392874
42.0707 10136 8688 0.0753177 1.15752 1.33405 1.15752 1.33405 4845 0 0.039317
42.1401 11584 7240 0.0734531 0.833952 1.33323 0.833952 1.33323 4850 0 0.0394162
42.2099 10136 8688 0.0789168 1.1615 1.33294 1.1615 1.33294 4857 0 0.0394402
42.2794 11584 7240 0.0759736 0.833952 1.33212 0.833952 1.33212 4862 0 0.0394903
42.3489 13032 8688 0.0813143 1.16552 1.33185 1.16552 1.33185 4869 0 0.0395367
42.4186 11584 10136 0.0775797 1.16351 1.33157 1.16351 1.33157 4876 0 0.0392389
42.4883 13032 8688 0.0831638 1.16351 1.3313 1.16351 1.3313 4883 0 0.0396189
42.4891 11584 10136 0.0787093 112.472 1.33318 112.472 1.33318 4890 0 0.0392799
42.5589 10136 8688 0.0751052 1.1615 1.3329 1.1615 1.3329 4897 0 0.0393105
42.6283 11584 7240 0.0733244 0.833952 1.33209 0.833952 1.33209 4902 0 0.0394127
42.6979 10136 8688 0.0787056 1.16552 1.33182 1.16552 1.33182 4909 0 0.0394323
42.7673 11584 7240 0.0758321 0.833952 1.33101 0.833952 1.33101 4914 0 0.0394858
42.8367 10136 8688 0.0812195 1.16956 1.33075 1.16956 1.33075 4921 0 0.0395326
42.9064 11584 7240 0.0774205 0.831076 1.32994 0.831076 1.32994 4926 0 0.0395387
42.9756 13032 8688 0.0834712 1.17159 1.32968 1.17159 1.32968 4933 0 0.0396333
42.9763 11584 10136 0.0789289 112.472 1.33155 112.472 1.33155 4940 0 0.0392882
43.0464 10136 8688 0.0753433 1.15752 1.33126 1.15752 1.33126 4947 0 0.0393178
43.1158 11584 7240 0.0734546 0.833952 1.33046 0.833952 1.33046 4952 0 0.0394162
43.1856 10136 8688 0.0789178 1.1615 1.33019 1.1615 1.33019 4959 0 0.0394403
43.2551 11584 7240 0.0758649 0.833952 1.32939 0.833952 1.32939 4964 0 0.0394869
43.3246 13032 8688 0.0814759 1.16552 1.32913 1.16552 1.32913 4971 0 0.0395436
43.3943 11584 10136 0.0775922 1.16351 1.32886 1.16351 1.32886 4978 0 0.0392393
43.464 13032 8688 0.0831848 1.16351 1.3286 1.16351 1.3286 4985 0 0.0396199
43.4648 11584 10136 0.0787078 112.472 1.33044 112.472 1.33044 4992 0 0.0392798
43.5346 10136 8688 0.0750206 1.1615 1.33017 1.1615 1.33017 4999 0 0.039308
43.604 11584 7240 0.073254 0.833952 1.32938 0.833952 1.32938 5004 0 0.0394109
43.6736 10136 8688 0.0787835 1.16552 1.32912 1.16552 1.32912 5011 0 0.0394352
43.743 11584 7240 0.0756792 0.833952 1.32833 0.833952 1.32833 5016 0 0.039481
43.8124 13032 8688 0.0813515 1.16956 1.32808 1.16956 1.32808 5023 0 0.0395383
43.8821 11584 10136 0.0773995 1.16351 1.32782 1.16351 1.32782 5030 0 0.0392326
43.9518 13032 8688 0.0829625 1.16351 1.32756 1.16351 1.32756 5037 0 0.0396096
43.9525 11584 10136 0.0786838 112.472 1.32938 112.472 1.32938 5044 0 0.0392789
44.0225 10136 8688 0.075186 1.15752 1.32911 1.15752 1.32911 5051 0 0.039313
44.092 11584 7240 0.0732398 0.833952 1.32833 0.833952 1.32833 5056 0 0.0394105
44.1618 10136 8688 0.078774 1.1615 1.32807 1.1615 1.32807 5063 0 0.0394348
44.2313 11584 7240 0.0759736 0.833952 1.32729 0.833952 1.32729 5068 0 0.0394903
44.3008 13032 8688 0.0813143 1.16552 1.32704 1.16552 1.32704 5075 0 0.0395367
44.3705 11584 10136 0.0775797 1.16351 1.32678 1.16351 1.32678 5082 0 0.0392389
44.4402 13032 8688 0.0830681 1.16351 1.32652 1.16351 1.32652 5089 0 0.0396145
44.4409 11584 10136 0.0786296 112.472 1.32833 112.472 1.32833 5096 0 0.0392769
44.5107 10136 8688 0.0750585 1.1615 1.32806 1.1615 1.32806 5103 0 0.0393091
44.5802 11584 7240 0.0731837 0.833952 1.32729 0.833952 1.32729 5108 0 0.039409
44.65 10136 8688 0.0788614 1.1615 1.32704 1.1615 1.32704 5115 0 0.0394381
44.7197 11584 7240 0.0759364 0.831076 1.32626 0.831076 1.32626 5120 0 0.0394892
44.7892 13032 8688 0.0813187 1.16753 1.32602 1.16753 1.32602 5127 0 0.0395369
44.8588 11584 10136 0.0775827 1.16351 1.32576 1.16351 1.32576 5134 0 0.039239
44.9284 13032 8688 0.0830698 1.16552 1.32552 1.16552 1.32552 5141 0 0.0396146
44.9291 11584 10136 0.0785507 112.472 1.3273 112.472 1.3273 5148 0 0.039274
44.999 10136 8688 0.0750122 1.1615 1.32704 1.1615 1.32704 5155 0 0.0393077
45.0682 11584 7240 0.0731527 0.836847 1.32629 0.836847 1.32629 5160 0 0.0394082
45.138 10136 8688 0.0787156 1.1615 1.32603 1.1615 1.32603 5167 0 0.0394326
45.2074 11584 7240 0.0758388 0.833952 1.32528 0.833952 1.32528 5172 0 0.0394861
45.277 13032 8688 0.081349 1.16552 1.32503 1.16552 1.32503 5179 0 0.0395382
45.3467 11584 10136 0.077603 1.16351 1.32478 1.16351 1.32478 5186 0 0.0392397
45.4164 13032 8688 0.082998 1.16351 1.32454 1.16351 1.32454 5193 0 0.0396113
45.4171 11584 10136 0.0785982 112.472 1.3263 112.472 1.3263 5200 0 0.0392758
45.4869 10136 8688 0.0750401 1.1615 1.32605 1.1615 1.32605 5207 0 0.0393086
45.5564 11584 7240 0.0732808 0.833952 1.3253 0.833952 1.3253 5212 0 0.0394116
45.6259 10136 8688 0.0786764 1.16552 1.32506 1.16552 1.32506 5219 0 0.0394312
45.6954 11584 7240 0.0758125 0.833952 1.32431 0.833952 1.32431 5224 0 0.0394852
45.7647 10136 8688 0.0812064 1.16956 1.32407 1.16956 1.32407 5231 0 0.0395321
45.8344 11584 7240 0.0774117 0.831076 1.32332 0.831076 1.32332 5236 0 0.0395384
45.9039 13032 8688 0.0834653 1.16753 1.32309 1.16753 1.32309 5243 0 0.039633
45.9046 11584 10136 0.0790207 112.472 1.32483 112.472 1.32483 5250 0 0.0392916
45.9749 10136 8688 0.0754672 1.15356 1.32457 1.15356 1.32457 5257 0 0.0393216
46.0446 11584 7240 0.0736626 0.831076 1.32383 0.831076 1.32383 5262 0 0.0394219
46.1144 10136 8688 0.0790572 1.1615 1.32358 1.1615 1.32358 5269 0 0.0394456
46.1836 11584 7240 0.0759426 0.836847 1.32285 0.836847 1.32285 5274 0 0.0394894
46.2529 10136 8688 0.0811979 1.16956 1.32262 1.16956 1.32262 5281 0 0.0395317
46.3224 11584 7240 0.0775017 0.833952 1.32189 0.833952 1.32189 5286 0 0.0395415
46.3918 13032 8688 0.0834162 1.16753 1.32166 1.16753 1.32166 5293 0 0.0396307
46.3926 11584 10136 0.0789878 112.472 1.32338 112.472 1.32338 5300 0 0.0392904
46.4626 10136 8688 0.0753642 1.15752 1.32313 1.15752 1.32313 5307 0 0.0393184
46.5321 11584 7240 0.0734842 0.833952 1.3224 0.833952 1.3224 5312 0 0.039417
46.6015 10136 8688 0.0789377 1.16753 1.32217 1.16753 1.32217 5319 0 0.039441
46.6707 11584 7240 0.0756575 0.836847 1.32145 0.836847 1.32145 5324 0 0.0394803
46.7403 10136 8688 0.0812412 1.16552 1.32122 1.16552 1.32122 5331 0 0.0395336
46.81 11584 7240 0.0775307 0.831076 1.32049 0.831076 1.32049 5336 0 0.0395425
46.8795 13032 8688 0.08367 1.16753 1.32027 1.16753 1.32027 5343 0 0.0396426
46.8802 11584 10136 0.0789528 112.472 1.32197 112.472 1.32197 5350 0 0.0392891
46.9502 10136 8688 0.0753729 1.15752 1.32173 1.15752 1.32173 5357 0 0.0393187
47.0197 11584 7240 0.0735994 0.833952 1.32101 0.833952 1.32101 5362 0 0.0394201
47.0893 10136 8688 0.0789192 1.16552 1.32078 1.16552 1.32078 5369 0 0.0394403
47.1587 11584 7240 0.0758501 0.833952 1.32006 0.833952 1.32006 5374 0 0.0394864
47.2283 13032 8688 0.0813703 1.16552 1.31983 1.16552 1.31983 5381 0 0.0395391
47.2982 11584 10136 0.0776172 1.15951 1.3196 1.15951 1.3196 5388 0 0.0392402
47.3679 13032 8688 0.0830901 1.16351 1.31937 1.16351 1.31937 5395 0 0.0396155
47.3686 11584 10136 0.0787693 112.472 1.32106 112.472 1.32106 5402 0 0.0392821
47.4384 10136 8688 0.0751404 1.1615 1.32082 1.1615 1.32082 5409 0 0.0393116
47.5077 11584 7240 0.0733187 0.836847 1.32012 0.836847 1.32012 5414 0 0.0394126
47.5772 10136 8688 0.0786217 1.16552 1.31989 1.16552 1.31989 5421 0 0.0394291
47.6464 11584 7240 0.0757759 0.836847 1.31919 0.836847 1.31919 5426 0 0.0394841
47.716 10136 8688 0.0812112 1.16552 1.31897 1.16552 1.31897 5433 0 0.0395323
47.7857 11584 7240 0.0775106 0.831076 1.31826 0.831076 1.31826 5438 0 0.0395418
47.8552 13032 8688 0.0835608 1.16753 1.31804 1.16753 1.31804 5445 0 0.0396375
47.8559 11584 10136 0.0789597 112.472 1.31971 112.472 1.31971 5452 0 0.0392893
47.9259 10136 8688 0.075252 1.15752 1.31947 1.15752 1.31947 5459 0 0.039315
47.9954 11584 7240 0.0734227 0.833952 1.31877 0.833952 1.31877 5464 0 0.0394154
48.065 10136 8688 0.0787715 1.16552 1.31855 1.16552 1.31855 5471 0 0.0394347
48.1344 11584 7240 0.0758762 0.833952 1.31785 0.833952 1.31785 5476 0 0.0394872
48.204 10136 8688 0.0812491 1.16552 1.31763 1.16552 1.31763 5483 0 0.0395339
48.2737 11584 7240 0.077536 0.831076 1.31693 0.831076 1.31693 5488 0 0.0395427
48.3429 13032 8688 0.0835485 1.17159 1.31672 1.17159 1.31672 5495 0 0.0396369
48.3436 11584 10136 0.0789515 112.472 1.31838 112.472 1.31838 5502 0 0.039289
48.4134 10136 8688 0.0752472 1.1615 1.31815 1.1615 1.31815 5509 0 0.0393149
48.4826 11584 7240 0.0733902 0.836847 1.31747 0.836847 1.31747 5514 0 0.0394145
48.5522 10136 8688 0.0786696 1.16552 1.31725 1.16552 1.31725 5521 0 0.0394309
48.6214 11584 7240 0.075808 0.836847 1.31656 0.836847 1.31656 5526 0 0.0394851
48.691 10136 8688 0.0811077 1.16552 1.31635 1.16552 1.31635 5533 0 0.0395279
48.7607 11584 7240 0.0774413 0.831076 1.31565 0.831076 1.31565 5538 0 0.0395394
48.8301 13032 8688 0.0836101 1.16753 1.31544 1.16753 1.31544 5545 0 0.0396398
48.8309 11584 10136 0.0789927 112.472 1.31708 112.472 1.31708 5552 0 0.0392906
48.9007 10136 8688 0.0751876 1.1615 1.31686 1.1615 1.31686 5559 0 0.039313
48.9699 11584 7240 0.0732409 0.836847 1.31618 0.836847 1.31618 5564 0 0.0394105
49.0395 10136 8688 0.078679 1.16552 1.31597 1.16552 1.31597 5571 0 0.0394313
49.1087 11584 7240 0.0756892 0.836847 1.31529 0.836847 1.31529 5576 0 0.0394813
49.178 10136 8688 0.0810281 1.16956 1.31509 1.16956 1.31509 5583 0 0.0395246
49.2475 11584 7240 0.077388 0.833952 1.31441 0.833952 1.31441 5588 0 0.0395375
49.3167 13032 8688 0.08334 1.17159 1.31421 1.17159 1.31421 5595 0 0.0396271
49.3174 11584 10136 0.0788411 112.472 1.31584 112.472 1.31584 5602 0 0.0392848
49.387 10136 8688 0.0750575 1.16552 1.31562 1.16552 1.31562 5609 0 0.0393091
49.456 11584 7240 0.073183 0.838303 1.31496 0.838303 1.31496 5614 0 0.039409
49.5256 10136 8688 0.0787359 1.16552 1.31475 1.16552 1.31475 5621 0 0.0394334
49.5948 11584 7240 0.0755223 0.836847 1.31408 0.836847 1.31408 5626 0 0.0394761
49.6642 10136 8688 0.081137 1.16956 1.31388 1.16956 1.31388 5633 0 0.0395291
49.7339 11584 7240 0.0773515 0.831076 1.3132 0.831076 1.3132 5638 0 0.0395363
49.8033 13032 8688 0.08355 1.16753 1.313 1.16753 1.313 5645 0 0.039637
49.804 11584 10136 0.078968 112.472 1.31461 112.472 1.31461 5652 0 0.0392896
49.8743 10136 8688 0.0754913 1.15356 1.31438 1.15356 1.31438 5659 0 0.0393224
49.944 11584 7240 0.0736787 0.831076 1.31371 0.831076 1.31371 5664 0 0.0394223
50.0138 10136 8688 0.079068 1.1615 1.31349 1.1615 1.31349 5671 0 0.039446
50.083 11584 7240 0.0759655 0.836847 1.31284 0.836847 1.31284 5676 0 0.0394901
50.1524 13032 8688 0.0814339 1.16956 1.31264 1.16956 1.31264 5683 0 0.0395418
50.2219 11584 10136 0.0773297 1.16552 1.31243 1.16552 1.31243 5690 0 0.0392302
50.2914 13032 8688 0.0829216 1.16753 1.31223 1.16753 1.31223 5697 0 0.0396078
50.2921 11584 10136 0.0784514 112.472 1.31383 112.472 1.31383 5704 0 0.0392703
50.3619 10136 8688 0.074954 1.1615 1.31362 1.1615 1.31362 5711 0 0.039306
50.4311 11584 7240 0.0731137 0.836847 1.31296 0.836847 1.31296 5716 0 0.0394072
50.501 10136 8688 0.0786895 1.1615 1.31275 1.1615 1.31275 5723 0 0.0394317
50.5704 11584 7240 0.0758213 0.833952 1.31209 0.833952 1.31209 5728 0 0.0394855
50.64 10136 8688 0.0812123 1.16552 1.31189 1.16552 1.31189 5735 0 0.0395323
50.7097 11584 7240 0.0775114 0.831076 1.31123 0.831076 1.31123 5740 0 0.0395418
50.7791 13032 8688 0.083657 1.16753 1.31104 1.16753 1.31104 5747 0 0.039642
50.7799 11584 10136 0.0790241 112.472 1.31261 112.472 1.31261 5754 0 0.0392918
50.8499 10136 8688 0.0752898 1.15752 1.3124 1.15752 1.3124 5761 0 0.0393162
50.9196 11584 7240 0.0735437 0.831076 1.31174 0.831076 1.31174 5766 0 0.0394186
50.9894 10136 8688 0.0789775 1.1615 1.31154 1.1615 1.31154 5773 0 0.0394425
51.0589 11584 7240 0.0758893 0.833952 1.31089 0.833952 1.31089 5778 0 0.0394877
51.1282 13032 8688 0.0813828 1.16956 1.31069 1.16956 1.31069 5785 0 0.0395396
51.1979 11584 10136 0.0775162 1.16351 1.31049 1.16351 1.31049 5792 0 0.0392367
51.2673 13032 8688 0.0830309 1.16753 1.3103 1.16753 1.3103 5799 0 0.0396128
51.2681 11584 10136 0.0785246 112.472 1.31186 112.472 1.31186 5806 0 0.039273
51.3379 10136 8688 0.074997 1.1615 1.31166 1.1615 1.31166 5813 0 0.0393073
51.4071 11584 7240 0.0731425 0.836847 1.31102 0.836847 1.31102 5818 0 0.0394079
51.4769 10136 8688 0.0787087 1.1615 1.31082 1.1615 1.31082 5825 0 0.0394324
51.5464 11584 7240 0.0758342 0.833952 1.31017 0.833952 1.31017 5830 0 0.0394859
51.6159 10136 8688 0.0812209 1.16552 1.30998 1.16552 1.30998 5837 0 0.0395327
51.6856 11584 7240 0.0775172 0.831076 1.30933 0.831076 1.30933 5842 0 0.039542
51.7551 13032 8688 0.0836609 1.16753 1.30914 1.16753 1.30914 5849 0 0.0396422
51.7558 11584 10136 0.0790267 112.472 1.31069 112.472 1.31069 5856 0 0.0392919
51.8258 10136 8688 0.0752913 1.15752 1.31048 1.15752 1.31048 5863 0 0.0393162
51.8955 11584 7240 0.0735448 0.831076 1.30984 0.831076 1.30984 5868 0 0.0394186
51.9652 10136 8688 0.0788689 1.16351 1.30964 1.16351 1.30964 5875 0 0.0394384
52.0344 11584 7240 0.0759414 0.836847 1.30902 0.836847 1.30902 5880 0 0.0394893
52.1038 10136 8688 0.0811971 1.16956 1.30883 1.16956 1.30883 5887 0 0.0395317
52.1732 11584 7240 0.0775012 0.833952 1.3082 0.833952 1.3082 5892 0 0.0395415
52.2424 13032 8688 0.0834158 1.17159 1.30802 1.17159 1.30802 5899 0 0.0396307
52.2432 11584 10136 0.0787825 112.472 1.30955 112.472 1.30955 5906 0 0.0392826
52.3132 10136 8688 0.0752731 1.15752 1.30935 1.15752 1.30935 5913 0 0.0393156
52.3829 11584 7240 0.0735326 0.831076 1.30871 0.831076 1.30871 5918 0 0.0394183
52.4527 10136 8688 0.0789701 1.1615 1.30852 1.1615 1.30852 5925 0 0.0394422
52.5222 11584 7240 0.0758999 0.833952 1.30789 0.833952 1.30789 5930 0 0.039488
52.5915 13032 8688 0.0814993 1.16956 1.30771 1.16956 1.30771 5937 0 0.0395446
52.6612 11584 10136 0.0774986 1.16351 1.30751 1.16351 1.30751 5944 0 0.0392361
52.7309 13032 8688 0.0830205 1.16351 1.30732 1.16351 1.30732 5951 0 0.0396123
52.7316 11584 10136 0.0787227 112.472 1.30884 112.472 1.30884 5958 0 0.0392804
52.8017 10136 8688 0.0752088 1.15752 1.30864 1.15752 1.30864 5965 0 0.0393137
52.8711 11584 7240 0.0733801 0.833952 1.30802 0.833952 1.30802 5970 0 0.0394142
52.9409 10136 8688 0.0788679 1.1615 1.30783 1.1615 1.30783 5977 0 0.0394384
53.0104 11584 7240 0.0759408 0.833952 1.30721 0.833952 1.30721 5982 0 0.0394893
53.0798 13032 8688 0.0812924 1.16753 1.30702 1.16753 1.30702 5989 0 0.0395357
53.1495 11584 10136 0.077565 1.16351 1.30684 1.16351 1.30684 5996 0 0.0392384
53.2192 13032 8688 0.0831552 1.16351 1.30665 1.16351 1.30665 6003 0 0.0396185
53.2199 11584 10136 0.0785786 112.472 1.30815 112.472 1.30815 6010 0 0.039275
53.29 10136 8688 0.0750286 1.15752 1.30796 1.15752 1.30796 6017 0 0.0393082
53.3592 11584 7240 0.0731637 0.836847 1.30734 0.836847 1.30734 6022 0 0.0394085
53.4288 10136 8688 0.0787229 1.16552 1.30716 1.16552 1.30716 6029 0 0.0394329
53.498 11584 7240 0.0756093 0.836847 1.30655 0.836847 1.30655 6034 0 0.0394788
53.5676 10136 8688 0.0811953 1.16552 1.30637 1.16552 1.30637 6041 0 0.0395316
53.6373 11584 7240 0.0775 0.831076 1.30575 0.831076 1.30575 6046 0 0.0395414
53.7067 13032 8688 0.0835244 1.16753 1.30557 1.16753 1.30557 6053 0 0.0396358
53.7074 11584 10136 0.0789646 112.472 1.30706 112.472 1.30706 6060 0 0.0392895
53.7775 10136 8688 0.07546 1.15752 1.30687 1.15752 1.30687 6067 0 0.0393214
53.8472 11584 7240 0.0735484 0.831076 1.30625 0.831076 1.30625 6072 0 0.0394187
53.9169 10136 8688 0.0789806 1.16351 1.30607 1.16351 1.30607 6079 0 0.0394426
53.9861 11584 7240 0.075907 0.836847 1.30547 0.836847 1.30547 6084 0 0.0394882
54.0554 13032 8688 0.0813947 1.16956 1.30529 1.16956 1.30529 6091 0 0.0395401
54.1249 11584 10136 0.0773035 1.16753 1.30512 1.16753 1.30512 6098 0 0.0392293
54.1943 13032 8688 0.0829062 1.16753 1.30494 1.16753 1.30494 6105 0 0.0396071
54.195 11584 10136 0.078441 112.472 1.30642 112.472 1.30642 6112 0 0.0392699
54.2649 10136 8688 0.074948 1.1615 1.30623 1.1615 1.30623 6119 0 0.0393058
54.3343 11584 7240 0.0732191 0.833952 1.30563 0.833952 1.30563 6124 0 0.0394099
54.4041 10136 8688 0.07876 1.1615 1.30544 1.1615 1.30544 6131 0 0.0394343
54.4738 11584 7240 0.0758685 0.831076 1.30484 0.831076 1.30484 6136 0 0.039487
54.5434 13032 8688 0.0814783 1.16552 1.30466 1.16552 1.30466 6143 0 0.0395437
54.6131 11584 10136 0.0775802 1.16351 1.30448 1.16351 1.30448 6150 0 0.0392389
54.6825 13032 8688 0.0830684 1.16753 1.3043 1.16753 1.3043 6157 0 0.0396145
54.6832 11584 10136 0.0786591 112.472 1.30577 112.472 1.30577 6164 0 0.039278
54.7531 10136 8688 0.0750758 1.1615 1.30559 1.1615 1.30559 6171 0 0.0393097
54.8223 11584 7240 0.0733047 0.836847 1.30499 0.836847 1.30499 6176 0 0.0394122
54.8918 10136 8688 0.0785967 1.16552 1.30482 1.16552 1.30482 6183 0 0.0394282
54.9613 11584 7240 0.0757591 0.833952 1.30422 0.833952 1.30422 6188 0 0.0394835
