0.454796 14480 0 0 0 0 0 0 0 0 0.0439727
0.53603 18824 13032 0.0575 1.42602 0.216107 1.42602 0.216107 10 0 0.0386618
0.53627 20272 15928 0.0605625 192.81 0.302415 192.81 0.302415 14 0 0.0383231
0.617258 11584 10136 0.0733672 0.858196 0.375337 0.858196 0.375337 20 0 0.039239
0.617379 10136 10136 0.0733672 96.4048 0.394027 0 0.375264 21 1 0.0391085
0.617499 8688 8688 0.0733672 0 0.393951 0 0.375191 21 1 0.0392611
0.617619 7240 7240 0.0733672 0 0.393874 0 0.375118 21 1 0.0394139
0.617739 5928 5792 0.0733672 0 0.393797 0 0.375045 21 1 0.0395663
0.670129 5068 4344 0.0733672 0 0.363011 0 0.345725 21 1 0.039718
0.670249 4344 2896 0.0733672 0 0.362946 0 0.345663 21 1 0.0398713
0.670489 5068 2896 0.0733672 96.4048 0.397369 0 0.345539 23 3 0.0398713
0.772865 7240 2896 0.0733672 0.565759 0.419675 0 0.299768 28 8 0.0398788
0.898072 8688 4344 0.0824823 0.647633 0.451456 0.647633 0.348266 35 8 0.0400472
0.961757 10136 5792 0.0833524 1.27327 0.505874 1.27327 0.409517 42 8 0.0399336
1.02196 11584 7240 0.0759314 1.34697 0.555421 1.34697 0.46474 49 8 0.039489
1.08011 13032 8688 0.0769872 1.39428 0.600588 1.39428 0.51479 56 8 0.0393709
1.13803 14480 10136 0.0709407 1.40007 0.641276 1.40007 0.559844 63 8 0.0390496
1.19763 15928 11584 0.0729606 1.74928 0.696415 1.74928 0.619036 72 8 0.0389456
1.19859 18824 13032 0.0675135 108.455 0.782839 108.455 0.705521 81 8 0.0386934
1.25879 23168 15928 0.0640332 2.3091 0.85583 2.3091 0.78221 93 8 0.0383689
1.31959 27512 20272 0.0666844 2.85785 0.948074 2.85785 0.877846 108 8 0.0379451
1.38003 34752 24616 0.063187 3.25821 1.04925 3.25821 0.982098 125 8 0.0375207
1.44035 41992 31856 0.0664188 4.41695 1.19029 4.41695 1.12595 148 8 0.0368086
1.50067 53576 39096 0.0621252 5.18512 1.35086 5.18512 1.28911 175 8 0.0361815
1.56087 63712 50680 0.0664884 6.92729 1.56593 6.92729 1.50656 211 8 0.0350015
1.62168 75296 60816 0.0671522 8.1925 1.81438 8.1925 1.75723 254 8 0.0340657
1.68248 94120 72400 0.0619861 9.52617 2.09307 9.52617 2.03799 304 8 0.033284
1.74292 118736 91224 0.0617386 12.0746 2.4392 12.0746 2.38603 367 8 0.0319415
1.80432 139008 115840 0.0689909 15.2814 2.87623 15.2814 2.82487 448 8 0.0294094
1.81393 172312 136112 0.0635143 113.276 3.46128 113.276 3.41019 542 8 0.028783
1.87798 211408 169416 0.0642586 21.162 4.06494 21.162 4.01559 659 8 0.0267054
1.94298 256296 208512 0.0651917 25.8386 4.79342 25.8386 4.74573 804 8 0.0244595
2.00823 309872 253400 0.0654612 31.0697 5.64713 31.0697 5.60098 979 8 0.0226696
2.07384 373584 306976 0.0658603 37.6085 6.65825 37.6085 6.61356 1192 8 0.0212077
2.14005 448880 370688 0.0665 44.7906 7.83798 44.7906 7.79468 1448 8 0.0203526
2.2083 525624 445984 0.068579 52.2758 9.2114 52.2758 9.16944 1756 8 0.0171166
2.27931 599472 522728 0.0712733 58.8869 10.7591 58.8869 10.7184 2117 8 0.0134953
2.35309 666080 596576 0.0740404 64.8456 12.4549 64.8456 12.4155 2530 8 0.00975835
2.42891 725448 663184 0.0760416 69.9737 14.2504 69.9737 14.2123 2988 8 0.00705918
2.50653 777576 722552 0.0779576 74.4675 16.1152 74.4675 16.0783 3487 8 0.00520686
2.51098 764544 763096 0.0805847 192.781 16.4281 192.781 16.3912 3561 8 0.000737853
2.5111 763096 763096 0.0805847 96.4048 16.4319 0 16.3904 3562 9 0.000439655
2.51122 762324 761648 0.0805847 0 16.4311 0 16.3896 3562 9 0.000434439
2.51134 761584 760200 0.0805847 0 16.4304 0 16.3888 3562 9 0.000432104
2.51146 760844 758752 0.0805847 0 16.4296 0 16.3881 3562 9 0.000430152
2.51158 760104 758752 0.0805847 96.4048 16.4334 0 16.3873 3563 10 0.000430152
2.5117 759364 757304 0.0805847 0 16.4326 0 16.3865 3563 10 0.000428499
2.51182 757304 757304 0.0805847 96.4048 16.4364 0 16.3857 3564 11 0.00043507
2.51194 755856 755856 0.0805847 0 16.4356 0 16.3849 3564 11 0.000429898
2.51206 754408 754408 0.0805847 0 16.4349 0 16.3841 3564 11 0.000428841
2.51218 752960 752960 0.0805847 0 16.4341 0 16.3834 3564 11 0.000428082
2.5123 751512 751512 0.0805847 0 16.4333 0 16.3826 3564 11 0.000427622
2.51242 750064 750064 0.0805847 0 16.4325 0 16.3818 3564 11 0.000427459
2.51254 748680 748616 0.0805847 0 16.4317 0 16.381 3564 11 0.000427273
2.51266 747940 747168 0.0805847 0 16.4309 0 16.3802 3564 11 0.000425276
2.51278 745720 745720 0.0805847 0 16.4301 0 16.3794 3564 11 0.000433796
2.5129 744272 744272 0.0805847 0 16.4294 0 16.3786 3564 11 0.000429792
2.51302 742824 742824 0.0805847 0 16.4286 0 16.3779 3564 11 0.000431121
2.51314 741376 741376 0.0805847 0 16.4278 0 16.3771 3564 11 0.000432748
2.51326 739928 739928 0.0805847 0 16.427 0 16.3763 3564 11 0.000434673
2.51338 738480 738480 0.0805847 0 16.4262 0 16.3755 3564 11 0.000436896
2.5135 737256 737032 0.0805847 0 16.4254 0 16.3747 3564 11 0.000438354
2.51362 736516 735584 0.0805847 0 16.4246 0 16.374 3564 11 0.000439484
2.51374 734136 734136 0.0805847 0 16.4239 0 16.3732 3564 11 0.000451698
2.51386 732688 732688 0.0805847 0 16.4231 0 16.3724 3564 11 0.000448772
2.51398 731240 731240 0.0805847 0 16.4223 0 16.3716 3564 11 0.000452486
2.5141 729792 729792 0.0805847 0 16.4215 0 16.3708 3564 11 0.000456498
2.51422 728344 728344 0.0805847 0 16.4207 0 16.37 3564 11 0.000460809
2.51434 726896 726896 0.0805847 0 16.4199 0 16.3693 3564 11 0.000465418
2.51446 725832 725448 0.0805847 0 16.4192 0 16.3685 3564 11 0.00046861
2.51458 725092 724000 0.0805847 0 16.4184 0 16.3677 3564 11 0.000472776
2.5147 722552 722552 0.0805847 0 16.4176 0 16.3669 3564 11 0.000488776
2.51483 721104 721104 0.0805847 0 16.4168 0 16.3661 3564 11 0.000486835
2.51495 719656 719656 0.0805847 0 16.416 0 16.3653 3564 11 0.000492935
2.51507 718208 718208 0.0805847 0 16.4152 0 16.3646 3564 11 0.000499333
2.51519 716760 716760 0.0805847 0 16.4144 0 16.3638 3564 11 0.00050603
2.51531 715312 715312 0.0805847 0 16.4137 0 16.363 3564 11 0.000513024
2.51543 714408 713864 0.0805847 0 16.4129 0 16.3622 3564 11 0.000518042
2.51555 712416 712416 0.0805847 0 16.4121 0 16.3614 3564 11 0.000531235
2.51567 710968 710968 0.0805847 0 16.4113 0 16.3607 3564 11 0.000535797
2.51579 709520 709520 0.0805847 0 16.4105 0 16.3599 3564 11 0.000543984
2.51591 708072 708072 0.0805847 0 16.4097 0 16.3591 3564 11 0.000552469
2.51603 706624 706624 0.0805847 0 16.409 0 16.3583 3564 11 0.000561253
2.51615 705176 705176 0.0805847 0 16.4082 0 16.3575 3564 11 0.000570335
2.51627 703728 703728 0.0805847 0 16.4074 0 16.3568 3564 11 0.000579715
2.51639 702984 702280 0.0805847 0 16.4066 0 16.356 3564 11 0.00058665
2.51651 700832 700832 0.0805847 0 16.4058 0 16.3552 3564 11 0.000603875
2.51663 699384 699384 0.0805847 0 16.405 0 16.3544 3564 11 0.000609644
2.51675 697936 697936 0.0805847 0 16.4043 0 16.3536 3564 11 0.000620217
2.51687 696488 696488 0.0805847 0 16.4035 0 16.3528 3564 11 0.000631088
2.51699 695040 695040 0.0805847 0 16.4027 0 16.3521 3564 11 0.000642257
2.51711 693592 693592 0.0805847 0 16.4019 0 16.3513 3564 11 0.000653725
2.51723 692300 692144 0.0805847 0 16.4011 0 16.3505 3564 11 0.000664731
2.51735 691560 690696 0.0805847 0 16.4003 0 16.3497 3564 11 0.0006748
2.51747 689248 689248 0.0805847 0 16.3996 0 16.3489 3564 11 0.000695692
2.51759 687800 687800 0.0805847 0 16.3988 0 16.3482 3564 11 0.000702577
2.51771 686352 686352 0.0805847 0 16.398 0 16.3474 3564 11 0.000715535
2.51783 684904 684904 0.0805847 0 16.3972 0 16.3466 3564 11 0.000728792
2.51795 683456 683456 0.0805847 0 16.3964 0 16.3458 3564 11 0.000742347
2.51807 682008 682008 0.0805847 0 16.3956 0 16.345 3564 11 0.0007562
2.51819 680876 680560 0.0805847 0 16.3949 0 16.3443 3564 11 0.000768901
2.51831 680136 679112 0.0805847 0 16.3941 0 16.3435 3564 11 0.000782046
2.51843 677664 677664 0.0805847 0 16.3933 0 16.3427 3564 11 0.000806684
2.51855 676216 676216 0.0805847 0 16.3925 0 16.3419 3564 11 0.000814594
2.51867 674768 674768 0.0805847 0 16.3917 0 16.3411 3564 11 0.000829938
2.51879 673320 673320 0.0805847 0 16.391 0 16.3404 3564 11 0.00084558
2.51891 671872 671872 0.0805847 0 16.3902 0 16.3396 3564 11 0.00086152
2.51903 670424 670424 0.0805847 0 16.3894 0 16.3388 3564 11 0.000877759
2.51915 669452 668976 0.0805847 0 16.3886 0 16.338 3564 11 0.000892248
2.51927 667528 667528 0.0805847 0 16.3878 0 16.3372 3564 11 0.000913984
2.51939 666080 666080 0.0805847 0 16.387 0 16.3365 3564 11 0.000928264
2.51951 664632 664632 0.0805847 0 16.3863 0 16.3357 3564 11 0.000945695
2.51963 663184 663184 0.0805847 0 16.3855 0 16.3349 3564 11 0.000963425
2.51975 661736 661736 0.0805847 0 16.3847 0 16.3341 3564 11 0.000981453
2.51987 660288 660288 0.0805847 0 16.3839 0 16.3334 3564 11 0.000999779
2.51999 658840 658840 0.0805847 0 16.3831 0 16.3326 3564 11 0.0010184
2.52011 658028 657392 0.0805847 0 16.3824 0 16.3318 3564 11 0.00103477
2.52023 655944 655944 0.0805847 0 16.3816 0 16.331 3564 11 0.00106054
2.52035 654496 654496 0.0805847 0 16.3808 0 16.3302 3564 11 0.00107606
2.52047 653048 653048 0.0805847 0 16.38 0 16.3295 3564 11 0.00109588
2.52059 651600 651600 0.0805847 0 16.3792 0 16.3287 3564 11 0.001116
2.52071 650152 650152 0.0805847 0 16.3785 0 16.3279 3564 11 0.00113641
2.52083 648704 648704 0.0805847 0 16.3777 0 16.3271 3564 11 0.00115712
2.52095 647344 647256 0.0805847 0 16.3769 0 16.3263 3564 11 0.00117769
2.52107 646604 645808 0.0805847 0 16.3761 0 16.3256 3564 11 0.00119669
2.52119 644360 644360 0.0805847 0 16.3753 0 16.3248 3564 11 0.00122627
2.52131 642912 642912 0.0805847 0 16.3745 0 16.324 3564 11 0.00124295
2.52143 641464 641464 0.0805847 0 16.3738 0 16.3232 3564 11 0.00126515
2.52155 640016 640016 0.0805847 0 16.373 0 16.3225 3564 11 0.00128765
2.52167 638568 638568 0.0805847 0 16.3722 0 16.3217 3564 11 0.00131045
2.52179 637120 637120 0.0805847 0 16.3714 0 16.3209 3564 11 0.00133355
2.52191 635920 635672 0.0805847 0 16.3706 0 16.3201 3564 11 0.00135578
2.52203 635180 634224 0.0805847 0 16.3699 0 16.3193 3564 11 0.00137788
2.52215 632776 632776 0.0805847 0 16.3691 0 16.3186 3564 11 0.00141118
2.52228 631328 631328 0.0805847 0 16.3683 0 16.3178 3564 11 0.00142892
2.5224 629880 629880 0.0805847 0 16.3675 0 16.317 3564 11 0.00145351
2.52252 628432 628432 0.0805847 0 16.3667 0 16.3162 3564 11 0.00147839
2.52264 626984 626984 0.0805847 0 16.366 0 16.3155 3564 11 0.00150358
2.52276 625536 625536 0.0805847 0 16.3652 0 16.3147 3564 11 0.00152906
2.52288 624496 624088 0.0805847 0 16.3644 0 16.3139 3564 11 0.00155304
2.523 623756 622640 0.0805847 0 16.3636 0 16.3131 3564 11 0.00157817
2.52312 621192 621192 0.0805847 0 16.3629 0 16.3123 3564 11 0.00161526
2.52324 619744 619744 0.0805847 0 16.3621 0 16.3116 3564 11 0.00163397
2.52336 618296 618296 0.0805847 0 16.3613 0 16.3108 3564 11 0.00166095
2.52348 616848 616848 0.0805847 0 16.3605 0 16.31 3564 11 0.00168822
2.5236 615400 615400 0.0805847 0 16.3597 0 16.3092 3564 11 0.00171579
2.52372 613952 613952 0.0805847 0 16.359 0 16.3085 3564 11 0.00174366
2.52384 613072 612504 0.0805847 0 16.3582 0 16.3077 3564 11 0.00176947
2.52396 611056 611056 0.0805847 0 16.3574 0 16.3069 3564 11 0.00180379
2.52408 609608 609608 0.0805847 0 16.3566 0 16.3061 3564 11 0.00182905
2.5242 608160 608160 0.0805847 0 16.3558 0 16.3054 3564 11 0.00185811
2.52432 606712 606712 0.0805847 0 16.3551 0 16.3046 3564 11 0.00188747
2.52444 605264 605264 0.0805847 0 16.3543 0 16.3038 3564 11 0.00191713
2.52456 603816 603816 0.0805847 0 16.3535 0 16.303 3564 11 0.00194709
2.52468 602388 602368 0.0805847 0 16.3527 0 16.3023 3564 11 0.00197724
2.5248 601648 600920 0.0805847 0 16.3519 0 16.3015 3564 11 0.00200514
2.52492 599472 599472 0.0805847 0 16.3512 0 16.3007 3564 11 0.00204343
2.52504 598024 598024 0.0805847 0 16.3504 0 16.2999 3564 11 0.00206989
2.52516 596576 596576 0.0805847 0 16.3496 0 16.2992 3564 11 0.00210134
2.52528 595128 595128 0.0805847 0 16.3488 0 16.2984 3564 11 0.00213308
2.5254 593680 593680 0.0805847 0 16.3481 0 16.2976 3564 11 0.00216513
2.52552 592232 592232 0.0805847 0 16.3473 0 16.2968 3564 11 0.00219747
2.52564 590964 590784 0.0805847 0 16.3465 0 16.2961 3564 11 0.00222924
2.52576 590224 589336 0.0805847 0 16.3457 0 16.2953 3564 11 0.00226029
2.52588 587888 587888 0.0805847 0 16.3449 0 16.2945 3564 11 0.00230225
2.526 586440 586440 0.0805847 0 16.3442 0 16.2937 3564 11 0.00232981
2.52612 584992 584992 0.0805847 0 16.3434 0 16.293 3564 11 0.00236365
2.52624 583544 583544 0.0805847 0 16.3426 0 16.2922 3564 11 0.00239778
2.52636 582096 582096 0.0805847 0 16.3418 0 16.2914 3564 11 0.00243221
2.52648 580648 580648 0.0805847 0 16.3411 0 16.2906 3564 11 0.00246693
2.5266 579540 579200 0.0805847 0 16.3403 0 16.2899 3564 11 0.00250041
2.52672 578800 577752 0.0805847 0 16.3395 0 16.2891 3564 11 0.00253453
2.52684 576304 576304 0.0805847 0 16.3387 0 16.2883 3564 11 0.00258025
2.52696 574856 574856 0.0805847 0 16.338 0 16.2875 3564 11 0.00260882
2.52708 573408 573408 0.0805847 0 16.3372 0 16.2868 3564 11 0.00264504
2.5272 571960 571960 0.0805847 0 16.3364 0 16.286 3564 11 0.00268156
2.52732 570512 570512 0.0805847 0 16.3356 0 16.2852 3564 11 0.00271837
2.52744 569064 569064 0.0805847 0 16.3348 0 16.2844 3564 11 0.00275548
2.52756 568116 567616 0.0805847 0 16.3341 0 16.2837 3564 11 0.00279076
2.52768 566168 566168 0.0805847 0 16.3333 0 16.2829 3564 11 0.00283362
2.5278 564720 564720 0.0805847 0 16.3325 0 16.2821 3564 11 0.00286861
2.52792 563272 563272 0.0805847 0 16.3317 0 16.2813 3564 11 0.00290691
2.52804 561824 561824 0.0805847 0 16.331 0 16.2806 3564 11 0.00294552
2.52816 560376 560376 0.0805847 0 16.3302 0 16.2798 3564 11 0.00298442
2.52828 558928 558928 0.0805847 0 16.3294 0 16.279 3564 11 0.00302362
2.5284 557480 557480 0.0805847 0 16.3286 0 16.2782 3564 11 0.00306312
2.52852 556692 556032 0.0805847 0 16.3279 0 16.2775 3564 11 0.00310029
2.52864 554584 554584 0.0805847 0 16.3271 0 16.2767 3564 11 0.00314718
2.52876 553136 553136 0.0805847 0 16.3263 0 16.2759 3564 11 0.0031834
2.52888 551688 551688 0.0805847 0 16.3255 0 16.2751 3564 11 0.00322409
2.529 550240 550240 0.0805847 0 16.3248 0 16.2744 3564 11 0.00326508
2.52912 548792 548792 0.0805847 0 16.324 0 16.2736 3564 11 0.00330637
2.52924 547344 547344 0.0805847 0 16.3232 0 16.2728 3564 11 0.00334795
2.52936 546008 545896 0.0805847 0 16.3224 0 16.2721 3564 11 0.00338928
2.52948 545268 544448 0.0805847 0 16.3217 0 16.2713 3564 11 0.00342927
2.5296 543000 543000 0.0805847 0 16.3209 0 16.2705 3564 11 0.00347992
2.52972 541552 541552 0.0805847 0 16.3201 0 16.2697 3564 11 0.00351728
2.52985 540104 540104 0.0805847 0 16.3193 0 16.269 3564 11 0.00356035
2.52997 538656 538656 0.0805847 0 16.3186 0 16.2682 3564 11 0.00360373
2.53009 537208 537208 0.0805847 0 16.3178 0 16.2674 3564 11 0.0036474
2.53021 535760 535760 0.0805847 0 16.317 0 16.2666 3564 11 0.00369137
2.53033 534584 534312 0.0805847 0 16.3162 0 16.2659 3564 11 0.00373437
2.53045 533844 532864 0.0805847 0 16.3155 0 16.2651 3564 11 0.00377745
2.53057 531416 531416 0.0805847 0 16.3147 0 16.2643 3564 11 0.00383183
2.53069 529968 529968 0.0805847 0 16.3139 0 16.2636 3564 11 0.00387024
2.53081 528520 528520 0.0805847 0 16.3131 0 16.2628 3564 11 0.0039157
2.53093 527072 527072 0.0805847 0 16.3124 0 16.262 3564 11 0.00396146
2.53105 525624 525624 0.0805847 0 16.3116 0 16.2612 3564 11 0.00400752
2.53117 524176 524176 0.0805847 0 16.3108 0 16.2605 3564 11 0.00405388
2.53129 523161 522728 0.0805847 0 16.31 0 16.2597 3564 11 0.00409863
2.53141 522420 521280 0.0805847 0 16.3093 0 16.2589 3564 11 0.00414473
2.53153 519832 519832 0.0805847 0 16.3085 0 16.2581 3564 11 0.00420291
2.53165 518384 518384 0.0805847 0 16.3077 0 16.2574 3564 11 0.00424228
2.53177 516936 516936 0.0805847 0 16.3069 0 16.2566 3564 11 0.00429013
2.53189 515488 515488 0.0805847 0 16.3062 0 16.2558 3564 11 0.00433828
2.53201 514040 514040 0.0805847 0 16.3054 0 16.2551 3564 11 0.00438672
2.53213 512592 512592 0.0805847 0 16.3046 0 16.2543 3564 11 0.00443546
2.53225 511737 511144 0.0805847 0 16.3038 0 16.2535 3564 11 0.00448208
2.53237 509696 509696 0.0805847 0 16.3031 0 16.2527 3564 11 0.00453752
2.53249 508248 508248 0.0805847 0 16.3023 0 16.252 3564 11 0.00458348
2.53261 506800 506800 0.0805847 0 16.3015 0 16.2512 3564 11 0.00463341
2.53273 505352 505352 0.0805847 0 16.3007 0 16.2504 3564 11 0.00468365
2.53285 503904 503904 0.0805847 0 16.3 0 16.2497 3564 11 0.00473418
2.53297 502456 502456 0.0805847 0 16.2992 0 16.2489 3564 11 0.00478501
2.53309 501053 501008 0.0805847 0 16.2984 0 16.2481 3564 11 0.00483591
2.53321 500313 499560 0.0805847 0 16.2977 0 16.2474 3564 11 0.00488481
2.53333 498112 498112 0.0805847 0 16.2969 0 16.2466 3564 11 0.00494417
2.53345 496664 496664 0.0805847 0 16.2961 0 16.2458 3564 11 0.00499131
2.53357 495216 495216 0.0805847 0 16.2953 0 16.245 3564 11 0.00504363
2.53369 493768 493768 0.0805847 0 16.2946 0 16.2443 3564 11 0.00509625
2.53381 492320 492320 0.0805847 0 16.2938 0 16.2435 3564 11 0.00514916
2.53393 490872 490872 0.0805847 0 16.293 0 16.2427 3564 11 0.00520238
2.53405 489629 489424 0.0805847 0 16.2922 0 16.242 3564 11 0.00525491
2.53417 488889 487976 0.0805847 0 16.2915 0 16.2412 3564 11 0.00530695
2.53429 486528 486528 0.0805847 0 16.2907 0 16.2404 3564 11 0.00537
2.53441 485080 485080 0.0805847 0 16.2899 0 16.2397 3564 11 0.00541822
2.53453 483632 483632 0.0805847 0 16.2892 0 16.2389 3564 11 0.00547293
2.53465 482184 482184 0.0805847 0 16.2884 0 16.2381 3564 11 0.00552793
2.53477 480736 480736 0.0805847 0 16.2876 0 16.2373 3564 11 0.00558324
2.53489 479288 479288 0.0805847 0 16.2868 0 16.2366 3564 11 0.00563884
2.53501 478205 477840 0.0805847 0 16.2861 0 16.2358 3564 11 0.00569309
2.53513 477465 476392 0.0805847 0 16.2853 0 16.235 3564 11 0.00574818
2.53525 474944 474944 0.0805847 0 16.2845 0 16.2343 3564 11 0.005815
2.53537 473496 473496 0.0805847 0 16.2838 0 16.2335 3564 11 0.00586422
2.53549 472048 472048 0.0805847 0 16.283 0 16.2327 3564 11 0.00592131
2.53561 470600 470600 0.0805847 0 16.2822 0 16.232 3564 11 0.0059787
2.53573 469152 469152 0.0805847 0 16.2814 0 16.2312 3564 11 0.00603639
2.53585 467704 467704 0.0805847 0 16.2807 0 16.2304 3564 11 0.00609438
2.53597 466781 466256 0.0805847 0 16.2799 0 16.2296 3564 11 0.00615045
2.53609 464808 464808 0.0805847 0 16.2791 0 16.2289 3564 11 0.00621444
2.53621 463360 463360 0.0805847 0 16.2784 0 16.2281 3564 11 0.00627013
2.53633 461912 461912 0.0805847 0 16.2776 0 16.2273 3564 11 0.0063293
2.53645 460464 460464 0.0805847 0 16.2768 0 16.2266 3564 11 0.00638878
2.53657 459016 459016 0.0805847 0 16.276 0 16.2258 3564 11 0.00644856
2.53669 457568 457568 0.0805847 0 16.2753 0 16.225 3564 11 0.00650863
2.53681 456120 456120 0.0805847 0 16.2745 0 16.2243 3564 11 0.006569
2.53693 455357 454672 0.0805847 0 16.2737 0 16.2235 3564 11 0.00662698
2.53705 453224 453224 0.0805847 0 16.273 0 16.2227 3564 11 0.006695
2.53717 451776 451776 0.0805847 0 16.2722 0 16.222 3564 11 0.00675191
2.5373 450328 450328 0.0805847 0 16.2714 0 16.2212 3564 11 0.00681347
2.53742 448880 448880 0.0805847 0 16.2706 0 16.2204 3564 11 0.00687534
2.53754 447432 447432 0.0805847 0 16.2699 0 16.2197 3564 11 0.0069375
2.53766 445984 445984 0.0805847 0 16.2691 0 16.2189 3564 11 0.00699996
2.53778 444673 444536 0.0805847 0 16.2683 0 16.2181 3564 11 0.00706204
2.5379 443933 443088 0.0805847 0 16.2676 0 16.2174 3564 11 0.00712301
2.53802 441640 441640 0.0805847 0 16.2668 0 16.2166 3564 11 0.00719474
2.53814 440192 440192 0.0805847 0 16.266 0 16.2158 3564 11 0.00725277
2.53826 438744 438744 0.0805847 0 16.2653 0 16.215 3564 11 0.00731672
2.53838 437296 437296 0.0805847 0 16.2645 0 16.2143 3564 11 0.00738097
2.5385 435848 435848 0.0805847 0 16.2637 0 16.2135 3564 11 0.00744552
2.53862 434400 434400 0.0805847 0 16.2629 0 16.2127 3564 11 0.00751036
2.53874 433249 432952 0.0805847 0 16.2622 0 16.212 3564 11 0.00757414
2.53886 432509 431504 0.0805847 0 16.2614 0 16.2112 3564 11 0.0076382
2.53898 430056 430056 0.0805847 0 16.2606 0 16.2104 3564 11 0.00771366
2.5391 428608 428608 0.0805847 0 16.2599 0 16.2097 3564 11 0.00777273
2.53922 427160 427160 0.0805847 0 16.2591 0 16.2089 3564 11 0.00783906
2.53934 425712 425712 0.0805847 0 16.2583 0 16.2081 3564 11 0.0079057
2.53946 424264 424264 0.0805847 0 16.2576 0 16.2074 3564 11 0.00797263
2.53958 422816 422816 0.0805847 0 16.2568 0 16.2066 3564 11 0.00803986
2.5397 421825 421368 0.0805847 0 16.256 0 16.2058 3564 11 0.00810541
2.53982 419920 419920 0.0805847 0 16.2552 0 16.2051 3564 11 0.00817794
2.53994 418472 418472 0.0805847 0 16.2545 0 16.2043 3564 11 0.00824334
2.54006 417024 417024 0.0805847 0 16.2537 0 16.2035 3564 11 0.00831176
2.54018 415576 415576 0.0805847 0 16.2529 0 16.2028 3564 11 0.00838048
2.5403 414128 414128 0.0805847 0 16.2522 0 16.202 3564 11 0.0084495
2.54042 412680 412680 0.0805847 0 16.2514 0 16.2012 3564 11 0.00851882
2.54054 411232 411232 0.0805847 0 16.2506 0 16.2005 3564 11 0.00858844
2.54066 410401 409784 0.0805847 0 16.2499 0 16.1997 3564 11 0.00865585
2.54078 408336 408336 0.0805847 0 16.2491 0 16.1989 3564 11 0.00873242
2.5409 406888 406888 0.0805847 0 16.2483 0 16.1982 3564 11 0.00879907
2.54102 405440 405440 0.0805847 0 16.2476 0 16.1974 3564 11 0.00886988
2.54114 403992 403992 0.0805847 0 16.2468 0 16.1966 3564 11 0.00894099
2.54126 402544 402544 0.0805847 0 16.246 0 16.1959 3564 11 0.0090124
2.54138 401096 401096 0.0805847 0 16.2453 0 16.1951 3564 11 0.0090841
2.5415 399717 399648 0.0805847 0 16.2445 0 16.1944 3564 11 0.00915575
2.54162 398977 398200 0.0805847 0 16.2437 0 16.1936 3564 11 0.00922565
2.54174 396752 396752 0.0805847 0 16.243 0 16.1928 3564 11 0.00930607
2.54186 395304 395304 0.0805847 0 16.2422 0 16.1921 3564 11 0.00937389
2.54198 393856 393856 0.0805847 0 16.2414 0 16.1913 3564 11 0.00944709
2.5421 392408 392408 0.0805847 0 16.2406 0 16.1905 3564 11 0.00952058
2.54222 390960 390960 0.0805847 0 16.2399 0 16.1898 3564 11 0.00959437
2.54234 389512 389512 0.0805847 0 16.2391 0 16.189 3564 11 0.00966846
2.54246 388293 388064 0.0805847 0 16.2383 0 16.1882 3564 11 0.00974176
2.54258 387553 386616 0.0805847 0 16.2376 0 16.1875 3564 11 0.00981478
2.5427 385168 385168 0.0805847 0 16.2368 0 16.1867 3564 11 0.0098989
2.54282 383720 383720 0.0805847 0 16.236 0 16.1859 3564 11 0.0099678
2.54294 382272 382272 0.0805847 0 16.2353 0 16.1852 3564 11 0.0100434
2.54306 381548 380824 0.0805847 0 16.2345 0 16.1844 3564 11 0.0101165
2.54318 380824 379376 0.0805847 0 16.2337 0 16.1836 3564 11 0.0101926
2.5886 375032 373584 0.0805847 56.6179 16.9423 0 15.8997 3786 233 0.010559
2.59269 381548 373584 0.0805847 96.4048 17.0676 0 15.8746 3820 267 0.0105749
2.59377 380824 379376 0.0805847 139.335 17.1185 0 15.868 3833 280 0.0101926
2.63474 381548 379376 0.0805847 61.0658 17.802 0 15.6212 4049 496 0.0101926
2.6351 399648 379376 0.0805847 96.58 17.8127 0 15.6191 4052 499 0.0107741
2.68149 529968 396752 0.0467664 68.4324 18.6883 68.4324 16.5326 4326 499 0.0392412
2.73159 667528 527072 0.0502495 84.1519 19.8891 84.1519 17.773 4690 499 0.0372695
2.79504 709520 664632 0.0637174 83.8064 21.34 83.8064 19.2719 5149 499 0.00366686
2.87026 673320 706624 0.0755645 75.3066 22.7543 75.3066 20.7404 5638 499 0.00270572
2.94668 634224 670424 0.0765576 70.1815 23.9843 70.1815 22.0226 6101 499 0.00344178
3.01745 626984 631328 0.0710607 71.5261 25.0994 71.5261 23.1837 6538 499 0.00121699
3.08318 651600 624088 0.0659345 75.9606 26.1836 75.9606 24.3088 6969 499 0.00223984
3.14699 690696 648704 0.0640779 81.5174 27.3055 81.5174 25.4687 7418 499 0.00346362
3.21223 721104 687800 0.0654556 84.332 28.4638 84.332 26.6643 7893 499 0.0019487
3.28 732688 718208 0.0681267 84.9525 29.631 84.9525 27.8687 8390 499 0.000376475
3.34946 734136 729792 0.0696999 84.0623 30.7597 84.0623 29.0339 8894 499 0.000126855
3.41891 735584 731240 0.0696013 84.2291 31.8458 84.2291 30.1551 9399 499 0.00012094
3.48776 739928 732688 0.0691394 85.3006 32.9011 85.3006 31.2437 9906 499 0.000138388
3.55625 747168 737032 0.0687702 86.0878 33.9254 86.0878 32.3 10415 499 0.000182062
3.62414 760200 744272 0.0680464 87.8734 34.936 87.8734 33.3411 10930 499 0.000369003
3.69215 770336 757304 0.0682946 89.0808 35.9334 89.0808 34.3678 11453 499 0.00025524
3.76064 777576 767440 0.0687785 89.8087 36.9146 89.8087 35.3775 11984 499 0.000191877
3.82937 783368 774680 0.0690007 90.1688 37.8704 90.1688 36.3609 12519 499 0.000183966
3.89847 786264 780472 0.069351 90.5367 38.8038 90.5367 37.3211 13059 499 0.000168381
3.96792 787712 783368 0.0696015 90.4003 39.707 90.4003 38.2502 13601 499 0.000175093
4.03785 784816 784816 0.0701672 89.9447 40.577 89.9447 39.1455 14144 499 0.000204479
4.10706 786264 781920 0.0694826 90.3795 41.4163 90.3795 40.0089 14684 499 0.000166101
4.1758 792056 783368 0.0689913 91.1801 42.2354 91.1801 40.8511 15225 499 0.000219661
4.24453 797848 789160 0.0690013 92.0228 43.0416 92.0228 41.6797 15771 499 0.000249712
4.31374 800744 794952 0.0694254 92.0532 43.828 92.0532 42.488 16321 499 0.000247442
4.38319 802192 797848 0.0695915 92.0682 44.5923 92.0682 43.2736 16873 499 0.000258528
4.45301 799296 799296 0.0702013 91.7588 45.3318 91.7588 44.0337 17426 499 0.000291784
4.52306 794952 796400 0.0703132 90.9479 46.0383 90.9479 44.7603 17976 499 0.00029301
4.59251 796400 792056 0.0697852 91.2343 46.7218 91.2343 45.4631 18523 499 0.000225252
4.66208 797848 793504 0.0697452 91.4097 47.3887 91.4097 46.1488 19072 499 0.000233281
4.7313 799296 794952 0.0695619 91.8858 48.0396 91.8858 46.8179 19621 499 0.000238851
4.80111 797848 796400 0.0700139 91.4269 48.6705 91.4269 47.4665 20172 499 0.000257105
4.87056 799296 794952 0.0697764 91.5679 49.2822 91.5679 48.0954 20721 499 0.000242997
4.94013 800744 796400 0.0697752 91.7427 49.8802 91.7427 48.7101 21272 499 0.000252381
5.00995 799296 797848 0.0700436 91.4269 50.4591 91.4269 49.3054 21823 499 0.000267406
5.07964 797848 796400 0.069922 91.5846 51.0234 91.5846 49.8854 22374 499 0.000255272
5.14945 794952 794952 0.0700912 91.0951 51.5667 91.0951 50.4441 22923 499 0.000260434
5.21891 796400 792056 0.069604 91.4011 52.0968 91.4011 50.9892 23471 499 0.00022174
5.28848 794952 793504 0.0698374 91.4097 52.6139 91.4097 51.5209 24020 499 0.000235086
5.35769 796400 792056 0.0694579 91.5511 53.1169 91.5511 52.038 24567 499 0.000218954
5.42702 797848 793504 0.0696096 91.7266 53.6102 91.7266 52.5451 25116 499 0.000230657
5.49659 799296 794952 0.0698091 91.4097 54.0886 91.4097 53.037 25665 499 0.000243638
5.56605 800744 796400 0.0697299 91.9015 54.5605 91.9015 53.522 26216 499 0.000251497
5.63586 799296 797848 0.070013 91.4269 55.0171 91.4269 53.9915 26767 499 0.000266792
5.70555 797848 796400 0.0699776 91.5846 55.4638 91.5846 54.4507 27318 499 0.000256378
5.77537 796400 794952 0.0700292 91.0951 55.8945 91.0951 54.8936 27867 499 0.000248006
5.84506 794952 793504 0.0699687 91.2521 56.3161 91.2521 55.3272 28416 499 0.000237687
5.91439 796400 792056 0.0695932 91.3924 56.7273 91.3924 55.7499 28963 499 0.000221532
5.98396 797848 793504 0.0698255 91.4097 57.1305 91.4097 56.1645 29512 499 0.000234853
6.05318 800744 794952 0.0693941 91.8858 57.5279 91.8858 56.573 30061 499 0.000246852
6.12299 799296 797848 0.0700775 91.5929 57.9163 91.5929 56.9723 30613 499 0.000268088
6.19268 797848 796400 0.0698692 91.5846 58.2952 91.5846 57.3618 31164 499 0.000254228
6.26249 794952 794952 0.0701546 91.0951 58.6609 91.0951 57.7378 31713 499 0.000261719
6.33219 796400 792056 0.0698263 91.0859 59.0177 91.0859 58.1049 32261 499 0.000226058
6.40152 797848 793504 0.0697045 91.7266 59.372 91.7266 58.469 32810 499 0.00023249
6.47109 799296 794952 0.069756 91.4097 59.7164 91.4097 58.8232 33359 499 0.0002426
6.54054 800744 796400 0.0697852 91.9015 60.0582 91.9015 59.1744 33910 499 0.000252577
6.61036 799296 797848 0.0700065 91.4269 60.3895 91.4269 59.5151 34461 499 0.000266662
6.68005 797848 796400 0.0699977 91.5846 60.715 91.5846 59.8496 35012 499 0.000256781
6.74986 796400 794952 0.0700105 91.0951 61.0292 91.0951 60.1728 35561 499 0.000247631
6.81956 794952 793504 0.0699828 91.2521 61.338 91.2521 60.4904 36110 499 0.000237969
6.88889 796400 792056 0.0694779 91.3924 61.6405 91.3924 60.8014 36657 499 0.000219333
6.95846 794952 793504 0.0698432 91.4097 61.9382 91.4097 61.1075 37206 499 0.000235201
7.02767 797848 792056 0.0694137 91.5511 62.2298 91.5511 61.4073 37753 499 0.000229302
7.09725 796400 794952 0.0699256 91.5762 62.5175 91.5762 61.703 38303 499 0.000245937
7.1667 797848 793504 0.0696269 91.5679 62.799 91.5679 61.9924 38852 499 0.000230988
7.23627 796400 794952 0.0698627 91.4097 63.0741 91.4097 62.2753 39401 499 0.000244693
7.30572 797848 793504 0.06971 91.5679 63.345 91.5679 62.5537 39950 499 0.000232597
7.37506 799296 794952 0.0695141 91.7266 63.6118 91.7266 62.828 40499 499 0.000237939
7.44487 797848 796400 0.0700242 91.4269 63.8726 91.4269 63.0962 41050 499 0.000257312
7.51432 799296 794952 0.0697538 91.5679 64.1286 91.5679 63.3593 41599 499 0.000242556
7.58413 797848 796400 0.0700357 91.4269 64.3799 91.4269 63.6177 42150 499 0.000257543
7.65359 799296 794952 0.0697716 91.5679 64.6266 91.5679 63.8713 42699 499 0.000242905
7.7234 797848 796400 0.0700259 91.4269 64.8688 91.4269 64.1204 43250 499 0.000257345
7.79309 796400 794952 0.06998 91.2521 65.1048 91.2521 64.363 43799 499 0.000247021
7.86267 794952 793504 0.0698566 91.4097 65.3375 91.4097 64.6024 44348 499 0.000235465
7.93224 796400 792056 0.0698048 91.0767 65.5633 91.0767 64.8346 44895 499 0.000225636
8.00145 797848 793504 0.0695595 91.8858 65.791 91.8858 65.0686 45444 499 0.000229695
8.07102 796400 794952 0.0698293 91.4097 66.0118 91.4097 65.2956 45993 499 0.000244036
8.14048 797848 793504 0.0697429 91.5679 66.2299 91.5679 65.5198 46542 499 0.000233237
8.21005 796400 794952 0.0698364 91.4097 66.4432 91.4097 65.7392 47091 499 0.000244175
8.2795 794952 793504 0.069827 91.5679 66.654 91.5679 65.9558 47640 499 0.000234881
8.34883 797848 792056 0.0694454 91.3924 66.8594 91.3924 66.1671 48187 499 0.000229899
8.41841 796400 794952 0.0698351 91.5762 67.0637 91.5762 66.3771 48737 499 0.00024415
8.48786 797848 793504 0.0697011 91.5679 67.2642 91.5679 66.5832 49286 499 0.000232424
8.55743 799296 794952 0.069777 91.4097 67.4605 91.4097 66.785 49835 499 0.000243011
8.62688 800744 796400 0.0697041 91.9015 67.6573 91.9015 66.9872 50386 499 0.000250997
8.6967 799296 797848 0.0700563 91.4269 67.8481 91.4269 67.1834 50937 499 0.00026766
8.76663 796400 796400 0.0701824 91.2698 68.0349 91.2698 67.3756 51488 499 0.000271692
8.8362 794952 793504 0.069863 91.2432 68.2177 91.2432 67.5635 52036 499 0.000235591
8.90577 796400 792056 0.069799 91.0767 68.3962 91.0767 67.7472 52583 499 0.000225523
8.97499 797848 793504 0.0694771 91.8858 68.5774 91.8858 67.9333 53132 499 0.000228128
9.04456 799296 794952 0.0697473 91.4097 68.753 91.4097 68.1139 53681 499 0.000242431
9.11401 797848 796400 0.069835 91.9015 68.9294 91.9015 68.2952 54232 499 0.000253554
9.18382 796400 794952 0.0699721 91.0951 69.0979 91.0951 68.4685 54781 499 0.000246863
9.25352 794952 793504 0.070078 91.2521 69.2648 91.2521 68.6401 55330 499 0.000239879
9.32285 796400 792056 0.0694582 91.3924 69.4293 91.3924 68.8093 55877 499 0.000218959
9.39242 794952 793504 0.0698506 91.4097 69.5921 91.4097 68.9767 56426 499 0.000235346
9.46163 796400 792056 0.0694926 91.5511 69.7528 91.5511 69.1418 56973 499 0.000219612
9.53121 794952 793504 0.0698836 91.4097 69.9109 91.4097 69.3044 57522 499 0.000235998
9.60042 796400 792056 0.0695304 91.5511 70.0669 91.5511 69.4648 58069 499 0.00022033
9.66999 797848 793504 0.0698245 91.4097 70.2204 91.4097 69.6227 58618 499 0.000234832
9.7392 799296 794952 0.0695228 91.8858 70.3744 91.8858 69.7809 59167 499 0.000238105
9.80878 797848 796400 0.0699274 91.7427 70.526 91.7427 69.9366 59718 499 0.000255381
9.87859 796400 794952 0.0699574 91.0951 70.6713 91.0951 70.0862 60267 499 0.000246571
9.94804 794952 793504 0.0699691 91.5679 70.8172 91.5679 70.2361 60816 499 0.000237695
10.0176 796400 792056 0.0696953 91.0767 70.9579 91.0767 70.3809 61363 499 0.000223501
10.0868 797848 793504 0.069691 91.8858 71.1015 91.8858 70.5284 61912 499 0.000232229
10.1564 799296 794952 0.0696504 91.4097 71.2406 91.4097 70.6715 62461 499 0.000240552
10.2259 797848 796400 0.0700001 91.9015 71.3809 91.9015 70.8157 63012 499 0.00025683
10.2954 799296 794952 0.0697555 91.4097 71.5163 91.4097 70.9548 63561 499 0.00024259
10.3652 796400 796400 0.0701179 91.4269 71.6504 91.4269 71.0927 64112 499 0.000270382
10.4347 794952 793504 0.0698611 91.4011 71.7819 91.4011 71.2279 64660 499 0.000235555
10.5043 796400 792056 0.0697602 91.0767 71.9097 91.0767 71.3594 65207 499 0.000224764
10.5735 797848 793504 0.0697762 91.8858 72.0404 91.8858 71.4937 65756 499 0.000233886
10.643 799296 794952 0.0697254 91.4097 72.167 91.4097 71.6239 66305 499 0.000242004
10.7127 794952 796400 0.0703712 91.5846 72.2934 91.5846 71.7538 66856 499 0.000294208
10.7823 793504 792056 0.0698629 91.0767 72.4145 91.0767 71.8784 67403 499 0.000226779
10.8519 792056 790608 0.069902 91.0767 72.5342 91.0767 72.0015 67950 499 0.000219041
10.9209 793504 789160 0.0695086 91.5342 72.6542 91.5342 72.1249 68495 499 0.00020319
10.9902 794952 790608 0.0695841 91.3924 72.7724 91.3924 72.2464 69042 499 0.000212845
11.0592 796400 792056 0.069675 91.8701 72.8915 91.8701 72.3688 69589 499 0.000223108
11.1287 794952 793504 0.0698759 91.4097 73.0073 91.4097 72.4879 70138 499 0.000235845
11.1946 796400 792056 0.0698099 96.2289 73.1439 96.2289 72.6275 70685 499 0.000225736
11.2638 799296 793504 0.069418 91.8858 73.259 91.8858 72.7458 71234 499 0.000238194
11.3331 800744 796400 0.0695443 91.8937 73.373 91.8937 72.863 71784 499 0.00024792
11.4029 799296 797848 0.0700455 91.4269 73.4836 91.4269 72.9766 72335 499 0.000267443
11.4726 797848 796400 0.0699193 91.5846 73.5935 91.5846 73.0897 72886 499 0.000255219
11.5424 794952 794952 0.0700902 91.0951 73.6994 91.0951 73.1986 73435 499 0.000260415
11.6119 796400 792056 0.0696027 91.4011 73.8053 91.4011 73.3075 73983 499 0.000221714
11.6815 794952 793504 0.0698372 91.4097 73.9101 91.4097 73.4153 74532 499 0.000235083
11.7507 796400 792056 0.0694561 91.5511 74.014 91.5511 73.5221 75079 499 0.00021892
11.82 797848 793504 0.0696082 91.7266 74.1179 91.7266 73.6289 75628 499 0.000230629
11.8896 799296 794952 0.0698099 91.4097 74.2191 91.4097 73.7329 76177 499 0.000243654
11.959 800744 796400 0.0697185 91.9015 74.3218 91.9015 73.8384 76728 499 0.000251276
12.0289 799296 797848 0.0700237 91.4269 74.4211 91.4269 73.9405 77279 499 0.000267007
12.0985 797848 796400 0.0699729 91.5846 74.5199 91.5846 74.0421 77830 499 0.000256285
12.1684 796400 794952 0.0700117 91.0951 74.615 91.0951 74.14 78379 499 0.000247655
12.2381 794952 793504 0.0699863 91.2521 74.7098 91.2521 74.2374 78928 499 0.000238039
12.3074 796400 792056 0.0695933 91.3924 74.8037 91.3924 74.3341 79475 499 0.000221534
12.377 797848 793504 0.0697504 91.4097 74.8971 91.4097 74.4301 80024 499 0.000233382
12.4462 799296 794952 0.0694742 91.8858 74.9916 91.8858 74.5271 80573 499 0.000237181
12.516 797848 796400 0.0700775 91.4269 75.0832 91.4269 74.6214 81124 499 0.000258384
12.5854 799296 794952 0.0696413 91.5679 75.1742 91.5679 74.7149 81673 499 0.000240375
12.6552 796400 796400 0.0701758 91.4269 75.2639 91.4269 74.8071 82224 499 0.000271557
12.7249 797848 793504 0.069799 91.0859 75.3505 91.0859 74.8963 82772 499 0.000234333
12.7943 799296 794952 0.0696555 91.7266 75.4393 91.7266 74.9875 83321 499 0.000240649
12.8641 797848 796400 0.0700078 91.4269 75.526 91.4269 75.0767 83872 499 0.000256984
12.9335 799296 794952 0.0697905 91.5679 75.6122 91.5679 75.1652 84421 499 0.000243274
13.0034 797848 796400 0.0700117 91.4269 75.6971 91.4269 75.2525 84972 499 0.000257061
13.0728 799296 794952 0.0696783 91.5679 75.7814 91.5679 75.3392 85521 499 0.00024109
13.1426 797848 796400 0.0700277 91.4269 75.8645 91.4269 75.4247 86072 499 0.000257382
13.2123 796400 794952 0.0699683 91.2521 75.9457 91.2521 75.5082 86621 499 0.000246788
13.2819 797848 793504 0.0697159 91.4097 76.0267 91.4097 75.5915 87170 499 0.000232712
13.3515 796400 794952 0.069867 91.4097 76.1068 91.4097 75.6739 87719 499 0.000244777
13.4209 797848 793504 0.0696005 91.5679 76.1868 91.5679 75.7561 88268 499 0.000230481
13.4905 796400 794952 0.0698372 91.4097 76.2654 91.4097 75.8369 88817 499 0.000244191
13.5599 797848 793504 0.0696449 91.5679 76.3437 91.5679 75.9174 89366 499 0.000231335
13.6295 796400 794952 0.0698856 91.4097 76.4206 91.4097 75.9965 89915 499 0.000245145
13.6992 797848 793504 0.0698201 91.2521 76.4961 91.2521 76.0741 90464 499 0.000234747
13.7685 799296 794952 0.0697043 91.7266 76.5728 91.7266 76.153 91013 499 0.000241594
13.8383 797848 796400 0.070012 91.4269 76.6477 91.4269 76.23 91564 499 0.000257066
13.9078 799296 794952 0.0696783 91.5679 76.7222 91.5679 76.3066 92113 499 0.00024109
13.9776 797848 796400 0.0700271 91.4269 76.7957 91.4269 76.3821 92664 499 0.00025737
14.0471 799296 794952 0.0697071 91.5679 76.8687 91.5679 76.4572 93213 499 0.000241647
14.1169 797848 796400 0.0700153 91.4269 76.9407 91.4269 76.5312 93764 499 0.000257133
14.1866 796400 794952 0.0699821 91.2521 77.011 91.2521 76.6036 94313 499 0.000247064
14.2561 797848 793504 0.069763 91.4097 77.0813 91.4097 76.6758 94862 499 0.000233628
14.3257 796400 794952 0.0698576 91.4097 77.1509 91.4097 76.7474 95411 499 0.000244592
14.3952 797848 793504 0.0696879 91.5679 77.2204 91.5679 76.8189 95960 499 0.000232168
14.4647 796400 794952 0.0699013 91.4097 77.2887 91.4097 76.889 96509 499 0.000245456
14.5342 797848 793504 0.0695902 91.5679 77.3569 91.5679 76.9592 97058 499 0.000230284
14.6038 796400 794952 0.0698998 91.4097 77.4239 91.4097 77.028 97607 499 0.000245427
14.6735 794952 793504 0.0699007 91.2521 77.4895 91.2521 77.0956 98156 499 0.000236336
14.7428 796400 792056 0.0695501 91.3924 77.5549 91.3924 77.1628 98703 499 0.000220706
14.8124 797848 793504 0.0697825 91.4097 77.62 91.4097 77.2297 99252 499 0.00023401
14.8816 799296 794952 0.0694876 91.8858 77.6863 91.8858 77.2979 99801 499 0.000237435
14.9514 797848 796400 0.0700204 91.4269 77.7505 91.4269 77.3639 100352 499 0.000257235
15.0208 799296 794952 0.0696644 91.5679 77.8144 91.5679 77.4296 100901 499 0.000240821
15.0906 797848 796400 0.0700463 91.4269 77.8774 91.4269 77.4943 101452 499 0.000257754
15.1603 796400 794952 0.0699471 91.2521 77.9388 91.2521 77.5576 102001 499 0.000246366
15.2299 797848 793504 0.0697287 91.4097 78.0004 91.4097 77.6208 102550 499 0.000232959
15.2995 796400 794952 0.0699329 91.4097 78.0614 91.4097 77.6835 103099 499 0.000246083
15.3689 797848 793504 0.0695355 91.5679 78.1224 91.5679 77.7463 103648 499 0.000229239
15.4385 796400 794952 0.0698855 91.4097 78.1823 91.4097 77.8079 104197 499 0.000245144
15.508 797848 793504 0.0696048 91.5679 78.2422 91.5679 77.8695 104746 499 0.000230564
15.5775 799296 794952 0.0698078 91.4097 78.301 91.4097 77.93 105295 499 0.000243613
15.647 800744 796400 0.0696006 91.9015 78.3614 91.9015 77.992 105846 499 0.000248999
15.7166 802192 797848 0.0698047 91.7427 78.4206 91.7427 78.0528 106397 499 0.000262664
15.7866 797848 799296 0.0702569 91.444 78.4784 91.444 78.1123 106950 499 0.000311558
15.8563 796400 794952 0.0699683 91.2521 78.5346 91.2521 78.17 107499 499 0.000246788
15.9261 794952 793504 0.0700134 91.0951 78.5896 91.0951 78.2267 108048 499 0.00023858
15.9953 796400 792056 0.0695577 91.5511 78.6457 91.5511 78.2843 108595 499 0.000220852
16.0649 797848 793504 0.0697287 91.4097 78.701 91.4097 78.3412 109144 499 0.000232959
16.1344 799296 794952 0.0697249 91.5679 78.7564 91.5679 78.3981 109693 499 0.000241995
16.2039 800744 796400 0.0697731 91.7427 78.8121 91.7427 78.4554 110244 499 0.000252341
16.2737 797848 797848 0.0700869 91.4269 78.8663 91.4269 78.5111 110795 499 0.000279459
16.3434 796400 794952 0.0698426 91.4183 78.9198 91.4183 78.5661 111345 499 0.000244297
16.4133 793504 793504 0.0701797 91.0951 78.9716 91.0951 78.6194 111894 499 0.000253121
16.4825 796400 790608 0.0693939 91.3837 79.0237 91.3837 78.673 112440 499 0.000220418
16.5518 797848 793504 0.06955 91.5595 79.0762 91.5595 78.727 112988 499 0.000229515
16.621 799296 794952 0.0694964 91.8858 79.1295 91.8858 78.7818 113537 499 0.000237602
16.6906 800744 796400 0.0698149 91.7427 79.1821 91.7427 78.8358 114088 499 0.00025316
16.7604 799296 797848 0.07002 91.4269 79.2331 91.4269 78.8882 114639 499 0.000266932
16.8301 797848 796400 0.0699767 91.5846 79.2843 91.5846 78.9408 115190 499 0.000256361
16.8999 796400 794952 0.0700266 91.0951 79.3331 91.0951 78.991 115739 499 0.000247953
16.9694 797848 793504 0.069725 91.5679 79.3831 91.5679 79.0425 116288 499 0.000232888
17.0389 799296 794952 0.0697716 91.4097 79.4322 91.4097 79.093 116837 499 0.000242905
17.1086 797848 796400 0.0699211 91.5846 79.4817 91.5846 79.1439 117388 499 0.000255254
17.1782 799296 794952 0.0697816 91.4097 79.53 91.4097 79.1935 117937 499 0.0002431
17.248 796400 796400 0.070201 91.4269 79.5782 91.4269 79.2431 118488 499 0.000272069
17.3175 797848 793504 0.0696994 91.4011 79.6256 91.4011 79.2918 119036 499 0.000232391
17.387 796400 794952 0.0698506 91.4097 79.6728 91.4097 79.3403 119585 499 0.000244454
17.4565 797848 793504 0.0696942 91.5679 79.7201 91.5679 79.389 120134 499 0.00023229
17.5261 796400 794952 0.069858 91.4097 79.7665 91.4097 79.4367 120683 499 0.000244602
17.5955 797848 793504 0.0697848 91.5679 79.8131 91.5679 79.4846 121232 499 0.000234054
17.6648 800744 794952 0.0694456 91.7266 79.8598 91.7266 79.5326 121781 499 0.000247822
17.7347 799296 797848 0.0700463 91.5929 79.906 91.5929 79.5801 122333 499 0.000267459
17.8043 797848 796400 0.0699471 91.5846 79.9517 91.5846 79.6271 122884 499 0.000255772
17.8742 796400 794952 0.0700228 91.0951 79.9953 91.0951 79.6719 123433 499 0.000247878
17.9436 797848 793504 0.0697762 91.5679 80.0401 91.5679 79.7179 123982 499 0.000233886
18.0132 799296 794952 0.0697823 91.4097 80.084 91.4097 79.7631 124531 499 0.000243113
18.0829 797848 796400 0.0699294 91.5846 80.1283 91.5846 79.8086 125082 499 0.000255419
18.1524 796400 794952 0.069865 91.4097 80.1715 91.4097 79.8531 125631 499 0.000244738
18.2223 793504 793504 0.0701158 91.0951 80.2134 91.0951 79.8962 126180 499 0.000251823
18.2915 796400 790608 0.0693937 91.3837 80.2557 91.3837 79.9396 126726 499 0.000220415
18.3608 797848 793504 0.06955 91.5595 80.2983 91.5595 79.9835 127274 499 0.000229515
18.43 799296 794952 0.069501 91.8858 80.3419 91.8858 80.0282 127823 499 0.00023769
18.4998 797848 796400 0.070009 91.4269 80.3837 91.4269 80.0712 128374 499 0.000257006
18.5693 799296 794952 0.0697537 91.5679 80.4255 91.5679 80.1142 128923 499 0.000242555
18.6389 800744 796400 0.0697238 91.7427 80.4678 91.7427 80.1576 129474 499 0.000251379
18.7087 799296 797848 0.0700299 91.4269 80.5087 91.4269 80.1997 130025 499 0.000267129
18.7784 797848 796400 0.0699459 91.5846 80.5498 91.5846 80.2419 130576 499 0.000255748
18.8482 796400 794952 0.0700618 91.0951 80.5888 91.0951 80.2821 131125 499 0.000248659
18.9176 797848 793504 0.0697323 91.5679 80.6291 91.5679 80.3236 131674 499 0.000233031
18.9872 799296 794952 0.0697816 91.4097 80.6686 91.4097 80.3642 132223 499 0.000243099
19.0569 797848 796400 0.0699545 91.5846 80.7085 91.5846 80.4052 132774 499 0.00025592
19.1265 796400 794952 0.0698382 91.4097 80.7475 91.4097 80.4453 133323 499 0.000244212
19.1963 793504 793504 0.0701134 91.0951 80.7851 91.0951 80.484 133872 499 0.000251776
19.2655 794952 790608 0.0694928 91.3837 80.8232 91.3837 80.5231 134418 499 0.000211104
19.3348 797848 792056 0.0694457 91.3924 80.8611 91.3924 80.5621 134965 499 0.000229906
19.404 799296 794952 0.0694908 92.0532 80.901 92.0532 80.6031 135515 499 0.000237495
19.4738 797848 796400 0.0700237 91.4269 80.9387 91.4269 80.6419 136066 499 0.000257302
19.5433 799296 794952 0.0697437 91.5679 80.9765 91.5679 80.6807 136615 499 0.00024236
19.6129 800744 796400 0.069716 91.7427 81.0147 91.7427 80.72 137166 499 0.000251227
19.6827 797848 797848 0.0700789 91.4269 81.0516 91.4269 80.758 137717 499 0.000279298
19.7524 796400 794952 0.0699098 91.4183 81.0882 91.4183 80.7956 138267 499 0.000245624
19.8222 794952 793504 0.070039 91.0951 81.1235 91.0951 80.8318 138816 499 0.000239094
19.8914 796400 792056 0.0695071 91.5511 81.1597 91.5511 80.8691 139363 499 0.000219886
19.961 797848 793504 0.0698262 91.4097 81.1955 91.4097 80.9059 139912 499 0.000234867
20.0302 800744 794952 0.0693889 91.8858 81.2324 91.8858 80.9438 140461 499 0.000246754
20.0998 799296 797848 0.0698998 91.9092 81.2694 91.9092 80.9818 141013 499 0.000264538
20.1698 794952 796400 0.0702152 91.1133 81.3035 91.1133 81.017 141564 499 0.000290997
20.2393 796400 792056 0.069754 91.2343 81.3376 91.2343 81.052 142111 499 0.000224644
20.3088 797848 793504 0.0697085 91.4097 81.3721 91.4097 81.0875 142660 499 0.000232567
20.3781 799296 794952 0.0694983 91.8858 81.4078 91.8858 81.1242 143209 499 0.000237639
20.4479 797848 796400 0.0700156 91.4269 81.442 91.4269 81.1594 143760 499 0.000257139
20.5176 796400 794952 0.0699723 91.2521 81.4754 91.2521 81.1936 144309 499 0.000246866
20.5871 797848 793504 0.0697735 91.4097 81.5089 91.4097 81.2282 144858 499 0.000233833
20.6567 796400 794952 0.0698585 91.4097 81.5423 91.4097 81.2625 145407 499 0.00024461
20.7262 797848 793504 0.0696503 91.5679 81.5759 91.5679 81.297 145956 499 0.000231441
20.7957 796400 794952 0.0699413 91.4097 81.6088 91.4097 81.3308 146505 499 0.00024625
20.8652 797848 793504 0.0695936 91.5679 81.6419 91.5679 81.3649 147054 499 0.000230349
20.9348 796400 794952 0.0698998 91.4097 81.6744 91.4097 81.3983 147603 499 0.000245427
21.0044 794952 793504 0.0698987 91.2521 81.7062 91.2521 81.431 148152 499 0.000236297
21.0738 796400 792056 0.0695524 91.3924 81.738 91.3924 81.4637 148699 499 0.00022075
21.1433 797848 793504 0.0697825 91.4097 81.7699 91.4097 81.4965 149248 499 0.00023401
21.2126 799296 794952 0.0694777 91.8858 81.8029 91.8858 81.5304 149797 499 0.000237248
21.2824 797848 796400 0.0700317 91.4269 81.8344 91.4269 81.5628 150348 499 0.000257461
21.3518 799296 794952 0.0696644 91.5679 81.8661 91.5679 81.5954 150897 499 0.000240822
21.4216 797848 796400 0.0700175 91.4269 81.8973 91.4269 81.6274 151448 499 0.000257177
21.4911 799296 794952 0.0697193 91.5679 81.9285 91.5679 81.6595 151997 499 0.000241885
21.5607 797848 796400 0.0698333 91.7427 81.9602 91.7427 81.6921 152548 499 0.000253521
21.6305 796400 794952 0.0700582 91.0951 81.9897 91.0951 81.7224 153097 499 0.000248587
21.6999 797848 793504 0.0696449 91.5679 82.0203 91.5679 81.7539 153646 499 0.000231335
21.7695 796400 794952 0.0698856 91.4097 82.0503 91.4097 81.7848 154195 499 0.000245145
21.839 797848 793504 0.0695315 91.5679 82.0806 91.5679 81.8159 154744 499 0.000229162
21.9085 796400 794952 0.0698913 91.4097 82.1102 91.4097 81.8464 155293 499 0.000245259
21.978 797848 793504 0.0696009 91.5679 82.1401 91.5679 81.8771 155842 499 0.000230489
22.0473 799296 794952 0.0695755 91.7266 82.1703 91.7266 81.9081 156391 499 0.000239111
22.1171 797848 796400 0.0700354 91.4269 82.1995 91.4269 81.9381 156942 499 0.000257536
22.1866 799296 794952 0.0697602 91.5679 82.2288 91.5679 81.9683 157491 499 0.000242683
22.2564 797848 796400 0.07002 91.4269 82.2577 91.4269 81.9979 158042 499 0.000257227
22.3258 799296 794952 0.0696644 91.5679 82.2866 91.5679 82.0277 158591 499 0.000240821
22.3957 797848 796400 0.0700473 91.4269 82.3151 91.4269 82.057 159142 499 0.000257775
22.4653 796400 794952 0.069946 91.2521 82.3428 91.2521 82.0855 159691 499 0.000246343
22.5349 797848 793504 0.0697287 91.4097 82.3708 91.4097 82.1143 160240 499 0.000232959
22.6045 796400 794952 0.0699363 91.4097 82.3986 91.4097 82.1429 160789 499 0.00024615
22.6739 797848 793504 0.0695317 91.5679 82.4267 91.5679 82.1718 161338 499 0.000229165
22.7435 796400 794952 0.0698855 91.4097 82.4542 91.4097 82.2001 161887 499 0.000245144
22.813 797848 793504 0.0696074 91.5679 82.482 91.5679 82.2286 162436 499 0.000230614
22.8825 799296 794952 0.0698048 91.4097 82.5091 91.4097 82.2565 162985 499 0.000243555
22.9522 797848 796400 0.0698797 91.5846 82.5367 91.5846 82.2848 163536 499 0.000254436
23.0218 796400 794952 0.0698378 91.4097 82.5635 91.4097 82.3124 164085 499 0.000244202
23.0916 794952 793504 0.0700178 91.0951 82.5893 91.0951 82.3389 164634 499 0.000238669
23.1608 797848 792056 0.069407 91.5511 82.616 91.5511 82.3665 165181 499 0.000229176
23.2304 799296 794952 0.0698251 91.5762 82.6429 91.5762 82.3941 165731 499 0.000243954
23.2999 800744 796400 0.0696421 91.9015 82.6705 91.9015 82.4224 166282 499 0.000249797
23.3697 799296 797848 0.0700299 91.4269 82.6966 91.4269 82.4493 166833 499 0.000267129
23.4396 796400 796400 0.0701905 91.2698 82.7222 91.2698 82.4756 167384 499 0.000271856
23.5092 797848 793504 0.0697823 91.2432 82.7474 91.2432 82.5016 167932 499 0.000234005
23.5788 796400 794952 0.0698998 91.4097 82.773 91.4097 82.5278 168481 499 0.000245427
23.6482 797848 793504 0.0696542 91.5679 82.7988 91.5679 82.5544 169030 499 0.000231515
23.7178 796400 794952 0.0698318 91.4097 82.8241 91.4097 82.5804 169579 499 0.000244085
23.7872 797848 793504 0.0696505 91.5679 82.8496 91.5679 82.6066 170128 499 0.000231445
23.8568 796400 794952 0.0698291 91.4097 82.8746 91.4097 82.6323 170677 499 0.000244032
23.9265 794952 793504 0.0699939 91.2521 82.899 91.2521 82.6574 171226 499 0.000238189
23.9958 797848 792056 0.0694457 91.3924 82.9235 91.3924 82.6826 171773 499 0.000229906
24.0654 799296 794952 0.0697923 91.5762 82.9485 91.5762 82.7083 172323 499 0.000243309
24.1349 800744 796400 0.0696792 91.9015 82.9743 91.9015 82.7348 172874 499 0.000250513
24.2047 799296 797848 0.0700304 91.4269 82.9987 91.4269 82.7599 173425 499 0.000267141
24.2744 797848 796400 0.0699459 91.5846 83.0233 91.5846 82.7852 173976 499 0.000255748
24.3442 796400 794952 0.0700618 91.0951 83.0465 91.0951 82.809 174525 499 0.000248659
24.4139 794952 793504 0.0699294 91.2521 83.0699 91.2521 82.8331 175074 499 0.000236906
24.4832 796400 792056 0.0695563 91.3924 83.0935 91.3924 82.8574 175621 499 0.000220826
24.5528 794952 793504 0.0699049 91.4097 83.117 91.4097 82.8816 176170 499 0.000236419
24.622 797848 792056 0.0693716 91.5511 83.1407 91.5511 82.906 176717 499 0.000228512
24.6916 799296 794952 0.0698047 91.5762 83.1645 91.5762 82.9304 177267 499 0.000243553
24.761 800744 796400 0.0697256 91.9015 83.189 91.9015 82.9556 177818 499 0.000251414
24.8308 799296 797848 0.0700142 91.4269 83.2122 91.4269 82.9794 178369 499 0.000266816
24.9005 797848 796400 0.0699837 91.5846 83.2356 91.5846 83.0035 178920 499 0.000256502
24.9701 799296 794952 0.0697449 91.4097 83.2584 91.4097 83.0269 179469 499 0.000242384
25.0399 797848 796400 0.0700414 91.4269 83.2812 91.4269 83.0503 180020 499 0.000257656
25.1094 799296 794952 0.069725 91.5679 83.3041 91.5679 83.0739 180569 499 0.000241996
25.1792 797848 796400 0.0700604 91.4269 83.3266 91.4269 83.097 181120 499 0.000258039
25.2486 799296 794952 0.0697338 91.5679 83.3493 91.5679 83.1203 181669 499 0.000242168
25.3184 797848 796400 0.0700341 91.4269 83.3715 91.4269 83.1432 182220 499 0.00025751
25.3881 796400 794952 0.0699382 91.2521 83.3932 91.2521 83.1655 182769 499 0.000246188
25.4577 794952 793504 0.0698836 91.4097 83.4151 91.4097 83.188 183318 499 0.000235997
25.5273 793504 792056 0.0698692 91.0767 83.436 91.0767 83.2095 183865 499 0.000226904
25.5965 796400 790608 0.0693937 91.5511 83.4579 91.5511 83.2321 184412 499 0.000220415
25.6658 797848 793504 0.0695587 91.5595 83.4798 91.5595 83.2546 184960 499 0.00022968
25.735 799296 794952 0.0694911 91.8858 83.5024 91.8858 83.2778 185509 499 0.000237502
25.8048 797848 796400 0.070009 91.4269 83.5238 91.4269 83.2998 186060 499 0.000257006
25.8743 799296 794952 0.0697603 91.5679 83.5454 91.5679 83.322 186609 499 0.000242684
25.9439 800744 796400 0.0697162 91.7427 83.5674 91.7427 83.3446 187160 499 0.000251232
26.0137 799296 797848 0.0700298 91.4269 83.5885 91.4269 83.3663 187711 499 0.000267129
26.0834 797848 796400 0.0699652 91.5846 83.6099 91.5846 83.3883 188262 499 0.000256132
26.1532 796400 794952 0.0700398 91.0951 83.6299 91.0951 83.4088 188811 499 0.000248217
26.2226 797848 793504 0.0697323 91.5679 83.6509 91.5679 83.4304 189360 499 0.00023303
26.2922 796400 794952 0.0698457 91.4097 83.6714 91.4097 83.4516 189909 499 0.000244358
26.3619 794952 793504 0.0698822 91.2521 83.6914 91.2521 83.4722 190458 499 0.000235969
26.4312 796400 792056 0.069593 91.3924 83.7116 91.3924 83.493 191005 499 0.000221528
26.5008 794952 793504 0.0698291 91.4097 83.7319 91.4097 83.5137 191554 499 0.000234924
26.57 796400 792056 0.0695009 91.5511 83.7522 91.5511 83.5347 192101 499 0.000219768
26.6396 797848 793504 0.0698099 91.4097 83.7722 91.4097 83.5552 192650 499 0.000234546
26.7088 800744 794952 0.069418 91.8858 83.7933 91.8858 83.5768 193199 499 0.000247302
26.7786 799296 797848 0.0700277 91.5929 83.8136 91.5929 83.5977 193751 499 0.000267086
26.8483 797848 796400 0.0699683 91.5846 83.8338 91.5846 83.6185 194302 499 0.000256194
26.9179 799296 794952 0.0697159 91.4097 83.8533 91.4097 83.6386 194851 499 0.00024182
26.9877 796400 796400 0.0700807 91.4269 83.8729 91.4269 83.6587 195402 499 0.000269629
27.0571 797848 793504 0.0696504 91.4011 83.8923 91.4011 83.6786 195950 499 0.000231442
27.1267 796400 794952 0.0698575 91.4097 83.9115 91.4097 83.6984 196499 499 0.000244592
27.1962 797848 793504 0.0696879 91.5679 83.9311 91.5679 83.7185 197048 499 0.000232168
27.2657 796400 794952 0.0699014 91.4097 83.9502 91.4097 83.7382 197597 499 0.000245458
27.3354 794952 793504 0.0698426 91.2521 83.9688 91.2521 83.7573 198146 499 0.000235189
27.4048 796400 792056 0.0696112 91.3924 83.9876 91.3924 83.7766 198693 499 0.000221878
27.4743 797848 793504 0.0697885 91.4097 84.0064 91.4097 83.796 199242 499 0.000234127
27.5436 799296 794952 0.0694778 91.8858 84.0262 91.8858 83.8163 199791 499 0.000237248
27.6134 797848 796400 0.070031 91.4269 84.0449 91.4269 83.8355 200342 499 0.000257448
27.6828 799296 794952 0.0696652 91.5679 84.0637 91.5679 83.8549 200891 499 0.000240837
27.7526 797848 796400 0.0700175 91.4269 84.0823 91.4269 83.874 201442 499 0.000257177
27.8221 799296 794952 0.0697064 91.5679 84.101 91.5679 83.8932 201991 499 0.000241634
27.8917 797848 796400 0.069848 91.7427 84.12 91.7427 83.9128 202542 499 0.00025381
27.9615 796400 794952 0.0700582 91.0951 84.1374 91.0951 83.9307 203091 499 0.000248588
28.0309 797848 793504 0.0696004 91.5679 84.1558 91.5679 83.9496 203640 499 0.000230479
28.1005 796400 794952 0.0699363 91.4097 84.1738 91.4097 83.9681 204189 499 0.00024615
28.1699 797848 793504 0.0695317 91.5679 84.192 91.5679 83.9868 204738 499 0.000229165
28.2395 796400 794952 0.0698855 91.4097 84.2098 91.4097 84.0051 205287 499 0.000245144
28.3092 794952 793504 0.0698865 91.2521 84.2272 91.2521 84.023 205836 499 0.000236055
28.3785 796400 792056 0.0696287 91.3924 84.2447 91.3924 84.041 206383 499 0.000222214
28.4481 797848 793504 0.0697515 91.4097 84.2622 91.4097 84.059 206932 499 0.000233403
28.5173 799296 794952 0.0695573 91.8858 84.2807 91.8858 84.078 207481 499 0.000238762
28.5871 797848 796400 0.0700233 91.4269 84.2981 91.4269 84.0959 208032 499 0.000257294
28.6566 799296 794952 0.0697593 91.5679 84.3158 91.5679 84.114 208581 499 0.000242665
28.7264 797848 796400 0.0700529 91.4269 84.333 91.4269 84.1318 209132 499 0.000257887
28.7961 796400 794952 0.0699396 91.2521 84.3498 91.2521 84.149 209681 499 0.000246215
28.8657 794952 793504 0.0698328 91.4097 84.3668 91.4097 84.1665 210230 499 0.000234996
28.9352 793504 792056 0.0699233 91.0767 84.3829 91.0767 84.1832 210777 499 0.000227974
29.0045 796400 790608 0.0693983 91.5511 84.4 91.5511 84.2007 211324 499 0.0002205
29.0738 797848 793504 0.0695501 91.5595 84.4171 91.5595 84.2183 211872 499 0.000229516
29.143 799296 794952 0.0694964 91.8858 84.4348 91.8858 84.2365 212421 499 0.000237602
29.2128 797848 796400 0.0700142 91.4269 84.4516 91.4269 84.2537 212972 499 0.000257111
29.2823 799296 794952 0.0697537 91.5679 84.4684 91.5679 84.271 213521 499 0.000242555
29.3518 800744 796400 0.0697085 91.7427 84.4857 91.7427 84.2887 214072 499 0.000251082
29.4217 799296 797848 0.0700473 91.4269 84.5021 91.4269 84.3057 214623 499 0.000267479
29.4913 797848 796400 0.069946 91.5846 84.5189 91.5846 84.3229 215174 499 0.000255749
29.5612 796400 794952 0.0700228 91.0951 84.5344 91.0951 84.3389 215723 499 0.000247878
29.6306 797848 793504 0.0697762 91.5679 84.5509 91.5679 84.3558 216272 499 0.000233886
29.7002 799296 794952 0.0697823 91.4097 84.567 91.4097 84.3723 216821 499 0.000243113
29.7699 797848 796400 0.0699294 91.5846 84.5834 91.5846 84.3892 217372 499 0.000255419
29.8394 796400 794952 0.069865 91.4097 84.5993 91.4097 84.4056 217921 499 0.000244738
29.9093 793504 793504 0.0701158 91.0951 84.6145 91.0951 84.4212 218470 499 0.000251823
29.9785 796400 790608 0.0693937 91.3837 84.6301 91.3837 84.4373 219016 499 0.000220415
30.0478 797848 793504 0.06955 91.5595 84.6461 91.5595 84.4537 219564 499 0.000229515
30.117 799296 794952 0.069501 91.8858 84.6627 91.8858 84.4708 220113 499 0.00023769
30.1868 797848 796400 0.070009 91.4269 84.6784 91.4269 84.4869 220664 499 0.000257006
30.2565 796400 794952 0.0699837 91.2521 84.6935 91.2521 84.5025 221213 499 0.000247095
30.3261 797848 793504 0.0697583 91.4097 84.7089 91.4097 84.5183 221762 499 0.000233537
30.3957 796400 794952 0.0698328 91.4097 84.7243 91.4097 84.5341 222311 499 0.000244104
30.4651 797848 793504 0.0696857 91.5679 84.7399 91.5679 84.5501 222860 499 0.000232124
30.5347 796400 794952 0.0698836 91.4097 84.7551 91.4097 84.5658 223409 499 0.000245106
30.6041 797848 793504 0.0696504 91.5679 84.7705 91.5679 84.5816 223958 499 0.000231442
30.6737 796400 794952 0.0698575 91.4097 84.7856 91.4097 84.5971 224507 499 0.000244592
30.7434 794952 793504 0.0699418 91.2521 84.8002 91.2521 84.6122 225056 499 0.000237151
30.8127 796400 792056 0.0696113 91.3924 84.8151 91.3924 84.6275 225603 499 0.000221879
30.8823 797848 793504 0.0697768 91.4097 84.8299 91.4097 84.6428 226152 499 0.000233898
30.9515 799296 794952 0.0694909 91.8858 84.8457 91.8858 84.6589 226701 499 0.000237498
31.0213 797848 796400 0.070012 91.4269 84.8605 91.4269 84.6742 227252 499 0.000257066
31.0908 799296 794952 0.0696783 91.5679 84.8755 91.5679 84.6896 227801 499 0.00024109
31.1606 797848 796400 0.0700271 91.4269 84.8902 91.4269 84.7047 228352 499 0.00025737
31.2301 799296 794952 0.0697071 91.5679 84.905 91.5679 84.7199 228901 499 0.000241647
31.2996 800744 796400 0.0698182 91.7427 84.9202 91.7427 84.7355 229452 499 0.000253225
31.3694 797848 797848 0.0700902 91.4269 84.9347 91.4269 84.7504 230003 499 0.000279526
31.4391 796400 794952 0.0698969 91.4183 84.9491 91.4183 84.7652 230553 499 0.000245369
31.509 794952 793504 0.0700446 91.0951 84.9627 91.0951 84.7792 231102 499 0.000239205
31.5782 796400 792056 0.0694742 91.5511 84.9771 91.5511 84.7941 231649 499 0.000219263
31.6477 794952 793504 0.0699013 91.4097 84.9913 91.4097 84.8086 232198 499 0.000236348
31.7172 796400 792056 0.0695902 91.2343 85.005 91.2343 84.8227 232745 499 0.000221474
31.7865 797848 793504 0.0696985 91.7266 85.0196 91.7266 84.8378 233294 499 0.000232374
31.8561 799296 794952 0.0697583 91.4097 85.0336 91.4097 84.8521 233843 499 0.000242645
31.9255 800744 796400 0.0697752 91.9015 85.0485 91.9015 84.8674 234394 499 0.000252381
31.9954 799296 797848 0.0700117 91.4269 85.0624 91.4269 84.8818 234945 499 0.000266766
32.0651 797848 796400 0.0699863 91.5846 85.0766 91.5846 84.8963 235496 499 0.000256554
32.1349 796400 794952 0.0700156 91.0951 85.0897 91.0951 84.9098 236045 499 0.000247733
32.2046 794952 793504 0.0699723 91.2521 85.103 91.2521 84.9235 236594 499 0.000237758
32.2739 796400 792056 0.0694792 91.3924 85.1165 91.3924 84.9374 237141 499 0.000219357
32.3435 794952 793504 0.0698382 91.4097 85.1301 91.4097 84.9513 237690 499 0.000235103
32.4127 797848 792056 0.069407 91.5511 85.1438 91.5511 84.9654 238237 499 0.000229177
32.4822 796400 794952 0.0699233 91.5762 85.1575 91.5762 84.9796 238787 499 0.000245892
32.5517 797848 793504 0.069612 91.5679 85.1712 91.5679 84.9936 239336 499 0.000230703
32.6213 796400 794952 0.0698692 91.4097 85.1845 91.4097 85.0073 239885 499 0.000244821
32.6907 797848 793504 0.0696912 91.5679 85.1981 91.5679 85.0213 240434 499 0.000232231
32.7601 799296 794952 0.0695184 91.7266 85.2119 91.7266 85.0355 240983 499 0.00023802
32.8299 797848 796400 0.0700153 91.4269 85.2251 91.4269 85.0491 241534 499 0.000257133
32.8993 799296 794952 0.0697431 91.5679 85.2385 91.5679 85.0628 242083 499 0.000242348
32.9691 797848 796400 0.0700362 91.4269 85.2516 91.4269 85.0763 242634 499 0.000257552
33.0386 799296 794952 0.0697594 91.5679 85.2649 91.5679 85.0899 243183 499 0.000242666
33.1084 797848 796400 0.07002 91.4269 85.2779 91.4269 85.1033 243734 499 0.000257227
33.1781 796400 794952 0.0699771 91.2521 85.2904 91.2521 85.1162 244283 499 0.000246964
33.2477 794952 793504 0.0698328 91.4097 85.3032 91.4097 85.1294 244832 499 0.000234996
33.3172 796400 792056 0.0698139 91.0767 85.3153 91.0767 85.1418 245379 499 0.000225816
33.3865 797848 793504 0.0695233 91.8858 85.3289 91.8858 85.1558 245928 499 0.000229005
33.456 796400 794952 0.0698506 91.4097 85.3416 91.4097 85.1688 246477 499 0.000244454
33.5255 797848 793504 0.0696942 91.5679 85.3545 91.5679 85.182 247026 499 0.00023229
33.595 796400 794952 0.069858 91.4097 85.367 91.4097 85.1949 247575 499 0.000244602
33.6647 794952 793504 0.0699861 91.2521 85.3792 91.2521 85.2075 248124 499 0.000238034
33.7341 796400 792056 0.0695149 91.3924 85.3915 91.3924 85.2202 248671 499 0.000220035
33.8036 794952 793504 0.069847 91.4097 85.4039 91.4097 85.2329 249220 499 0.000235276
33.8729 797848 792056 0.0693894 91.5511 85.4165 91.5511 85.2458 249767 499 0.000228846
33.9424 799296 794952 0.0698089 91.5762 85.4291 91.5762 85.2588 250317 499 0.000243635
34.0119 800744 796400 0.0696659 91.9015 85.4423 91.9015 85.2724 250868 499 0.000250257
34.0817 799296 797848 0.0700519 91.4269 85.4546 91.4269 85.285 251419 499 0.000267572
34.1514 797848 796400 0.0699078 91.5846 85.4671 91.5846 85.2978 251970 499 0.000254992
34.221 799296 794952 0.0698236 91.4097 85.4792 91.4097 85.3103 252519 499 0.000243924
34.2908 797848 796400 0.0700083 91.4269 85.4913 91.4269 85.3227 253070 499 0.000256994
34.3602 799296 794952 0.0696505 91.5679 85.5036 91.5679 85.3353 253619 499 0.000240553
34.43 796400 796400 0.0701296 91.4269 85.5156 91.4269 85.3477 254170 499 0.000270618
34.4995 797848 793504 0.0697933 91.4011 85.5274 91.4011 85.3599 254718 499 0.000234221
34.5691 799296 794952 0.0697451 91.4097 85.5393 91.4097 85.3721 255267 499 0.000242387
34.6388 797848 796400 0.0699858 91.5846 85.5514 91.5846 85.3846 255818 499 0.000256542
34.7083 799296 794952 0.0697881 91.4097 85.5632 91.4097 85.3966 256367 499 0.000243228
34.7781 797848 796400 0.0700233 91.4269 85.575 91.4269 85.4087 256918 499 0.000257294
34.8476 799296 794952 0.0697593 91.5679 85.5869 91.5679 85.421 257467 499 0.000242665
34.9174 797848 796400 0.0700529 91.4269 85.5986 91.4269 85.433 258018 499 0.000257887
34.9869 799296 794952 0.0696421 91.5679 85.6104 91.5679 85.4452 258567 499 0.000240391
35.0567 797848 796400 0.0700298 91.4269 85.622 91.4269 85.4571 259118 499 0.000257424
35.1264 796400 794952 0.0699652 91.2521 85.6332 91.2521 85.4686 259667 499 0.000246725
35.1959 797848 793504 0.0697512 91.4097 85.6446 91.4097 85.4804 260216 499 0.000233397
35.2655 796400 794952 0.0698855 91.4097 85.656 91.4097 85.4921 260765 499 0.000245144
35.335 797848 793504 0.0696048 91.5679 85.6676 91.5679 85.504 261314 499 0.000230564
35.4045 799296 794952 0.0698078 91.4097 85.6789 91.4097 85.5156 261863 499 0.000243613
35.474 800744 796400 0.0696006 91.9015 85.6911 91.9015 85.5281 262414 499 0.000248999
35.5438 799296 797848 0.0700053 91.4269 85.7023 91.4269 85.5397 262965 499 0.000266637
35.6137 796400 796400 0.0701953 91.2698 85.7133 91.2698 85.5509 263516 499 0.000271953
35.6833 797848 793504 0.0697768 91.2432 85.724 91.2432 85.562 264064 499 0.000233898
35.7529 799296 794952 0.0697159 91.4097 85.7351 91.4097 85.5734 264613 499 0.00024182
35.8223 800744 796400 0.0697548 91.9015 85.7471 91.9015 85.5857 265164 499 0.000251982
35.8921 799296 797848 0.0700229 91.4269 85.7581 91.4269 85.5971 265715 499 0.000266989
35.9618 797848 796400 0.0699586 91.5846 85.7694 91.5846 85.6087 266266 499 0.000256
36.0317 796400 794952 0.0700473 91.0951 85.7797 91.0951 85.6193 266815 499 0.000248368
36.1013 794952 793504 0.069946 91.2521 85.7903 91.2521 85.6302 267364 499 0.000237234
36.1707 796400 792056 0.0695353 91.3924 85.801 91.3924 85.6412 267911 499 0.000220424
36.2403 794952 793504 0.0699272 91.4097 85.8118 91.4097 85.6523 268460 499 0.000236861
36.3095 797848 792056 0.0693939 91.5511 85.8227 91.5511 85.6635 269007 499 0.00022893
36.379 796400 794952 0.0698505 91.5762 85.8337 91.5762 85.6748 269557 499 0.000244452
36.4485 797848 793504 0.0697933 91.5679 85.8447 91.5679 85.6861 270106 499 0.000234221
36.5181 799296 794952 0.0697451 91.4097 85.8553 91.4097 85.697 270655 499 0.000242387
36.5875 800744 796400 0.0697845 91.9015 85.8667 91.9015 85.7087 271206 499 0.000252563
36.6571 802192 797848 0.0697578 91.7427 85.8779 91.7427 85.7202 271757 499 0.000261747
36.7271 797848 799296 0.0703208 91.444 85.8885 91.444 85.7311 272310 499 0.000312873
36.7968 796400 794952 0.0699586 91.2521 85.8987 91.2521 85.7416 272859 499 0.000246594
36.8666 794952 793504 0.0700463 91.0951 85.9085 91.0951 85.7517 273408 499 0.00023924
36.9359 797848 792056 0.0693894 91.5511 85.9191 91.5511 85.7626 273955 499 0.000228846
37.0054 799296 794952 0.0698089 91.5762 85.9297 91.5762 85.7735 274505 499 0.000243635
37.0749 800744 796400 0.0696408 91.9015 85.9409 91.9015 85.785 275056 499 0.000249771
37.1445 799296 797848 0.0698669 91.7427 85.9518 91.7427 85.7961 275607 499 0.000263888
37.2145 794952 796400 0.0703435 91.1133 85.9615 91.1133 85.8062 276158 499 0.000293635
37.284 796400 792056 0.0696048 91.2343 85.9713 91.2343 85.8163 276705 499 0.000221754
37.3535 797848 793504 0.0698076 91.4097 85.9814 91.4097 85.8267 277254 499 0.000234501
37.4227 800744 794952 0.0694247 91.8858 85.9924 91.8858 85.8379 277803 499 0.000247428
37.4926 799296 797848 0.070006 91.5929 86.0028 91.5929 85.8486 278355 499 0.000266652
37.5625 794952 796400 0.0702231 91.2698 86.0126 91.2698 85.8587 278906 499 0.000291158
37.6321 796400 792056 0.0697451 91.0767 86.0219 91.0767 85.8683 279453 499 0.000224469
37.7016 797848 793504 0.0698182 91.4097 86.0319 91.4097 85.8786 280002 499 0.00023471
37.7708 800744 794952 0.0694218 91.8858 86.0426 91.8858 85.8896 280551 499 0.000247373
37.8407 799296 797848 0.0700304 91.5929 86.0529 91.5929 85.9001 281103 499 0.000267141
37.9104 797848 796400 0.0699459 91.5846 86.063 91.5846 85.9106 281654 499 0.000255748
37.9802 796400 794952 0.0700604 91.0951 86.0723 91.0951 85.9201 282203 499 0.000248632
38.0499 794952 793504 0.069931 91.2521 86.0818 91.2521 85.9298 282752 499 0.000236936
38.1192 796400 792056 0.0695563 91.3924 86.0914 91.3924 85.9398 283299 499 0.000220826
38.1888 794952 793504 0.0698998 91.4097 86.1011 91.4097 85.9497 283848 499 0.000236319
38.258 797848 792056 0.0693774 91.5511 86.111 91.5511 85.9599 284395 499 0.000228621
38.3276 799296 794952 0.0698047 91.5762 86.1209 91.5762 85.9701 284945 499 0.000243553
38.397 800744 796400 0.0697256 91.9015 86.1313 91.9015 85.9808 285496 499 0.000251415
38.4668 799296 797848 0.0700142 91.4269 86.141 91.4269 85.9907 286047 499 0.000266816
38.5365 797848 796400 0.0699838 91.5846 86.1508 91.5846 86.0008 286598 499 0.000256502
38.6061 799296 794952 0.0697449 91.4097 86.1603 91.4097 86.0106 287147 499 0.000242384
38.6759 797848 796400 0.0700414 91.4269 86.1698 91.4269 86.0203 287698 499 0.000257656
38.7453 799296 794952 0.069725 91.5679 86.1795 91.5679 86.0303 288247 499 0.000241996
38.8152 797848 796400 0.0700228 91.4269 86.1889 91.4269 86.04 288798 499 0.000257284
38.8846 799296 794952 0.0697768 91.5679 86.1985 91.5679 86.0499 289347 499 0.000243006
38.9544 797848 796400 0.0700341 91.4269 86.2079 91.4269 86.0595 289898 499 0.00025751
39.0241 796400 794952 0.0699382 91.2521 86.2169 91.2521 86.0688 290447 499 0.000246188
39.0937 794952 793504 0.0698836 91.4097 86.2261 91.4097 86.0783 290996 499 0.000235998
39.1633 793504 792056 0.0698692 91.0767 86.2347 91.0767 86.0871 291543 499 0.000226904
39.2325 796400 790608 0.0693938 91.5511 86.2441 91.5511 86.0968 292090 499 0.000220416
39.3018 797848 793504 0.0695586 91.5595 86.2535 91.5595 86.1064 292638 499 0.00022968
39.371 799296 794952 0.0694912 91.8858 86.2634 91.8858 86.1166 293187 499 0.000237502
39.4408 797848 796400 0.070009 91.4269 86.2725 91.4269 86.126 293738 499 0.000257006
39.5103 799296 794952 0.0697537 91.5679 86.2819 91.5679 86.1355 294287 499 0.000242555
39.5799 800744 796400 0.0697238 91.7427 86.2914 91.7427 86.1454 294838 499 0.000251379
39.6497 799296 797848 0.0700298 91.4269 86.3005 91.4269 86.1547 295389 499 0.000267129
39.7194 797848 796400 0.0699653 91.5846 86.3098 91.5846 86.1642 295940 499 0.000256133
39.7892 796400 794952 0.0700397 91.0951 86.3182 91.0951 86.1729 296489 499 0.000248216
39.8586 797848 793504 0.0697324 91.5679 86.3273 91.5679 86.1823 297038 499 0.000233032
39.9282 796400 794952 0.0698456 91.4097 86.3362 91.4097 86.1914 297587 499 0.000244357
39.9979 794952 793504 0.0698822 91.2521 86.3447 91.2521 86.2002 298136 499 0.00023597
40.0672 796400 792056 0.069593 91.3924 86.3535 91.3924 86.2092 298683 499 0.000221528
40.1368 794952 793504 0.0698292 91.4097 86.3622 91.4097 86.2182 299232 499 0.000234925
40.206 796400 792056 0.0695009 91.5511 86.3712 91.5511 86.2274 299779 499 0.00021977
40.2756 797848 793504 0.0698099 91.4097 86.3799 91.4097 86.2363 300328 499 0.000234546
40.3448 800744 794952 0.0694181 91.8858 86.3893 91.8858 86.246 300877 499 0.000247303
40.4146 799296 797848 0.0700272 91.5929 86.3983 91.5929 86.2553 301429 499 0.000267075
40.4843 797848 796400 0.0699691 91.5846 86.4072 91.5846 86.2644 301980 499 0.000256211
40.5539 799296 794952 0.0697159 91.4097 86.4158 91.4097 86.2733 302529 499 0.000241819
40.6237 796400 796400 0.070079 91.4269 86.4244 91.4269 86.2821 303080 499 0.000269595
40.6931 797848 793504 0.0696525 91.4011 86.4329 91.4011 86.2909 303628 499 0.000231482
40.7627 796400 794952 0.0698575 91.4097 86.4414 91.4097 86.2996 304177 499 0.00024459
40.8322 797848 793504 0.0696881 91.5679 86.4501 91.5679 86.3086 304726 499 0.000232171
40.9017 796400 794952 0.0699013 91.4097 86.4586 91.4097 86.3172 305275 499 0.000245457
40.9714 794952 793504 0.0698428 91.2521 86.4667 91.2521 86.3256 305824 499 0.000235193
41.0408 796400 792056 0.0696112 91.3924 86.475 91.3924 86.3342 306371 499 0.000221878
41.1103 797848 793504 0.0697886 91.4097 86.4834 91.4097 86.3428 306920 499 0.00023413
41.1795 799296 794952 0.0694779 91.8858 86.4925 91.8858 86.3521 307469 499 0.000237251
41.2494 797848 796400 0.0700117 91.4269 86.5008 91.4269 86.3607 308020 499 0.000257062
41.3188 799296 794952 0.0696871 91.5679 86.5093 91.5679 86.3694 308569 499 0.000241261
41.3886 797848 796400 0.0700178 91.4269 86.5176 91.4269 86.378 309120 499 0.000257184
41.4583 796400 794952 0.0699684 91.2521 86.5256 91.2521 86.3862 309669 499 0.000246789
41.5279 797848 793504 0.0697423 91.4097 86.5338 91.4097 86.3946 310218 499 0.000233224
41.5975 796400 794952 0.0698371 91.4097 86.5419 91.4097 86.403 310767 499 0.000244189
41.6669 797848 793504 0.0696009 91.5679 86.5503 91.5679 86.4116 311316 499 0.000230489
41.7365 796400 794952 0.069936 91.4097 86.5584 91.4097 86.4199 311865 499 0.000246145
41.8059 797848 793504 0.0695322 91.5679 86.5667 91.5679 86.4285 312414 499 0.000229176
41.8755 796400 794952 0.0698852 91.4097 86.5748 91.4097 86.4367 312963 499 0.000245138
41.945 797848 793504 0.0696055 91.5679 86.583 91.5679 86.4452 313512 499 0.000230578
42.0143 799296 794952 0.0695785 91.7266 86.5915 91.7266 86.4539 314061 499 0.000239167
42.0841 797848 796400 0.0700136 91.4269 86.5996 91.4269 86.4622 314612 499 0.000257099
42.1536 799296 794952 0.0697755 91.5679 86.6077 91.5679 86.4706 315161 499 0.000242981
42.2234 797848 796400 0.0700319 91.4269 86.6157 91.4269 86.4788 315712 499 0.000257465
42.2928 799296 794952 0.0696648 91.5679 86.6238 91.5679 86.4872 316261 499 0.000240829
42.3626 797848 796400 0.0700464 91.4269 86.6318 91.4269 86.4953 316812 499 0.000257756
42.4323 796400 794952 0.0699472 91.2521 86.6393 91.2521 86.5031 317361 499 0.000246368
42.5019 797848 793504 0.0697296 91.4097 86.6472 91.4097 86.5111 317910 499 0.000232978
42.5715 796400 794952 0.0699324 91.4097 86.6549 91.4097 86.5192 318459 499 0.000246074
42.6409 797848 793504 0.0695368 91.5679 86.6629 91.5679 86.5274 319008 499 0.000229263
42.7105 796400 794952 0.0698851 91.4097 86.6707 91.4097 86.5353 319557 499 0.000245137
42.78 797848 793504 0.0695328 91.5679 86.6786 91.5679 86.5435 320106 499 0.000229187
42.8495 796400 794952 0.0698907 91.4097 86.6863 91.4097 86.5514 320655 499 0.000245246
42.919 797848 793504 0.0696024 91.5679 86.6942 91.5679 86.5595 321204 499 0.000230519
42.9883 799296 794952 0.069575 91.7266 86.7023 91.7266 86.5679 321753 499 0.000239102
43.0581 797848 796400 0.0700362 91.4269 86.71 91.4269 86.5757 322304 499 0.000257551
43.1276 799296 794952 0.0697611 91.5679 86.7178 91.5679 86.5838 322853 499 0.0002427
43.1974 797848 796400 0.0700201 91.4269 86.7254 91.4269 86.5916 323404 499 0.00025723
43.2668 799296 794952 0.0696799 91.5679 86.7332 91.5679 86.5996 323953 499 0.000241122
43.3367 797848 796400 0.0700312 91.4269 86.7407 91.4269 86.6074 324504 499 0.000257452
43.4064 796400 794952 0.0699462 91.2521 86.748 91.2521 86.6148 325053 499 0.000246346
43.4759 797848 793504 0.0697739 91.4097 86.7554 91.4097 86.6225 325602 499 0.00023384
43.5455 796400 794952 0.0698863 91.4097 86.7629 91.4097 86.6301 326151 499 0.000245159
43.615 797848 793504 0.0695355 91.5679 86.7705 91.5679 86.638 326700 499 0.000229238
43.6845 796400 794952 0.0698833 91.4097 86.7779 91.4097 86.6456 327249 499 0.0002451
43.754 797848 793504 0.0696115 91.5679 86.7855 91.5679 86.6534 327798 499 0.000230692
43.8235 799296 794952 0.0698033 91.4097 86.7929 91.4097 86.661 328347 499 0.000243525
43.8932 797848 796400 0.0699922 91.5846 86.8005 91.5846 86.6688 328898 499 0.00025667
43.9628 799296 794952 0.0697127 91.4097 86.8078 91.4097 86.6763 329447 499 0.000241757
44.0326 797848 796400 0.0700194 91.4269 86.8151 91.4269 86.6838 329998 499 0.000257215
44.1021 799296 794952 0.0697094 91.5679 86.8226 91.5679 86.6915 330547 499 0.000241692
44.1719 797848 796400 0.0700417 91.4269 86.8299 91.4269 86.699 331098 499 0.000257664
44.2413 799296 794952 0.0697273 91.5679 86.8373 91.5679 86.7066 331647 499 0.00024204
44.3112 797848 796400 0.0700235 91.4269 86.8445 91.4269 86.7141 332198 499 0.000257297
44.3809 796400 794952 0.0699749 91.2521 86.8514 91.2521 86.7212 332747 499 0.000246919
44.4504 797848 793504 0.0698148 91.4097 86.8586 91.4097 86.7285 333296 499 0.000234643
44.52 799296 794952 0.069784 91.4097 86.8657 91.4097 86.7359 333845 499 0.000243148
44.5894 800744 796400 0.0697057 91.9015 86.8735 91.9015 86.7439 334396 499 0.000251027
44.6593 797848 797848 0.0701128 91.4269 86.8807 91.4269 86.7512 334947 499 0.000279983
44.729 799296 794952 0.0698039 91.4183 86.8877 91.4183 86.7585 335497 499 0.000243537
44.7988 796400 796400 0.0700925 91.4269 86.8948 91.4269 86.7658 336048 499 0.000269868
44.8685 794952 793504 0.0698959 91.0859 86.9013 91.0859 86.7725 336596 499 0.000236242
44.9378 796400 792056 0.069553 91.3924 86.9082 91.3924 86.7796 337143 499 0.000220761
45.0074 797848 793504 0.069805 91.4097 86.9152 91.4097 86.7868 337692 499 0.000234451
45.0766 799296 794952 0.0694725 91.8858 86.9228 91.8858 86.7946 338241 499 0.000237149
45.1464 797848 796400 0.0700229 91.4269 86.9298 91.4269 86.8018 338792 499 0.000257285
45.2158 799296 794952 0.0696714 91.5679 86.9369 91.5679 86.8091 339341 499 0.000240956
45.2857 797848 796400 0.0700478 91.4269 86.9438 91.4269 86.8162 339892 499 0.000257785
45.3553 796400 794952 0.069948 91.2521 86.9505 91.2521 86.823 340441 499 0.000246383
45.4249 797848 793504 0.0697436 91.4097 86.9573 91.4097 86.83 340990 499 0.000233249
45.4945 796400 794952 0.0699293 91.4097 86.9641 91.4097 86.837 341539 499 0.000246012
45.5639 797848 793504 0.0695506 91.5679 86.9711 91.5679 86.8443 342088 499 0.000229526
45.6335 796400 794952 0.0698772 91.4097 86.9779 91.4097 86.8512 342637 499 0.00024498
45.703 797848 793504 0.069629 91.5679 86.9849 91.5679 86.8584 343186 499 0.00023103
45.7725 799296 794952 0.0697957 91.4097 86.9916 91.4097 86.8653 343735 499 0.000243377
45.842 800744 796400 0.0696287 91.9015 86.999 91.9015 86.8729 344286 499 0.000249539
45.9116 802192 797848 0.0698111 91.7427 87.0062 91.7427 86.8803 344837 499 0.000262789
45.9816 797848 799296 0.0702532 91.444 87.013 91.444 86.8873 345390 499 0.000311481
46.0513 796400 794952 0.069983 91.2521 87.0194 91.2521 86.8939 345939 499 0.00024708
46.1211 794952 793504 0.0700415 91.0951 87.0256 91.0951 86.9002 346488 499 0.000239143
46.1903 796400 792056 0.0695528 91.5511 87.0323 91.5511 86.9072 347035 499 0.000220759
46.2599 797848 793504 0.0697308 91.4097 87.0389 91.4097 86.914 347584 499 0.000233
46.3291 799296 794952 0.0695095 91.8858 87.0462 91.8858 86.9214 348133 499 0.000237851
46.3987 797848 796400 0.0698715 91.7427 87.0532 91.7427 86.9286 348684 499 0.000254273
46.4685 794952 794952 0.0700897 91.0951 87.0593 91.0951 86.9349 349233 499 0.000260405
46.538 796400 792056 0.069664 91.4011 87.0658 91.4011 86.9415 349781 499 0.000222894
46.6075 797848 793504 0.0698027 91.4097 87.0722 91.4097 86.9482 350330 499 0.000234406
46.6767 799296 794952 0.06946 91.8858 87.0794 91.8858 86.9555 350879 499 0.000236912
46.7466 797848 796400 0.0700102 91.4269 87.0859 91.4269 86.9622 351430 499 0.00025703
46.816 799296 794952 0.0697546 91.5679 87.0925 91.5679 86.9691 351979 499 0.000242573
46.8856 797848 796400 0.0698389 91.7427 87.0994 91.7427 86.9761 352530 499 0.00025363
46.9554 796400 794952 0.0699996 91.0951 87.1054 91.0951 86.9823 353079 499 0.000247413
47.0249 797848 793504 0.0697524 91.5679 87.112 91.5679 86.989 353628 499 0.000233421
47.0944 799296 794952 0.0697779 91.4097 87.1183 91.4097 86.9956 354177 499 0.000243027
47.1639 800744 796400 0.0697365 91.9015 87.1253 91.9015 87.0028 354728 499 0.000251627
47.2337 799296 797848 0.0700407 91.4269 87.1317 91.4269 87.0093 355279 499 0.000267348
47.3036 794952 796400 0.0702056 91.2698 87.1378 91.2698 87.0156 355830 499 0.0002908
47.3732 796400 792056 0.0697989 91.0767 87.1436 91.0767 87.0216 356377 499 0.000225521
47.4428 794952 793504 0.0699373 91.4097 87.1499 91.4097 87.028 356926 499 0.000237062
47.512 796400 792056 0.069446 91.5511 87.1563 91.5511 87.0346 357473 499 0.000218729
47.5816 797848 793504 0.069811 91.4097 87.1625 91.4097 87.041 358022 499 0.000234568
47.6508 799296 794952 0.0694995 91.8858 87.1694 91.8858 87.048 358571 499 0.00023766
47.7206 797848 796400 0.0700216 91.4269 87.1756 91.4269 87.0545 359122 499 0.00025726
47.79 799296 794952 0.06979 91.5679 87.182 91.5679 87.061 359671 499 0.000243265
47.8596 797848 796400 0.0698831 91.7427 87.1886 91.7427 87.0678 360222 499 0.000254503
47.9294 796400 794952 0.0700002 91.0951 87.1943 91.0951 87.0737 360771 499 0.000247425
47.9989 797848 793504 0.0698234 91.5679 87.2006 91.5679 87.0802 361320 499 0.000234812
48.0684 799296 794952 0.0697288 91.4097 87.2067 91.4097 87.0865 361869 499 0.000242069
48.1379 797848 796400 0.0698808 91.9015 87.2135 91.9015 87.0934 362420 499 0.000254458
48.2077 796400 794952 0.0699484 91.0951 87.2191 91.0951 87.0992 362969 499 0.000246392
48.2772 794952 793504 0.0699475 91.5679 87.2254 91.5679 87.1056 363518 499 0.000237264
48.3465 796400 792056 0.0696889 91.3924 87.2313 91.3924 87.1118 364065 499 0.000223377
48.4161 794952 793504 0.0698456 91.4097 87.2373 91.4097 87.1179 364614 499 0.000235248
48.4853 796400 792056 0.0696914 91.5511 87.2435 91.5511 87.1243 365161 499 0.000223426
48.5548 797848 793504 0.069782 91.4097 87.2495 91.4097 87.1304 365710 499 0.000234
48.6241 799296 794952 0.069673 91.8858 87.2561 91.8858 87.1372 366259 499 0.000240986
48.6939 797848 796400 0.0700162 91.4269 87.262 91.4269 87.1433 366810 499 0.000257152
48.7633 796400 794952 0.0699488 91.5679 87.2682 91.5679 87.1496 367359 499 0.0002464
48.8329 794952 793504 0.0699186 91.4097 87.2741 91.4097 87.1557 367908 499 0.000236691
48.9025 796400 792056 0.0696406 91.0767 87.2795 91.0767 87.1613 368455 499 0.000222443
48.9717 794952 793504 0.0699987 91.8858 87.286 91.8858 87.168 369004 499 0.000238287
49.0413 796400 792056 0.0696159 91.0767 87.2914 91.0767 87.1735 369551 499 0.000221968
49.1105 794952 793504 0.0700232 91.8858 87.2979 91.8858 87.1801 370100 499 0.000238776
49.18 796400 792056 0.069546 91.0767 87.3032 91.0767 87.1857 370647 499 0.000220628
49.2493 792056 793504 0.0703036 91.8858 87.3096 91.8858 87.1923 371196 499 0.000274297
49.3186 794952 789160 0.0693407 91.0583 87.3149 91.0583 87.1977 371741 499 0.000211209
49.3879 796400 792056 0.0697342 91.5595 87.3209 91.5595 87.2038 372289 499 0.000224258
49.4571 792056 793504 0.0703998 91.8858 87.3273 91.8858 87.2104 372838 499 0.000276289
49.523 794952 789160 0.0693774 95.877 87.3386 95.877 87.2219 373383 499 0.000211895
49.5923 796400 792056 0.0695755 91.5595 87.3445 91.5595 87.228 373931 499 0.000221193
49.6615 797848 793504 0.0694851 91.8858 87.3509 91.8858 87.2345 374480 499 0.00022828
49.7311 799296 794952 0.0697583 91.4097 87.3565 91.4097 87.2403 375029 499 0.000242645
49.8005 800744 796400 0.0697752 91.9015 87.3629 91.9015 87.2468 375580 499 0.000252381
49.8701 802192 797848 0.0697515 91.7427 87.369 91.7427 87.2531 376131 499 0.000261622
49.9402 797848 799296 0.0703592 91.444 87.3747 91.444 87.2589 376684 499 0.000313667
50.0099 796400 794952 0.0699294 91.2521 87.3801 91.2521 87.2645 377233 499 0.000246014
50.0797 794952 793504 0.0700298 91.0951 87.3853 91.0951 87.2699 377782 499 0.00023891
50.1489 797848 792056 0.0694143 91.5511 87.391 91.5511 87.2758 378329 499 0.000229313
50.2185 796400 794952 0.0698372 91.5762 87.3968 91.5762 87.2817 378879 499 0.000244191
50.2882 794952 793504 0.0698946 91.2521 87.4022 91.2521 87.2872 379428 499 0.000236215
50.3575 796400 792056 0.0697429 91.3924 87.4077 91.3924 87.2929 379975 499 0.000224427
50.4271 797848 793504 0.0697451 91.4097 87.4132 91.4097 87.2986 380524 499 0.000233278
50.4963 799296 794952 0.0695544 91.8858 87.4193 91.8858 87.3048 381073 499 0.000238708
50.5661 797848 796400 0.0700208 91.4269 87.4248 91.4269 87.3105 381624 499 0.000257242
50.6355 799296 794952 0.0697757 91.5679 87.4305 91.5679 87.3164 382173 499 0.000242985
50.7054 797848 796400 0.0700117 91.4269 87.436 91.4269 87.322 382724 499 0.000257061
50.7748 799296 794952 0.0696783 91.5679 87.4417 91.5679 87.3278 383273 499 0.00024109
50.8444 800744 796400 0.0698025 91.7427 87.4476 91.7427 87.3339 383824 499 0.000252915
50.9142 799296 797848 0.070039 91.4269 87.453 91.4269 87.3395 384375 499 0.000267313
50.9839 797848 796400 0.0699545 91.5846 87.4587 91.5846 87.3453 384926 499 0.00025592
51.0537 796400 794952 0.0700519 91.0951 87.4636 91.0951 87.3504 385475 499 0.000248461
51.1231 797848 793504 0.0696504 91.5679 87.4692 91.5679 87.3562 386024 499 0.000231443
51.1927 796400 794952 0.0699413 91.4097 87.4746 91.4097 87.3617 386573 499 0.00024625
51.2624 794952 793504 0.0698461 91.2521 87.4797 91.2521 87.367 387122 499 0.000235258
51.3317 796400 792056 0.0696113 91.3924 87.485 91.3924 87.3724 387669 499 0.000221879
51.4013 797848 793504 0.0697768 91.4097 87.4903 91.4097 87.3779 388218 499 0.000233898
51.4705 799296 794952 0.0694909 91.8858 87.4962 91.8858 87.3839 388767 499 0.000237498
51.5403 797848 796400 0.070012 91.4269 87.5015 91.4269 87.3894 389318 499 0.000257066
51.6098 799296 794952 0.0696783 91.5679 87.507 91.5679 87.395 389867 499 0.00024109
51.6796 797848 796400 0.0700271 91.4269 87.5123 91.4269 87.4005 390418 499 0.00025737
51.7491 799296 794952 0.0697071 91.5679 87.5178 91.5679 87.4061 390967 499 0.000241648
51.8186 800744 796400 0.0698182 91.7427 87.5234 91.7427 87.4119 391518 499 0.000253224
51.8884 797848 797848 0.0700902 91.4269 87.5287 91.4269 87.4173 392069 499 0.000279526
51.9581 796400 794952 0.0698969 91.4183 87.5339 91.4183 87.4226 392619 499 0.000245369
52.028 794952 793504 0.0700445 91.0951 87.5387 91.0951 87.4276 393168 499 0.000239205
52.0972 796400 792056 0.0694742 91.5511 87.544 91.5511 87.4331 393715 499 0.000219263
52.1667 794952 793504 0.0699014 91.4097 87.5492 91.4097 87.4384 394264 499 0.00023635
52.236 799296 792056 0.0693015 91.5511 87.5545 91.5511 87.4438 394811 499 0.000245839
52.3053 800744 796400 0.0696555 92.0607 87.5604 92.0607 87.4499 395362 499 0.000250055
52.3751 799296 797848 0.0700212 91.4269 87.5656 91.4269 87.4552 395913 499 0.000266956
52.4448 797848 796400 0.0699757 91.5846 87.5709 91.5846 87.4607 396464 499 0.000256342
52.5146 796400 794952 0.0700102 91.0951 87.5756 91.0951 87.4655 397013 499 0.000247626
52.5841 797848 793504 0.0697261 91.5679 87.5809 91.5679 87.471 397562 499 0.000232909
52.6536 799296 794952 0.0698185 91.4097 87.5859 91.4097 87.4762 398111 499 0.000243824
52.7233 797848 796400 0.0699683 91.5846 87.5912 91.5846 87.4816 398662 499 0.000256194
52.7929 799296 794952 0.069742 91.4097 87.5963 91.4097 87.4868 399211 499 0.000242327
52.8627 797848 796400 0.0700509 91.4269 87.6013 91.4269 87.492 399762 499 0.000257848
52.9322 799296 794952 0.0696503 91.5679 87.6065 91.5679 87.4973 400311 499 0.000240549
53.002 796400 796400 0.0701204 91.4269 87.6116 91.4269 87.5025 400862 499 0.000270432
53.0714 797848 793504 0.0696414 91.4011 87.6165 91.4011 87.5076 401410 499 0.000231269
53.141 799296 794952 0.0697874 91.4097 87.6215 91.4097 87.5127 401959 499 0.000243213
53.2107 797848 796400 0.0699114 91.5846 87.6267 91.5846 87.518 402510 499 0.000255062
53.2803 796400 794952 0.0698712 91.4097 87.6316 91.4097 87.5231 403059 499 0.000244862
53.3501 794952 793504 0.0700079 91.0951 87.6361 91.0951 87.5278 403608 499 0.000238469
53.4193 796400 792056 0.0695544 91.5511 87.6412 91.5511 87.533 404155 499 0.000220789
53.4889 797848 793504 0.0697238 91.4097 87.6461 91.4097 87.5381 404704 499 0.000232864
53.5581 799296 794952 0.0694812 91.8858 87.6516 91.8858 87.5437 405253 499 0.000237313
53.6279 797848 796400 0.0700405 91.4269 87.6565 91.4269 87.5487 405804 499 0.000257638
53.6973 799296 794952 0.069726 91.5679 87.6616 91.5679 87.5539 406353 499 0.000242015
53.7669 800744 796400 0.0697287 91.7427 87.6669 91.7427 87.5593 406904 499 0.000251474
53.8367 797848 797848 0.0701346 91.4269 87.6717 91.4269 87.5644 407455 499 0.000280425
53.9064 796400 794952 0.0698461 91.4183 87.6766 91.4183 87.5693 408005 499 0.000244366
53.9762 794952 793504 0.0700665 91.0951 87.681 91.0951 87.5739 408554 499 0.000239647
54.0454 796400 792056 0.0694652 91.5511 87.686 91.5511 87.579 409101 499 0.000219092
54.115 794952 793504 0.0699168 91.4097 87.6907 91.4097 87.5839 409650 499 0.000236655
54.1845 796400 792056 0.0696944 91.2343 87.6953 91.2343 87.5886 410197 499 0.000223484
54.2538 797848 793504 0.06955 91.7266 87.7004 91.7266 87.5939 410746 499 0.000229515
54.3234 799296 794952 0.0698018 91.4097 87.7052 91.4097 87.5988 411295 499 0.000243496
54.3928 800744 796400 0.0696652 91.9015 87.7105 91.9015 87.6043 411846 499 0.000250243
54.4626 799296 797848 0.0700175 91.4269 87.7153 91.4269 87.6092 412397 499 0.000266881
54.5323 797848 796400 0.0699796 91.5846 87.7203 91.5846 87.6143 412948 499 0.000256419
54.6021 796400 794952 0.0700233 91.0951 87.7246 91.0951 87.6187 413497 499 0.000247887
54.6718 794952 793504 0.0699586 91.2521 87.7291 91.2521 87.6233 414046 499 0.000237486
54.7412 796400 792056 0.0695724 91.3924 87.7337 91.3924 87.6281 414593 499 0.000221134
54.8107 794952 793504 0.0699014 91.4097 87.7384 91.4097 87.6329 415142 499 0.00023635
54.88 799296 792056 0.0693015 91.5511 87.7432 91.5511 87.6378 415689 499 0.000245839
54.9495 797848 796400 0.0698855 91.7427 87.7482 91.7427 87.643 416240 499 0.00025455
