0.500133 14480 0 0 0 0 0 0 0 0 0.0911725
0.701462 15928 13032 0.200125 0.575376 0.165141 0.575376 0.165141 10 0 0.0367214
0.703866 17376 13032 0.200484 9.64048 0.197492 9.64048 0.197492 12 0 0.0367073
0.706269 57920 14480 0.201174 14.4607 0.246025 14.4607 0.246025 15 0 0.0579894
0.708672 59368 55024 0.202027 144.607 0.735573 144.607 0.735573 45 0 0.0259452
0.711075 60816 56472 0.203149 14.4607 0.78196 14.4607 0.78196 48 0 0.0255703
0.90275 62264 57920 0.228005 0.181307 0.654427 0.181307 0.654427 51 0 0.0250168
0.905153 63712 59368 0.225004 14.4607 0.691083 14.4607 0.691083 54 0 0.0246463
0.907556 65160 60816 0.222379 14.4607 0.727545 14.4607 0.727545 57 0 0.0242977
1.11004 66608 62264 0.221479 2.45995 1.04356 2.45995 1.04356 100 0 0.0239673
1.31133 68056 63712 0.221353 2.58973 1.2809 2.58973 1.2809 145 0 0.0236422
1.51142 72400 65160 0.204418 2.60528 1.45622 2.60528 1.45622 190 0 0.0237824
1.71271 73848 69504 0.220672 2.81993 1.61649 2.81993 1.61649 239 0 0.022364
1.92058 78192 70952 0.207084 2.73054 1.73707 2.73054 1.73707 288 0 0.0224385
2.13447 75296 75296 0.231835 2.87048 1.85065 2.87048 1.85065 341 0 0.0213454
2.19695 78192 72400 0.218978 9.26969 2.06165 9.26969 2.06165 391 0 0.0218226
2.40483 81088 75296 0.210609 2.89772 2.13392 2.89772 2.13392 443 0 0.0212935
2.6127 83984 78192 0.21023 3.00917 2.20356 3.00917 2.20356 497 0 0.0206934
2.83019 86880 81088 0.219427 2.98269 2.26343 2.98269 2.26343 553 0 0.0199998
3.05369 85432 83984 0.225726 3.00617 2.31779 3.00617 2.31779 611 0 0.0193595
3.28079 82536 82536 0.229245 2.90745 2.35861 2.90745 2.35861 668 0 0.019789
3.50189 81088 79640 0.225292 2.93406 2.39494 2.93406 2.39494 724 0 0.0202425
3.71938 82536 78192 0.22126 2.92943 2.4262 2.92943 2.4262 779 0 0.0205164
3.93446 85432 79640 0.217743 2.96216 2.4555 2.96216 2.4555 834 0 0.0203027
4.17959 76744 82536 0.24692 2.74092 2.47223 2.74092 2.47223 892 0 0.0213154
4.42712 68056 73848 0.251687 2.43352 2.47007 2.43352 2.47007 944 0 0.0234036
4.67225 60816 65160 0.249312 2.17383 2.45453 2.17383 2.45453 990 0 0.0248424
4.67465 62264 62264 0.248148 0 2.45327 0 2.45327 990 0 0.0247574
4.89695 60816 59368 0.230161 2.18865 2.44125 2.18865 2.44125 1032 0 0.0247245
5.11083 63712 57920 0.218865 2.22056 2.43202 2.22056 2.43202 1073 0 0.0250371
5.32111 57920 60816 0.21309 2.31372 2.42734 2.31372 2.42734 1115 0 0.0247557
5.32351 59368 57920 0.213079 0 2.42625 0 2.42625 1115 0 0.0250006
5.53499 62264 56472 0.21596 2.13624 2.41517 2.13624 2.41517 1154 0 0.0253858
5.75969 60816 59368 0.228196 2.16524 2.40542 2.16524 2.40542 1196 0 0.0246884
5.988 57920 57920 0.23267 2.08031 2.39302 2.08031 2.39302 1237 0 0.0251964
6.20669 59368 55024 0.222189 2.01285 2.37963 2.01285 2.37963 1275 0 0.0256269
6.41457 60816 56472 0.211494 2.17329 2.37294 2.17329 2.37294 1314 0 0.0253586
6.62725 63712 57920 0.217515 2.23311 2.36845 2.23311 2.36845 1355 0 0.025042
6.84955 65160 60816 0.223536 2.18865 2.36262 2.18865 2.36262 1397 0 0.0243046
7.08145 62264 62264 0.233028 2.14788 2.35558 2.14788 2.35558 1440 0 0.024218
7.31216 57920 59368 0.237356 2.10885 2.3478 2.10885 2.3478 1482 0 0.0251443
7.52725 59368 55024 0.223964 2.10044 2.34073 2.10044 2.34073 1521 0 0.0256379
7.73152 62264 56472 0.208627 2.21164 2.33732 2.21164 2.33732 1560 0 0.0254988
7.9418 65160 59368 0.215851 2.31372 2.3367 2.31372 2.3367 1602 0 0.0247217
8.1689 62264 62264 0.231154 2.24434 2.33413 2.24434 2.33413 1646 0 0.0241727
8.40442 56472 59368 0.241216 2.06582 2.32661 2.06582 2.32661 1688 0 0.0254873
8.62671 53576 53576 0.231508 1.98021 2.31768 1.98021 2.31768 1726 0 0.0261758
8.62911 55024 50680 0.23007 0 2.31704 0 2.31704 1726 0 0.0267444
8.83339 57920 52128 0.216165 2.09822 2.31198 2.09822 2.31198 1763 0 0.0263984
9.04727 60816 55024 0.215307 2.05808 2.30598 2.05808 2.30598 1801 0 0.0257273
9.26957 62264 57920 0.22302 2.08443 2.30066 2.08443 2.30066 1841 0 0.0249618
9.49787 60816 59368 0.229453 2.08031 2.29537 2.08031 2.29537 1882 0 0.0247106
9.72377 56472 57920 0.235992 2.10244 2.29088 2.10244 2.29088 1923 0 0.0254302
9.94847 55024 53576 0.227518 1.90747 2.28222 1.90747 2.28222 1960 0 0.0260167
10.1696 53576 52128 0.231619 1.93857 2.27475 1.93857 2.27475 1997 0 0.0264355
10.3895 55024 50680 0.222865 1.84381 2.26563 1.84381 2.26563 2032 0 0.0266512
10.6106 52128 52128 0.231773 1.93857 2.25882 1.93857 2.25882 2069 0 0.0265223
10.8316 53576 49232 0.224216 1.78139 2.24907 1.78139 2.24907 2103 0 0.0270055
11.0515 55024 50680 0.222092 1.84381 2.24101 1.84381 2.24101 2138 0 0.0266474
11.2786 50680 52128 0.238522 1.88729 2.23389 1.88729 2.23389 2175 0 0.0268653
11.5045 49232 47784 0.229727 1.69221 2.22325 1.69221 2.22325 2208 0 0.0274292
11.7244 46336 46336 0.237939 1.73845 2.21416 1.73845 2.21416 2241 0 0.0280888
11.7268 47784 43440 0.235697 0 2.2137 0 2.2137 2241 0 0.0286351
11.9395 49232 44888 0.22107 1.68845 2.20435 1.68845 2.20435 2272 0 0.0280363
12.1606 46336 46336 0.235065 1.729 2.1957 1.729 2.1957 2305 0 0.0279939
12.3865 47784 43440 0.226503 1.53837 2.18372 1.53837 2.18372 2335 0 0.028431
12.61 49232 44888 0.225938 1.60675 2.17349 1.60675 2.17349 2366 0 0.0280704
12.8323 43440 46336 0.247706 1.71965 2.16563 1.71965 2.16563 2399 0 0.0288673
12.8347 44888 43440 0.244743 0 2.16522 0 2.16522 2399 0 0.029001
13.0498 46336 41992 0.226772 1.56187 2.15528 1.56187 2.15528 2428 0 0.0287904
13.2541 43440 43440 0.239938 1.75797 2.14915 1.75797 2.14915 2459 0 0.0288694
13.2901 44888 40544 0.211101 8.99778 2.16773 8.99778 2.16773 2487 0 0.0291817
13.4932 46336 41992 0.206333 1.65428 2.16 1.65428 2.16 2516 0 0.0289313
13.7071 49232 43440 0.218599 1.67896 2.1525 1.67896 2.1525 2547 0 0.0284739
13.9222 52128 46336 0.217566 1.72344 2.14587 1.72344 2.14587 2579 0 0.0277729
14.1469 57920 49232 0.225378 1.75281 2.13963 1.75281 2.13963 2613 0 0.0274325
14.3812 55024 55024 0.234533 1.87866 2.13537 1.87866 2.13537 2651 0 0.0259165
14.5963 56472 52128 0.223255 1.93887 2.13248 1.93887 2.13248 2687 0 0.0263111
14.7963 59368 53576 0.207014 2.14212 2.13261 2.14212 2.13261 2724 0 0.026212
14.9982 60816 56472 0.211392 2.29535 2.1348 2.29535 2.1348 2764 0 0.0253604
15.2061 63712 57920 0.216267 2.28474 2.13685 2.28474 2.13685 2805 0 0.0250498
15.4212 66608 60816 0.215412 2.26201 2.13859 2.26201 2.13859 2847 0 0.0243963
15.6447 68056 63712 0.22333 2.28054 2.14062 2.28054 2.14062 2891 0 0.0236514
15.8706 66608 65160 0.227958 2.30756 2.143 2.30756 2.143 2936 0 0.0233811
16.0917 62264 63712 0.237716 2.35773 2.14595 2.35773 2.14595 2981 0 0.024176
16.3044 65160 59368 0.218986 2.23311 2.14709 2.23311 2.14709 3022 0 0.0247055
16.5134 57920 62264 0.22422 2.43782 2.15077 2.43782 2.15077 3066 0 0.0246483
16.7297 56472 55024 0.228384 2.08877 2.14997 2.08877 2.14997 3105 0 0.0256924
16.9436 57920 53576 0.214744 2.00392 2.14812 2.00392 2.14812 3142 0 0.0259878
17.1587 56472 55024 0.230766 2.10044 2.14752 2.10044 2.14752 3181 0 0.025738
17.3786 57920 53576 0.220122 1.94917 2.14501 1.94917 2.14501 3218 0 0.0259602
17.5997 53576 55024 0.239206 2.04336 2.14374 2.04336 2.14374 3257 0 0.0262128
17.8232 55024 50680 0.225272 1.81407 2.1396 1.81407 2.1396 3292 0 0.0266708
18.0419 50680 52128 0.242524 1.95988 2.13742 1.95988 2.13742 3329 0 0.0270296
18.2606 52128 47784 0.222995 1.748 2.13276 1.748 2.13276 3362 0 0.0273436
18.478 57920 49232 0.241308 1.86418 2.1296 1.86418 2.1296 3397 0 0.0278576
18.5189 59368 55024 0.222076 10.7747 2.14867 10.7747 2.14867 3435 0 0.0256265
18.7448 57920 56472 0.227566 1.99989 2.14688 1.99989 2.14688 3474 0 0.0253435
18.9755 55024 55024 0.234839 1.95822 2.14458 1.95822 2.14458 3513 0 0.0259255
19.1882 57920 52128 0.216739 1.96078 2.14255 1.96078 2.14255 3549 0 0.0263943
19.3913 60816 55024 0.206722 2.16768 2.14281 2.16768 2.14281 3587 0 0.0258816
19.6184 59368 57920 0.226773 2.04031 2.14162 2.04031 2.14162 3627 0 0.0249985
19.8467 57920 56472 0.230559 1.97884 2.13975 1.97884 2.13975 3666 0 0.0253978
20.0666 56472 55024 0.226835 2.05453 2.13882 2.05453 2.13882 3705 0 0.0256689
20.2756 57920 53576 0.213371 2.04999 2.1379 2.04999 2.1379 3742 0 0.0260041
20.4883 60816 55024 0.218225 2.12417 2.13776 2.12417 2.13776 3781 0 0.0257085
20.7022 57920 57920 0.216385 2.1664 2.13806 2.1664 2.13806 3821 0 0.0250489
20.9233 59368 55024 0.222367 1.99097 2.1365 1.99097 2.1365 3859 0 0.0256277
21.1432 60816 56472 0.2221 2.05453 2.13565 2.05453 2.13565 3898 0 0.0252907
21.3607 59368 57920 0.226599 2.18375 2.13614 2.18375 2.13614 3939 0 0.0249962
21.5794 60816 56472 0.221156 2.06582 2.13543 2.06582 2.13543 3978 0 0.0252876
21.7993 59368 57920 0.228519 2.15989 2.13567 2.15989 2.13567 4019 0 0.0250252
22.0252 57920 56472 0.226887 1.99989 2.13428 1.99989 2.13428 4058 0 0.0253337
22.2487 55024 55024 0.234219 2.02139 2.13315 2.02139 2.13315 4097 0 0.0259075
22.4662 56472 52128 0.221999 1.91744 2.13106 1.91744 2.13106 4133 0 0.0263045
22.6812 59368 53576 0.217935 1.99272 2.12975 1.99272 2.12975 4170 0 0.0260476
22.9059 57920 56472 0.233703 2.06213 2.12908 2.06213 2.12908 4210 0 0.0254741
23.1306 53576 55024 0.23835 2.01058 2.12793 2.01058 2.12793 4249 0 0.0261807
23.3481 55024 50680 0.223117 1.86418 2.12547 1.86418 2.12547 4284 0 0.0266527
23.5608 53576 52128 0.227688 2.01524 2.12448 2.01524 2.12448 4321 0 0.0263596
23.7807 56472 50680 0.219744 1.84381 2.12188 1.84381 2.12188 4356 0 0.0267262
24.003 53576 53576 0.236157 1.98021 2.12057 1.98021 2.12057 4394 0 0.0263044
24.2217 57920 50680 0.238025 1.90691 2.11864 1.90691 2.11864 4430 0 0.0271897
24.6531 59368 55024 0.220201 2.06774 2.11775 2.06774 2.11775 4507 0 0.0256222
24.8742 57920 56472 0.221837 2.04336 2.11709 2.04336 2.11709 4546 0 0.0252897
25.0965 53576 55024 0.242067 2.03232 2.11634 2.03232 2.11634 4585 0 0.0263309
25.3272 52128 50680 0.226317 1.75738 2.11307 1.75738 2.11307 4620 0 0.0266829
25.5555 47784 49232 0.250637 1.77588 2.11006 1.77588 2.11006 4655 0 0.0281481
25.7682 46336 44888 0.228912 1.68845 2.10658 1.68845 2.10658 4686 0 0.0281146
25.9712 43440 43440 0.235204 1.76837 2.10393 1.76837 2.10393 4717 0 0.0287031
26.0073 44888 40544 0.207494 8.99778 2.11349 8.99778 2.11349 4745 0 0.029259
26.2146 57920 41992 0.209333 1.62057 2.10959 1.62057 2.10959 4774 0 0.0310763
26.4345 59368 55024 0.224194 2.05453 2.10913 2.05453 2.10913 4813 0 0.0256397
26.6688 56472 56472 0.234799 1.9281 2.10754 1.9281 2.10754 4852 0 0.0255885
26.8971 53576 53576 0.236731 1.9281 2.10602 1.9281 2.10602 4890 0 0.0263233
27.1122 55024 50680 0.224587 1.93887 2.10469 1.93887 2.10469 4926 0 0.026664
27.3224 57920 52128 0.218363 2.03827 2.10418 2.03827 2.10418 4963 0 0.0263863
27.5471 59368 55024 0.224627 1.95903 2.103 1.95903 2.103 5001 0 0.0256435
27.7779 56472 56472 0.231918 1.95822 2.1018 1.95822 2.1018 5040 0 0.0255115
28.005 53576 53576 0.236588 1.9383 2.10047 1.9383 2.10047 5078 0 0.0263185
28.2176 55024 50680 0.224518 1.96078 2.09942 1.96078 2.09942 5114 0 0.0266634
28.4219 57920 52128 0.214548 2.09822 2.09941 2.09822 2.09941 5151 0 0.0264134
28.6442 59368 55024 0.220589 1.98021 2.09848 1.98021 2.09848 5189 0 0.0256225
28.8761 56472 56472 0.231738 1.94808 2.09728 1.94808 2.09728 5228 0 0.0255072
29.108 50680 53576 0.242754 1.89813 2.09569 1.89813 2.09569 5266 0 0.0268938
29.3231 49232 47784 0.230597 1.83115 2.09375 1.83115 2.09375 5300 0 0.0274469
29.5256 52128 46336 0.216337 1.88787 2.09234 1.88787 2.09234 5333 0 0.0277804
29.7335 53576 49232 0.209325 1.89466 2.09095 1.89466 2.09095 5367 0 0.0271017
29.9498 56472 50680 0.215849 1.87454 2.08939 1.87454 2.08939 5402 0 0.0267434
30.1889 50680 53576 0.242807 1.8409 2.08742 1.8409 2.08742 5440 0 0.0268962
30.4292 44888 47784 0.254022 1.63888 2.08388 1.63888 2.08388 5474 0 0.028908
30.6515 57920 41992 0.242626 1.56332 2.08011 1.56332 2.08011 5504 0 0.0314745
30.8558 59368 55024 0.22497 2.21164 2.08098 2.21164 2.08098 5543 0 0.0256468
31.0697 62264 56472 0.216714 2.11224 2.08119 2.11224 2.08119 5582 0 0.0253803
31.2883 59368 59368 0.230608 2.22473 2.08219 2.22473 2.08219 5624 0 0.024817
31.513 55024 56472 0.236903 2.06213 2.08205 2.06213 2.08205 5664 0 0.0257938
31.7474 49232 52128 0.243335 1.82922 2.08019 1.82922 2.08019 5701 0 0.0272609
31.9769 47784 46336 0.232968 1.61516 2.07685 1.61516 2.07685 5733 0 0.0278519
32.1919 49232 44888 0.223727 1.66958 2.07413 1.66958 2.07413 5764 0 0.028049
32.401 57920 46336 0.230533 1.82837 2.07254 1.82837 2.07254 5797 0 0.0287651
32.6149 60816 55024 0.2154 2.05808 2.07245 2.05808 2.07245 5835 0 0.0257265
32.8372 62264 57920 0.222819 2.08443 2.07253 2.08443 2.07253 5875 0 0.0249606
33.0583 60816 59368 0.226476 2.14815 2.07303 2.14815 2.07303 5916 0 0.0246632
33.2818 55024 57920 0.247445 2.12505 2.07338 2.12505 2.07338 5957 0 0.0261218
33.3299 57920 52128 0.225224 8.67643 2.0829 8.67643 2.0829 5993 0 0.0264109
33.5462 60816 55024 0.219205 2.03521 2.0826 2.03521 2.0826 6031 0 0.0257059
33.7684 62264 57920 0.224277 2.08443 2.08261 2.08443 2.08261 6071 0 0.024971
33.9919 60816 59368 0.225693 2.12505 2.08289 2.12505 2.08289 6112 0 0.0246537
34.2215 57920 57920 0.234334 2.06942 2.0828 2.06942 2.0828 6153 0 0.0252413
34.4401 59368 55024 0.222492 2.01285 2.08235 2.01285 2.08235 6191 0 0.0256283
34.6636 60816 56472 0.225167 2.02139 2.08196 2.02139 2.08196 6230 0 0.025313
34.8931 57920 57920 0.234974 2.06942 2.08188 2.06942 2.08188 6271 0 0.0252601
35.1347 53576 55024 0.242058 1.82258 2.0801 1.82258 2.0801 6309 0 0.0263305
35.357 52128 50680 0.228046 1.82387 2.07848 1.82387 2.07848 6344 0 0.0267077
35.5582 53576 49232 0.213088 2.01424 2.07812 2.01424 2.07812 6379 0 0.0270355
35.7817 55024 50680 0.22154 1.81407 2.07647 1.81407 2.07647 6414 0 0.0266453
36.0076 52128 52128 0.233539 1.89733 2.07535 1.89733 2.07535 6451 0 0.026567
36.2372 50680 49232 0.231379 1.71611 2.07307 1.71611 2.07307 6485 0 0.0271172
36.451 52128 47784 0.22057 1.78728 2.0714 1.78728 2.0714 6518 0 0.027335
36.6625 53576 49232 0.222513 1.91714 2.07051 1.91714 2.07051 6553 0 0.026994
36.8728 55024 50680 0.213846 1.9281 2.06969 1.9281 2.06969 6588 0 0.0266809
37.0879 56472 52128 0.224912 1.99272 2.06925 1.99272 2.06925 6625 0 0.0263246
37.3102 57920 53576 0.222461 1.9281 2.06841 1.9281 2.06841 6662 0 0.0259663
37.5493 52128 55024 0.245605 1.88934 2.06727 1.88934 2.06727 6701 0 0.0266936
37.7728 49232 49232 0.233159 1.76224 2.06546 1.76224 2.06546 6735 0 0.027244
37.9867 52128 46336 0.22006 1.73312 2.06359 1.73312 2.06359 6767 0 0.027767
38.1994 55024 49232 0.215064 1.85184 2.06241 1.85184 2.06241 6801 0 0.0270952
38.4289 56472 52128 0.221994 1.81705 2.06095 1.81705 2.06095 6837 0 0.0263045
38.662 53576 53576 0.233311 1.83865 2.05961 1.83865 2.05961 6874 0 0.0262206
38.8855 47784 50680 0.255556 1.8659 2.05849 1.8659 2.05849 6910 0 0.0283231
39.0958 43440 44888 0.243195 1.76283 2.0569 1.76283 2.0569 6942 0 0.0287949
39.3043 41992 40544 0.231059 1.61123 2.05454 1.61123 2.05454 6971 0 0.0292249
39.5217 43440 39096 0.211689 1.43808 2.05114 1.43808 2.05114 6998 0 0.0295319
39.744 40544 40544 0.242149 1.51121 2.04813 1.51121 2.04813 7027 0 0.0296763
39.7777 41992 37648 0.227475 8.95187 2.05396 8.95187 2.05396 7053 0 0.0298811
39.9976 43440 39096 0.223159 1.42237 2.05049 1.42237 2.05049 7080 0 0.0294728
40.2283 40544 40544 0.236125 1.45611 2.04708 1.45611 2.04708 7109 0 0.0294458
40.4566 39096 37648 0.231654 1.31922 2.04298 1.31922 2.04298 7135 0 0.0299611
40.6741 40544 36200 0.222486 1.33156 2.03917 1.33156 2.03917 7160 0 0.0301961
40.8856 41992 37648 0.221825 1.47894 2.03627 1.47894 2.03627 7187 0 0.0298286
41.1006 44888 39096 0.217968 1.45415 2.03323 1.45415 2.03323 7214 0 0.0295501
41.3241 43440 41992 0.230853 1.55492 2.03064 1.55492 2.03064 7244 0 0.0288623
41.5561 40544 40544 0.240275 1.44857 2.02739 1.44857 2.02739 7273 0 0.0295968
41.7784 39096 37648 0.228142 1.35488 2.02381 1.35488 2.02381 7299 0 0.0298916
41.9898 41992 36200 0.21786 1.36939 2.02052 1.36939 2.02052 7324 0 0.0302777
42.1989 43440 39096 0.221765 1.55134 2.01819 1.55134 2.01819 7352 0 0.0294659
42.4188 41992 40544 0.229178 1.52773 2.01565 1.52773 2.01565 7381 0 0.0291868
42.6435 43440 39096 0.226403 1.39194 2.01236 1.39194 2.01236 7408 0 0.0295038
42.8658 40544 40544 0.236123 1.51121 2.00977 1.51121 2.00977 7437 0 0.0294457
43.0869 41992 37648 0.225854 1.36224 2.00644 1.36224 2.00644 7463 0 0.0298595
43.3032 57920 39096 0.220688 1.44607 2.00364 1.44607 2.00364 7490 0 0.0327903
43.5231 55024 55024 0.23522 2.05453 2.0039 2.05453 2.0039 7529 0 0.025937
43.755 52128 52128 0.233841 1.79822 2.00281 1.79822 2.00281 7565 0 0.0265752
43.9773 50680 49232 0.229724 1.77176 2.00164 1.77176 2.00164 7599 0 0.0270823
44.1852 52128 47784 0.22025 1.83894 2.00088 1.83894 2.00088 7632 0 0.0273347
44.3942 50680 49232 0.229854 1.93918 2.00059 1.93918 2.00059 7667 0 0.0270848
44.6105 53576 47784 0.214362 1.76742 1.99946 1.76742 1.99946 7700 0 0.0274496
44.834 49232 50680 0.241057 1.8659 1.99879 1.8659 1.99879 7736 0 0.0273082
45.0611 43440 46336 0.252542 1.68326 1.9972 1.68326 1.9972 7769 0 0.0291586
45.0996 41992 40544 0.227952 8.43542 2.00269 8.43542 2.00269 7797 0 0.0291658
45.3147 44888 39096 0.219143 1.45415 2.00009 1.45415 2.00009 7824 0 0.0295467
45.5297 46336 41992 0.221645 1.61572 1.99827 1.61572 1.99827 7854 0 0.0287472
45.7556 44888 43440 0.231264 1.58965 1.99625 1.58965 1.99625 7885 0 0.0285156
45.9827 43440 41992 0.229589 1.47923 1.9937 1.47923 1.9937 7914 0 0.0288365
46.205 41992 40544 0.230486 1.51121 1.99138 1.51121 1.99138 7943 0 0.0292125
46.4189 44888 39096 0.218662 1.46232 1.98894 1.46232 1.98894 7970 0 0.0295478
46.6328 46336 41992 0.221825 1.6248 1.98727 1.6248 1.98727 8000 0 0.0287479
46.8563 44888 43440 0.230003 1.60675 1.98546 1.60675 1.98546 8031 0 0.0284888
47.0834 57920 41992 0.229279 1.47923 1.98301 1.47923 1.98301 8060 0 0.0310486
47.3057 55024 55024 0.23202 2.03232 1.98325 2.03232 1.98325 8099 0 0.0258498
47.5208 56472 52128 0.221314 1.93887 1.98304 1.93887 1.98304 8135 0 0.0263022
47.7251 57920 53576 0.209899 2.09822 1.98354 2.09822 1.98354 8172 0 0.0260622
47.939 59368 55024 0.221004 2.11224 1.98411 2.11224 1.98411 8211 0 0.0256231
48.1576 62264 56472 0.219795 2.06582 1.98448 2.06582 1.98448 8250 0 0.0253695
48.3835 59368 59368 0.234884 2.15372 1.98527 2.15372 1.98527 8292 0 0.024926
48.6143 55024 56472 0.241217 2.00843 1.98538 2.00843 1.98538 8332 0 0.0259583
48.8305 52128 52128 0.232454 1.98165 1.98537 1.98165 1.98537 8369 0 0.0265387
49.0384 53576 49232 0.213345 1.89466 1.98498 1.89466 1.98498 8403 0 0.027032
49.2619 56472 50680 0.218349 1.81407 1.98421 1.81407 1.98421 8438 0 0.0267289
49.4926 57920 53576 0.241714 1.90801 1.98385 1.90801 1.98385 8476 0 0.0264317
49.7185 52128 55024 0.244026 1.99989 1.98392 1.99989 1.98392 8515 0 0.0266153
49.9312 53576 49232 0.223049 1.85184 1.98336 1.85184 1.98336 8549 0 0.026997
50.1427 57920 50680 0.213192 1.91714 1.98308 1.91714 1.98308 8584 0 0.0269111
50.3638 55024 55024 0.23312 2.04336 1.98335 2.04336 1.98335 8623 0 0.0258775
50.5885 53576 52128 0.226965 1.85592 1.98278 1.85592 1.98278 8659 0 0.026349
50.8084 55024 50680 0.224195 1.84381 1.98218 1.84381 1.98218 8694 0 0.0266606
51.0223 50680 52128 0.240487 2.00392 1.98227 2.00392 1.98227 8731 0 0.026942
51.2337 57920 47784 0.218195 1.80759 1.98155 1.80759 1.98155 8764 0 0.0280033
51.4693 55024 55024 0.236476 1.91826 1.98126 1.91826 1.98126 8803 0 0.0259768
51.5149 50680 52128 0.242163 9.13309 1.9876 9.13309 1.9876 8839 0 0.0270135
51.7552 46336 47784 0.242693 1.59068 1.98576 1.59068 1.98576 8872 0 0.0280714
52.138 41992 43440 0.244652 0.938273 1.97807 0.938273 1.97807 8903 0 0.0292182
52.1752 43440 39096 0.208231 8.39655 1.98265 8.39655 1.98265 8930 0 0.0296013
52.3765 46336 40544 0.204446 1.66894 1.98144 1.66894 1.98144 8959 0 0.0294277
52.5796 49232 43440 0.205191 1.71133 1.9804 1.71133 1.9804 8989 0 0.0286912
52.7887 50680 46336 0.210391 1.77296 1.97958 1.77296 1.97958 9021 0 0.0277761
53.0097 52128 47784 0.220745 1.729 1.97853 1.729 1.97853 9054 0 0.0273352
53.2393 49232 49232 0.236045 1.76658 1.97762 1.76658 1.97762 9089 0 0.0273283
53.4772 46336 46336 0.238502 1.55806 1.97575 1.55806 1.97575 9121 0 0.0281093
53.7043 44888 43440 0.232169 1.53023 1.97387 1.53023 1.97387 9151 0 0.0285368
53.9145 47784 41992 0.218355 1.59757 1.9724 1.59757 1.9724 9180 0 0.0288304
54.1176 50680 44888 0.217253 1.82542 1.97185 1.82542 1.97185 9212 0 0.0281259
54.3303 52128 47784 0.221851 1.85184 1.97138 1.85184 1.97138 9246 0 0.0273381
54.555 49232 49232 0.232826 1.80437 1.97069 1.80437 1.97069 9281 0 0.0272354
54.7857 47784 46336 0.231393 1.60675 1.96916 1.60675 1.96916 9313 0 0.0278136
55.0128 46336 44888 0.230073 1.58124 1.96756 1.58124 1.96756 9344 0 0.0281366
55.2267 43440 43440 0.234341 1.67896 1.96644 1.67896 1.96644 9375 0 0.0286776
55.4442 46336 40544 0.219509 1.49134 1.96458 1.49134 1.96458 9403 0 0.029186
55.6641 49232 43440 0.219922 1.58041 1.96306 1.58041 1.96306 9433 0 0.0284719
55.8876 50680 46336 0.224382 1.65858 1.96184 1.65858 1.96184 9465 0 0.027703
56.1111 49232 47784 0.227288 1.71041 1.96084 1.71041 1.96084 9498 0 0.0273877
56.3214 44888 46336 0.244733 1.81792 1.96031 1.81792 1.96031 9531 0 0.0285173
56.5232 57920 41992 0.213606 1.66413 1.95925 1.66413 1.95925 9560 0 0.0310034
56.7245 59368 55024 0.225522 2.24443 1.96026 2.24443 1.96026 9599 0 0.0256526
56.7702 60816 56472 0.21238 9.89418 1.96664 9.89418 1.96664 9638 0 0.0253444
56.9853 57920 57920 0.217242 2.20815 1.96755 2.20815 1.96755 9679 0 0.0250435
57.21 56472 55024 0.226226 1.95903 1.96752 1.95903 1.96752 9717 0 0.0256609
57.4359 55024 53576 0.228139 1.89733 1.96724 1.89733 1.96724 9754 0 0.0260264
57.6497 57920 52128 0.219562 2.00392 1.96738 2.00392 1.96738 9791 0 0.0263838
57.8576 59368 55024 0.211198 2.11756 1.96792 2.11756 1.96792 9829 0 0.0256996
58.0811 57920 56472 0.224202 2.02139 1.96813 2.02139 1.96813 9868 0 0.0253039
58.3106 55024 55024 0.23419 1.96847 1.96813 1.96847 1.96813 9907 0 0.0259067
58.5329 56472 52128 0.225686 1.87599 1.96778 1.87599 1.96778 9943 0 0.0263328
58.7492 59368 53576 0.21947 1.98165 1.96783 1.98165 1.96783 9980 0 0.0260437
58.9739 57920 56472 0.229925 2.06213 1.96819 2.06213 1.96819 10020 0 0.0253848
59.1998 55024 55024 0.232381 1.99989 1.96831 1.99989 1.96831 10059 0 0.0258586
59.4197 57920 52128 0.223405 1.89649 1.96804 1.89649 1.96804 10095 0 0.0263953
59.6384 59368 55024 0.22109 2.01285 1.96821 2.01285 1.96821 10133 0 0.0256233
59.8631 57920 56472 0.226202 2.01058 1.96837 2.01058 1.96837 10172 0 0.0253248
60.089 55024 55024 0.234103 1.99989 1.96848 1.99989 1.96848 10211 0 0.0259042
60.3113 56472 52128 0.225738 1.87599 1.96814 1.87599 1.96814 10247 0 0.0263334
60.5276 59368 53576 0.220065 1.98165 1.96819 1.98165 1.96819 10284 0 0.0260434
60.7463 57920 56472 0.228449 2.11879 1.96873 2.11879 1.96873 10324 0 0.0253577
60.9674 55024 55024 0.231225 2.04336 1.969 2.04336 1.969 10363 0 0.0258313
61.1885 56472 52128 0.22356 1.88618 1.9687 1.88618 1.9687 10399 0 0.0263132
61.4228 55024 53576 0.23072 1.82922 1.96817 1.82922 1.96817 10436 0 0.0260751
61.6523 57920 52128 0.244786 1.86753 1.9678 1.86753 1.9678 10473 0 0.026998
61.8674 59368 55024 0.2243 2.04658 1.96807 2.04658 1.96807 10511 0 0.0256406
62.0788 62264 56472 0.217334 2.13624 1.96865 2.13624 1.96865 10550 0 0.0253766
62.2927 60816 59368 0.22838 2.27472 1.9697 2.27472 1.9697 10592 0 0.0246915
62.509 57920 57920 0.231454 2.19589 1.97048 2.19589 1.97048 10633 0 0.025167
62.7193 60816 55024 0.21592 2.09336 1.97089 2.09336 1.97089 10671 0 0.025722
62.926 62264 57920 0.210225 2.24197 1.97178 2.24197 1.97178 10711 0 0.0250482
63.1387 57920 59368 0.212274 2.23311 1.97266 2.23311 1.97266 10752 0 0.0249028
63.3573 55024 55024 0.235906 2.06582 1.97298 2.06582 1.97298 10791 0 0.0259583
63.5736 57920 52128 0.218132 1.9281 1.97283 1.9281 1.97283 10827 0 0.0263871
63.6169 60816 55024 0.216506 10.1761 1.97841 10.1761 1.97841 10865 0 0.0257175
63.832 63712 57920 0.217251 2.1543 1.979 2.1543 1.979 10905 0 0.0250434
64.0567 62264 60816 0.226287 2.16524 1.97965 2.16524 1.97965 10947 0 0.0243316
64.2826 60816 59368 0.228162 2.10244 1.98009 2.10244 1.98009 10988 0 0.0246879
64.5049 59368 57920 0.227677 2.13654 1.98062 2.13654 1.98062 11029 0 0.0250116
64.7152 60816 56472 0.214135 2.14845 1.98117 2.14845 1.98117 11068 0 0.0253207
64.9314 62264 57920 0.220946 2.19589 1.98189 2.19589 1.98189 11109 0 0.0249536
65.1513 63712 59368 0.221869 2.15989 1.98249 2.15989 1.98249 11150 0 0.0246248
65.3736 62264 60816 0.227843 2.24076 1.98336 2.24076 1.98336 11193 0 0.0243536
65.5899 65160 59368 0.21978 2.19589 1.98407 2.19589 1.98407 11234 0 0.0247045
65.8086 66608 62264 0.224352 2.33067 1.98522 2.33067 1.98522 11278 0 0.023984
66.0345 63712 63712 0.231389 2.30756 1.98632 2.30756 1.98632 11323 0 0.0238532
66.2592 62264 60816 0.227389 2.16524 1.98693 2.16524 1.98693 11365 0 0.0243467
66.4719 65160 59368 0.217266 2.23311 1.98771 2.23311 1.98771 11406 0 0.0247119
66.6846 68056 62264 0.219827 2.3965 1.98902 2.3965 1.98902 11450 0 0.0240483
66.9249 57920 65160 0.242396 2.21731 1.98984 2.21731 1.98984 11496 0 0.0251502
67.1688 52128 55024 0.251306 1.85211 1.98934 1.85211 1.98934 11535 0 0.0270181
67.3875 53576 49232 0.225851 1.80097 1.98873 1.80097 1.98873 11569 0 0.0270219
67.5882 56472 50680 0.20746 2.02046 1.98882 2.02046 1.98882 11604 0 0.0268834
67.7907 57920 53576 0.211281 2.17391 1.98937 2.17391 1.98937 11642 0 0.0260362
67.9961 59368 55024 0.213974 2.19871 1.99001 2.19871 1.99001 11681 0 0.0256585
68.216 62264 56472 0.218559 2.05453 1.99021 2.05453 1.99021 11720 0 0.0253715
68.4551 56472 59368 0.243488 2.03467 1.99037 2.03467 1.99037 11762 0 0.0255888
68.6919 50680 53576 0.248728 1.85958 1.98992 1.85958 1.98992 11800 0 0.0272014
68.9082 49232 47784 0.232491 1.82098 1.98939 1.82098 1.98939 11834 0 0.0274907
69.1094 52128 46336 0.216139 1.89914 1.98913 1.89914 1.98913 11867 0 0.0277819
69.3185 53576 49232 0.209958 1.88377 1.98881 1.88377 1.98881 11901 0 0.0270885
69.5372 56472 50680 0.21753 1.85394 1.98838 1.85394 1.98838 11936 0 0.0267323
69.7631 53576 53576 0.235849 1.94861 1.98825 1.94861 1.98825 11974 0 0.0262946
69.9902 49232 50680 0.240633 1.83628 1.98776 1.83628 1.98776 12010 0 0.0272905
70.2005 47784 46336 0.229815 1.81792 1.98725 1.81792 1.98725 12043 0 0.0277801
70.4048 49232 44888 0.20969 1.75797 1.98659 1.75797 1.98659 12074 0 0.0281414
70.6126 52128 46336 0.219647 1.83894 1.98615 1.83894 1.98615 12107 0 0.0277671
70.8265 55024 49232 0.214359 1.84144 1.98572 1.84144 1.98572 12141 0 0.0271027
71.0512 56472 52128 0.221656 1.85592 1.98531 1.85592 1.98531 12177 0 0.0263032
71.2819 55024 53576 0.229993 1.8578 1.98489 1.8578 1.98489 12214 0 0.0260601
71.5054 49232 52128 0.249755 1.91773 1.98468 1.91773 1.98468 12251 0 0.0276017
71.7121 50680 46336 0.222516 1.79358 1.98413 1.79358 1.98413 12283 0 0.0276901
71.9134 53576 47784 0.20638 1.89914 1.98389 1.89914 1.98389 12316 0 0.0276033
72.1171 52128 50680 0.226519 2.04734 1.98407 2.04734 1.98407 12352 0 0.0266855
72.3298 57920 49232 0.231161 1.90631 1.98384 1.90631 1.98384 12387 0 0.0275281
72.3706 62264 55024 0.214649 10.7747 1.98881 10.7747 1.98881 12425 0 0.0258726
72.6001 59368 59368 0.230462 2.06942 1.98906 2.06942 1.98906 12466 0 0.0248139
72.8392 53576 56472 0.242864 1.93778 1.98889 1.93778 1.98889 12506 0 0.0262249
73.2382 47784 50680 0.25224 1.04535 1.98375 1.04535 1.98375 12542 0 0.0280983
73.4593 43440 44888 0.245121 1.67661 1.98283 1.67661 1.98283 12574 0 0.028888
73.6828 57920 40544 0.24485 1.50309 1.98137 1.50309 1.98137 12603 0 0.0324649
73.7164 59368 55024 0.224787 13.0835 1.98644 13.0835 1.98644 12641 0 0.0256451
73.9483 56472 56472 0.233067 1.94808 1.98632 1.94808 1.98632 12680 0 0.0255402
74.1826 52128 53576 0.238598 1.87866 1.98598 1.87866 1.98598 12718 0 0.0265279
74.572 46336 49232 0.246782 1.04141 1.98105 1.04141 1.98105 12753 0 0.0281208
74.6128 49232 43440 0.216177 8.50631 1.98462 8.50631 1.98462 12783 0 0.0284865
74.8255 52128 46336 0.215244 1.74291 1.98394 1.74291 1.98394 12815 0 0.0277896
75.0418 55024 49232 0.218078 1.82098 1.98347 1.82098 1.98347 12849 0 0.0270746
75.2677 53576 52128 0.22674 1.84605 1.98305 1.84605 1.98305 12885 0 0.0263459
75.496 57920 50680 0.230224 1.77588 1.98243 1.77588 1.98243 12920 0 0.0269693
75.7147 56472 55024 0.228341 2.06582 1.98267 2.06582 1.98267 12959 0 0.0256917
75.9286 59368 53576 0.218265 2.00392 1.98273 2.00392 1.98273 12996 0 0.0260464
76.1436 60816 56472 0.222926 2.1543 1.98321 2.1543 1.98321 13036 0 0.0252949
76.3647 57920 57920 0.228359 2.14815 1.98369 2.14815 1.98369 13077 0 0.0251057
76.5894 56472 55024 0.226557 1.95903 1.98362 1.95903 1.98362 13115 0 0.0256651
76.8093 57920 53576 0.223118 1.94917 1.98352 1.94917 1.98352 13152 0 0.0259699
77.2503 59368 55024 0.223187 2.02266 1.98374 2.02266 1.98374 13229 0 0.0256323
77.4654 62264 56472 0.219527 2.10044 1.98407 2.10044 1.98407 13268 0 0.0253697
77.6853 59368 59368 0.230781 2.21257 1.98471 2.21257 1.98471 13310 0 0.0248207
77.9088 56472 56472 0.235348 2.07322 1.98497 2.07322 1.98497 13350 0 0.025605
78.1215 57920 53576 0.229064 2.06971 1.9852 2.06971 1.9852 13388 0 0.0260424
78.5324 60816 55024 0.209038 2.17052 1.98617 2.17052 1.98617 13465 0 0.0258255
78.7367 63712 57920 0.207922 2.26835 1.9869 2.26835 1.9869 13505 0 0.0251817
78.9506 65160 60816 0.211912 2.27472 1.98768 2.27472 1.98768 13547 0 0.0243575
79.1669 57920 62264 0.21826 2.303 1.98854 2.303 1.98854 13590 0 0.0246335
79.3832 55024 55024 0.235967 2.08877 1.98881 2.08877 1.98881 13629 0 0.0259603
79.5946 56472 52128 0.214003 1.97192 1.98877 1.97192 1.98877 13665 0 0.0263364
79.8049 57920 53576 0.211809 2.03827 1.9889 2.03827 1.9889 13702 0 0.0260273
80.0176 55024 55024 0.2356 2.12417 1.98926 2.12417 1.98926 13741 0 0.0259487
80.0633 57920 52128 0.216789 9.13309 1.99333 9.13309 1.99333 13777 0 0.026394
80.3096 52128 55024 0.245775 1.78702 1.9927 1.78702 1.9927 13815 0 0.0267024
80.5499 47784 49232 0.24314 1.63888 1.99164 1.63888 1.99164 13849 0 0.027745
80.7638 50680 44888 0.219259 1.67896 1.99082 1.67896 1.99082 13880 0 0.0281189
80.9705 52128 47784 0.213323 1.90568 1.9906 1.90568 1.9906 13914 0 0.0273792
81.1808 55024 49232 0.215416 1.9281 1.99044 1.9281 1.99044 13949 0 0.0270919
81.3934 57920 52128 0.215174 1.96078 1.99036 1.96078 1.99036 13985 0 0.0264069
81.6121 59368 55024 0.220226 2.01285 1.99042 2.01285 1.99042 14023 0 0.0256222
81.838 57920 56472 0.22727 1.99989 1.99045 1.99989 1.99045 14062 0 0.0253391
82.0579 56472 55024 0.228004 2.05453 1.99062 2.05453 1.99062 14101 0 0.0256862
82.267 57920 53576 0.213682 2.04999 1.99077 2.04999 1.99077 14138 0 0.0260001
82.4809 59368 55024 0.220247 2.11224 1.99108 2.11224 1.99108 14177 0 0.0256222
82.6984 62264 56472 0.219305 2.07723 1.99131 2.07723 1.99131 14216 0 0.02537
82.9231 59368 59368 0.23155 2.16524 1.99178 2.16524 1.99178 14258 0 0.0248378
83.1442 57920 56472 0.230766 2.09576 1.99206 2.09576 1.99206 14298 0 0.0254022
83.3532 60816 55024 0.220062 2.1608 1.99248 2.1608 1.99248 14337 0 0.0257053
83.5767 62264 57920 0.222296 2.07322 1.9927 2.07322 1.9927 14377 0 0.0249579
83.8099 59368 59368 0.232921 2.03742 1.99282 2.03742 1.99282 14418 0 0.0248714
84.049 53576 56472 0.247937 1.93778 1.99267 1.93778 1.99267 14458 0 0.0264827
84.2689 50680 50680 0.236098 1.89649 1.99241 1.89649 1.99241 14494 0 0.0269853
84.4755 52128 47784 0.220626 1.90568 1.9922 1.90568 1.9922 14528 0 0.027335
84.6858 57920 49232 0.219266 1.9281 1.99204 1.9281 1.99204 14563 0 0.0274041
84.9033 60816 55024 0.218108 2.02397 1.99212 2.02397 1.99212 14601 0 0.0257089
85.1268 62264 57920 0.224865 2.07322 1.99234 2.07322 1.99234 14641 0 0.0249763
85.3515 60816 59368 0.227356 2.11369 1.99266 2.11369 1.99266 14682 0 0.0246754
85.5894 55024 57920 0.246642 1.99626 1.99267 1.99626 1.99267 14723 0 0.0260783
85.8141 52128 52128 0.23324 1.85592 1.99231 1.85592 1.99231 14759 0 0.026559
86.0352 53576 49232 0.223799 1.78139 1.99177 1.78139 1.99177 14793 0 0.0270021
86.2515 55024 50680 0.220647 1.87454 1.99147 1.87454 1.99147 14828 0 0.0266434
86.4714 50680 52128 0.238103 1.94917 1.99137 1.94917 1.99137 14865 0 0.02685
86.6937 52128 47784 0.224389 1.71965 1.99067 1.71965 1.99067 14898 0 0.0273539
86.9124 47784 49232 0.24169 1.85394 1.99032 1.85394 1.99032 14933 0 0.02768
87.1299 49232 44888 0.223139 1.65113 1.98948 1.65113 1.98948 14964 0 0.028045
87.3522 44888 46336 0.241138 1.71965 1.98879 1.71965 1.98879 14997 0 0.0283524
87.3906 46336 41992 0.226678 8.73668 1.99176 8.73668 1.99176 15026 0 0.0287891
87.6165 44888 43440 0.228081 1.58965 1.99072 1.58965 1.99072 15057 0 0.028454
87.834 46336 41992 0.221148 1.54461 1.98962 1.54461 1.98962 15086 0 0.0287459
88.0491 47784 43440 0.22213 1.66958 1.98884 1.66958 1.98884 15117 0 0.0283933
88.2702 49232 44888 0.223027 1.62421 1.98792 1.62421 1.98792 15148 0 0.0280443
88.4973 46336 46336 0.233227 1.68326 1.98714 1.68326 1.98714 15181 0 0.0279419
88.716 47784 43440 0.223152 1.58909 1.98616 1.58909 1.98616 15211 0 0.0283987
88.9287 50680 44888 0.21657 1.68845 1.98545 1.68845 1.98545 15242 0 0.0281301
89.1474 52128 47784 0.225877 1.80097 1.985 1.80097 1.985 15276 0 0.0273692
89.3697 50680 49232 0.230624 1.82387 1.9846 1.82387 1.9846 15311 0 0.0271006
89.5859 52128 47784 0.220824 1.76742 1.98407 1.76742 1.98407 15344 0 0.0273353
89.8046 57920 49232 0.227275 1.85394 1.98375 1.85394 1.98375 15379 0 0.0274565
90.0293 56472 55024 0.225888 1.95903 1.98369 1.95903 1.98369 15417 0 0.0256568
90.2564 55024 53576 0.229854 1.88729 1.98345 1.88729 1.98345 15454 0 0.0260573
90.4679 57920 52128 0.228111 2.02669 1.98355 2.02669 1.98355 15491 0 0.0264494
90.6854 60816 55024 0.218093 2.02397 1.98365 2.02397 1.98365 15529 0 0.025709
90.9089 57920 57920 0.223885 2.07322 1.98387 2.07322 1.98387 15569 0 0.0250509
91.3727 55024 55024 0.23327 1.89813 1.98343 1.89813 1.98343 15645 0 0.0258814
91.5854 56472 52128 0.225778 1.96078 1.98338 1.96078 1.98338 15681 0 0.0263339
91.7921 57920 53576 0.213035 2.07382 1.98358 2.07382 1.98358 15718 0 0.0260087
92.2343 59368 55024 0.220203 2.01717 1.98375 2.01717 1.98375 15795 0 0.0256222
92.2799 57920 56472 0.228661 9.89418 1.98766 9.89418 1.98766 15834 0 0.0253613
92.5118 55024 55024 0.233911 1.94808 1.98756 1.94808 1.98756 15873 0 0.0258988
92.7317 56472 52128 0.223087 1.89649 1.98734 1.89649 1.98734 15909 0 0.02631
92.9372 57920 53576 0.209215 2.08595 1.98756 2.08595 1.98756 15946 0 0.0260765
93.1487 60816 55024 0.215646 2.13624 1.9879 2.13624 1.9879 15985 0 0.0257243
93.3686 62264 57920 0.221513 2.10721 1.98818 2.10721 1.98818 16025 0 0.024955
93.5957 60816 59368 0.228717 2.09132 1.98843 2.09132 1.98843 16066 0 0.0246972
93.8264 57920 57920 0.235685 2.05864 1.9886 2.05864 1.9886 16107 0 0.0252819
94.0607 55024 55024 0.236335 1.87866 1.98833 1.87866 1.98833 16145 0 0.0259721
94.2914 52128 52128 0.23346 1.80759 1.98789 1.80759 1.98789 16181 0 0.0265648
94.5089 53576 49232 0.222023 1.81092 1.98748 1.81092 1.98748 16215 0 0.0269918
94.718 55024 50680 0.213017 1.93918 1.98737 1.93918 1.98737 16250 0 0.0266917
94.9379 56472 52128 0.22537 1.94917 1.98729 1.94917 1.98729 16287 0 0.0263293
95.1638 55024 53576 0.227089 1.89733 1.98707 1.89733 1.98707 16324 0 0.0260105
95.3921 52128 52128 0.236496 1.87736 1.98681 1.87736 1.98681 16361 0 0.0266558
95.6156 50680 49232 0.227255 1.76224 1.98628 1.76224 1.98628 16395 0 0.0270403
95.8355 52128 47784 0.223104 1.73845 1.98572 1.73845 1.98572 16428 0 0.0273443
96.0566 50680 49232 0.230866 1.83379 1.98537 1.83379 1.98537 16463 0 0.0271058
96.2741 52128 47784 0.221958 1.75766 1.98485 1.75766 1.98485 16496 0 0.0273385
96.4939 50680 49232 0.230299 1.84381 1.98453 1.84381 1.98453 16531 0 0.0270938
96.7186 52128 47784 0.226024 1.70126 1.98387 1.70126 1.98387 16564 0 0.0273709
96.9397 49232 49232 0.235075 1.83379 1.98353 1.83379 1.98353 16599 0 0.0272981
97.1584 50680 46336 0.223419 1.69503 1.98288 1.69503 1.98288 16631 0 0.0276955
97.3795 52128 47784 0.221549 1.729 1.9823 1.729 1.9823 16664 0 0.027337
97.6042 47784 49232 0.239391 1.80437 1.98189 1.80437 1.98189 16699 0 0.0275855
97.8241 49232 44888 0.22645 1.63309 1.98111 1.63309 1.98111 16730 0 0.0280767
98.0428 46336 46336 0.236035 1.748 1.98059 1.748 1.98059 16763 0 0.0280241
98.2663 47784 43440 0.224574 1.55492 1.97962 1.55492 1.97962 16793 0 0.0284097
98.4886 49232 44888 0.223927 1.61543 1.9788 1.61543 1.9788 16824 0 0.0280506
98.7133 43440 46336 0.247044 1.70126 1.97817 1.70126 1.97817 16857 0 0.028831
98.9356 41992 40544 0.229117 1.4591 1.977 1.4591 1.977 16885 0 0.0291857
98.9692 43440 39096 0.221384 9.29618 1.97949 9.29618 1.97949 16912 0 0.0294647
99.1807 46336 40544 0.214994 1.58849 1.97866 1.58849 1.97866 16941 0 0.0292108
99.4018 47784 43440 0.221968 1.57182 1.97775 1.57182 1.97775 16971 0 0.0283926
99.6301 46336 44888 0.229174 1.57292 1.97682 1.57292 1.97682 17002 0 0.0281193
99.862 43440 43440 0.239172 1.54847 1.97583 1.54847 1.97583 17033 0 0.0288395
100.071 46336 40544 0.217206 1.55134 1.97494 1.55134 1.97494 17061 0 0.0291935
100.284 49232 43440 0.215257 1.62923 1.97421 1.62923 1.97421 17091 0 0.0284944
100.504 50680 46336 0.220589 1.68577 1.97358 1.68577 1.97358 17123 0 0.0276841
100.739 49232 47784 0.232102 1.63147 1.97278 1.63147 1.97278 17156 0 0.0274811
100.969 57920 46336 0.243969 1.65696 1.97206 1.65696 1.97206 17189 0 0.0292287
101.183 59368 55024 0.223487 2.05808 1.97224 2.05808 1.97224 17227 0 0.0256343
101.402 60816 56472 0.222088 2.06582 1.97244 2.06582 1.97244 17266 0 0.0252907
101.63 56472 57920 0.238369 2.08031 1.97268 2.08031 1.97268 17307 0 0.0255119
101.854 55024 53576 0.228975 1.91773 1.97256 1.91773 1.97256 17344 0 0.0260408
102.065 52128 52128 0.232018 2.02669 1.97268 2.02669 1.97268 17381 0 0.0265281
102.283 55024 49232 0.216888 1.81092 1.97233 1.81092 1.97233 17415 0 0.0270806
102.511 56472 52128 0.22175 1.82662 1.97201 1.82662 1.97201 17451 0 0.0263035
102.743 53576 53576 0.232318 1.84817 1.97173 1.84817 1.97173 17488 0 0.0261951
102.966 47784 50680 0.254317 1.8659 1.9715 1.8659 1.9715 17524 0 0.0282365
103.173 43440 44888 0.242503 1.79358 1.97114 1.79358 1.97114 17556 0 0.0287633
103.377 44888 40544 0.22695 1.64925 1.97051 1.64925 1.97051 17585 0 0.0291509
103.584 46336 41992 0.207315 1.62057 1.96981 1.62057 1.96981 17614 0 0.0289054
103.808 44888 43440 0.233881 1.60675 1.96903 1.60675 1.96903 17645 0 0.0285814
103.844 46336 41992 0.226933 9.31913 1.97158 9.31913 1.97158 17674 0 0.0287926
104.072 44888 43440 0.230229 1.57292 1.9707 1.57292 1.9707 17705 0 0.0284934
104.3 57920 41992 0.230553 1.47144 1.96961 1.47144 1.96961 17734 0 0.0310739
104.526 55024 55024 0.233024 1.99989 1.96967 1.99989 1.96967 17773 0 0.0258749
104.756 52128 52128 0.232212 1.81705 1.96934 1.81705 1.96934 17809 0 0.0265328
104.988 49232 49232 0.233676 1.69832 1.96874 1.69832 1.96874 17843 0 0.0272579
105.209 50680 46336 0.225494 1.67661 1.96813 1.67661 1.96813 17875 0 0.027714
105.419 53576 47784 0.215496 1.81792 1.96783 1.81792 1.96783 17908 0 0.0274381
105.632 55024 50680 0.221448 1.96078 1.96781 1.96078 1.96781 17944 0 0.0266451
105.845 57920 52128 0.223458 2.00392 1.96789 2.00392 1.96789 17981 0 0.0263956
106.071 59368 55024 0.225293 1.94861 1.96785 1.94861 1.96785 18019 0 0.0256502
106.309 55024 56472 0.23658 1.89888 1.96769 1.89888 1.96769 18058 0 0.025783
106.535 50680 52128 0.2423 1.89733 1.96754 1.89733 1.96754 18095 0 0.0270196
106.744 57920 47784 0.21794 1.82837 1.96727 1.82837 1.96727 18128 0 0.0280043
107.156 59368 55024 0.21112 2.16419 1.96803 2.16419 1.96803 18205 0 0.025701
107.373 60816 56472 0.214578 2.08877 1.96827 2.08877 1.96827 18244 0 0.0253157
107.595 57920 57920 0.234732 2.13654 1.96862 2.13654 1.96862 18285 0 0.0252529
107.824 56472 55024 0.228477 1.918 1.96851 1.918 1.96851 18323 0 0.025694
108.055 55024 53576 0.230499 1.8578 1.96827 1.8578 1.96827 18360 0 0.0260704
108.277 49232 52128 0.247954 1.9281 1.96819 1.9281 1.96819 18397 0 0.0274978
108.49 50680 46336 0.222836 1.74291 1.96775 1.74291 1.96775 18429 0 0.0276918
108.696 52128 47784 0.211533 1.86044 1.96755 1.86044 1.96755 18462 0 0.0274063
108.908 50680 49232 0.231888 1.90631 1.96743 1.90631 1.96743 18497 0 0.027129
108.949 53576 47784 0.216745 9.35694 1.9702 9.35694 1.9702 18530 0 0.0274284
109.167 56472 50680 0.219664 1.91744 1.97009 1.91744 1.97009 18566 0 0.0267263
109.39 55024 53576 0.227798 1.96956 1.97009 1.96956 1.97009 18604 0 0.026021
109.612 53576 52128 0.227798 1.9281 1.97001 1.9281 1.97001 18641 0 0.0263613
109.824 56472 50680 0.215245 1.91714 1.96991 1.91714 1.96991 18676 0 0.0267488
110.033 59368 53576 0.21479 2.10539 1.97016 2.10539 1.97016 18714 0 0.0260705
110.249 60816 56472 0.220982 2.14233 1.9705 2.14233 1.9705 18754 0 0.0252873
110.476 57920 57920 0.231445 2.09132 1.97075 2.09132 1.97075 18795 0 0.0251668
110.708 55024 55024 0.233719 1.89813 1.9706 1.89813 1.9706 18833 0 0.0258935
110.927 57920 52128 0.223005 1.90691 1.97047 1.90691 1.97047 18869 0 0.0263927
111.996 60816 55024 0.219895 2.05808 1.97131 2.05808 1.97131 19059 0 0.0257053
112.212 63712 57920 0.218272 2.1543 1.97166 2.1543 1.97166 19099 0 0.0250388
112.433 65160 60816 0.221938 2.20054 1.97211 2.20054 1.97211 19141 0 0.0242958
112.661 63712 62264 0.22822 2.18179 1.97253 2.18179 1.97253 19184 0 0.0240327
112.889 57920 60816 0.242932 2.18179 1.97296 2.18179 1.97296 19227 0 0.0252338
113.329 60816 55024 0.219721 2.00185 1.97307 2.00185 1.97307 19303 0 0.0257054
113.562 59368 57920 0.228695 1.98773 1.9731 1.98773 1.9731 19343 0 0.0250283
113.792 56472 56472 0.23576 1.96847 1.97309 1.96847 1.97309 19382 0 0.0256179
114.009 50680 53576 0.249245 2.02397 1.97319 2.02397 1.97319 19420 0 0.0272313
114.215 47784 47784 0.23639 1.91105 1.97307 1.91105 1.97307 19454 0 0.0276864
114.424 49232 44888 0.226572 1.77296 1.97271 1.77296 1.97271 19486 0 0.0280783
114.638 47784 46336 0.231215 1.78728 1.97236 1.78728 1.97236 19519 0 0.0278096
114.857 50680 44888 0.218727 1.64206 1.97173 1.64206 1.97173 19550 0 0.0281199
115.08 46336 47784 0.243879 1.76224 1.97133 1.76224 1.97133 19584 0 0.0281266
115.307 41992 43440 0.253183 1.58124 1.97056 1.58124 1.97056 19615 0 0.0297117
115.344 40544 39096 0.228577 8.67643 1.97265 8.67643 1.97265 19642 0 0.0295364
115.557 57920 37648 0.218198 1.46232 1.97171 1.46232 1.97171 19669 0 0.0337932
115.768 59368 55024 0.213621 2.09336 1.97193 2.09336 1.97193 19707 0 0.0256628
115.997 57920 56472 0.229089 1.96847 1.97192 1.96847 1.97192 19746 0 0.0253689
116.224 55024 55024 0.235474 1.98931 1.97196 1.98931 1.97196 19785 0 0.0259448
116.449 57920 52128 0.227683 1.85592 1.97173 1.85592 1.97173 19821 0 0.0264427
116.662 60816 55024 0.217941 2.06971 1.97191 2.06971 1.97191 19859 0 0.0257096
116.877 63712 57920 0.217387 2.1543 1.97225 2.1543 1.97225 19899 0 0.0250427
117.097 65160 60816 0.221313 2.21257 1.9727 2.21257 1.9727 19941 0 0.0242938
117.317 66608 62264 0.223027 2.26525 1.97325 2.26525 1.97325 19984 0 0.0239743
117.547 62264 63712 0.239185 2.25949 1.97381 2.25949 1.97381 20029 0 0.0242302
117.772 57920 59368 0.230079 2.11369 1.97408 2.11369 1.97408 20070 0 0.0249446
117.989 55024 55024 0.233469 2.07723 1.97427 2.07723 1.97427 20109 0 0.0258867
118.202 57920 52128 0.216511 1.96078 1.97424 1.96078 1.97424 20145 0 0.0263958
118.414 59368 55024 0.213501 2.08147 1.97443 2.08147 1.97443 20183 0 0.0256644
118.629 62264 56472 0.216482 2.10044 1.97466 2.10044 1.97466 20222 0 0.0253818
118.849 57920 59368 0.236593 2.21257 1.9751 2.21257 1.9751 20264 0 0.0251184
119.07 53576 55024 0.241426 2.04336 1.97523 2.04336 1.97523 20303 0 0.026303
119.28 56472 50680 0.219013 1.9281 1.97515 1.9281 1.97515 20338 0 0.0267271
119.52 53576 53576 0.236684 1.83169 1.97486 1.83169 1.97486 20376 0 0.0263217
119.762 44888 50680 0.265719 1.72665 1.97436 1.72665 1.97436 20412 0 0.0297036
119.983 39096 41992 0.26088 1.57182 1.97362 1.57182 1.97362 20442 0 0.0308316
120.189 36200 36200 0.239273 1.46139 1.97274 1.46139 1.97274 20468 0 0.0306446
120.191 37648 33304 0.234864 0 1.9727 0 1.9727 20468 0 0.0311469
120.393 36200 34752 0.229491 1.43874 1.97181 1.43874 1.97181 20493 0 0.0306469
120.595 37648 33304 0.209254 1.31983 1.97071 1.31983 1.97071 20516 0 0.0310414
120.807 39096 34752 0.228185 1.36165 1.96964 1.36165 1.96964 20541 0 0.0306238
120.836 41992 36200 0.217878 10.0422 1.97157 10.0422 1.97157 20566 0 0.0302776
121.056 43440 39096 0.221368 1.47505 1.97067 1.47505 1.97067 20594 0 0.0294647
121.278 41992 40544 0.228913 1.51121 1.96982 1.51121 1.96982 20623 0 0.029182
121.504 40544 39096 0.228221 1.38454 1.96874 1.38454 1.96874 20650 0 0.0295304
121.724 39096 37648 0.229134 1.42237 1.96775 1.42237 1.96775 20677 0 0.0299087
121.94 57920 36200 0.220564 1.33896 1.96663 1.33896 1.96663 20702 0 0.0348481
122.164 56472 55024 0.230723 2.02139 1.96673 2.02139 1.96673 20741 0 0.0257371
122.409 57920 53576 0.244005 1.74852 1.9663 1.74852 1.9663 20778 0 0.0265364
122.636 53576 55024 0.241499 1.98931 1.96634 1.98931 1.96634 20817 0 0.0263061
122.845 56472 50680 0.217868 1.93918 1.96629 1.93918 1.96629 20852 0 0.0267307
123.064 57920 53576 0.22534 2.01285 1.96638 2.01285 1.96638 20890 0 0.0259887
123.286 55024 55024 0.231944 2.03232 1.96649 2.03232 1.96649 20929 0 0.025848
123.519 52128 52128 0.232443 1.78895 1.96616 1.78895 1.96616 20965 0 0.0265385
123.738 53576 49232 0.225706 1.80097 1.96587 1.80097 1.96587 20999 0 0.0270202
123.943 55024 50680 0.213505 1.9732 1.96588 1.9732 1.96588 21034 0 0.0266852
124.156 56472 52128 0.223782 2.01524 1.96596 2.01524 1.96596 21071 0 0.0263148
124.376 59368 53576 0.219299 1.94917 1.96593 1.94917 1.96593 21108 0 0.0260439
124.604 55024 56472 0.240137 2.02957 1.96605 2.02957 1.96605 21148 0 0.0259136
124.837 49232 52128 0.248077 1.83865 1.96581 1.83865 1.96581 21185 0 0.0275047
125.06 47784 46336 0.229878 1.66754 1.96528 1.66754 1.96528 21217 0 0.0277814
125.27 57920 44888 0.218582 1.70774 1.96485 1.70774 1.96485 21248 0 0.029368
125.48 56472 55024 0.229852 2.14845 1.96516 2.14845 1.96516 21287 0 0.0257192
125.713 57920 53576 0.224195 1.83865 1.96492 1.83865 1.96492 21324 0 0.0259778
125.939 50680 55024 0.25346 1.99989 1.96499 1.99989 1.96499 21363 0 0.0274071
126.154 49232 47784 0.229004 1.7773 1.96467 1.7773 1.96467 21396 0 0.0274157
126.359 46336 46336 0.234671 1.87139 1.96452 1.87139 1.96452 21429 0 0.0279822
126.397 47784 43440 0.20803 9.03795 1.96667 9.03795 1.96667 21459 0 0.028532
126.601 57920 44888 0.206815 1.75797 1.96633 1.75797 1.96633 21490 0 0.0295398
127.048 56472 55024 0.230449 1.99548 1.96643 1.99548 1.96643 21567 0 0.0257313
127.277 55024 53576 0.230867 1.87736 1.96627 1.87736 1.96627 21604 0 0.0260783
127.491 56472 52128 0.22342 2.00392 1.96634 2.00392 1.96634 21641 0 0.0263122
127.696 57920 53576 0.209925 2.08595 1.96653 2.08595 1.96653 21678 0 0.0260617
127.905 60816 55024 0.215972 2.1608 1.96685 2.1608 1.96685 21717 0 0.0257215
128.147 56472 57920 0.236749 1.9185 1.96676 1.9185 1.96676 21757 0 0.025455
128.386 52128 53576 0.242121 1.79245 1.96643 1.79245 1.96643 21794 0 0.0266713
128.61 49232 49232 0.237747 1.80437 1.96615 1.80437 1.96615 21829 0 0.0273858
128.816 57920 46336 0.213719 1.80407 1.96589 1.80407 1.96589 21861 0 0.0286936
129.042 59368 55024 0.221314 1.94861 1.96586 1.94861 1.96586 21899 0 0.0256239
129.277 56472 56472 0.235749 1.91826 1.96577 1.91826 1.96577 21938 0 0.0256175
129.514 50680 53576 0.250003 1.85958 1.96558 1.85958 1.96558 21976 0 0.0272763
129.734 46336 47784 0.23953 1.79113 1.96528 1.79113 1.96528 22010 0 0.0279379
129.944 47784 43440 0.226567 1.70774 1.96487 1.70774 1.96487 22041 0 0.0284319
130.146 49232 44888 0.208585 1.7789 1.96458 1.7789 1.96458 22072 0 0.0281654
130.36 50680 46336 0.222705 1.78728 1.96429 1.78728 1.96429 22105 0 0.0276911
130.593 52128 47784 0.226405 1.63988 1.96371 1.63988 1.96371 22138 0 0.0273757
130.826 57920 49232 0.24982 1.73926 1.96331 1.73926 1.96331 22173 0 0.0282928
131.054 55024 55024 0.235144 1.9281 1.96325 1.9281 1.96325 22211 0 0.0259347
131.288 57920 52128 0.235283 1.78895 1.96294 1.78895 1.96294 22247 0 0.0266172
131.506 56472 55024 0.230564 2.01285 1.96302 2.01285 1.96302 22285 0 0.0257337
131.73 57920 53576 0.224278 1.91773 1.96294 1.91773 1.96294 22322 0 0.0259785
131.95 52128 55024 0.247599 2.05453 1.9631 2.05453 1.9631 22361 0 0.0267997
131.995 57920 49232 0.224202 8.62569 1.9654 8.62569 1.9654 22395 0 0.0274212
132.209 60816 55024 0.21717 2.05808 1.96555 2.05808 1.96555 22433 0 0.0257133
132.427 57920 57920 0.219637 2.13049 1.96582 2.13049 1.96582 22473 0 0.025036
132.649 59368 55024 0.224166 1.98021 1.96585 1.98021 1.96585 22511 0 0.0256395
132.87 60816 56472 0.223554 2.04336 1.96597 2.04336 1.96597 22550 0 0.0252989
133.107 56472 57920 0.240736 2.00639 1.96605 2.00639 1.96605 22591 0 0.0256045
133.339 57920 53576 0.23521 1.84817 1.96584 1.84817 1.96584 22628 0 0.0261915
133.565 55024 55024 0.233844 1.99989 1.9659 1.99989 1.9659 22667 0 0.025897
133.787 56472 52128 0.225811 1.87599 1.96575 1.87599 1.96575 22703 0 0.0263342
134.007 57920 53576 0.222568 1.94917 1.96572 1.94917 1.96572 22740 0 0.0259668
134.23 55024 55024 0.231247 2.02139 1.96581 2.02139 1.96581 22779 0 0.0258318
134.451 56472 52128 0.22447 1.88618 1.96568 1.88618 1.96568 22815 0 0.0263205
134.67 57920 53576 0.22156 1.95988 1.96567 1.95988 1.96567 22852 0 0.0259626
134.891 56472 55024 0.230814 2.04336 1.9658 2.04336 1.9658 22891 0 0.0257391
135.115 57920 53576 0.225713 1.91773 1.96572 1.91773 1.96572 22928 0 0.0259928
135.336 55024 55024 0.232956 2.04336 1.96585 2.04336 1.96585 22967 0 0.0258732
135.557 57920 52128 0.224277 1.88618 1.96572 1.88618 1.96572 23003 0 0.0264019
135.772 60816 55024 0.219277 2.04658 1.96585 2.04658 1.96585 23041 0 0.0257058
135.993 62264 57920 0.221619 2.09576 1.96606 2.09576 1.96606 23081 0 0.0249553
136.215 57920 59368 0.225154 2.13654 1.96634 2.13654 1.96634 23122 0 0.0248696
136.439 53576 55024 0.241019 2.02139 1.96643 2.02139 1.96643 23161 0 0.0262857
136.659 57920 50680 0.223013 1.84381 1.96623 1.84381 1.96623 23196 0 0.0268739
136.889 53576 55024 0.241211 1.95822 1.96622 1.95822 1.96622 23235 0 0.0262939
137.123 57920 50680 0.236005 1.73926 1.96583 1.73926 1.96583 23270 0 0.0271209
137.338 52128 55024 0.25018 2.10044 1.96604 2.10044 1.96604 23309 0 0.0269488
137.548 53576 49232 0.221255 1.87301 1.9659 1.87301 1.9659 23343 0 0.0269893
137.589 55024 50680 0.209199 9.92402 1.96826 9.92402 1.96826 23378 0 0.0267596
137.8 56472 52128 0.21354 2.02669 1.96835 2.02669 1.96835 23415 0 0.0263422
138.021 57920 53576 0.222416 1.93857 1.9683 1.93857 1.9683 23452 0 0.025966
138.248 55024 55024 0.231596 1.98931 1.96834 1.98931 1.96834 23491 0 0.0258398
138.476 53576 52128 0.229561 1.83628 1.96812 1.83628 1.96812 23527 0 0.0263919
138.704 57920 50680 0.23047 1.77588 1.96781 1.77588 1.96781 23562 0 0.0269744
138.921 59368 55024 0.224808 2.07723 1.96798 2.07723 1.96798 23601 0 0.0256453
139.136 62264 56472 0.218548 2.10044 1.96818 2.10044 1.96818 23640 0 0.0253716
139.353 63712 59368 0.222355 2.24945 1.96862 2.24945 1.96862 23682 0 0.0246268
139.568 65160 60816 0.221805 2.31587 1.96915 2.31587 1.96915 23725 0 0.0242953
139.782 68056 62264 0.216735 2.32888 1.9697 2.32888 1.9697 23768 0 0.0240589
140.003 66608 65160 0.226527 2.41012 1.9704 2.41012 1.9704 23814 0 0.0233604
140.227 63712 63712 0.231259 2.3199 1.97096 2.3199 1.97096 23859 0 0.0238503
140.445 65160 60816 0.221065 2.23702 1.97137 2.23702 1.97137 23901 0 0.0242932
140.656 66608 62264 0.215024 2.35534 1.97195 2.35534 1.97195 23944 0 0.0239899
140.874 68056 63712 0.224144 2.3968 1.9726 2.3968 1.9726 23989 0 0.0236575
141.096 69504 65160 0.223701 2.34498 1.97319 2.34498 1.97319 24034 0 0.0233315
141.322 65160 66608 0.2342 2.41012 1.97389 2.41012 1.97389 24081 0 0.0234209
141.542 66608 62264 0.224496 2.26525 1.97434 2.26525 1.97434 24124 0 0.0239853
141.76 65160 63712 0.227209 2.3968 1.97499 2.3968 1.97499 24169 0 0.0236923
141.982 66608 62264 0.223424 2.24076 1.97541 2.24076 1.97541 24212 0 0.0239768
142.203 57920 63712 0.232079 2.35773 1.976 2.35773 1.976 24257 0 0.0247566
142.423 59368 55024 0.223161 2.00185 1.97604 2.00185 1.97604 24295 0 0.0256321
142.631 60816 56472 0.213062 2.17329 1.97633 2.17329 1.97633 24334 0 0.0253344
142.847 59368 57920 0.226268 2.19589 1.97666 2.19589 1.97666 24375 0 0.024992
143.076 57920 56472 0.225742 1.96847 1.97665 1.96847 1.97665 24414 0 0.0253193
143.302 52128 55024 0.242927 1.99989 1.97668 1.99989 1.97668 24453 0 0.0265637
143.517 53576 49232 0.224053 1.83115 1.97647 1.83115 1.97647 24487 0 0.0270041
143.724 55024 50680 0.212454 1.96173 1.97644 1.96173 1.97644 24522 0 0.0266999
143.94 53576 52128 0.2298 1.98165 1.97645 1.98165 1.97645 24559 0 0.0263965
144.163 55024 50680 0.221075 1.82387 1.97622 1.82387 1.97622 24594 0 0.0266441
144.384 49232 52128 0.243601 1.93857 1.97616 1.93857 1.97616 24631 0 0.0272734
144.598 50680 46336 0.224414 1.73312 1.9758 1.73312 1.9758 24663 0 0.0277033
144.636 57920 47784 0.212993 9.94174 1.97792 9.94174 1.97792 24696 0 0.0280491
144.848 59368 55024 0.213847 2.13624 1.97815 2.13624 1.97815 24735 0 0.02566
145.07 60816 56472 0.223408 2.03232 1.97823 2.03232 1.97823 24774 0 0.0252979
145.297 57920 57920 0.232003 2.09132 1.97841 2.09132 1.97841 24815 0 0.0251799
145.521 56472 55024 0.226541 1.96956 1.9784 1.96956 1.9784 24853 0 0.0256649
145.734 59368 53576 0.217704 2.00392 1.97843 2.00392 1.97843 24890 0 0.0260486
145.95 60816 56472 0.221087 2.1543 1.97869 2.1543 1.97869 24930 0 0.0252875
146.169 59368 57920 0.225699 2.15989 1.97896 2.15989 1.97896 24971 0 0.0249852
146.393 60816 56472 0.225474 2.02139 1.97903 2.02139 1.97903 25010 0 0.0253163
146.615 59368 57920 0.229208 2.13654 1.97927 2.13654 1.97927 25051 0 0.0250375
146.83 62264 56472 0.219381 2.10044 1.97945 2.10044 1.97945 25090 0 0.0253699
147.044 63712 59368 0.221444 2.27472 1.97988 2.27472 1.97988 25132 0 0.0246233
147.266 57920 60816 0.228512 2.24076 1.98027 2.24076 1.98027 25175 0 0.0247804
147.495 56472 55024 0.229439 1.9281 1.98019 1.9281 1.98019 25213 0 0.0257112
147.721 55024 53576 0.227979 1.89733 1.98006 1.89733 1.98006 25250 0 0.0260239
147.939 53576 52128 0.229688 1.95988 1.98003 1.95988 1.98003 25287 0 0.0263943
148.145 55024 50680 0.212178 1.9732 1.98002 1.9732 1.98002 25322 0 0.0267042
148.356 57920 52128 0.219409 2.02669 1.98009 2.02669 1.98009 25359 0 0.026384
148.599 55024 55024 0.234969 1.81356 1.97982 1.81356 1.97982 25397 0 0.0259294
148.833 50680 52128 0.239879 1.77978 1.9795 1.77978 1.9795 25433 0 0.0269175
149.053 49232 47784 0.228289 1.73845 1.97915 1.73845 1.97915 25466 0 0.0274033
149.259 50680 46336 0.22543 1.86044 1.97898 1.86044 1.97898 25499 0 0.0277133
149.459 57920 47784 0.206322 1.91054 1.97889 1.91054 1.97889 25532 0 0.0281871
149.66 60816 55024 0.216333 2.24443 1.97925 2.24443 1.97925 25571 0 0.0257188
149.874 62264 57920 0.212224 2.1664 1.97952 2.1664 1.97952 25611 0 0.0250131
150.105 63712 59368 0.222946 2.05864 1.97964 2.05864 1.97964 25652 0 0.0246299
150.345 57920 60816 0.254646 2.0727 1.97979 2.0727 1.97979 25695 0 0.0259083
150.786 59368 55024 0.224906 1.99639 1.97983 1.99639 1.97983 25771 0 0.0256462
150.834 62264 56472 0.217294 9.39947 1.9822 9.39947 1.9822 25810 0 0.0253768
151.061 60816 59368 0.228905 2.14233 1.98244 2.14233 1.98244 25852 0 0.0247006
151.294 56472 57920 0.237226 2.03742 1.98252 2.03742 1.98252 25893 0 0.0254712
151.515 55024 53576 0.226637 1.93857 1.98246 1.93857 1.98246 25930 0 0.0260043
151.728 57920 52128 0.218097 2.01524 1.98251 2.01524 1.98251 25967 0 0.0263873
151.942 60816 55024 0.216392 2.05808 1.98261 2.05808 1.98261 26005 0 0.0257183
152.163 62264 57920 0.222823 2.09576 1.98278 2.09576 1.98278 26045 0 0.0249606
152.399 57920 59368 0.23627 2.01663 1.98283 2.01663 1.98283 26086 0 0.0251078
152.624 55024 55024 0.232692 1.99989 1.98285 1.99989 1.98285 26125 0 0.0258664
152.834 56472 52128 0.213759 1.99458 1.98287 1.99458 1.98287 26161 0 0.0263394
153.04 57920 53576 0.20943 2.07382 1.98299 2.07382 1.98299 26198 0 0.0260719
153.254 60816 55024 0.219099 2.11224 1.98317 2.11224 1.98317 26237 0 0.0257061
153.475 62264 57920 0.222437 2.09576 1.98334 2.09576 1.98334 26277 0 0.0249586
153.706 59368 59368 0.231425 2.05864 1.98345 2.05864 1.98345 26318 0 0.024835
153.934 55024 56472 0.236605 2.02957 1.98352 2.02957 1.98352 26358 0 0.0257838
154.148 56472 52128 0.22454 2.00392 1.98355 2.00392 1.98355 26395 0 0.0263211
154.35 59368 53576 0.207032 2.1232 1.98373 2.1232 1.98373 26432 0 0.0262115
154.56 62264 56472 0.21655 2.20354 1.98403 2.20354 1.98403 26472 0 0.0253814
154.777 63712 59368 0.223387 2.24945 1.9844 2.24945 1.9844 26514 0 0.0246327
154.994 62264 60816 0.225684 2.29028 1.98483 2.29028 1.98483 26557 0 0.0243244
155.22 60816 59368 0.226495 2.10244 1.985 2.10244 1.985 26598 0 0.0246635
155.458 55024 57920 0.243577 1.99626 1.98502 1.99626 1.98502 26639 0 0.0259244
155.696 50680 52128 0.239914 1.75281 1.98466 1.75281 1.98466 26675 0 0.0269189
155.914 49232 47784 0.226459 1.748 1.98433 1.748 1.98433 26708 0 0.0273763
156.131 47784 46336 0.228097 1.76742 1.98403 1.76742 1.98403 26741 0 0.0277493
156.358 49232 44888 0.225707 1.58124 1.98344 1.58124 1.98344 26772 0 0.0280677
156.585 44888 46336 0.239572 1.68326 1.98301 1.68326 1.98301 26805 0 0.0282886
156.811 43440 41992 0.229981 1.4871 1.98229 1.4871 1.98229 26834 0 0.0288442
157.032 40544 40544 0.237106 1.51942 1.98164 1.51942 1.98164 26863 0 0.0294783
157.248 57920 37648 0.222316 1.39251 1.98083 1.39251 1.98083 26889 0 0.0337953
157.464 60816 55024 0.218482 2.03521 1.98091 2.03521 1.98091 26927 0 0.0257076
157.694 57920 57920 0.230644 2.01895 1.98096 2.01895 1.98096 26967 0 0.0251491
158.133 59368 55024 0.224121 2.00733 1.98103 2.00733 1.98103 27043 0 0.0256391
158.178 62264 56472 0.217008 9.89418 1.98332 9.89418 1.98332 27082 0 0.0253784
158.396 65160 59368 0.219628 2.23702 1.98367 2.23702 1.98367 27124 0 0.0247046
158.62 63712 62264 0.228329 2.26835 1.98407 2.26835 1.98407 27168 0 0.0240345
158.849 60816 60816 0.232168 2.18179 1.98435 2.18179 1.98435 27211 0 0.0245233
159.075 57920 57920 0.228543 2.05117 1.98445 2.05117 1.98445 27251 0 0.0251088
159.296 59368 55024 0.223851 1.99097 1.98446 1.99097 1.98446 27289 0 0.025637
159.512 62264 56472 0.21917 2.08877 1.9846 2.08877 1.9846 27328 0 0.0253702
159.729 63712 59368 0.222481 2.23702 1.98494 2.23702 1.98494 27370 0 0.0246274
159.951 62264 60816 0.225765 2.25294 1.98531 2.25294 1.98531 27413 0 0.0243253
160.173 63712 59368 0.224715 2.13654 1.98552 2.13654 1.98552 27454 0 0.0246435
160.399 60816 60816 0.230645 2.205 1.98583 2.205 1.98583 27497 0 0.0244886
160.615 62264 57920 0.220251 2.14233 1.98604 2.14233 1.98604 27537 0 0.0249527
160.827 63712 59368 0.214522 2.24579 1.98639 2.24579 1.98639 27578 0 0.0246513
161.054 60816 60816 0.230937 2.19334 1.98668 2.19334 1.98668 27621 0 0.0244949
161.281 57920 57920 0.22949 2.04031 1.98675 2.04031 1.98675 27661 0 0.0251259
161.498 59368 55024 0.221582 2.02397 1.9868 2.02397 1.9868 27699 0 0.0256246
161.723 60816 56472 0.225161 2.01058 1.98684 2.01058 1.98684 27738 0 0.0253129
161.954 56472 57920 0.237848 2.05864 1.98694 2.05864 1.98694 27779 0 0.025493
162.172 57920 53576 0.224522 1.95988 1.9869 1.95988 1.9869 27816 0 0.0259806
162.622 56472 55024 0.227442 1.9848 1.9869 1.9848 1.9869 27893 0 0.0256775
162.842 57920 53576 0.223992 1.94917 1.98685 1.94917 1.98685 27930 0 0.0259761
163.057 56472 55024 0.227781 2.10044 1.98699 2.10044 1.98699 27969 0 0.0256827
163.272 59368 53576 0.218313 1.99272 1.987 1.99272 1.987 28006 0 0.0260462
163.503 55024 56472 0.236527 2.00843 1.98703 2.00843 1.98703 28046 0 0.0257812
163.733 49232 52128 0.244453 1.8578 1.98685 1.8578 1.98685 28083 0 0.0273143
163.951 50680 46336 0.225147 1.70439 1.98648 1.70439 1.98648 28115 0 0.0277103
164.16 53576 47784 0.214432 1.82837 1.98627 1.82837 1.98627 28148 0 0.0274488
164.375 52128 50680 0.228211 1.93887 1.98621 1.93887 1.98621 28184 0 0.0267104
164.598 49232 49232 0.236214 1.81407 1.98598 1.81407 1.98598 28219 0 0.0273338
164.824 57920 46336 0.226874 1.64093 1.98551 1.64093 1.98551 28251 0 0.0287014
165.047 59368 55024 0.225628 1.98021 1.9855 1.98021 1.9855 28289 0 0.0256538
165.278 56472 56472 0.231853 1.94808 1.98545 1.94808 1.98545 28328 0 0.02551
165.507 49232 53576 0.255152 1.9281 1.98537 1.9281 1.98537 28366 0 0.0278612
165.722 43440 46336 0.247626 1.7773 1.9851 1.7773 1.9851 28399 0 0.0288628
165.931 57920 40544 0.214716 1.55134 1.98455 1.55134 1.98455 28427 0 0.0318753
166.182 60816 55024 0.218583 3.50563 1.98685 3.50563 1.98685 28503 0 0.0257073
166.414 57920 57920 0.232805 1.99803 1.98686 1.99803 1.98686 28543 0 0.0251998
166.653 53576 55024 0.240794 1.8409 1.98666 1.8409 1.98666 28581 0 0.0262763
166.884 50680 50680 0.233995 1.75738 1.98634 1.75738 1.98634 28616 0 0.026922
167.094 53576 47784 0.218202 1.87301 1.9862 1.87301 1.9862 28650 0 0.027421
167.298 55024 50680 0.210136 2.04734 1.98627 2.04734 1.98627 28686 0 0.0267403
167.514 57920 52128 0.220469 1.98165 1.98626 1.98165 1.98626 28723 0 0.0263839
167.742 56472 55024 0.229174 1.9281 1.98619 1.9281 1.98619 28761 0 0.0257063
167.979 52128 53576 0.237977 1.81065 1.98594 1.81065 1.98594 28798 0 0.0265052
168.201 50680 49232 0.230981 1.82387 1.98572 1.82387 1.98572 28833 0 0.0271083
168.403 52128 47784 0.208303 1.89367 1.98561 1.89367 1.98561 28866 0 0.0274714
168.609 53576 49232 0.212159 1.96726 1.98559 1.96726 1.98559 28901 0 0.0270492
168.818 55024 50680 0.210867 1.94459 1.98554 1.94459 1.98554 28936 0 0.0267264
169.033 56472 52128 0.221107 1.99272 1.98555 1.99272 1.98555 28973 0 0.0263017
169.256 57920 53576 0.224355 1.91773 1.98546 1.91773 1.98546 29010 0 0.0259792
169.49 53576 55024 0.239377 1.93803 1.98539 1.93803 1.98539 29049 0 0.0262194
169.713 52128 50680 0.228802 1.81407 1.98517 1.81407 1.98517 29084 0 0.0267204
169.925 53576 49232 0.223614 1.91714 1.98508 1.91714 1.98508 29119 0 0.0270008
170.134 55024 50680 0.212742 1.93918 1.98503 1.93918 1.98503 29154 0 0.0266957
170.368 52128 52128 0.236918 1.82922 1.98481 1.82922 1.98481 29191 0 0.0266699
170.601 49232 49232 0.236021 1.68957 1.98441 1.68957 1.98441 29225 0 0.0273276
170.817 50680 46336 0.224688 1.71386 1.98407 1.71386 1.98407 29257 0 0.0277058
171.028 53576 47784 0.21547 1.81792 1.98386 1.81792 1.98386 29290 0 0.0274383
171.268 49232 50680 0.241259 1.73529 1.98351 1.73529 1.98351 29326 0 0.0273167
171.503 43440 46336 0.25349 1.62314 1.98302 1.62314 1.98302 29359 0 0.0292212
171.721 41992 40544 0.229036 1.49134 1.9824 1.49134 1.9824 29387 0 0.0291842
171.929 57920 39096 0.215095 1.50458 1.98182 1.50458 1.98182 29414 0 0.0328139
172.145 56472 55024 0.22916 2.08877 1.98195 2.08877 1.98195 29453 0 0.025706
172.377 55024 53576 0.231278 1.84817 1.98177 1.84817 1.98177 29490 0 0.0260874
172.604 49232 52128 0.250305 1.88729 1.98165 1.88729 1.98165 29527 0 0.0276347
172.82 47784 46336 0.227027 1.71386 1.98131 1.71386 1.98131 29559 0 0.0277332
173.028 50680 44888 0.214739 1.72748 1.98101 1.72748 1.98101 29590 0 0.028146
173.241 49232 47784 0.232205 1.85184 1.98085 1.85184 1.98085 29624 0 0.0274836
173.461 44888 46336 0.241241 1.73845 1.98054 1.73845 1.98054 29657 0 0.0283567
173.499 46336 41992 0.222508 8.73668 1.98204 8.73668 1.98204 29686 0 0.0287508
173.723 47784 43440 0.225359 1.60675 1.98156 1.60675 1.98156 29717 0 0.0284175
173.945 49232 44888 0.224919 1.61543 1.98109 1.61543 1.98109 29748 0 0.0280593
174.163 50680 46336 0.224787 1.75766 1.98081 1.75766 1.98081 29781 0 0.0277067
174.38 52128 47784 0.220548 1.75766 1.98053 1.75766 1.98053 29814 0 0.0273349
174.605 50680 49232 0.230465 1.80437 1.98031 1.80437 1.98031 29849 0 0.0270972
174.831 49232 47784 0.228462 1.69221 1.97993 1.69221 1.97993 29882 0 0.0274062
175.051 47784 46336 0.22881 1.73845 1.97963 1.73845 1.97963 29915 0 0.0277614
175.262 50680 44888 0.216404 1.69804 1.97929 1.69804 1.97929 29946 0 0.0281312
175.471 53576 47784 0.21803 1.88377 1.97918 1.88377 1.97918 29980 0 0.0274217
175.69 55024 50680 0.22543 1.90691 1.97909 1.90691 1.97909 30016 0 0.0266725
175.918 52128 52128 0.235031 1.87736 1.97895 1.87736 1.97895 30053 0 0.0266096
176.145 50680 49232 0.230245 1.73427 1.97864 1.73427 1.97864 30087 0 0.0270927
176.362 52128 47784 0.221621 1.76742 1.97838 1.76742 1.97838 30120 0 0.0273373
176.577 53576 49232 0.22558 1.88501 1.97827 1.88501 1.97827 30155 0 0.0270188
176.79 56472 50680 0.217623 1.8956 1.97817 1.8956 1.97817 30190 0 0.0267318
177.013 55024 53576 0.230875 1.98021 1.97817 1.98021 1.97817 30228 0 0.0260785
177.237 52128 52128 0.236236 1.90747 1.97808 1.90747 1.97808 30265 0 0.0266473
177.462 50680 49232 0.227143 1.75281 1.97779 1.75281 1.97779 30299 0 0.0270387
177.675 53576 47784 0.21969 1.79738 1.97758 1.79738 1.97758 30332 0 0.0274179
177.892 52128 50680 0.229216 1.91744 1.9775 1.91744 1.9775 30368 0 0.0267279
178.116 49232 49232 0.236215 1.81407 1.9773 1.81407 1.9773 30403 0 0.0273338
178.341 50680 46336 0.226535 1.64971 1.97689 1.64971 1.97689 30435 0 0.0277265
178.563 52128 47784 0.224877 1.71965 1.97657 1.71965 1.97657 30468 0 0.0273584
178.786 47784 49232 0.241766 1.81407 1.97636 1.81407 1.97636 30503 0 0.0276833
179.007 49232 44888 0.226724 1.62421 1.97593 1.62421 1.97593 30534 0 0.0280804
179.226 46336 46336 0.239072 1.748 1.97565 1.748 1.97565 30567 0 0.0281307
179.444 47784 43440 0.222899 1.59787 1.97519 1.59787 1.97519 30597 0 0.0283971
179.666 50680 44888 0.219144 1.61543 1.97475 1.61543 1.97475 30628 0 0.0281191
179.893 57920 47784 0.249664 1.73427 1.97444 1.73427 1.97444 30662 0 0.02888
180.12 50680 55024 0.25717 1.98931 1.97446 1.98931 1.97446 30701 0 0.0276692
180.166 47784 47784 0.235868 8.372 1.97608 8.372 1.97608 30734 0 0.0276696
180.556 43440 44888 0.245147 0.949216 1.97386 0.949216 1.97386 30766 0 0.0288893
180.783 57920 40544 0.238981 1.47923 1.97324 1.47923 1.97324 30795 0 0.0322076
180.817 56472 55024 0.227007 13.0835 1.97531 13.0835 1.97531 30833 0 0.0256712
181.053 53576 53576 0.236509 1.81989 1.97511 1.81989 1.97511 30870 0 0.0263159
181.457 46336 50680 0.257312 1.02984 1.973 1.02984 1.973 30906 0 0.0287006
181.668 41992 43440 0.244078 1.70774 1.97269 1.70774 1.97269 30937 0 0.0291903
181.704 43440 39096 0.210693 8.67643 1.97402 8.67643 1.97402 30964 0 0.0295494
181.909 44888 40544 0.208306 1.63494 1.97364 1.63494 1.97364 30993 0 0.0292393
182.12 46336 41992 0.211885 1.59757 1.9732 1.59757 1.9732 31022 0 0.0288104
182.339 47784 43440 0.225065 1.63309 1.97279 1.63309 1.97279 31053 0 0.0284144
182.561 49232 44888 0.223555 1.62421 1.97237 1.62421 1.97237 31084 0 0.0280478
182.785 57920 46336 0.231909 1.70126 1.97204 1.70126 1.97204 31117 0 0.028796
183.229 56472 55024 0.226266 1.98557 1.97207 1.98557 1.97207 31193 0 0.0256614
183.441 59368 53576 0.218328 2.01524 1.97212 2.01524 1.97212 31230 0 0.0260462
183.65 62264 56472 0.220064 2.2162 1.9724 2.2162 1.9724 31270 0 0.0253695
183.87 60816 59368 0.227177 2.21257 1.97269 2.21257 1.97269 31312 0 0.0246728
184.096 57920 57920 0.234693 2.10244 1.97284 2.10244 1.97284 31353 0 0.0252517
184.326 56472 55024 0.23054 1.918 1.97278 1.918 1.97278 31391 0 0.0257332
184.552 57920 53576 0.228806 1.89733 1.97268 1.89733 1.97268 31428 0 0.0260377
184.772 55024 55024 0.234893 2.05453 1.97278 2.05453 1.97278 31467 0 0.0259271
184.99 56472 52128 0.222518 1.90691 1.9727 1.90691 1.9727 31503 0 0.0263068
185.21 57920 53576 0.220928 1.94917 1.97268 1.94917 1.97268 31540 0 0.0259611
185.435 53576 55024 0.238403 2.01058 1.97272 2.01058 1.97272 31579 0 0.0261826
185.661 52128 50680 0.22851 1.79477 1.9725 1.79477 1.9725 31614 0 0.0267154
185.882 47784 49232 0.240155 1.83379 1.97234 1.83379 1.97234 31649 0 0.0276157
186.097 49232 44888 0.221974 1.66958 1.97199 1.66958 1.97199 31680 0 0.028039
186.316 46336 46336 0.234478 1.748 1.97173 1.748 1.97173 31713 0 0.0279766
186.54 47784 43440 0.223998 1.5466 1.97121 1.5466 1.97121 31743 0 0.0284047
186.764 49232 44888 0.224795 1.60675 1.97078 1.60675 1.97078 31774 0 0.0280581
186.99 44888 46336 0.251185 1.69221 1.97044 1.69221 1.97044 31807 0 0.0288781
187.028 57920 41992 0.231146 8.73668 1.97183 8.73668 1.97183 31836 0 0.0310868
187.243 60816 55024 0.219301 2.10044 1.97198 2.10044 1.97198 31875 0 0.0257058
187.462 62264 57920 0.221146 2.11879 1.97215 2.11879 1.97215 31915 0 0.024954
187.693 59368 59368 0.231136 2.05864 1.97226 2.05864 1.97226 31956 0 0.0248285
187.927 55024 56472 0.240841 1.97753 1.97227 1.97753 1.97227 31996 0 0.0259424
188.153 57920 52128 0.234297 1.89733 1.97218 1.89733 1.97218 32033 0 0.0265881
188.367 60816 55024 0.21881 2.05808 1.97227 2.05808 1.97227 32071 0 0.0257067
188.578 65160 57920 0.214924 2.19102 1.97252 2.19102 1.97252 32111 0 0.0252002
188.793 68056 62264 0.217153 2.31587 1.97291 2.31587 1.97291 32154 0 0.0240564
189.012 66608 65160 0.227315 2.4366 1.97345 2.4366 1.97345 32200 0 0.0233713
189.235 63712 63712 0.231695 2.33237 1.97387 2.33237 1.97387 32245 0 0.0238603
189.451 66608 60816 0.219687 2.26201 1.9742 2.26201 1.9742 32287 0 0.0243753
189.66 68056 63712 0.212907 2.43782 1.97471 2.43782 1.97471 32331 0 0.0236907
189.865 70952 65160 0.210283 2.53697 1.97532 2.53697 1.97532 32376 0 0.0234954
190.08 72400 68056 0.223195 2.58516 1.97601 2.58516 1.97601 32424 0 0.0226896
190.305 68056 69504 0.233415 2.52611 1.97666 2.52611 1.97666 32473 0 0.0227653
190.528 66608 65160 0.226622 2.33237 1.97707 2.33237 1.97707 32518 0 0.0233617
190.746 63712 63712 0.232314 2.3968 1.97755 2.3968 1.97755 32563 0 0.0238752
190.961 66608 60816 0.218188 2.26201 1.97787 2.26201 1.97787 32605 0 0.0243785
191.182 69504 63712 0.218724 2.30533 1.97825 2.30533 1.97825 32649 0 0.0237252
191.41 68056 66608 0.22714 2.33401 1.97868 2.33401 1.97868 32695 0 0.0230485
191.628 65160 65160 0.229735 2.3968 1.97915 2.3968 1.97915 32740 0 0.0234958
191.849 60816 62264 0.239235 2.30533 1.97953 2.30533 1.97953 32784 0 0.0245569
192.072 57920 57920 0.24091 2.12505 1.97969 2.12505 1.97969 32825 0 0.0254731
192.295 59368 55024 0.222962 1.98021 1.9797 1.98021 1.9797 32863 0 0.0256309
192.34 60816 56472 0.222236 9.89418 1.98157 9.89418 1.98157 32902 0 0.0252913
192.564 59368 57920 0.22572 2.12505 1.98174 2.12505 1.98174 32943 0 0.0249854
192.786 60816 56472 0.224691 2.03232 1.9818 2.03232 1.9818 32982 0 0.0253083
193.004 62264 57920 0.22234 2.18375 1.98203 2.18375 1.98203 33023 0 0.0249581
193.222 63712 59368 0.221072 2.17176 1.98224 2.17176 1.98224 33064 0 0.0246224
193.445 62264 60816 0.22672 2.24076 1.98254 2.24076 1.98254 33107 0 0.0243372
193.689 56472 59368 0.244132 1.94709 1.98249 1.94709 1.98249 33148 0 0.0256195
193.924 52128 53576 0.241575 1.86907 1.98236 1.86907 1.98236 33186 0 0.0266475
194.144 50680 49232 0.226715 1.84381 1.9822 1.84381 1.9822 33221 0 0.0270328
194.361 52128 47784 0.220664 1.75766 1.98195 1.75766 1.98195 33254 0 0.0273351
194.585 50680 49232 0.228107 1.81407 1.98176 1.81407 1.98176 33289 0 0.0270534
194.805 52128 47784 0.223057 1.73845 1.98148 1.73845 1.98148 33322 0 0.027344
195.027 50680 49232 0.227827 1.82387 1.9813 1.82387 1.9813 33357 0 0.027049
195.248 52128 47784 0.224124 1.729 1.98102 1.729 1.98102 33390 0 0.0273516
195.465 53576 49232 0.223454 1.87454 1.9809 1.87454 1.9809 33425 0 0.0269996
195.683 55024 50680 0.2212 1.85394 1.98076 1.85394 1.98076 33460 0 0.0266444
195.907 57920 52128 0.229648 1.91773 1.98068 1.91773 1.98068 33497 0 0.0264767
196.13 56472 55024 0.226313 1.96956 1.98067 1.96956 1.98067 33535 0 0.025662
196.351 57920 53576 0.224401 1.93857 1.98062 1.93857 1.98062 33572 0 0.0259796
196.566 59368 55024 0.224762 2.10044 1.98075 2.10044 1.98075 33611 0 0.0256448
196.781 62264 56472 0.218077 2.10044 1.98089 2.10044 1.98089 33650 0 0.0253732
197.009 59368 59368 0.233094 2.14233 1.98107 2.14233 1.98107 33692 0 0.0248759
197.231 56472 56472 0.23342 2.08443 1.98119 2.08443 1.98119 33732 0 0.0255496
197.448 57920 53576 0.227626 2.02397 1.98124 2.02397 1.98124 33770 0 0.0260184
197.667 56472 55024 0.227456 2.06582 1.98133 2.06582 1.98133 33809 0 0.0256777
197.887 57920 53576 0.222374 1.94917 1.98129 1.94917 1.98129 33846 0 0.0259658
198.112 55024 55024 0.233117 2.01058 1.98133 2.01058 1.98133 33885 0 0.0258774
198.334 53576 52128 0.225974 1.87599 1.98121 1.87599 1.98121 33921 0 0.0263362
198.556 55024 50680 0.224065 1.82387 1.98103 1.82387 1.98103 33956 0 0.0266595
198.78 52128 52128 0.235412 1.91773 1.98096 1.91773 1.98096 33993 0 0.0266212
199.009 50680 49232 0.230108 1.71611 1.98066 1.71611 1.98066 34027 0 0.0270899
199.23 49232 47784 0.226646 1.729 1.98038 1.729 1.98038 34060 0 0.0273788
199.454 46336 46336 0.238215 1.71041 1.98007 1.71041 1.98007 34093 0 0.0280987
199.674 47784 43440 0.224636 1.58041 1.97963 1.58041 1.97963 34123 0 0.0284102
199.891 49232 44888 0.220551 1.65113 1.97928 1.65113 1.97928 34154 0 0.0280355
