0.200133 14480 0 0 0 0 0 0 0 0 1.09149
0.401462 15928 13032 0.200125 0.575376 0.288545 0.575376 0.288545 10 0 0.941694
0.403866 17376 13032 0.200484 9.64048 0.344194 9.64048 0.344194 12 0 0.941622
0.406269 20272 14480 0.201174 14.4607 0.427697 14.4607 0.427697 15 0 0.934091
0.408672 21720 17376 0.202027 19.281 0.538564 19.281 0.538564 19 0 0.919089
0.411075 23168 18824 0.203149 14.4607 0.619955 14.4607 0.619955 22 0 0.91152
0.60275 24616 20272 0.228005 0.181307 0.480465 0.181307 0.480465 25 0 0.900003
0.605153 26064 21720 0.225004 14.4607 0.535984 14.4607 0.535984 28 0 0.893154
0.607556 30408 23168 0.222379 14.4607 0.591063 14.4607 0.591063 31 0 0.886413
0.810045 36200 27512 0.211346 1.08695 0.715022 1.08695 0.715022 50 0 0.86675
1.01133 41992 33304 0.225378 1.38119 0.847611 1.38119 0.847611 74 0 0.836073
1.21262 49232 39096 0.227023 1.61139 0.974393 1.61139 0.974393 102 0 0.808056
1.41391 57920 46336 0.226179 1.89914 1.10604 1.89914 1.10604 135 0 0.774129
1.61399 69504 55024 0.20888 2.20002 1.24166 2.20002 1.24166 173 0 0.737326
1.81408 83984 66608 0.208693 2.66318 1.39845 2.66318 1.39845 219 0 0.686135
1.86935 101360 81088 0.211691 11.7362 1.70412 11.7362 1.70412 275 0 0.624234
2.08145 121632 98464 0.214414 3.71384 1.90891 3.71384 1.90891 343 0 0.554049
2.28154 147696 118736 0.202876 4.74741 2.15784 4.74741 2.15784 425 0 0.481259
2.48162 179552 144800 0.202868 5.78952 2.45065 5.78952 2.45065 525 0 0.393483
2.68171 218648 176656 0.203174 7.06321 2.7948 7.06321 2.7948 647 0 0.299998
2.8818 264984 215752 0.203432 8.62638 3.19969 8.62638 3.19969 796 0 0.20493
3.08308 320008 262088 0.205443 10.474 3.67462 10.474 3.67462 978 0 0.121131
3.30177 375032 317112 0.221983 11.6533 4.20308 11.6533 4.20308 1198 0 0.051446
3.56613 402544 372136 0.266827 11.3057 4.72959 11.3057 4.72959 1456 0 0.00654126
3.87614 390960 399648 0.312454 10.3504 5.17914 10.3504 5.17914 1733 0 0.0054295
4.20778 362000 388064 0.334001 9.36105 5.50874 9.36105 5.50874 2001 0 0.00833364
4.52981 341728 359104 0.324471 8.92104 5.75133 8.92104 5.75133 2249 0 0.00531801
4.82781 343176 338832 0.300361 9.09626 5.95779 9.09626 5.95779 2483 0 0.00931726
5.10898 356208 340280 0.283462 9.68168 6.16274 9.68168 6.16274 2718 0 0.0100535
5.39256 367792 353312 0.286 10.0081 6.36495 10.0081 6.36495 2963 0 0.00449509
5.68575 370688 364896 0.295547 9.95656 6.55016 9.95656 6.55016 3215 0 0.000805449
5.98855 366344 367792 0.305225 9.71699 6.71029 9.71699 6.71029 3469 0 0.000530946
6.29376 360552 363448 0.307547 9.52662 6.84686 9.52662 6.84686 3720 0 0.00124448
6.59656 356208 357656 0.305224 9.48746 6.96807 9.48746 6.96807 3968 0 0.00230061
6.89456 357656 353312 0.300397 9.52386 7.07854 9.52386 7.07854 4213 0 0.00335992
7.18775 360552 354760 0.295547 9.67999 7.18465 9.67999 7.18465 4458 0 0.00299259
7.48334 362000 357656 0.298 9.71886 7.28475 9.71886 7.28475 4706 0 0.00215803
7.78134 363448 359104 0.300429 9.67935 7.37646 9.67935 7.37646 4955 0 0.00181195
8.07934 364896 360552 0.300428 9.67935 7.4614 9.67935 7.4614 5204 0 0.0014995
8.37974 362000 362000 0.302804 9.67904 7.5409 9.67904 7.5409 5455 0 0.00126928
8.68014 359104 359104 0.302828 9.56336 7.61089 9.56336 7.61089 5703 0 0.00186449
8.97813 360552 356208 0.300453 9.56273 7.67567 9.56273 7.67567 5949 0 0.00252633
9.27373 362000 357656 0.298 9.67967 7.73955 9.67967 7.73955 6196 0 0.00215803
9.57172 363448 359104 0.300374 9.67935 7.79994 9.67935 7.79994 6445 0 0.00181191
9.86972 364896 360552 0.300375 9.67935 7.85669 9.67935 7.85669 6694 0 0.00149946
10.1701 362000 362000 0.302828 9.67904 7.91051 9.67904 7.91051 6945 0 0.00126942
10.4705 359104 359104 0.30285 9.56336 7.95793 9.56336 7.95793 7193 0 0.00186462
10.7685 360552 356208 0.300397 9.56273 8.00234 9.56273 8.00234 7439 0 0.00252628
11.0641 362000 357656 0.297999 9.67967 8.04716 9.67967 8.04716 7686 0 0.00215804
11.3621 363448 359104 0.300453 9.67935 8.08996 9.67935 8.08996 7935 0 0.00181197
11.6601 364896 360552 0.300453 9.67935 8.13058 9.67935 8.13058 8184 0 0.00149952
11.9605 362000 362000 0.30285 9.67904 8.16947 9.67904 8.16947 8435 0 0.00126954
12.2609 359104 359104 0.302744 9.56336 8.20363 9.56336 8.20363 8683 0 0.00186402
12.5589 360552 356208 0.300345 9.56273 8.23587 9.56273 8.23587 8929 0 0.00252624
12.8545 362000 357656 0.298 9.67967 8.26908 9.67967 8.26908 9176 0 0.00215803
13.1525 363448 359104 0.300397 9.67935 8.30103 9.67935 8.30103 9425 0 0.00181192
13.4505 364896 360552 0.300397 9.67935 8.33156 9.67935 8.33156 9674 0 0.00149947
13.7509 362000 362000 0.302744 9.67904 8.361 9.67904 8.361 9925 0 0.00126895
14.0513 359104 359104 0.302773 9.56336 8.38671 9.56336 8.38671 10173 0 0.00186419
14.3493 360552 356208 0.300429 9.56273 8.41113 9.56273 8.41113 10419 0 0.00252631
14.6449 362000 357656 0.298 9.67967 8.43673 9.67967 8.43673 10666 0 0.00215803
14.9429 363448 359104 0.300348 9.67935 8.46151 9.67935 8.46151 10915 0 0.00181189
15.2409 364896 360552 0.300348 9.67935 8.48533 9.67935 8.48533 11164 0 0.00149944
15.5413 362000 362000 0.302772 9.67904 8.5084 9.67904 8.5084 11415 0 0.0012691
15.8417 359104 359104 0.302807 9.56336 8.5284 9.56336 8.5284 11663 0 0.00186437
16.1397 360552 356208 0.300376 9.56273 8.5475 9.56273 8.5475 11909 0 0.00252626
16.4353 362000 357656 0.298 9.67967 8.56786 9.67967 8.56786 12156 0 0.00215803
16.7333 363448 359104 0.30043 9.67935 8.58766 9.67935 8.58766 12405 0 0.00181195
17.0313 364896 360552 0.300419 9.67935 8.60676 9.67935 8.60676 12654 0 0.00149949
17.3317 362000 362000 0.30281 9.67904 8.62535 9.67904 8.62535 12905 0 0.00126931
17.6321 359104 359104 0.302834 9.56336 8.64133 9.56336 8.64133 13153 0 0.00186452
17.9301 360552 356208 0.300456 9.56273 8.65664 9.56273 8.65664 13399 0 0.00252633
18.2256 362000 357656 0.298 9.67967 8.67323 9.67967 8.67323 13646 0 0.00215803
18.5236 363448 359104 0.300359 9.67935 8.68942 9.67935 8.68942 13895 0 0.00181189
18.8216 364896 360552 0.300381 9.67935 8.70509 9.67935 8.70509 14144 0 0.00149946
19.122 362000 362000 0.302839 9.67904 8.72039 9.67904 8.72039 14395 0 0.00126948
19.4224 359104 359104 0.302859 9.56336 8.73343 9.56336 8.73343 14643 0 0.00186467
19.7204 360552 356208 0.300401 9.56273 8.74596 9.56273 8.74596 14889 0 0.00252628
20.016 362000 357656 0.297967 9.67967 8.75975 9.67967 8.75975 15136 0 0.00215817
20.314 363448 359104 0.300463 9.67935 8.77324 9.67935 8.77324 15385 0 0.00181198
20.612 364896 360552 0.300463 9.67935 8.78634 9.67935 8.78634 15634 0 0.00149953
20.9124 362000 362000 0.302868 9.67904 8.79916 9.67904 8.79916 15885 0 0.00126964
21.2128 359104 359104 0.302759 9.56336 8.80999 9.56336 8.80999 16133 0 0.00186411
21.5108 360552 356208 0.300305 9.56273 8.82041 9.56273 8.82041 16379 0 0.00252622
21.8064 362000 357656 0.298 9.67967 8.83206 9.67967 8.83206 16626 0 0.00215803
22.1044 363448 359104 0.300413 9.67935 8.84348 9.67935 8.84348 16875 0 0.00181194
22.4024 364896 360552 0.300413 9.67935 8.8546 9.67935 8.8546 17124 0 0.00149949
22.7028 362000 362000 0.302774 9.67904 8.86551 9.67904 8.86551 17375 0 0.00126911
23.0032 359104 359104 0.302719 9.56336 8.87462 9.56336 8.87462 17623 0 0.00186389
23.3012 360552 356208 0.300453 9.56273 8.88342 9.56273 8.88342 17869 0 0.00252633
23.5968 362000 357656 0.298 9.67967 8.8934 9.67967 8.8934 18116 0 0.00215803
23.8948 363448 359104 0.300375 9.67935 8.9032 9.67935 8.9032 18365 0 0.00181191
24.1928 364896 360552 0.300375 9.67935 8.91276 9.67935 8.91276 18614 0 0.00149946
24.4932 362000 362000 0.302828 9.67904 8.92216 9.67904 8.92216 18865 0 0.00126942
24.7936 359104 359104 0.30285 9.56336 8.92993 9.56336 8.92993 19113 0 0.00186462
25.0916 360552 356208 0.300396 9.56273 8.93744 9.56273 8.93744 19359 0 0.00252628
25.3872 362000 357656 0.298 9.67967 8.94609 9.67967 8.94609 19606 0 0.00215803
25.6852 363448 359104 0.300453 9.67935 8.95459 9.67935 8.95459 19855 0 0.00181197
25.9832 364896 360552 0.300453 9.67935 8.9629 9.67935 8.9629 20104 0 0.00149952
26.2836 362000 362000 0.30285 9.67904 8.97109 9.67904 8.97109 20355 0 0.00126954
26.584 359104 359104 0.302743 9.56336 8.97778 9.56336 8.97778 20603 0 0.00186402
26.882 360552 356208 0.300347 9.56273 8.98427 9.56273 8.98427 20849 0 0.00252624
27.1776 362000 357656 0.298 9.67967 8.99183 9.67967 8.99183 21096 0 0.00215803
27.4756 363448 359104 0.300396 9.67935 8.99929 9.67935 8.99929 21345 0 0.00181192
27.7736 364896 360552 0.300396 9.67935 9.00658 9.67935 9.00658 21594 0 0.00149947
28.074 362000 362000 0.302743 9.67904 9.01378 9.67904 9.01378 21845 0 0.00126894
28.3744 359104 359104 0.302776 9.56336 9.0196 9.56336 9.0196 22093 0 0.0018642
28.6724 360552 356208 0.300429 9.56273 9.02524 9.56273 9.02524 22339 0 0.00252631
28.968 362000 357656 0.298 9.67967 9.03192 9.67967 9.03192 22586 0 0.00215803
29.2659 363448 359104 0.300347 9.67935 9.03851 9.67935 9.03851 22835 0 0.00181189
29.5639 364896 360552 0.300347 9.67935 9.04497 9.67935 9.04497 23084 0 0.00149944
29.8643 362000 362000 0.302776 9.67904 9.05135 9.67904 9.05135 23335 0 0.00126912
30.1647 359104 359104 0.302804 9.56336 9.05645 9.56336 9.05645 23583 0 0.00186436
30.4627 360552 356208 0.300375 9.56273 9.0614 9.56273 9.0614 23829 0 0.00252626
30.7583 362000 357656 0.298 9.67967 9.06734 9.67967 9.06734 24076 0 0.00215804
31.0563 363448 359104 0.300429 9.67935 9.07322 9.67935 9.07322 24325 0 0.00181195
31.3543 364896 360552 0.300429 9.67935 9.07898 9.67935 9.07898 24574 0 0.0014995
31.6547 362000 362000 0.302804 9.67904 9.08467 9.67904 9.08467 24825 0 0.00126928
31.9551 359104 359104 0.302828 9.56336 9.08917 9.56336 9.08917 25073 0 0.00186449
32.2531 360552 356208 0.300453 9.56273 9.09355 9.56273 9.09355 25319 0 0.00252633
32.5487 362000 357656 0.298 9.67967 9.09887 9.67967 9.09887 25566 0 0.00215803
32.8467 363448 359104 0.300375 9.67935 9.10414 9.67935 9.10414 25815 0 0.00181191
33.1447 364896 360552 0.300375 9.67935 9.10931 9.67935 9.10931 26064 0 0.00149946
33.4451 362000 362000 0.302828 9.67904 9.11442 9.67904 9.11442 26315 0 0.00126942
33.7455 359104 359104 0.302849 9.56336 9.11842 9.56336 9.11842 26563 0 0.00186461
34.0435 360552 356208 0.300397 9.56273 9.12231 9.56273 9.12231 26809 0 0.00252628
34.3391 362000 357656 0.298 9.67967 9.12711 9.67967 9.12711 27056 0 0.00215803
34.6371 363448 359104 0.300453 9.67935 9.13186 9.67935 9.13186 27305 0 0.00181197
34.9351 364896 360552 0.300453 9.67935 9.13653 9.67935 9.13653 27554 0 0.00149952
35.2355 362000 362000 0.302848 9.67904 9.14115 9.67904 9.14115 27805 0 0.00126953
35.5359 359104 359104 0.302744 9.56336 9.14472 9.56336 9.14472 28053 0 0.00186403
35.8339 360552 356208 0.300347 9.56273 9.1482 9.56273 9.1482 28299 0 0.00252624
36.1295 362000 357656 0.298 9.67967 9.15255 9.67967 9.15255 28546 0 0.00215803
36.4275 363448 359104 0.300397 9.67935 9.15686 9.67935 9.15686 28795 0 0.00181192
36.7255 364896 360552 0.300393 9.67935 9.1611 9.67935 9.1611 29044 0 0.00149947
37.0259 362000 362000 0.302746 9.67904 9.1653 9.67904 9.1653 29295 0 0.00126896
37.3263 359104 359104 0.302777 9.56336 9.1685 9.56336 9.1685 29543 0 0.00186421
37.6243 360552 356208 0.300429 9.56273 9.17163 9.56273 9.17163 29789 0 0.00252631
37.9199 362000 357656 0.298 9.67967 9.17559 9.67967 9.17559 30036 0 0.00215803
38.2179 363448 359104 0.300341 9.67935 9.17951 9.67935 9.17951 30285 0 0.00181188
38.5159 364896 360552 0.300349 9.67935 9.18338 9.67935 9.18338 30534 0 0.00149944
38.8163 362000 362000 0.302779 9.67904 9.18722 9.67904 9.18722 30785 0 0.00126914
39.1167 359104 359104 0.302807 9.56336 9.19011 9.56336 9.19011 31033 0 0.00186437
39.4147 360552 356208 0.300376 9.56273 9.19292 9.56273 9.19292 31279 0 0.00252626
39.7103 362000 357656 0.297989 9.67967 9.19655 9.67967 9.19655 31526 0 0.00215808
40.0083 363448 359104 0.300432 9.67935 9.20014 9.67935 9.20014 31775 0 0.00181195
40.3062 364896 360552 0.300432 9.67935 9.20369 9.67935 9.20369 32024 0 0.0014995
40.6066 362000 362000 0.30281 9.67904 9.2072 9.67904 9.2072 32275 0 0.00126931
40.907 359104 359104 0.302834 9.56336 9.20982 9.56336 9.20982 32523 0 0.00186452
41.205 360552 356208 0.300439 9.56273 9.21237 9.56273 9.21237 32769 0 0.00252631
41.5006 362000 357656 0.298 9.67967 9.2157 9.67967 9.2157 33016 0 0.00215803
41.7986 363448 359104 0.300381 9.67935 9.219 9.67935 9.219 33265 0 0.00181191
42.0966 364896 360552 0.300381 9.67935 9.22226 9.67935 9.22226 33514 0 0.00149946
42.397 362000 362000 0.302839 9.67904 9.2255 9.67904 9.2255 33765 0 0.00126948
42.6974 359104 359104 0.30283 9.56336 9.22788 9.56336 9.22788 34013 0 0.0018645
42.9954 360552 356208 0.300405 9.56273 9.2302 9.56273 9.2302 34259 0 0.00252629
43.291 362000 357656 0.298 9.67967 9.23327 9.67967 9.23327 34506 0 0.00215803
43.589 363448 359104 0.300463 9.67935 9.23632 9.67935 9.23632 34755 0 0.00181198
43.887 364896 360552 0.300463 9.67935 9.23932 9.67935 9.23932 35004 0 0.00149953
44.1874 362000 362000 0.302812 9.67904 9.24231 9.67904 9.24231 35255 0 0.00126932
44.4878 359104 359104 0.302774 9.56336 9.24448 9.56336 9.24448 35503 0 0.00186419
44.7858 360552 356208 0.300361 9.56273 9.2466 9.56273 9.2466 35749 0 0.00252625
45.0814 362000 357656 0.298 9.67967 9.24944 9.67967 9.24944 35996 0 0.00215803
45.3794 363448 359104 0.300413 9.67935 9.25226 9.67935 9.25226 36245 0 0.00181194
45.6774 364896 360552 0.300304 9.67935 9.25505 9.67935 9.25505 36494 0 0.00149941
45.9778 362000 362000 0.302804 9.67904 9.25782 9.67904 9.25782 36745 0 0.00126928
46.2782 359104 359104 0.302828 9.56336 9.2598 9.56336 9.2598 36993 0 0.00186449
46.5762 360552 356208 0.300453 9.56273 9.26174 9.56273 9.26174 37239 0 0.00252633
46.8718 362000 357656 0.298 9.67967 9.26437 9.67967 9.26437 37486 0 0.00215803
47.1698 363448 359104 0.300375 9.67935 9.267 9.67935 9.267 37735 0 0.00181191
47.4678 364896 360552 0.300375 9.67935 9.26958 9.67935 9.26958 37984 0 0.00149946
47.7682 362000 362000 0.302828 9.67904 9.27216 9.67904 9.27216 38235 0 0.00126942
48.0686 359104 359104 0.30285 9.56336 9.27398 9.56336 9.27398 38483 0 0.00186462
48.3666 360552 356208 0.300396 9.56273 9.27576 9.56273 9.27576 38729 0 0.00252628
48.6622 362000 357656 0.298 9.67967 9.27821 9.67967 9.27821 38976 0 0.00215803
48.9602 363448 359104 0.300453 9.67935 9.28065 9.67935 9.28065 39225 0 0.00181197
49.2582 364896 360552 0.300453 9.67935 9.28307 9.67935 9.28307 39474 0 0.00149952
49.5586 362000 362000 0.30285 9.67904 9.28547 9.67904 9.28547 39725 0 0.00126954
49.859 359104 359104 0.302743 9.56336 9.28714 9.56336 9.28714 39973 0 0.00186402
50.157 360552 356208 0.300347 9.56273 9.28878 9.56273 9.28878 40219 0 0.00252624
50.4526 362000 357656 0.298 9.67967 9.29107 9.67967 9.29107 40466 0 0.00215803
50.7506 363448 359104 0.300397 9.67935 9.29335 9.67935 9.29335 40715 0 0.00181192
51.0486 364896 360552 0.300397 9.67935 9.2956 9.67935 9.2956 40964 0 0.00149947
51.349 362000 362000 0.302743 9.67904 9.29784 9.67904 9.29784 41215 0 0.00126894
51.6494 359104 359104 0.302775 9.56336 9.29939 9.56336 9.29939 41463 0 0.0018642
51.9473 360552 356208 0.300429 9.56273 9.3009 9.56273 9.3009 41709 0 0.00252631
52.2429 362000 357656 0.298 9.67967 9.30304 9.67967 9.30304 41956 0 0.00215803
52.5409 363448 359104 0.300347 9.67935 9.30518 9.67935 9.30518 42205 0 0.00181189
52.8389 364896 360552 0.300347 9.67935 9.30729 9.67935 9.30729 42454 0 0.00149944
53.1393 362000 362000 0.302775 9.67904 9.30939 9.67904 9.30939 42705 0 0.00126912
53.4397 359104 359104 0.302804 9.56336 9.31082 9.56336 9.31082 42953 0 0.00186436
53.7377 360552 356208 0.300375 9.56273 9.31221 9.56273 9.31221 43199 0 0.00252626
54.0333 362000 357656 0.298 9.67967 9.31422 9.67967 9.31422 43446 0 0.00215803
54.3313 363448 359104 0.300429 9.67935 9.31623 9.67935 9.31623 43695 0 0.00181195
54.6293 364896 360552 0.300428 9.67935 9.31821 9.67935 9.31821 43944 0 0.0014995
54.9297 362000 362000 0.302804 9.67904 9.32018 9.67904 9.32018 44195 0 0.00126928
55.2301 359104 359104 0.302828 9.56336 9.3215 9.56336 9.3215 44443 0 0.0018645
55.5281 360552 356208 0.300453 9.56273 9.3228 9.56273 9.3228 44689 0 0.00252633
55.8237 362000 357656 0.298 9.67967 9.32469 9.67967 9.32469 44936 0 0.00215803
56.1217 363448 359104 0.300374 9.67935 9.32657 9.67935 9.32657 45185 0 0.00181191
56.4197 364896 360552 0.300375 9.67935 9.32843 9.67935 9.32843 45434 0 0.00149946
56.7201 362000 362000 0.302829 9.67904 9.33029 9.67904 9.33029 45685 0 0.00126942
57.0205 359104 359104 0.30285 9.56336 9.33152 9.56336 9.33152 45933 0 0.00186462
57.3185 360552 356208 0.300397 9.56273 9.33272 9.56273 9.33272 46179 0 0.00252628
57.6141 362000 357656 0.297998 9.67967 9.3345 9.67967 9.3345 46426 0 0.00215804
57.9121 363448 359104 0.300454 9.67935 9.33627 9.67935 9.33627 46675 0 0.00181197
58.2101 364896 360552 0.300454 9.67935 9.33803 9.67935 9.33803 46924 0 0.00149952
58.5105 362000 362000 0.302851 9.67904 9.33978 9.67904 9.33978 47175 0 0.00126954
58.8109 359104 359104 0.302744 9.56336 9.34092 9.56336 9.34092 47423 0 0.00186403
59.1089 360552 356208 0.300344 9.56273 9.34204 9.56273 9.34204 47669 0 0.00252624
59.4045 362000 357656 0.298 9.67967 9.34372 9.67967 9.34372 47916 0 0.00215803
59.7025 363448 359104 0.300398 9.67935 9.3454 9.67935 9.3454 48165 0 0.00181192
60.0005 364896 360552 0.300398 9.67935 9.34706 9.67935 9.34706 48414 0 0.00149947
60.3009 362000 362000 0.302746 9.67904 9.34871 9.67904 9.34871 48665 0 0.00126896
60.6013 359104 359104 0.302772 9.56336 9.34977 9.56336 9.34977 48913 0 0.00186418
60.8993 360552 356208 0.30043 9.56273 9.35082 9.56273 9.35082 49159 0 0.00252631
61.1949 362000 357656 0.298 9.67967 9.3524 9.67967 9.3524 49406 0 0.00215803
61.4929 363448 359104 0.300349 9.67935 9.35399 9.67935 9.35399 49655 0 0.00181189
61.7909 364896 360552 0.300349 9.67935 9.35556 9.67935 9.35556 49904 0 0.00149944
62.0913 362000 362000 0.302768 9.67904 9.35712 9.67904 9.35712 50155 0 0.00126908
62.3917 359104 359104 0.30281 9.56336 9.35812 9.56336 9.35812 50403 0 0.00186439
62.6897 360552 356208 0.300378 9.56273 9.35909 9.56273 9.35909 50649 0 0.00252627
62.9852 362000 357656 0.298 9.67967 9.36059 9.67967 9.36059 50896 0 0.00215803
63.2832 363448 359104 0.300432 9.67935 9.36209 9.67935 9.36209 51145 0 0.00181195
63.5812 364896 360552 0.30041 9.67935 9.36358 9.67935 9.36358 51394 0 0.00149948
63.8816 362000 362000 0.302816 9.67904 9.36506 9.67904 9.36506 51645 0 0.00126935
64.182 359104 359104 0.302839 9.56336 9.36599 9.56336 9.36599 51893 0 0.00186455
64.48 360552 356208 0.300458 9.56273 9.3669 9.56273 9.3669 52139 0 0.00252633
64.7756 362000 357656 0.298 9.67967 9.36833 9.67967 9.36833 52386 0 0.00215803
65.0736 363448 359104 0.300343 9.67935 9.36975 9.67935 9.36975 52635 0 0.00181188
65.3716 364896 360552 0.300386 9.67935 9.37116 9.67935 9.37116 52884 0 0.00149947
65.672 362000 362000 0.302849 9.67904 9.37257 9.67904 9.37257 53135 0 0.00126953
65.9724 359104 359104 0.302868 9.56336 9.37344 9.56336 9.37344 53383 0 0.00186472
66.2704 360552 356208 0.300405 9.56273 9.37429 9.56273 9.37429 53629 0 0.00252629
66.566 362000 357656 0.297936 9.67967 9.37565 9.67967 9.37565 53876 0 0.00215829
66.864 363448 359104 0.300472 9.67935 9.377 9.67935 9.377 54125 0 0.00181199
67.162 364896 360552 0.300472 9.67935 9.37834 9.67935 9.37834 54374 0 0.00149954
67.4624 362000 362000 0.302885 9.67904 9.37968 9.67904 9.37968 54625 0 0.00126974
67.7628 359104 359104 0.302774 9.56336 9.3805 9.56336 9.3805 54873 0 0.00186419
68.0608 360552 356208 0.300266 9.56273 9.3813 9.56273 9.3813 55119 0 0.00252619
68.3564 362000 357656 0.298 9.67967 9.38259 9.67967 9.38259 55366 0 0.00215803
68.6544 363448 359104 0.300429 9.67935 9.38387 9.67935 9.38387 55615 0 0.00181195
68.9524 364896 360552 0.300429 9.67935 9.38515 9.67935 9.38515 55864 0 0.0014995
69.2528 362000 362000 0.302804 9.67904 9.38643 9.67904 9.38643 56115 0 0.00126928
69.5532 359104 359104 0.302828 9.56336 9.38719 9.56336 9.38719 56363 0 0.00186449
69.8512 360552 356208 0.300453 9.56273 9.38794 9.56273 9.38794 56609 0 0.00252633
70.1468 362000 357656 0.298 9.67967 9.38917 9.67967 9.38917 56856 0 0.00215803
70.4448 363448 359104 0.300375 9.67935 9.3904 9.67935 9.3904 57105 0 0.00181191
70.7428 364896 360552 0.300375 9.67935 9.39161 9.67935 9.39161 57354 0 0.00149946
71.0432 362000 362000 0.302828 9.67904 9.39283 9.67904 9.39283 57605 0 0.00126942
71.3436 359104 359104 0.30285 9.56336 9.39355 9.56336 9.39355 57853 0 0.00186461
71.6416 360552 356208 0.300396 9.56273 9.39425 9.56273 9.39425 58099 0 0.00252628
71.9372 362000 357656 0.298 9.67967 9.39542 9.67967 9.39542 58346 0 0.00215803
72.2352 363448 359104 0.300453 9.67935 9.39659 9.67935 9.39659 58595 0 0.00181197
72.5332 364896 360552 0.300453 9.67935 9.39776 9.67935 9.39776 58844 0 0.00149952
72.8336 362000 362000 0.302849 9.67904 9.39892 9.67904 9.39892 59095 0 0.00126954
73.134 359104 359104 0.302743 9.56336 9.39959 9.56336 9.39959 59343 0 0.00186402
73.432 360552 356208 0.300347 9.56273 9.40025 9.56273 9.40025 59589 0 0.00252624
73.7276 362000 357656 0.298 9.67967 9.40137 9.67967 9.40137 59836 0 0.00215803
74.0255 363448 359104 0.300397 9.67935 9.40249 9.67935 9.40249 60085 0 0.00181192
74.3235 364896 360552 0.300396 9.67935 9.4036 9.67935 9.4036 60334 0 0.00149947
74.6239 362000 362000 0.302744 9.67904 9.40471 9.67904 9.40471 60585 0 0.00126894
74.9243 359104 359104 0.302776 9.56336 9.40535 9.56336 9.40535 60833 0 0.0018642
75.2223 360552 356208 0.300429 9.56273 9.40597 9.56273 9.40597 61079 0 0.00252631
75.5179 362000 357656 0.298 9.67967 9.40704 9.67967 9.40704 61326 0 0.00215803
75.8159 363448 359104 0.300347 9.67935 9.40811 9.67935 9.40811 61575 0 0.00181189
76.1139 364896 360552 0.300347 9.67935 9.40917 9.67935 9.40917 61824 0 0.00149944
76.4143 362000 362000 0.302776 9.67904 9.41024 9.67904 9.41024 62075 0 0.00126912
76.7147 359104 359104 0.302804 9.56336 9.41083 9.56336 9.41083 62323 0 0.00186436
77.0127 360552 356208 0.300375 9.56273 9.41142 9.56273 9.41142 62569 0 0.00252626
77.3083 362000 357656 0.297999 9.67967 9.41245 9.67967 9.41245 62816 0 0.00215804
77.6063 363448 359104 0.300429 9.67935 9.41347 9.67935 9.41347 63065 0 0.00181195
77.9043 364896 360552 0.300429 9.67935 9.41449 9.67935 9.41449 63314 0 0.0014995
78.2047 362000 362000 0.302804 9.67904 9.41551 9.67904 9.41551 63565 0 0.00126928
78.5051 359104 359104 0.302828 9.56336 9.41607 9.56336 9.41607 63813 0 0.0018645
78.8031 360552 356208 0.300452 9.56273 9.41663 9.56273 9.41663 64059 0 0.00252633
79.0987 362000 357656 0.298 9.67967 9.41761 9.67967 9.41761 64306 0 0.00215803
79.3967 363448 359104 0.300375 9.67935 9.41859 9.67935 9.41859 64555 0 0.00181191
79.6947 364896 360552 0.300375 9.67935 9.41957 9.67935 9.41957 64804 0 0.00149946
79.9951 362000 362000 0.302829 9.67904 9.42054 9.67904 9.42054 65055 0 0.00126942
80.2955 359104 359104 0.302848 9.56336 9.42108 9.56336 9.42108 65303 0 0.00186461
80.5935 360552 356208 0.300397 9.56273 9.4216 9.56273 9.4216 65549 0 0.00252628
80.8891 362000 357656 0.298 9.67967 9.42254 9.67967 9.42254 65796 0 0.00215803
81.1871 363448 359104 0.300454 9.67935 9.42349 9.67935 9.42349 66045 0 0.00181197
81.4851 364896 360552 0.300454 9.67935 9.42442 9.67935 9.42442 66294 0 0.00149952
81.7855 362000 362000 0.302847 9.67904 9.42536 9.67904 9.42536 66545 0 0.00126952
82.0859 359104 359104 0.302746 9.56336 9.42586 9.56336 9.42586 66793 0 0.00186403
82.3839 360552 356208 0.300348 9.56273 9.42636 9.56273 9.42636 67039 0 0.00252624
82.6795 362000 357656 0.298 9.67967 9.42726 9.67967 9.42726 67286 0 0.00215803
82.9775 363448 359104 0.300398 9.67935 9.42817 9.67935 9.42817 67535 0 0.00181192
83.2755 364896 360552 0.30039 9.67935 9.42907 9.67935 9.42907 67784 0 0.00149947
83.5759 362000 362000 0.302748 9.67904 9.42996 9.67904 9.42996 68035 0 0.00126897
83.8763 359104 359104 0.302779 9.56336 9.43044 9.56336 9.43044 68283 0 0.00186422
84.1743 360552 356208 0.30043 9.56273 9.43091 9.56273 9.43091 68529 0 0.00252631
84.4699 362000 357656 0.298 9.67967 9.43178 9.67967 9.43178 68776 0 0.00215803
84.7679 363448 359104 0.300336 9.67935 9.43265 9.67935 9.43265 69025 0 0.00181188
85.0658 364896 360552 0.300351 9.67935 9.43352 9.67935 9.43352 69274 0 0.00149944
85.3662 362000 362000 0.302783 9.67904 9.43438 9.67904 9.43438 69525 0 0.00126916
85.6666 359104 359104 0.30281 9.56336 9.43483 9.56336 9.43483 69773 0 0.00186439
85.9646 360552 356208 0.300378 9.56273 9.43528 9.56273 9.43528 70019 0 0.00252627
86.2602 362000 357656 0.297978 9.67967 9.43611 9.67967 9.43611 70266 0 0.00215812
86.5582 363448 359104 0.300435 9.67935 9.43695 9.67935 9.43695 70515 0 0.00181195
86.8562 364896 360552 0.300435 9.67935 9.43778 9.67935 9.43778 70764 0 0.00149951
87.1566 362000 362000 0.302816 9.67904 9.43861 9.67904 9.43861 71015 0 0.00126935
87.457 359104 359104 0.302839 9.56336 9.43904 9.56336 9.43904 71263 0 0.00186455
87.755 360552 356208 0.300425 9.56273 9.43946 9.56273 9.43946 71509 0 0.0025263
88.0506 362000 357656 0.298 9.67967 9.44027 9.67967 9.44027 71756 0 0.00215803
88.3486 363448 359104 0.300386 9.67935 9.44107 9.67935 9.44107 72005 0 0.00181191
88.6466 364896 360552 0.300386 9.67935 9.44188 9.67935 9.44188 72254 0 0.00149947
88.947 362000 362000 0.302849 9.67904 9.44268 9.67904 9.44268 72505 0 0.00126953
89.2474 359104 359104 0.302812 9.56336 9.44308 9.56336 9.44308 72753 0 0.0018644
89.5454 360552 356208 0.300413 9.56273 9.44348 9.56273 9.44348 72999 0 0.00252629
89.841 362000 357656 0.298 9.67967 9.44426 9.67967 9.44426 73246 0 0.00215803
90.139 363448 359104 0.300472 9.67935 9.44504 9.67935 9.44504 73495 0 0.00181199
90.437 364896 360552 0.300472 9.67935 9.44581 9.67935 9.44581 73744 0 0.00149954
90.7374 362000 362000 0.302775 9.67904 9.44658 9.67904 9.44658 73995 0 0.00126912
91.0378 359104 359104 0.302804 9.56336 9.44696 9.56336 9.44696 74243 0 0.00186435
91.3358 360552 356208 0.300375 9.56273 9.44734 9.56273 9.44734 74489 0 0.00252626
91.6314 362000 357656 0.298 9.67967 9.44809 9.67967 9.44809 74736 0 0.00215803
91.9294 363448 359104 0.300429 9.67935 9.44884 9.67935 9.44884 74985 0 0.00181195
92.2274 364896 360552 0.300428 9.67935 9.44959 9.67935 9.44959 75234 0 0.0014995
92.5278 362000 362000 0.302804 9.67904 9.45033 9.67904 9.45033 75485 0 0.00126928
92.8282 359104 359104 0.302828 9.56336 9.4507 9.56336 9.4507 75733 0 0.00186449
93.1262 360552 356208 0.300453 9.56273 9.45106 9.56273 9.45106 75979 0 0.00252633
93.4218 362000 357656 0.298 9.67967 9.45178 9.67967 9.45178 76226 0 0.00215803
93.7198 363448 359104 0.300375 9.67935 9.4525 9.67935 9.4525 76475 0 0.00181191
94.0178 364896 360552 0.300375 9.67935 9.45322 9.67935 9.45322 76724 0 0.00149946
94.3182 362000 362000 0.302828 9.67904 9.45394 9.67904 9.45394 76975 0 0.00126942
94.6186 359104 359104 0.30285 9.56336 9.45429 9.56336 9.45429 77223 0 0.00186462
94.9166 360552 356208 0.300396 9.56273 9.45463 9.56273 9.45463 77469 0 0.00252628
95.2122 362000 357656 0.298 9.67967 9.45533 9.67967 9.45533 77716 0 0.00215803
95.5102 363448 359104 0.300453 9.67935 9.45603 9.67935 9.45603 77965 0 0.00181197
95.8082 364896 360552 0.300453 9.67935 9.45672 9.67935 9.45672 78214 0 0.00149952
96.1086 362000 362000 0.30285 9.67904 9.45742 9.67904 9.45742 78465 0 0.00126954
96.409 359104 359104 0.302743 9.56336 9.45775 9.56336 9.45775 78713 0 0.00186402
96.7069 360552 356208 0.300347 9.56273 9.45807 9.56273 9.45807 78959 0 0.00252624
97.0025 362000 357656 0.298 9.67967 9.45874 9.67967 9.45874 79206 0 0.00215803
97.3005 363448 359104 0.300397 9.67935 9.45942 9.67935 9.45942 79455 0 0.00181192
97.5985 364896 360552 0.300397 9.67935 9.46009 9.67935 9.46009 79704 0 0.00149947
97.8989 362000 362000 0.302744 9.67904 9.46076 9.67904 9.46076 79955 0 0.00126894
98.1993 359104 359104 0.302775 9.56336 9.46108 9.56336 9.46108 80203 0 0.0018642
98.4973 360552 356208 0.300429 9.56273 9.46139 9.56273 9.46139 80449 0 0.00252631
98.7929 362000 357656 0.298 9.67967 9.46204 9.67967 9.46204 80696 0 0.00215803
99.0909 363448 359104 0.300347 9.67935 9.46269 9.67935 9.46269 80945 0 0.00181189
99.3889 364896 360552 0.300347 9.67935 9.46334 9.67935 9.46334 81194 0 0.00149944
99.6893 362000 362000 0.302775 9.67904 9.46399 9.67904 9.46399 81445 0 0.00126912
99.9897 359104 359104 0.302804 9.56336 9.46429 9.56336 9.46429 81693 0 0.00186436
100.288 360552 356208 0.300375 9.56273 9.46458 9.56273 9.46458 81939 0 0.00252626
100.583 362000 357656 0.298 9.67967 9.46521 9.67967 9.46521 82186 0 0.00215803
100.881 363448 359104 0.300429 9.67935 9.46585 9.67935 9.46585 82435 0 0.00181195
101.179 364896 360552 0.300427 9.67935 9.46648 9.67935 9.46648 82684 0 0.0014995
101.48 362000 362000 0.302804 9.67904 9.46711 9.67904 9.46711 82935 0 0.00126928
101.78 359104 359104 0.302829 9.56336 9.46739 9.56336 9.46739 83183 0 0.0018645
102.078 360552 356208 0.300453 9.56273 9.46767 9.56273 9.46767 83429 0 0.00252633
102.374 362000 357656 0.298 9.67967 9.46828 9.67967 9.46828 83676 0 0.00215803
102.672 363448 359104 0.300373 9.67935 9.46889 9.67935 9.46889 83925 0 0.0018119
102.97 364896 360552 0.300376 9.67935 9.4695 9.67935 9.4695 84174 0 0.00149946
103.27 362000 362000 0.30283 9.67904 9.47011 9.67904 9.47011 84425 0 0.00126942
103.57 359104 359104 0.302851 9.56336 9.47038 9.56336 9.47038 84673 0 0.00186462
103.868 360552 356208 0.300397 9.56273 9.47065 9.56273 9.47065 84919 0 0.00252628
104.164 362000 357656 0.297996 9.67967 9.47124 9.67967 9.47124 85166 0 0.00215805
104.462 363448 359104 0.300454 9.67935 9.47183 9.67935 9.47183 85415 0 0.00181197
104.76 364896 360552 0.300454 9.67935 9.47242 9.67935 9.47242 85664 0 0.00149952
105.06 362000 362000 0.302852 9.67904 9.47301 9.67904 9.47301 85915 0 0.00126955
105.361 359104 359104 0.302746 9.56336 9.47327 9.56336 9.47327 86163 0 0.00186403
105.659 360552 356208 0.300341 9.56273 9.47352 9.56273 9.47352 86409 0 0.00252624
105.954 362000 357656 0.298 9.67967 9.4741 9.67967 9.4741 86656 0 0.00215803
106.252 363448 359104 0.300399 9.67935 9.47467 9.67935 9.47467 86905 0 0.00181192
106.55 364896 360552 0.300399 9.67935 9.47525 9.67935 9.47525 87154 0 0.00149948
106.851 362000 362000 0.302748 9.67904 9.47582 9.67904 9.47582 87405 0 0.00126897
107.151 359104 359104 0.302768 9.56336 9.47607 9.56336 9.47607 87653 0 0.00186416
107.449 360552 356208 0.300432 9.56273 9.47631 9.56273 9.47631 87899 0 0.00252631
107.745 362000 357656 0.298 9.67967 9.47686 9.67967 9.47686 88146 0 0.00215803
108.043 363448 359104 0.300351 9.67935 9.47742 9.67935 9.47742 88395 0 0.00181189
108.341 364896 360552 0.300351 9.67935 9.47798 9.67935 9.47798 88644 0 0.00149944
108.641 362000 362000 0.302761 9.67904 9.47853 9.67904 9.47853 88895 0 0.00126904
108.942 359104 359104 0.302816 9.56336 9.47877 9.56336 9.47877 89143 0 0.00186442
109.24 360552 356208 0.300381 9.56273 9.479 9.56273 9.479 89389 0 0.00252627
109.535 362000 357656 0.298 9.67967 9.47954 9.67967 9.47954 89636 0 0.00215803
109.833 363448 359104 0.300435 9.67935 9.48008 9.67935 9.48008 89885 0 0.00181195
110.131 364896 360552 0.300392 9.67935 9.48062 9.67935 9.48062 90134 0 0.00149947
110.432 362000 362000 0.302827 9.67904 9.48116 9.67904 9.48116 90385 0 0.00126941
110.732 359104 359104 0.302849 9.56336 9.48138 9.56336 9.48138 90633 0 0.00186461
111.03 360552 356208 0.300463 9.56273 9.4816 9.56273 9.4816 90879 0 0.00252634
111.326 362000 357656 0.298 9.67967 9.48213 9.67967 9.48213 91126 0 0.00215803
111.624 363448 359104 0.300313 9.67935 9.48265 9.67935 9.48265 91375 0 0.00181186
111.922 364896 360552 0.300396 9.67935 9.48318 9.67935 9.48318 91624 0 0.00149947
112.222 362000 362000 0.302868 9.67904 9.4837 9.67904 9.4837 91875 0 0.00126964
112.522 359104 359104 0.302885 9.56336 9.48391 9.56336 9.48391 92123 0 0.00186482
112.82 360552 356208 0.300413 9.56273 9.48412 9.56273 9.48412 92369 0 0.00252629
113.116 362000 357656 0.297875 9.67967 9.48463 9.67967 9.48463 92616 0 0.00215855
113.414 363448 359104 0.300347 9.67935 9.48514 9.67935 9.48514 92865 0 0.00181189
113.712 364896 360552 0.300347 9.67935 9.48565 9.67935 9.48565 93114 0 0.00149944
114.012 362000 362000 0.302775 9.67904 9.48616 9.67904 9.48616 93365 0 0.00126912
114.313 359104 359104 0.302804 9.56336 9.48637 9.56336 9.48637 93613 0 0.00186435
114.611 360552 356208 0.300375 9.56273 9.48656 9.56273 9.48656 93859 0 0.00252626
114.906 362000 357656 0.298 9.67967 9.48706 9.67967 9.48706 94106 0 0.00215803
115.204 363448 359104 0.300429 9.67935 9.48756 9.67935 9.48756 94355 0 0.00181195
115.502 364896 360552 0.300429 9.67935 9.48805 9.67935 9.48805 94604 0 0.0014995
115.803 362000 362000 0.302804 9.67904 9.48855 9.67904 9.48855 94855 0 0.00126928
116.103 359104 359104 0.302828 9.56336 9.48874 9.56336 9.48874 95103 0 0.00186449
116.401 360552 356208 0.300453 9.56273 9.48893 9.56273 9.48893 95349 0 0.00252633
116.697 362000 357656 0.298 9.67967 9.48942 9.67967 9.48942 95596 0 0.00215803
116.995 363448 359104 0.300375 9.67935 9.4899 9.67935 9.4899 95845 0 0.00181191
117.293 364896 360552 0.300375 9.67935 9.49038 9.67935 9.49038 96094 0 0.00149946
117.593 362000 362000 0.302828 9.67904 9.49086 9.67904 9.49086 96345 0 0.00126942
117.894 359104 359104 0.302849 9.56336 9.49105 9.56336 9.49105 96593 0 0.00186461
118.192 360552 356208 0.300397 9.56273 9.49123 9.56273 9.49123 96839 0 0.00252628
118.487 362000 357656 0.298 9.67967 9.4917 9.67967 9.4917 97086 0 0.00215803
118.785 363448 359104 0.300453 9.67935 9.49217 9.67935 9.49217 97335 0 0.00181197
119.083 364896 360552 0.300453 9.67935 9.49264 9.67935 9.49264 97584 0 0.00149952
119.384 362000 362000 0.302849 9.67904 9.49311 9.67904 9.49311 97835 0 0.00126954
119.684 359104 359104 0.302744 9.56336 9.49328 9.56336 9.49328 98083 0 0.00186402
119.982 360552 356208 0.300347 9.56273 9.49345 9.56273 9.49345 98329 0 0.00252624
120.278 362000 357656 0.298 9.67967 9.49391 9.67967 9.49391 98576 0 0.00215803
120.576 363448 359104 0.300397 9.67935 9.49437 9.67935 9.49437 98825 0 0.00181192
120.874 364896 360552 0.300396 9.67935 9.49483 9.67935 9.49483 99074 0 0.00149947
121.174 362000 362000 0.302744 9.67904 9.49528 9.67904 9.49528 99325 0 0.00126895
121.474 359104 359104 0.302776 9.56336 9.49545 9.56336 9.49545 99573 0 0.0018642
121.772 360552 356208 0.300429 9.56273 9.49562 9.56273 9.49562 99819 0 0.00252631
122.068 362000 357656 0.298 9.67967 9.49606 9.67967 9.49606 100066 0 0.00215803
122.366 363448 359104 0.300346 9.67935 9.49651 9.67935 9.49651 100315 0 0.00181189
122.664 364896 360552 0.300347 9.67935 9.49695 9.67935 9.49695 100564 0 0.00149944
122.964 362000 362000 0.302776 9.67904 9.4974 9.67904 9.4974 100815 0 0.00126912
123.265 359104 359104 0.302804 9.56336 9.49756 9.56336 9.49756 101063 0 0.00186436
123.563 360552 356208 0.300375 9.56273 9.49772 9.56273 9.49772 101309 0 0.00252626
123.858 362000 357656 0.297998 9.67967 9.49815 9.67967 9.49815 101556 0 0.00215804
124.156 363448 359104 0.300429 9.67935 9.49858 9.67935 9.49858 101805 0 0.00181195
124.454 364896 360552 0.300429 9.67935 9.49902 9.67935 9.49902 102054 0 0.0014995
124.755 362000 362000 0.302804 9.67904 9.49945 9.67904 9.49945 102305 0 0.00126928
125.055 359104 359104 0.302829 9.56336 9.4996 9.56336 9.4996 102553 0 0.0018645
125.353 360552 356208 0.300451 9.56273 9.49975 9.56273 9.49975 102799 0 0.00252633
125.649 362000 357656 0.298 9.67967 9.50018 9.67967 9.50018 103046 0 0.00215803
125.947 363448 359104 0.300376 9.67935 9.5006 9.67935 9.5006 103295 0 0.00181191
126.245 364896 360552 0.300376 9.67935 9.50102 9.67935 9.50102 103544 0 0.00149946
126.545 362000 362000 0.30283 9.67904 9.50145 9.67904 9.50145 103795 0 0.00126942
126.845 359104 359104 0.302847 9.56336 9.50159 9.56336 9.50159 104043 0 0.0018646
127.143 360552 356208 0.300398 9.56273 9.50174 9.56273 9.50174 104289 0 0.00252628
127.439 362000 357656 0.298 9.67967 9.50215 9.67967 9.50215 104536 0 0.00215803
127.737 363448 359104 0.300454 9.67935 9.50256 9.67935 9.50256 104785 0 0.00181197
128.035 364896 360552 0.300454 9.67935 9.50297 9.67935 9.50297 105034 0 0.00149952
128.335 362000 362000 0.302844 9.67904 9.50339 9.67904 9.50339 105285 0 0.00126951
128.636 359104 359104 0.302748 9.56336 9.50353 9.56336 9.50353 105533 0 0.00186404
128.934 360552 356208 0.300349 9.56273 9.50366 9.56273 9.50366 105779 0 0.00252624
129.229 362000 357656 0.298 9.67967 9.50407 9.67967 9.50407 106026 0 0.00215803
129.527 363448 359104 0.300399 9.67935 9.50447 9.67935 9.50447 106275 0 0.00181192
129.825 364896 360552 0.300384 9.67935 9.50487 9.67935 9.50487 106524 0 0.00149946
130.126 362000 362000 0.302751 9.67904 9.50527 9.67904 9.50527 106775 0 0.00126899
130.426 359104 359104 0.302783 9.56336 9.50541 9.56336 9.50541 107023 0 0.00186424
130.724 360552 356208 0.300432 9.56273 9.50554 9.56273 9.50554 107269 0 0.00252631
131.02 362000 357656 0.298 9.67967 9.50593 9.67967 9.50593 107516 0 0.00215803
131.318 363448 359104 0.300326 9.67935 9.50632 9.67935 9.50632 107765 0 0.00181187
131.616 364896 360552 0.300354 9.67935 9.50671 9.67935 9.50671 108014 0 0.00149944
131.916 362000 362000 0.302789 9.67904 9.50711 9.67904 9.50711 108265 0 0.0012692
132.217 359104 359104 0.302816 9.56336 9.50723 9.56336 9.50723 108513 0 0.00186442
132.515 360552 356208 0.300381 9.56273 9.50736 9.56273 9.50736 108759 0 0.00252627
132.81 362000 357656 0.297957 9.67967 9.50774 9.67967 9.50774 109006 0 0.00215821
133.108 363448 359104 0.300441 9.67935 9.50813 9.67935 9.50813 109255 0 0.00181196
133.406 364896 360552 0.300441 9.67935 9.50851 9.67935 9.50851 109504 0 0.00149951
133.707 362000 362000 0.302827 9.67904 9.50889 9.67904 9.50889 109755 0 0.00126941
134.007 359104 359104 0.302849 9.56336 9.50902 9.56336 9.50902 110003 0 0.00186461
134.305 360552 356208 0.300399 9.56273 9.50913 9.56273 9.50913 110249 0 0.00252628
134.601 362000 357656 0.298 9.67967 9.50951 9.67967 9.50951 110496 0 0.00215803
134.899 363448 359104 0.300396 9.67935 9.50988 9.67935 9.50988 110745 0 0.00181192
135.197 364896 360552 0.300396 9.67935 9.51026 9.67935 9.51026 110994 0 0.00149947
135.497 362000 362000 0.302868 9.67904 9.51063 9.67904 9.51063 111245 0 0.00126964
135.797 359104 359104 0.302775 9.56336 9.51075 9.56336 9.51075 111493 0 0.0018642
136.095 360552 356208 0.300429 9.56273 9.51086 9.56273 9.51086 111739 0 0.00252631
136.391 362000 357656 0.298 9.67967 9.51123 9.67967 9.51123 111986 0 0.00215803
136.689 363448 359104 0.300347 9.67935 9.51159 9.67935 9.51159 112235 0 0.00181189
136.987 364896 360552 0.300347 9.67935 9.51196 9.67935 9.51196 112484 0 0.00149944
137.287 362000 362000 0.302775 9.67904 9.51233 9.67904 9.51233 112735 0 0.00126912
137.588 359104 359104 0.302804 9.56336 9.51244 9.56336 9.51244 112983 0 0.00186436
137.886 360552 356208 0.300375 9.56273 9.51255 9.56273 9.51255 113229 0 0.00252626
138.181 362000 357656 0.298 9.67967 9.5129 9.67967 9.5129 113476 0 0.00215803
138.479 363448 359104 0.300429 9.67935 9.51326 9.67935 9.51326 113725 0 0.00181195
138.777 364896 360552 0.300428 9.67935 9.51362 9.67935 9.51362 113974 0 0.0014995
139.078 362000 362000 0.302804 9.67904 9.51397 9.67904 9.51397 114225 0 0.00126928
139.378 359104 359104 0.302828 9.56336 9.51408 9.56336 9.51408 114473 0 0.00186449
139.676 360552 356208 0.300453 9.56273 9.51419 9.56273 9.51419 114719 0 0.00252633
139.972 362000 357656 0.298 9.67967 9.51453 9.67967 9.51453 114966 0 0.00215803
140.27 363448 359104 0.300375 9.67935 9.51488 9.67935 9.51488 115215 0 0.00181191
140.568 364896 360552 0.300375 9.67935 9.51523 9.67935 9.51523 115464 0 0.00149946
140.868 362000 362000 0.302828 9.67904 9.51558 9.67904 9.51558 115715 0 0.00126942
141.169 359104 359104 0.30285 9.56336 9.51568 9.56336 9.51568 115963 0 0.00186462
141.467 360552 356208 0.300397 9.56273 9.51578 9.56273 9.51578 116209 0 0.00252628
141.762 362000 357656 0.298 9.67967 9.51613 9.67967 9.51613 116456 0 0.00215804
142.06 363448 359104 0.300453 9.67935 9.51647 9.67935 9.51647 116705 0 0.00181197
142.358 364896 360552 0.300453 9.67935 9.51681 9.67935 9.51681 116954 0 0.00149952
142.659 362000 362000 0.30285 9.67904 9.51715 9.67904 9.51715 117205 0 0.00126954
142.959 359104 359104 0.302744 9.56336 9.51725 9.56336 9.51725 117453 0 0.00186402
143.257 360552 356208 0.300347 9.56273 9.51734 9.56273 9.51734 117699 0 0.00252624
143.553 362000 357656 0.298 9.67967 9.51768 9.67967 9.51768 117946 0 0.00215803
143.851 363448 359104 0.300397 9.67935 9.51801 9.67935 9.51801 118195 0 0.00181192
144.149 364896 360552 0.300397 9.67935 9.51834 9.67935 9.51834 118444 0 0.00149947
144.449 362000 362000 0.302744 9.67904 9.51868 9.67904 9.51868 118695 0 0.00126895
144.749 359104 359104 0.302775 9.56336 9.51877 9.56336 9.51877 118943 0 0.0018642
145.047 360552 356208 0.300429 9.56273 9.51886 9.56273 9.51886 119189 0 0.00252631
145.343 362000 357656 0.298 9.67967 9.51919 9.67967 9.51919 119436 0 0.00215803
145.641 363448 359104 0.300347 9.67935 9.51952 9.67935 9.51952 119685 0 0.00181189
145.939 364896 360552 0.300347 9.67935 9.51984 9.67935 9.51984 119934 0 0.00149944
146.239 362000 362000 0.302774 9.67904 9.52017 9.67904 9.52017 120185 0 0.00126911
146.54 359104 359104 0.302804 9.56336 9.52026 9.56336 9.52026 120433 0 0.00186436
146.838 360552 356208 0.300375 9.56273 9.52034 9.56273 9.52034 120679 0 0.00252626
147.133 362000 357656 0.298 9.67967 9.52066 9.67967 9.52066 120926 0 0.00215803
147.431 363448 359104 0.300429 9.67935 9.52099 9.67935 9.52099 121175 0 0.00181195
147.729 364896 360552 0.300426 9.67935 9.52131 9.67935 9.52131 121424 0 0.0014995
148.03 362000 362000 0.302805 9.67904 9.52163 9.67904 9.52163 121675 0 0.00126929
148.33 359104 359104 0.30283 9.56336 9.52171 9.56336 9.52171 121923 0 0.0018645
148.628 360552 356208 0.300454 9.56273 9.52179 9.56273 9.52179 122169 0 0.00252633
148.924 362000 357656 0.298 9.67967 9.52211 9.67967 9.52211 122416 0 0.00215803
149.222 363448 359104 0.300371 9.67935 9.52242 9.67935 9.52242 122665 0 0.0018119
149.52 364896 360552 0.300376 9.67935 9.52273 9.67935 9.52273 122914 0 0.00149946
149.82 362000 362000 0.302831 9.67904 9.52305 9.67904 9.52305 123165 0 0.00126943
150.12 359104 359104 0.302852 9.56336 9.52313 9.56336 9.52313 123413 0 0.00186463
150.418 360552 356208 0.300398 9.56273 9.5232 9.56273 9.5232 123659 0 0.00252628
150.714 362000 357656 0.297991 9.67967 9.52351 9.67967 9.52351 123906 0 0.00215807
151.012 363448 359104 0.300456 9.67935 9.52382 9.67935 9.52382 124155 0 0.00181197
151.31 364896 360552 0.300456 9.67935 9.52413 9.67935 9.52413 124404 0 0.00149952
151.61 362000 362000 0.302854 9.67904 9.52443 9.67904 9.52443 124655 0 0.00126956
151.911 359104 359104 0.302748 9.56336 9.52451 9.56336 9.52451 124903 0 0.00186404
152.209 360552 356208 0.300336 9.56273 9.52458 9.56273 9.52458 125149 0 0.00252624
152.504 362000 357656 0.298 9.67967 9.52488 9.67967 9.52488 125396 0 0.00215803
152.802 363448 359104 0.300401 9.67935 9.52519 9.67935 9.52519 125645 0 0.00181193
153.1 364896 360552 0.300401 9.67935 9.52549 9.67935 9.52549 125894 0 0.00149948
153.401 362000 362000 0.302751 9.67904 9.52579 9.67904 9.52579 126145 0 0.00126899
153.701 359104 359104 0.302761 9.56336 9.52586 9.56336 9.52586 126393 0 0.00186412
153.999 360552 356208 0.300435 9.56273 9.52593 9.56273 9.52593 126639 0 0.00252631
154.295 362000 357656 0.298 9.67967 9.52623 9.67967 9.52623 126886 0 0.00215803
154.593 363448 359104 0.300354 9.67935 9.52652 9.67935 9.52652 127135 0 0.00181189
154.891 364896 360552 0.300354 9.67935 9.52682 9.67935 9.52682 127384 0 0.00149944
155.191 362000 362000 0.302746 9.67904 9.52711 9.67904 9.52711 127635 0 0.00126896
155.492 359104 359104 0.302827 9.56336 9.52718 9.56336 9.52718 127883 0 0.00186449
155.79 360552 356208 0.300386 9.56273 9.52725 9.56273 9.52725 128129 0 0.00252627
156.085 362000 357656 0.298 9.67967 9.52754 9.67967 9.52754 128376 0 0.00215803
156.383 363448 359104 0.300441 9.67935 9.52783 9.67935 9.52783 128625 0 0.00181196
156.681 364896 360552 0.300357 9.67935 9.52811 9.67935 9.52811 128874 0 0.00149944
156.982 362000 362000 0.30285 9.67904 9.5284 9.67904 9.5284 129125 0 0.00126954
157.282 359104 359104 0.302868 9.56336 9.52847 9.56336 9.52847 129373 0 0.00186472
157.58 360552 356208 0.300472 9.56273 9.52853 9.56273 9.52853 129619 0 0.00252635
157.876 362000 357656 0.298 9.67967 9.52882 9.67967 9.52882 129866 0 0.00215803
158.174 363448 359104 0.300396 9.67935 9.5291 9.67935 9.5291 130115 0 0.00181192
158.472 364896 360552 0.300396 9.67935 9.52938 9.67935 9.52938 130364 0 0.00149947
158.772 362000 362000 0.302743 9.67904 9.52967 9.67904 9.52967 130615 0 0.00126894
159.072 359104 359104 0.302775 9.56336 9.52973 9.56336 9.52973 130863 0 0.0018642
159.37 360552 356208 0.300429 9.56273 9.52979 9.56273 9.52979 131109 0 0.00252631
159.666 362000 357656 0.298 9.67967 9.53007 9.67967 9.53007 131356 0 0.00215803
159.964 363448 359104 0.300347 9.67935 9.53035 9.67935 9.53035 131605 0 0.00181189
160.262 364896 360552 0.300347 9.67935 9.53062 9.67935 9.53062 131854 0 0.00149944
160.562 362000 362000 0.302775 9.67904 9.5309 9.67904 9.5309 132105 0 0.00126912
160.863 359104 359104 0.302804 9.56336 9.53096 9.56336 9.53096 132353 0 0.00186436
161.161 360552 356208 0.300375 9.56273 9.53102 9.56273 9.53102 132599 0 0.00252626
161.456 362000 357656 0.298 9.67967 9.53129 9.67967 9.53129 132846 0 0.00215803
161.754 363448 359104 0.300429 9.67935 9.53157 9.67935 9.53157 133095 0 0.00181195
162.052 364896 360552 0.300429 9.67935 9.53184 9.67935 9.53184 133344 0 0.0014995
162.353 362000 362000 0.302804 9.67904 9.53211 9.67904 9.53211 133595 0 0.00126928
162.653 359104 359104 0.302828 9.56336 9.53217 9.56336 9.53217 133843 0 0.00186449
162.951 360552 356208 0.300453 9.56273 9.53222 9.56273 9.53222 134089 0 0.00252633
163.247 362000 357656 0.298 9.67967 9.53249 9.67967 9.53249 134336 0 0.00215803
163.545 363448 359104 0.300375 9.67935 9.53276 9.67935 9.53276 134585 0 0.00181191
163.843 364896 360552 0.300375 9.67935 9.53303 9.67935 9.53303 134834 0 0.00149946
164.143 362000 362000 0.302828 9.67904 9.53329 9.67904 9.53329 135085 0 0.00126942
164.444 359104 359104 0.302849 9.56336 9.53335 9.56336 9.53335 135333 0 0.00186461
164.742 360552 356208 0.300397 9.56273 9.5334 9.56273 9.5334 135579 0 0.00252628
165.037 362000 357656 0.298 9.67967 9.53366 9.67967 9.53366 135826 0 0.00215803
165.335 363448 359104 0.300453 9.67935 9.53393 9.67935 9.53393 136075 0 0.00181197
165.633 364896 360552 0.300453 9.67935 9.53419 9.67935 9.53419 136324 0 0.00149952
165.934 362000 362000 0.302849 9.67904 9.53445 9.67904 9.53445 136575 0 0.00126954
166.234 359104 359104 0.302744 9.56336 9.5345 9.56336 9.5345 136823 0 0.00186402
166.532 360552 356208 0.300347 9.56273 9.53455 9.56273 9.53455 137069 0 0.00252624
166.828 362000 357656 0.298 9.67967 9.53481 9.67967 9.53481 137316 0 0.00215803
167.126 363448 359104 0.300397 9.67935 9.53507 9.67935 9.53507 137565 0 0.00181192
167.424 364896 360552 0.300396 9.67935 9.53532 9.67935 9.53532 137814 0 0.00149947
167.724 362000 362000 0.302744 9.67904 9.53558 9.67904 9.53558 138065 0 0.00126895
168.024 359104 359104 0.302776 9.56336 9.53563 9.56336 9.53563 138313 0 0.0018642
168.322 360552 356208 0.300429 9.56273 9.53568 9.56273 9.53568 138559 0 0.00252631
168.618 362000 357656 0.298 9.67967 9.53593 9.67967 9.53593 138806 0 0.00215803
168.916 363448 359104 0.300345 9.67935 9.53618 9.67935 9.53618 139055 0 0.00181188
169.214 364896 360552 0.300347 9.67935 9.53644 9.67935 9.53644 139304 0 0.00149944
169.514 362000 362000 0.302776 9.67904 9.53669 9.67904 9.53669 139555 0 0.00126913
169.815 359104 359104 0.302804 9.56336 9.53674 9.56336 9.53674 139803 0 0.00186436
170.113 360552 356208 0.300375 9.56273 9.53678 9.56273 9.53678 140049 0 0.00252626
170.408 362000 357656 0.297997 9.67967 9.53703 9.67967 9.53703 140296 0 0.00215805
170.706 363448 359104 0.300429 9.67935 9.53728 9.67935 9.53728 140545 0 0.00181195
171.004 364896 360552 0.300429 9.67935 9.53753 9.67935 9.53753 140794 0 0.0014995
171.305 362000 362000 0.302805 9.67904 9.53777 9.67904 9.53777 141045 0 0.00126929
171.605 359104 359104 0.30283 9.56336 9.53782 9.56336 9.53782 141293 0 0.0018645
171.903 360552 356208 0.300449 9.56273 9.53786 9.56273 9.53786 141539 0 0.00252632
172.199 362000 357656 0.298 9.67967 9.53811 9.67967 9.53811 141786 0 0.00215803
172.497 363448 359104 0.300376 9.67935 9.53835 9.67935 9.53835 142035 0 0.00181191
172.795 364896 360552 0.300376 9.67935 9.53859 9.67935 9.53859 142284 0 0.00149946
173.095 362000 362000 0.302831 9.67904 9.53884 9.67904 9.53884 142535 0 0.00126943
173.395 359104 359104 0.302844 9.56336 9.53888 9.56336 9.53888 142783 0 0.00186459
173.693 360552 356208 0.300399 9.56273 9.53892 9.56273 9.53892 143029 0 0.00252628
173.989 362000 357656 0.298 9.67967 9.53916 9.67967 9.53916 143276 0 0.00215803
174.287 363448 359104 0.300456 9.67935 9.5394 9.67935 9.5394 143525 0 0.00181197
174.585 364896 360552 0.300456 9.67935 9.53964 9.67935 9.53964 143774 0 0.00149952
174.885 362000 362000 0.30284 9.67904 9.53988 9.67904 9.53988 144025 0 0.00126948
175.186 359104 359104 0.302751 9.56336 9.53992 9.56336 9.53992 144273 0 0.00186407
175.484 360552 356208 0.300351 9.56273 9.53996 9.56273 9.53996 144519 0 0.00252625
175.779 362000 357656 0.298 9.67967 9.54019 9.67967 9.54019 144766 0 0.00215803
176.077 363448 359104 0.300401 9.67935 9.54043 9.67935 9.54043 145015 0 0.00181193
176.375 364896 360552 0.300372 9.67935 9.54066 9.67935 9.54066 145264 0 0.00149946
176.676 362000 362000 0.302759 9.67904 9.5409 9.67904 9.5409 145515 0 0.00126903
176.976 359104 359104 0.302789 9.56336 9.54093 9.56336 9.54093 145763 0 0.00186428
177.274 360552 356208 0.300435 9.56273 9.54097 9.56273 9.54097 146009 0 0.00252631
177.57 362000 357656 0.298 9.67967 9.5412 9.67967 9.5412 146256 0 0.00215803
177.868 363448 359104 0.300305 9.67935 9.54143 9.67935 9.54143 146505 0 0.00181186
178.166 364896 360552 0.300361 9.67935 9.54166 9.67935 9.54166 146754 0 0.00149945
178.466 362000 362000 0.302802 9.67904 9.5419 9.67904 9.5419 147005 0 0.00126927
178.767 359104 359104 0.302827 9.56336 9.54193 9.56336 9.54193 147253 0 0.00186449
179.065 360552 356208 0.300386 9.56273 9.54197 9.56273 9.54197 147499 0 0.00252627
179.36 362000 357656 0.297916 9.67967 9.54219 9.67967 9.54219 147746 0 0.00215838
179.658 363448 359104 0.300453 9.67935 9.54242 9.67935 9.54242 147995 0 0.00181197
179.956 364896 360552 0.300453 9.67935 9.54265 9.67935 9.54265 148244 0 0.00149952
180.257 362000 362000 0.30285 9.67904 9.54287 9.67904 9.54287 148495 0 0.00126954
180.557 359104 359104 0.302868 9.56336 9.54291 9.56336 9.54291 148743 0 0.00186472
180.855 360552 356208 0.300347 9.56273 9.54294 9.56273 9.54294 148989 0 0.00252624
181.151 362000 357656 0.298 9.67967 9.54316 9.67967 9.54316 149236 0 0.00215803
181.449 363448 359104 0.300396 9.67935 9.54339 9.67935 9.54339 149485 0 0.00181192
181.747 364896 360552 0.300396 9.67935 9.54361 9.67935 9.54361 149734 0 0.00149947
182.047 362000 362000 0.302743 9.67904 9.54383 9.67904 9.54383 149985 0 0.00126894
182.347 359104 359104 0.302775 9.56336 9.54387 9.56336 9.54387 150233 0 0.0018642
182.645 360552 356208 0.300429 9.56273 9.5439 9.56273 9.5439 150479 0 0.00252631
182.941 362000 357656 0.298 9.67967 9.54412 9.67967 9.54412 150726 0 0.00215803
183.239 363448 359104 0.300347 9.67935 9.54434 9.67935 9.54434 150975 0 0.00181189
183.537 364896 360552 0.300347 9.67935 9.54456 9.67935 9.54456 151224 0 0.00149944
183.837 362000 362000 0.302775 9.67904 9.54478 9.67904 9.54478 151475 0 0.00126912
184.138 359104 359104 0.302804 9.56336 9.54481 9.56336 9.54481 151723 0 0.00186436
184.436 360552 356208 0.300375 9.56273 9.54483 9.56273 9.54483 151969 0 0.00252626
184.731 362000 357656 0.298 9.67967 9.54505 9.67967 9.54505 152216 0 0.00215803
185.029 363448 359104 0.300429 9.67935 9.54527 9.67935 9.54527 152465 0 0.00181195
185.327 364896 360552 0.300428 9.67935 9.54548 9.67935 9.54548 152714 0 0.0014995
185.628 362000 362000 0.302804 9.67904 9.5457 9.67904 9.5457 152965 0 0.00126928
185.928 359104 359104 0.302828 9.56336 9.54573 9.56336 9.54573 153213 0 0.00186449
186.226 360552 356208 0.300453 9.56273 9.54575 9.56273 9.54575 153459 0 0.00252633
186.522 362000 357656 0.298 9.67967 9.54597 9.67967 9.54597 153706 0 0.00215803
186.82 363448 359104 0.300375 9.67935 9.54618 9.67935 9.54618 153955 0 0.00181191
187.118 364896 360552 0.300375 9.67935 9.54639 9.67935 9.54639 154204 0 0.00149946
187.418 362000 362000 0.302828 9.67904 9.5466 9.67904 9.5466 154455 0 0.00126942
187.719 359104 359104 0.30285 9.56336 9.54663 9.56336 9.54663 154703 0 0.00186462
188.017 360552 356208 0.300397 9.56273 9.54666 9.56273 9.54666 154949 0 0.00252628
188.312 362000 357656 0.297999 9.67967 9.54687 9.67967 9.54687 155196 0 0.00215804
188.61 363448 359104 0.300453 9.67935 9.54707 9.67935 9.54707 155445 0 0.00181197
188.908 364896 360552 0.300453 9.67935 9.54728 9.67935 9.54728 155694 0 0.00149952
189.209 362000 362000 0.30285 9.67904 9.54749 9.67904 9.54749 155945 0 0.00126954
189.509 359104 359104 0.302744 9.56336 9.54752 9.56336 9.54752 156193 0 0.00186402
189.807 360552 356208 0.300346 9.56273 9.54754 9.56273 9.54754 156439 0 0.00252624
190.103 362000 357656 0.298 9.67967 9.54775 9.67967 9.54775 156686 0 0.00215803
190.401 363448 359104 0.300397 9.67935 9.54795 9.67935 9.54795 156935 0 0.00181192
190.699 364896 360552 0.300397 9.67935 9.54816 9.67935 9.54816 157184 0 0.00149947
190.999 362000 362000 0.302744 9.67904 9.54836 9.67904 9.54836 157435 0 0.00126895
191.299 359104 359104 0.302774 9.56336 9.54839 9.56336 9.54839 157683 0 0.00186419
191.597 360552 356208 0.300429 9.56273 9.54841 9.56273 9.54841 157929 0 0.00252631
191.893 362000 357656 0.298 9.67967 9.54861 9.67967 9.54861 158176 0 0.00215803
192.191 363448 359104 0.300347 9.67935 9.54881 9.67935 9.54881 158425 0 0.00181189
192.489 364896 360552 0.300347 9.67935 9.54902 9.67935 9.54902 158674 0 0.00149944
192.789 362000 362000 0.302773 9.67904 9.54922 9.67904 9.54922 158925 0 0.00126911
193.09 359104 359104 0.302805 9.56336 9.54924 9.56336 9.54924 159173 0 0.00186436
193.388 360552 356208 0.300376 9.56273 9.54926 9.56273 9.54926 159419 0 0.00252626
193.683 362000 357656 0.298 9.67967 9.54946 9.67967 9.54946 159666 0 0.00215803
193.981 363448 359104 0.300429 9.67935 9.54966 9.67935 9.54966 159915 0 0.00181195
194.279 364896 360552 0.300424 9.67935 9.54986 9.67935 9.54986 160164 0 0.0014995
194.58 362000 362000 0.302807 9.67904 9.55006 9.67904 9.55006 160415 0 0.00126929
194.88 359104 359104 0.302831 9.56336 9.55008 9.56336 9.55008 160663 0 0.00186451
195.178 360552 356208 0.300454 9.56273 9.5501 9.56273 9.5501 160909 0 0.00252633
195.474 362000 357656 0.298 9.67967 9.55029 9.67967 9.55029 161156 0 0.00215803
195.772 363448 359104 0.300367 9.67935 9.55049 9.67935 9.55049 161405 0 0.0018119
196.07 364896 360552 0.300378 9.67935 9.55069 9.67935 9.55069 161654 0 0.00149946
196.37 362000 362000 0.302834 9.67904 9.55088 9.67904 9.55088 161905 0 0.00126945
196.67 359104 359104 0.302854 9.56336 9.5509 9.56336 9.5509 162153 0 0.00186464
196.968 360552 356208 0.300399 9.56273 9.55092 9.56273 9.55092 162399 0 0.00252628
197.264 362000 357656 0.297983 9.67967 9.55111 9.67967 9.55111 162646 0 0.0021581
197.562 363448 359104 0.300458 9.67935 9.55131 9.67935 9.55131 162895 0 0.00181198
197.86 364896 360552 0.300458 9.67935 9.5515 9.67935 9.5515 163144 0 0.00149953
198.16 362000 362000 0.302859 9.67904 9.55169 9.67904 9.55169 163395 0 0.00126959
198.461 359104 359104 0.302751 9.56336 9.55171 9.56336 9.55171 163643 0 0.00186407
198.759 360552 356208 0.300326 9.56273 9.55173 9.56273 9.55173 163889 0 0.00252623
199.054 362000 357656 0.298 9.67967 9.55192 9.67967 9.55192 164136 0 0.00215803
199.352 363448 359104 0.300405 9.67935 9.55211 9.67935 9.55211 164385 0 0.00181193
199.65 364896 360552 0.300405 9.67935 9.5523 9.67935 9.5523 164634 0 0.00149948
199.951 362000 362000 0.302759 9.67904 9.55249 9.67904 9.55249 164885 0 0.00126903
