0.200133 14480 0 0 0 0 0 0 0 0 0 1.09149
0.401462 15928 13032 0.200125 0.575376 0.288545 0.575376 0.288545 10 0 1 0.941694
0.403866 17376 13032 0.200484 9.64048 0.344194 9.64048 0.344194 12 0 1 0.941622
0.406269 21720 14480 0.201174 14.4607 0.427697 14.4607 0.427697 15 0 1 0.934165
0.408672 23168 18824 0.202027 24.1012 0.56691 24.1012 0.56691 20 0 1 0.911739
0.411075 24616 20272 0.203149 14.4607 0.648135 14.4607 0.648135 23 0 1 0.9042
0.60275 26064 21720 0.228005 0.181307 0.499683 0.181307 0.499683 26 0 1 0.892713
0.605153 27512 23168 0.225004 14.4607 0.555126 14.4607 0.555126 29 0 1 0.885894
0.607556 33304 24616 0.222379 14.4607 0.61013 14.4607 0.61013 32 0 1 0.879287
0.811246 40544 30408 0.226387 1.25115 0.77108 1.25115 0.77108 54 0 1 0.850191
1.01253 49232 37648 0.226551 1.55384 0.926689 1.55384 0.926689 81 0 1 0.815221
1.21262 63712 46336 0.209382 1.85265 1.07947 1.85265 1.07947 113 0 1 0.777845
1.41271 82536 60816 0.207754 2.4316 1.27098 2.4316 1.27098 155 0 1 0.712978
1.61279 105704 79640 0.212061 3.18424 1.50834 3.18424 1.50834 210 0 1 0.631906
1.81408 124528 102808 0.23573 4.14357 1.80074 4.14357 1.80074 282 0 1 0.533502
2.01537 147696 121632 0.237194 4.89171 2.10946 4.89171 2.10946 367 0 1 0.464262
2.1163 183896 144800 0.218203 11.4768 2.55622 11.4768 2.55622 467 0 1 0.392842
2.33561 227336 181000 0.221629 6.60249 2.93616 6.60249 2.93616 592 0 1 0.287195
2.5369 299736 224440 0.2038 8.97774 3.41552 8.97774 3.41552 748 0 1 0.207726
2.73819 393856 296840 0.203658 11.8552 4.03593 11.8552 4.03593 954 0 1 0.115718
2.98572 447432 390960 0.250018 12.6824 4.75276 12.6824 4.75276 1225 0 1 0.0247212
3.31015 422816 444536 0.326829 10.9616 5.3613 10.9616 5.3613 1532 0 1 0.0394128
3.68024 367792 419920 0.37258 9.10837 5.73811 9.10837 5.73811 1823 0 1 0.0411466
4.0287 333040 364896 0.350852 8.37724 5.96639 8.37724 5.96639 2075 0 1 0.0119001
4.33151 330144 330144 0.305226 8.72234 6.15905 8.72234 6.15905 2303 0 1 0.0143949
4.60547 350416 327248 0.276391 9.55591 6.36111 9.55591 6.36111 2529 0 1 0.0196949
4.87703 373584 347520 0.273974 10.2377 6.57697 10.2377 6.57697 2769 0 1 0.00986422
5.16542 382272 370688 0.290774 10.2832 6.78389 10.2832 6.78389 3025 0 1 0.000754095
5.47303 375032 379376 0.310064 9.86643 6.95714 9.86643 6.95714 3287 0 1 0.000610207
5.78785 362000 372136 0.317247 9.4565 7.09309 9.4565 7.09309 3544 0 1 0.00156349
6.09786 351864 359104 0.312364 9.30418 7.2055 9.30418 7.2055 3793 0 1 0.0026803
6.39586 353312 348968 0.300349 9.36837 7.30627 9.36837 7.30627 4034 0 1 0.00483398
6.68664 359104 350416 0.293126 9.68032 7.40951 9.68032 7.40951 4277 0 1 0.00458357
6.97743 364896 356208 0.293211 9.79983 7.50913 9.79983 7.50913 4523 0 1 0.00279587
7.27302 366344 362000 0.298 9.79724 7.60212 9.79724 7.60212 4773 0 1 0.00122069
7.57342 364896 363448 0.302868 9.67904 7.68451 9.67904 7.68451 5024 0 1 0.000972102
7.87623 360552 362000 0.305194 9.60222 7.75823 9.60222 7.75823 5275 0 1 0.00136295
8.17663 359104 357656 0.302778 9.52479 7.82313 9.52479 7.82313 5522 0 1 0.00216175
8.47462 360552 356208 0.300386 9.60161 7.88567 9.60161 7.88567 5769 0 1 0.00252627
8.77022 362000 357656 0.298 9.67967 7.94614 9.67967 7.94614 6016 0 1 0.00215803
9.06821 363448 359104 0.300441 9.67935 8.00309 9.67935 8.00309 6265 0 1 0.00181196
9.36621 364896 360552 0.300441 9.67935 8.05642 9.67935 8.05642 6514 0 1 0.00149951
9.66661 363448 362000 0.302754 9.67904 8.10685 9.67904 8.10685 6765 0 1 0.00122427
9.96701 362000 360552 0.302868 9.60192 8.15191 9.60192 8.15191 7014 0 1 0.00150754
10.2674 360552 359104 0.302885 9.60192 8.19433 9.60192 8.19433 7263 0 1 0.00182009
10.5654 362000 357656 0.300413 9.60161 8.23403 9.60161 8.23403 7510 0 1 0.0021542
10.8634 363448 359104 0.300413 9.67935 8.27367 9.67935 8.27367 7759 0 1 0.00181194
11.1614 364896 360552 0.300304 9.67935 8.3112 9.67935 8.3112 8008 0 1 0.00149941
11.4618 363448 362000 0.302804 9.67904 8.34705 9.67904 8.34705 8259 0 1 0.00122455
11.7622 362000 360552 0.302828 9.60192 8.3791 9.60192 8.3791 8508 0 1 0.00150731
12.0626 360552 359104 0.30285 9.60192 8.40955 9.60192 8.40955 8757 0 1 0.00181989
12.3606 362000 357656 0.300396 9.60161 8.43829 9.60161 8.43829 9004 0 1 0.00215419
12.6586 363448 359104 0.300396 9.67935 8.46751 9.67935 8.46751 9253 0 1 0.00181192
12.9566 364896 360552 0.300396 9.67935 8.49538 9.67935 8.49538 9502 0 1 0.00149947
13.257 363448 362000 0.302743 9.67904 8.5222 9.67904 8.5222 9753 0 1 0.00122421
13.5574 362000 360552 0.302775 9.60192 8.54613 9.60192 8.54613 10002 0 1 0.00150702
13.8578 360552 359104 0.302804 9.60192 8.56901 9.60192 8.56901 10251 0 1 0.00181963
14.1558 362000 357656 0.300375 9.60161 8.59075 9.60161 8.59075 10498 0 1 0.00215417
14.4538 363448 359104 0.300375 9.67935 8.61319 9.67935 8.61319 10747 0 1 0.00181191
14.7518 364896 360552 0.300375 9.67935 8.63473 9.67935 8.63473 10996 0 1 0.00149946
15.0522 363448 362000 0.302828 9.67904 8.65557 9.67904 8.65557 11247 0 1 0.00122469
15.3526 362000 360552 0.30285 9.60192 8.67409 9.60192 8.67409 11496 0 1 0.00150744
15.653 360552 359104 0.302743 9.60192 8.69189 9.60192 8.69189 11745 0 1 0.00181929
15.951 362000 357656 0.300347 9.60161 8.70889 9.60161 8.70889 11992 0 1 0.00215415
16.249 363448 359104 0.300347 9.67935 8.72669 9.67935 8.72669 12241 0 1 0.00181189
16.547 364896 360552 0.300347 9.67935 8.74384 9.67935 8.74384 12490 0 1 0.00149944
16.8474 363448 362000 0.302775 9.67904 8.76052 9.67904 8.76052 12741 0 1 0.00122439
17.1478 362000 360552 0.302804 9.60192 8.77526 9.60192 8.77526 12990 0 1 0.00150718
17.4482 360552 359104 0.302828 9.60192 8.78949 9.60192 8.78949 13239 0 1 0.00181976
17.7462 362000 357656 0.300453 9.60161 8.80313 9.60161 8.80313 13486 0 1 0.00215424
18.0442 363448 359104 0.300453 9.67935 8.8176 9.67935 8.8176 13735 0 1 0.00181197
18.3422 364896 360552 0.300453 9.67935 8.8316 9.67935 8.8316 13984 0 1 0.00149952
18.6426 363448 362000 0.30285 9.67904 8.84526 9.67904 8.84526 14235 0 1 0.00122481
18.943 362000 360552 0.302743 9.60192 8.85725 9.60192 8.85725 14484 0 1 0.00150684
19.2434 360552 359104 0.302776 9.60192 8.86888 9.60192 8.86888 14733 0 1 0.00181947
19.5414 362000 357656 0.300429 9.60161 8.88005 9.60161 8.88005 14980 0 1 0.00215422
19.8394 363448 359104 0.300429 9.67935 8.89206 9.67935 8.89206 15229 0 1 0.00181195
20.1374 364896 360552 0.300429 9.67935 8.90371 9.67935 8.90371 15478 0 1 0.0014995
20.4378 363448 362000 0.302803 9.67904 8.91511 9.67904 8.91511 15729 0 1 0.00122455
20.7382 362000 360552 0.302828 9.60192 8.92505 9.60192 8.92505 15978 0 1 0.00150732
21.0386 360552 359104 0.30285 9.60192 8.93472 9.60192 8.93472 16227 0 1 0.00181989
21.3366 362000 357656 0.300397 9.60161 8.94403 9.60161 8.94403 16474 0 1 0.00215419
21.6345 363448 359104 0.300397 9.67935 8.95416 9.67935 8.95416 16723 0 1 0.00181192
21.9325 364896 360552 0.300396 9.67935 8.96401 9.67935 8.96401 16972 0 1 0.00149947
22.2329 363448 362000 0.302744 9.67904 8.97368 9.67904 8.97368 17223 0 1 0.00122421
22.5333 362000 360552 0.302776 9.60192 8.98205 9.60192 8.98205 17472 0 1 0.00150702
22.8337 360552 359104 0.302804 9.60192 8.99021 9.60192 8.99021 17721 0 1 0.00181963
23.1317 362000 357656 0.300375 9.60161 8.99808 9.60161 8.99808 17968 0 1 0.00215417
23.4297 363448 359104 0.300375 9.67935 9.00675 9.67935 9.00675 18217 0 1 0.00181191
23.7277 364896 360552 0.300375 9.67935 9.01519 9.67935 9.01519 18466 0 1 0.00149946
24.0281 363448 362000 0.302828 9.67904 9.02349 9.67904 9.02349 18717 0 1 0.00122469
24.3285 362000 360552 0.30285 9.60192 9.03064 9.60192 9.03064 18966 0 1 0.00150744
24.6289 360552 359104 0.302744 9.60192 9.0376 9.60192 9.0376 19215 0 1 0.00181929
24.9269 362000 357656 0.300347 9.60161 9.04435 9.60161 9.04435 19462 0 1 0.00215415
25.2249 363448 359104 0.300347 9.67935 9.05185 9.67935 9.05185 19711 0 1 0.00181189
25.5229 364896 360552 0.300347 9.67935 9.05917 9.67935 9.05917 19960 0 1 0.00149944
25.8233 363448 362000 0.302776 9.67904 9.06639 9.67904 9.06639 20211 0 1 0.00122439
26.1237 362000 360552 0.302804 9.60192 9.07254 9.60192 9.07254 20460 0 1 0.00150718
26.4241 360552 359104 0.302828 9.60192 9.07856 9.60192 9.07856 20709 0 1 0.00181976
26.7221 362000 357656 0.300453 9.60161 9.08439 9.60161 9.08439 20956 0 1 0.00215424
27.0201 363448 359104 0.300453 9.67935 9.09096 9.67935 9.09096 21205 0 1 0.00181197
27.3181 364896 360552 0.300453 9.67935 9.09737 9.67935 9.09737 21454 0 1 0.00149952
27.6185 363448 362000 0.30285 9.67904 9.1037 9.67904 9.1037 21705 0 1 0.00122481
27.9189 362000 360552 0.302743 9.60192 9.10906 9.60192 9.10906 21954 0 1 0.00150684
28.2193 360552 359104 0.302776 9.60192 9.11431 9.60192 9.11431 22203 0 1 0.00181947
28.5173 362000 357656 0.300429 9.60161 9.1194 9.60161 9.1194 22450 0 1 0.00215422
28.8153 363448 359104 0.300429 9.67935 9.12519 9.67935 9.12519 22699 0 1 0.00181195
29.1133 364896 360552 0.300429 9.67935 9.13086 9.67935 9.13086 22948 0 1 0.0014995
29.4137 363448 362000 0.302803 9.67904 9.13646 9.67904 9.13646 23199 0 1 0.00122454
29.7141 362000 360552 0.302829 9.60192 9.14117 9.60192 9.14117 23448 0 1 0.00150732
30.0145 360552 359104 0.30285 9.60192 9.14578 9.60192 9.14578 23697 0 1 0.00181989
30.3125 362000 357656 0.300397 9.60161 9.15026 9.60161 9.15026 23944 0 1 0.00215419
30.6105 363448 359104 0.300397 9.67935 9.15541 9.67935 9.15541 24193 0 1 0.00181192
30.9085 364896 360552 0.300395 9.67935 9.16046 9.67935 9.16046 24442 0 1 0.00149947
31.2089 363448 362000 0.302744 9.67904 9.16545 9.67904 9.16545 24693 0 1 0.00122422
31.5093 362000 360552 0.302776 9.60192 9.16962 9.60192 9.16962 24942 0 1 0.00150703
31.8097 360552 359104 0.302804 9.60192 9.1737 9.60192 9.1737 25191 0 1 0.00181963
32.1077 362000 357656 0.300375 9.60161 9.17767 9.60161 9.17767 25438 0 1 0.00215417
32.4057 363448 359104 0.300373 9.67935 9.18228 9.67935 9.18228 25687 0 1 0.0018119
32.7037 364896 360552 0.300376 9.67935 9.18681 9.67935 9.18681 25936 0 1 0.00149946
33.0041 363448 362000 0.30283 9.67904 9.19129 9.67904 9.19129 26187 0 1 0.00122469
33.3045 362000 360552 0.302851 9.60192 9.195 9.60192 9.195 26436 0 1 0.00150744
33.6049 360552 359104 0.302744 9.60192 9.19863 9.60192 9.19863 26685 0 1 0.0018193
33.9029 362000 357656 0.300344 9.60161 9.20218 9.60161 9.20218 26932 0 1 0.00215415
34.2009 363448 359104 0.300348 9.67935 9.20633 9.67935 9.20633 27181 0 1 0.00181189
34.4989 364896 360552 0.300348 9.67935 9.21042 9.67935 9.21042 27430 0 1 0.00149944
34.7993 363448 362000 0.302777 9.67904 9.21446 9.67904 9.21446 27681 0 1 0.0012244
35.0997 362000 360552 0.302805 9.60192 9.21778 9.60192 9.21778 27930 0 1 0.00150719
35.4001 360552 359104 0.302825 9.60192 9.22104 9.60192 9.22104 28179 0 1 0.00181975
35.6981 362000 357656 0.300454 9.60161 9.22422 9.60161 9.22422 28426 0 1 0.00215424
35.9961 363448 359104 0.300454 9.67935 9.22799 9.67935 9.22799 28675 0 1 0.00181197
36.2941 364896 360552 0.300454 9.67935 9.23169 9.67935 9.23169 28924 0 1 0.00149952
36.5945 363448 362000 0.302852 9.67904 9.23536 9.67904 9.23536 29175 0 1 0.00122482
36.8949 362000 360552 0.302739 9.60192 9.23835 9.60192 9.23835 29424 0 1 0.00150682
37.1953 360552 359104 0.302779 9.60192 9.24128 9.60192 9.24128 29673 0 1 0.00181949
37.4933 362000 357656 0.30043 9.60161 9.24415 9.60161 9.24415 29920 0 1 0.00215422
37.7913 363448 359104 0.30043 9.67935 9.24758 9.67935 9.24758 30169 0 1 0.00181195
38.0893 364896 360552 0.30043 9.67935 9.25096 9.67935 9.25096 30418 0 1 0.0014995
38.3897 363448 362000 0.302797 9.67904 9.25431 9.67904 9.25431 30669 0 1 0.00122451
38.6901 362000 360552 0.302834 9.60192 9.25701 9.60192 9.25701 30918 0 1 0.00150735
38.9905 360552 359104 0.302854 9.60192 9.25966 9.60192 9.25966 31167 0 1 0.00181991
39.2885 362000 357656 0.300399 9.60161 9.26226 9.60161 9.26226 31414 0 1 0.00215419
39.5865 363448 359104 0.300399 9.67935 9.2654 9.67935 9.2654 31663 0 1 0.00181192
39.8844 364896 360552 0.300384 9.67935 9.26849 9.67935 9.26849 31912 0 1 0.00149946
40.1848 363448 362000 0.302751 9.67904 9.27156 9.67904 9.27156 32163 0 1 0.00122426
40.4852 362000 360552 0.302783 9.60192 9.27401 9.60192 9.27401 32412 0 1 0.00150706
40.7856 360552 359104 0.30281 9.60192 9.27643 9.60192 9.27643 32661 0 1 0.00181966
41.0836 362000 357656 0.300378 9.60161 9.27878 9.60161 9.27878 32908 0 1 0.00215418
41.3816 363448 359104 0.300359 9.67935 9.28167 9.67935 9.28167 33157 0 1 0.00181189
41.6796 364896 360552 0.300381 9.67935 9.28451 9.67935 9.28451 33406 0 1 0.00149946
41.98 363448 362000 0.302839 9.67904 9.28734 9.67904 9.28734 33657 0 1 0.00122475
42.2804 362000 360552 0.302859 9.60192 9.28957 9.60192 9.28957 33906 0 1 0.00150749
42.5808 360552 359104 0.302751 9.60192 9.29177 9.60192 9.29177 34155 0 1 0.00181934
42.8788 362000 357656 0.300326 9.60161 9.29393 9.60161 9.29393 34402 0 1 0.00215414
43.1768 363448 359104 0.300354 9.67935 9.29659 9.67935 9.29659 34651 0 1 0.00181189
43.4748 364896 360552 0.300354 9.67935 9.29921 9.67935 9.29921 34900 0 1 0.00149944
43.7752 363448 362000 0.302789 9.67904 9.30182 9.67904 9.30182 35151 0 1 0.00122447
44.0756 362000 360552 0.302816 9.60192 9.30386 9.60192 9.30386 35400 0 1 0.00150724
44.376 360552 359104 0.302806 9.60192 9.30588 9.60192 9.30588 35649 0 1 0.00181964
44.674 362000 357656 0.300463 9.60161 9.30785 9.60161 9.30785 35896 0 1 0.00215425
44.972 363448 359104 0.300463 9.67935 9.31031 9.67935 9.31031 36145 0 1 0.00181198
45.27 364896 360552 0.300463 9.67935 9.31274 9.67935 9.31274 36394 0 1 0.00149953
45.5704 363448 362000 0.302868 9.67904 9.31516 9.67904 9.31516 36645 0 1 0.00122491
45.8708 362000 360552 0.30271 9.60192 9.31704 9.60192 9.31704 36894 0 1 0.00150666
46.1712 360552 359104 0.302802 9.60192 9.31889 9.60192 9.31889 37143 0 1 0.00181962
46.4692 362000 357656 0.300441 9.60161 9.3207 9.60161 9.3207 37390 0 1 0.00215423
46.7672 363448 359104 0.300441 9.67935 9.32299 9.67935 9.32299 37639 0 1 0.00181196
47.0652 364896 360552 0.300441 9.67935 9.32524 9.67935 9.32524 37888 0 1 0.00149951
47.3656 363448 362000 0.302754 9.67904 9.32749 9.67904 9.32749 38139 0 1 0.00122427
47.666 362000 360552 0.302868 9.60192 9.32922 9.60192 9.32922 38388 0 1 0.00150754
47.9664 360552 359104 0.302885 9.60192 9.33093 9.60192 9.33093 38637 0 1 0.00182009
48.2644 362000 357656 0.300413 9.60161 9.3326 9.60161 9.3326 38884 0 1 0.0021542
48.5624 363448 359104 0.300413 9.67935 9.33472 9.67935 9.33472 39133 0 1 0.00181194
48.8604 364896 360552 0.300304 9.67935 9.33683 9.67935 9.33683 39382 0 1 0.00149941
49.1608 363448 362000 0.302804 9.67904 9.33892 9.67904 9.33892 39633 0 1 0.00122455
49.4612 362000 360552 0.302828 9.60192 9.34052 9.60192 9.34052 39882 0 1 0.00150731
49.7616 360552 359104 0.30285 9.60192 9.34209 9.60192 9.34209 40131 0 1 0.00181989
50.0596 362000 357656 0.300396 9.60161 9.34364 9.60161 9.34364 40378 0 1 0.00215419
50.3576 363448 359104 0.300396 9.67935 9.34562 9.67935 9.34562 40627 0 1 0.00181192
50.6556 364896 360552 0.300396 9.67935 9.34759 9.67935 9.34759 40876 0 1 0.00149947
50.956 363448 362000 0.302743 9.67904 9.34954 9.67904 9.34954 41127 0 1 0.00122421
51.2564 362000 360552 0.302775 9.60192 9.35102 9.60192 9.35102 41376 0 1 0.00150702
51.5568 360552 359104 0.302804 9.60192 9.35248 9.60192 9.35248 41625 0 1 0.00181963
51.8548 362000 357656 0.300375 9.60161 9.35391 9.60161 9.35391 41872 0 1 0.00215417
52.1528 363448 359104 0.300375 9.67935 9.35577 9.67935 9.35577 42121 0 1 0.00181191
52.4508 364896 360552 0.300375 9.67935 9.35761 9.67935 9.35761 42370 0 1 0.00149946
52.7512 363448 362000 0.302828 9.67904 9.35944 9.67904 9.35944 42621 0 1 0.00122469
53.0516 362000 360552 0.30285 9.60192 9.36082 9.60192 9.36082 42870 0 1 0.00150744
53.352 360552 359104 0.302743 9.60192 9.36217 9.60192 9.36217 43119 0 1 0.00181929
53.65 362000 357656 0.300347 9.60161 9.3635 9.60161 9.3635 43366 0 1 0.00215415
53.948 363448 359104 0.300347 9.67935 9.36525 9.67935 9.36525 43615 0 1 0.00181189
54.246 364896 360552 0.300347 9.67935 9.36697 9.67935 9.36697 43864 0 1 0.00149944
54.5464 363448 362000 0.302775 9.67904 9.36869 9.67904 9.36869 44115 0 1 0.00122439
54.8468 362000 360552 0.302803 9.60192 9.36997 9.60192 9.36997 44364 0 1 0.00150718
55.1472 360552 359104 0.302828 9.60192 9.37123 9.60192 9.37123 44613 0 1 0.00181976
55.4452 362000 357656 0.300453 9.60161 9.37247 9.60161 9.37247 44860 0 1 0.00215424
55.7432 363448 359104 0.300453 9.67935 9.37411 9.67935 9.37411 45109 0 1 0.00181197
56.0412 364896 360552 0.300453 9.67935 9.37573 9.67935 9.37573 45358 0 1 0.00149952
56.3416 363448 362000 0.302849 9.67904 9.37735 9.67904 9.37735 45609 0 1 0.00122481
56.642 362000 360552 0.302743 9.60192 9.37854 9.60192 9.37854 45858 0 1 0.00150684
56.9424 360552 359104 0.302776 9.60192 9.37972 9.60192 9.37972 46107 0 1 0.00181947
57.2404 362000 357656 0.300429 9.60161 9.38088 9.60161 9.38088 46354 0 1 0.00215422
57.5384 363448 359104 0.300429 9.67935 9.38242 9.67935 9.38242 46603 0 1 0.00181195
57.8364 364896 360552 0.300428 9.67935 9.38395 9.67935 9.38395 46852 0 1 0.0014995
58.1368 363448 362000 0.302804 9.67904 9.38548 9.67904 9.38548 47103 0 1 0.00122455
58.4372 362000 360552 0.302828 9.60192 9.38659 9.60192 9.38659 47352 0 1 0.00150732
58.7376 360552 359104 0.30285 9.60192 9.38769 9.60192 9.38769 47601 0 1 0.00181989
59.0355 362000 357656 0.300397 9.60161 9.38877 9.60161 9.38877 47848 0 1 0.00215419
59.3335 363448 359104 0.300396 9.67935 9.39023 9.67935 9.39023 48097 0 1 0.00181192
59.6315 364896 360552 0.300397 9.67935 9.39167 9.67935 9.39167 48346 0 1 0.00149947
59.9319 363448 362000 0.302744 9.67904 9.39312 9.67904 9.39312 48597 0 1 0.00122421
60.2323 362000 360552 0.302776 9.60192 9.39416 9.60192 9.39416 48846 0 1 0.00150702
60.5327 360552 359104 0.302804 9.60192 9.39519 9.60192 9.39519 49095 0 1 0.00181963
60.8307 362000 357656 0.300375 9.60161 9.3962 9.60161 9.3962 49342 0 1 0.00215417
61.1287 363448 359104 0.300375 9.67935 9.39758 9.67935 9.39758 49591 0 1 0.00181191
61.4267 364896 360552 0.300375 9.67935 9.39895 9.67935 9.39895 49840 0 1 0.00149946
61.7271 363448 362000 0.302828 9.67904 9.40031 9.67904 9.40031 50091 0 1 0.00122469
62.0275 362000 360552 0.30285 9.60192 9.40129 9.60192 9.40129 50340 0 1 0.00150744
62.3279 360552 359104 0.302743 9.60192 9.40225 9.60192 9.40225 50589 0 1 0.00181929
62.6259 362000 357656 0.300347 9.60161 9.4032 9.60161 9.4032 50836 0 1 0.00215415
62.9239 363448 359104 0.300347 9.67935 9.40451 9.67935 9.40451 51085 0 1 0.00181189
63.2219 364896 360552 0.300347 9.67935 9.4058 9.67935 9.4058 51334 0 1 0.00149944
63.5223 363448 362000 0.302776 9.67904 9.4071 9.67904 9.4071 51585 0 1 0.00122439
63.8227 362000 360552 0.302803 9.60192 9.40801 9.60192 9.40801 51834 0 1 0.00150717
64.1231 360552 359104 0.302828 9.60192 9.40892 9.60192 9.40892 52083 0 1 0.00181977
64.4211 362000 357656 0.300453 9.60161 9.40981 9.60161 9.40981 52330 0 1 0.00215424
64.7191 363448 359104 0.300453 9.67935 9.41105 9.67935 9.41105 52579 0 1 0.00181197
65.0171 364896 360552 0.300453 9.67935 9.41228 9.67935 9.41228 52828 0 1 0.00149952
65.3175 363448 362000 0.302849 9.67904 9.41351 9.67904 9.41351 53079 0 1 0.0012248
65.6179 362000 360552 0.302744 9.60192 9.41437 9.60192 9.41437 53328 0 1 0.00150685
65.9183 360552 359104 0.302776 9.60192 9.41523 9.60192 9.41523 53577 0 1 0.00181947
66.2163 362000 357656 0.300429 9.60161 9.41607 9.60161 9.41607 53824 0 1 0.00215422
66.5143 363448 359104 0.300429 9.67935 9.41725 9.67935 9.41725 54073 0 1 0.00181195
66.8123 364896 360552 0.300427 9.67935 9.41842 9.67935 9.41842 54322 0 1 0.0014995
67.1127 363448 362000 0.302804 9.67904 9.41958 9.67904 9.41958 54573 0 1 0.00122455
67.4131 362000 360552 0.302829 9.60192 9.42039 9.60192 9.42039 54822 0 1 0.00150732
67.7135 360552 359104 0.30285 9.60192 9.4212 9.60192 9.4212 55071 0 1 0.00181989
68.0115 362000 357656 0.300397 9.60161 9.42199 9.60161 9.42199 55318 0 1 0.00215419
68.3095 363448 359104 0.300395 9.67935 9.42311 9.67935 9.42311 55567 0 1 0.00181192
68.6075 364896 360552 0.300397 9.67935 9.42423 9.67935 9.42423 55816 0 1 0.00149947
68.9079 363448 362000 0.302744 9.67904 9.42534 9.67904 9.42534 56067 0 1 0.00122422
69.2083 362000 360552 0.302776 9.60192 9.4261 9.60192 9.4261 56316 0 1 0.00150703
69.5087 360552 359104 0.302804 9.60192 9.42686 9.60192 9.42686 56565 0 1 0.00181963
69.8067 362000 357656 0.300373 9.60161 9.42761 9.60161 9.42761 56812 0 1 0.00215417
70.1047 363448 359104 0.300376 9.67935 9.42868 9.67935 9.42868 57061 0 1 0.00181191
70.4027 364896 360552 0.300376 9.67935 9.42974 9.67935 9.42974 57310 0 1 0.00149946
70.7031 363448 362000 0.30283 9.67904 9.4308 9.67904 9.4308 57561 0 1 0.00122469
71.0035 362000 360552 0.302851 9.60192 9.43152 9.60192 9.43152 57810 0 1 0.00150744
71.3039 360552 359104 0.302741 9.60192 9.43224 9.60192 9.43224 58059 0 1 0.00181928
71.6019 362000 357656 0.300348 9.60161 9.43295 9.60161 9.43295 58306 0 1 0.00215416
71.8999 363448 359104 0.300348 9.67935 9.43397 9.67935 9.43397 58555 0 1 0.00181189
72.1979 364896 360552 0.300348 9.67935 9.43498 9.67935 9.43498 58804 0 1 0.00149944
72.4983 363448 362000 0.302777 9.67904 9.43599 9.67904 9.43599 59055 0 1 0.0012244
72.7987 362000 360552 0.3028 9.60192 9.43668 9.60192 9.43668 59304 0 1 0.00150716
73.0991 360552 359104 0.302831 9.60192 9.43736 9.60192 9.43736 59553 0 1 0.00181978
73.3971 362000 357656 0.300454 9.60161 9.43802 9.60161 9.43802 59800 0 1 0.00215424
73.6951 363448 359104 0.300454 9.67935 9.439 9.67935 9.439 60049 0 1 0.00181197
73.9931 364896 360552 0.300454 9.67935 9.43997 9.67935 9.43997 60298 0 1 0.00149952
74.2935 363448 362000 0.302844 9.67904 9.44093 9.67904 9.44093 60549 0 1 0.00122478
74.5939 362000 360552 0.302748 9.60192 9.44158 9.60192 9.44158 60798 0 1 0.00150687
74.8943 360552 359104 0.302779 9.60192 9.44222 9.60192 9.44222 61047 0 1 0.00181949
75.1923 362000 357656 0.30043 9.60161 9.44286 9.60161 9.44286 61294 0 1 0.00215422
75.4903 363448 359104 0.30043 9.67935 9.44379 9.67935 9.44379 61543 0 1 0.00181195
75.7883 364896 360552 0.300419 9.67935 9.44472 9.67935 9.44472 61792 0 1 0.00149949
76.0887 363448 362000 0.30281 9.67904 9.44564 9.67904 9.44564 62043 0 1 0.00122458
76.3891 362000 360552 0.302834 9.60192 9.44626 9.60192 9.44626 62292 0 1 0.00150735
76.6895 360552 359104 0.302854 9.60192 9.44687 9.60192 9.44687 62541 0 1 0.00181991
76.9875 362000 357656 0.300399 9.60161 9.44746 9.60161 9.44746 62788 0 1 0.00215419
77.2854 363448 359104 0.300384 9.67935 9.44836 9.67935 9.44836 63037 0 1 0.00181191
77.5834 364896 360552 0.300401 9.67935 9.44925 9.67935 9.44925 63286 0 1 0.00149948
77.8838 363448 362000 0.302751 9.67904 9.45013 9.67904 9.45013 63537 0 1 0.00122426
78.1842 362000 360552 0.302783 9.60192 9.45071 9.60192 9.45071 63786 0 1 0.00150706
78.4846 360552 359104 0.30281 9.60192 9.45129 9.60192 9.45129 64035 0 1 0.00181966
78.7826 362000 357656 0.300359 9.60161 9.45186 9.60161 9.45186 64282 0 1 0.00215416
79.0806 363448 359104 0.300381 9.67935 9.45272 9.67935 9.45272 64531 0 1 0.00181191
79.3786 364896 360552 0.300381 9.67935 9.45357 9.67935 9.45357 64780 0 1 0.00149946
79.679 363448 362000 0.302839 9.67904 9.45442 9.67904 9.45442 65031 0 1 0.00122475
79.9794 362000 360552 0.302859 9.60192 9.45497 9.60192 9.45497 65280 0 1 0.00150749
80.2798 360552 359104 0.302726 9.60192 9.45552 9.60192 9.45552 65529 0 1 0.0018192
80.5778 362000 357656 0.300354 9.60161 9.45606 9.60161 9.45606 65776 0 1 0.00215416
80.8758 363448 359104 0.300354 9.67935 9.45689 9.67935 9.45689 66025 0 1 0.00181189
81.1738 364896 360552 0.300354 9.67935 9.4577 9.67935 9.4577 66274 0 1 0.00149944
81.4742 363448 362000 0.302789 9.67904 9.45852 9.67904 9.45852 66525 0 1 0.00122447
81.7746 362000 360552 0.302778 9.60192 9.45905 9.60192 9.45905 66774 0 1 0.00150703
82.075 360552 359104 0.302849 9.60192 9.45957 9.60192 9.45957 67023 0 1 0.00181988
82.373 362000 357656 0.300463 9.60161 9.46008 9.60161 9.46008 67270 0 1 0.00215425
82.671 363448 359104 0.300463 9.67935 9.46087 9.67935 9.46087 67519 0 1 0.00181198
82.969 364896 360552 0.300463 9.67935 9.46166 9.67935 9.46166 67768 0 1 0.00149953
83.2694 363448 362000 0.302812 9.67904 9.46244 9.67904 9.46244 68019 0 1 0.00122459
83.5698 362000 360552 0.302774 9.60192 9.46294 9.60192 9.46294 68268 0 1 0.00150701
83.8702 360552 359104 0.302802 9.60192 9.46344 9.60192 9.46344 68517 0 1 0.00181962
84.1682 362000 357656 0.300441 9.60161 9.46393 9.60161 9.46393 68764 0 1 0.00215423
84.4662 363448 359104 0.300441 9.67935 9.46469 9.67935 9.46469 69013 0 1 0.00181196
84.7642 364896 360552 0.300357 9.67935 9.46545 9.67935 9.46545 69262 0 1 0.00149944
85.0646 363448 362000 0.30285 9.67904 9.4662 9.67904 9.4662 69513 0 1 0.00122481
85.365 362000 360552 0.302868 9.60192 9.46668 9.60192 9.46668 69762 0 1 0.00150754
85.6654 360552 359104 0.302885 9.60192 9.46715 9.60192 9.46715 70011 0 1 0.00182009
85.9634 362000 357656 0.300413 9.60161 9.46762 9.60161 9.46762 70258 0 1 0.0021542
86.2614 363448 359104 0.300304 9.67935 9.46835 9.67935 9.46835 70507 0 1 0.00181186
86.5594 364896 360552 0.300429 9.67935 9.46908 9.67935 9.46908 70756 0 1 0.0014995
86.8598 363448 362000 0.302804 9.67904 9.4698 9.67904 9.4698 71007 0 1 0.00122455
87.1602 362000 360552 0.302828 9.60192 9.47026 9.60192 9.47026 71256 0 1 0.00150731
87.4606 360552 359104 0.30285 9.60192 9.47071 9.60192 9.47071 71505 0 1 0.00181989
87.7586 362000 357656 0.300396 9.60161 9.47115 9.60161 9.47115 71752 0 1 0.00215419
88.0566 363448 359104 0.300396 9.67935 9.47186 9.67935 9.47186 72001 0 1 0.00181192
88.3546 364896 360552 0.300396 9.67935 9.47256 9.67935 9.47256 72250 0 1 0.00149947
88.655 363448 362000 0.302743 9.67904 9.47326 9.67904 9.47326 72501 0 1 0.00122421
88.9554 362000 360552 0.302775 9.60192 9.47369 9.60192 9.47369 72750 0 1 0.00150702
89.2558 360552 359104 0.302804 9.60192 9.47412 9.60192 9.47412 72999 0 1 0.00181963
89.5538 362000 357656 0.300375 9.60161 9.47455 9.60161 9.47455 73246 0 1 0.00215417
89.8518 363448 359104 0.300375 9.67935 9.47523 9.67935 9.47523 73495 0 1 0.00181191
90.1498 364896 360552 0.300375 9.67935 9.4759 9.67935 9.4759 73744 0 1 0.00149946
90.4502 363448 362000 0.302828 9.67904 9.47658 9.67904 9.47658 73995 0 1 0.00122469
90.7506 362000 360552 0.30285 9.60192 9.47699 9.60192 9.47699 74244 0 1 0.00150744
91.051 360552 359104 0.302743 9.60192 9.4774 9.60192 9.4774 74493 0 1 0.00181929
91.349 362000 357656 0.300347 9.60161 9.47781 9.60161 9.47781 74740 0 1 0.00215415
91.647 363448 359104 0.300347 9.67935 9.47846 9.67935 9.47846 74989 0 1 0.00181189
91.945 364896 360552 0.300347 9.67935 9.47912 9.67935 9.47912 75238 0 1 0.00149944
92.2454 363448 362000 0.302775 9.67904 9.47977 9.67904 9.47977 75489 0 1 0.00122439
92.5458 362000 360552 0.302803 9.60192 9.48016 9.60192 9.48016 75738 0 1 0.00150718
92.8462 360552 359104 0.302828 9.60192 9.48056 9.60192 9.48056 75987 0 1 0.00181976
93.1442 362000 357656 0.300453 9.60161 9.48094 9.60161 9.48094 76234 0 1 0.00215424
93.4422 363448 359104 0.300453 9.67935 9.48158 9.67935 9.48158 76483 0 1 0.00181197
93.7402 364896 360552 0.300453 9.67935 9.48221 9.67935 9.48221 76732 0 1 0.00149952
94.0406 363448 362000 0.302849 9.67904 9.48283 9.67904 9.48283 76983 0 1 0.00122481
94.341 362000 360552 0.302743 9.60192 9.48321 9.60192 9.48321 77232 0 1 0.00150684
94.6414 360552 359104 0.302776 9.60192 9.48359 9.60192 9.48359 77481 0 1 0.00181947
94.9394 362000 357656 0.300429 9.60161 9.48396 9.60161 9.48396 77728 0 1 0.00215422
95.2374 363448 359104 0.300429 9.67935 9.48457 9.67935 9.48457 77977 0 1 0.00181195
95.5354 364896 360552 0.300428 9.67935 9.48518 9.67935 9.48518 78226 0 1 0.0014995
95.8358 363448 362000 0.302804 9.67904 9.48579 9.67904 9.48579 78477 0 1 0.00122455
96.1362 362000 360552 0.302828 9.60192 9.48615 9.60192 9.48615 78726 0 1 0.00150732
96.4366 360552 359104 0.30285 9.60192 9.48651 9.60192 9.48651 78975 0 1 0.00181989
96.7345 362000 357656 0.300397 9.60161 9.48687 9.60161 9.48687 79222 0 1 0.00215419
97.0325 363448 359104 0.300396 9.67935 9.48746 9.67935 9.48746 79471 0 1 0.00181192
97.3305 364896 360552 0.300397 9.67935 9.48804 9.67935 9.48804 79720 0 1 0.00149947
97.6309 363448 362000 0.302744 9.67904 9.48863 9.67904 9.48863 79971 0 1 0.00122421
97.9313 362000 360552 0.302776 9.60192 9.48898 9.60192 9.48898 80220 0 1 0.00150702
98.2317 360552 359104 0.302804 9.60192 9.48932 9.60192 9.48932 80469 0 1 0.00181963
98.5297 362000 357656 0.300375 9.60161 9.48966 9.60161 9.48966 80716 0 1 0.00215417
98.8277 363448 359104 0.300375 9.67935 9.49024 9.67935 9.49024 80965 0 1 0.00181191
99.1257 364896 360552 0.300375 9.67935 9.4908 9.67935 9.4908 81214 0 1 0.00149946
99.4261 363448 362000 0.302828 9.67904 9.49137 9.67904 9.49137 81465 0 1 0.00122469
99.7265 362000 360552 0.30285 9.60192 9.49171 9.60192 9.49171 81714 0 1 0.00150744
100.027 360552 359104 0.302743 9.60192 9.49204 9.60192 9.49204 81963 0 1 0.00181929
100.325 362000 357656 0.300347 9.60161 9.49236 9.60161 9.49236 82210 0 1 0.00215415
100.623 363448 359104 0.300347 9.67935 9.49292 9.67935 9.49292 82459 0 1 0.00181189
100.921 364896 360552 0.300347 9.67935 9.49347 9.67935 9.49347 82708 0 1 0.00149944
101.221 363448 362000 0.302776 9.67904 9.49402 9.67904 9.49402 82959 0 1 0.00122439
101.522 362000 360552 0.302803 9.60192 9.49434 9.60192 9.49434 83208 0 1 0.00150717
101.822 360552 359104 0.302828 9.60192 9.49465 9.60192 9.49465 83457 0 1 0.00181977
102.12 362000 357656 0.300453 9.60161 9.49497 9.60161 9.49497 83704 0 1 0.00215424
102.418 363448 359104 0.300453 9.67935 9.4955 9.67935 9.4955 83953 0 1 0.00181197
102.716 364896 360552 0.300453 9.67935 9.49604 9.67935 9.49604 84202 0 1 0.00149952
103.017 363448 362000 0.302849 9.67904 9.49657 9.67904 9.49657 84453 0 1 0.0012248
103.317 362000 360552 0.302744 9.60192 9.49688 9.60192 9.49688 84702 0 1 0.00150685
103.617 360552 359104 0.302776 9.60192 9.49718 9.60192 9.49718 84951 0 1 0.00181947
103.915 362000 357656 0.300429 9.60161 9.49748 9.60161 9.49748 85198 0 1 0.00215422
104.213 363448 359104 0.300429 9.67935 9.498 9.67935 9.498 85447 0 1 0.00181195
104.511 364896 360552 0.300427 9.67935 9.49852 9.67935 9.49852 85696 0 1 0.0014995
104.812 363448 362000 0.302804 9.67904 9.49904 9.67904 9.49904 85947 0 1 0.00122455
105.112 362000 360552 0.302829 9.60192 9.49933 9.60192 9.49933 86196 0 1 0.00150732
105.413 360552 359104 0.30285 9.60192 9.49962 9.60192 9.49962 86445 0 1 0.00181989
105.71 362000 357656 0.300397 9.60161 9.49991 9.60161 9.49991 86692 0 1 0.00215419
106.008 363448 359104 0.300395 9.67935 9.50041 9.67935 9.50041 86941 0 1 0.00181192
106.306 364896 360552 0.300397 9.67935 9.50092 9.67935 9.50092 87190 0 1 0.00149947
106.607 363448 362000 0.302744 9.67904 9.50142 9.67904 9.50142 87441 0 1 0.00122422
106.907 362000 360552 0.302776 9.60192 9.5017 9.60192 9.5017 87690 0 1 0.00150703
107.208 360552 359104 0.302804 9.60192 9.50198 9.60192 9.50198 87939 0 1 0.00181963
107.506 362000 357656 0.300373 9.60161 9.50226 9.60161 9.50226 88186 0 1 0.00215417
107.804 363448 359104 0.300376 9.67935 9.50275 9.67935 9.50275 88435 0 1 0.00181191
108.102 364896 360552 0.300376 9.67935 9.50323 9.67935 9.50323 88684 0 1 0.00149946
108.402 363448 362000 0.30283 9.67904 9.50372 9.67904 9.50372 88935 0 1 0.00122469
108.702 362000 360552 0.302851 9.60192 9.50399 9.60192 9.50399 89184 0 1 0.00150744
109.003 360552 359104 0.302741 9.60192 9.50426 9.60192 9.50426 89433 0 1 0.00181928
109.301 362000 357656 0.300348 9.60161 9.50453 9.60161 9.50453 89680 0 1 0.00215416
109.599 363448 359104 0.300348 9.67935 9.505 9.67935 9.505 89929 0 1 0.00181189
109.897 364896 360552 0.300348 9.67935 9.50547 9.67935 9.50547 90178 0 1 0.00149944
110.197 363448 362000 0.302777 9.67904 9.50595 9.67904 9.50595 90429 0 1 0.0012244
110.498 362000 360552 0.3028 9.60192 9.50621 9.60192 9.50621 90678 0 1 0.00150716
110.798 360552 359104 0.302831 9.60192 9.50647 9.60192 9.50647 90927 0 1 0.00181978
111.096 362000 357656 0.300454 9.60161 9.50672 9.60161 9.50672 91174 0 1 0.00215424
111.394 363448 359104 0.300454 9.67935 9.50719 9.67935 9.50719 91423 0 1 0.00181197
111.692 364896 360552 0.300454 9.67935 9.50764 9.67935 9.50764 91672 0 1 0.00149952
111.992 363448 362000 0.302844 9.67904 9.5081 9.67904 9.5081 91923 0 1 0.00122478
112.293 362000 360552 0.302748 9.60192 9.50836 9.60192 9.50836 92172 0 1 0.00150687
112.593 360552 359104 0.302779 9.60192 9.5086 9.60192 9.5086 92421 0 1 0.00181949
112.891 362000 357656 0.30043 9.60161 9.50885 9.60161 9.50885 92668 0 1 0.00215422
113.189 363448 359104 0.30043 9.67935 9.5093 9.67935 9.5093 92917 0 1 0.00181195
113.487 364896 360552 0.300419 9.67935 9.50975 9.67935 9.50975 93166 0 1 0.00149949
113.788 363448 362000 0.30281 9.67904 9.51019 9.67904 9.51019 93417 0 1 0.00122458
114.088 362000 360552 0.302834 9.60192 9.51043 9.60192 9.51043 93666 0 1 0.00150735
114.388 360552 359104 0.302854 9.60192 9.51067 9.60192 9.51067 93915 0 1 0.00181991
114.686 362000 357656 0.300399 9.60161 9.51091 9.60161 9.51091 94162 0 1 0.00215419
114.984 363448 359104 0.300384 9.67935 9.51135 9.67935 9.51135 94411 0 1 0.00181191
115.282 364896 360552 0.300401 9.67935 9.51178 9.67935 9.51178 94660 0 1 0.00149948
115.583 363448 362000 0.302751 9.67904 9.51222 9.67904 9.51222 94911 0 1 0.00122426
115.883 362000 360552 0.302783 9.60192 9.51245 9.60192 9.51245 95160 0 1 0.00150706
116.184 360552 359104 0.30281 9.60192 9.51268 9.60192 9.51268 95409 0 1 0.00181966
116.482 362000 357656 0.300359 9.60161 9.51291 9.60161 9.51291 95656 0 1 0.00215416
116.78 363448 359104 0.300381 9.67935 9.51333 9.67935 9.51333 95905 0 1 0.00181191
117.078 364896 360552 0.300381 9.67935 9.51375 9.67935 9.51375 96154 0 1 0.00149946
117.378 363448 362000 0.302839 9.67904 9.51418 9.67904 9.51418 96405 0 1 0.00122475
117.678 362000 360552 0.302859 9.60192 9.5144 9.60192 9.5144 96654 0 1 0.00150749
117.979 360552 359104 0.302726 9.60192 9.51462 9.60192 9.51462 96903 0 1 0.0018192
118.277 362000 357656 0.300354 9.60161 9.51484 9.60161 9.51484 97150 0 1 0.00215416
118.575 363448 359104 0.300354 9.67935 9.51526 9.67935 9.51526 97399 0 1 0.00181189
118.873 364896 360552 0.300354 9.67935 9.51567 9.67935 9.51567 97648 0 1 0.00149944
119.173 363448 362000 0.302789 9.67904 9.51608 9.67904 9.51608 97899 0 1 0.00122447
119.474 362000 360552 0.302778 9.60192 9.5163 9.60192 9.5163 98148 0 1 0.00150703
119.774 360552 359104 0.302849 9.60192 9.51651 9.60192 9.51651 98397 0 1 0.00181988
120.072 362000 357656 0.300463 9.60161 9.51672 9.60161 9.51672 98644 0 1 0.00215425
120.37 363448 359104 0.300463 9.67935 9.51712 9.67935 9.51712 98893 0 1 0.00181198
120.668 364896 360552 0.300463 9.67935 9.51753 9.67935 9.51753 99142 0 1 0.00149953
120.968 363448 362000 0.302812 9.67904 9.51793 9.67904 9.51793 99393 0 1 0.00122459
121.269 362000 360552 0.302774 9.60192 9.51813 9.60192 9.51813 99642 0 1 0.00150701
121.569 360552 359104 0.302802 9.60192 9.51834 9.60192 9.51834 99891 0 1 0.00181962
121.867 362000 357656 0.300441 9.60161 9.51855 9.60161 9.51855 100138 0 1 0.00215423
122.165 363448 359104 0.300441 9.67935 9.51894 9.67935 9.51894 100387 0 1 0.00181196
122.463 364896 360552 0.300357 9.67935 9.51933 9.67935 9.51933 100636 0 1 0.00149944
122.764 363448 362000 0.30285 9.67904 9.51972 9.67904 9.51972 100887 0 1 0.00122481
123.064 362000 360552 0.302868 9.60192 9.51992 9.60192 9.51992 101136 0 1 0.00150754
123.364 360552 359104 0.302885 9.60192 9.52012 9.60192 9.52012 101385 0 1 0.00182009
123.662 362000 357656 0.300413 9.60161 9.52032 9.60161 9.52032 101632 0 1 0.0021542
123.96 363448 359104 0.300304 9.67935 9.5207 9.67935 9.5207 101881 0 1 0.00181186
124.258 364896 360552 0.300429 9.67935 9.52108 9.67935 9.52108 102130 0 1 0.0014995
124.559 363448 362000 0.302804 9.67904 9.52146 9.67904 9.52146 102381 0 1 0.00122455
124.859 362000 360552 0.302828 9.60192 9.52165 9.60192 9.52165 102630 0 1 0.00150731
125.16 360552 359104 0.30285 9.60192 9.52185 9.60192 9.52185 102879 0 1 0.00181989
125.458 362000 357656 0.300396 9.60161 9.52203 9.60161 9.52203 103126 0 1 0.00215419
125.756 363448 359104 0.300396 9.67935 9.52241 9.67935 9.52241 103375 0 1 0.00181192
126.054 364896 360552 0.300396 9.67935 9.52278 9.67935 9.52278 103624 0 1 0.00149947
126.354 363448 362000 0.302743 9.67904 9.52315 9.67904 9.52315 103875 0 1 0.00122421
126.654 362000 360552 0.302775 9.60192 9.52334 9.60192 9.52334 104124 0 1 0.00150702
126.955 360552 359104 0.302803 9.60192 9.52352 9.60192 9.52352 104373 0 1 0.00181963
127.253 362000 357656 0.300375 9.60161 9.52371 9.60161 9.52371 104620 0 1 0.00215417
127.551 363448 359104 0.300375 9.67935 9.52407 9.67935 9.52407 104869 0 1 0.00181191
127.849 364896 360552 0.300375 9.67935 9.52443 9.67935 9.52443 105118 0 1 0.00149946
128.149 363448 362000 0.302828 9.67904 9.52479 9.67904 9.52479 105369 0 1 0.00122469
128.45 362000 360552 0.30285 9.60192 9.52497 9.60192 9.52497 105618 0 1 0.00150744
128.75 360552 359104 0.302743 9.60192 9.52515 9.60192 9.52515 105867 0 1 0.00181929
129.048 362000 357656 0.300347 9.60161 9.52533 9.60161 9.52533 106114 0 1 0.00215415
129.346 363448 359104 0.300347 9.67935 9.52569 9.67935 9.52569 106363 0 1 0.00181189
129.644 364896 360552 0.300347 9.67935 9.52604 9.67935 9.52604 106612 0 1 0.00149944
129.944 363448 362000 0.302775 9.67904 9.52639 9.67904 9.52639 106863 0 1 0.00122439
130.245 362000 360552 0.302804 9.60192 9.52657 9.60192 9.52657 107112 0 1 0.00150718
130.545 360552 359104 0.302828 9.60192 9.52674 9.60192 9.52674 107361 0 1 0.00181976
130.843 362000 357656 0.300453 9.60161 9.52691 9.60161 9.52691 107608 0 1 0.00215424
131.141 363448 359104 0.300453 9.67935 9.52726 9.67935 9.52726 107857 0 1 0.00181197
131.439 364896 360552 0.300453 9.67935 9.5276 9.67935 9.5276 108106 0 1 0.00149952
131.74 363448 362000 0.30285 9.67904 9.52795 9.67904 9.52795 108357 0 1 0.00122481
132.04 362000 360552 0.302743 9.60192 9.52811 9.60192 9.52811 108606 0 1 0.00150684
132.34 360552 359104 0.302776 9.60192 9.52828 9.60192 9.52828 108855 0 1 0.00181947
132.638 362000 357656 0.300429 9.60161 9.52845 9.60161 9.52845 109102 0 1 0.00215422
132.936 363448 359104 0.300428 9.67935 9.52879 9.67935 9.52879 109351 0 1 0.00181195
133.234 364896 360552 0.300429 9.67935 9.52912 9.67935 9.52912 109600 0 1 0.0014995
133.535 363448 362000 0.302804 9.67904 9.52946 9.67904 9.52946 109851 0 1 0.00122455
133.835 362000 360552 0.302828 9.60192 9.52962 9.60192 9.52962 110100 0 1 0.00150732
134.136 360552 359104 0.30285 9.60192 9.52978 9.60192 9.52978 110349 0 1 0.00181989
134.434 362000 357656 0.300396 9.60161 9.52994 9.60161 9.52994 110596 0 1 0.00215419
134.732 363448 359104 0.300397 9.67935 9.53027 9.67935 9.53027 110845 0 1 0.00181192
135.03 364896 360552 0.300397 9.67935 9.5306 9.67935 9.5306 111094 0 1 0.00149947
135.33 363448 362000 0.302744 9.67904 9.53093 9.67904 9.53093 111345 0 1 0.00122421
135.63 362000 360552 0.302776 9.60192 9.53109 9.60192 9.53109 111594 0 1 0.00150702
135.931 360552 359104 0.302803 9.60192 9.53125 9.60192 9.53125 111843 0 1 0.00181962
136.229 362000 357656 0.300375 9.60161 9.5314 9.60161 9.5314 112090 0 1 0.00215417
136.527 363448 359104 0.300375 9.67935 9.53172 9.67935 9.53172 112339 0 1 0.00181191
136.825 364896 360552 0.300375 9.67935 9.53204 9.67935 9.53204 112588 0 1 0.00149946
137.125 363448 362000 0.302828 9.67904 9.53237 9.67904 9.53237 112839 0 1 0.00122469
137.426 362000 360552 0.302849 9.60192 9.53252 9.60192 9.53252 113088 0 1 0.00150743
137.726 360552 359104 0.302744 9.60192 9.53267 9.60192 9.53267 113337 0 1 0.00181929
138.024 362000 357656 0.300347 9.60161 9.53282 9.60161 9.53282 113584 0 1 0.00215415
138.322 363448 359104 0.300347 9.67935 9.53313 9.67935 9.53313 113833 0 1 0.00181189
138.62 364896 360552 0.300347 9.67935 9.53345 9.67935 9.53345 114082 0 1 0.00149944
138.92 363448 362000 0.302775 9.67904 9.53376 9.67904 9.53376 114333 0 1 0.00122439
139.221 362000 360552 0.302804 9.60192 9.53391 9.60192 9.53391 114582 0 1 0.00150718
139.521 360552 359104 0.302828 9.60192 9.53406 9.60192 9.53406 114831 0 1 0.00181977
139.819 362000 357656 0.300453 9.60161 9.5342 9.60161 9.5342 115078 0 1 0.00215424
140.117 363448 359104 0.300453 9.67935 9.53451 9.67935 9.53451 115327 0 1 0.00181197
140.415 364896 360552 0.300452 9.67935 9.53482 9.67935 9.53482 115576 0 1 0.00149952
140.716 363448 362000 0.30285 9.67904 9.53512 9.67904 9.53512 115827 0 1 0.00122481
141.016 362000 360552 0.302744 9.60192 9.53527 9.60192 9.53527 116076 0 1 0.00150685
141.316 360552 359104 0.302776 9.60192 9.53541 9.60192 9.53541 116325 0 1 0.00181947
141.614 362000 357656 0.300429 9.60161 9.53555 9.60161 9.53555 116572 0 1 0.00215422
141.912 363448 359104 0.300427 9.67935 9.53585 9.67935 9.53585 116821 0 1 0.00181195
142.21 364896 360552 0.300429 9.67935 9.53615 9.67935 9.53615 117070 0 1 0.0014995
142.511 363448 362000 0.302804 9.67904 9.53645 9.67904 9.53645 117321 0 1 0.00122455
142.811 362000 360552 0.302829 9.60192 9.53659 9.60192 9.53659 117570 0 1 0.00150732
143.112 360552 359104 0.30285 9.60192 9.53673 9.60192 9.53673 117819 0 1 0.00181989
143.409 362000 357656 0.300395 9.60161 9.53686 9.60161 9.53686 118066 0 1 0.00215419
143.707 363448 359104 0.300397 9.67935 9.53716 9.67935 9.53716 118315 0 1 0.00181192
144.005 364896 360552 0.300397 9.67935 9.53745 9.67935 9.53745 118564 0 1 0.00149947
144.306 363448 362000 0.302744 9.67904 9.53775 9.67904 9.53775 118815 0 1 0.00122422
144.606 362000 360552 0.302776 9.60192 9.53788 9.60192 9.53788 119064 0 1 0.00150703
144.907 360552 359104 0.302802 9.60192 9.53801 9.60192 9.53801 119313 0 1 0.00181962
145.205 362000 357656 0.300376 9.60161 9.53814 9.60161 9.53814 119560 0 1 0.00215418
145.503 363448 359104 0.300376 9.67935 9.53843 9.67935 9.53843 119809 0 1 0.00181191
145.801 364896 360552 0.300376 9.67935 9.53872 9.67935 9.53872 120058 0 1 0.00149946
146.101 363448 362000 0.30283 9.67904 9.53901 9.67904 9.53901 120309 0 1 0.00122469
146.401 362000 360552 0.302847 9.60192 9.53914 9.60192 9.53914 120558 0 1 0.00150742
146.702 360552 359104 0.302746 9.60192 9.53927 9.60192 9.53927 120807 0 1 0.0018193
147 362000 357656 0.300348 9.60161 9.53939 9.60161 9.53939 121054 0 1 0.00215416
147.298 363448 359104 0.300348 9.67935 9.53968 9.67935 9.53968 121303 0 1 0.00181189
147.596 364896 360552 0.300348 9.67935 9.53996 9.67935 9.53996 121552 0 1 0.00149944
147.896 363448 362000 0.302772 9.67904 9.54024 9.67904 9.54024 121803 0 1 0.00122437
148.197 362000 360552 0.302807 9.60192 9.54037 9.60192 9.54037 122052 0 1 0.00150719
148.497 360552 359104 0.302831 9.60192 9.54049 9.60192 9.54049 122301 0 1 0.00181978
148.795 362000 357656 0.300454 9.60161 9.54061 9.60161 9.54061 122548 0 1 0.00215424
149.093 363448 359104 0.300454 9.67935 9.54089 9.67935 9.54089 122797 0 1 0.00181197
149.391 364896 360552 0.300446 9.67935 9.54117 9.67935 9.54117 123046 0 1 0.00149952
149.691 363448 362000 0.302854 9.67904 9.54144 9.67904 9.54144 123297 0 1 0.00122483
149.992 362000 360552 0.302748 9.60192 9.54156 9.60192 9.54156 123546 0 1 0.00150687
150.292 360552 359104 0.302779 9.60192 9.54168 9.60192 9.54168 123795 0 1 0.00181949
150.59 362000 357656 0.30043 9.60161 9.5418 9.60161 9.5418 124042 0 1 0.00215422
150.888 363448 359104 0.300419 9.67935 9.54207 9.67935 9.54207 124291 0 1 0.00181194
151.186 364896 360552 0.300432 9.67935 9.54234 9.67935 9.54234 124540 0 1 0.0014995
151.487 363448 362000 0.30281 9.67904 9.54262 9.67904 9.54262 124791 0 1 0.00122458
151.787 362000 360552 0.302834 9.60192 9.54273 9.60192 9.54273 125040 0 1 0.00150735
152.087 360552 359104 0.302854 9.60192 9.54285 9.60192 9.54285 125289 0 1 0.00181991
152.385 362000 357656 0.300384 9.60161 9.54297 9.60161 9.54297 125536 0 1 0.00215418
152.683 363448 359104 0.300401 9.67935 9.54323 9.67935 9.54323 125785 0 1 0.00181193
152.981 364896 360552 0.300401 9.67935 9.5435 9.67935 9.5435 126034 0 1 0.00149948
153.282 363448 362000 0.302751 9.67904 9.54376 9.67904 9.54376 126285 0 1 0.00122426
153.582 362000 360552 0.302783 9.60192 9.54388 9.60192 9.54388 126534 0 1 0.00150706
153.883 360552 359104 0.30279 9.60192 9.54399 9.60192 9.54399 126783 0 1 0.00181955
154.181 362000 357656 0.300381 9.60161 9.5441 9.60161 9.5441 127030 0 1 0.00215418
154.479 363448 359104 0.300381 9.67935 9.54436 9.67935 9.54436 127279 0 1 0.00181191
154.777 364896 360552 0.300381 9.67935 9.54462 9.67935 9.54462 127528 0 1 0.00149946
155.077 363448 362000 0.302839 9.67904 9.54488 9.67904 9.54488 127779 0 1 0.00122475
155.377 362000 360552 0.30283 9.60192 9.54499 9.60192 9.54499 128028 0 1 0.00150733
155.678 360552 359104 0.302759 9.60192 9.5451 9.60192 9.5451 128277 0 1 0.00181938
155.976 362000 357656 0.300354 9.60161 9.54521 9.60161 9.54521 128524 0 1 0.00215416
156.274 363448 359104 0.300354 9.67935 9.54547 9.67935 9.54547 128773 0 1 0.00181189
156.572 364896 360552 0.300354 9.67935 9.54572 9.67935 9.54572 129022 0 1 0.00149944
156.872 363448 362000 0.302746 9.67904 9.54598 9.67904 9.54598 129273 0 1 0.00122423
157.173 362000 360552 0.302827 9.60192 9.54608 9.60192 9.54608 129522 0 1 0.00150731
157.473 360552 359104 0.302849 9.60192 9.54619 9.60192 9.54619 129771 0 1 0.00181988
157.771 362000 357656 0.300463 9.60161 9.54629 9.60161 9.54629 130018 0 1 0.00215425
158.069 363448 359104 0.300463 9.67935 9.54654 9.67935 9.54654 130267 0 1 0.00181198
158.367 364896 360552 0.300399 9.67935 9.54679 9.67935 9.54679 130516 0 1 0.00149948
158.667 363448 362000 0.302885 9.67904 9.54704 9.67904 9.54704 130767 0 1 0.00122501
158.968 362000 360552 0.302774 9.60192 9.54715 9.60192 9.54715 131016 0 1 0.00150701
159.268 360552 359104 0.302802 9.60192 9.54725 9.60192 9.54725 131265 0 1 0.00181962
159.566 362000 357656 0.300441 9.60161 9.54735 9.60161 9.54735 131512 0 1 0.00215423
159.864 363448 359104 0.300357 9.67935 9.5476 9.67935 9.5476 131761 0 1 0.00181189
160.162 364896 360552 0.300453 9.67935 9.54784 9.67935 9.54784 132010 0 1 0.00149952
160.463 363448 362000 0.30285 9.67904 9.54809 9.67904 9.54809 132261 0 1 0.00122481
160.763 362000 360552 0.302868 9.60192 9.54819 9.60192 9.54819 132510 0 1 0.00150754
161.063 360552 359104 0.302885 9.60192 9.54829 9.60192 9.54829 132759 0 1 0.00182009
161.361 362000 357656 0.300304 9.60161 9.54839 9.60161 9.54839 133006 0 1 0.00215413
161.659 363448 359104 0.300429 9.67935 9.54863 9.67935 9.54863 133255 0 1 0.00181195
161.957 364896 360552 0.300429 9.67935 9.54887 9.67935 9.54887 133504 0 1 0.0014995
162.258 363448 362000 0.302804 9.67904 9.54911 9.67904 9.54911 133755 0 1 0.00122455
162.558 362000 360552 0.302828 9.60192 9.54921 9.60192 9.54921 134004 0 1 0.00150731
162.859 360552 359104 0.30285 9.60192 9.54931 9.60192 9.54931 134253 0 1 0.00181989
163.157 362000 357656 0.300396 9.60161 9.5494 9.60161 9.5494 134500 0 1 0.00215419
163.455 363448 359104 0.300396 9.67935 9.54964 9.67935 9.54964 134749 0 1 0.00181192
163.753 364896 360552 0.300396 9.67935 9.54988 9.67935 9.54988 134998 0 1 0.00149947
164.053 363448 362000 0.302743 9.67904 9.55011 9.67904 9.55011 135249 0 1 0.00122421
164.353 362000 360552 0.302775 9.60192 9.55021 9.60192 9.55021 135498 0 1 0.00150702
164.654 360552 359104 0.302803 9.60192 9.5503 9.60192 9.5503 135747 0 1 0.00181963
164.952 362000 357656 0.300375 9.60161 9.55039 9.60161 9.55039 135994 0 1 0.00215417
165.25 363448 359104 0.300375 9.67935 9.55063 9.67935 9.55063 136243 0 1 0.00181191
165.548 364896 360552 0.300375 9.67935 9.55086 9.67935 9.55086 136492 0 1 0.00149946
165.848 363448 362000 0.302828 9.67904 9.55109 9.67904 9.55109 136743 0 1 0.00122469
166.149 362000 360552 0.30285 9.60192 9.55118 9.60192 9.55118 136992 0 1 0.00150744
166.449 360552 359104 0.302743 9.60192 9.55127 9.60192 9.55127 137241 0 1 0.00181929
166.747 362000 357656 0.300347 9.60161 9.55136 9.60161 9.55136 137488 0 1 0.00215415
167.045 363448 359104 0.300347 9.67935 9.55159 9.67935 9.55159 137737 0 1 0.00181189
167.343 364896 360552 0.300347 9.67935 9.55182 9.67935 9.55182 137986 0 1 0.00149944
167.643 363448 362000 0.302775 9.67904 9.55205 9.67904 9.55205 138237 0 1 0.00122439
167.944 362000 360552 0.302804 9.60192 9.55214 9.60192 9.55214 138486 0 1 0.00150718
168.244 360552 359104 0.302828 9.60192 9.55223 9.60192 9.55223 138735 0 1 0.00181976
168.542 362000 357656 0.300453 9.60161 9.55231 9.60161 9.55231 138982 0 1 0.00215424
168.84 363448 359104 0.300453 9.67935 9.55254 9.67935 9.55254 139231 0 1 0.00181197
169.138 364896 360552 0.300453 9.67935 9.55276 9.67935 9.55276 139480 0 1 0.00149952
169.439 363448 362000 0.30285 9.67904 9.55298 9.67904 9.55298 139731 0 1 0.00122481
169.739 362000 360552 0.302743 9.60192 9.55307 9.60192 9.55307 139980 0 1 0.00150684
170.039 360552 359104 0.302776 9.60192 9.55316 9.60192 9.55316 140229 0 1 0.00181947
170.337 362000 357656 0.300429 9.60161 9.55324 9.60161 9.55324 140476 0 1 0.00215422
170.635 363448 359104 0.300428 9.67935 9.55346 9.67935 9.55346 140725 0 1 0.00181195
170.933 364896 360552 0.300429 9.67935 9.55368 9.67935 9.55368 140974 0 1 0.0014995
171.234 363448 362000 0.302804 9.67904 9.5539 9.67904 9.5539 141225 0 1 0.00122455
171.534 362000 360552 0.302828 9.60192 9.55399 9.60192 9.55399 141474 0 1 0.00150732
171.835 360552 359104 0.30285 9.60192 9.55407 9.60192 9.55407 141723 0 1 0.00181989
172.133 362000 357656 0.300396 9.60161 9.55415 9.60161 9.55415 141970 0 1 0.00215419
172.431 363448 359104 0.300397 9.67935 9.55437 9.67935 9.55437 142219 0 1 0.00181192
172.729 364896 360552 0.300397 9.67935 9.55458 9.67935 9.55458 142468 0 1 0.00149947
173.029 363448 362000 0.302744 9.67904 9.5548 9.67904 9.5548 142719 0 1 0.00122421
173.329 362000 360552 0.302776 9.60192 9.55488 9.60192 9.55488 142968 0 1 0.00150702
173.63 360552 359104 0.302803 9.60192 9.55496 9.60192 9.55496 143217 0 1 0.00181962
173.928 362000 357656 0.300375 9.60161 9.55504 9.60161 9.55504 143464 0 1 0.00215417
174.226 363448 359104 0.300375 9.67935 9.55526 9.67935 9.55526 143713 0 1 0.00181191
174.524 364896 360552 0.300375 9.67935 9.55547 9.67935 9.55547 143962 0 1 0.00149946
174.824 363448 362000 0.302828 9.67904 9.55568 9.67904 9.55568 144213 0 1 0.00122469
175.125 362000 360552 0.302849 9.60192 9.55576 9.60192 9.55576 144462 0 1 0.00150743
175.425 360552 359104 0.302744 9.60192 9.55584 9.60192 9.55584 144711 0 1 0.00181929
175.723 362000 357656 0.300347 9.60161 9.55592 9.60161 9.55592 144958 0 1 0.00215415
176.021 363448 359104 0.300347 9.67935 9.55612 9.67935 9.55612 145207 0 1 0.00181189
176.319 364896 360552 0.300347 9.67935 9.55633 9.67935 9.55633 145456 0 1 0.00149944
176.619 363448 362000 0.302775 9.67904 9.55654 9.67904 9.55654 145707 0 1 0.00122439
176.92 362000 360552 0.302804 9.60192 9.55662 9.60192 9.55662 145956 0 1 0.00150718
177.22 360552 359104 0.302828 9.60192 9.5567 9.60192 9.5567 146205 0 1 0.00181977
177.518 362000 357656 0.300453 9.60161 9.55677 9.60161 9.55677 146452 0 1 0.00215424
177.816 363448 359104 0.300453 9.67935 9.55698 9.67935 9.55698 146701 0 1 0.00181197
178.114 364896 360552 0.300452 9.67935 9.55718 9.67935 9.55718 146950 0 1 0.00149952
178.415 363448 362000 0.30285 9.67904 9.55739 9.67904 9.55739 147201 0 1 0.00122481
178.715 362000 360552 0.302744 9.60192 9.55746 9.60192 9.55746 147450 0 1 0.00150685
179.015 360552 359104 0.302776 9.60192 9.55754 9.60192 9.55754 147699 0 1 0.00181947
179.313 362000 357656 0.300429 9.60161 9.55761 9.60161 9.55761 147946 0 1 0.00215422
179.611 363448 359104 0.300427 9.67935 9.55781 9.67935 9.55781 148195 0 1 0.00181195
179.909 364896 360552 0.300429 9.67935 9.55801 9.67935 9.55801 148444 0 1 0.0014995
180.21 363448 362000 0.302804 9.67904 9.55821 9.67904 9.55821 148695 0 1 0.00122455
180.51 362000 360552 0.302829 9.60192 9.55829 9.60192 9.55829 148944 0 1 0.00150732
180.81 360552 359104 0.30285 9.60192 9.55836 9.60192 9.55836 149193 0 1 0.00181989
181.108 362000 357656 0.300395 9.60161 9.55843 9.60161 9.55843 149440 0 1 0.00215419
181.406 363448 359104 0.300397 9.67935 9.55863 9.67935 9.55863 149689 0 1 0.00181192
181.704 364896 360552 0.300397 9.67935 9.55883 9.67935 9.55883 149938 0 1 0.00149947
182.005 363448 362000 0.302744 9.67904 9.55903 9.67904 9.55903 150189 0 1 0.00122422
182.305 362000 360552 0.302776 9.60192 9.5591 9.60192 9.5591 150438 0 1 0.00150703
182.606 360552 359104 0.302802 9.60192 9.55917 9.60192 9.55917 150687 0 1 0.00181962
182.904 362000 357656 0.300376 9.60161 9.55924 9.60161 9.55924 150934 0 1 0.00215418
183.202 363448 359104 0.300376 9.67935 9.55943 9.67935 9.55943 151183 0 1 0.00181191
183.5 364896 360552 0.300376 9.67935 9.55963 9.67935 9.55963 151432 0 1 0.00149946
183.8 363448 362000 0.30283 9.67904 9.55982 9.67904 9.55982 151683 0 1 0.00122469
184.1 362000 360552 0.302847 9.60192 9.55989 9.60192 9.55989 151932 0 1 0.00150742
184.401 360552 359104 0.302746 9.60192 9.55996 9.60192 9.55996 152181 0 1 0.0018193
184.699 362000 357656 0.300348 9.60161 9.56003 9.60161 9.56003 152428 0 1 0.00215416
184.997 363448 359104 0.300348 9.67935 9.56022 9.67935 9.56022 152677 0 1 0.00181189
185.295 364896 360552 0.300348 9.67935 9.56041 9.67935 9.56041 152926 0 1 0.00149944
185.595 363448 362000 0.302772 9.67904 9.5606 9.67904 9.5606 153177 0 1 0.00122437
185.896 362000 360552 0.302807 9.60192 9.56067 9.60192 9.56067 153426 0 1 0.00150719
186.196 360552 359104 0.302831 9.60192 9.56073 9.60192 9.56073 153675 0 1 0.00181978
186.494 362000 357656 0.300454 9.60161 9.5608 9.60161 9.5608 153922 0 1 0.00215424
186.792 363448 359104 0.300454 9.67935 9.56099 9.67935 9.56099 154171 0 1 0.00181197
187.09 364896 360552 0.300446 9.67935 9.56118 9.67935 9.56118 154420 0 1 0.00149952
187.39 363448 362000 0.302854 9.67904 9.56137 9.67904 9.56137 154671 0 1 0.00122483
187.691 362000 360552 0.302748 9.60192 9.56143 9.60192 9.56143 154920 0 1 0.00150687
187.991 360552 359104 0.302779 9.60192 9.5615 9.60192 9.5615 155169 0 1 0.00181949
188.289 362000 357656 0.30043 9.60161 9.56156 9.60161 9.56156 155416 0 1 0.00215422
188.587 363448 359104 0.300419 9.67935 9.56175 9.67935 9.56175 155665 0 1 0.00181194
188.885 364896 360552 0.300432 9.67935 9.56193 9.67935 9.56193 155914 0 1 0.0014995
189.186 363448 362000 0.30281 9.67904 9.56212 9.67904 9.56212 156165 0 1 0.00122458
189.486 362000 360552 0.302834 9.60192 9.56218 9.60192 9.56218 156414 0 1 0.00150735
189.786 360552 359104 0.302854 9.60192 9.56224 9.60192 9.56224 156663 0 1 0.00181991
190.084 362000 357656 0.300384 9.60161 9.5623 9.60161 9.5623 156910 0 1 0.00215418
190.382 363448 359104 0.300401 9.67935 9.56249 9.67935 9.56249 157159 0 1 0.00181193
190.68 364896 360552 0.300401 9.67935 9.56267 9.67935 9.56267 157408 0 1 0.00149948
190.981 363448 362000 0.302751 9.67904 9.56285 9.67904 9.56285 157659 0 1 0.00122426
191.281 362000 360552 0.302783 9.60192 9.56292 9.60192 9.56292 157908 0 1 0.00150706
191.582 360552 359104 0.30279 9.60192 9.56298 9.60192 9.56298 158157 0 1 0.00181955
191.88 362000 357656 0.300381 9.60161 9.56304 9.60161 9.56304 158404 0 1 0.00215418
192.178 363448 359104 0.300381 9.67935 9.56322 9.67935 9.56322 158653 0 1 0.00181191
192.476 364896 360552 0.300381 9.67935 9.5634 9.67935 9.5634 158902 0 1 0.00149946
192.776 363448 362000 0.302839 9.67904 9.56358 9.67904 9.56358 159153 0 1 0.00122475
193.076 362000 360552 0.30283 9.60192 9.56364 9.60192 9.56364 159402 0 1 0.00150733
193.377 360552 359104 0.302759 9.60192 9.5637 9.60192 9.5637 159651 0 1 0.00181938
193.675 362000 357656 0.300354 9.60161 9.56375 9.60161 9.56375 159898 0 1 0.00215416
193.973 363448 359104 0.300354 9.67935 9.56393 9.67935 9.56393 160147 0 1 0.00181189
194.271 364896 360552 0.300354 9.67935 9.56411 9.67935 9.56411 160396 0 1 0.00149944
194.571 363448 362000 0.302746 9.67904 9.56429 9.67904 9.56429 160647 0 1 0.00122423
194.872 362000 360552 0.302827 9.60192 9.56434 9.60192 9.56434 160896 0 1 0.00150731
195.172 360552 359104 0.302849 9.60192 9.5644 9.60192 9.5644 161145 0 1 0.00181988
195.47 362000 357656 0.300463 9.60161 9.56446 9.60161 9.56446 161392 0 1 0.00215425
195.768 363448 359104 0.300463 9.67935 9.56463 9.67935 9.56463 161641 0 1 0.00181198
196.066 364896 360552 0.300399 9.67935 9.56481 9.67935 9.56481 161890 0 1 0.00149948
196.366 363448 362000 0.302885 9.67904 9.56498 9.67904 9.56498 162141 0 1 0.00122501
196.667 362000 360552 0.302774 9.60192 9.56504 9.60192 9.56504 162390 0 1 0.00150701
196.967 360552 359104 0.302802 9.60192 9.5651 9.60192 9.5651 162639 0 1 0.00181962
197.265 362000 357656 0.300441 9.60161 9.56515 9.60161 9.56515 162886 0 1 0.00215423
197.563 363448 359104 0.300357 9.67935 9.56532 9.67935 9.56532 163135 0 1 0.00181189
197.861 364896 360552 0.300453 9.67935 9.56549 9.67935 9.56549 163384 0 1 0.00149952
198.162 363448 362000 0.30285 9.67904 9.56567 9.67904 9.56567 163635 0 1 0.00122481
198.462 362000 360552 0.302868 9.60192 9.56572 9.60192 9.56572 163884 0 1 0.00150754
198.762 360552 359104 0.302885 9.60192 9.56578 9.60192 9.56578 164133 0 1 0.00182009
199.06 362000 357656 0.300304 9.60161 9.56583 9.60161 9.56583 164380 0 1 0.00215413
199.358 363448 359104 0.300429 9.67935 9.566 9.67935 9.566 164629 0 1 0.00181195
199.656 364896 360552 0.300429 9.67935 9.56617 9.67935 9.56617 164878 0 1 0.0014995
199.957 363448 362000 0.302804 9.67904 9.56634 9.67904 9.56634 165129 0 1 0.00122455
