0.200133 14480 0 0 0 0 0 0 0 0 1.06959
0.401462 15928 13032 0.200125 0.575376 0.288545 0.575376 0.288545 10 0 0.925016
0.403866 17376 13032 0.200484 9.64048 0.344194 9.64048 0.344194 12 0 0.924973
0.406269 20272 14480 0.201174 14.4607 0.427697 14.4607 0.427697 15 0 0.916417
0.408672 21720 17376 0.202027 19.281 0.538564 19.281 0.538564 19 0 0.89931
0.411075 23168 18824 0.203149 14.4607 0.619955 14.4607 0.619955 22 0 0.890767
0.60275 24616 20272 0.228005 0.181307 0.480465 0.181307 0.480465 25 0 0.880183
0.605153 26064 21720 0.225004 14.4607 0.535984 14.4607 0.535984 28 0 0.872049
0.607556 28960 23168 0.222379 14.4607 0.591063 14.4607 0.591063 31 0 0.864004
0.810045 33304 26064 0.211346 1.02975 0.700722 1.02975 0.700722 49 0 0.848584
1.01013 39096 30408 0.207303 1.2158 0.802748 1.2158 0.802748 70 0 0.824722
1.21151 43440 36200 0.225724 1.49562 0.917917 1.49562 0.917917 96 0 0.790991
1.41283 47784 40544 0.229605 1.66869 1.0249 1.66869 1.0249 125 0 0.767164
1.61291 56472 44888 0.209211 1.79475 1.1204 1.79475 1.1204 156 0 0.746137
1.81423 62264 53576 0.227901 2.18656 1.23871 2.18656 1.23871 194 0 0.698825
2.01555 68056 59368 0.231686 2.41672 1.35637 2.41672 1.35637 236 0 0.669146
2.21683 75296 65160 0.228598 2.64728 1.47358 2.64728 1.47358 282 0 0.640695
2.41812 83984 72400 0.22691 2.93503 1.59524 2.93503 1.59524 333 0 0.605897
2.4782 99912 81088 0.209076 10.7973 1.81833 10.7973 1.81833 389 0 0.568243
2.6855 118736 97016 0.209773 3.74407 1.96698 3.74407 1.96698 456 0 0.497965
2.88678 143352 115840 0.204253 4.66152 2.15486 4.66152 2.15486 537 0 0.423026
3.08687 173760 140456 0.202879 5.61583 2.37919 5.61583 2.37919 634 0 0.334445
3.28816 209960 170864 0.204508 6.8484 2.65278 6.8484 2.65278 753 0 0.240413
3.48824 254848 207064 0.203351 8.27901 2.9755 8.27901 2.9755 896 0 0.153967
3.68953 308424 251952 0.20488 10.0712 3.36261 10.0712 3.36261 1071 0 0.080732
3.89861 362000 305528 0.212405 11.6905 3.80923 11.6905 3.80923 1282 0 0.0330302
4.15335 364896 359104 0.257171 11.323 4.27008 11.323 4.27008 1531 0 0.0110988
4.45134 327248 362000 0.300429 9.71823 4.6348 9.71823 4.6348 1781 0 0.0280143
4.75174 291048 324352 0.302804 8.63787 4.88787 8.63787 4.88787 2005 0 0.0142427
5.0209 282360 288152 0.271568 8.56453 5.08497 8.56453 5.08497 2204 0 0.0137031
5.26122 298288 279464 0.242691 9.35126 5.27984 9.35126 5.27984 2398 0 0.0223325
5.49433 322904 295392 0.235529 10.1871 5.48805 10.1871 5.48805 2603 0 0.0146351
5.73946 335936 320008 0.247638 10.4439 5.6997 10.4439 5.6997 2824 0 0.00199662
6.00621 328696 333040 0.269101 10.0313 5.89208 10.0313 5.89208 3055 0 0.00119109
6.28258 311320 325800 0.278754 9.4309 6.04776 9.4309 6.04776 3280 0 0.00321623
6.55414 299736 308424 0.273999 9.1286 6.17541 9.1286 6.17541 3494 0 0.00406773
6.81129 302632 296840 0.25962 9.28009 6.29262 9.28009 6.29262 3700 0 0.0075871
7.05882 312768 299736 0.249906 9.73408 6.4133 9.73408 6.4133 3908 0 0.00711735
7.30875 320008 309872 0.252265 9.96492 6.53475 9.96492 6.53475 4123 0 0.00272278
7.56589 322904 317112 0.259568 9.86572 6.64796 9.86572 6.64796 4342 0 0.000668658
7.83024 317112 320008 0.266756 9.72812 6.75195 9.72812 6.75195 4564 0 0.000599185
8.097 309872 314216 0.269026 9.46678 6.84139 9.46678 6.84139 4782 0 0.00167875
8.36311 302632 306976 0.268151 9.27205 6.91873 9.27205 6.91873 4995 0 0.00363834
8.62453 298288 299736 0.263971 9.17243 6.98704 9.17243 6.98704 5202 0 0.00623721
8.88102 301184 295392 0.258975 9.2585 7.05264 9.2585 7.05264 5407 0 0.00837994
9.13258 306976 298288 0.254 9.48609 7.11967 9.48609 7.11967 5613 0 0.00710893
9.41075 292496 304080 0.278333 8.74508 7.16772 8.74508 7.16772 5823 0 0.00646453
9.70329 266432 289600 0.295348 7.9196 7.19039 7.9196 7.19039 6023 0 0.0195452
9.9819 250504 263536 0.281391 7.56718 7.2009 7.56718 7.2009 6205 0 0.0386258
10.2376 251952 247608 0.257336 7.74787 7.21456 7.74787 7.21456 6376 0 0.0567325
10.4918 254848 249056 0.257066 7.88164 7.23073 7.88164 7.23073 6549 0 0.0546915
10.7461 256296 251952 0.257361 7.9272 7.24721 7.9272 7.24721 6723 0 0.0505453
11.0033 259192 253400 0.260051 7.88112 7.26203 7.88112 7.26203 6898 0 0.0486149
11.2611 260640 256296 0.261572 7.99878 7.27889 7.99878 7.27889 7076 0 0.044711
11.5141 263536 257744 0.255949 8.19635 7.29905 8.19635 7.29905 7255 0 0.0429206
11.7671 266432 260640 0.255891 8.24214 7.31933 8.24214 7.31933 7435 0 0.0393125
12.0229 267880 263536 0.258617 8.24112 7.33894 8.24112 7.33894 7617 0 0.0357881
12.3153 249056 264984 0.287278 7.25007 7.33683 7.25007 7.33683 7800 0 0.0381998
12.6857 191136 246160 0.37399 5.34822 7.27877 5.34822 7.27877 7971 0 0.103602
13.0279 154936 188240 0.346025 4.40074 7.20317 4.40074 7.20317 8101 0 0.19688
13.2654 160728 152040 0.248955 5.12128 7.1659 5.12128 7.1659 8206 0 0.28366
13.4669 194032 157832 0.204644 6.32223 7.15327 6.32223 7.15327 8316 0 0.278135
13.6685 234576 191136 0.204397 7.64415 7.16051 7.64415 7.16051 8449 0 0.188307
13.8686 285256 231680 0.203198 9.26323 7.19085 9.26323 7.19085 8609 0 0.109992
14.1027 306976 282360 0.23738 9.64709 7.23163 9.64709 7.23163 8804 0 0.0221915
14.3617 302632 304080 0.265024 9.43707 7.2714 9.43707 7.2714 9015 0 0.00434729
14.6237 298288 299736 0.264467 9.15176 7.30509 9.15176 7.30509 9222 0 0.0062414
14.8832 296840 295392 0.262 9.15049 7.33727 9.15049 7.33727 9427 0 0.00832334
15.1378 299736 293944 0.257 9.23888 7.36925 9.23888 7.36925 9630 0 0.00921953
15.388 305528 296840 0.253106 9.53757 7.4045 9.53757 7.4045 9836 0 0.00787269
15.6392 311320 302632 0.253663 9.68274 7.4411 9.68274 7.4411 10046 0 0.00509459
15.8953 312768 308424 0.258514 9.67923 7.47716 9.67923 7.47716 10260 0 0.00262337
16.1563 309872 309872 0.263472 9.54269 7.51053 9.54269 7.51053 10475 0 0.00225814
16.4141 311320 306976 0.260597 9.52639 7.54219 9.52639 7.54219 10687 0 0.00309585
16.6688 314216 308424 0.25715 9.68595 7.57495 9.68595 7.57495 10900 0 0.00268884
16.926 317112 311320 0.259406 9.73058 7.6077 9.73058 7.6077 11116 0 0.00185152
17.1855 315664 314216 0.261999 9.72974 7.63975 9.72974 7.63975 11334 0 0.00112486
17.4475 311320 312768 0.26439 9.59626 7.66912 9.59626 7.66912 11551 0 0.00161446
17.707 309872 308424 0.261942 9.50658 7.69605 9.50658 7.69605 11764 0 0.00262493
17.9642 312768 306976 0.25953 9.59543 7.72324 9.59543 7.72324 11977 0 0.00315526
18.2202 314216 309872 0.257796 9.6822 7.75077 9.6822 7.75077 12191 0 0.00219139
18.4958 299736 311320 0.27765 9.03615 7.76992 9.03615 7.76992 12406 0 0.00406835
18.774 282360 296840 0.28077 8.57772 7.7819 8.57772 7.7819 12612 0 0.0107974
19.0393 276568 279464 0.267953 8.47019 7.79149 8.47019 7.79149 12806 0 0.0200119
19.2832 288152 273672 0.247715 9.02386 7.80707 9.02386 7.80707 12996 0 0.026364
19.5115 317112 285256 0.230718 10.0464 7.83328 10.0464 7.83328 13194 0 0.0237523
19.7495 337384 314216 0.240382 10.6143 7.86678 10.6143 7.86678 13412 0 0.00537659
20.0114 333040 334488 0.264299 10.2596 7.8981 10.2596 7.8981 13644 0 0.00104942
20.2956 309872 330144 0.285547 9.33575 7.91823 9.33575 7.91823 13873 0 0.00598487
20.5861 282360 306976 0.293028 8.4528 7.92577 8.4528 7.92577 14085 0 0.0113325
20.8562 272224 279464 0.272826 8.27601 7.93031 8.27601 7.93031 14278 0 0.0207682
21.1034 280912 269328 0.24971 8.76274 7.94006 8.76274 7.94006 14465 0 0.0301637
21.3796 269328 278016 0.273781 8.054 7.94153 8.054 7.94153 14657 0 0.0223597
21.6926 233128 266432 0.316238 6.81033 7.92521 6.81033 7.92521 14841 0 0.0480446
21.9925 208512 230232 0.303084 6.14088 7.90088 6.14088 7.90088 15000 0 0.09262
22.2436 209960 205616 0.258103 6.59705 7.88616 6.59705 7.88616 15143 0 0.134959
22.4437 254848 207064 0.202886 8.27901 7.88966 8.27901 7.88966 15286 0 0.15402
22.6451 308424 251952 0.204096 10.0649 7.90901 10.0649 7.90901 15461 0 0.0808189
22.8759 334488 305528 0.234006 10.5893 7.93605 10.5893 7.93605 15672 0 0.0106969
23.1571 312768 331592 0.283904 9.47386 7.95473 9.47386 7.95473 15902 0 0.00544918
23.4376 292496 309872 0.284969 8.87928 7.96579 8.87928 7.96579 16117 0 0.00668084
23.6948 295392 289600 0.25942 9.00979 7.97712 9.00979 7.97712 16317 0 0.011944
23.9351 311320 292496 0.242824 9.73688 7.99479 9.73688 7.99479 16519 0 0.0126994
24.1778 325800 308424 0.245101 10.1655 8.01658 10.1655 8.01658 16732 0 0.00480834
24.4556 308424 322904 0.27875 9.33964 8.03161 9.33964 8.03161 16956 0 0.00325164
24.7486 280912 305528 0.295459 8.38387 8.03578 8.38387 8.03578 17168 0 0.012013
25.0258 266432 278016 0.279846 8.06451 8.0361 8.06451 8.0361 17361 0 0.0232783
25.2803 269328 263536 0.256303 8.28238 8.03858 8.28238 8.03858 17543 0 0.0358594
25.5293 276568 266432 0.251718 8.56328 8.0437 8.56328 8.0437 17727 0 0.0330402
25.7809 282360 273672 0.254343 8.70037 8.05011 8.70037 8.05011 17916 0 0.0252922
26.0407 280912 279464 0.262592 8.64852 8.05608 8.64852 8.05608 18110 0 0.0196576
26.3161 267880 278016 0.276565 8.12033 8.05675 8.12033 8.05675 18303 0 0.0227817
26.6036 246160 264984 0.289989 7.37269 8.04936 7.37269 8.04936 18486 0 0.0394667
26.8791 233128 243264 0.279 7.10469 8.03967 7.10469 8.03967 18655 0 0.0652188
27.1307 237472 230232 0.254001 7.3209 8.03301 7.3209 8.03301 18814 0 0.0852416
27.3369 278016 234576 0.213565 9.15861 8.0415 9.15861 8.0415 18977 0 0.0951296
27.537 338832 275120 0.202352 11.0001 8.06299 11.0001 8.06299 19167 0 0.0618947
27.7653 372136 335936 0.230771 11.7715 8.09349 11.7715 8.09349 19399 0 0.0124875
28.0441 351864 369240 0.281246 10.5962 8.11837 10.5962 8.11837 19654 0 0.0228716
28.3882 286704 348968 0.342648 8.14607 8.1187 8.14607 8.1187 19896 0 0.0524665
28.7491 224440 283808 0.363998 6.32261 8.09615 6.32261 8.09615 20093 0 0.0635833
29.0415 204168 221544 0.295013 6.0629 8.07569 6.0629 8.07569 20246 0 0.106448
29.2636 228784 201272 0.223777 7.29971 8.06979 7.29971 8.06979 20386 0 0.151983
29.4649 276568 225888 0.204324 9.03528 8.07639 9.03528 8.07639 20543 0 0.117718
29.6589 337384 273672 0.202625 11.2866 8.09739 11.2866 8.09739 20732 0 0.0632507
29.8933 362000 334488 0.236951 11.4649 8.12379 11.4649 8.12379 20964 0 0.00712034
30.1721 341728 359104 0.281251 10.3469 8.14433 10.3469 8.14433 21213 0 0.0153537
30.4701 306976 338832 0.300454 9.09626 8.15364 9.09626 8.15364 21447 0 0.0148818
30.7512 286704 304080 0.283612 8.65171 8.1582 8.65171 8.1582 21657 0 0.00859162
31.0036 292496 283808 0.254679 8.99778 8.16503 8.99778 8.16503 21853 0 0.0164101
31.2391 314216 289600 0.237996 9.83722 8.17764 9.83722 8.17764 22053 0 0.0168148
31.4794 331592 311320 0.24274 10.3635 8.19432 10.3635 8.19432 22268 0 0.00492815
31.739 330144 328696 0.261875 10.1761 8.21053 10.1761 8.21053 22496 0 0.000152695
32.0129 315664 327248 0.276346 9.5982 8.22241 9.5982 8.22241 22723 0 0.00230009
32.2845 304080 312768 0.273997 9.21391 8.23075 9.21391 8.23075 22939 0 0.00288288
32.544 302632 301184 0.261937 9.28342 8.23914 9.28342 8.23914 23147 0 0.00539356
32.794 309872 299736 0.252273 9.59413 8.24947 9.59413 8.24947 23354 0 0.00659875
33.0439 317112 306976 0.252344 9.87222 8.26174 9.87222 8.26174 23567 0 0.00363052
33.2986 320008 314216 0.257115 9.86785 8.27403 9.86785 8.27403 23784 0 0.00118874
33.5606 315664 317112 0.26427 9.72892 8.28538 9.72892 8.28538 24004 0 0.000785955
33.8249 309872 312768 0.266743 9.50902 8.29495 9.50902 8.29495 24221 0 0.00177961
34.0845 308424 306976 0.261993 9.46195 8.30383 9.46195 8.30383 24433 0 0.00309946
34.3949 273672 305528 0.305959 7.87441 8.29996 7.87441 8.29996 24644 0 0.0171357
34.7522 214304 270776 0.360716 6.09428 8.27728 6.09428 8.27728 24832 0 0.0713489
35.0691 183896 211408 0.320318 5.37353 8.25104 5.37353 8.25104 24979 0 0.134552
35.2823 208512 181000 0.223255 6.79217 8.24222 6.79217 8.24222 25104 0 0.203404
35.4836 253400 205616 0.203668 8.22959 8.24215 8.22959 8.24215 25247 0 0.157185
35.6837 308424 250504 0.202546 10.0159 8.2521 10.0159 8.2521 25420 0 0.0845062
35.8928 362000 305528 0.211471 11.7459 8.27245 11.7459 8.27245 25632 0 0.03312
36.1475 364896 359104 0.257223 11.323 8.29395 11.323 8.29395 25881 0 0.0110986
36.4679 311320 362000 0.321128 9.04002 8.3005 9.04002 8.3005 26131 0 0.0438728
36.7957 260640 308424 0.33045 7.52718 8.29361 7.52718 8.29361 26344 0 0.0318813
37.0763 244712 257744 0.283242 7.38979 8.28677 7.38979 8.28677 26523 0 0.0457669
37.3033 269328 241816 0.230672 8.51989 8.28819 8.51989 8.28819 26690 0 0.0721077
37.5108 318560 266432 0.209942 10.3297 8.29948 10.3297 8.29948 26875 0 0.0579283
37.738 350416 315664 0.229703 11.1138 8.31643 11.1138 8.31643 27093 0 0.0113507
38.0072 338832 347520 0.2716 10.3271 8.33067 10.3271 8.33067 27333 0 0.00620642
38.3008 306976 335936 0.296578 9.15317 8.33697 9.15317 8.33697 27565 0 0.0120779
38.5796 289600 304080 0.281117 8.7263 8.33979 8.7263 8.33979 27775 0 0.00744781
38.8319 295392 286704 0.254743 9.08959 8.34466 9.08959 8.34466 27973 0 0.0142301
39.0698 314216 292496 0.240321 9.83524 8.35374 9.83524 8.35374 28175 0 0.0137444
39.3126 328696 311320 0.24503 10.2609 8.36551 10.2609 8.36551 28390 0 0.0039809
39.5721 327248 325800 0.261999 10.0868 8.3768 10.0868 8.3768 28616 0 2.99053e-05
39.8437 314216 324352 0.273991 9.59782 8.38512 9.59782 8.38512 28841 0 0.00180761
40.1128 304080 311320 0.271532 9.25314 8.39095 9.25314 8.39095 29056 0 0.00287741
40.3724 302632 301184 0.261834 9.32806 8.39697 9.32806 8.39697 29265 0 0.00539317
40.6223 309872 299736 0.252427 9.59413 8.40434 9.59413 8.40434 29472 0 0.0065964
40.8722 317112 306976 0.252407 9.87222 8.41331 9.87222 8.41331 29685 0 0.00362955
41.127 320008 314216 0.257026 9.86785 8.42232 9.86785 8.42232 29902 0 0.00118926
41.3951 311320 317112 0.270067 9.50575 8.42934 9.50575 8.42934 30122 0 0.00140504
41.6681 298288 308424 0.275524 9.08151 8.43361 9.08151 8.43361 30336 0 0.00445019
41.9336 291048 295392 0.268 8.94349 8.43684 8.94349 8.43684 30541 0 0.00885975
42.1867 295392 288152 0.255491 9.1073 8.44086 9.1073 8.44086 30740 0 0.0130537
42.4274 309872 292496 0.243871 9.76757 8.44839 9.76757 8.44839 30943 0 0.0122476
42.6702 324352 306976 0.245034 10.1177 8.45789 10.1177 8.45789 31155 0 0.00528465
42.9249 327248 321456 0.257195 10.0952 8.46761 10.0952 8.46761 31377 0 0.000206181
43.1917 320008 324352 0.269142 9.72733 8.47539 9.72733 8.47539 31601 0 0.000583815
43.4608 309872 317112 0.271483 9.42529 8.48127 9.42529 8.48127 31820 0 0.00169359
43.7252 304080 306976 0.266719 9.33374 8.48642 9.33374 8.48642 32033 0 0.00343839
43.9799 306976 301184 0.257195 9.45858 8.49205 9.45858 8.49205 32241 0 0.00545723
44.2298 314216 304080 0.252322 9.73318 8.49907 9.73318 8.49907 32451 0 0.0046986
44.4822 320008 311320 0.254634 9.87001 8.50684 9.87001 8.50684 32666 0 0.00211817
44.7417 318560 317112 0.261999 9.81901 8.51446 9.81901 8.51446 32886 0 0.000612918
45.0061 312768 315664 0.26682 9.59666 8.52081 9.59666 8.52081 33105 0 0.00118931
45.268 308424 309872 0.264396 9.46359 8.52627 9.46359 8.52627 33319 0 0.00236467
45.5252 311320 305528 0.25953 9.50533 8.5318 9.50533 8.5318 33530 0 0.00366929
45.7799 314216 308424 0.257195 9.73143 8.53847 9.73143 8.53847 33744 0 0.00268858
46.0371 317112 311320 0.259588 9.73058 8.54513 9.73058 8.54513 33960 0 0.00185133
46.2966 315664 314216 0.26187 9.72974 8.55177 9.72974 8.55177 34178 0 0.00112436
46.5585 311320 312768 0.264396 9.59626 8.55765 9.59626 8.55765 34395 0 0.00161452
46.8181 309872 308424 0.261996 9.50658 8.56291 9.50658 8.56291 34608 0 0.00262515
47.0752 312768 306976 0.259585 9.59543 8.56855 9.59543 8.56855 34821 0 0.00315521
47.3526 298288 309872 0.276785 8.93808 8.57071 8.93808 8.57071 35035 0 0.00443345
47.6545 264984 295392 0.304764 7.82637 8.566 7.82637 8.566 35239 0 0.0208042
47.9424 243264 262088 0.290664 7.28438 8.5583 7.28438 8.5583 35420 0 0.0428781
48.1992 246160 240368 0.259706 7.53337 8.55284 7.53337 8.55284 35587 0 0.0678909
48.3988 296840 243264 0.205423 9.7464 8.55777 9.7464 8.55777 35755 0 0.0905454
48.6011 359104 293944 0.204661 11.6253 8.57053 11.6253 8.57053 35958 0 0.048897
48.8462 372136 356208 0.247581 11.6725 8.5861 11.6725 8.5861 36205 0 0.0109828
49.1418 335936 369240 0.298 9.99318 8.59456 9.99318 8.59456 36460 0 0.03238
49.4494 293944 333040 0.310029 8.69903 8.59521 8.69903 8.59521 36691 0 0.0198091
49.7258 279464 291048 0.278677 8.42494 8.59427 8.42494 8.59427 36892 0 0.0132474
49.9685 292496 276568 0.245115 9.16323 8.59703 9.16323 8.59703 37084 0 0.0240369
50.1992 318560 289600 0.233127 10.0924 8.6039 10.0924 8.6039 37285 0 0.0190179
50.4396 335936 315664 0.242704 10.5081 8.61298 10.5081 8.61298 37503 0 0.00398279
50.7015 331592 333040 0.264395 10.1711 8.62103 10.1711 8.62103 37733 0 0.000809959
50.9779 314216 328696 0.278739 9.51473 8.62587 9.51473 8.62587 37960 0 0.00333894
51.2575 296840 311320 0.280205 8.9478 8.62763 8.9478 8.62763 38176 0 0.00503845
51.5456 273672 293944 0.290552 8.20409 8.62526 8.20409 8.62526 38380 0 0.0151463
51.8176 262088 270776 0.274669 8.00538 8.62201 8.00538 8.62201 38568 0 0.0293222
52.0683 267880 259192 0.253379 8.31704 8.62054 8.31704 8.62054 38748 0 0.0413621
52.3104 282360 264984 0.244521 8.80309 8.62138 8.80309 8.62138 38932 0 0.0363257
52.5605 288152 279464 0.252892 8.98496 8.62311 8.98496 8.62311 39126 0 0.0199992
52.8243 283808 285256 0.266465 8.69753 8.62349 8.69753 8.62349 39324 0 0.0151751
53.0934 275120 280912 0.271844 8.3927 8.62232 8.3927 8.62232 39519 0 0.0192573
53.339 283808 272224 0.250468 8.86826 8.62345 8.86826 8.62345 39707 0 0.0271752
53.5649 314216 280912 0.228341 9.94815 8.62903 9.94815 8.62903 39901 0 0.0281587
53.798 340280 311320 0.235355 10.684 8.63794 10.684 8.63794 40116 0 0.0088107
54.0575 338832 337384 0.261999 10.4439 8.64661 10.4439 8.64661 40350 0 0.00147581
54.3843 288152 335936 0.323617 8.25896 8.64428 8.25896 8.64428 40583 0 0.0294962
54.7552 220096 285256 0.374041 6.15395 8.62741 6.15395 8.62741 40780 0 0.0718096
55.0716 189688 217200 0.319783 5.52698 8.6096 5.52698 8.6096 40931 0 0.122348
55.284 215752 186792 0.221084 7.03615 8.60355 7.03615 8.60355 41060 0 0.188788
55.4853 262088 212856 0.203712 8.51734 8.60324 8.51734 8.60324 41208 0 0.142561
55.6866 318560 259192 0.203663 10.3589 8.60959 10.3589 8.60959 41388 0 0.074367
55.9029 364896 315664 0.218802 11.7292 8.62166 11.7292 8.62166 41607 0 0.0228493
56.1648 360552 362000 0.264324 11.0556 8.63301 11.0556 8.63301 41857 0 0.0131583
56.5253 285256 357656 0.358952 7.93815 8.62858 7.93815 8.62858 42104 0 0.0735633
56.891 220096 282360 0.368773 6.20886 8.61302 6.20886 8.61302 42300 0 0.0692423
57.18 201272 217200 0.291866 6.05241 8.60008 6.05241 8.60008 42451 0 0.11439
57.3908 234576 198376 0.214724 7.52657 8.59614 7.52657 8.59614 42588 0 0.164349
57.5923 283808 231680 0.204155 9.25642 8.59845 9.25642 8.59845 42749 0 0.108514
57.8161 317112 280912 0.226674 10.0426 8.60404 10.0426 8.60404 42943 0 0.0300139
58.0874 305528 314216 0.274171 9.26447 8.60712 9.26447 8.60712 43160 0 0.00257225
58.379 278016 302632 0.2956 8.34304 8.6058 8.34304 8.6058 43370 0 0.0131702
58.6523 266432 275120 0.275997 8.09593 8.60343 8.09593 8.60343 43561 0 0.0250815
58.8995 275120 263536 0.249779 8.52649 8.6031 8.52649 8.6031 43743 0 0.0365855
59.1364 293944 272224 0.239453 9.19473 8.60547 9.19473 8.60547 43931 0 0.0301467
59.38 306976 291048 0.246458 9.55632 8.60937 9.55632 8.60937 44132 0 0.0127048
59.6415 302632 304080 0.264 9.35018 8.61262 9.35018 8.61262 44343 0 0.00433805
59.9132 291048 299736 0.274437 8.82348 8.61358 8.82348 8.61358 44550 0 0.00752165
60.1824 282360 288152 0.271767 8.60708 8.61355 8.60708 8.61355 44750 0 0.0137078
60.4461 278016 279464 0.265942 8.52252 8.61315 8.52252 8.61315 44944 0 0.019845
60.7022 280912 275120 0.258821 8.63824 8.61326 8.63824 8.61326 45135 0 0.023636
60.9531 286704 278016 0.253551 8.86627 8.6143 8.86627 8.6143 45327 0 0.0212586
61.2061 291048 283808 0.25607 8.97351 8.61578 8.97351 8.61578 45523 0 0.0162583
61.4416 311320 288152 0.239357 9.78804 8.62028 9.78804 8.62028 45722 0 0.0171715
61.6819 328696 308424 0.242742 10.3153 8.62688 10.3153 8.62688 45936 0 0.0057576
61.9391 331592 325800 0.259587 10.1811 8.63333 10.1811 8.63333 46162 0 8.56317e-05
62.2106 318560 328696 0.273943 9.72579 8.6381 9.72579 8.6381 46390 0 0.00193163
62.4846 304080 315664 0.276313 9.25993 8.64083 9.25993 8.64083 46609 0 0.00307634
62.7465 299736 301184 0.264396 9.19826 8.64316 9.19826 8.64316 46817 0 0.00556794
62.9965 306976 296840 0.252389 9.50143 8.64656 9.50143 8.64656 47022 0 0.00806174
63.2654 304080 304080 0.263713 9.08849 8.64844 9.08849 8.64844 47233 0 0.00423659
63.6426 230232 301184 0.379969 6.38765 8.63504 6.38765 8.63504 47441 0 0.0713936
64.0162 175208 227336 0.3772 4.8678 8.61305 4.8678 8.61305 47598 0 0.132703
64.2858 172312 172312 0.265026 5.15715 8.59856 5.15715 8.59856 47718 0 0.220825
64.4907 207064 169416 0.206529 6.67178 8.59244 6.67178 8.59244 47836 0 0.243466
64.6919 249056 204168 0.206441 8.17204 8.59113 8.17204 8.59113 47978 0 0.157791
64.8932 298288 246160 0.206457 9.84098 8.59501 9.84098 8.59501 48149 0 0.0846613
65.0975 328696 295392 0.228996 11.5686 8.60434 11.5686 8.60434 48353 0 0.0180148
65.3426 341728 325800 0.247472 10.6329 8.61195 10.6329 8.61195 48578 0 0.0017709
65.6142 328696 338832 0.273916 10.0244 8.6178 10.0244 8.6178 48813 0 0.0036129
65.8954 308424 325800 0.283625 9.26969 8.62058 9.26969 8.62058 49038 0 0.00445488
66.1669 296840 305528 0.273999 9.04328 8.62231 9.04328 8.62231 49250 0 0.00505608
66.4217 299736 293944 0.257141 9.27669 8.62482 9.27669 8.62482 49454 0 0.0092187
66.6668 312768 296840 0.247387 9.73499 8.62891 9.73499 8.62891 49660 0 0.00927453
66.9143 322904 309872 0.249998 10.0617 8.63421 10.0617 8.63421 49875 0 0.00323939
67.1715 325800 320008 0.259639 9.95582 8.63926 9.95582 8.63926 50096 0 0.000315461
67.5799 238920 322904 0.400777 6.35234 8.62544 6.35234 8.62544 50320 0 0.0913214
68.0094 166520 236024 0.433249 4.42327 8.5989 4.42327 8.5989 50484 0 0.154593
68.3066 154936 163624 0.285972 4.44404 8.58083 4.44404 8.58083 50598 0 0.248498
68.5232 183896 152040 0.209187 5.6683 8.57162 5.6683 8.57162 50704 0 0.293743
68.7245 217200 181000 0.209309 7.25125 8.56775 7.25125 8.56775 50830 0 0.209388
68.9258 257744 214304 0.209172 8.57489 8.56778 8.57489 8.56778 50979 0 0.134157
69.1036 289600 254848 0.224178 11.4644 8.57523 11.4644 8.57523 51155 0 0.0574831
69.4251 251952 286704 0.313181 7.13409 8.56856 7.13409 8.56856 51353 0 0.030132
69.8155 186792 249056 0.394175 5.10408 8.54918 5.10408 8.54918 51525 0 0.112803
70.1546 152040 183896 0.343054 4.3384 8.52883 4.3384 8.52883 51652 0 0.206832
70.4199 149144 149144 0.267508 4.54105 8.51381 4.54105 8.51381 51756 0 0.29292
70.6379 169416 146248 0.222189 5.42048 8.50426 5.42048 8.50426 51858 0 0.307827
70.8517 194032 166520 0.217985 6.28534 8.49757 6.28534 8.49757 51974 0 0.245286
71.0948 201272 191136 0.247286 6.33672 8.49018 6.33672 8.49018 52107 0 0.170311
71.3022 227336 198376 0.22344 7.65401 8.48774 7.65401 8.48774 52244 0 0.159566
71.5035 275120 224440 0.203974 8.97602 8.48912 8.97602 8.48912 52400 0 0.120494
71.7048 334488 272224 0.203625 10.8748 8.49582 10.8748 8.49582 52589 0 0.0629165
71.9379 360552 331592 0.235654 11.3783 8.50516 11.3783 8.50516 52818 0 0.00743568
72.2225 334488 357656 0.287393 10.0967 8.51143 10.0967 8.51143 53066 0 0.0172781
72.5205 301184 331592 0.300611 8.94077 8.51319 8.94077 8.51319 53296 0 0.0125616
72.7968 286704 298288 0.278726 8.67643 8.51381 8.67643 8.51381 53503 0 0.00909103
73.0444 295392 283808 0.249806 9.17249 8.51605 9.17249 8.51605 53699 0 0.0168827
73.2799 317112 292496 0.237993 9.9356 8.52061 9.9356 8.52061 53901 0 0.0149531
73.5226 331592 314216 0.245008 10.3564 8.52667 10.3564 8.52667 54118 0 0.00331082
73.7846 327248 328696 0.264396 10.0827 8.53219 10.0827 8.53219 54346 0 0.00032731
74.0585 312768 324352 0.276396 9.51363 8.53582 9.51363 8.53582 54571 0 0.00225784
74.3625 279464 309872 0.301837 8.15559 8.53427 8.15559 8.53427 54785 0 0.0144179
74.6899 234576 276568 0.330234 6.75785 8.52648 6.75785 8.52648 54976 0 0.0462165
74.9836 212856 231680 0.296915 6.34913 8.51795 6.34913 8.51795 55137 0 0.0882776
75.2225 222992 209960 0.2451 7.03155 8.51323 7.03155 8.51323 55282 0 0.126489
75.4238 270776 220096 0.203802 8.80509 8.51401 8.80509 8.51401 55435 0 0.128963
75.6239 330144 267880 0.20259 10.7106 8.51982 10.7106 8.51982 55620 0 0.0675539
75.8474 366344 327248 0.22754 11.7655 8.52939 11.7655 8.52939 55847 0 0.013508
76.1189 351864 363448 0.274 10.7069 8.53716 10.7069 8.53716 56098 0 0.0161763
76.4288 306976 348968 0.311621 9.04751 8.53922 9.04751 8.53922 56340 0 0.0271797
76.7288 273672 304080 0.302486 8.14608 8.53769 8.14608 8.53769 56551 0 0.0164494
76.9892 272224 270776 0.262907 8.31963 8.53695 8.31963 8.53695 56738 0 0.0278649
77.2217 293944 269328 0.235355 9.31922 8.5393 9.31922 8.5393 56925 0 0.0344169
77.4452 328696 291048 0.226059 10.4179 8.54473 10.4179 8.54473 57126 0 0.0234994
77.6879 344624 325800 0.24519 10.7859 8.55173 10.7859 8.55173 57352 0 0.00262731
77.9594 331592 341728 0.273978 10.1097 8.55716 10.1097 8.55716 57589 0 0.0044525
78.243 308424 328696 0.285903 9.27283 8.55975 9.27283 8.55975 57816 0 0.00588201
78.517 293944 305528 0.276347 8.96395 8.56116 8.96395 8.56116 58028 0 0.00584193
78.7717 296840 291048 0.257149 9.18574 8.56318 9.18574 8.56318 58230 0 0.011001
79.0144 309872 293944 0.245196 9.73593 8.56678 9.73593 8.56678 58434 0 0.0109582
79.2596 322904 306976 0.247431 10.0658 8.57142 10.0658 8.57142 58647 0 0.00484151
79.5143 325800 320008 0.25717 10.0497 8.57615 10.0497 8.57615 58868 0 0.000323338
79.7811 318560 322904 0.269241 9.72733 8.58 9.72733 8.58 59092 0 0.000623244
80.0502 308424 315664 0.271557 9.42529 8.58284 9.42529 8.58284 59311 0 0.00193143
80.3122 304080 305528 0.264357 9.33092 8.58528 9.33092 8.58528 59522 0 0.00378731
80.5669 306976 301184 0.257195 9.50406 8.58819 9.50406 8.58819 59731 0 0.00545723
80.8168 314216 304080 0.252322 9.73318 8.59173 9.73318 8.59173 59941 0 0.0046986
81.0692 320008 311320 0.254634 9.87001 8.59571 9.87001 8.59571 60156 0 0.00211817
81.3823 280912 317112 0.308607 8.1399 8.59396 8.1399 8.59396 60376 0 0.0174227
81.7567 214304 278016 0.377813 5.97093 8.58194 5.97093 8.58194 60569 0 0.0767829
82.0835 179552 211408 0.330221 5.17558 8.56838 5.17558 8.56838 60715 0 0.138525
82.2934 204168 176656 0.220318 6.73107 8.56369 6.73107 8.56369 60837 0 0.215652
82.4935 249056 201272 0.202469 8.04743 8.56244 8.04743 8.56244 60976 0 0.16732
82.6948 302632 246160 0.203557 9.84098 8.56555 9.84098 8.56555 61147 0 0.0892084
82.8991 362000 299736 0.206873 11.7387 8.57337 11.7387 8.57337 61354 0 0.0422339
83.149 370688 359104 0.252332 11.5408 8.58229 11.5408 8.58229 61603 0 0.0117849
83.4959 299736 367792 0.346049 8.48183 8.58188 8.48183 8.58188 61857 0 0.0724017
83.8617 231680 296840 0.368549 6.49191 8.57276 6.49191 8.57276 62062 0 0.0631402
84.1584 208512 228784 0.299531 6.20843 8.56442 6.20843 8.56442 62221 0 0.0942896
84.3783 234576 205616 0.223628 7.48105 8.5616 7.48105 8.5616 62363 0 0.14269
84.5783 285256 231680 0.202942 9.26323 8.56326 9.26323 8.56326 62523 0 0.110021
84.7993 321456 282360 0.223637 10.225 8.56759 10.225 8.56759 62718 0 0.0309422
85.0699 309872 318560 0.273453 9.45984 8.57043 9.45984 8.57043 62939 0 0.00184407
85.3678 278016 306976 0.301299 8.24339 8.56929 8.24339 8.56929 63151 0 0.0143889
85.6506 259192 275120 0.28529 7.78288 8.56669 7.78288 8.56669 63341 0 0.0275495
85.904 262088 256296 0.256374 8.08988 8.56528 8.08988 8.56528 63518 0 0.0447812
86.1415 279464 259192 0.240005 8.78163 8.56588 8.78163 8.56588 63698 0 0.0442589
86.3636 311320 276568 0.226574 10.0136 8.5696 10.0136 8.5696 63890 0 0.0329324
86.5943 338832 308424 0.233169 10.7451 8.5754 10.7451 8.5754 64104 0 0.0104872
86.8514 341728 335936 0.259626 10.4964 8.58109 10.4964 8.58109 64337 0 0.00121181
87.1302 322904 338832 0.281035 9.72359 8.58474 9.72359 8.58474 64571 0 0.00560853
87.4114 302632 320008 0.283625 9.1049 8.58642 9.1049 8.58642 64792 0 0.00468476
87.6781 295392 299736 0.269256 9.03252 8.58777 9.03252 8.58777 65000 0 0.00662473
87.9281 302632 292496 0.252445 9.40874 8.59011 9.40874 8.59011 65203 0 0.0105558
88.1708 317112 299736 0.24501 9.87911 8.59366 9.87911 8.59366 65410 0 0.00825252
88.5452 246160 314216 0.367377 6.74548 8.58584 6.74548 8.58584 65628 0 0.0602917
88.9554 176656 243264 0.413968 4.7727 8.56826 4.7727 8.56826 65797 0 0.132692
89.2464 157832 173760 0.303425 4.77619 8.55589 4.77619 8.55589 65917 0 0.221795
89.4465 192584 154936 0.202633 6.19479 8.55061 6.19479 8.55061 66024 0 0.28854
89.6478 233128 189688 0.203731 7.59645 8.54847 7.59645 8.54847 66156 0 0.192072
89.8491 282360 230232 0.20393 9.20781 8.54995 9.20781 8.54995 66316 0 0.111118
90.0504 341728 279464 0.204192 11.1645 8.55579 11.1645 8.55579 66510 0 0.0561142
90.2838 367792 338832 0.23642 11.6616 8.56382 11.6616 8.56382 66745 0 0.00879892
90.565 344624 364896 0.283572 10.3821 8.56946 10.3821 8.56946 66997 0 0.0207066
90.8678 305528 341728 0.305151 9.02839 8.57099 9.02839 8.57099 67233 0 0.0191588
91.1513 285256 302632 0.286 8.53754 8.57089 8.53754 8.57089 67442 0 0.00930351
91.4115 283808 282360 0.261969 8.72798 8.57134 8.72798 8.57134 67638 0 0.0172372
91.656 295392 280912 0.247221 9.23651 8.57311 9.23651 8.57311 67833 0 0.0198361
91.8981 309872 292496 0.244533 9.66671 8.57599 9.66671 8.57599 68035 0 0.0122267
92.1501 315664 306976 0.254533 9.74347 8.57919 9.74347 8.57919 68247 0 0.00342313
92.4549 280912 312768 0.303864 8.21145 8.57797 8.21145 8.57797 68463 0 0.0147744
92.7751 238920 278016 0.323354 6.9443 8.57233 6.9443 8.57233 68655 0 0.0416073
93.0598 221544 236024 0.287482 6.63235 8.5664 6.63235 8.5664 68818 0 0.078565
93.2927 237472 218648 0.238032 7.56063 8.56389 7.56063 8.56389 68970 0 0.109969
93.4954 286704 234576 0.205315 9.3145 8.56552 9.3145 8.56552 69133 0 0.103348
93.7115 328696 283808 0.218668 10.5089 8.57 10.5089 8.57 69329 0 0.0344667
93.9729 324352 325800 0.264 9.97107 8.57389 9.97107 8.57389 69554 0 0.00020071
94.267 292496 321456 0.298682 8.78224 8.57454 8.78224 8.57454 69777 0 0.0112228
94.5338 285256 289600 0.269133 8.68512 8.57486 8.68512 8.57486 69977 0 0.0124439
94.7741 301184 282360 0.242826 9.39947 8.57695 9.39947 8.57695 70172 0 0.0199103
95.0096 322904 298288 0.237926 10.1815 8.58092 10.1815 8.58092 70379 0 0.011709
95.2571 333040 320008 0.249916 10.3425 8.5855 10.3425 8.5855 70600 0 0.00131029
95.5239 325800 330144 0.269195 9.94446 8.5893 9.94446 8.5893 70829 0 0.000831325
95.7979 311320 322904 0.276335 9.42907 8.5917 9.42907 8.5917 71052 0 0.00229348
96.067 301184 308424 0.271552 9.2101 8.59343 9.2101 8.59343 71266 0 0.00370742
96.3242 304080 298288 0.25953 9.32514 8.59538 9.32514 8.59538 71473 0 0.00683495
96.5717 314216 301184 0.249997 9.73408 8.5983 9.73408 8.5983 71681 0 0.00644268
96.8216 321456 311320 0.252339 9.96492 8.60183 9.96492 8.60183 71896 0 0.00232672
97.0812 320008 318560 0.261873 9.86364 8.6052 9.86364 8.6052 72117 0 0.000416009
97.3536 308424 317112 0.274027 9.31112 8.60718 9.31112 8.60718 72336 0 0.00205625
97.6327 291048 305528 0.281593 8.7993 8.60773 8.7993 8.60773 72548 0 0.00691439
97.9017 282360 288152 0.271437 8.61448 8.60775 8.61448 8.60775 72748 0 0.0137001
98.1554 285256 279464 0.256233 8.85741 8.60839 8.85741 8.60839 72942 0 0.0197246
98.3909 305528 282360 0.238985 9.64012 8.61086 9.64012 8.61086 73138 0 0.0215457
98.6264 328696 302632 0.237943 10.3291 8.61497 10.3291 8.61497 73348 0 0.0103051
98.8788 334488 325800 0.254614 10.375 8.61946 10.375 8.61946 73574 0 0.000352673
99.1503 321456 331592 0.273999 9.81111 8.62272 9.81111 8.62272 73804 0 0.00221527
99.4669 278016 318560 0.316017 8.08792 8.62102 8.08792 8.62102 74025 0 0.0213959
99.7782 241816 275120 0.314117 7.0691 8.61618 7.0691 8.61618 74215 0 0.0388903
100.047 234576 238920 0.271755 7.10827 8.61212 7.10827 8.61212 74380 0 0.0707861
100.27 259192 231680 0.228542 8.3727 8.61159 8.3727 8.61159 74541 0 0.0891749
100.47 315664 256296 0.202382 10.2474 8.61485 10.2474 8.61485 74718 0 0.078201
100.684 364896 312768 0.216328 11.7527 8.62152 11.7527 8.62152 74935 0 0.0262709
100.943 363448 362000 0.26189 11.158 8.62804 11.158 8.62804 75185 0 0.0129844
101.245 324352 360552 0.303488 9.56825 8.63084 9.56825 8.63084 75434 0 0.0283285
101.553 283808 321456 0.310225 8.39419 8.63012 8.39419 8.63012 75657 0 0.0182042
101.826 272224 280912 0.275608 8.22361 8.62903 8.22361 8.62903 75851 0 0.0199164
102.065 288152 269328 0.241305 9.02246 8.62995 9.02246 8.62995 76037 0 0.0320946
102.291 318560 285256 0.229536 10.0639 8.63313 10.0639 8.63313 76234 0 0.0246368
102.529 338832 315664 0.24043 10.663 8.63784 10.663 8.63784 76453 0 0.00509886
102.791 334488 335936 0.264418 10.2596 8.64197 10.2596 8.64197 76685 0 0.00133045
103.07 315664 331592 0.281236 9.51582 8.64433 9.51582 8.64433 76914 0 0.00421708
103.398 267880 312768 0.32418 7.66992 8.64125 7.66992 8.64125 77131 0 0.0271528
103.749 212856 264984 0.354521 6.03525 8.63242 6.03525 8.63242 77314 0 0.0716993
104.048 191136 209960 0.302372 5.6524 8.62385 5.6524 8.62385 77460 0 0.131556
104.272 212856 188240 0.228198 6.77055 8.61987 6.77055 8.61987 77591 0 0.18255
104.468 259192 209960 0.202556 8.59453 8.61982 8.59453 8.61982 77736 0 0.148921
104.669 314216 256296 0.204021 10.2398 8.62294 10.2398 8.62294 77914 0 0.0764864
104.897 344624 311320 0.2308 10.9713 8.62804 10.9713 8.62804 78130 0 0.0113785
105.174 327248 341728 0.279274 9.92015 8.63144 9.92015 8.63144 78367 0 0.00587918
105.459 301184 324352 0.288978 9.09663 8.6327 9.09663 8.6327 78591 0 0.00727523
105.728 291048 298288 0.27148 8.8658 8.6333 8.8658 8.6333 78797 0 0.00785979
105.976 299736 288152 0.249999 9.31289 8.63488 9.31289 8.63488 78996 0 0.0136693
106.217 315664 296840 0.242841 9.90978 8.63777 9.90978 8.63777 79202 0 0.0102039
106.472 318560 312768 0.257343 9.85068 8.64068 9.85068 8.64068 79419 0 0.001503
106.739 309872 315664 0.270089 9.43793 8.64268 9.43793 8.64268 79637 0 0.0016416
107.01 298288 306976 0.272595 9.09396 8.64382 9.09396 8.64382 79849 0 0.00450471
107.271 293944 295392 0.264433 9.02315 8.64474 9.02315 8.64474 80053 0 0.0084978
107.522 299736 291048 0.252652 9.30689 8.64628 9.30689 8.64628 80254 0 0.0112851
107.769 308424 296840 0.250149 9.63285 8.64855 9.63285 8.64855 80460 0 0.00831921
108.022 314216 305528 0.25512 9.72092 8.65106 9.72092 8.65106 80672 0 0.00393109
108.294 304080 311320 0.272117 9.19077 8.65242 9.19077 8.65242 80888 0 0.00289125
108.599 267880 301184 0.307827 7.93776 8.65041 7.93776 8.65041 81097 0 0.0200639
108.893 243264 264984 0.296541 7.21761 8.64655 7.21761 8.64655 81280 0 0.041173
109.153 241816 240368 0.262561 7.44567 8.64369 7.44567 8.64369 81447 0 0.0678378
109.386 260640 238920 0.236378 8.19098 8.64272 8.19098 8.64272 81612 0 0.0740643
109.619 280912 257744 0.235873 8.89631 8.64326 8.89631 8.64326 81791 0 0.0472976
109.869 286704 278016 0.252834 8.89911 8.64384 8.89911 8.64384 81983 0 0.0212683
110.139 276568 283808 0.272357 8.42209 8.6433 8.42209 8.6433 82179 0 0.0171896
110.394 279464 273672 0.259541 8.5899 8.64318 8.5899 8.64318 82368 0 0.0250222
110.635 293944 276568 0.243839 9.21449 8.64442 9.21449 8.64442 82560 0 0.0244536
110.879 306976 291048 0.246442 9.59343 8.64651 9.59343 8.64651 82762 0 0.0127052
111.135 309872 304080 0.259093 9.52478 8.64854 9.52478 8.64854 82973 0 0.00422362
111.391 312768 306976 0.259414 9.59885 8.65072 9.59885 8.65072 83185 0 0.00315539
111.646 315664 309872 0.257226 9.73143 8.65319 9.73143 8.65319 83399 0 0.00225379
111.903 318560 312768 0.259493 9.73058 8.65566 9.73058 8.65566 83615 0 0.0014962
112.163 317112 315664 0.261999 9.72974 8.65815 9.72974 8.65815 83833 0 0.00084904
112.425 312768 314216 0.264365 9.59626 8.66033 9.59626 8.66033 84050 0 0.00129873
112.687 308424 309872 0.26431 9.50781 8.6623 9.50781 8.6623 84265 0 0.00236392
112.944 311320 305528 0.259463 9.50533 8.66422 9.50533 8.66422 84476 0 0.00366936
113.199 314216 308424 0.257223 9.73143 8.66662 9.73143 8.66662 84690 0 0.00268843
113.465 306976 311320 0.268444 9.37935 8.6683 9.37935 8.6683 84906 0 0.00233932
113.735 296840 304080 0.271997 9.07431 8.66926 9.07431 8.66926 85117 0 0.00525999
113.997 292496 293944 0.264467 8.9797 8.66998 8.9797 8.66998 85320 0 0.00932973
114.271 283808 289600 0.270484 8.47513 8.66951 8.47513 8.66951 85521 0 0.0126888
114.622 225888 280912 0.353972 6.40072 8.66256 6.40072 8.66256 85715 0 0.0589939
114.963 183896 222992 0.344005 5.23813 8.65241 5.23813 8.65241 85869 0 0.122266
115.234 176656 181000 0.274367 5.33735 8.64461 5.33735 8.64461 85994 0 0.19702
115.462 194032 173760 0.231276 6.15216 8.63969 6.15216 8.63969 86115 0 0.220238
115.679 221544 191136 0.220676 7.04702 8.6367 7.04702 8.6367 86247 0 0.178365
115.918 234576 218648 0.242323 7.32851 8.63401 7.32851 8.63401 86398 0 0.109004
116.193 222992 231680 0.278346 6.7857 8.62964 6.7857 8.62964 86559 0 0.0840555
116.391 264984 220096 0.208269 8.85375 8.63002 8.85375 8.63002 86711 0 0.123558
116.59 322904 262088 0.20253 10.543 8.63328 10.543 8.63328 86892 0 0.0725349
116.81 362000 320008 0.22448 11.6944 8.63905 11.6944 8.63905 87114 0 0.0159686
117.077 353312 359104 0.269196 10.813 8.644 10.813 8.644 87363 0 0.0118106
117.375 317112 350416 0.300347 9.40724 8.64594 9.40724 8.64594 87605 0 0.0201501
117.666 289600 314216 0.29315 8.64456 8.64593 8.64456 8.64593 87822 0 0.00936597
117.928 285256 286704 0.26437 8.80025 8.64628 8.80025 8.64628 88021 0 0.0140826
118.166 304080 282360 0.240231 9.49441 8.64798 9.49441 8.64798 88216 0 0.020959
118.437 295392 301184 0.271233 8.90467 8.64857 8.90467 8.64857 88425 0 0.00621075
118.733 266432 292496 0.298141 7.92578 8.64678 7.92578 8.64678 88627 0 0.0193974
119.019 246160 263536 0.289504 7.35316 8.64366 7.35316 8.64366 88809 0 0.0405276
119.283 241816 243264 0.265055 7.38202 8.64087 7.38202 8.64087 88977 0 0.0634541
119.538 243264 238920 0.257954 7.49722 8.63843 7.49722 8.63843 89142 0 0.0701757
119.79 247608 240368 0.254996 7.67952 8.63641 7.67952 8.63641 89309 0 0.0680151
120.042 251952 244712 0.25499 7.77149 8.6346 7.77149 8.6346 89478 0 0.0612325
120.317 241816 249056 0.274849 7.27764 8.63149 7.27764 8.63149 89651 0 0.0557966
120.624 211408 238920 0.310551 6.22528 8.62537 6.22528 8.62537 89816 0 0.0814611
120.921 189688 208512 0.29983 5.66844 8.61812 5.66844 8.61812 89961 0 0.134521
121.178 191136 186792 0.260747 5.8134 8.61217 5.8134 8.61217 90090 0 0.180863
121.379 231680 188240 0.204908 7.539 8.61039 7.539 8.61039 90221 0 0.195671
121.578 282360 228784 0.202411 9.2011 8.61136 9.2011 8.61136 90379 0 0.115278
121.777 338832 279464 0.205687 11.2393 8.61565 11.2393 8.61565 90572 0 0.0527735
122.011 359104 335936 0.242168 11.5208 8.62123 11.5208 8.62123 90805 0 0.00534093
122.29 338832 356208 0.28115 10.2222 8.62488 10.2222 8.62488 91051 0 0.0135587
122.585 305528 335936 0.298 9.09183 8.62601 9.09183 8.62601 91283 0 0.0130772
122.864 288152 302632 0.281256 8.68474 8.62614 8.68474 8.62614 91492 0 0.00804712
123.116 293944 285256 0.254842 9.08959 8.62709 9.08959 8.62709 91690 0 0.0152989
123.421 263536 291048 0.300058 7.67186 8.62473 7.67186 8.62473 91892 0 0.0212722
123.77 211408 260640 0.352045 6.01465 8.61738 6.01465 8.61738 92073 0 0.0734147
124.081 183896 208512 0.314073 5.36999 8.60925 5.36999 8.60925 92217 0 0.138558
124.29 209960 181000 0.220494 6.90444 8.60637 6.90444 8.60637 92342 0 0.204309
124.492 254848 207064 0.203624 8.28714 8.60586 8.28714 8.60586 92486 0 0.153936
124.693 309872 251952 0.203708 10.0712 8.60822 10.0712 8.60822 92661 0 0.0823513
124.902 363448 306976 0.211656 11.7459 8.61347 11.7459 8.61347 92873 0 0.032588
125.157 366344 360552 0.25715 11.323 8.61899 11.323 8.61899 93122 0 0.0120539
125.5 298288 363448 0.343119 8.49555 8.61865 8.49555 8.61865 93374 0 0.0647536
125.854 236024 295392 0.356567 6.71417 8.6133 6.71417 8.6133 93579 0 0.0543282
126.14 217200 233128 0.289103 6.5138 8.60853 6.5138 8.60853 93740 0 0.0841114
126.359 253400 214304 0.214923 7.91119 8.60733 7.91119 8.60733 93889 0 0.130449
126.549 308424 250504 0.202535 10.5174 8.6102 10.5174 8.6102 94062 0 0.0845073
126.776 340280 305528 0.228998 10.8493 8.6142 10.8493 8.6142 94274 0 0.0141584
127.04 334488 337384 0.266468 10.2612 8.61763 10.2612 8.61763 94508 0 0.00181141
127.327 308424 331592 0.289955 9.28627 8.61913 9.28627 8.61913 94738 0 0.00774026
127.603 292496 305528 0.278744 8.88601 8.61971 8.88601 8.61971 94950 0 0.0063429
127.858 295392 289600 0.257148 9.14027 8.62075 9.14027 8.62075 95151 0 0.0119518
128.098 311320 292496 0.242764 9.73688 8.62284 9.73688 8.62284 95353 0 0.0127015
128.341 325800 308424 0.245077 10.1655 8.62576 10.1655 8.62576 95566 0 0.00480906
128.598 328696 322904 0.259565 10.091 8.62869 10.091 8.62869 95790 0 0.000121184
128.867 318560 325800 0.271577 9.72656 8.63098 9.72656 8.63098 96016 0 0.00111276
129.139 306976 315664 0.273889 9.34188 8.63248 9.34188 8.63248 96235 0 0.00228853
129.401 302632 304080 0.264396 9.2867 8.6338 9.2867 8.6338 96445 0 0.00434138
129.653 308424 299736 0.25474 9.50276 8.63549 9.50276 8.63549 96652 0 0.00638806
129.903 315664 305528 0.25225 9.82587 8.63778 9.82587 8.63778 96864 0 0.00414599
130.158 318560 312768 0.257115 9.86785 8.64019 9.86785 8.64019 97081 0 0.00150426
130.417 317112 315664 0.261998 9.72974 8.64236 9.72974 8.64236 97299 0 0.000849034
130.679 312768 314216 0.264438 9.59626 8.64427 9.59626 8.64427 97516 0 0.00129937
130.941 308424 309872 0.264342 9.50781 8.646 9.50781 8.646 97731 0 0.00236419
131.198 311320 305528 0.259603 9.50533 8.64768 9.50533 8.64768 97942 0 0.00366923
131.453 314216 308424 0.25719 9.73143 8.64978 9.73143 8.64978 98156 0 0.00268861
131.71 317112 311320 0.259544 9.73058 8.65189 9.73058 8.65189 98372 0 0.00185137
131.97 315664 314216 0.261927 9.72974 8.65401 9.72974 8.65401 98590 0 0.00112458
132.237 309872 312768 0.267236 9.41081 8.65554 9.41081 8.65554 98807 0 0.0017865
132.539 275120 306976 0.304695 8.1203 8.65432 8.1203 8.65432 99019 0 0.0165071
132.836 247608 272224 0.299593 7.33689 8.65138 7.33689 8.65138 99207 0 0.0351034
133.099 243264 244712 0.266 7.43736 8.64898 7.43736 8.64898 99376 0 0.0612434
133.318 273672 240368 0.224363 8.84296 8.6493 8.84296 8.6493 99543 0 0.0778354
133.518 333040 270776 0.202477 10.8264 8.65256 10.8264 8.65256 99730 0 0.0645141
133.744 369240 330144 0.228346 11.7429 8.65778 11.7429 8.65778 99959 0 0.013659
134.018 353312 366344 0.276342 10.6975 8.66195 10.6975 8.66195 100212 0 0.0188519
134.338 302632 350416 0.320585 8.78992 8.66225 8.78992 8.66225 100455 0 0.034103
134.665 253400 299736 0.329142 7.34505 8.65906 7.34505 8.65906 100662 0 0.0337706
134.945 237472 250504 0.283303 7.18333 8.65599 7.18333 8.65599 100836 0 0.0554861
135.18 254848 234576 0.237437 8.04411 8.65493 8.04411 8.65493 100999 0 0.0807782
135.391 295392 251952 0.21475 9.5377 8.65631 9.5377 8.65631 101173 0 0.0681288
135.617 325800 292496 0.228775 10.3449 8.65912 10.3449 8.65912 101375 0 0.0197315
135.88 321456 322904 0.265256 9.83733 8.6614 9.83733 8.6614 101598 0 0.000247877
136.171 293944 318560 0.29385 8.7916 8.66168 8.7916 8.66168 101819 0 0.00870445
136.457 272224 291048 0.288773 8.13395 8.66057 8.13395 8.66057 102020 0 0.0162077
136.72 267880 269328 0.265456 8.24086 8.65976 8.24086 8.65976 102207 0 0.0295516
136.962 280912 264984 0.244625 8.75831 8.65994 8.75831 8.65994 102390 0 0.0359453
137.202 296840 278016 0.242127 9.34003 8.66112 9.34003 8.66112 102583 0 0.0236207
137.438 315664 293944 0.239887 9.9462 8.66334 9.9462 8.66334 102786 0 0.0128904
137.689 321456 312768 0.253645 10.0067 8.66579 10.0067 8.66579 103003 0 0.00177454
137.955 314216 318560 0.268486 9.58146 8.66755 9.58146 8.66755 103223 0 0.00096092
138.226 302632 311320 0.273408 9.19287 8.66858 9.19287 8.66858 103438 0 0.00322196
138.492 295392 299736 0.268674 9.05285 8.66932 9.05285 8.66932 103646 0 0.00661428
138.749 296840 292496 0.258721 9.17505 8.67025 9.17505 8.67025 103849 0 0.0100239
138.998 304080 293944 0.251386 9.44757 8.67165 9.44757 8.67165 104052 0 0.00970158
139.248 309872 301184 0.253037 9.6774 8.67345 9.6774 8.67345 104261 0 0.00573605
139.498 317112 306976 0.252243 9.82587 8.67552 9.82587 8.67552 104473 0 0.00363207
139.752 320008 314216 0.257221 9.86785 8.67769 9.86785 8.67769 104690 0 0.00118814
140.014 315664 317112 0.264371 9.72892 8.67966 9.72892 8.67966 104910 0 0.000786828
140.305 292496 312768 0.287076 8.66135 8.67962 8.66135 8.67962 105127 0 0.00723138
140.65 236024 289600 0.348525 6.70528 8.67477 6.70528 8.67477 105327 0 0.0498935
140.97 201272 233128 0.323222 5.82957 8.66831 5.82957 8.66831 105488 0 0.0953406
141.222 204168 198376 0.259199 6.34426 8.66417 6.34426 8.66417 105626 0 0.151878
141.423 247608 201272 0.20388 8.05694 8.6633 8.05694 8.6633 105766 0 0.165949
141.625 299736 244712 0.204031 9.78343 8.66489 9.78343 8.66489 105936 0 0.0898875
141.829 357656 296840 0.208495 11.682 8.66924 11.682 8.66924 106142 0 0.0419211
142.076 369240 354760 0.249985 11.5124 8.67419 11.5124 8.67419 106388 0 0.00975566
142.372 333040 366344 0.298 9.95399 8.67685 9.95399 8.67685 106642 0 0.0300335
142.677 293944 330144 0.307633 8.69161 8.67688 8.69161 8.67688 106871 0 0.0169904
142.951 280912 291048 0.276397 8.49884 8.67654 8.49884 8.67654 107072 0 0.0127902
143.194 293944 278016 0.245051 9.21095 8.67745 9.21095 8.67745 107265 0 0.0227307
143.425 321456 291048 0.23313 10.0924 8.67972 10.0924 8.67972 107466 0 0.0188015
143.667 335936 318560 0.245023 10.5473 8.68288 10.5473 8.68288 107687 0 0.002602
143.932 330144 333040 0.266803 10.0787 8.68544 10.0787 8.68544 107917 0 0.000975878
144.208 312768 327248 0.278826 9.47282 8.68695 9.47282 8.68695 108143 0 0.00326075
144.48 301184 309872 0.273992 9.1286 8.68778 9.1286 8.68778 108357 0 0.0036329
144.737 304080 298288 0.259483 9.28009 8.68883 9.28009 8.68883 108563 0 0.00683499
144.984 314216 301184 0.24989 9.73408 8.69062 9.73408 8.69062 108771 0 0.00644485
145.234 321456 311320 0.252418 9.96492 8.69281 9.96492 8.69281 108986 0 0.00232552
145.494 320008 318560 0.261913 9.86364 8.6949 9.86364 8.6949 109207 0 0.000416159
145.758 314216 317112 0.266719 9.59666 8.69653 9.59666 8.69653 109426 0 0.000951817
146.023 308424 311320 0.266849 9.4652 8.69793 9.4652 8.69793 109642 0 0.00213627
146.282 306976 305528 0.261992 9.46195 8.69928 9.46195 8.69928 109854 0 0.00361349
146.537 309872 304080 0.25701 9.59501 8.70084 9.59501 8.70084 110065 0 0.00423174
146.789 315664 306976 0.254828 9.73229 8.70261 9.73229 8.70261 110277 0 0.00342
147.044 318560 312768 0.25719 9.82238 8.70455 9.82238 8.70455 110493 0 0.00150383
147.305 315664 315664 0.263287 9.67013 8.70626 9.67013 8.70626 110711 0 0.000915395
147.571 308424 312768 0.268499 9.4064 8.70752 9.4064 8.70752 110927 0 0.00198503
147.835 304080 305528 0.266 9.27374 8.70853 9.27374 8.70853 111138 0 0.00380432
148.093 305528 301184 0.261094 9.35915 8.70967 9.35915 8.70967 111347 0 0.00539101
148.349 308424 302632 0.257664 9.48055 8.711 9.48055 8.711 111556 0 0.00482168
148.608 306976 305528 0.261449 9.48235 8.71234 9.48235 8.71234 111768 0 0.00361162
148.869 302632 304080 0.263967 9.34859 8.71346 9.34859 8.71346 111979 0 0.00433779
149.128 301184 299736 0.261518 9.25871 8.71441 9.25871 8.71441 112186 0 0.00606494
149.426 273672 298288 0.296134 8.05966 8.7131 8.05966 8.7131 112393 0 0.015227
149.736 237472 270776 0.31394 6.97126 8.70949 6.97126 8.70949 112580 0 0.0431527
150.02 221544 234576 0.286079 6.65835 8.70561 6.65835 8.70561 112743 0 0.0804926
150.251 237472 218648 0.238725 7.55661 8.70384 7.55661 8.70384 112894 0 0.109939
150.453 288152 234576 0.203872 9.38058 8.70475 9.38058 8.70475 113057 0 0.104878
150.653 351864 285256 0.202446 11.4054 8.70833 11.4054 8.70833 113254 0 0.0566976
150.891 373584 348968 0.240607 11.7828 8.71318 11.7828 8.71318 113496 0 0.0102812
151.181 341728 370688 0.293221 10.238 8.71611 10.238 8.71611 113753 0 0.0304735
151.489 299736 338832 0.310009 8.812 8.71631 8.812 8.71631 113987 0 0.0210064
151.77 280912 296840 0.283612 8.44572 8.71581 8.44572 8.71581 114192 0 0.0114198
152.018 289600 278016 0.24983 9.0321 8.71632 9.0321 8.71632 114385 0 0.0217174
152.248 315664 286704 0.233221 9.94174 8.71818 9.94174 8.71818 114583 0 0.0210335
152.486 335936 312768 0.240177 10.5169 8.72098 10.5169 8.72098 114799 0 0.0057002
152.746 334488 333040 0.262 10.2653 8.72361 10.2653 8.72361 115029 0 0.00063584
153.022 317112 331592 0.278774 9.59856 8.72519 9.59856 8.72519 115258 0 0.00362235
153.299 301184 314216 0.2788 9.1375 8.72593 9.1375 8.72593 115476 0 0.00385636
153.561 296840 298288 0.264342 9.15403 8.72666 9.15403 8.72666 115683 0 0.00695283
153.808 306976 293944 0.249873 9.50008 8.72791 9.50008 8.72791 115886 0 0.0102064
154.053 320008 304080 0.247619 9.97128 8.72989 9.97128 8.72989 116097 0 0.00590457
154.306 325800 317112 0.254733 10.0536 8.73205 10.0536 8.73205 116316 0 0.000934415
154.57 320008 322904 0.26666 9.81576 8.7339 9.81576 8.7339 116540 0 0.000403549
154.839 309872 317112 0.271603 9.46833 8.73518 9.46833 8.73518 116760 0 0.00169637
155.103 304080 306976 0.266846 9.33374 8.7362 9.33374 8.7362 116973 0 0.00344012
155.358 306976 301184 0.257088 9.45858 8.73739 9.45858 8.73739 117181 0 0.00545784
155.608 314216 304080 0.252357 9.73318 8.73898 9.73318 8.73898 117391 0 0.00469807
155.86 320008 311320 0.254846 9.87001 8.74082 9.87001 8.74082 117606 0 0.00211593
156.12 318560 317112 0.26197 9.81901 8.74261 9.81901 8.74261 117826 0 0.000612802
156.384 312768 315664 0.266665 9.59666 8.74405 9.59666 8.74405 118045 0 0.00118722
156.646 308424 309872 0.264428 9.46359 8.74526 9.46359 8.74526 118259 0 0.00236495
156.903 311320 305528 0.259646 9.50533 8.7465 9.50533 8.7465 118470 0 0.0036692
157.158 314216 308424 0.257093 9.73143 8.7481 9.73143 8.7481 118684 0 0.00268917
157.415 317112 311320 0.259529 9.73058 8.7497 9.73058 8.7497 118900 0 0.00185139
157.675 315664 314216 0.261998 9.72974 8.75132 9.72974 8.75132 119118 0 0.00112486
157.937 311320 312768 0.264335 9.59626 8.75272 9.59626 8.75272 119335 0 0.00161399
158.196 309872 308424 0.2619 9.50658 8.75395 9.50658 8.75395 119548 0 0.00262478
158.465 301184 306976 0.270034 9.18802 8.75469 9.18802 8.75469 119761 0 0.00389093
158.731 293944 298288 0.268955 8.96265 8.75504 8.96265 8.75504 119967 0 0.00733178
158.99 295392 291048 0.261051 8.99982 8.75544 8.99982 8.75544 120168 0 0.0109345
159.255 292496 292496 0.263276 8.87977 8.75564 8.87977 8.75564 120371 0 0.0100926
159.575 249056 289600 0.322464 7.24413 8.75261 7.24413 8.75261 120571 0 0.0336314
159.891 212856 246160 0.319826 6.21909 8.7476 6.21909 8.7476 120741 0 0.074833
160.16 205616 209960 0.272373 6.24061 8.74338 6.24061 8.74338 120886 0 0.125944
160.368 243264 202720 0.208999 7.86183 8.74224 7.86183 8.74224 121027 0 0.157581
160.562 296840 240368 0.202855 9.91182 8.74365 9.91182 8.74365 121193 0 0.0982522
160.79 325800 293944 0.230762 10.3084 8.74587 10.3084 8.74587 121396 0 0.0179262
161.063 311320 322904 0.275666 9.50939 8.74717 9.50939 8.74717 121620 0 0.00227207
161.427 246160 308424 0.358969 6.81404 8.74281 6.81404 8.74281 121834 0 0.0525933
161.827 179552 243264 0.403406 4.89719 8.73331 4.89719 8.73331 122003 0 0.125819
162.141 154936 176656 0.317639 4.50323 8.72512 4.50323 8.72512 122125 0 0.217399
162.339 188240 152040 0.202937 6.11976 8.72193 6.11976 8.72193 122230 0 0.296978
162.541 227336 185344 0.204947 7.4239 8.72033 7.4239 8.72033 122359 0 0.202153
162.739 276568 224440 0.202507 9.03393 8.72071 9.03393 8.72071 122514 0 0.12199
162.941 330144 273672 0.207159 10.9344 8.72344 10.9344 8.72344 122704 0 0.0549101
163.169 353312 327248 0.23833 11.5178 8.72735 11.5178 8.72735 122931 0 0.00559916
163.44 340280 350416 0.273978 10.323 8.73001 10.323 8.73001 123173 0 0.00791898
163.731 311320 337384 0.293161 9.28195 8.73099 9.28195 8.73099 123406 0 0.0104918
164.012 291048 308424 0.28359 8.81651 8.73113 8.81651 8.73113 123620 0 0.00704847
164.272 292496 288152 0.261293 8.92741 8.73144 8.92741 8.73144 123820 0 0.0128762
164.521 299736 289600 0.251181 9.36425 8.7324 9.36425 8.7324 124021 0 0.0124383
164.769 308424 296840 0.251024 9.5506 8.73363 9.5506 8.73363 124226 0 0.00830274
165.025 309872 305528 0.258569 9.58905 8.73496 9.58905 8.73496 124438 0 0.00361157
165.293 302632 306976 0.269087 9.23332 8.73577 9.23332 8.73577 124651 0 0.00365447
165.567 288152 299736 0.27714 8.7355 8.73577 8.7355 8.73577 124858 0 0.00832162
165.836 278016 285256 0.271975 8.51639 8.73541 8.51639 8.73541 125056 0 0.0160707
166.093 280912 275120 0.258911 8.63022 8.73525 8.63022 8.73525 125247 0 0.0236358
166.329 299736 278016 0.239839 9.42267 8.73622 9.42267 8.73622 125439 0 0.0246606
166.559 327248 296840 0.233222 10.2932 8.73838 10.2932 8.73838 125644 0 0.0153906
166.807 337384 324352 0.249937 10.5296 8.74104 10.5296 8.74104 125869 0 0.00107791
167.076 325800 334488 0.27153 9.94174 8.74297 9.94174 8.74297 126100 0 0.00225565
167.355 306976 322904 0.281196 9.30805 8.74391 9.30805 8.74391 126324 0 0.0038456
167.624 296840 304080 0.271602 9.08099 8.74446 9.08099 8.74446 126535 0 0.00525067
167.876 302632 293944 0.254822 9.31913 8.74532 9.31913 8.74532 126738 0 0.00947554
168.122 315664 299736 0.247431 9.82951 8.7469 9.82951 8.7469 126946 0 0.00780866
168.373 321456 312768 0.253351 10.0125 8.74879 10.0125 8.74879 127163 0 0.00177835
168.634 318560 318560 0.263664 9.7546 8.75034 9.7546 8.75034 127383 0 0.000485476
168.9 311320 315664 0.26843 9.49018 8.75151 9.49018 8.75151 127601 0 0.00139251
169.164 306976 308424 0.266037 9.35758 8.75246 9.35758 8.75246 127814 0 0.00281642
169.421 309872 304080 0.260027 9.49625 8.75359 9.49625 8.75359 128025 0 0.0042228
169.673 315664 306976 0.254645 9.73229 8.75504 9.73229 8.75504 128237 0 0.00342192
169.928 318560 312768 0.257255 9.82238 8.75664 9.82238 8.75664 128453 0 0.00150347
170.188 317112 315664 0.261991 9.72974 8.75812 9.72974 8.75812 128671 0 0.000849006
170.452 311320 314216 0.266269 9.518 8.7593 9.518 8.7593 128888 0 0.00145793
170.716 305528 308424 0.266622 9.38235 8.76027 9.38235 8.76027 129102 0 0.00296277
170.975 304080 302632 0.261738 9.37908 8.76121 9.37908 8.76121 129312 0 0.0047597
171.238 305528 301184 0.261141 9.23527 8.76193 9.23527 8.76193 129521 0 0.00539111
171.556 262088 302632 0.320163 7.60751 8.75979 7.60751 8.75979 129730 0 0.0262218
171.877 222992 259192 0.324359 6.48953 8.75555 6.48953 8.75555 129910 0 0.0596136
172.152 212856 220096 0.278607 6.43545 8.75183 6.43545 8.75183 130063 0 0.105507
172.352 257744 209960 0.204085 8.42083 8.75145 8.42083 8.75145 130208 0 0.147497
172.553 312768 254848 0.2044 10.1853 8.75312 10.1853 8.75312 130385 0 0.0783477
172.768 357656 309872 0.220103 11.5374 8.75659 11.5374 8.75659 130599 0 0.0228347
173.029 353312 354760 0.263703 10.8632 8.75977 10.8632 8.75977 130844 0 0.00857729
173.332 312768 350416 0.304953 9.30018 8.76071 9.30018 8.76071 131087 0 0.0236993
173.633 279464 309872 0.303102 8.24114 8.75981 8.24114 8.75981 131301 0 0.0145254
173.899 272224 276568 0.268451 8.3178 8.75913 8.3178 8.75913 131492 0 0.0227751
174.137 288152 269328 0.241347 9.07673 8.75957 9.07673 8.75957 131679 0 0.032093
174.363 320008 285256 0.228554 10.1151 8.76132 10.1151 8.76132 131876 0 0.0255511
174.601 340280 317112 0.240388 10.7116 8.76398 10.7116 8.76398 132096 0 0.00486438
174.865 334488 337384 0.266702 10.254 8.76623 10.254 8.76623 132330 0 0.00181449
175.147 314216 331592 0.283653 9.47568 8.76737 9.47568 8.76737 132560 0 0.00486155
175.548 231680 311320 0.394749 6.22703 8.76156 6.22703 8.76156 132776 0 0.0844231
175.954 166520 228784 0.409775 4.53638 8.75181 4.53638 8.75181 132935 0 0.150275
176.242 152040 163624 0.295251 4.55138 8.74495 4.55138 8.74495 133048 0 0.249781
176.459 182448 149144 0.207031 5.54829 8.74102 5.54829 8.74102 133152 0 0.304344
176.661 218648 179552 0.206637 7.18191 8.73924 7.18191 8.73924 133277 0 0.215539
176.851 259192 215752 0.209426 9.08657 8.73961 9.08657 8.73961 133426 0 0.131116
177.091 273672 256296 0.242995 8.59453 8.73942 8.59453 8.73942 133604 0 0.0469629
177.341 276568 270776 0.256135 8.70316 8.73937 8.70316 8.73937 133792 0 0.027931
177.589 283808 273672 0.250911 8.86816 8.73955 8.86816 8.73955 133982 0 0.0255215
177.84 289600 280912 0.25345 9.00573 8.73992 9.00573 8.73992 134177 0 0.0187629
178.096 291048 286704 0.258693 8.95574 8.74023 8.95574 8.74023 134375 0 0.0139064
178.343 298288 288152 0.2516 9.32223 8.74104 9.32223 8.74104 134574 0 0.0134215
178.584 314216 295392 0.24268 9.88149 8.74257 9.88149 8.74257 134779 0 0.0110014
178.829 327248 311320 0.247542 10.1603 8.74452 10.1603 8.74452 134994 0 0.00353486
179.088 325800 324352 0.261961 10.0422 8.7464 10.0422 8.7464 135219 0 2.76708e-05
179.377 301184 322904 0.28883 8.95305 8.74673 8.95305 8.74673 135442 0 0.00660954
179.679 267880 298288 0.305189 7.92588 8.74535 7.92588 8.74535 135649 0 0.0192983
179.958 253400 264984 0.280998 7.6192 8.74361 7.6192 8.74361 135832 0 0.036527
180.206 260640 250504 0.251237 8.09596 8.74271 8.09596 8.74271 136006 0 0.0531141
180.461 263536 257744 0.256313 8.1428 8.74187 8.1428 8.74187 136185 0 0.0429178
180.722 260640 260640 0.263334 8.00428 8.7408 8.00428 8.7408 136365 0 0.0393067
180.985 256296 257744 0.266515 7.8274 8.73947 7.8274 8.73947 136543 0 0.0430459
181.25 251952 253400 0.265803 7.65957 8.7379 7.65957 8.7379 136718 0 0.0487478
181.531 236024 249056 0.284078 7.12666 8.7354 7.12666 8.7354 136891 0 0.0575851
181.806 224440 233128 0.278 6.78656 8.73245 6.78656 8.73245 137052 0 0.0815042
182.065 222992 221544 0.262044 6.8922 8.72984 6.8922 8.72984 137206 0 0.101356
182.283 247608 220096 0.227413 8.10335 8.72909 8.10335 8.72909 137359 0 0.110987
182.483 301184 244712 0.202435 9.78429 8.73024 9.78429 8.73024 137528 0 0.0915178
182.688 360552 298288 0.206851 11.7387 8.73361 11.7387 8.73361 137735 0 0.0429487
182.935 372136 357656 0.249851 11.5592 8.73743 11.5592 8.73743 137982 0 0.0114697
183.25 325800 369240 0.310131 9.41106 8.73859 9.41106 8.73859 138238 0 0.0413695
183.72 212856 322904 0.472021 5.52261 8.73036 5.52261 8.73036 138462 0 0.165765
184.131 152040 209960 0.414712 4.11378 8.72006 4.11378 8.72006 138608 0 0.184246
184.407 172312 149144 0.221682 4.36756 8.71355 4.36756 8.71355 138712 0 0.298143
184.608 201272 169416 0.213446 6.79085 8.71145 6.79085 8.71145 138830 0 0.23928
184.81 222992 198376 0.227706 7.94184 8.71061 7.94184 8.71061 138968 0 0.157307
185.011 243264 220096 0.23222 8.80509 8.71071 8.80509 8.71071 139121 0 0.10885
185.194 276568 240368 0.220472 10.5284 8.71251 10.5284 8.71251 139287 0 0.0798747
185.474 263536 273672 0.277036 7.81931 8.71116 7.81931 8.71116 139476 0 0.0268407
185.774 234576 260640 0.303654 6.97708 8.70835 6.97708 8.70835 139657 0 0.0490621
186.059 217200 231680 0.287955 6.51023 8.70499 6.51023 8.70499 139817 0 0.0860884
186.285 234576 214304 0.234876 7.57057 8.70361 7.57057 8.70361 139965 0 0.1195
186.485 285256 231680 0.202437 9.26323 8.70421 9.26323 8.70421 140125 0 0.110079
186.685 347520 282360 0.202652 11.2896 8.70698 11.2896 8.70698 140320 0 0.0572058
186.921 372136 344624 0.237816 11.7555 8.71082 11.7555 8.71082 140559 0 0.00987483
187.208 343176 369240 0.288706 10.2755 8.71323 10.2755 8.71323 140814 0 0.0272937
187.592 259192 340280 0.383651 7.12058 8.70997 7.12058 8.70997 141050 0 0.0842769
187.946 205616 256296 0.357 5.82574 8.70453 5.82574 8.70453 141228 0 0.0812729
188.213 199824 202720 0.270001 6.12222 8.70087 6.12222 8.70087 141369 0 0.141979
188.42 236024 196928 0.210077 7.60713 8.69967 7.60713 8.69967 141505 0 0.170188
188.621 286704 233128 0.204041 9.27037 8.70028 9.27037 8.70028 141666 0 0.107358
188.861 302632 283808 0.242899 9.52272 8.70132 9.52272 8.70132 141863 0 0.0187585
189.151 276568 299736 0.292749 8.27036 8.70066 8.27036 8.70066 142070 0 0.0135468
189.442 251952 273672 0.295143 7.56312 8.69892 7.56312 8.69892 142260 0 0.0319144
189.705 247608 249056 0.265592 7.62419 8.69743 7.62419 8.69743 142433 0 0.0548134
189.943 262088 244712 0.24071 8.22734 8.69684 8.22734 8.69684 142602 0 0.0633859
190.178 280912 259192 0.237853 8.86594 8.69705 8.86594 8.69705 142782 0 0.0448459
190.52 233128 278016 0.336563 6.54083 8.69318 6.54083 8.69318 142975 0 0.0483785
190.894 176656 230232 0.378315 4.92143 8.68578 4.92143 8.68578 143134 0 0.129218
191.205 153488 173760 0.315546 4.50785 8.67899 4.50785 8.67899 143255 0 0.224721
191.405 186792 150592 0.203416 6.0211 8.67621 6.0211 8.67621 143359 0 0.301685
191.604 227336 183896 0.203014 7.38733 8.67487 7.38733 8.67487 143486 0 0.20731
191.806 273672 224440 0.206467 8.96533 8.67518 8.96533 8.67518 143642 0 0.118931
192.037 291048 270776 0.23969 9.43203 8.67609 9.43203 8.67609 143830 0 0.0311076
192.316 273672 288152 0.282316 8.29412 8.67553 8.29412 8.67553 144030 0 0.0162111
192.615 246160 270776 0.301312 7.28827 8.67338 7.28827 8.67338 144218 0 0.0367093
192.896 230232 243264 0.28393 6.96988 8.6709 6.96988 8.6709 144387 0 0.0662245
193.147 234576 227336 0.253997 7.24581 8.66905 7.24581 8.66905 144544 0 0.0905177
193.348 279464 231680 0.207769 9.26548 8.66967 9.26548 8.66967 144705 0 0.104253
193.547 340280 276568 0.202492 11.0904 8.67216 11.0904 8.67216 144896 0 0.0605308
193.779 369240 337384 0.234002 11.7196 8.6758 11.7196 8.6758 145130 0 0.010068
194.06 346072 366344 0.28357 10.4645 8.67839 10.4645 8.67839 145384 0 0.0218202
194.365 305528 343176 0.307604 9.03321 8.67895 9.03321 8.67895 145622 0 0.0209567
194.651 283808 302632 0.288452 8.50631 8.6787 8.50631 8.6787 145832 0 0.0100127
194.903 289600 280912 0.254822 8.95187 8.67905 8.95187 8.67905 146027 0 0.0187468
195.137 314216 286704 0.235431 9.83925 8.68044 9.83925 8.68044 146225 0 0.0202252
195.374 334488 311320 0.240381 10.4682 8.68261 10.4682 8.68261 146440 0 0.00604735
195.634 333040 331592 0.261886 10.2653 8.68471 10.2653 8.68471 146670 0 0.000434811
195.91 315664 330144 0.278775 9.59856 8.686 9.59856 8.686 146899 0 0.0034615
196.184 301184 312768 0.276428 9.13309 8.68663 9.13309 8.68663 147115 0 0.00367147
196.444 299736 298288 0.261997 9.19416 8.6873 9.19416 8.6873 147321 0 0.00677916
196.691 309872 296840 0.249945 9.59368 8.68844 9.59368 8.68844 147526 0 0.00858133
196.939 320008 306976 0.24981 9.96807 8.69005 9.96807 8.69005 147739 0 0.00415214
197.194 322904 317112 0.257146 9.9588 8.69169 9.9588 8.69169 147958 0 0.000676619
197.627 227336 320008 0.425007 5.93353 8.68564 5.93353 8.68564 148180 0 0.113932
198.069 154936 224440 0.446001 4.08724 8.67537 4.08724 8.67537 148336 0 0.17996
198.371 139008 152040 0.302453 4.07282 8.66838 4.07282 8.66838 148442 0 0.287425
198.593 165072 136112 0.208806 4.96105 8.66424 4.96105 8.66424 148537 0 0.346839
198.767 199824 162176 0.203782 7.44987 8.66317 7.44987 8.66317 148649 0 0.265592
198.997 217200 196928 0.23361 6.84807 8.66107 6.84807 8.66107 148785 0 0.158844
199.23 228784 214304 0.243482 7.35941 8.65955 7.35941 8.65955 148933 0 0.117554
199.43 278016 225888 0.202593 9.03165 8.65992 9.03165 8.65992 149089 0 0.119243
199.63 338832 275120 0.202903 11.0001 8.66227 11.0001 8.66227 149279 0 0.0618314
199.858 369240 335936 0.232578 11.7715 8.66582 11.7715 8.66582 149511 0 0.0106383
