0.300133 14480 0 0 0 0 0 0 0 0 0.109585
0.501462 15928 13032 0.200125 0.575376 0.231004 0.575376 0.231004 10 0 0.0404613
0.503866 17376 13032 0.200484 9.64048 0.275883 9.64048 0.275883 12 0 0.0404184
0.506269 20272 14480 0.201174 14.4607 0.343217 14.4607 0.343217 15 0 0.040055
0.508672 21720 17376 0.202027 19.281 0.432688 19.281 0.432688 19 0 0.0392179
0.511075 23168 18824 0.203149 14.4607 0.498651 14.4607 0.498651 22 0 0.0387525
0.712277 24616 21720 0.229255 0.172722 0.406584 0.172722 0.406584 25 0 0.0357973
0.71468 26064 21720 0.227223 9.64048 0.437634 9.64048 0.437634 27 0 0.0359264
0.717083 27512 23168 0.22557 14.4607 0.48463 14.4607 0.48463 30 0 0.0357056
0.719486 30408 24616 0.224374 14.4607 0.531312 14.4607 0.531312 33 0 0.0355188
0.960426 31856 27512 0.244611 0.913488 0.627188 0.913488 0.627188 52 0 0.0337711
1.17253 34752 28960 0.234074 1.14692 0.721204 1.14692 0.721204 73 0 0.0339405
1.38308 57920 31856 0.219134 1.21041 0.795676 1.21041 0.795676 95 0 0.0392946
1.60719 66608 55024 0.218772 1.96411 0.95861 1.96411 0.95861 133 0 0.0300166
1.87034 69504 63712 0.244769 1.9369 1.09625 1.9369 1.09625 177 0 0.0261656
1.92321 66608 66608 0.2711 10.0787 1.34319 10.0787 1.34319 223 0 0.0254869
2.2116 60816 63712 0.289822 1.76742 1.3985 1.76742 1.3985 267 0 0.0270612
2.45312 63712 57920 0.246428 1.9185 1.4497 1.9185 1.4497 307 0 0.0272768
2.68022 69504 60816 0.230712 2.14233 1.50839 2.14233 1.50839 349 0 0.027606
2.90973 76744 66608 0.2318 2.32179 1.57255 2.32179 1.57255 395 0 0.0265758
3.16326 78192 73848 0.253966 2.33016 1.63327 2.33016 1.63327 446 0 0.0239435
3.43122 75296 75296 0.271836 2.248 1.68128 2.248 1.68128 498 0 0.0238321
3.70398 57920 72400 0.27748 2.16592 1.71697 2.16592 1.71697 549 0 0.0273275
4.20385 60816 55024 0.244785 1.76124 1.72223 1.76124 1.72223 625 0 0.0279131
4.45378 62264 57920 0.251038 1.85394 1.72962 1.85394 1.72962 665 0 0.0271134
4.72534 60816 59368 0.270746 1.74894 1.73073 1.74894 1.73073 706 0 0.0268564
5.00051 57920 57920 0.281484 1.68393 1.72816 1.68393 1.72816 746 0 0.0275542
5.24684 60816 55024 0.25912 1.78702 1.73092 1.78702 1.73092 784 0 0.0276824
5.49197 62264 57920 0.248087 1.89029 1.73803 1.89029 1.73803 824 0 0.027175
5.74791 65160 59368 0.25624 1.85568 1.74327 1.85568 1.74327 865 0 0.0268146
6.00986 63712 62264 0.270208 1.94578 1.7521 1.94578 1.7521 909 0 0.0262657
6.25859 65160 60816 0.262196 2.00261 1.76205 2.00261 1.76205 952 0 0.0264552
6.50131 68056 62264 0.24706 2.05218 1.77289 2.05218 1.77289 995 0 0.0263885
6.74884 70952 65160 0.256595 2.15273 1.78682 2.15273 1.78682 1041 0 0.0256595
7.00838 69504 68056 0.266959 2.14233 1.79998 2.14233 1.79998 1089 0 0.02507
7.27394 57920 66608 0.274997 2.05024 1.80912 2.05024 1.80912 1136 0 0.0267797
7.5419 56472 55024 0.26941 1.64277 1.80321 1.64277 1.80321 1174 0 0.0277106
7.79423 59368 53576 0.257691 1.69856 1.79982 1.69856 1.79982 1211 0 0.0279838
8.04296 60816 56472 0.262861 1.86289 1.80177 1.86289 1.80177 1251 0 0.0273349
8.29169 62264 57920 0.262715 1.90947 1.805 1.90947 1.805 1292 0 0.0270404
8.54283 63712 59368 0.25343 1.89119 1.80754 1.89119 1.80754 1333 0 0.0267841
8.79877 62264 60816 0.268715 1.9462 1.81157 1.9462 1.81157 1376 0 0.0265264
9.05831 63712 59368 0.261006 1.82991 1.8121 1.82991 1.8121 1417 0 0.0267419
9.31305 57920 60816 0.272835 1.95538 1.81601 1.95538 1.81601 1460 0 0.0269129
9.5726 59368 55024 0.260487 1.69601 1.81276 1.69601 1.81276 1498 0 0.0276223
9.82734 62264 56472 0.257425 1.77348 1.81174 1.77348 1.81174 1537 0 0.0273929
10.0905 59368 59368 0.279772 1.84886 1.81271 1.84886 1.81271 1579 0 0.0271914
10.356 55024 56472 0.286733 1.74488 1.81097 1.74488 1.81097 1619 0 0.0282002
10.6192 52128 52128 0.284954 1.62876 1.80646 1.62876 1.80646 1656 0 0.0288997
10.8739 53576 49232 0.261709 1.54611 1.80036 1.54611 1.80036 1690 0 0.028822
11.1167 56472 50680 0.256315 1.67038 1.79752 1.67038 1.79752 1725 0 0.0285906
11.357 53576 53576 0.279834 1.83169 1.79824 1.83169 1.79824 1763 0 0.0283719
11.6009 52128 50680 0.269076 1.70964 1.79638 1.70964 1.79638 1799 0 0.0285998
11.8484 50680 49232 0.268462 1.63795 1.79307 1.63795 1.79307 1834 0 0.0288907
12.0912 55024 47784 0.252782 1.57493 1.78869 1.57493 1.78869 1867 0 0.0293332
12.3507 52128 52128 0.281103 1.65138 1.7858 1.65138 1.7858 1904 0 0.0287223
12.4324 50680 49232 0.267987 4.82024 1.80575 4.82024 1.80575 1938 0 0.0288829
12.6811 55024 47784 0.252917 1.53689 1.80047 1.53689 1.80047 1971 0 0.0293313
12.9323 57920 52128 0.256828 1.70669 1.79865 1.70669 1.79865 2008 0 0.028287
13.187 60816 55024 0.257043 1.72801 1.79729 1.72801 1.79729 2046 0 0.0276903
13.4393 63712 57920 0.255178 1.83628 1.79802 1.83628 1.79802 2086 0 0.0271158
13.6941 66608 60816 0.259036 1.90991 1.8001 1.90991 1.8001 2128 0 0.0265109
13.9572 68056 63712 0.264651 1.9369 1.80268 1.9369 1.80268 2172 0 0.0258958
14.2252 66608 65160 0.269951 1.94539 1.80537 1.94539 1.80537 2217 0 0.0256874
14.4835 65160 63712 0.268998 2.01777 1.80916 2.01777 1.80916 2262 0 0.0259551
14.7347 68056 62264 0.255062 1.98345 1.81213 1.98345 1.81213 2305 0 0.0262454
14.9834 70952 65160 0.258799 2.14233 1.81761 2.14233 1.81761 2351 0 0.0256493
15.2514 68056 68056 0.273271 2.07508 1.82213 2.07508 1.82213 2399 0 0.0252573
15.5253 63712 65160 0.283022 1.94501 1.8243 1.94501 1.8243 2445 0 0.0262772
15.7885 60816 60816 0.275565 1.89288 1.82544 1.89288 1.82544 2488 0 0.0267522
16.0228 63712 57920 0.24521 1.97753 1.82767 1.97753 1.82767 2528 0 0.0273113
16.2547 69504 60816 0.23527 2.09793 1.83152 2.09793 1.83152 2570 0 0.0273597
16.507 72400 66608 0.248618 2.11172 1.83581 2.11172 1.83581 2616 0 0.0254933
16.7678 73848 69504 0.261112 2.13246 1.84042 2.13246 1.84042 2664 0 0.0247418
17.0393 72400 70952 0.270037 2.09019 1.8444 2.09019 1.8444 2713 0 0.0245619
17.3073 66608 69504 0.287041 2.11831 1.84864 2.11831 1.84864 2762 0 0.0257696
17.5524 69504 63712 0.258806 2.07932 1.85186 2.07932 1.85186 2806 0 0.0259351
17.7879 73848 66608 0.241543 2.26256 1.8573 2.26256 1.8573 2852 0 0.0258036
18.0295 78192 70952 0.241566 2.35017 1.8639 2.35017 1.8639 2901 0 0.0249598
18.2842 76744 75296 0.269731 2.41012 1.87151 2.41012 1.87151 2954 0 0.0237272
18.5161 78192 73848 0.260825 2.54748 1.87998 2.54748 1.87998 3005 0 0.0239078
18.7817 73848 75296 0.282634 2.31197 1.88609 2.31197 1.88609 3058 0 0.0243036
19.0412 57920 70952 0.267595 2.18696 1.89019 2.18696 1.89019 3107 0 0.0269009
19.3224 55024 55024 0.283932 1.60675 1.88606 1.60675 1.88606 3146 0 0.0282543
19.3704 57920 52128 0.243852 8.67643 1.90291 8.67643 1.90291 3182 0 0.0285377
19.6108 60816 55024 0.242646 1.83169 1.90204 1.83169 1.90204 3220 0 0.0279828
19.8547 63712 57920 0.24606 1.8996 1.90201 1.8996 1.90201 3260 0 0.0272869
20.1094 66608 60816 0.255993 1.90991 1.90211 1.90991 1.90211 3302 0 0.026526
20.3726 57920 63712 0.264352 1.9369 1.90256 1.9369 1.90256 3346 0 0.0265878
20.6357 56472 55024 0.267769 1.67278 1.89963 1.67278 1.89963 3384 0 0.0276824
20.8905 59368 53576 0.258422 1.68254 1.89698 1.68254 1.89698 3421 0 0.027981
21.144 60816 56472 0.261276 1.78189 1.8956 1.78189 1.8956 3460 0 0.0273284
21.4072 62264 57920 0.264792 1.80484 1.89449 1.80484 1.89449 3501 0 0.027056
21.6667 57920 59368 0.262435 1.82991 1.89371 1.82991 1.89371 3542 0 0.0269057
21.9238 56472 55024 0.266858 1.71186 1.89158 1.71186 1.89158 3580 0 0.0276691
22.175 57920 53576 0.262723 1.70669 1.88949 1.70669 1.88949 3617 0 0.0279263
22.4357 56472 55024 0.268391 1.68819 1.88715 1.68819 1.88715 3655 0 0.0276925
22.7049 53576 53576 0.278153 1.63544 1.88416 1.63544 1.88416 3693 0 0.028308
22.9716 52128 50680 0.270872 1.56332 1.88044 1.56332 1.88044 3729 0 0.0286356
23.2156 53576 49232 0.262358 1.66215 1.87814 1.66215 1.87814 3764 0 0.0288246
23.4547 56472 50680 0.244249 1.69556 1.87628 1.69556 1.87628 3799 0 0.0288251
23.7022 59368 53576 0.257783 1.77834 1.87526 1.77834 1.87526 3837 0 0.0279834
23.9594 57920 56472 0.266951 1.75691 1.87399 1.75691 1.87399 3876 0 0.0273751
24.2273 56472 55024 0.268018 1.686 1.87191 1.686 1.87191 3915 0 0.0276863
24.4941 55024 53576 0.268622 1.60675 1.86902 1.60675 1.86902 3952 0 0.0279933
24.7536 52128 52128 0.278488 1.60675 1.86627 1.60675 1.86627 3988 0 0.0286188
25.0072 49232 49232 0.275561 1.55344 1.8631 1.55344 1.8631 4022 0 0.0291208
25.2583 52128 46336 0.255766 1.47605 1.85925 1.47605 1.85925 4054 0 0.0295046
25.4962 53576 49232 0.248187 1.65544 1.85735 1.65544 1.85735 4088 0 0.0289586
25.7365 56472 50680 0.244983 1.68708 1.85576 1.68708 1.85576 4123 0 0.0288025
25.9925 53576 53576 0.274842 1.7199 1.85442 1.7199 1.85442 4161 0 0.0281988
26.2472 50680 50680 0.284134 1.59159 1.85187 1.59159 1.85187 4196 0 0.0291594
26.5116 52128 47784 0.262756 1.48989 1.84826 1.48989 1.84826 4230 0 0.0291299
26.7608 49232 50680 0.285016 1.62654 1.8462 1.62654 1.8462 4265 0 0.0292028
27.003 46336 46336 0.280469 1.5784 1.8438 1.5784 1.8438 4298 0 0.0299057
27.0511 47784 43440 0.245227 7.23036 1.85337 7.23036 1.85337 4328 0 0.0302598
27.2914 49232 44888 0.245031 1.49427 1.8502 1.49427 1.8502 4359 0 0.0299576
27.5473 50680 46336 0.260244 1.44833 1.84647 1.44833 1.84647 4391 0 0.0294272
27.8093 49232 47784 0.267989 1.50356 1.84324 1.50356 1.84324 4425 0 0.0291861
28.0736 57920 46336 0.267275 1.44607 1.8395 1.44607 1.8395 4458 0 0.0301748
28.5975 59368 55024 0.26588 1.68045 1.83659 1.68045 1.83659 4534 0 0.0276566
28.8487 62264 56472 0.256386 1.79894 1.83626 1.79894 1.83626 4573 0 0.0273994
29.1022 63712 59368 0.262271 1.87327 1.83658 1.87327 1.83658 4614 0 0.0267461
29.3593 66608 60816 0.259775 1.93711 1.83746 1.93711 1.83746 4657 0 0.02651
29.6129 69504 63712 0.257158 2.01034 1.83894 2.01034 1.83894 4701 0 0.0259417
29.8736 70952 66608 0.261435 2.0436 1.84073 2.0436 1.84073 4747 0 0.0253062
30.138 69504 68056 0.266213 2.05956 1.84265 2.05956 1.84265 4794 0 0.0250602
30.3975 57920 66608 0.276589 2.05307 1.84444 2.05307 1.84444 4840 0 0.0268299
30.6523 56472 55024 0.272918 1.72801 1.84348 1.72801 1.84348 4878 0 0.0277889
30.9022 57920 53576 0.251606 1.71489 1.84244 1.71489 1.84244 4915 0 0.0279894
31.1509 59368 55024 0.26652 1.76975 1.84186 1.76975 1.84186 4953 0 0.0276646
31.4081 57920 56472 0.271656 1.80196 1.84153 1.80196 1.84153 4993 0 0.0274626
31.6748 59368 55024 0.265055 1.6936 1.84028 1.6936 1.84028 5032 0 0.0276476
31.9356 60816 56472 0.265405 1.73262 1.83941 1.73262 1.83941 5071 0 0.027356
32.1951 57920 57920 0.283909 1.78527 1.83897 1.78527 1.83897 5111 0 0.0276642
32.4583 55024 55024 0.285932 1.7168 1.83798 1.7168 1.83798 5150 0 0.028354
32.7166 52128 52128 0.287066 1.61422 1.83621 1.61422 1.83621 5186 0 0.0290095
32.9617 53576 49232 0.261154 1.60675 1.8345 1.60675 1.8345 5220 0 0.0288204
33.017 56472 50680 0.256942 7.33515 1.84371 7.33515 1.84371 5255 0 0.0285863
33.2477 60816 53576 0.235548 1.90801 1.84416 1.90801 1.84416 5293 0 0.0286756
33.488 63712 57920 0.24477 1.9763 1.84511 1.9763 1.84511 5334 0 0.0273246
33.7344 66608 60816 0.248201 1.97512 1.84606 1.97512 1.84606 5376 0 0.0266492
33.9927 69504 63712 0.259539 1.97294 1.84702 1.97294 1.84702 5420 0 0.0259339
34.2559 70952 66608 0.264986 2.02494 1.84839 2.02494 1.84839 5466 0 0.025329
34.5178 69504 68056 0.266705 2.07845 1.85013 2.07845 1.85013 5513 0 0.0250665
34.7762 68056 66608 0.266488 2.10745 1.85205 2.10745 1.85205 5560 0 0.0253463
35.0357 69504 65160 0.261718 2.00843 1.8532 2.00843 1.8532 5605 0 0.0255913
35.2977 68056 66608 0.269082 2.07845 1.85488 2.07845 1.85488 5652 0 0.0253867
35.5596 57920 65160 0.264495 1.99001 1.85587 1.99001 1.85587 5697 0 0.0265614
35.8203 56472 55024 0.26778 1.73262 1.85497 1.73262 1.85497 5736 0 0.0276826
36.0667 57920 53576 0.252438 1.73999 1.85419 1.73999 1.85419 5773 0 0.0279761
36.3178 60816 55024 0.259711 1.79894 1.85381 1.79894 1.85381 5812 0 0.0276817
36.5774 62264 57920 0.260166 1.78527 1.85332 1.78527 1.85332 5852 0 0.0270331
36.8333 65160 59368 0.259903 1.85568 1.85334 1.85568 1.85334 5893 0 0.0268005
37.088 63712 62264 0.267173 2.00085 1.85435 2.00085 1.85435 5937 0 0.0262129
37.3452 62264 60816 0.268666 1.93711 1.85492 1.93711 1.85492 5980 0 0.0265255
37.6011 65160 59368 0.258746 1.85568 1.85493 1.85568 1.85493 6021 0 0.0268021
37.8571 63712 62264 0.268513 1.99146 1.85585 1.99146 1.85585 6065 0 0.0262339
38.1226 60816 60816 0.275917 1.87575 1.85599 1.87575 1.85599 6108 0 0.0267633
38.387 57920 57920 0.266666 1.75281 1.85528 1.75281 1.85528 6148 0 0.027137
38.6405 60816 55024 0.259909 1.7362 1.8545 1.7362 1.8545 6186 0 0.0276816
38.8904 62264 57920 0.253242 1.85394 1.85449 1.85394 1.85449 6226 0 0.0270787
39.126 63712 59368 0.248996 2.01663 1.85547 2.01663 1.85547 6267 0 0.026862
39.3699 66608 60816 0.259517 2.04207 1.85662 2.04207 1.85662 6310 0 0.0265102
39.6186 68056 63712 0.24924 2.04918 1.85783 2.04918 1.85783 6354 0 0.0259899
39.877 70952 65160 0.254925 2.01777 1.85887 2.01777 1.85887 6399 0 0.0256737
40.1317 57920 68056 0.282882 2.18275 1.86092 2.18275 1.86092 6447 0 0.0271332
40.3888 55024 55024 0.281903 1.75691 1.86026 1.75691 1.86026 6486 0 0.0281613
40.6328 56472 52128 0.250723 1.70964 1.85936 1.70964 1.85936 6522 0 0.0283035
40.6856 57920 53576 0.248923 8.10677 1.86748 8.10677 1.86748 6559 0 0.0280416
40.9404 60816 55024 0.256692 1.77348 1.86689 1.77348 1.86689 6598 0 0.0276925
41.1987 62264 57920 0.260469 1.79358 1.86643 1.79358 1.86643 6638 0 0.0270333
41.4474 63712 59368 0.252192 1.90947 1.86669 1.90947 1.86669 6679 0 0.0268019
41.7058 65160 60816 0.262603 1.88326 1.86679 1.88326 1.86679 6721 0 0.0264572
41.9737 62264 62264 0.272832 1.90216 1.86702 1.90216 1.86702 6765 0 0.0263857
42.2429 60816 59368 0.272134 1.80759 1.86664 1.80759 1.86664 6807 0 0.0268882
42.5012 62264 57920 0.265843 1.83842 1.86647 1.83842 1.86647 6848 0 0.0270672
42.7536 65160 59368 0.255709 1.88219 1.86656 1.88219 1.86656 6889 0 0.0268189
43.0143 66608 62264 0.265908 1.91033 1.86683 1.91033 1.86683 6932 0 0.0261964
43.2835 65160 63712 0.271361 1.9367 1.86726 1.9367 1.86726 6977 0 0.0260032
43.5418 66608 62264 0.262569 1.9281 1.86762 1.9281 1.86762 7020 0 0.0261681
43.7918 69504 63712 0.259464 2.08568 1.86887 2.08568 1.86887 7065 0 0.025934
44.0465 72400 66608 0.256522 2.0918 1.87016 2.0918 1.87016 7111 0 0.0253758
44.3048 57920 69504 0.264058 2.15229 1.8718 2.15229 1.8718 7159 0 0.0267223
44.5716 56472 55024 0.268565 1.65017 1.87047 1.65017 1.87047 7197 0 0.0276954
44.8203 59368 53576 0.253852 1.72318 1.86966 1.72318 1.86966 7234 0 0.0280163
45.0715 60816 56472 0.261697 1.84507 1.86952 1.84507 1.86952 7274 0 0.0273296
45.331 59368 57920 0.2688 1.78527 1.86904 1.78527 1.86904 7314 0 0.0271105
45.5966 56472 56472 0.276014 1.74488 1.86831 1.74488 1.86831 7354 0 0.0276427
45.8501 57920 53576 0.260634 1.7362 1.86758 1.7362 1.86758 7392 0 0.0279193
46.1012 59368 55024 0.264075 1.79894 1.86721 1.79894 1.86721 7431 0 0.0276387
46.3584 62264 56472 0.258027 1.75691 1.8666 1.75691 1.8666 7470 0 0.0273902
46.6203 59368 59368 0.274229 1.81312 1.8663 1.81312 1.8663 7511 0 0.027003
46.8655 62264 56472 0.257313 1.89029 1.86642 1.89029 1.86642 7551 0 0.0273935
47.1142 57920 59368 0.261551 1.95604 1.8669 1.95604 1.8669 7593 0 0.0269021
47.6225 60816 55024 0.255451 1.75489 1.8657 1.75489 1.8657 7670 0 0.0277023
47.8784 63712 57920 0.256807 1.81042 1.86541 1.81042 1.86541 7710 0 0.0271028
48.1343 66608 60816 0.258981 1.90094 1.86559 1.90094 1.86559 7752 0 0.026511
48.3903 69504 63712 0.260146 1.99146 1.86626 1.99146 1.86626 7796 0 0.0259337
48.639 72400 66608 0.260093 2.14233 1.86767 2.14233 1.86767 7842 0 0.0253637
48.7039 75296 69504 0.258436 8.56931 1.8766 8.56931 1.8766 7890 0 0.0248026
48.9586 78192 72400 0.257114 2.2737 1.87867 2.2737 1.87867 7940 0 0.0242512
49.2158 81088 75296 0.259328 2.34255 1.88109 2.34255 1.88109 7992 0 0.0236925
49.4693 83984 78192 0.25622 2.46723 1.88409 2.46723 1.88409 8046 0 0.0231618
49.7181 57920 81088 0.251633 2.60805 1.88772 2.60805 1.88772 8102 0 0.0290315
49.9716 60816 55024 0.255631 1.7362 1.88695 1.7362 1.88695 8140 0 0.0277007
50.2071 65160 57920 0.239395 1.96744 1.88732 1.96744 1.88732 8180 0 0.0276164
50.4522 68056 62264 0.24686 2.03206 1.88803 2.03206 1.88803 8223 0 0.0263937
50.7202 66608 65160 0.270717 1.94539 1.88833 1.94539 1.88833 8268 0 0.0257032
50.9954 63712 63712 0.277646 1.89442 1.88836 1.89442 1.88836 8313 0 0.026245
51.2573 65160 60816 0.266024 1.85734 1.88821 1.85734 1.88821 8355 0 0.0264867
51.5036 68056 62264 0.254849 2.02215 1.88885 2.02215 1.88885 8398 0 0.0262476
51.762 69504 65160 0.263736 2.06261 1.88971 2.06261 1.88971 8444 0 0.0256023
52.0335 66608 66608 0.276215 1.96222 1.89009 1.96222 1.89009 8490 0 0.0256267
52.3027 63712 63712 0.276679 1.89367 1.89011 1.89367 1.89011 8534 0 0.0262119
52.5622 65160 60816 0.263656 1.87454 1.89003 1.87454 1.89003 8576 0 0.0264638
52.8158 68056 62264 0.256816 1.96465 1.89039 1.96465 1.89039 8619 0 0.0262312
53.0765 66608 65160 0.268025 2.0436 1.89114 2.0436 1.89114 8665 0 0.0256527
53.3421 63712 63712 0.273564 1.96299 1.8915 1.96299 1.8915 8710 0 0.0261176
53.6004 65160 60816 0.262328 1.88326 1.89146 1.88326 1.89146 8752 0 0.0264558
53.8564 68056 62264 0.258518 1.9462 1.89172 1.9462 1.89172 8795 0 0.0262232
54.1183 66608 65160 0.271043 2.03423 1.89241 2.03423 1.89241 8841 0 0.0257103
54.3815 63712 63712 0.27397 1.98092 1.89284 1.98092 1.89284 8886 0 0.0261288
54.6386 65160 60816 0.261087 1.89206 1.89284 1.89206 1.89284 8928 0 0.0264516
54.8945 57920 62264 0.258261 1.9462 1.89309 1.9462 1.89309 8971 0 0.0266409
55.1445 59368 55024 0.26514 1.80759 1.8927 1.80759 1.8927 9010 0 0.0276485
55.386 62264 56472 0.246004 1.87054 1.8926 1.87054 1.8926 9049 0 0.0275822
55.6323 65160 59368 0.258775 1.97512 1.89297 1.97512 1.89297 9091 0 0.026802
55.8895 63712 62264 0.267848 1.98215 1.89338 1.98215 1.89338 9135 0 0.0262231
56.1502 60816 60816 0.27455 1.91033 1.89346 1.91033 1.89346 9178 0 0.0267217
56.4074 62264 57920 0.260866 1.80196 1.89304 1.80196 1.89304 9218 0 0.0270338
56.6537 57920 59368 0.253414 1.9281 1.89319 1.9281 1.89319 9259 0 0.0269431
56.9108 56472 55024 0.269719 1.75691 1.89258 1.75691 1.89258 9298 0 0.0277165
57.1632 59368 53576 0.255993 1.69856 1.89172 1.69856 1.89172 9335 0 0.0279945
57.4143 57920 56472 0.272155 1.84507 1.89151 1.84507 1.89151 9375 0 0.0274745
57.6714 55024 55024 0.275183 1.75691 1.89091 1.75691 1.89091 9414 0 0.0279121
57.919 57920 52128 0.257987 1.68474 1.89003 1.68474 1.89003 9450 0 0.028281
58.1629 59368 55024 0.249765 1.80462 1.88968 1.80462 1.88968 9488 0 0.0277268
58.3996 60816 56472 0.248946 1.90852 1.88975 1.90852 1.88975 9527 0 0.0274489
58.6544 57920 57920 0.276783 1.86443 1.88964 1.86443 1.88964 9568 0 0.0273743
58.724 60816 55024 0.258607 6.31618 1.8949 6.31618 1.8949 9606 0 0.0276835
58.9776 63712 57920 0.255952 1.82758 1.89461 1.82758 1.89461 9646 0 0.027109
59.2395 65160 60816 0.26363 1.85734 1.89444 1.85734 1.89444 9688 0 0.0264636
59.5075 63712 62264 0.2698 1.85893 1.89428 1.85893 1.89428 9731 0 0.0262575
59.773 60816 60816 0.272098 1.87575 1.8942 1.87575 1.8942 9774 0 0.0266563
60.0074 65160 57920 0.240495 1.97753 1.89452 1.97753 1.89452 9814 0 0.0275723
60.2393 70952 62264 0.234811 2.14788 1.8955 2.14788 1.8955 9857 0 0.0270937
60.4904 73848 68056 0.255427 2.21408 1.89682 2.21408 1.89682 9905 0 0.0251021
60.7596 70952 70952 0.274359 2.15189 1.89795 2.15189 1.89795 9955 0 0.0247269
61.0359 66608 68056 0.282829 2.01193 1.89847 2.01193 1.89847 10003 0 0.0257015
61.2991 63712 63712 0.272306 1.98092 1.89882 1.98092 1.89882 10048 0 0.0260851
61.5478 65160 60816 0.253116 1.95604 1.89905 1.95604 1.89905 10090 0 0.0264978
61.7869 57920 62264 0.249045 2.08312 1.89977 2.08312 1.89977 10133 0 0.0267579
62.0621 56472 55024 0.272699 1.64183 1.89862 1.64183 1.89862 10172 0 0.0277833
62.318 57920 53576 0.265867 1.67464 1.8977 1.67464 1.8977 10209 0 0.0279533
62.5824 56472 55024 0.272635 1.70899 1.8969 1.70899 1.8969 10248 0 0.0277817
62.8443 57920 53576 0.26543 1.63623 1.89582 1.63623 1.89582 10285 0 0.0279484
63.3622 59368 55024 0.262287 1.72231 1.8944 1.72231 1.8944 10362 0 0.0276273
63.6242 60816 56472 0.26361 1.72467 1.8937 1.72467 1.8937 10401 0 0.0273398
63.8873 57920 57920 0.275134 1.80484 1.89334 1.80484 1.89334 10442 0 0.0273216
64.1457 59368 55024 0.263002 1.7039 1.89257 1.7039 1.89257 10480 0 0.0276311
64.3908 57920 56472 0.252076 1.84303 1.89238 1.84303 1.89238 10519 0 0.0273895
64.6359 60816 55024 0.259976 1.84303 1.8922 1.84303 1.8922 10558 0 0.0276816
64.8822 62264 57920 0.248207 1.88107 1.89215 1.88107 1.89215 10598 0 0.0271721
65.1382 65160 59368 0.254523 1.85568 1.89201 1.85568 1.89201 10639 0 0.0268305
65.4037 62264 62264 0.279233 1.91937 1.89212 1.91937 1.89212 10683 0 0.0265909
65.6693 57920 59368 0.285492 1.83213 1.89188 1.83213 1.89188 10725 0 0.0275496
65.9288 55024 55024 0.280221 1.74064 1.89128 1.74064 1.89128 10764 0 0.0280905
66.162 56472 52128 0.252083 1.78895 1.89092 1.78895 1.89092 10800 0 0.0282801
66.4035 59368 53576 0.243314 1.77462 1.8905 1.77462 1.8905 10837 0 0.0282569
66.6462 60816 56472 0.26452 1.90901 1.89057 1.90901 1.89057 10877 0 0.0273472
66.8985 59368 57920 0.27052 1.88219 1.89054 1.88219 1.89054 10918 0 0.0271437
67.1593 57920 56472 0.260205 1.73262 1.88992 1.73262 1.88992 10957 0 0.0273268
67.4272 53576 55024 0.288549 1.686 1.88911 1.686 1.88911 10996 0 0.0285959
67.6591 52128 50680 0.268 1.74827 1.88863 1.74827 1.88863 11031 0 0.0285815
67.9055 50680 49232 0.272265 1.64594 1.88775 1.64594 1.88775 11066 0 0.0289695
67.98 53576 47784 0.23937 5.13122 1.8913 5.13122 1.8913 11099 0 0.0296075
68.2155 56472 50680 0.239102 1.7707 1.89089 1.7707 1.89089 11135 0 0.0290137
68.4666 59368 53576 0.255296 1.75281 1.89038 1.75281 1.89038 11173 0 0.0280006
68.7298 57920 56472 0.26714 1.7168 1.88972 1.7168 1.88972 11212 0 0.0273777
69.0025 55024 55024 0.275126 1.65629 1.88879 1.65629 1.88879 11251 0 0.0279104
69.2657 56472 52128 0.266734 1.58474 1.88764 1.58474 1.88764 11287 0 0.0282627
69.5108 57920 53576 0.250191 1.74852 1.88715 1.74852 1.88715 11324 0 0.0280151
70.0107 60816 55024 0.25513 1.78442 1.88641 1.78442 1.88641 11401 0 0.0277053
70.2738 62264 57920 0.263549 1.76082 1.88594 1.76082 1.88594 11441 0 0.0270456
70.5418 57920 59368 0.269325 1.77246 1.88551 1.77246 1.88551 11482 0 0.0269867
70.8061 55024 55024 0.27627 1.70899 1.88485 1.70899 1.88485 11521 0 0.0279463
71.0489 57920 52128 0.257756 1.71811 1.88428 1.71811 1.88428 11557 0 0.028282
71.3012 60816 55024 0.25442 1.74447 1.88379 1.74447 1.88379 11595 0 0.0277127
71.5559 63712 57920 0.256926 1.81896 1.88356 1.81896 1.88356 11635 0 0.0271021
71.8167 65160 60816 0.26151 1.8659 1.8835 1.8659 1.8835 11677 0 0.0264527
72.0714 66608 62264 0.260726 1.95538 1.88375 1.95538 1.88375 11720 0 0.026162
72.3177 65160 63712 0.266397 2.1162 1.88454 2.1162 1.88454 11765 0 0.025915
72.5713 57920 62264 0.253183 1.96465 1.88482 1.96465 1.88482 11808 0 0.0266844
72.8296 56472 55024 0.272497 1.74874 1.88434 1.74874 1.88434 11847 0 0.0277782
73.0868 59368 53576 0.257563 1.66681 1.88357 1.66681 1.88357 11884 0 0.0279844
73.3439 56472 56472 0.276797 1.80196 1.88329 1.80196 1.88329 11924 0 0.0276684
73.5987 53576 53576 0.278223 1.72801 1.88275 1.72801 1.88275 11962 0 0.0283105
73.8498 52128 50680 0.273082 1.66056 1.88199 1.66056 1.88199 11998 0 0.0286886
74.1009 50680 49232 0.27101 1.61443 1.88109 1.61443 1.88109 12033 0 0.0289403
74.3557 53576 47784 0.255067 1.50064 1.87978 1.50064 1.87978 12066 0 0.0292062
74.6152 50680 50680 0.278742 1.60675 1.87883 1.60675 1.87883 12102 0 0.0289283
74.8808 47784 47784 0.286847 1.48315 1.87743 1.48315 1.87743 12136 0 0.0299026
75.1307 44888 44888 0.281831 1.48315 1.87612 1.48315 1.87612 12168 0 0.0302697
75.3794 43440 41992 0.273361 1.39717 1.87454 1.39717 1.87454 12198 0 0.0305297
75.6342 41992 40544 0.275903 1.31874 1.87267 1.31874 1.87267 12227 0 0.0309152
75.8733 44888 39096 0.259988 1.308 1.87089 1.308 1.87089 12254 0 0.0310346
76.1352 41992 41992 0.283133 1.28245 1.86886 1.28245 1.86886 12283 0 0.0309458
76.4008 40544 39096 0.270193 1.22142 1.86661 1.22142 1.86661 12311 0 0.031079
76.6411 37648 37648 0.288563 1.30146 1.86484 1.30146 1.86484 12338 0 0.0321648
76.6988 39096 34752 0.24776 4.82024 1.86706 4.82024 1.86706 12362 0 0.0320727
76.9391 40544 36200 0.243842 1.20506 1.86499 1.20506 1.86499 12387 0 0.0318664
77.1938 41992 37648 0.260803 1.2278 1.86289 1.2278 1.86289 12414 0 0.0312901
77.457 57920 39096 0.264068 1.18855 1.8606 1.18855 1.8606 12441 0 0.0333737
77.7286 55024 55024 0.278315 1.62097 1.85976 1.62097 1.85976 12479 0 0.028017
78.0001 52128 52128 0.283911 1.53565 1.85864 1.53565 1.85864 12515 0 0.0288487
78.2452 55024 49232 0.256591 1.60675 1.85785 1.60675 1.85785 12549 0 0.0288903
78.4832 57920 52128 0.243139 1.75281 1.85753 1.75281 1.85753 12585 0 0.0285612
78.7247 60816 55024 0.243601 1.82258 1.85742 1.82258 1.85742 12623 0 0.0279505
78.9746 57920 57920 0.249293 1.85394 1.85741 1.85394 1.85741 12663 0 0.0272072
79.2209 60816 55024 0.254985 1.78702 1.85719 1.78702 1.85719 12701 0 0.0277067
79.4769 63712 57920 0.255552 1.81042 1.85704 1.81042 1.85704 12741 0 0.0271124
79.7304 66608 60816 0.258804 1.91896 1.85724 1.91896 1.85724 12783 0 0.0265114
79.9695 69504 63712 0.258447 2.13156 1.85806 2.13156 1.85806 12827 0 0.0259361
80.2243 57920 66608 0.260186 2.0918 1.8588 2.0918 1.8588 12873 0 0.0265548
80.3036 60816 55024 0.259442 5.55058 1.86245 5.55058 1.86245 12911 0 0.0276819
80.5499 62264 57920 0.249591 1.88107 1.8625 1.88107 1.8625 12951 0 0.0271414
80.7866 66608 59368 0.240041 2.00639 1.86292 2.00639 1.86292 12992 0 0.0272981
81.0293 69504 63712 0.247168 2.14763 1.86378 2.14763 1.86378 13037 0 0.0260983
81.2769 70952 66608 0.249705 2.15273 1.86466 2.15273 1.86466 13083 0 0.0254102
81.5292 72400 68056 0.2543 2.15763 1.86556 2.15763 1.86556 13130 0 0.0250541
81.7888 73848 69504 0.264647 2.18696 1.86658 2.18696 1.86658 13179 0 0.0247622
82.0519 75296 70952 0.265171 2.157 1.86751 2.157 1.86751 13228 0 0.0244879
82.3151 73848 72400 0.269892 2.24504 1.86872 2.24504 1.86872 13279 0 0.0242812
82.5722 75296 70952 0.260575 2.2074 1.86978 2.2074 1.86978 13328 0 0.0244615
82.8293 76744 72400 0.264161 2.2975 1.8711 2.2975 1.8711 13379 0 0.0242007
83.0877 78192 73848 0.260713 2.28681 1.8724 2.28681 1.8724 13430 0 0.0239076
83.346 76744 75296 0.266309 2.37649 1.87396 2.37649 1.87396 13483 0 0.0236723
83.6008 79640 73848 0.257965 2.31917 1.87532 2.31917 1.87532 13534 0 0.0239708
83.8651 76744 76744 0.270637 2.3663 1.87686 2.3663 1.87686 13588 0 0.0235321
84.1247 75296 73848 0.26947 2.32086 1.87823 2.32086 1.87823 13640 0 0.0239968
84.3746 57920 72400 0.259592 2.36377 1.87967 2.36377 1.87967 13691 0 0.0270221
84.6245 59368 55024 0.252155 1.76124 1.87932 1.76124 1.87932 13729 0 0.0276836
84.8588 63712 56472 0.238187 1.9281 1.87946 1.9281 1.87946 13768 0 0.0279614
85.1052 65160 60816 0.25249 2.02215 1.87987 2.02215 1.87987 13811 0 0.0265068
85.3635 68056 62264 0.258031 1.9281 1.88002 1.9281 1.88002 13854 0 0.0262249
85.6303 57920 65160 0.275274 1.95415 1.88025 1.95415 1.88025 13899 0 0.0267745
85.9042 55024 55024 0.27627 1.64903 1.87951 1.64903 1.87951 13938 0 0.0279463
86.1482 57920 52128 0.255119 1.70964 1.87903 1.70964 1.87903 13974 0 0.0283008
86.3813 62264 55024 0.240369 1.88834 1.87905 1.88834 1.87905 14012 0 0.0281662
86.6072 66608 59368 0.239189 2.10244 1.87964 2.10244 1.87964 14053 0 0.0273329
86.8511 69504 63712 0.258602 2.13705 1.88036 2.13705 1.88036 14098 0 0.0259356
87.1046 70952 66608 0.252195 2.10172 1.881 2.10172 1.881 14144 0 0.0253651
87.369 72400 68056 0.260791 2.05956 1.88154 2.05956 1.88154 14191 0 0.0250222
87.6357 66608 69504 0.287784 2.12785 1.88229 2.12785 1.88229 14240 0 0.0258103
87.8965 57920 63712 0.268556 1.95475 1.88251 1.95475 1.88251 14284 0 0.0266421
88.1464 60816 55024 0.257995 1.76124 1.88216 1.76124 1.88216 14322 0 0.0276856
88.2041 63712 57920 0.246267 8.03373 1.88619 8.03373 1.88619 14362 0 0.0272812
88.4528 65160 60816 0.250797 1.95604 1.88638 1.95604 1.88638 14404 0 0.0265351
88.7112 68056 62264 0.259891 1.9281 1.8865 1.9281 1.8865 14447 0 0.026221
88.9767 66608 65160 0.269617 1.96299 1.88673 1.96299 1.88673 14492 0 0.0256808
89.2387 68056 63712 0.265188 1.99001 1.88704 1.99001 1.88704 14537 0 0.025901
89.4934 70952 65160 0.257795 2.04633 1.88749 2.04633 1.88749 14582 0 0.0256528
89.7385 72400 68056 0.25182 2.26835 1.88853 2.26835 1.88853 14630 0 0.0250885
89.9873 73848 69504 0.254063 2.28205 1.88962 2.28205 1.88962 14679 0 0.0247758
90.248 75296 70952 0.261916 2.17688 1.89045 2.17688 1.89045 14728 0 0.0244649
90.5172 72400 72400 0.274292 2.19493 1.89135 2.19493 1.89135 14779 0 0.0244472
90.7827 70952 69504 0.268578 2.09386 1.89195 2.09386 1.89195 14827 0 0.0248142
91.0387 73848 68056 0.259579 2.12724 1.89261 2.12724 1.89261 14874 0 0.0250813
91.2886 76744 70952 0.257861 2.31742 1.89377 2.31742 1.89377 14924 0 0.0245253
91.5445 78192 73848 0.262433 2.35354 1.89506 2.35354 1.89506 14976 0 0.023913
91.8065 76744 75296 0.268416 2.34379 1.89634 2.34379 1.89634 15029 0 0.0237033
92.0684 78192 73848 0.264483 2.25534 1.89736 2.25534 1.89736 15080 0 0.0239272
92.3268 76744 75296 0.266561 2.37649 1.8987 2.37649 1.8987 15133 0 0.0236755
92.5803 79640 73848 0.257157 2.33016 1.89988 2.33016 1.89988 15184 0 0.0239748
92.8351 81088 76744 0.262836 2.45559 1.9014 2.45559 1.9014 15238 0 0.0233675
93.0946 57920 78192 0.267437 2.45475 1.90295 2.45475 1.90295 15293 0 0.0282051
93.3626 56472 55024 0.267978 1.64277 1.9022 1.64277 1.9022 15331 0 0.0276857
93.6065 57920 53576 0.248651 1.75713 1.90182 1.75713 1.90182 15368 0 0.0280477
93.8552 60816 55024 0.258078 1.81632 1.9016 1.81632 1.9016 15407 0 0.0276853
94.11 63712 57920 0.255159 1.81896 1.90137 1.81896 1.90137 15447 0 0.027116
94.3611 66608 60816 0.255278 1.93732 1.90147 1.93732 1.90147 15489 0 0.0265323
94.6182 69504 63712 0.258558 1.98215 1.90169 1.98215 1.90169 15533 0 0.0259357
94.885 70952 66608 0.264641 1.99758 1.90196 1.99758 1.90196 15579 0 0.0253257
95.1349 68056 68056 0.271256 2.17838 1.90268 2.17838 1.90268 15626 0 0.0252078
95.4137 63712 65160 0.284584 1.91147 1.90271 1.91147 1.90271 15672 0 0.0263515
95.6636 60816 60816 0.272965 1.99298 1.90294 1.99298 1.90294 15715 0 0.0266781
95.8919 62264 57920 0.250039 2.02957 1.90325 2.02957 1.90325 15755 0 0.0271323
96.1431 63712 59368 0.248259 1.89119 1.90321 1.89119 1.90321 15796 0 0.0268788
96.4026 60816 60816 0.274646 1.91917 1.90326 1.91917 1.90326 15839 0 0.0267245
96.667 62264 57920 0.263813 1.75281 1.90285 1.75281 1.90285 15879 0 0.0270476
96.9205 63712 59368 0.262411 1.87327 1.90277 1.87327 1.90277 15920 0 0.0267467
97.1789 60816 60816 0.282727 1.9281 1.90284 1.9281 1.90284 15963 0 0.0270265
97.2437 62264 57920 0.262146 7.1411 1.90633 7.1411 1.90633 16003 0 0.0270377
97.5021 63712 59368 0.260918 1.83842 1.90615 1.83842 1.90615 16044 0 0.0267418
97.7604 65160 60816 0.262999 1.9281 1.90621 1.9281 1.90621 16087 0 0.0264594
98.008 66608 62264 0.250793 2.01233 1.90648 2.01233 1.90648 16130 0 0.0262462
98.2627 69504 63712 0.259003 2.04633 1.90684 2.04633 1.90684 16175 0 0.0259347
98.509 70952 66608 0.249623 2.16323 1.90748 2.16323 1.90748 16221 0 0.0254119
98.7662 73848 68056 0.258593 2.1173 1.90803 2.1173 1.90803 16268 0 0.0250831
99.0185 76744 70952 0.258527 2.29535 1.90901 2.29535 1.90901 16318 0 0.0245229
99.2805 57920 73848 0.266693 2.29956 1.91004 2.29956 1.91004 16370 0 0.0272868
99.5496 55024 55024 0.274065 1.67848 1.90942 1.67848 1.90942 16409 0 0.0278794
99.7899 57920 52128 0.245669 1.73529 1.909 1.73529 1.909 16445 0 0.0284823
100.033 60816 55024 0.244965 1.81356 1.90877 1.81356 1.90877 16483 0 0.0279076
100.283 62264 57920 0.25131 1.85394 1.90863 1.85394 1.90863 16523 0 0.0271086
100.543 63712 59368 0.261444 1.82147 1.9084 1.82147 1.9084 16564 0 0.026743
100.811 60816 60816 0.274136 1.8157 1.90816 1.8157 1.90816 16606 0 0.0267098
101.079 57920 57920 0.276752 1.72923 1.90768 1.72923 1.90768 16646 0 0.0273732
101.336 59368 55024 0.26207 1.71186 1.90719 1.71186 1.90719 16684 0 0.0276263
101.584 60816 56472 0.252292 1.82514 1.90699 1.82514 1.90699 16723 0 0.0273862
101.84 62264 57920 0.264803 1.85568 1.90686 1.85568 1.90686 16764 0 0.0270561
102.098 63712 59368 0.260324 1.83842 1.90669 1.83842 1.90669 16805 0 0.026741
102.359 60816 60816 0.272661 1.91033 1.90669 1.91033 1.90669 16848 0 0.0266703
102.61 63712 57920 0.257504 1.84507 1.90654 1.84507 1.90654 16888 0 0.0270988
102.859 65160 60816 0.2515 1.95604 1.90666 1.95604 1.90666 16930 0 0.0265227
103.11 57920 62264 0.253298 1.98345 1.90685 1.98345 1.90685 16973 0 0.0266828
103.362 56472 55024 0.268988 1.79037 1.90657 1.79037 1.90657 17012 0 0.0277028
103.588 59368 53576 0.246768 1.89733 1.90655 1.89733 1.90655 17049 0 0.0281536
103.829 62264 56472 0.256513 1.9281 1.9066 1.9281 1.9066 17089 0 0.0273985
104.078 63712 59368 0.263817 1.94664 1.90669 1.94664 1.90669 17131 0 0.0267555
104.361 59368 60816 0.284199 1.72298 1.90619 1.72298 1.90619 17173 0 0.0271948
104.634 53576 56472 0.300104 1.65629 1.90554 1.65629 1.90554 17212 0 0.0292328
104.892 50680 50680 0.285769 1.61422 1.90483 1.61422 1.90483 17248 0 0.029241
105.144 52128 47784 0.267215 1.56084 1.904 1.56084 1.904 17282 0 0.0291744
105.38 57920 49232 0.256239 1.72151 1.90359 1.72151 1.90359 17317 0 0.029131
105.609 60816 55024 0.242888 1.918 1.90362 1.918 1.90362 17355 0 0.0279744
105.854 62264 57920 0.253388 1.89029 1.90359 1.89029 1.90359 17395 0 0.0270768
106.101 63712 59368 0.265111 1.9281 1.90365 1.9281 1.90365 17436 0 0.0267671
106.346 62264 60816 0.270692 2.03206 1.90395 2.03206 1.90395 17479 0 0.0265647
106.429 57920 59368 0.251057 5.7284 1.90692 5.7284 1.90692 17520 0 0.0269797
106.848 55024 55024 0.273898 1.0773 1.90367 1.0773 1.90367 17559 0 0.0278747
106.93 57920 52128 0.2552 5.10378 1.90611 5.10378 1.90611 17595 0 0.0283
107.182 60816 55024 0.254676 1.74447 1.90573 1.74447 1.90573 17633 0 0.0277099
107.425 63712 57920 0.246235 1.90901 1.90574 1.90901 1.90574 17673 0 0.0272821
107.682 66608 60816 0.258041 1.89206 1.90571 1.89206 1.90571 17715 0 0.0265138
107.946 68056 63712 0.265763 1.9281 1.90576 1.9281 1.90576 17759 0 0.0259073
108.219 65160 65160 0.274114 1.91111 1.90578 1.91111 1.90578 17804 0 0.0258471
108.468 68056 62264 0.260129 2.04918 1.90611 2.04918 1.90611 17848 0 0.026221
108.712 69504 65160 0.251758 2.18454 1.90673 2.18454 1.90673 17894 0 0.0256563
108.964 72400 66608 0.258312 2.15763 1.90731 2.15763 1.90731 17941 0 0.0253666
109.222 75296 69504 0.259934 2.15229 1.90789 2.15229 1.90789 17989 0 0.0248001
109.49 57920 72400 0.268766 2.16154 1.90851 2.16154 1.90851 18039 0 0.0270988
109.751 59368 55024 0.26515 1.68819 1.90799 1.68819 1.90799 18077 0 0.0276486
109.992 62264 56472 0.245671 1.87989 1.90793 1.87989 1.90793 18116 0 0.0275916
110.243 65160 59368 0.259033 1.93732 1.90799 1.93732 1.90799 18158 0 0.0268014
110.506 63712 62264 0.271066 1.9369 1.90806 1.9369 1.90806 18202 0 0.0262839
110.774 60816 60816 0.278226 1.85893 1.90794 1.85893 1.90794 18245 0 0.0268422
111.038 59368 57920 0.267747 1.75281 1.90757 1.75281 1.90757 18285 0 0.0270931
111.293 62264 56472 0.259912 1.77348 1.90727 1.77348 1.90727 18324 0 0.0273863
111.545 60816 59368 0.266247 1.9281 1.90731 1.9281 1.90731 18366 0 0.02678
111.805 59368 57920 0.271426 1.82991 1.90713 1.82991 1.90713 18407 0 0.0271636
112.068 60816 56472 0.264024 1.7168 1.90669 1.7168 1.90669 18446 0 0.0273429
112.33 57920 57920 0.277222 1.81312 1.90647 1.81312 1.90647 18487 0 0.0273892
112.845 60816 55024 0.25942 1.70787 1.90556 1.70787 1.90556 18563 0 0.0276819
113.099 63712 57920 0.257391 1.82758 1.90539 1.82758 1.90539 18603 0 0.0270994
113.333 66608 60816 0.256439 2.07641 1.90574 2.07641 1.90574 18645 0 0.0265226
113.584 69504 63712 0.255322 2.02957 1.90602 2.02957 1.90602 18689 0 0.0259556
113.829 72400 66608 0.256452 2.17383 1.90659 2.17383 1.90659 18735 0 0.0253763
113.921 70952 69504 0.268453 6.08872 1.90994 6.08872 1.90994 18783 0 0.024812
114.179 72400 68056 0.261335 2.10745 1.91039 2.10745 1.91039 18830 0 0.0250234
114.431 75296 69504 0.256444 2.24945 1.91114 2.24945 1.91114 18879 0 0.0248128
114.681 76744 72400 0.252331 2.31742 1.91202 2.31742 1.91202 18929 0 0.0242422
114.934 78192 73848 0.2546 2.34126 1.91297 2.34126 1.91297 18980 0 0.0239363
115.199 76744 75296 0.268843 2.31197 1.91389 2.31197 1.91389 19033 0 0.0237107
115.467 73848 73848 0.270238 2.20477 1.91456 2.20477 1.91456 19084 0 0.0240715
115.717 76744 70952 0.255636 2.31742 1.91543 2.31742 1.91543 19134 0 0.0245398
115.965 78192 73848 0.25203 2.43352 1.91654 2.43352 1.91654 19186 0 0.0239706
116.218 57920 75296 0.257262 2.42154 1.91764 2.42154 1.91764 19239 0 0.0275108
116.719 60816 55024 0.246575 1.75702 1.91695 1.75702 1.91695 19315 0 0.0278618
116.963 57920 57920 0.246443 1.8996 1.91691 1.8996 1.91691 19355 0 0.0272764
117.213 59368 55024 0.25189 1.76124 1.91658 1.76124 1.91658 19393 0 0.0276878
117.465 62264 56472 0.254203 1.79037 1.91631 1.79037 1.91631 19432 0 0.0274199
117.724 63712 59368 0.264163 1.88326 1.91624 1.88326 1.91624 19474 0 0.0267583
117.964 57920 60816 0.249301 2.0727 1.91656 2.0727 1.91656 19517 0 0.0268626
118.204 60816 55024 0.243201 1.83169 1.91638 1.83169 1.91638 19555 0 0.0279638
118.441 65160 57920 0.2393 1.95746 1.91647 1.95746 1.91647 19595 0 0.0276203
118.691 66608 62264 0.250343 1.99298 1.91663 1.99298 1.91663 19638 0 0.0262547
118.955 65160 63712 0.270355 1.97192 1.91675 1.97192 1.91675 19683 0 0.0259813
119.225 63712 62264 0.270712 1.85063 1.9166 1.85063 1.9166 19726 0 0.0262762
119.496 60816 60816 0.280357 1.83425 1.91641 1.83425 1.91641 19769 0 0.0269244
119.755 62264 57920 0.263823 1.79358 1.91615 1.79358 1.91615 19809 0 0.0270477
120.006 65160 59368 0.255167 1.89119 1.9161 1.89119 1.9161 19850 0 0.0268238
120.262 63712 62264 0.266155 1.99146 1.91626 1.99146 1.91626 19894 0 0.0261994
120.528 57920 60816 0.275814 1.8673 1.91615 1.8673 1.91615 19937 0 0.0269983
121.057 59368 55024 0.265188 1.66517 1.91505 1.66517 1.91505 20013 0 0.027649
121.312 60816 56472 0.260333 1.77348 1.91476 1.77348 1.91476 20052 0 0.0273269
121.563 59368 57920 0.268943 1.89119 1.91471 1.89119 1.91471 20093 0 0.027113
121.8 57920 56472 0.255926 1.90852 1.91469 1.90852 1.91469 20132 0 0.0273434
122.059 56472 55024 0.272372 1.74064 1.91432 1.74064 1.91432 20171 0 0.0277751
122.319 57920 53576 0.26282 1.65138 1.91377 1.65138 1.91377 20208 0 0.0279269
122.577 55024 55024 0.277108 1.74874 1.91342 1.74874 1.91342 20247 0 0.0279743
122.833 56472 52128 0.261673 1.62938 1.91283 1.62938 1.91283 20283 0 0.0282202
123.079 59368 53576 0.254107 1.73999 1.91248 1.73999 1.91248 20320 0 0.0280132
123.321 57920 56472 0.26589 1.9185 1.91249 1.9185 1.91249 20360 0 0.0273614
123.564 59368 55024 0.265733 1.86128 1.91239 1.86128 1.91239 20399 0 0.0276549
123.8 60816 56472 0.247478 1.90852 1.91238 1.90852 1.91238 20438 0 0.0274836
124.057 59368 57920 0.271162 1.84701 1.91225 1.84701 1.91225 20479 0 0.0271576
124.316 60816 56472 0.260381 1.74874 1.91191 1.74874 1.91191 20518 0 0.0273269
124.578 57920 57920 0.283291 1.81312 1.9117 1.81312 1.9117 20559 0 0.0276351
124.664 59368 55024 0.265716 5.08803 1.91391 5.08803 1.91391 20597 0 0.0276547
124.926 60816 56472 0.264397 1.72467 1.91351 1.72467 1.91351 20636 0 0.0273461
125.191 59368 57920 0.269508 1.79663 1.91326 1.79663 1.91326 20677 0 0.0271234
125.45 57920 56472 0.262546 1.74064 1.91291 1.74064 1.91291 20716 0 0.0273332
125.71 59368 55024 0.265206 1.74064 1.91255 1.74064 1.91255 20755 0 0.0276491
125.972 60816 56472 0.264197 1.72467 1.91216 1.72467 1.91216 20794 0 0.0273444
126.236 59368 57920 0.270412 1.79663 1.91192 1.79663 1.91192 20835 0 0.0271415
126.495 60816 56472 0.262863 1.74064 1.91157 1.74064 1.91157 20874 0 0.0273349
126.751 62264 57920 0.263105 1.85568 1.91145 1.85568 1.91145 20915 0 0.0270427
127.011 63712 59368 0.261546 1.82991 1.91129 1.82991 1.91129 20956 0 0.0267433
127.28 60816 60816 0.275279 1.85063 1.91116 1.85063 1.91116 20999 0 0.0267434
127.544 59368 57920 0.267829 1.75281 1.91083 1.75281 1.91083 21039 0 0.0270943
127.799 62264 56472 0.258631 1.77348 1.91056 1.77348 1.91056 21078 0 0.0273882
128.052 57920 59368 0.261535 1.9281 1.91059 1.9281 1.91059 21120 0 0.0269021
128.312 56472 55024 0.268256 1.73262 1.91023 1.73262 1.91023 21159 0 0.0276902
128.574 57920 53576 0.26407 1.63623 1.90967 1.63623 1.90967 21196 0 0.0279355
128.816 60816 55024 0.255341 1.87054 1.9096 1.87054 1.9096 21235 0 0.0277033
129.063 62264 57920 0.248837 1.87194 1.90952 1.87194 1.90952 21275 0 0.0271577
129.319 65160 59368 0.256119 1.85568 1.90942 1.85568 1.90942 21316 0 0.0268155
129.581 63712 62264 0.271725 1.94578 1.90949 1.94578 1.90949 21360 0 0.0262989
129.848 60816 60816 0.278549 1.8673 1.90941 1.8673 1.90941 21403 0 0.026854
130.11 62264 57920 0.266196 1.7689 1.90912 1.7689 1.90912 21443 0 0.0270714
130.365 65160 59368 0.259495 1.86443 1.90903 1.86443 1.90903 21484 0 0.0268007
130.623 62264 62264 0.272034 1.97294 1.90916 1.97294 1.90916 21528 0 0.0263658
130.887 57920 59368 0.278929 1.84046 1.90902 1.84046 1.90902 21570 0 0.027258
131.135 56472 55024 0.268744 1.82514 1.90886 1.82514 1.90886 21609 0 0.0276985
131.379 59368 53576 0.24648 1.75713 1.90858 1.75713 1.90858 21646 0 0.0281613
131.631 60816 56472 0.264049 1.83628 1.90844 1.83628 1.90844 21686 0 0.0273431
131.886 57920 57920 0.270673 1.86443 1.90836 1.86443 1.90836 21727 0 0.0272065
132.102 60816 55024 0.258098 2.03521 1.90857 2.03521 1.90857 21765 0 0.0276852
132.358 57920 57920 0.257361 1.81042 1.90838 1.81042 1.90838 21805 0 0.0270996
132.625 59368 55024 0.264495 1.65017 1.90786 1.65017 1.90786 21843 0 0.0276423
132.892 60816 56472 0.266172 1.6936 1.90743 1.6936 1.90743 21882 0 0.0273648
133.152 56472 57920 0.285354 1.82147 1.90726 1.82147 1.90726 21923 0 0.0278347
133.397 57920 53576 0.261497 1.74852 1.90697 1.74852 1.90697 21960 0 0.0279212
133.651 56472 55024 0.2716 1.78189 1.90673 1.78189 1.90673 21999 0 0.0277566
133.906 59368 53576 0.257403 1.68254 1.9063 1.68254 1.9063 22036 0 0.0279852
134.167 57920 56472 0.278944 1.77705 1.90605 1.77705 1.90605 22076 0 0.0276856
134.442 52128 55024 0.294483 1.64183 1.90551 1.64183 1.90551 22115 0 0.0291089
134.529 49232 49232 0.276637 4.49009 1.9072 4.49009 1.9072 22149 0 0.0291554
134.791 50680 46336 0.265703 1.41512 1.90624 1.41512 1.90624 22181 0 0.0294597
135.035 52128 47784 0.248692 1.56717 1.90563 1.56717 1.90563 22214 0 0.0292502
135.284 55024 49232 0.25462 1.63003 1.90512 1.63003 1.90512 22249 0 0.0289076
135.544 56472 52128 0.26089 1.60675 1.90455 1.60675 1.90455 22285 0 0.0282182
135.793 59368 53576 0.25387 1.71489 1.9042 1.71489 1.9042 22322 0 0.0280161
136.033 60816 56472 0.248486 1.93778 1.90426 1.93778 1.90426 22362 0 0.0274593
136.283 63712 57920 0.256183 1.90029 1.90425 1.90029 1.90425 22403 0 0.0271072
136.54 66608 60816 0.25851 1.89206 1.90423 1.89206 1.90423 22445 0 0.0265122
136.792 69504 63712 0.255908 2.01991 1.90444 2.01991 1.90444 22489 0 0.0259504
137.044 72400 66608 0.255178 2.11172 1.90482 2.11172 1.90482 22535 0 0.025387
137.309 73848 69504 0.26414 2.10338 1.90521 2.10338 1.90521 22583 0 0.0247577
137.567 75296 70952 0.26309 2.19713 1.90576 2.19713 1.90576 22632 0 0.0244707
137.823 73848 72400 0.269452 2.30828 1.9065 2.30828 1.9065 22683 0 0.0242727
138.079 76744 70952 0.258661 2.21776 1.90708 2.21776 1.90708 22732 0 0.0245225
138.336 75296 73848 0.269908 2.34255 1.90789 2.34255 1.90789 22784 0 0.0240053
138.598 72400 72400 0.274767 2.25534 1.90855 2.25534 1.90855 22835 0 0.024461
138.861 73848 69504 0.2647 2.11298 1.90893 2.11298 1.90893 22883 0 0.0247627
139.121 75296 70952 0.262567 2.18696 1.90945 2.18696 1.90945 22932 0 0.0244678
139.373 72400 72400 0.273449 2.34126 1.91023 2.34126 1.91023 22983 0 0.0244238
139.628 75296 69504 0.255727 2.18275 1.91073 2.18275 1.91073 23031 0 0.0248184
139.846 78192 72400 0.255819 2.64848 1.91188 2.64848 1.91188 23081 0 0.0242604
140.108 79640 75296 0.261698 2.29956 1.91261 2.29956 1.91261 23133 0 0.0236354
140.375 78192 76744 0.268016 2.30156 1.91335 2.30156 1.91335 23186 0 0.0234237
140.638 72400 75296 0.286871 2.33308 1.91413 2.33308 1.91413 23239 0 0.0246523
140.887 73848 69504 0.261052 2.23547 1.9147 2.23547 1.9147 23287 0 0.0247417
140.982 75296 70952 0.250239 5.97954 1.91744 5.97954 1.91744 23336 0 0.0245565
141.234 76744 72400 0.254826 2.34126 1.9182 2.34126 1.9182 23387 0 0.0242101
141.489 79640 73848 0.257157 2.31917 1.91892 2.31917 1.91892 23438 0 0.0239748
141.758 76744 76744 0.272154 2.32404 1.91969 2.32404 1.91969 23492 0 0.0235667
142.029 73848 73848 0.2741 2.22802 1.92027 2.22802 1.92027 23544 0 0.0241655
142.288 75296 70952 0.263755 2.23159 1.92084 2.23159 1.92084 23594 0 0.0244753
142.544 78192 72400 0.259875 2.30828 1.92154 2.30828 1.92154 23645 0 0.0242429
142.804 79640 75296 0.261712 2.32086 1.92226 2.32086 1.92226 23697 0 0.0236354
143.064 81088 76744 0.263202 2.35459 1.92305 2.35459 1.92305 23750 0 0.0233697
143.328 79640 78192 0.267169 2.42112 1.92397 2.42112 1.92397 23805 0 0.0231393
143.582 57920 76744 0.257698 2.41012 1.92483 2.41012 1.92483 23858 0 0.0278112
143.994 55024 55024 0.280564 1.09615 1.92246 1.09615 1.92246 23897 0 0.0281045
144.086 56472 52128 0.251254 4.56654 1.92413 4.56654 1.92413 23933 0 0.0282939
144.338 59368 53576 0.254455 1.69856 1.92374 1.69856 1.92374 23970 0 0.0280092
144.595 60816 56472 0.261896 1.80196 1.92352 1.80196 1.92352 24010 0 0.0273303
144.86 59368 57920 0.269268 1.79663 1.92329 1.79663 1.92329 24051 0 0.027119
145.125 57920 56472 0.268027 1.70126 1.92288 1.70126 1.92288 24090 0 0.0273912
145.381 59368 55024 0.262826 1.76516 1.92261 1.76516 1.92261 24129 0 0.02763
145.63 60816 56472 0.25215 1.81632 1.92242 1.81632 1.92242 24168 0 0.0273884
145.889 62264 57920 0.264483 1.82991 1.92226 1.82991 1.92226 24209 0 0.0270531
146.157 57920 59368 0.269441 1.77246 1.92198 1.77246 1.92198 24250 0 0.0269889
146.422 56472 55024 0.271807 1.70899 1.9216 1.70899 1.9216 24289 0 0.0277614
146.675 59368 53576 0.257617 1.69051 1.9212 1.69051 1.9212 24326 0 0.0279842
146.93 60816 56472 0.261956 1.81896 1.92102 1.81896 1.92102 24366 0 0.0273306
147.192 59368 57920 0.268563 1.81312 1.92083 1.81312 1.92083 24407 0 0.0271064
147.456 57920 56472 0.266537 1.70899 1.92045 1.70899 1.92045 24446 0 0.0273695
147.717 56472 55024 0.269544 1.73262 1.92012 1.73262 1.92012 24485 0 0.0277131
147.969 59368 53576 0.256633 1.69856 1.91974 1.69856 1.91974 24522 0 0.0279898
148.211 60816 56472 0.252304 1.9185 1.91974 1.9185 1.91974 24562 0 0.027386
148.462 63712 57920 0.25834 1.89119 1.91969 1.89119 1.91969 24603 0 0.0270954
148.72 66608 60816 0.259322 1.88326 1.91963 1.88326 1.91963 24645 0 0.0265104
148.982 68056 63712 0.263638 1.94578 1.91967 1.94578 1.91967 24689 0 0.0258873
149.245 69504 65160 0.265689 1.98092 1.91978 1.98092 1.91978 24734 0 0.0256207
149.511 66608 66608 0.277461 2.05024 1.92001 2.05024 1.92001 24781 0 0.0256686
149.77 68056 63712 0.264702 1.9638 1.92009 1.9638 1.92009 24825 0 0.0258962
150.018 72400 65160 0.254715 2.10593 1.9204 2.10593 1.9204 24870 0 0.0257751
150.273 57920 69504 0.266618 2.22822 1.92092 2.22822 1.92092 24919 0 0.0267496
150.533 59368 55024 0.261665 1.68819 1.92052 1.68819 1.92052 24957 0 0.0276248
150.776 57920 56472 0.249756 1.86128 1.92042 1.86128 1.92042 24996 0 0.0274317
151.02 59368 55024 0.261835 1.85211 1.92031 1.85211 1.92031 25035 0 0.0276254
151.27 60816 56472 0.2484 1.80759 1.92012 1.80759 1.92012 25074 0 0.0274613
151.522 57920 57920 0.273373 1.88219 1.92006 1.88219 1.92006 25115 0 0.0272714
151.778 60816 55024 0.256712 1.7199 1.91972 1.7199 1.91972 25153 0 0.0276924
151.985 62264 57920 0.253958 2.24197 1.92016 2.24197 1.92016 25193 0 0.0270696
152.235 63712 59368 0.253348 1.90029 1.92013 1.90029 1.92013 25234 0 0.0267852
152.493 60816 60816 0.275899 1.9281 1.92014 1.9281 1.92014 25277 0 0.0267627
152.586 57920 57920 0.261625 5.00804 1.92201 5.00804 1.92201 25317 0 0.0270952
152.838 60816 55024 0.255293 1.74447 1.92172 1.74447 1.92172 25355 0 0.0277038
153.084 57920 57920 0.249379 1.88107 1.92166 1.88107 1.92166 25395 0 0.0272054
153.342 60816 55024 0.258548 1.71186 1.9213 1.71186 1.9213 25433 0 0.0276837
153.588 62264 57920 0.249563 1.88107 1.92124 1.88107 1.92124 25473 0 0.027142
153.844 65160 59368 0.257299 1.85568 1.92113 1.85568 1.92113 25514 0 0.0268078
154.103 66608 62264 0.265425 1.9638 1.9212 1.9638 1.9212 25558 0 0.0261909
154.353 69504 63712 0.257501 2.08568 1.92147 2.08568 1.92147 25603 0 0.0259399
154.603 70952 66608 0.25279 2.13203 1.92181 2.13203 1.92181 25649 0 0.0253562
154.859 57920 68056 0.257804 2.12724 1.92215 2.12724 1.92215 25696 0 0.0266144
155.376 60816 55024 0.255969 1.72632 1.9215 1.72632 1.9215 25773 0 0.0276978
155.62 62264 57920 0.248088 1.8996 1.92146 1.8996 1.92146 25813 0 0.027175
155.864 65160 59368 0.246702 1.94709 1.9215 1.94709 1.9215 25854 0 0.0269773
156.117 66608 62264 0.260926 2.01034 1.92165 2.01034 1.92165 25898 0 0.0261623
156.379 65160 63712 0.2701 1.99001 1.92176 1.99001 1.92176 25943 0 0.0259761
156.645 63712 62264 0.267367 1.87575 1.92168 1.87575 1.92168 25986 0 0.0262157
156.903 62264 60816 0.27094 1.9281 1.92169 1.9281 1.92169 26029 0 0.0265701
157.151 63712 59368 0.253289 1.91874 1.92169 1.91874 1.92169 26070 0 0.026786
157.392 66608 60816 0.254755 2.06239 1.92191 2.06239 1.92191 26113 0 0.0265375
157.64 69504 63712 0.248234 2.05913 1.92212 2.05913 1.92212 26157 0 0.0260721
157.897 72400 66608 0.256332 2.07225 1.92237 2.07225 1.92237 26203 0 0.0253772
158.153 75296 69504 0.259434 2.1725 1.92277 2.1725 1.92277 26251 0 0.0248005
158.411 76744 72400 0.260749 2.24197 1.92329 2.24197 1.92329 26301 0 0.0241839
158.677 78192 73848 0.265055 2.22473 1.9238 2.22473 1.9238 26352 0 0.0239327
158.945 72400 75296 0.288326 2.29124 1.92441 2.29124 1.92441 26405 0 0.0247326
159.199 57920 69504 0.266704 2.18275 1.92483 2.18275 1.92483 26453 0 0.0267507
159.417 59368 55024 0.25244 2.02397 1.92496 2.02397 1.92496 26491 0 0.0276792
159.65 63712 56472 0.236885 1.93803 1.92498 1.93803 1.92498 26530 0 0.0280199
159.893 65160 60816 0.260887 2.05218 1.92518 2.05218 1.92518 26573 0 0.0264512
159.976 66608 62264 0.250552 6.00783 1.92729 6.00783 1.92729 26616 0 0.0262507
160.226 68056 63712 0.252421 2.08568 1.92754 2.08568 1.92754 26661 0 0.0259316
160.478 70952 65160 0.254909 2.06582 1.92776 2.06582 1.92776 26706 0 0.0256738
160.74 69504 68056 0.265569 2.12267 1.92807 2.12267 1.92807 26754 0 0.0250526
161.014 66608 66608 0.277595 1.98729 1.92817 1.98729 1.92817 26801 0 0.0256733
161.285 63712 63712 0.274023 1.87691 1.92809 1.87691 1.92809 26845 0 0.0261303
161.537 66608 60816 0.255267 1.93732 1.9281 1.93732 1.9281 26887 0 0.0265324
161.777 69504 63712 0.244032 2.12091 1.92839 2.12091 1.92839 26931 0 0.0261887
162.023 72400 66608 0.248372 2.16323 1.92875 2.16323 1.92875 26977 0 0.0254989
162.277 75296 69504 0.255405 2.19309 1.92916 2.19309 1.92916 27025 0 0.0248213
162.535 76744 72400 0.260458 2.24197 1.92966 2.24197 1.92966 27075 0 0.0241836
162.798 75296 73848 0.265128 2.24504 1.93017 2.24504 1.93017 27126 0 0.0239334
163.057 73848 72400 0.266503 2.28681 1.93073 2.28681 1.93073 27177 0 0.0242256
163.308 57920 70952 0.254686 2.26021 1.93124 2.26021 1.93124 27226 0 0.0268715
163.564 59368 55024 0.262716 1.76516 1.93098 1.76516 1.93098 27265 0 0.0276294
163.81 60816 56472 0.249172 1.83404 1.93083 1.83404 1.93083 27304 0 0.027444
164.066 57920 57920 0.262919 1.85568 1.93071 1.85568 1.93071 27345 0 0.0271011
164.331 59368 55024 0.266106 1.65764 1.93027 1.65764 1.93027 27383 0 0.0276593
164.597 57920 56472 0.267349 1.70126 1.9299 1.70126 1.9299 27422 0 0.0273808
164.859 55024 55024 0.274453 1.72467 1.92958 1.72467 1.92958 27461 0 0.0278905
165.109 57920 52128 0.256248 1.66854 1.92918 1.66854 1.92918 27497 0 0.028291
165.608 59368 55024 0.252949 1.76549 1.92869 1.76549 1.92869 27573 0 0.0276718
165.864 62264 56472 0.256541 1.76516 1.92844 1.76516 1.92844 27612 0 0.0273983
166.107 60816 59368 0.266966 1.99458 1.92853 1.99458 1.92853 27654 0 0.0267895
166.356 57920 57920 0.264806 1.90947 1.92851 1.90947 1.92851 27695 0 0.0271157
166.612 59368 55024 0.253288 1.7199 1.92819 1.7199 1.92819 27733 0 0.0276671
166.845 62264 56472 0.258219 1.93803 1.9282 1.93803 1.9282 27772 0 0.0273895
167.104 59368 59368 0.278736 1.88326 1.92813 1.88326 1.92813 27814 0 0.0271515
167.363 56472 56472 0.279765 1.78527 1.92791 1.78527 1.92791 27854 0 0.027777
167.632 55024 53576 0.273102 1.63544 1.92744 1.63544 1.92744 27892 0 0.0280906
167.873 56472 52128 0.262093 1.78349 1.92723 1.78349 1.92723 27929 0 0.0282218
168.091 59368 53576 0.244307 1.95988 1.92728 1.95988 1.92728 27966 0 0.0282247
168.344 57920 56472 0.268531 1.83628 1.92714 1.83628 1.92714 28006 0 0.0273995
168.602 55024 55024 0.27726 1.74874 1.92687 1.74874 1.92687 28045 0 0.0279795
168.858 57920 52128 0.258997 1.62938 1.92641 1.62938 1.92641 28081 0 0.0282779
169.104 59368 55024 0.248713 1.78702 1.92621 1.78702 1.92621 28119 0 0.0277494
169.172 60816 56472 0.253155 6.71391 1.92812 6.71391 1.92812 28158 0 0.0273736
169.432 62264 57920 0.262745 1.82147 1.92795 1.82147 1.92795 28199 0 0.0270406
169.699 60816 59368 0.268572 1.78045 1.92772 1.78045 1.92772 28240 0 0.0268144
169.965 59368 57920 0.2708 1.78851 1.9275 1.78851 1.9275 28281 0 0.0271497
170.221 62264 56472 0.259499 1.76516 1.92726 1.76516 1.92726 28320 0 0.0273866
170.474 65160 59368 0.259146 1.91896 1.92725 1.91896 1.92725 28362 0 0.0268012
170.736 63712 62264 0.266569 1.94578 1.92727 1.94578 1.92727 28406 0 0.0262046
171.009 60816 60816 0.277289 1.82617 1.92711 1.82617 1.92711 28449 0 0.0268089
171.277 59368 57920 0.27088 1.72923 1.9268 1.72923 1.9268 28489 0 0.0271514
171.519 60816 56472 0.248109 1.86128 1.92671 1.86128 1.92671 28528 0 0.0274681
171.765 62264 57920 0.25091 1.93755 1.92673 1.93755 1.92673 28569 0 0.0271157
172.01 65160 59368 0.247744 1.93755 1.92674 1.93755 1.92674 28610 0 0.0269507
172.264 66608 62264 0.260183 2.00085 1.92685 2.00085 1.92685 28654 0 0.0261615
172.529 65160 63712 0.269861 1.97192 1.92692 1.97192 1.92692 28699 0 0.0259713
172.793 57920 62264 0.267002 1.88428 1.92686 1.88428 1.92686 28742 0 0.0266869
173.051 56472 55024 0.266747 1.74874 1.92659 1.74874 1.92659 28781 0 0.0276676
173.3 57920 53576 0.252573 1.72318 1.9263 1.72318 1.9263 28818 0 0.0279741
173.555 59368 55024 0.261656 1.77348 1.92607 1.77348 1.92607 28857 0 0.0276248
173.817 60816 56472 0.263252 1.72467 1.92577 1.72467 1.92577 28896 0 0.0273373
174.072 62264 57920 0.265433 1.86443 1.92568 1.86443 1.92568 28937 0 0.0270626
174.325 65160 59368 0.256759 1.87327 1.9256 1.87327 1.9256 28978 0 0.026811
174.57 68056 62264 0.257217 2.07932 1.92582 2.07932 1.92582 29022 0 0.0262288
174.819 57920 65160 0.258242 2.14233 1.92613 2.14233 1.92613 29068 0 0.0265443
175.077 59368 55024 0.266153 1.74874 1.92587 1.74874 1.92587 29107 0 0.0276599
175.329 62264 56472 0.25423 1.79894 1.92568 1.79894 1.92568 29146 0 0.0274196
175.581 57920 59368 0.263111 1.9281 1.92569 1.9281 1.92569 29188 0 0.0269094
175.838 56472 55024 0.267409 1.75691 1.92544 1.75691 1.92544 29227 0 0.0276769
176.075 59368 53576 0.244891 1.81065 1.92529 1.81065 1.92529 29264 0 0.0282067
176.32 60816 56472 0.253723 1.89029 1.92524 1.89029 1.92524 29304 0 0.0273661
176.575 62264 57920 0.264239 1.86443 1.92515 1.86443 1.92515 29345 0 0.027051
176.832 65160 59368 0.259481 1.84701 1.92504 1.84701 1.92504 29386 0 0.0268008
177.094 62264 62264 0.273815 1.94578 1.92507 1.94578 1.92507 29430 0 0.0264119
177.359 59368 59368 0.278962 1.83213 1.92493 1.83213 1.92493 29472 0 0.02716
177.613 57920 56472 0.272603 1.82758 1.92479 1.82758 1.92479 29512 0 0.0274856
177.863 59368 55024 0.265111 1.80759 1.92462 1.80759 1.92462 29551 0 0.0276482
178.12 62264 56472 0.256312 1.75691 1.92438 1.75691 1.92438 29590 0 0.0273999
178.383 59368 59368 0.276144 1.84886 1.92427 1.84886 1.92427 29632 0 0.0270611
178.65 56472 56472 0.28212 1.73702 1.92399 1.73702 1.92399 29672 0 0.0278756
178.896 55024 53576 0.27038 1.78702 1.9238 1.78702 1.9238 29710 0 0.0280267
179.144 56472 52128 0.262166 1.73154 1.92354 1.73154 1.92354 29747 0 0.0282221
179.39 57920 53576 0.249093 1.73999 1.92328 1.73999 1.92328 29784 0 0.0280379
179.643 56472 55024 0.268299 1.78189 1.92308 1.78189 1.92308 29823 0 0.0276909
179.898 59368 53576 0.257822 1.68254 1.92274 1.68254 1.92274 29860 0 0.0279832
180.163 56472 56472 0.278505 1.75281 1.92249 1.75281 1.92249 29900 0 0.0277287
180.409 57920 53576 0.28574 1.73999 1.92225 1.73999 1.92225 29937 0 0.0285815
180.672 56472 55024 0.269572 1.7168 1.92195 1.7168 1.92195 29976 0 0.0277137
180.926 57920 53576 0.262781 1.69051 1.92162 1.69051 1.92162 30013 0 0.0279267
181.406 60816 55024 0.246484 1.85579 1.92145 1.85579 1.92145 30090 0 0.0278643
181.653 65160 57920 0.241025 1.88107 1.92139 1.88107 1.92139 30130 0 0.0275519
181.725 66608 62264 0.250391 6.90901 1.92337 6.90901 1.92337 30173 0 0.0262538
181.981 69504 63712 0.258254 2.03672 1.92353 2.03672 1.92353 30218 0 0.0259367
182.235 72400 66608 0.257234 2.0918 1.92377 2.0918 1.92377 30264 0 0.0253714
182.498 73848 69504 0.265099 2.11298 1.92404 2.11298 1.92404 30312 0 0.0247666
182.759 75296 70952 0.263277 2.17688 1.9244 2.17688 1.9244 30361 0 0.0244719
183.015 76744 72400 0.261638 2.30828 1.92494 2.30828 1.92494 30412 0 0.024186
183.27 79640 73848 0.257411 2.31917 1.92548 2.31917 1.92548 30463 0 0.0239734
183.534 78192 76744 0.269017 2.3663 1.92612 2.3663 1.92612 30517 0 0.0234407
183.795 76744 75296 0.266661 2.35459 1.92673 2.35459 1.92673 30570 0 0.0236768
184.05 57920 73848 0.257889 2.31917 1.92727 2.31917 1.92727 30621 0 0.0272465
184.309 59368 55024 0.264487 1.74064 1.92701 1.74064 1.92701 30660 0 0.0276422
184.556 60816 56472 0.249593 1.83404 1.92688 1.83404 1.92688 30699 0 0.0274351
184.81 63712 57920 0.259931 1.86443 1.9268 1.86443 1.9268 30740 0 0.0270926
185.07 57920 60816 0.261287 1.87454 1.92672 1.87454 1.92672 30782 0 0.0267498
185.326 60816 55024 0.258978 1.7199 1.92644 1.7199 1.92644 30820 0 0.0276826
185.577 62264 57920 0.253904 1.84507 1.92633 1.84507 1.92633 30860 0 0.0270702
185.827 63712 59368 0.25217 1.90029 1.92629 1.90029 1.92629 30901 0 0.0268022
186.079 65160 60816 0.261749 1.974 1.92636 1.974 1.92636 30944 0 0.0264535
186.335 68056 62264 0.257093 1.9462 1.92639 1.9462 1.92639 30987 0 0.0262295
186.6 65160 65160 0.273336 2.01574 1.92651 2.01574 1.92651 31033 0 0.0258257
186.859 62264 62264 0.273435 1.9638 1.92656 1.9638 1.92656 31077 0 0.0264015
187.109 63712 59368 0.263983 1.94664 1.92659 1.94664 1.92659 31119 0 0.0267568
187.357 57920 60816 0.259314 2.01233 1.9267 2.01233 1.9267 31162 0 0.0267486
187.59 60816 55024 0.242194 1.88834 1.92666 1.88834 1.92666 31200 0 0.0279987
187.826 65160 57920 0.236443 1.95746 1.9267 1.95746 1.9267 31240 0 0.0277468
188.077 68056 62264 0.246501 1.98345 1.92677 1.98345 1.92677 31283 0 0.0264032
188.319 69504 65160 0.264435 2.20628 1.92713 2.20628 1.92713 31329 0 0.025608
188.568 72400 66608 0.26008 2.1889 1.92747 2.1889 1.92747 31376 0 0.0253637
188.788 73848 69504 0.250111 2.52865 1.92818 2.52865 1.92818 31424 0 0.0248384
189.047 76744 70952 0.257967 2.18696 1.92853 2.18696 1.92853 31473 0 0.0245249
189.315 73848 73848 0.27878 2.248 1.92898 2.248 1.92898 31525 0 0.0243193
189.577 70952 70952 0.280055 2.21112 1.92937 2.21112 1.92937 31575 0 0.0249229
189.831 69504 68056 0.270351 2.19309 1.92972 2.19309 1.92972 31623 0 0.0251287
190.083 70952 66608 0.265499 2.15763 1.93003 2.15763 1.93003 31670 0 0.0253344
190.33 72400 68056 0.251868 2.19953 1.93038 2.19953 1.93038 31717 0 0.0250877
190.584 70952 69504 0.266161 2.23878 1.93079 2.23878 1.93079 31766 0 0.0247785
190.842 73848 68056 0.258372 2.10745 1.93103 2.10745 1.93103 31813 0 0.0250838
191.107 70952 70952 0.277775 2.19102 1.93139 2.19102 1.93139 31863 0 0.0248367
191.375 66608 68056 0.285061 2.07508 1.93159 2.07508 1.93159 31911 0 0.0258084
191.635 63712 63712 0.281898 1.99918 1.93168 1.99918 1.93168 31956 0 0.0264132
191.883 66608 60816 0.25671 1.96553 1.93172 1.96553 1.93172 31998 0 0.0265208
192.129 69504 63712 0.248413 2.06918 1.9319 2.06918 1.9319 32042 0 0.0260679
192.377 70952 66608 0.250731 2.15273 1.93218 2.15273 1.93218 32088 0 0.0253901
192.461 72400 68056 0.25225 6.47289 1.93417 6.47289 1.93417 32135 0 0.0250817
192.72 73848 69504 0.261833 2.18696 1.93451 2.18696 1.93451 32184 0 0.024744
192.988 72400 70952 0.269823 2.11831 1.93476 2.11831 1.93476 32233 0 0.0245577
193.258 57920 69504 0.273007 2.10885 1.93501 2.10885 1.93501 32282 0 0.026875
193.518 59368 55024 0.263804 1.68819 1.93467 1.68819 1.93467 32320 0 0.0276365
193.754 63712 56472 0.240097 1.91826 1.93465 1.91826 1.93465 32359 0 0.0278817
193.998 66608 60816 0.247914 2.04207 1.93479 2.04207 1.93479 32402 0 0.026656
194.254 69504 63712 0.257186 1.99146 1.93486 1.99146 1.93486 32446 0 0.0259416
194.518 68056 66608 0.266009 2.01574 1.93497 2.01574 1.93497 32492 0 0.0253403
194.787 66608 65160 0.271218 1.9367 1.93498 1.9367 1.93498 32537 0 0.0257142
195.046 65160 63712 0.266257 2.01777 1.93509 2.01777 1.93509 32582 0 0.0259133
195.291 57920 62264 0.249857 2.03206 1.93521 2.03206 1.93521 32625 0 0.0267408
195.535 59368 55024 0.250699 1.85211 1.9351 1.85211 1.9351 32664 0 0.0277085
195.775 62264 56472 0.242749 1.87989 1.93504 1.87989 1.93504 32703 0 0.0276839
196.033 63712 59368 0.262563 1.88326 1.93497 1.88326 1.93497 32745 0 0.0267475
196.301 60816 60816 0.274552 1.85893 1.93486 1.85893 1.93486 32788 0 0.0267217
196.566 59368 57920 0.267597 1.75281 1.93462 1.75281 1.93462 32828 0 0.0270908
196.823 60816 56472 0.260683 1.75691 1.93439 1.75691 1.93439 32867 0 0.0273272
197.08 59368 57920 0.266364 1.84701 1.93427 1.84701 1.93427 32908 0 0.0270736
197.339 60816 56472 0.261881 1.74064 1.93402 1.74064 1.93402 32947 0 0.0273303
197.603 59368 57920 0.272398 1.80484 1.93385 1.80484 1.93385 32988 0 0.0271868
197.863 60816 56472 0.264236 1.73262 1.93358 1.73262 1.93358 33027 0 0.0273447
198.125 57920 57920 0.273028 1.81312 1.93342 1.81312 1.93342 33068 0 0.0272623
198.387 59368 55024 0.265016 1.68045 1.93309 1.68045 1.93309 33106 0 0.0276472
198.646 60816 56472 0.261422 1.74874 1.93285 1.74874 1.93285 33145 0 0.0273288
198.908 57920 57920 0.275383 1.81312 1.93269 1.81312 1.93269 33186 0 0.0273292
199.428 59368 55024 0.261484 1.69209 1.93206 1.69209 1.93206 33262 0 0.0276242
199.689 60816 56472 0.262051 1.73262 1.9318 1.73262 1.9318 33301 0 0.027331
199.953 57920 57920 0.283204 1.79663 1.93162 1.79663 1.93162 33342 0 0.027631
