0.600133 14480 0 0 0 0 0 0 0 0 0.109585
0.801462 15928 13032 0.200125 0.575376 0.144536 0.575376 0.144536 10 0 0.0404613
0.803866 17376 13032 0.200484 9.64048 0.172924 9.64048 0.172924 12 0 0.0404184
0.806269 20272 14480 0.201174 14.4607 0.215511 14.4607 0.215511 15 0 0.040055
0.808672 21720 17376 0.202027 19.281 0.27217 19.281 0.27217 19 0 0.0392179
0.811075 23168 18824 0.203149 14.4607 0.31421 14.4607 0.31421 22 0 0.0387525
1.00275 24616 20272 0.228005 0.181307 0.288806 0.181307 0.288806 25 0 0.0362091
1.00515 26064 21720 0.225004 14.4607 0.322689 14.4607 0.322689 28 0 0.0360767
1.00756 57920 23168 0.222379 14.4607 0.356411 14.4607 0.356411 31 0 0.0455233
1.21004 68056 55024 0.211346 2.17391 0.660551 2.17391 0.660551 69 0 0.030942
1.41013 78192 65160 0.220025 2.60528 0.936492 2.60528 0.936492 114 0 0.0281392
1.65406 83984 75296 0.237536 2.51697 1.16957 2.51697 1.16957 167 0 0.0244349
1.92562 85432 81088 0.255214 2.38879 1.34151 2.38879 1.34151 223 0 0.0225727
1.99291 81088 82536 0.278154 9.81263 1.62753 9.81263 1.62753 280 0 0.0227714
2.45312 70952 78192 0.312542 1.3844 1.58192 1.3844 1.58192 335 0 0.0268014
2.52041 75296 68056 0.242325 8.09112 1.7557 8.09112 1.7557 382 0 0.0254928
2.7391 85432 72400 0.222574 2.70145 1.83121 2.70145 1.83121 433 0 0.0265369
2.96861 94120 82536 0.231417 2.877 1.91206 2.877 1.91206 490 0 0.0237948
3.22575 95568 91224 0.259536 2.88313 1.98947 2.88313 1.98947 554 0 0.0207164
3.49611 92672 92672 0.273066 2.78503 2.05099 2.78503 2.05099 619 0 0.0206908
3.76166 89776 89776 0.268469 2.70457 2.09713 2.70457 2.09713 681 0 0.0211046
4.00438 94120 86880 0.246821 2.86351 2.14359 2.86351 2.14359 741 0 0.021825
4.2411 101360 91224 0.239574 3.083 2.19602 3.083 2.19602 804 0 0.0216098
4.48623 105704 98464 0.248885 3.26075 2.2542 3.26075 2.2542 873 0 0.0197364
4.7638 57920 102808 0.277676 2.96309 2.2955 2.96309 2.2955 944 0 0.0406256
5.04137 55024 55024 0.281581 1.62761 2.25873 1.62761 2.25873 983 0 0.0281473
5.28289 57920 52128 0.247997 1.72665 2.2344 1.72665 2.2344 1019 0 0.028421
5.52441 60816 55024 0.244236 1.82258 2.2164 1.82258 2.2164 1057 0 0.0279301
5.77434 62264 57920 0.251405 1.85394 2.20071 1.85394 2.20071 1097 0 0.0271069
6.03148 63712 59368 0.258749 1.84701 2.18563 1.84701 2.18563 1138 0 0.0267425
6.27421 65160 60816 0.25108 2.05218 2.18047 2.05218 2.18047 1181 0 0.02653
6.51212 69504 62264 0.24156 2.09364 2.1773 2.09364 2.1773 1224 0 0.0266603
6.75485 72400 66608 0.248845 2.24308 2.17966 2.24308 2.17966 1271 0 0.0254882
7.00718 73848 69504 0.253409 2.20354 2.18052 2.20354 2.18052 1319 0 0.024784
7.26553 75296 70952 0.259964 2.19713 2.18111 2.19713 2.18111 1368 0 0.0244612
7.51426 76744 72400 0.259208 2.37519 2.18753 2.37519 2.18753 1419 0 0.024184
7.76179 78192 73848 0.25047 2.38672 2.19389 2.38672 2.19389 1470 0 0.0239979
8.00932 79640 75296 0.256551 2.48032 2.20274 2.48032 2.20274 1523 0 0.0236444
8.26165 81088 76744 0.253705 2.43307 2.20977 2.43307 2.20977 1576 0 0.023399
8.51639 79640 78192 0.264094 2.50107 2.21849 2.50107 2.21849 1631 0 0.0231047
8.77233 57920 76744 0.258318 2.3988 2.22375 2.3988 2.22375 1684 0 0.0278087
9.02587 56472 55024 0.264866 1.78189 2.21134 1.78189 2.21134 1723 0 0.0276457
9.26739 57920 53576 0.243496 1.77462 2.19995 1.77462 2.19995 1760 0 0.0281913
9.50891 59368 55024 0.253581 1.87054 2.19159 1.87054 2.19159 1799 0 0.0276632
9.75765 60816 56472 0.249025 1.81632 2.18202 1.81632 2.18202 1838 0 0.0274472
10.0112 59368 57920 0.265681 1.82758 2.17305 1.82758 2.17305 1878 0 0.0270653
10.2623 57920 56472 0.269126 1.79894 2.16389 1.79894 2.16389 1917 0 0.02741
10.5098 56472 55024 0.265681 1.82514 2.15591 1.82514 2.15591 1956 0 0.0276543
10.7574 57920 53576 0.250119 1.73154 2.14615 1.73154 2.14615 1993 0 0.0280166
11.0085 56472 55024 0.266646 1.79894 2.13823 1.79894 2.13823 2032 0 0.0276662
11.2633 57920 53576 0.255955 1.68254 2.12792 1.68254 2.12792 2069 0 0.0279353
11.5168 55024 55024 0.273339 1.7362 2.1193 1.7362 2.1193 2107 0 0.0278595
11.7751 52128 52128 0.277666 1.65906 2.1092 1.65906 2.1092 2144 0 0.028589
12.0275 57920 49232 0.277998 1.56084 2.09769 1.56084 2.09769 2178 0 0.0294408
12.269 59368 55024 0.254948 1.82258 2.09228 1.82258 2.09228 2216 0 0.0276476
12.5237 60816 56472 0.259455 1.77348 2.08579 1.77348 2.08579 2255 0 0.027327
12.7845 56472 57920 0.288684 1.82147 2.0804 1.82147 2.0804 2296 0 0.0280146
12.8482 55024 53576 0.264903 6.73015 2.10345 6.73015 2.10345 2333 0 0.027943
13.0993 56472 52128 0.254731 1.70669 2.09584 1.70669 2.09584 2370 0 0.0282451
13.3444 57920 53576 0.248265 1.74852 2.08946 1.74852 2.08946 2407 0 0.0280566
13.5883 59368 55024 0.249025 1.85211 2.0852 1.85211 2.0852 2446 0 0.0277425
13.8407 57920 56472 0.254152 1.79037 2.07983 1.79037 2.07983 2485 0 0.0273609
14.0966 56472 55024 0.26087 1.7199 2.07329 1.7199 2.07329 2523 0 0.0276228
14.3478 57920 53576 0.257606 1.70669 2.06688 1.70669 2.06688 2560 0 0.0279247
14.5965 59368 55024 0.255327 1.81632 2.06261 1.81632 2.06261 2599 0 0.0276439
14.8512 60816 56472 0.256676 1.77348 2.05765 1.77348 2.05765 2638 0 0.0273378
15.0915 62264 57920 0.248842 1.9763 2.05635 1.9763 2.05635 2679 0 0.0271575
15.3367 65160 59368 0.247177 1.93755 2.05445 1.93755 2.05445 2720 0 0.0269649
15.5902 66608 62264 0.259262 2.01034 2.05374 2.01034 2.05374 2764 0 0.026162
15.8377 68056 63712 0.255732 2.10593 2.05455 2.10593 2.05455 2809 0 0.0258923
16.0841 57920 65160 0.249324 2.1162 2.0555 2.1162 2.0555 2854 0 0.0266551
16.3292 59368 55024 0.252963 1.84303 2.05231 1.84303 2.05231 2893 0 0.0276716
16.5659 63712 56472 0.240127 1.90852 2.05025 1.90852 2.05025 2932 0 0.0278805
16.8134 65160 60816 0.253734 2.01233 2.04969 2.01233 2.04969 2975 0 0.0264897
17.0718 66608 62264 0.258712 1.9281 2.04785 1.9281 2.04785 3018 0 0.0261631
17.3265 65160 63712 0.265253 2.04633 2.04783 2.04633 2.04783 3063 0 0.0259017
17.5813 66608 62264 0.25757 1.95538 2.04649 1.95538 2.04649 3106 0 0.0261674
17.8336 65160 63712 0.263091 2.06582 2.04676 2.06582 2.04676 3151 0 0.0258837
18.0859 66608 62264 0.255124 1.974 2.04575 1.974 2.04575 3194 0 0.0261852
18.3359 65160 63712 0.261732 2.08568 2.04629 2.08568 2.04629 3239 0 0.0258771
18.587 66608 62264 0.253683 1.98345 2.04544 1.98345 2.04544 3282 0 0.0262014
18.8381 57920 63712 0.263439 2.0757 2.04585 2.0757 2.04585 3327 0 0.0265807
19.0941 59368 55024 0.256971 1.7199 2.04148 1.7199 2.04148 3365 0 0.0276312
19.344 57920 56472 0.252374 1.80759 2.03846 1.80759 2.03846 3404 0 0.0273849
19.5963 56472 55024 0.26783 1.79037 2.03526 1.79037 2.03526 3443 0 0.0276833
19.8427 57920 53576 0.251902 1.73999 2.0316 1.73999 2.0316 3480 0 0.0279845
20.3317 59368 55024 0.247833 1.82387 2.0266 1.82387 2.0266 3557 0 0.0277701
20.5829 60816 56472 0.250203 1.79894 2.02382 1.79894 2.02382 3596 0 0.0274227
20.8388 57920 57920 0.276485 1.85568 2.02176 1.85568 2.02176 3637 0 0.0273644
21.0863 59368 55024 0.259479 1.77834 2.0189 1.77834 2.0189 3675 0 0.0276223
21.3291 60816 56472 0.253611 1.86128 2.01711 1.86128 2.01711 3714 0 0.0273676
21.579 57920 57920 0.275278 1.90029 2.01575 1.90029 2.01575 3755 0 0.027326
21.6379 59368 55024 0.253269 7.47629 2.03061 7.47629 2.03061 3793 0 0.0276674
21.8866 60816 56472 0.251251 1.81632 2.02818 1.81632 2.02818 3832 0 0.0274033
22.1413 62264 57920 0.259818 1.86443 2.02629 1.86443 2.02629 3873 0 0.0270331
22.4093 60816 59368 0.269419 1.77246 2.02326 1.77246 2.02326 3914 0 0.0268296
22.6748 59368 57920 0.270877 1.74488 2.02 1.74488 2.02 3954 0 0.0271514
22.932 57920 56472 0.263429 1.75691 2.01705 1.75691 2.01705 3993 0 0.0273385
23.1843 59368 55024 0.258754 1.79037 2.01458 1.79037 2.01458 4032 0 0.0276236
23.4343 60816 56472 0.252946 1.80759 2.01237 1.80759 2.01237 4071 0 0.0273765
23.6914 57920 57920 0.26221 1.84701 2.01058 1.84701 2.01058 4112 0 0.0270975
23.9485 59368 55024 0.259851 1.71186 2.00737 1.71186 2.00737 4150 0 0.0276221
24.2021 60816 56472 0.25638 1.78189 2.00501 1.78189 2.00501 4189 0 0.0273399
24.458 59368 57920 0.26293 1.85568 2.00345 1.85568 2.00345 4230 0 0.0270416
24.7152 60816 56472 0.259625 1.75691 2.00088 1.75691 2.00088 4269 0 0.0273269
24.9711 59368 57920 0.264011 1.85568 1.99939 1.85568 1.99939 4310 0 0.0270491
25.2078 62264 56472 0.243476 1.90852 1.99854 1.90852 1.99854 4349 0 0.0276593
25.4469 65160 59368 0.246758 2.03467 1.99888 2.03467 1.99888 4391 0 0.0269758
25.6993 66608 62264 0.258457 2.01991 1.99909 2.01991 1.99909 4435 0 0.0261638
25.9612 65160 63712 0.268747 1.99001 1.99899 1.99001 1.99899 4480 0 0.0259506
26.2256 57920 62264 0.266481 1.88428 1.99784 1.88428 1.99784 4523 0 0.0266799
26.4755 56472 55024 0.262819 1.80759 1.99604 1.80759 1.99604 4562 0 0.02763
26.717 59368 53576 0.245684 1.77462 1.99404 1.77462 1.99404 4599 0 0.0281834
26.9598 60816 56472 0.252326 1.90901 1.99327 1.90901 1.99327 4639 0 0.0273856
27.2121 59368 57920 0.260734 1.88219 1.99224 1.88219 1.99224 4680 0 0.0270336
27.4716 57920 56472 0.260221 1.74064 1.98987 1.74064 1.98987 4719 0 0.0273268
28.2383 59368 55024 0.255049 1.7377 1.98302 1.7377 1.98302 4834 0 0.0276466
28.4906 57920 56472 0.254665 1.79037 1.98131 1.79037 1.98131 4873 0 0.0273552
28.7441 56472 55024 0.269856 1.78189 1.97956 1.78189 1.97956 4912 0 0.0277192
28.9869 57920 53576 0.250661 1.76583 1.97777 1.76583 1.97777 4949 0 0.0280061
29.232 56472 55024 0.261368 1.84303 1.97664 1.84303 1.97664 4988 0 0.0276239
29.4747 57920 53576 0.247713 1.76583 1.9749 1.76583 1.9749 5025 0 0.0280699
29.7246 56472 55024 0.26516 1.80759 1.97349 1.80759 1.97349 5064 0 0.0276487
29.965 57920 53576 0.252455 1.78349 1.97197 1.78349 1.97197 5101 0 0.0279758
30.2125 56472 55024 0.268956 1.82514 1.97077 1.82514 1.97077 5140 0 0.0277023
30.4672 57920 53576 0.252988 1.68254 1.96836 1.68254 1.96836 5177 0 0.0279681
30.7232 55024 55024 0.279421 1.76516 1.96666 1.76516 1.96666 5216 0 0.0280588
30.9707 53576 52128 0.260184 1.68474 1.96441 1.68474 1.96441 5252 0 0.0282174
31.0344 55024 50680 0.258278 6.36635 1.97344 6.36635 1.97344 5287 0 0.0285204
31.2915 56472 52128 0.259983 1.66681 1.97092 1.66681 1.97092 5324 0 0.0282174
31.5318 59368 53576 0.244487 1.78349 1.9695 1.78349 1.9695 5361 0 0.0282191
31.7794 60816 56472 0.252358 1.87194 1.96874 1.87194 1.96874 5401 0 0.0273852
32.0341 62264 57920 0.259894 1.86443 1.96791 1.86443 1.96791 5442 0 0.0270331
32.2937 60816 59368 0.26161 1.82991 1.9668 1.82991 1.9668 5483 0 0.0267435
32.5556 59368 57920 0.267953 1.81312 1.96556 1.81312 1.96556 5524 0 0.0270963
32.7923 62264 56472 0.244993 1.90852 1.96515 1.90852 1.96515 5563 0 0.0276115
33.0314 65160 59368 0.24558 2.03467 1.96565 2.03467 1.96565 5605 0 0.0270084
33.279 66608 62264 0.252772 2.05913 1.96635 2.05913 1.96635 5649 0 0.0262137
33.5373 65160 63712 0.263474 2.01777 1.96674 2.01777 1.96674 5694 0 0.0258862
33.7969 63712 62264 0.261958 1.91917 1.96638 1.91917 1.96638 5737 0 0.0261653
34.0552 62264 60816 0.265429 1.9281 1.96609 1.9281 1.96609 5780 0 0.0264799
34.3075 63712 59368 0.255805 1.88219 1.96547 1.88219 1.96547 5821 0 0.0267585
34.5503 65160 60816 0.251944 2.05218 1.96608 2.05218 1.96608 5864 0 0.0265153
34.7954 68056 62264 0.247396 2.03206 1.96654 2.03206 1.96654 5907 0 0.0263799
35.0477 57920 65160 0.259393 2.11172 1.96759 2.11172 1.96759 5953 0 0.0265415
35.3073 56472 55024 0.266935 1.74064 1.96592 1.74064 1.96592 5992 0 0.0276701
35.5584 57920 53576 0.254411 1.70669 1.96409 1.70669 1.96409 6029 0 0.0279502
35.8131 56472 55024 0.263424 1.77348 1.96274 1.77348 1.96274 6068 0 0.0276338
36.0703 57920 53576 0.259443 1.66681 1.96063 1.66681 1.96063 6105 0 0.0279192
36.319 56472 55024 0.261449 1.81632 1.95964 1.81632 1.95964 6144 0 0.0276241
36.5641 57920 53576 0.249559 1.74852 1.95822 1.74852 1.95822 6181 0 0.0280279
36.8141 59368 55024 0.259874 1.80759 1.9572 1.80759 1.9572 6220 0 0.0276221
37.0664 60816 56472 0.254568 1.79037 1.95606 1.79037 1.95606 6259 0 0.0273563
37.3236 59368 57920 0.268798 1.84701 1.95531 1.84701 1.95531 6300 0 0.0271105
37.5747 60816 56472 0.256477 1.79894 1.95427 1.79894 1.95427 6339 0 0.0273392
37.8282 59368 57920 0.266778 1.87327 1.95372 1.87327 1.95372 6380 0 0.027079
38.0818 60816 56472 0.25665 1.78189 1.95258 1.78189 1.95258 6419 0 0.027338
38.3341 57920 57920 0.268691 1.88219 1.95212 1.88219 1.95212 6460 0 0.0271681
38.5768 59368 55024 0.251032 1.81356 1.95125 1.81356 1.95125 6498 0 0.0277025
38.8183 62264 56472 0.243883 1.87054 1.95074 1.87054 1.95074 6537 0 0.0276461
39.0635 60816 59368 0.263264 1.9848 1.95096 1.9848 1.95096 6579 0 0.0267516
39.3218 59368 57920 0.271456 1.83842 1.95022 1.83842 1.95022 6620 0 0.0271643
39.579 57920 56472 0.260514 1.75691 1.94896 1.75691 1.94896 6659 0 0.027327
39.8337 55024 55024 0.279219 1.77348 1.94784 1.77348 1.94784 6698 0 0.028051
40.074 56472 52128 0.255847 1.73529 1.94656 1.73529 1.94656 6734 0 0.0282346
40.3203 57920 53576 0.249532 1.73999 1.9453 1.73999 1.9453 6771 0 0.0280285
40.6388 59368 55024 0.259006 2.8012 1.95201 2.8012 1.95201 6848 0 0.027623
40.8815 60816 56472 0.248239 1.86128 1.95147 1.86128 1.95147 6887 0 0.0274651
41.1242 62264 57920 0.250992 1.95673 1.9515 1.95673 1.9515 6928 0 0.0271142
41.3669 65160 59368 0.246653 1.95673 1.95153 1.95673 1.95153 6969 0 0.0269786
41.6181 66608 62264 0.255547 2.02957 1.952 2.02957 1.952 7013 0 0.0261813
41.8764 65160 63712 0.262923 2.01777 1.95241 2.01777 1.95241 7058 0 0.0258827
42.136 63712 62264 0.261879 1.91917 1.9522 1.91917 1.9522 7101 0 0.026165
42.3907 62264 60816 0.260738 1.95538 1.95222 1.95538 1.95222 7144 0 0.026451
42.6394 63712 59368 0.251974 1.90947 1.95197 1.90947 1.95197 7185 0 0.0268054
42.8942 65160 60816 0.259836 1.95538 1.95199 1.95538 1.95199 7228 0 0.0264504
43.1417 66608 62264 0.251116 2.01233 1.95234 2.01233 1.95234 7271 0 0.0262404
43.3892 68056 63712 0.254129 2.10593 1.95322 2.10593 1.95322 7316 0 0.0259086
43.6392 69504 65160 0.252219 2.08568 1.95397 2.08568 1.95397 7361 0 0.0256489
43.8963 68056 66608 0.263152 2.1173 1.95493 2.1173 1.95493 7408 0 0.0253141
44.1534 69504 65160 0.259781 2.0272 1.95535 2.0272 1.95535 7453 0 0.0255884
44.4106 68056 66608 0.264643 2.1173 1.95629 2.1173 1.95629 7500 0 0.0253257
44.6677 69504 65160 0.259809 2.0272 1.9567 2.0272 1.9567 7545 0 0.0255884
44.9225 68056 66608 0.263625 2.13728 1.95772 2.13728 1.95772 7592 0 0.0253173
45.1808 69504 65160 0.260134 2.01777 1.95807 2.01777 1.95807 7637 0 0.0255884
45.4392 68056 66608 0.267518 2.10745 1.95892 2.10745 1.95892 7684 0 0.0253607
45.6939 69504 65160 0.258409 2.04633 1.9594 2.04633 1.9594 7729 0 0.0255909
45.9474 68056 66608 0.264018 2.14741 1.96044 2.14741 1.96044 7776 0 0.0253203
46.1938 69504 65160 0.251149 2.1162 1.96127 2.1162 1.96127 7821 0 0.0256667
46.4389 70952 66608 0.25637 2.22109 1.96264 2.22109 1.96264 7868 0 0.0253174
46.6864 73848 68056 0.24953 2.19953 1.9639 2.19953 1.9639 7915 0 0.0251908
46.94 72400 70952 0.264178 2.28447 1.96563 2.28447 1.96563 7965 0 0.0244786
47.1995 57920 69504 0.270722 2.18696 1.96685 2.18696 1.96685 8014 0 0.0268207
47.4554 59368 55024 0.259402 1.7199 1.96551 1.7199 1.96551 8052 0 0.0276224
47.6982 62264 56472 0.246739 1.86128 1.96498 1.86128 1.96498 8091 0 0.0275622
47.9457 60816 59368 0.261454 1.96553 1.96499 1.96553 1.96499 8133 0 0.026743
48.2028 59368 57920 0.269955 1.84701 1.96436 1.84701 1.96436 8174 0 0.0271321
48.454 60816 56472 0.256119 1.79894 1.9635 1.79894 1.9635 8213 0 0.0273418
48.7027 59368 57920 0.26775 1.90947 1.96322 1.90947 1.96322 8254 0 0.0270931
48.949 60816 56472 0.251361 1.83404 1.96257 1.83404 1.96257 8293 0 0.0274014
49.1978 59368 57920 0.26667 1.90947 1.96231 1.90947 1.96231 8334 0 0.0270775
49.4225 60816 56472 0.247596 2.01058 1.96253 2.01058 1.96253 8373 0 0.0274806
49.6604 62264 57920 0.25539 1.99626 1.96269 1.99626 1.96269 8414 0 0.0270543
49.9187 65160 59368 0.246272 1.83842 1.96204 1.83842 1.96204 8455 0 0.0269889
50.1831 60816 62264 0.284516 1.88428 1.96163 1.88428 1.96163 8498 0 0.0269213
50.4462 59368 57920 0.270438 1.80484 1.96082 1.80484 1.96082 8539 0 0.027142
50.5063 57920 56472 0.260513 7.51957 1.96743 7.51957 1.96743 8578 0 0.027327
50.7538 59368 55024 0.251644 1.82514 1.96673 1.82514 1.96673 8617 0 0.0276919
50.999 62264 56472 0.246781 1.84303 1.96614 1.84303 1.96614 8656 0 0.027561
51.2477 63712 59368 0.254496 1.95604 1.96609 1.95604 1.96609 8698 0 0.0267712
51.5024 65160 60816 0.259524 1.95538 1.96604 1.95538 1.96604 8741 0 0.0264506
51.756 66608 62264 0.258319 1.96465 1.96603 1.96465 1.96603 8784 0 0.0261643
52.0155 65160 63712 0.26429 1.9638 1.96602 1.9638 1.96602 8828 0 0.0258925
52.2703 63712 62264 0.260867 1.95538 1.96597 1.95538 1.96597 8871 0 0.0261622
52.519 65160 60816 0.254924 2.00261 1.96614 2.00261 1.96614 8914 0 0.0264762
52.7653 66608 62264 0.249194 2.02215 1.9664 2.02215 1.9664 8957 0 0.0262782
53.0237 65160 63712 0.262903 2.01777 1.96665 2.01777 1.96665 9002 0 0.0258825
53.2808 66608 62264 0.259667 1.93711 1.96651 1.93711 1.96651 9045 0 0.0261616
53.5355 65160 63712 0.261567 2.04633 1.96689 2.04633 1.96689 9090 0 0.0258766
53.7915 66608 62264 0.258409 1.9462 1.96679 1.9462 1.96679 9133 0 0.026164
54.051 57920 63712 0.265873 2.00843 1.96699 2.00843 1.96699 9178 0 0.0266034
54.2974 59368 55024 0.25122 1.78702 1.96618 1.78702 1.96618 9216 0 0.0276991
54.5341 63712 56472 0.240599 1.90852 1.96593 1.90852 1.96593 9255 0 0.027862
54.7684 66608 60816 0.243166 2.12585 1.96661 2.12585 1.96661 9298 0 0.0267934
55.0135 69504 63712 0.245904 2.07932 1.96711 2.07932 1.96711 9342 0 0.0261324
55.2694 57920 66608 0.255942 2.08198 1.96764 2.08198 1.96764 9388 0 0.0265712
55.5326 56472 55024 0.263724 1.67278 1.96625 1.67278 1.96625 9426 0 0.0276359
55.7801 57920 53576 0.252673 1.73154 1.96521 1.73154 1.96521 9463 0 0.0279726
56.0289 56472 55024 0.260921 1.81632 1.96454 1.81632 1.96454 9502 0 0.0276229
56.2776 57920 53576 0.251837 1.72318 1.96348 1.72318 1.96348 9539 0 0.0279856
56.5323 56472 55024 0.266232 1.77348 1.96262 1.77348 1.96262 9578 0 0.0276609
56.7871 57920 53576 0.257952 1.68254 1.96136 1.68254 1.96136 9615 0 0.0279231
57.0382 56472 55024 0.268676 1.79894 1.96065 1.79894 1.96065 9654 0 0.0276973
57.2857 57920 53576 0.252993 1.73154 1.95966 1.73154 1.95966 9691 0 0.027968
57.5357 56472 55024 0.266137 1.80759 1.959 1.80759 1.959 9730 0 0.0276597
57.782 57920 53576 0.253767 1.73999 1.95807 1.73999 1.95807 9767 0 0.0279578
58.0331 56472 55024 0.270157 1.79894 1.95738 1.79894 1.95738 9806 0 0.0277252
58.2855 57920 53576 0.255315 1.69856 1.95626 1.69856 1.95626 9843 0 0.0279409
58.5366 55024 55024 0.273379 1.79894 1.95558 1.79894 1.95558 9882 0 0.0278606
58.7913 56472 52128 0.256054 1.63706 1.9542 1.63706 1.9542 9918 0 0.028233
59.0341 57920 53576 0.254593 1.76583 1.95343 1.76583 1.95343 9955 0 0.0279482
59.284 55024 55024 0.274696 1.80759 1.95281 1.80759 1.95281 9994 0 0.0278976
59.3465 56472 52128 0.254764 6.67418 1.95778 6.67418 1.95778 10030 0 0.0282448
59.5964 57920 53576 0.251716 1.71489 1.95676 1.71489 1.95676 10067 0 0.0279875
59.8536 56472 55024 0.262188 1.75691 1.95591 1.75691 1.95591 10106 0 0.0276268
60.1095 57920 53576 0.259473 1.67464 1.95471 1.67464 1.95471 10143 0 0.0279192
60.3642 56472 55024 0.261156 1.77348 1.95394 1.77348 1.95394 10182 0 0.0276234
60.619 57920 53576 0.257399 1.68254 1.9528 1.68254 1.9528 10219 0 0.0279257
60.8773 56472 55024 0.264914 1.74874 1.95194 1.74874 1.95194 10258 0 0.0276462
61.1224 57920 53576 0.254641 1.74852 1.95112 1.74852 1.95112 10295 0 0.0279476
61.3604 60816 55024 0.247101 1.89888 1.95092 1.89888 1.95092 10334 0 0.027848
61.5995 63712 57920 0.241992 1.93778 1.95087 1.93778 1.95087 10374 0 0.0274169
61.8506 65160 60816 0.251566 1.93732 1.95081 1.93732 1.95081 10416 0 0.0265215
62.109 57920 62264 0.259485 1.9281 1.95072 1.9281 1.95072 10459 0 0.0266381
62.3733 56472 55024 0.271968 1.70899 1.94969 1.70899 1.94969 10498 0 0.0277653
62.6244 57920 53576 0.256019 1.70669 1.94872 1.70669 1.94872 10535 0 0.0279348
63.1243 59368 55024 0.252962 1.78442 1.94742 1.78442 1.94742 10612 0 0.0276716
63.3694 57920 56472 0.249074 1.84303 1.94701 1.84303 1.94701 10651 0 0.0274461
63.6122 59368 55024 0.255296 1.86128 1.94669 1.86128 1.94669 10690 0 0.0276442
63.8561 62264 56472 0.246183 1.85211 1.94633 1.85211 1.94633 10729 0 0.0275772
64.1096 57920 59368 0.263264 1.91896 1.94622 1.91896 1.94622 10771 0 0.0269104
64.3716 56472 55024 0.273008 1.72467 1.94532 1.72467 1.94532 10810 0 0.0277912
64.6263 57920 53576 0.259152 1.68254 1.94428 1.68254 1.94428 10847 0 0.0279196
64.881 56472 55024 0.269481 1.77348 1.94361 1.77348 1.94361 10886 0 0.0277119
65.1298 57920 53576 0.254755 1.72318 1.94277 1.72318 1.94277 10923 0 0.0279464
65.3821 56472 55024 0.266915 1.79037 1.94218 1.79037 1.94218 10962 0 0.0276699
65.6272 57920 53576 0.25223 1.74852 1.94146 1.74852 1.94146 10999 0 0.0279793
65.8748 56472 55024 0.264097 1.82514 1.94102 1.82514 1.94102 11038 0 0.0276388
66.1043 57920 53576 0.248589 1.86753 1.94076 1.86753 1.94076 11075 0 0.0280491
66.8421 60816 55024 0.245718 1.80563 1.93927 1.80563 1.93927 11190 0 0.0278856
67.0872 62264 57920 0.249411 1.89029 1.93909 1.89029 1.93909 11230 0 0.0271452
67.1521 63712 59368 0.249918 7.31962 1.94429 7.31962 1.94429 11271 0 0.0268426
67.4044 65160 60816 0.255102 1.974 1.9444 1.974 1.9444 11314 0 0.0264744
67.6591 66608 62264 0.257019 1.95538 1.94445 1.95538 1.94445 11357 0 0.0261704
67.9163 65160 63712 0.26198 2.0272 1.94476 2.0272 1.94476 11402 0 0.025878
68.1722 57920 62264 0.258597 1.9462 1.94476 1.9462 1.94476 11445 0 0.0266398
68.4282 56472 55024 0.261195 1.76516 1.94409 1.76516 1.94409 11484 0 0.0276235
68.6769 57920 53576 0.251662 1.72318 1.94329 1.72318 1.94329 11521 0 0.0279884
68.9232 59368 55024 0.252487 1.83404 1.9429 1.83404 1.9429 11560 0 0.0276785
69.1672 60816 56472 0.250826 1.85211 1.94258 1.85211 1.94258 11599 0 0.0274109
69.4207 62264 57920 0.258781 1.87327 1.94233 1.87327 1.94233 11640 0 0.0270345
69.6778 63712 59368 0.259008 1.84701 1.94198 1.84701 1.94198 11681 0 0.0267419
69.9374 62264 60816 0.265475 1.91917 1.94189 1.91917 1.94189 11724 0 0.0264804
70.1981 60816 59368 0.263366 1.82147 1.94144 1.82147 1.94144 11765 0 0.0267523
70.4445 62264 57920 0.255608 1.9281 1.9414 1.9281 1.9414 11806 0 0.0270523
70.6848 65160 59368 0.243352 1.9763 1.94152 1.9763 1.94152 11847 0 0.0270777
70.9215 68056 62264 0.245655 2.1532 1.94222 2.1532 1.94222 11891 0 0.0264268
71.163 70952 65160 0.247785 2.20628 1.94312 2.20628 1.94312 11937 0 0.0257971
71.4177 57920 68056 0.26035 2.18275 1.94397 2.18275 1.94397 11985 0 0.0266097
71.6821 56472 55024 0.270563 1.70899 1.94311 1.70899 1.94311 12024 0 0.0277336
71.932 57920 53576 0.254045 1.71489 1.94231 1.71489 1.94231 12061 0 0.0279544
72.182 59368 55024 0.258022 1.80759 1.94185 1.80759 1.94185 12100 0 0.027626
72.4343 60816 56472 0.254762 1.79037 1.94132 1.79037 1.94132 12139 0 0.0273542
72.6878 59368 57920 0.262451 1.87327 1.94108 1.87327 1.94108 12180 0 0.0270391
72.9426 60816 56472 0.257254 1.77348 1.9405 1.77348 1.9405 12219 0 0.0273343
73.1973 59368 57920 0.264626 1.86443 1.94023 1.86443 1.94023 12260 0 0.0270544
73.4521 60816 56472 0.257729 1.77348 1.93965 1.77348 1.93965 12299 0 0.0273319
73.7056 59368 57920 0.264783 1.87327 1.93943 1.87327 1.93943 12340 0 0.0270559
73.9555 60816 56472 0.254039 1.80759 1.93898 1.80759 1.93898 12379 0 0.0273623
74.2079 59368 57920 0.263559 1.88219 1.93879 1.88219 1.93879 12420 0 0.0270457
74.4602 60816 56472 0.255337 1.79037 1.93828 1.79037 1.93828 12459 0 0.0273485
74.7113 59368 57920 0.26496 1.89119 1.93813 1.89119 1.93813 12500 0 0.0270576
74.9649 60816 56472 0.255782 1.78189 1.9376 1.78189 1.9376 12539 0 0.0273445
75.2196 59368 57920 0.269227 1.86443 1.93735 1.86443 1.93735 12580 0 0.0271182
75.4527 60816 56472 0.255396 1.93803 1.93735 1.93803 1.93735 12619 0 0.027348
75.7039 59368 57920 0.264863 1.89119 1.9372 1.89119 1.9372 12660 0 0.0270567
75.9538 60816 56472 0.253714 1.80759 1.93677 1.80759 1.93677 12699 0 0.0273663
76.2061 59368 57920 0.267289 1.88219 1.93659 1.88219 1.93659 12740 0 0.0270862
76.4585 60816 56472 0.25566 1.79037 1.93611 1.79037 1.93611 12779 0 0.0273456
76.7048 59368 57920 0.267973 1.9281 1.93608 1.9281 1.93608 12820 0 0.0270966
76.9427 62264 56472 0.247291 1.89888 1.93597 1.89888 1.93597 12859 0 0.0275478
77.1842 63712 59368 0.259291 2.01443 1.93621 2.01443 1.93621 12901 0 0.0267414
77.4414 62264 60816 0.270431 1.93711 1.93622 1.93711 1.93622 12944 0 0.0265592
77.7033 60816 59368 0.262956 1.81312 1.9358 1.81312 1.9358 12985 0 0.0267497
77.9557 57920 57920 0.283366 1.88219 1.93563 1.88219 1.93563 13026 0 0.0276386
78.1984 59368 55024 0.251321 1.81356 1.93525 1.81356 1.93525 13064 0 0.0276974
78.2717 62264 56472 0.24547 6.16359 1.93921 6.16359 1.93921 13103 0 0.0275974
78.5084 66608 59368 0.240109 2.05533 1.93956 2.05533 1.93956 13145 0 0.0272954
78.7571 68056 63712 0.253419 2.09576 1.94005 2.09576 1.94005 13190 0 0.0259174
79.0131 69504 65160 0.257959 2.03672 1.94037 2.03672 1.94037 13235 0 0.0255925
79.2714 68056 66608 0.263596 2.10745 1.94091 2.10745 1.94091 13282 0 0.0253171
79.5237 69504 65160 0.255315 2.06582 1.94131 2.06582 1.94131 13327 0 0.0256103
79.7761 70952 66608 0.257997 2.15763 1.94199 2.15763 1.94199 13374 0 0.0253082
80.0284 72400 68056 0.257051 2.15763 1.94267 2.15763 1.94267 13421 0 0.0250303
80.2868 70952 69504 0.263693 2.19713 1.94349 2.19713 1.94349 13470 0 0.0247542
80.5439 72400 68056 0.259808 2.1173 1.94404 2.1173 1.94404 13517 0 0.0250216
80.7962 73848 69504 0.259055 2.24945 1.945 2.24945 1.945 13566 0 0.0247415
81.0486 75296 70952 0.254895 2.24945 1.94595 2.24945 1.94595 13615 0 0.0244872
81.3033 73848 72400 0.261253 2.31917 1.94712 2.31917 1.94712 13666 0 0.0241849
81.5581 75296 70952 0.257356 2.22822 1.94799 2.22822 1.94799 13715 0 0.0244682
81.8128 73848 72400 0.261826 2.31917 1.94915 2.31917 1.94915 13766 0 0.0241867
82.0675 75296 70952 0.25742 2.22822 1.95002 2.22822 1.95002 13815 0 0.0244678
82.3223 73848 72400 0.262583 2.31917 1.95116 2.31917 1.95116 13866 0 0.02419
82.5722 75296 70952 0.253469 2.27107 1.95213 2.27107 1.95213 13915 0 0.0245038
82.8245 73848 72400 0.260453 2.34126 1.95331 2.34126 1.95331 13966 0 0.0241836
83.0793 75296 70952 0.256853 2.22822 1.95415 2.22822 1.95415 14015 0 0.0244711
83.3328 57920 72400 0.263331 2.33016 1.9553 2.33016 1.9553 14066 0 0.0270331
83.5827 59368 55024 0.253412 1.76124 1.95472 1.76124 1.95472 14104 0 0.0276655
83.8195 63712 56472 0.240114 1.90852 1.95459 1.90852 1.95459 14143 0 0.027881
84.0646 65160 60816 0.25468 2.03206 1.95481 2.03206 1.95481 14186 0 0.0264787
84.3109 66608 62264 0.249331 2.02215 1.95501 2.02215 1.95501 14229 0 0.0262753
84.5657 65160 63712 0.265668 2.04633 1.95529 2.04633 1.95529 14274 0 0.0259062
84.8096 66608 62264 0.250959 2.04207 1.95554 2.04207 1.95554 14317 0 0.0262432
85.0535 68056 63712 0.258595 2.13705 1.95606 2.13705 1.95606 14362 0 0.0258761
85.2806 70952 65160 0.248232 2.29535 1.95696 2.29535 1.95696 14407 0 0.0257864
85.5293 69504 68056 0.262604 2.23547 1.95777 2.23547 1.95777 14455 0 0.0250284
85.7841 57920 66608 0.268048 2.13728 1.9583 2.13728 1.9583 14502 0 0.0266195
86.0364 59368 55024 0.255412 1.74447 1.95768 1.74447 1.95768 14540 0 0.0276431
86.2839 60816 56472 0.24908 1.82514 1.9573 1.82514 1.9573 14579 0 0.027446
86.5339 59368 57920 0.267032 1.90029 1.95713 1.90029 1.95713 14620 0 0.0270825
86.7886 60816 56472 0.256204 1.77348 1.95659 1.77348 1.95659 14659 0 0.0273412
87.0422 57920 57920 0.274134 1.87327 1.95635 1.87327 1.95635 14700 0 0.0272924
87.2969 59368 55024 0.257478 1.72801 1.95568 1.72801 1.95568 14738 0 0.0276284
87.548 60816 56472 0.254759 1.79894 1.95523 1.79894 1.95523 14777 0 0.0273542
87.7968 57920 57920 0.277747 1.90947 1.9551 1.90947 1.9551 14818 0 0.0274076
87.8737 59368 55024 0.252273 5.72403 1.9584 5.72403 1.9584 14856 0 0.0276818
88.1188 60816 56472 0.248041 1.84303 1.95808 1.84303 1.95808 14895 0 0.0274698
88.3699 62264 57920 0.255711 1.89119 1.95789 1.89119 1.95789 14936 0 0.0270514
88.6138 65160 59368 0.247847 1.94709 1.95786 1.94709 1.95786 14977 0 0.0269482
88.865 66608 62264 0.255598 2.02957 1.95806 2.02957 1.95806 15021 0 0.0261808
89.1197 68056 63712 0.259983 2.04633 1.95832 2.04633 1.95832 15066 0 0.0258741
89.3793 66608 65160 0.261643 2.00843 1.95846 2.00843 1.95846 15111 0 0.0255911
89.6388 65160 63712 0.265408 2.00843 1.95861 2.00843 1.95861 15156 0 0.0259034
89.8936 66608 62264 0.257748 1.95538 1.9586 1.95538 1.9586 15199 0 0.0261665
90.1459 68056 63712 0.258841 2.06582 1.9589 2.06582 1.9589 15244 0 0.0258755
90.4018 57920 65160 0.258076 2.03672 1.95912 2.03672 1.95912 15289 0 0.0265449
90.9113 59368 55024 0.253492 1.75075 1.95795 1.75075 1.95795 15366 0 0.0276644
91.1576 60816 56472 0.249475 1.83404 1.95761 1.83404 1.95761 15405 0 0.0274375
91.4124 59368 57920 0.261401 1.86443 1.95735 1.86443 1.95735 15446 0 0.027035
91.6671 60816 56472 0.257544 1.77348 1.95684 1.77348 1.95684 15485 0 0.0273328
91.9207 59368 57920 0.262714 1.87327 1.95661 1.87327 1.95661 15526 0 0.0270404
92.1598 57920 56472 0.24522 1.88934 1.95644 1.88934 1.95644 15565 0 0.0275452
92.4049 59368 55024 0.253304 1.84303 1.95614 1.84303 1.95614 15604 0 0.0276669
92.6548 60816 56472 0.251088 1.80759 1.95574 1.80759 1.95574 15643 0 0.0274062
92.9048 59368 57920 0.26102 1.90029 1.95559 1.90029 1.95559 15684 0 0.0270341
93.1583 60816 56472 0.25513 1.78189 1.95512 1.78189 1.95512 15723 0 0.0273505
93.413 59368 57920 0.265757 1.86443 1.95487 1.86443 1.95487 15764 0 0.0270662
93.6702 60816 56472 0.259364 1.75691 1.95432 1.75691 1.95432 15803 0 0.0273272
93.9273 59368 57920 0.270888 1.84701 1.95403 1.84701 1.95403 15844 0 0.0271516
94.1845 57920 56472 0.26045 1.75691 1.95349 1.75691 1.95349 15883 0 0.027327
94.4416 56472 55024 0.272542 1.75691 1.95296 1.75691 1.95296 15922 0 0.0277793
94.6867 57920 53576 0.257114 1.74852 1.95243 1.74852 1.95243 15959 0 0.0279272
94.9319 56472 55024 0.261863 1.84303 1.95215 1.84303 1.95215 15998 0 0.0276255
95.1638 57920 53576 0.249781 1.84817 1.95189 1.84817 1.95189 16035 0 0.0280234
95.4041 59368 55024 0.259993 1.87989 1.95171 1.87989 1.95171 16074 0 0.027622
95.6492 62264 56472 0.247295 1.84303 1.95143 1.84303 1.95143 16113 0 0.0275477
95.8991 60816 59368 0.266669 1.94664 1.95142 1.94664 1.95142 16155 0 0.0267854
96.1527 57920 57920 0.271941 1.87327 1.95121 1.87327 1.95121 16196 0 0.0272352
96.4074 59368 55024 0.25736 1.72801 1.95062 1.72801 1.95062 16234 0 0.027629
96.6586 60816 56472 0.254946 1.79894 1.95023 1.79894 1.95023 16273 0 0.0273523
96.9121 57920 57920 0.275819 1.87327 1.95003 1.87327 1.95003 16314 0 0.0273428
97.162 59368 55024 0.256804 1.76124 1.94954 1.76124 1.94954 16352 0 0.0276323
97.2353 57920 56472 0.250538 6.16359 1.95272 6.16359 1.95272 16391 0 0.0274163
97.4865 59368 55024 0.254389 1.79894 1.95232 1.79894 1.95232 16430 0 0.0276535
97.7412 60816 56472 0.256566 1.77348 1.95186 1.77348 1.95186 16469 0 0.0273385
98.0007 59368 57920 0.264803 1.82991 1.95153 1.82991 1.95153 16510 0 0.0270561
98.2531 60816 56472 0.257901 1.79037 1.95112 1.79037 1.95112 16549 0 0.0273312
98.5054 62264 57920 0.258298 1.88219 1.95094 1.88219 1.95094 16590 0 0.0270359
98.7493 65160 59368 0.247741 1.94709 1.95093 1.94709 1.95093 16631 0 0.0269508
99.0017 66608 62264 0.257578 2.01991 1.95111 2.01991 1.95111 16675 0 0.0261673
99.2564 65160 63712 0.260699 2.04633 1.95135 2.04633 1.95135 16720 0 0.0258746
99.5136 63712 62264 0.261617 1.93711 1.95132 1.93711 1.95132 16763 0 0.0261641
99.7707 62264 60816 0.26372 1.93711 1.95128 1.93711 1.95128 16806 0 0.0264642
100.024 57920 59368 0.256485 1.87327 1.95108 1.87327 1.95108 16847 0 0.0269121
100.279 59368 55024 0.25959 1.77348 1.95063 1.77348 1.95063 16886 0 0.0276222
100.527 60816 56472 0.252745 1.82514 1.95032 1.82514 1.95032 16925 0 0.0273794
100.779 62264 57920 0.259576 1.88219 1.95015 1.88219 1.95015 16966 0 0.0270332
101.03 63712 59368 0.253974 1.89119 1.95001 1.89119 1.95001 17007 0 0.0267773
101.286 62264 60816 0.263491 1.9462 1.95 1.9462 1.95 17050 0 0.0264626
101.543 57920 59368 0.259675 1.84701 1.94974 1.84701 1.94974 17091 0 0.0268998
101.8 56472 55024 0.266196 1.75691 1.94925 1.75691 1.94925 17130 0 0.0276604
102.05 57920 53576 0.253856 1.71489 1.94867 1.71489 1.94867 17167 0 0.0279567
102.305 56472 55024 0.263725 1.77348 1.94824 1.77348 1.94824 17206 0 0.0276359
102.562 57920 53576 0.259374 1.66681 1.94753 1.66681 1.94753 17243 0 0.0279193
103.078 56472 55024 0.260568 1.73034 1.94645 1.73034 1.94645 17320 0 0.0276224
103.331 57920 53576 0.257269 1.69051 1.94582 1.69051 1.94582 17357 0 0.0279264
103.583 56472 55024 0.266154 1.79037 1.94544 1.79037 1.94544 17396 0 0.0276599
103.833 57920 53576 0.25548 1.71489 1.94489 1.71489 1.94489 17433 0 0.0279394
104.086 56472 55024 0.265598 1.79037 1.94451 1.79037 1.94451 17472 0 0.0276534
104.298 59368 53576 0.246344 2.01524 1.94465 2.01524 1.94465 17509 0 0.028165
104.534 60816 56472 0.249164 1.96744 1.94471 1.96744 1.94471 17549 0 0.0274442
104.772 62264 57920 0.251325 1.99626 1.94482 1.99626 1.94482 17590 0 0.0271083
105.02 57920 59368 0.248248 1.90947 1.94474 1.90947 1.94474 17631 0 0.0270379
105.28 56472 55024 0.272102 1.74064 1.94424 1.74064 1.94424 17670 0 0.0277685
105.538 55024 53576 0.260992 1.65906 1.94354 1.65906 1.94354 17707 0 0.0279199
105.797 52128 52128 0.275832 1.65906 1.94284 1.65906 1.94284 17744 0 0.0285276
106.039 53576 49232 0.250972 1.62265 1.94211 1.62265 1.94211 17778 0 0.0289006
106.28 56472 50680 0.242713 1.68708 1.94153 1.68708 1.94153 17813 0 0.0288758
106.53 55024 53576 0.266908 1.76124 1.94111 1.76124 1.94111 17851 0 0.0279666
106.787 52128 52128 0.277682 1.66681 1.94045 1.66681 1.94045 17888 0 0.0285896
107.027 53576 49232 0.256306 1.63888 1.93977 1.63888 1.93977 17922 0 0.0288327
107.1 56472 50680 0.243096 5.53142 1.94223 5.53142 1.94223 17957 0 0.0288627
107.346 57920 53576 0.248506 1.79578 1.9419 1.79578 1.9419 17995 0 0.028051
107.599 59368 55024 0.25891 1.78189 1.94152 1.78189 1.94152 18034 0 0.0276232
107.854 60816 56472 0.25717 1.77348 1.94112 1.77348 1.94112 18073 0 0.0273348
108.11 59368 57920 0.262451 1.85568 1.94092 1.85568 1.94092 18114 0 0.0270391
108.355 60816 56472 0.253332 1.84303 1.9407 1.84303 1.9407 18153 0 0.0273712
108.605 62264 57920 0.256359 1.90029 1.94061 1.90029 1.94061 18194 0 0.0270463
108.855 63712 59368 0.25243 1.90029 1.94051 1.90029 1.94051 18235 0 0.0267982
109.111 62264 60816 0.262356 1.9462 1.94053 1.9462 1.94053 18278 0 0.026456
109.368 63712 59368 0.259606 1.84701 1.94031 1.84701 1.94031 18319 0 0.0267411
109.625 57920 60816 0.264986 1.93711 1.9403 1.93711 1.9403 18362 0 0.026773
109.881 59368 55024 0.258782 1.7199 1.93979 1.7199 1.93979 18400 0 0.0276235
110.128 60816 56472 0.255013 1.82514 1.93953 1.82514 1.93953 18439 0 0.0273516
110.386 59368 57920 0.265187 1.84701 1.93931 1.84701 1.93931 18480 0 0.02706
110.643 60816 56472 0.25983 1.75691 1.93889 1.75691 1.93889 18519 0 0.0273268
110.899 59368 57920 0.266045 1.85568 1.9387 1.85568 1.9387 18560 0 0.0270696
111.153 60816 56472 0.258025 1.77348 1.93832 1.77348 1.93832 18599 0 0.0273307
111.399 62264 57920 0.258378 1.93755 1.93832 1.93755 1.93832 18640 0 0.0270357
111.64 65160 59368 0.245812 1.96647 1.93838 1.96647 1.93838 18681 0 0.0270018
111.888 66608 62264 0.257771 2.05913 1.93864 2.05913 1.93864 18725 0 0.0261664
112.145 65160 63712 0.266737 2.0272 1.93885 2.0272 1.93885 18770 0 0.0259195
112.401 66608 62264 0.259124 1.9462 1.93886 1.9462 1.93886 18813 0 0.0261622
112.648 65160 63712 0.263625 2.10593 1.93923 2.10593 1.93923 18858 0 0.0258873
112.895 66608 62264 0.249967 2.02215 1.93941 2.02215 1.93941 18901 0 0.0262621
113.141 65160 63712 0.260449 2.1162 1.9398 2.1162 1.9398 18946 0 0.0258743
113.385 68056 62264 0.247885 2.04207 1.94002 2.04207 1.94002 18989 0 0.0263678
113.629 69504 65160 0.259689 2.18454 1.94054 2.18454 1.94054 19035 0 0.0255884
113.877 68056 66608 0.264056 2.1889 1.94109 2.1889 1.94109 19082 0 0.0253206
114.1 69504 65160 0.249301 2.34498 1.94187 2.34498 1.94187 19127 0 0.0257028
114.345 70952 66608 0.258912 2.22109 1.94247 2.22109 1.94247 19174 0 0.0253054
114.606 57920 68056 0.262754 2.08803 1.9428 2.08803 1.9428 19221 0 0.0266172
114.906 55024 55024 0.285507 1.50391 1.94165 1.50391 1.94165 19260 0 0.0283322
115.115 56472 52128 0.252539 1.99458 1.94175 1.99458 1.94175 19296 0 0.0282731
115.358 59368 53576 0.245208 1.76583 1.94138 1.76583 1.94138 19333 0 0.0281973
115.592 57920 56472 0.262764 1.97753 1.94145 1.97753 1.94145 19373 0 0.0273344
115.835 59368 55024 0.259648 1.86128 1.94129 1.86128 1.94129 19412 0 0.0276222
116.082 62264 56472 0.246808 1.82514 1.94104 1.82514 1.94104 19451 0 0.0275603
116.326 59368 59368 0.272407 1.99458 1.94115 1.99458 1.94115 19493 0 0.0269544
116.573 57920 56472 0.271418 1.88107 1.94102 1.88107 1.94102 19533 0 0.0274571
116.819 56472 55024 0.267602 1.83404 1.9408 1.83404 1.9408 19572 0 0.0276798
116.919 57920 53576 0.250028 4.29756 1.94281 4.29756 1.94281 19609 0 0.0280184
117.171 59368 55024 0.255664 1.79037 1.94248 1.79037 1.94248 19648 0 0.0276408
117.421 60816 56472 0.252738 1.80759 1.94219 1.80759 1.94219 19687 0 0.0273795
117.677 59368 57920 0.261279 1.85568 1.942 1.85568 1.942 19728 0 0.0270347
117.934 60816 56472 0.259721 1.75691 1.9416 1.75691 1.9416 19767 0 0.0273268
118.191 59368 57920 0.263492 1.84701 1.9414 1.84701 1.9414 19808 0 0.0270452
118.447 60816 56472 0.258791 1.76516 1.94101 1.76516 1.94101 19847 0 0.0273282
118.701 59368 57920 0.260975 1.87327 1.94087 1.87327 1.94087 19888 0 0.027034
118.951 60816 56472 0.257252 1.80759 1.94059 1.80759 1.94059 19927 0 0.0273343
119.209 59368 57920 0.264667 1.83842 1.94037 1.83842 1.94037 19968 0 0.0270548
119.46 60816 56472 0.25501 1.79894 1.94007 1.79894 1.94007 20007 0 0.0273517
119.715 57920 57920 0.261781 1.86443 1.93991 1.86443 1.93991 20048 0 0.0270958
119.958 59368 55024 0.247581 1.81356 1.93965 1.81356 1.93965 20086 0 0.0277763
120.2 62264 56472 0.245237 1.86128 1.9395 1.86128 1.9395 20125 0 0.0276043
120.454 60816 59368 0.260252 1.91896 1.93945 1.91896 1.93945 20167 0 0.026741
120.716 59368 57920 0.26965 1.81312 1.93918 1.81312 1.93918 20208 0 0.0271262
120.973 57920 56472 0.262529 1.75691 1.93879 1.75691 1.93879 20247 0 0.0273332
121.228 56472 55024 0.266038 1.77348 1.93844 1.77348 1.93844 20286 0 0.0276585
121.47 57920 53576 0.248823 1.76583 1.9381 1.76583 1.9381 20323 0 0.0280439
121.718 59368 55024 0.256726 1.82514 1.93787 1.82514 1.93787 20362 0 0.0276328
121.968 60816 56472 0.252081 1.80759 1.9376 1.80759 1.9376 20401 0 0.0273895
122.223 59368 57920 0.265535 1.86443 1.93745 1.86443 1.93745 20442 0 0.0270637
122.482 57920 56472 0.26053 1.74064 1.93703 1.74064 1.93703 20481 0 0.027327
122.74 56472 55024 0.272267 1.74874 1.93664 1.74874 1.93664 20520 0 0.0277725
122.989 57920 53576 0.257006 1.72318 1.9362 1.72318 1.9362 20557 0 0.0279279
123.231 59368 55024 0.258957 1.87054 1.93608 1.87054 1.93608 20596 0 0.0276231
123.477 60816 56472 0.247493 1.83404 1.93587 1.83404 1.93587 20635 0 0.0274832
123.729 59368 57920 0.266597 1.88219 1.93576 1.88219 1.93576 20676 0 0.0270766
123.977 60816 56472 0.252542 1.82514 1.93554 1.82514 1.93554 20715 0 0.0273824
124.226 59368 57920 0.266667 1.90947 1.93549 1.90947 1.93549 20756 0 0.0270775
124.479 60816 56472 0.253603 1.78189 1.93518 1.78189 1.93518 20795 0 0.0273677
124.736 57920 57920 0.276164 1.84701 1.935 1.84701 1.935 20836 0 0.0273539
124.944 56472 55024 0.260738 2.11756 1.9353 2.11756 1.9353 20874 0 0.0276226
125.199 57920 53576 0.257313 1.68254 1.93478 1.68254 1.93478 20911 0 0.0279261
125.454 55024 55024 0.274837 1.77348 1.93446 1.77348 1.93446 20950 0 0.0279017
125.708 56472 52128 0.258518 1.63706 1.93385 1.63706 1.93385 20986 0 0.0282196
125.808 57920 53576 0.255006 4.29756 1.93573 4.29756 1.93573 21023 0 0.0279439
126.063 59368 55024 0.258227 1.77348 1.9354 1.77348 1.9354 21062 0 0.0276252
126.322 57920 56472 0.261645 1.74064 1.935 1.74064 1.935 21101 0 0.0273295
126.577 56472 55024 0.260748 1.77348 1.93468 1.77348 1.93468 21140 0 0.0276226
126.833 57920 53576 0.258659 1.67464 1.93415 1.67464 1.93415 21177 0 0.0279207
127.078 59368 55024 0.25249 1.84303 1.93397 1.84303 1.93397 21216 0 0.0276785
127.327 60816 56472 0.25099 1.81632 1.93374 1.81632 1.93374 21255 0 0.0274079
127.579 62264 57920 0.258609 1.88219 1.93364 1.88219 1.93364 21296 0 0.027035
127.832 63712 59368 0.255175 1.88219 1.93354 1.88219 1.93354 21337 0 0.0267642
128.086 62264 60816 0.261772 1.95538 1.93358 1.95538 1.93358 21380 0 0.0264535
128.338 63712 59368 0.258512 1.89119 1.9335 1.89119 1.9335 21421 0 0.0267431
128.592 62264 60816 0.262254 1.95538 1.93355 1.95538 1.93355 21464 0 0.0264555
128.848 63712 59368 0.258421 1.85568 1.93339 1.85568 1.93339 21505 0 0.0267434
129.103 62264 60816 0.263026 1.95538 1.93343 1.95538 1.93343 21548 0 0.0264596
129.353 63712 59368 0.253555 1.90029 1.93337 1.90029 1.93337 21589 0 0.0267825
129.606 62264 60816 0.261622 1.96465 1.93343 1.96465 1.93343 21632 0 0.026453
129.858 63712 59368 0.254522 1.89119 1.93335 1.89119 1.93335 21673 0 0.0267709
130.103 65160 60816 0.256119 2.03206 1.93354 2.03206 1.93354 21716 0 0.0264655
130.343 57920 62264 0.246498 2.0727 1.93379 2.0727 1.93379 21759 0 0.0268202
130.594 59368 55024 0.257853 1.79894 1.93353 1.79894 1.93353 21798 0 0.0276267
130.834 62264 56472 0.24613 1.87989 1.93343 1.87989 1.93343 21837 0 0.0275787
131.087 60816 59368 0.260929 1.9281 1.93342 1.9281 1.93342 21879 0 0.0267418
131.344 59368 57920 0.268412 1.84701 1.93325 1.84701 1.93325 21920 0 0.0271038
131.597 60816 56472 0.256896 1.78189 1.93296 1.78189 1.93296 21959 0 0.0273364
131.85 59368 57920 0.265542 1.88219 1.93287 1.88219 1.93287 22000 0 0.0270638
132.107 60816 56472 0.25839 1.75691 1.93252 1.75691 1.93252 22039 0 0.0273293
132.367 57920 57920 0.272821 1.82991 1.93232 1.82991 1.93232 22080 0 0.027257
132.624 56472 55024 0.261313 1.71186 1.93189 1.71186 1.93189 22118 0 0.0276238
132.875 57920 53576 0.255691 1.70669 1.93147 1.70669 1.93147 22155 0 0.0279375
133.128 56472 55024 0.27045 1.78189 1.93118 1.78189 1.93118 22194 0 0.0277312
133.385 57920 53576 0.258631 1.66681 1.93067 1.66681 1.93067 22231 0 0.0279208
133.643 55024 55024 0.278123 1.75691 1.93034 1.75691 1.93034 22270 0 0.02801
133.888 56472 52128 0.259461 1.70126 1.92992 1.70126 1.92992 22306 0 0.0282177
134.086 59368 53576 0.245713 2.1618 1.93026 2.1618 1.93026 22343 0 0.0281826
134.334 57920 56472 0.26288 1.87194 1.93016 1.87194 1.93016 22383 0 0.027335
134.589 56472 55024 0.272686 1.76516 1.92984 1.76516 1.92984 22422 0 0.027783
134.839 57920 53576 0.257619 1.71489 1.92944 1.71489 1.92944 22459 0 0.0279246
135.089 56472 55024 0.271923 1.80759 1.92922 1.80759 1.92922 22498 0 0.0277642
135.187 57920 53576 0.254977 4.40368 1.931 4.40368 1.931 22535 0 0.0279442
135.439 59368 55024 0.25558 1.79037 1.93074 1.79037 1.93074 22574 0 0.0276416
135.688 60816 56472 0.251559 1.81632 1.93053 1.81632 1.93053 22613 0 0.027398
135.942 62264 57920 0.259814 1.86443 1.9304 1.86443 1.9304 22654 0 0.0270331
136.196 63712 59368 0.256308 1.87327 1.9303 1.87327 1.9303 22695 0 0.0267546
136.452 62264 60816 0.261765 1.9462 1.93033 1.9462 1.93033 22738 0 0.0264535
136.705 63712 59368 0.256386 1.87327 1.93022 1.87327 1.93022 22779 0 0.026754
136.96 57920 60816 0.260955 1.95538 1.93027 1.95538 1.93027 22822 0 0.0267491
137.214 59368 55024 0.256393 1.7362 1.92991 1.7362 1.92991 22860 0 0.0276351
137.458 60816 56472 0.247626 1.85211 1.92977 1.85211 1.92977 22899 0 0.0274799
137.708 62264 57920 0.256693 1.90029 1.92972 1.90029 1.92972 22940 0 0.027044
137.96 63712 59368 0.254444 1.88219 1.92963 1.88219 1.92963 22981 0 0.0267718
138.215 62264 60816 0.263156 1.95538 1.92968 1.95538 1.92968 23024 0 0.0264604
138.465 63712 59368 0.257398 1.90029 1.92963 1.90029 1.92963 23065 0 0.0267477
138.718 62264 60816 0.262586 1.96465 1.92969 1.96465 1.92969 23108 0 0.0264571
138.975 57920 59368 0.25913 1.84701 1.92954 1.84701 1.92954 23149 0 0.0269005
139.231 56472 55024 0.265893 1.76516 1.92923 1.76516 1.92923 23188 0 0.0276568
139.484 57920 53576 0.25545 1.69856 1.92882 1.69856 1.92882 23225 0 0.0279396
139.734 56472 55024 0.261602 1.80759 1.9286 1.80759 1.9286 23264 0 0.0276246
139.983 57920 53576 0.253123 1.71489 1.92822 1.71489 1.92822 23301 0 0.0279662
140.213 59368 55024 0.247648 1.96847 1.92829 1.96847 1.92829 23340 0 0.0277746
140.456 62264 56472 0.24208 1.86128 1.92817 1.86128 1.92817 23379 0 0.0277074
140.709 57920 59368 0.2635 1.91896 1.92815 1.91896 1.92815 23421 0 0.026912
141.216 59368 55024 0.253859 1.75904 1.92755 1.75904 1.92755 23498 0 0.0276598
141.469 60816 56472 0.253791 1.79037 1.9273 1.79037 1.9273 23537 0 0.0273653
141.717 59368 57920 0.268782 1.90947 1.92727 1.90947 1.92727 23578 0 0.0271102
141.967 60816 56472 0.252723 1.80759 1.92706 1.80759 1.92706 23617 0 0.0273797
142.22 59368 57920 0.269095 1.88219 1.92698 1.88219 1.92698 23658 0 0.0271158
142.478 60816 56472 0.258106 1.74874 1.92666 1.74874 1.92666 23697 0 0.0273303
142.736 57920 57920 0.279015 1.83842 1.9265 1.83842 1.9265 23738 0 0.0274542
142.99 56472 55024 0.260602 1.7362 1.92616 1.7362 1.92616 23776 0 0.0276224
143.188 57920 53576 0.253054 2.1618 1.92649 2.1618 1.92649 23813 0 0.0279672
143.439 56472 55024 0.267252 1.79894 1.92626 1.79894 1.92626 23852 0 0.0276746
143.694 57920 53576 0.254896 1.68254 1.92583 1.68254 1.92583 23889 0 0.027945
144.056 56472 55024 0.262201 2.46617 1.92719 2.46617 1.92719 23966 0 0.0276269
144.298 59368 53576 0.246373 1.76583 1.92692 1.76583 1.92692 24003 0 0.0281642
144.541 60816 56472 0.24813 1.90901 1.92689 1.90901 1.92689 24043 0 0.0274677
144.79 62264 57920 0.253512 1.90947 1.92686 1.90947 1.92686 24084 0 0.0270751
145.046 63712 59368 0.25767 1.85568 1.92673 1.85568 1.92673 24125 0 0.0267464
145.304 62264 60816 0.263917 1.9281 1.92673 1.9281 1.92673 24168 0 0.0264658
145.561 63712 59368 0.259968 1.84701 1.92659 1.84701 1.92659 24209 0 0.0267409
145.809 65160 60816 0.254803 2.01233 1.92674 2.01233 1.92674 24252 0 0.0264774
146.056 66608 62264 0.250313 2.01233 1.92688 2.01233 1.92688 24295 0 0.0262553
146.305 68056 63712 0.25535 2.09576 1.92717 2.09576 1.92717 24340 0 0.0258957
146.554 69504 65160 0.251265 2.09576 1.92745 2.09576 1.92745 24385 0 0.0256646
146.806 70952 66608 0.259008 2.15763 1.92785 2.15763 1.92785 24432 0 0.0253052
147.058 72400 68056 0.255049 2.15763 1.92824 2.15763 1.92824 24479 0 0.0250461
147.312 70952 69504 0.261491 2.23878 1.92878 2.23878 1.92878 24528 0 0.0247428
147.566 72400 68056 0.256223 2.14741 1.92915 2.14741 1.92915 24575 0 0.0250359
147.817 73848 69504 0.259777 2.26021 1.92972 2.26021 1.92972 24624 0 0.0247406
148.069 57920 70952 0.254642 2.24945 1.93026 2.24945 1.93026 24673 0 0.0268719
148.324 56472 55024 0.264089 1.77348 1.92999 1.77348 1.92999 24712 0 0.0276388
148.556 59368 53576 0.241874 1.84817 1.92987 1.84817 1.92987 24749 0 0.028307
148.792 62264 56472 0.246005 1.95746 1.92991 1.95746 1.92991 24789 0 0.0275822
149.044 63712 59368 0.257812 1.93732 1.92992 1.93732 1.92992 24831 0 0.0267457
149.304 57920 60816 0.269507 1.91033 1.92989 1.91033 1.92989 24874 0 0.0268386
149.565 56472 55024 0.263946 1.68819 1.92947 1.68819 1.92947 24912 0 0.0276376
149.813 57920 53576 0.251763 1.73154 1.92914 1.73154 1.92914 24949 0 0.0279868
150.062 56472 55024 0.260417 1.80759 1.92894 1.80759 1.92894 24988 0 0.0276222
150.315 57920 53576 0.256176 1.69856 1.92855 1.69856 1.92855 25025 0 0.0279335
150.548 59368 55024 0.256212 1.93803 1.92856 1.93803 1.92856 25064 0 0.0276364
150.788 57920 56472 0.240716 1.87989 1.92849 1.87989 1.92849 25103 0 0.0276986
151.036 59368 55024 0.259199 1.82514 1.92832 1.82514 1.92832 25142 0 0.0276227
151.292 60816 56472 0.253912 1.76516 1.92804 1.76516 1.92804 25181 0 0.0273638
151.552 57920 57920 0.276481 1.82147 1.92786 1.82147 1.92786 25222 0 0.0273642
151.808 56472 55024 0.263199 1.7199 1.92751 1.7199 1.92751 25260 0 0.0276323
152.054 57920 53576 0.253548 1.74852 1.92722 1.74852 1.92722 25297 0 0.0279606
152.303 56472 55024 0.268119 1.80759 1.92702 1.80759 1.92702 25336 0 0.027688
152.511 57920 53576 0.253663 2.06184 1.92721 2.06184 1.92721 25373 0 0.0279591
152.766 56472 55024 0.270229 1.77348 1.92695 1.77348 1.92695 25412 0 0.0277267
153.022 57920 53576 0.259196 1.67464 1.92653 1.67464 1.92653 25449 0 0.0279196
153.518 59368 55024 0.252023 1.79738 1.92611 1.79738 1.92611 25526 0 0.0276857
153.611 60816 56472 0.251042 4.88284 1.92789 4.88284 1.92789 25565 0 0.027407
153.868 62264 57920 0.259772 1.84701 1.92776 1.84701 1.92776 25606 0 0.0270331
154.125 63712 59368 0.259608 1.84701 1.92762 1.84701 1.92762 25647 0 0.0267411
154.385 62264 60816 0.26457 1.91917 1.92761 1.91917 1.92761 25690 0 0.0264713
154.636 57920 59368 0.254522 1.89119 1.92755 1.89119 1.92755 25731 0 0.0269297
154.886 59368 55024 0.255726 1.80759 1.92735 1.80759 1.92735 25770 0 0.0276403
155.131 60816 56472 0.248181 1.84303 1.92722 1.84303 1.92722 25809 0 0.0274664
155.386 62264 57920 0.259657 1.86443 1.92712 1.86443 1.92712 25850 0 0.0270332
155.643 57920 59368 0.259334 1.84701 1.92699 1.84701 1.92699 25891 0 0.0269002
155.902 56472 55024 0.265788 1.74064 1.92668 1.74064 1.92668 25930 0 0.0276555
156.151 57920 53576 0.252546 1.72318 1.92635 1.72318 1.92635 25967 0 0.0279745
156.648 59368 55024 0.25096 1.79304 1.92593 1.79304 1.92593 26044 0 0.0277038
156.885 63712 56472 0.241047 1.90852 1.9259 1.90852 1.9259 26083 0 0.0278448
157.123 66608 60816 0.246359 2.09364 1.92616 2.09364 1.92616 26126 0 0.026696
157.368 69504 63712 0.246769 2.07932 1.92639 2.07932 1.92639 26170 0 0.0261087
157.619 70952 66608 0.252541 2.12183 1.92671 2.12183 1.92671 26216 0 0.0253598
157.868 57920 68056 0.252304 2.1889 1.92712 2.1889 1.92712 26263 0 0.0266689
158.113 59368 55024 0.257552 1.84303 1.92699 1.84303 1.92699 26302 0 0.027628
158.348 63712 56472 0.239343 1.9281 1.92699 1.9281 1.92699 26341 0 0.0279123
158.589 65160 60816 0.251641 2.06239 1.9272 2.06239 1.9272 26384 0 0.0265203
158.839 66608 62264 0.24937 1.99298 1.9273 1.99298 1.9273 26427 0 0.0262745
159.089 65160 63712 0.263936 2.08568 1.92755 2.08568 1.92755 26472 0 0.0258896
159.341 66608 62264 0.254403 1.974 1.92762 1.974 1.92762 26515 0 0.0261928
159.606 63712 63712 0.274117 1.97192 1.9277 1.97192 1.9277 26560 0 0.026133
159.865 62264 60816 0.265271 1.87454 1.92761 1.87454 1.92761 26602 0 0.0264782
160.115 63712 59368 0.256345 1.90029 1.92757 1.90029 1.92757 26643 0 0.0267543
160.367 62264 60816 0.271017 1.974 1.92764 1.974 1.92764 26686 0 0.0265718
160.568 63712 59368 0.255776 2.36682 1.92819 2.36682 1.92819 26727 0 0.0267588
160.83 60816 60816 0.272495 1.90156 1.92815 1.90156 1.92815 26770 0 0.0266661
161.09 59368 57920 0.264065 1.78527 1.92792 1.78527 1.92792 26810 0 0.0270496
161.347 60816 56472 0.259905 1.75691 1.92764 1.75691 1.92764 26849 0 0.0273268
161.594 57920 57920 0.273032 1.91874 1.92763 1.91874 1.92763 26890 0 0.0272624
161.848 59368 55024 0.252179 1.7362 1.92733 1.7362 1.92733 26928 0 0.0276832
161.947 60816 56472 0.253522 4.52986 1.92893 4.52986 1.92893 26967 0 0.0273687
162.205 62264 57920 0.259844 1.84701 1.9288 1.84701 1.9288 27008 0 0.0270331
162.464 60816 59368 0.261704 1.82991 1.92864 1.82991 1.92864 27049 0 0.0267438
162.726 59368 57920 0.267015 1.81312 1.92846 1.81312 1.92846 27090 0 0.0270823
162.966 62264 56472 0.245697 1.87989 1.92839 1.87989 1.92839 27129 0 0.0275909
163.203 57920 59368 0.242347 2.05533 1.92857 2.05533 1.92857 27171 0 0.0272114
163.448 59368 55024 0.249783 1.84303 1.92844 1.84303 1.92844 27210 0 0.0277264
163.695 60816 56472 0.248729 1.83404 1.9283 1.83404 1.9283 27249 0 0.0274538
163.951 59368 57920 0.26056 1.85568 1.92819 1.85568 1.92819 27290 0 0.0270334
164.198 57920 56472 0.25112 1.82514 1.92803 1.82514 1.92803 27329 0 0.0274056
164.448 59368 55024 0.255862 1.80759 1.92785 1.80759 1.92785 27368 0 0.0276392
164.696 60816 56472 0.25039 1.82514 1.92769 1.82514 1.92769 27407 0 0.0274191
164.947 62264 57920 0.257842 1.89119 1.92764 1.89119 1.92764 27448 0 0.0270377
165.199 63712 59368 0.254814 1.88219 1.92757 1.88219 1.92757 27489 0 0.0267678
165.454 62264 60816 0.262012 1.95538 1.92761 1.95538 1.92761 27532 0 0.0264545
165.707 63712 59368 0.256682 1.87327 1.92753 1.87327 1.92753 27573 0 0.0267519
165.961 62264 60816 0.261728 1.96465 1.92759 1.96465 1.92759 27616 0 0.0264534
166.214 63712 59368 0.255909 1.87327 1.9275 1.87327 1.9275 27657 0 0.0267577
166.468 62264 60816 0.262326 1.96465 1.92756 1.96465 1.92756 27700 0 0.0264558
166.718 63712 59368 0.254204 1.90029 1.92752 1.90029 1.92752 27741 0 0.0267745
166.968 65160 60816 0.259742 1.99298 1.92762 1.99298 1.92762 27784 0 0.0264505
167.22 66608 62264 0.254615 1.974 1.92769 1.974 1.92769 27827 0 0.0261905
167.477 65160 63712 0.267238 2.0272 1.92784 2.0272 1.92784 27872 0 0.0259265
167.73 66608 62264 0.258257 1.974 1.92791 1.974 1.92791 27915 0 0.0261645
167.978 65160 63712 0.262344 2.09576 1.92816 2.09576 1.92816 27960 0 0.0258796
168.226 66608 62264 0.250896 2.01233 1.92828 2.01233 1.92828 28003 0 0.0262444
168.481 65160 63712 0.264794 2.04633 1.92846 2.04633 1.92846 28048 0 0.0258971
168.737 66608 62264 0.257914 1.9462 1.92849 1.9462 1.92849 28091 0 0.0261658
168.984 65160 63712 0.265474 2.10593 1.92875 2.10593 1.92875 28136 0 0.0259041
169.236 66608 62264 0.252951 1.974 1.92881 1.974 1.92881 28179 0 0.0262112
169.486 65160 63712 0.267396 2.08568 1.92905 2.08568 1.92905 28224 0 0.0259288
169.745 66608 62264 0.256633 1.9281 1.92904 1.9281 1.92904 28267 0 0.0261728
170.004 63712 63712 0.277538 2.00843 1.92917 2.00843 1.92917 28312 0 0.0262412
170.264 62264 60816 0.262823 1.87454 1.92908 1.87454 1.92908 28354 0 0.0264584
170.466 63712 59368 0.256201 2.35274 1.92958 2.35274 1.92958 28395 0 0.0267554
170.708 62264 60816 0.260727 2.05218 1.92976 2.05218 1.92976 28438 0 0.0264509
170.955 57920 59368 0.24785 1.9281 1.92976 1.9281 1.92976 28479 0 0.0270474
171.209 56472 55024 0.269271 1.77348 1.92952 1.77348 1.92952 28518 0 0.027708
171.463 57920 53576 0.255911 1.69051 1.92917 1.69051 1.92917 28555 0 0.0279356
171.72 55024 55024 0.277662 1.75691 1.92891 1.75691 1.92891 28594 0 0.0279935
171.817 53576 52128 0.261063 4.28466 1.93025 4.28466 1.93025 28630 0 0.0282185
172.06 55024 50680 0.246471 1.67038 1.92988 1.67038 1.92988 28665 0 0.0287005
172.305 56472 52128 0.250226 1.74852 1.92962 1.74852 1.92962 28702 0 0.0283129
172.554 57920 53576 0.251038 1.72318 1.92932 1.72318 1.92932 28739 0 0.0279992
172.805 59368 55024 0.256468 1.79894 1.92913 1.79894 1.92913 28778 0 0.0276345
173.045 62264 56472 0.244506 1.87989 1.92907 1.87989 1.92907 28817 0 0.0276264
173.289 63712 59368 0.249402 1.99458 1.92916 1.99458 1.92916 28859 0 0.0268533
173.537 65160 60816 0.253301 2.01233 1.92928 2.01233 1.92928 28902 0 0.0264953
173.789 66608 62264 0.254274 1.974 1.92934 1.974 1.92934 28945 0 0.0261943
174.049 65160 63712 0.265148 2.00843 1.92946 2.00843 1.92946 28990 0 0.0259006
174.305 66608 62264 0.258989 1.9462 1.92948 1.9462 1.92948 29033 0 0.0261625
174.557 68056 63712 0.260134 2.06582 1.92968 2.06582 1.92968 29078 0 0.0258741
174.808 69504 65160 0.254034 2.0757 1.92989 2.0757 1.92989 29123 0 0.0256239
175.067 68056 66608 0.264822 2.10745 1.93015 2.10745 1.93015 29170 0 0.0253274
175.324 66608 65160 0.260244 2.0272 1.9303 2.0272 1.9303 29215 0 0.0255884
175.577 65160 63712 0.262923 2.05603 1.93048 2.05603 1.93048 29260 0 0.0258827
175.825 57920 62264 0.251157 2.01233 1.93059 2.01233 1.93059 29303 0 0.0267161
176.075 59368 55024 0.258566 1.80759 1.93042 1.80759 1.93042 29342 0 0.0276241
176.32 60816 56472 0.247873 1.84303 1.9303 1.84303 1.9303 29381 0 0.0274738
176.572 59368 57920 0.261081 1.88219 1.93023 1.88219 1.93023 29422 0 0.0270342
176.818 60816 56472 0.250978 1.83404 1.93009 1.83404 1.93009 29461 0 0.0274081
177.068 59368 57920 0.260311 1.90029 1.93005 1.90029 1.93005 29502 0 0.0270331
177.318 60816 56472 0.252791 1.80759 1.92988 1.80759 1.92988 29541 0 0.0273787
177.574 59368 57920 0.266666 1.85568 1.92977 1.85568 1.92977 29582 0 0.0270775
177.831 60816 56472 0.259691 1.75691 1.92952 1.75691 1.92952 29621 0 0.0273268
178.084 59368 57920 0.268845 1.88219 1.92945 1.88219 1.92945 29662 0 0.0271113
178.331 57920 56472 0.254515 1.82514 1.92931 1.82514 1.92931 29701 0 0.0273568
178.574 56472 55024 0.262481 1.86128 1.92922 1.86128 1.92922 29740 0 0.0276282
178.813 59368 53576 0.243711 1.79245 1.92903 1.79245 1.92903 29777 0 0.0282438
179.063 57920 56472 0.261253 1.85394 1.92893 1.85394 1.92893 29817 0 0.0273283
179.319 56472 55024 0.272197 1.76516 1.9287 1.76516 1.9287 29856 0 0.0277708
179.576 57920 53576 0.258743 1.66681 1.92832 1.66681 1.92832 29893 0 0.0279205
179.833 55024 55024 0.277558 1.75691 1.92808 1.75691 1.92808 29932 0 0.0279899
180.083 56472 52128 0.258679 1.66854 1.92772 1.66854 1.92772 29968 0 0.0282191
180.336 57920 53576 0.251628 1.69856 1.9274 1.69856 1.9274 30005 0 0.027989
180.796 59368 55024 0.259115 1.93816 1.92742 1.93816 1.92742 30082 0 0.0276228
180.887 60816 56472 0.251883 4.94709 1.92895 4.94709 1.92895 30121 0 0.0273926
181.137 62264 57920 0.25291 1.90029 1.92891 1.90029 1.92891 30162 0 0.0270833
181.391 63712 59368 0.255636 1.87327 1.92883 1.87327 1.92883 30203 0 0.02676
181.635 65160 60816 0.249582 2.04207 1.92898 2.04207 1.92898 30246 0 0.0265589
181.88 68056 62264 0.247597 2.03206 1.92912 2.03206 1.92912 30289 0 0.0263748
182.131 69504 65160 0.255576 2.12183 1.92939 2.12183 1.92939 30335 0 0.0256079
182.386 70952 66608 0.259766 2.13728 1.92968 2.13728 1.92968 30382 0 0.0253042
182.64 57920 68056 0.257319 2.13728 1.92997 2.13728 1.92997 30429 0 0.0266168
182.9 56472 55024 0.264523 1.74064 1.9297 1.74064 1.9297 30468 0 0.0276425
183.145 57920 53576 0.249025 1.74852 1.92946 1.74852 1.92946 30505 0 0.0280394
183.389 59368 55024 0.250098 1.85211 1.92935 1.85211 1.92935 30544 0 0.0277201
183.639 57920 56472 0.25125 1.80759 1.92919 1.80759 1.92919 30583 0 0.0274033
183.892 59368 55024 0.259953 1.78189 1.92898 1.78189 1.92898 30622 0 0.027622
184.143 60816 56472 0.254371 1.79894 1.92881 1.79894 1.92881 30661 0 0.0273584
184.397 57920 57920 0.260411 1.87327 1.92873 1.87327 1.92873 30702 0 0.0270928
184.652 59368 55024 0.257245 1.72801 1.92845 1.72801 1.92845 30740 0 0.0276296
184.894 62264 56472 0.2473 1.86128 1.92836 1.86128 1.92836 30779 0 0.0275476
185.142 63712 59368 0.255157 1.96553 1.92841 1.96553 1.92841 30821 0 0.0267644
185.391 65160 60816 0.257593 2.00261 1.92851 2.00261 1.92851 30864 0 0.0264562
185.633 68056 62264 0.246914 2.05218 1.92868 2.05218 1.92868 30907 0 0.0263923
185.881 69504 65160 0.255797 2.15273 1.92897 2.15273 1.92897 30953 0 0.025606
186.133 68056 66608 0.261001 2.15763 1.92928 2.15763 1.92928 31000 0 0.0253052
186.387 57920 65160 0.255873 2.05603 1.92946 2.05603 1.92946 31045 0 0.0265582
186.642 56472 55024 0.264611 1.77348 1.92924 1.77348 1.92924 31084 0 0.0276433
186.889 57920 53576 0.25045 1.73154 1.92898 1.73154 1.92898 31121 0 0.0280101
187.141 56472 55024 0.262463 1.79037 1.92879 1.79037 1.92879 31160 0 0.0276281
187.396 57920 53576 0.256778 1.68254 1.92846 1.68254 1.92846 31197 0 0.0279293
187.646 56472 55024 0.264848 1.80759 1.9283 1.80759 1.9283 31236 0 0.0276455
187.9 57920 53576 0.255517 1.69051 1.92798 1.69051 1.92798 31273 0 0.027939
188.158 56472 55024 0.2709 1.74874 1.92773 1.74874 1.92773 31312 0 0.0277409
188.415 55024 53576 0.262247 1.66681 1.92738 1.66681 1.92738 31349 0 0.027924
188.672 52128 52128 0.27472 1.66681 1.92702 1.66681 1.92702 31386 0 0.0284936
188.923 53576 49232 0.257279 1.56831 1.92654 1.56831 1.92654 31420 0 0.0288265
189.173 57920 50680 0.252276 1.6222 1.92614 1.6222 1.92614 31455 0 0.0287359
189.428 55024 55024 0.273415 1.77348 1.92594 1.77348 1.92594 31494 0 0.0278616
189.673 56472 52128 0.257763 1.70126 1.92565 1.70126 1.92565 31530 0 0.0282224
189.918 57920 53576 0.246823 1.74852 1.92542 1.74852 1.92542 31567 0 0.0280926
190.168 56472 55024 0.272589 1.80759 1.92526 1.80759 1.92526 31606 0 0.0277805
190.379 57920 53576 0.254656 2.03827 1.92539 2.03827 1.92539 31643 0 0.0279475
190.638 55024 55024 0.27994 1.74064 1.92514 1.74064 1.92514 31682 0 0.0280792
190.729 56472 52128 0.260086 4.56654 1.9264 4.56654 1.9264 31718 0 0.0282174
190.975 57920 53576 0.248624 1.74852 1.92617 1.74852 1.92617 31755 0 0.0280483
191.227 59368 55024 0.256869 1.79037 1.92599 1.79037 1.92599 31794 0 0.0276318
191.462 63712 56472 0.239722 1.91826 1.92598 1.91826 1.92598 31833 0 0.0278968
191.706 65160 60816 0.24866 2.04207 1.92613 2.04207 1.92613 31876 0 0.026579
191.957 66608 62264 0.25301 1.98345 1.92621 1.98345 1.92621 31919 0 0.0262103
192.216 65160 63712 0.26337 2.01777 1.92633 2.01777 1.92633 31964 0 0.0258855
192.465 66608 62264 0.252867 2.00261 1.92643 2.00261 1.92643 32007 0 0.0262123
192.708 68056 63712 0.251257 2.13705 1.92669 2.13705 1.92669 32052 0 0.0259505
192.958 69504 65160 0.251495 2.08568 1.9269 2.08568 1.9269 32097 0 0.0256607
193.212 70952 66608 0.260154 2.14741 1.92719 2.14741 1.92719 32144 0 0.0253042
193.468 72400 68056 0.258062 2.12724 1.92745 2.12724 1.92745 32191 0 0.0250253
193.723 70952 69504 0.262793 2.22822 1.92785 2.22822 1.92785 32240 0 0.0247484
193.975 72400 68056 0.255484 2.15763 1.92815 2.15763 1.92815 32287 0 0.025042
194.23 70952 69504 0.262413 2.22822 1.92854 2.22822 1.92854 32336 0 0.0247464
194.484 72400 68056 0.257457 2.13728 1.92882 2.13728 1.92882 32383 0 0.0250281
194.739 70952 69504 0.263691 2.22822 1.92921 2.22822 1.92921 32432 0 0.0247542
194.994 72400 68056 0.257416 2.13728 1.92948 2.13728 1.92948 32479 0 0.0250283
195.253 70952 69504 0.268323 2.18696 1.92982 2.18696 1.92982 32528 0 0.0248099
195.514 69504 68056 0.262999 2.08803 1.93003 2.08803 1.93003 32575 0 0.0250306
195.773 68056 66608 0.270562 2.10745 1.93027 2.10745 1.93027 32622 0 0.0254157
196.021 69504 65160 0.254244 2.09576 1.93048 2.09576 1.93048 32667 0 0.0256215
196.272 68056 66608 0.262478 2.16795 1.93078 2.16795 1.93078 32714 0 0.0253103
196.524 69504 65160 0.254072 2.0757 1.93097 2.0757 1.93097 32759 0 0.0256235
196.779 68056 66608 0.267657 2.12724 1.93122 2.12724 1.93122 32806 0 0.0253628
197.037 69504 65160 0.259503 2.0272 1.93135 2.0272 1.93135 32851 0 0.0255886
197.288 57920 66608 0.269951 2.16795 1.93165 2.16795 1.93165 32898 0 0.0266538
197.536 59368 55024 0.253146 1.76975 1.93144 1.76975 1.93144 32936 0 0.027669
197.779 62264 56472 0.24379 1.86128 1.93136 1.86128 1.93136 32975 0 0.0276491
198.032 60816 59368 0.267202 1.9281 1.93135 1.9281 1.93135 33017 0 0.0267928
198.286 57920 57920 0.275644 1.86443 1.93127 1.86443 1.93127 33058 0 0.0273373
198.539 59368 55024 0.256233 1.74447 1.93103 1.74447 1.93103 33096 0 0.0276362
198.791 60816 56472 0.253187 1.79037 1.93085 1.79037 1.93085 33135 0 0.0273732
199.047 57920 57920 0.280202 1.85568 1.93075 1.85568 1.93075 33176 0 0.0275007
199.255 59368 55024 0.259161 2.11756 1.93095 2.11756 1.93095 33214 0 0.0276227
199.345 60816 56472 0.252879 5.01305 1.93234 5.01305 1.93234 33253 0 0.0273775
199.597 62264 57920 0.2551 1.88219 1.93228 1.88219 1.93228 33294 0 0.0270571
199.852 63712 59368 0.256887 1.86443 1.93219 1.86443 1.93219 33335 0 0.0267506
