0.240049 14480 0 0 0 0 0 0 0 0 0.0439727
0.28022 18824 13032 0.04 2.88373 0.41339 2.88373 0.41339 10 0 0.0390555
0.28046 20272 15928 0.04 192.81 0.57825 192.81 0.57825 14 0 0.0387228
0.2807 21720 17376 0.04 144.607 0.70156 144.607 0.70156 17 0 0.0385718
0.280941 23168 18824 0.04 144.607 0.824658 144.607 0.824658 20 0 0.038421
0.281181 24616 20272 0.040125 144.607 0.947547 144.607 0.947547 23 0 0.0382656
0.320387 26064 21720 0.0451094 0.886402 0.940064 0.886402 0.940064 26 0 0.0379422
0.320627 27512 23168 0.0444707 144.607 1.04775 144.607 1.04775 29 0 0.0378118
0.320867 28960 24616 0.0439119 144.607 1.15527 144.607 1.15527 32 0 0.0376799
0.321108 30408 26064 0.0435479 144.607 1.26263 144.607 1.26263 35 0 0.0375425
0.321348 31856 27512 0.0432294 144.607 1.36983 144.607 1.36983 38 0 0.0374042
0.321588 33304 28960 0.0429507 144.607 1.47687 144.607 1.47687 41 0 0.037265
0.321828 34752 30408 0.0427069 144.607 1.58375 144.607 1.58375 44 0 0.037125
0.322069 36200 31856 0.0424935 144.607 1.69047 144.607 1.69047 47 0 0.0369844
0.360554 37648 33304 0.0470568 0.903008 1.60642 0.903008 1.60642 50 0 0.0366977
0.360794 39096 34752 0.0461747 144.607 1.70167 144.607 1.70167 53 0 0.0365739
0.361034 40544 36200 0.0455279 144.607 1.79679 144.607 1.79679 56 0 0.036445
0.361274 41992 37648 0.0449619 144.607 1.89179 144.607 1.89179 59 0 0.0363149
0.361515 43440 39096 0.0444667 144.607 1.98666 144.607 1.98666 62 0 0.0361835
0.361755 44888 40544 0.0439083 144.607 2.08141 144.607 2.08141 65 0 0.0360549
0.361995 46336 41992 0.0434198 144.607 2.17603 144.607 2.17603 68 0 0.0359249
0.362236 47784 43440 0.0431173 144.607 2.27052 144.607 2.27052 71 0 0.0357893
0.362476 49232 44888 0.0428526 144.607 2.36489 144.607 2.36489 74 0 0.035653
0.362716 50680 46336 0.0426211 144.607 2.45913 144.607 2.45913 77 0 0.0355159
0.362957 52128 47784 0.0424184 144.607 2.55325 144.607 2.55325 80 0 0.0353782
0.363197 53576 49232 0.0422411 144.607 2.64725 144.607 2.64725 83 0 0.0352401
0.400721 55024 50680 0.046711 0.926141 2.48608 0.926141 2.48608 86 0 0.0349571
0.400961 56472 52128 0.0458721 144.607 2.57126 144.607 2.57126 89 0 0.0348362
0.401201 57920 53576 0.0452631 144.607 2.65634 144.607 2.65634 92 0 0.0347102
0.401441 59368 55024 0.0447302 144.607 2.74132 144.607 2.74132 95 0 0.034583
0.401682 60816 56472 0.0441389 144.607 2.8262 144.607 2.8262 98 0 0.0344584
0.401922 62264 57920 0.0436216 144.607 2.91097 144.607 2.91097 101 0 0.0343324
0.402162 63712 59368 0.0432939 144.607 2.99565 144.607 2.99565 104 0 0.0342009
0.402403 65160 60816 0.0430071 144.607 3.08022 144.607 3.08022 107 0 0.0340685
0.402643 66608 62264 0.0427562 144.607 3.16469 144.607 3.16469 110 0 0.0339353
0.402883 68056 63712 0.0425367 144.607 3.24906 144.607 3.24906 113 0 0.0338014
0.403124 69504 65160 0.0424696 144.607 3.33333 144.607 3.33333 116 0 0.0336626
0.403364 70952 66608 0.0422859 144.607 3.4175 144.607 3.4175 119 0 0.0335282
0.403604 72400 68056 0.0421252 144.607 3.50157 144.607 3.50157 122 0 0.0333933
0.403845 73848 69504 0.0419845 144.607 3.58554 144.607 3.58554 125 0 0.033258
0.404085 75296 70952 0.0419865 144.607 3.66941 144.607 3.66941 128 0 0.033118
0.404325 76744 72400 0.0419882 144.607 3.75318 144.607 3.75318 131 0 0.0329782
0.404566 78192 73848 0.0419896 144.607 3.83685 144.607 3.83685 134 0 0.0328388
0.404806 79640 75296 0.0418659 144.607 3.92042 144.607 3.92042 137 0 0.0327042
0.454917 81088 76744 0.0480077 0.693495 3.56496 0.693495 3.56496 140 0 0.0323803
0.455158 82536 78192 0.0488817 144.607 3.63942 144.607 3.63942 143 0 0.0322216
0.455398 83984 79640 0.0496465 144.607 3.71382 144.607 3.71382 146 0 0.032067
0.455638 85432 81088 0.0503157 144.607 3.78813 144.607 3.78813 149 0 0.0319157
0.455879 86880 82536 0.0507762 144.607 3.86236 144.607 3.86236 152 0 0.0317694
0.456119 88328 83984 0.0513042 144.607 3.93652 144.607 3.93652 155 0 0.0316226
0.456359 89776 85432 0.0517662 144.607 4.01059 144.607 4.01059 158 0 0.0314778
0.4566 91224 86880 0.0521704 144.607 4.08459 144.607 4.08459 161 0 0.0313346
0.45684 92672 88328 0.0525241 144.607 4.15852 144.607 4.15852 164 0 0.0311928
0.45708 94120 89776 0.0529586 144.607 4.23236 144.607 4.23236 167 0 0.0310503
0.457321 95568 91224 0.0532138 144.607 4.30613 144.607 4.30613 170 0 0.030911
0.457561 97016 92672 0.053437 144.607 4.37982 144.607 4.37982 173 0 0.0307725
0.457801 98464 94120 0.0536324 144.607 4.45343 144.607 4.45343 176 0 0.0306348
0.458041 99912 95568 0.0539284 144.607 4.52696 144.607 4.52696 179 0 0.0304961
0.458282 101360 97016 0.0541873 144.607 4.60042 144.607 4.60042 182 0 0.0303584
0.458522 102808 98464 0.0544139 144.607 4.6738 144.607 4.6738 185 0 0.0302215
0.458762 104256 99912 0.0544872 144.607 4.7471 144.607 4.7471 188 0 0.0300867
0.459003 105704 101360 0.0546763 144.607 4.82033 144.607 4.82033 191 0 0.0299509
0.459243 107152 102808 0.0548417 144.607 4.89348 144.607 4.89348 194 0 0.0298158
0.459483 108600 104256 0.0549865 144.607 4.96655 144.607 4.96655 197 0 0.0296812
0.459724 110048 105704 0.0551132 144.607 5.03955 144.607 5.03955 200 0 0.0295471
0.459964 111496 107152 0.0552241 144.607 5.11247 144.607 5.11247 203 0 0.0294135
0.460204 112944 108600 0.055321 144.607 5.18531 144.607 5.18531 206 0 0.0292803
0.460445 114392 110048 0.0554059 144.607 5.25808 144.607 5.25808 209 0 0.0291476
0.460685 115840 111496 0.0554802 144.607 5.33077 144.607 5.33077 212 0 0.0290153
0.460925 117288 112944 0.0555452 144.607 5.40339 144.607 5.40339 215 0 0.0288833
0.461166 118736 114392 0.055727 144.607 5.47593 144.607 5.47593 218 0 0.0287507
0.526538 115840 114392 0.0640111 1.2404 4.95007 1.2404 4.95007 225 0 0.0287597
0.526658 114392 114392 0.0640111 96.4048 4.97093 0 4.94894 226 1 0.0287485
0.526779 112091 111496 0.0640111 0 4.96979 0 4.9478 226 1 0.0290166
0.526899 111324 110048 0.0640111 0 4.96866 0 4.94667 226 1 0.0291399
0.52702 109109 107152 0.0640111 0 4.96753 0 4.94555 226 1 0.0294117
0.52714 108342 107152 0.0640111 96.4048 4.98837 0 4.94442 227 2 0.0294041
0.52726 106127 104256 0.0640111 0 4.98723 0 4.94329 227 2 0.0296771
0.52738 105360 104256 0.0640111 96.4048 5.00806 0 4.94217 228 3 0.0296694
0.5275 103145 101360 0.0640111 0 5.00692 0 4.94104 228 3 0.0299437
0.52762 102378 101360 0.0640111 96.4048 5.02774 0 4.93992 229 4 0.029936
0.527741 100162 98464 0.0640111 0 5.02659 0 4.93879 229 4 0.0302114
0.527861 99395 98464 0.0640111 96.4048 5.04739 0 4.93767 230 5 0.0302037
0.527981 97180 95568 0.0640111 0 5.04624 0 4.93654 230 5 0.0304804
0.528101 96413 95568 0.0640111 96.4048 5.06703 0 4.93542 231 6 0.0304727
0.528221 94198 92672 0.0640111 0 5.06588 0 4.9343 231 6 0.0307505
0.528341 93431 92672 0.0640111 96.4048 5.08665 0 4.93317 232 7 0.0307428
0.528462 91216 89776 0.0640111 0 5.08549 0 4.93205 232 7 0.0310218
0.528582 90449 88328 0.0640111 0 5.08434 0 4.93093 232 7 0.0311503
0.528702 88234 86880 0.0640111 96.4048 5.10509 0 4.92981 233 8 0.0312944
0.528822 87467 85432 0.0640111 0 5.10393 0 4.92869 233 8 0.0314234
0.528942 85251 83984 0.0640111 96.4048 5.12467 0 4.92757 234 9 0.0315681
0.529062 84484 82536 0.0640111 0 5.12351 0 4.92645 234 9 0.0316977
0.529182 82269 81088 0.0640111 96.4048 5.14424 0 4.92533 235 10 0.031843
0.529303 81502 79640 0.0640111 0 5.14307 0 4.92422 235 10 0.0319732
0.529423 79287 78192 0.0640111 96.4048 5.16378 0 4.9231 236 11 0.0321191
0.529543 78520 76744 0.0640111 0 5.16261 0 4.92198 236 11 0.0322499
0.529663 76305 75296 0.0640111 96.4048 5.18331 0 4.92086 237 12 0.0323964
0.529783 75538 73848 0.0640111 0 5.18213 0 4.91975 237 12 0.0325278
0.529903 73323 72400 0.0640111 96.4048 5.20282 0 4.91863 238 13 0.0326749
0.530024 72556 70952 0.0640111 0 5.20164 0 4.91752 238 13 0.0328069
0.530144 70341 69504 0.0640111 96.4048 5.22231 0 4.9164 239 14 0.0329546
0.530264 69573 68056 0.0640111 0 5.22113 0 4.91529 239 14 0.0330872
0.530384 67358 66608 0.0640111 96.4048 5.24179 0 4.91417 240 15 0.0332355
0.530504 66591 65160 0.0640111 0 5.2406 0 4.91306 240 15 0.0333687
0.530624 64376 62264 0.0640111 0 5.23941 0 4.91195 240 15 0.033659
0.530745 63609 62264 0.0640111 96.4048 5.26005 0 4.91084 241 16 0.0336513
0.530865 61394 59368 0.0640111 0 5.25886 0 4.90973 241 16 0.0339429
0.530985 60627 59368 0.0640111 96.4048 5.27949 0 4.90861 242 17 0.0339352
0.531105 57196 56472 0.0640111 0 5.27829 0 4.9075 242 17 0.0342401
0.531225 56472 55024 0.0640111 0 5.2771 0 4.90639 242 17 0.0343631
0.531345 55024 53576 0.0640111 96.4048 5.29771 0 4.90528 243 18 0.0345092
0.531586 53576 52128 0.0640111 96.4048 5.33889 0 4.90307 245 20 0.0346527
0.531826 52128 50680 0.0640111 96.4048 5.38005 0 4.90085 247 22 0.0347966
0.532066 50680 49232 0.0640111 96.4048 5.42116 0 4.89864 249 24 0.0349408
0.532307 49232 47784 0.0640111 96.4048 5.46224 0 4.89643 251 26 0.0350852
0.5877 47784 46336 0.0640111 0.418242 4.98681 0 4.43491 253 28 0.03523
0.587941 46336 44888 0.0640111 96.4048 5.02418 0 4.4331 255 30 0.035375
0.588181 57196 44888 0.0640111 96.4048 5.06152 0 4.43129 257 32 0.035581
0.591185 56472 55024 0.0640111 123.398 5.66282 0 4.40877 289 64 0.0343631
0.591305 57196 55024 0.0640111 96.9307 5.68127 0 4.40788 290 65 0.0343631
0.591425 56472 55024 0.0640111 96.4048 5.6997 0 4.40699 291 66 0.0343631
0.631678 57196 55024 0.0640111 0.28778 5.35483 0 4.12616 292 67 0.0343631
0.631798 56472 55024 0.0640111 96.4048 5.37215 0 4.12537 293 68 0.0343631
0.631917 57196 55024 0.0640111 96.9324 5.38946 0 4.12459 294 69 0.0343631
0.631917 55024 55024 0.0640111 96.9324 5.38946 0 4.12459 294 69 0.0343705
0.673252 65160 52128 0.0460729 10.0889 5.67799 10.0889 4.49077 330 69 0.0350095
0.677578 83984 62264 0.0416625 115.15 6.37688 115.15 5.19724 373 69 0.0346004
0.727565 95568 81088 0.0497361 13.2093 6.84629 13.2093 5.7477 430 69 0.0321621
0.791009 92672 92672 0.0629475 11.6854 7.23442 11.6854 6.22395 494 69 0.0307493
0.860341 85432 89776 0.0691975 10.3589 7.48622 10.3589 6.55717 556 69 0.0311748
0.92679 79640 82536 0.0668944 9.93684 7.66192 9.93684 6.79949 613 69 0.0317878
0.98663 78192 76744 0.0611896 10.4535 7.83123 10.4535 7.02111 667 69 0.0322379
1.0431 81088 75296 0.0575943 10.8712 7.99582 10.8712 7.22956 720 69 0.0323923
1.1003 83984 78192 0.0575015 10.9367 8.14869 10.9367 7.42226 774 69 0.0321154
1.15966 85432 81088 0.0593284 10.9285 8.29098 10.9285 7.60173 830 69 0.0318224
1.2207 83984 82536 0.0611033 10.8171 8.4173 10.8171 7.76251 887 69 0.0316855
1.28186 82536 81088 0.062228 10.7958 8.53079 10.7958 7.90724 944 69 0.0318269
1.34194 83984 79640 0.0604129 10.6045 8.62363 10.6045 8.028 999 69 0.03196
1.40178 82536 81088 0.0611704 11.0343 8.72654 11.0343 8.15634 1056 69 0.0318233
1.4615 83984 79640 0.0600312 10.6685 8.80589 10.6685 8.25899 1111 69 0.0319598
1.52158 82536 81088 0.0613491 10.9901 8.89213 10.9901 8.36683 1168 69 0.0318237
1.58238 83984 79640 0.0609133 10.4788 8.9531 10.4788 8.44798 1223 69 0.0319607
1.64282 82536 81088 0.062104 10.9246 9.02563 10.9246 8.53909 1280 69 0.0318263
1.7029 83984 79640 0.060334 10.6045 9.08134 10.6045 8.61196 1335 69 0.0319599
1.7631 82536 81088 0.0620023 10.9682 9.14576 10.9682 8.69242 1392 69 0.0318259
1.82342 83984 79640 0.0606112 10.5623 9.19262 10.5623 8.75427 1447 69 0.0319602
1.88398 82536 81088 0.0625109 10.9029 9.2476 10.9029 8.82334 1504 69 0.0318282
1.94442 83984 79640 0.0606976 10.5413 9.28781 10.5413 8.87674 1559 69 0.0319603
2.00499 82536 81088 0.0627857 10.9029 9.3366 10.9029 8.93794 1616 69 0.0318297
2.06567 83984 79640 0.060856 10.4995 9.37076 10.4995 8.98382 1671 69 0.0319606
2.12647 81088 81088 0.0633391 10.8598 9.41334 10.8598 9.03746 1728 69 0.0318442
2.18691 82536 78192 0.0608308 10.3496 9.43921 10.3496 9.07372 1782 69 0.0320987
2.24699 83984 79640 0.0603052 10.6045 9.47037 10.6045 9.11465 1837 69 0.0319599
2.30755 81088 81088 0.0637855 10.9029 9.50797 10.9029 9.16158 1894 69 0.0318474
2.36871 82536 78192 0.0610358 10.2276 9.52655 10.2276 9.18911 1948 69 0.0320991
2.42963 81088 79640 0.0611768 10.4581 9.54991 10.4581 9.22093 2003 69 0.0319612
2.49103 76744 78192 0.0655824 10.3762 9.57028 10.3762 9.24941 2058 69 0.032159
2.55376 75296 73848 0.062206 9.41886 9.56656 9.41886 9.25357 2109 69 0.0325193
2.61708 69504 72400 0.0677249 9.3295 9.56082 9.3295 9.25541 2160 69 0.0327694
2.68077 68056 66608 0.0636882 8.36721 9.53247 8.36721 9.23431 2206 69 0.033228
2.74457 66608 65160 0.0635585 8.1699 9.50079 8.1699 9.20956 2251 69 0.0333679
2.80958 59368 63712 0.0706799 8.01888 9.4665 8.01888 9.18201 2296 69 0.0337
2.8753 56472 56472 0.065426 6.87347 9.40723 6.87347 9.12924 2335 69 0.0342475
2.94223 50680 53576 0.0732351 6.57699 9.34284 6.57699 9.07118 2373 69 0.0347242
3.01024 43440 47784 0.0754784 5.7911 9.2626 5.7911 8.99707 2407 69 0.0353982
3.0797 37648 40544 0.0766936 4.83692 9.16279 4.83692 8.90326 2436 69 0.0361305
3.08306 34752 34752 0.0701864 82.6327 9.24297 82.6327 8.98372 2460 69 0.0364977
3.15275 31856 31856 0.0700375 3.65673 9.11948 3.65673 8.86596 2482 69 0.0367899
3.22341 28960 28960 0.0706266 3.27907 8.99147 3.27907 8.7435 2502 69 0.0370984
3.27231 30408 26064 0.0548629 4.2636 8.92081 4.2636 8.67655 2520 69 0.0372983
3.32098 34752 27512 0.0506377 4.52269 8.85636 4.52269 8.61568 2539 69 0.0372404
3.37313 37648 31856 0.0537458 5.10901 8.79842 5.10901 8.56146 2562 69 0.0367282
3.43633 39096 34752 0.0600644 4.3987 8.7175 4.3987 8.4849 2586 69 0.0363827
3.50747 36200 36200 0.0676264 4.07115 8.62327 4.07115 8.39538 2611 69 0.0363049
3.50807 34752 33304 0.0680481 77.04 8.635 77.04 8.40715 2615 69 0.0365949
3.50819 33304 33304 0.0680481 96.4048 8.638 0 8.40687 2616 70 0.0365949
3.50831 32259 31856 0.0680481 0 8.63771 0 8.40658 2616 70 0.0367409
3.50843 31427 30408 0.0680481 0 8.63741 0 8.40629 2616 70 0.0368882
3.50855 30596 28960 0.0680481 0 8.63712 0 8.406 2616 70 0.0370366
3.50867 29765 28960 0.0680481 96.4048 8.64012 0 8.40571 2617 71 0.0370366
3.50879 28934 27512 0.0680481 0 8.63983 0 8.40543 2617 71 0.0371852
3.50891 28102 26064 0.0680481 0 8.63953 0 8.40514 2617 71 0.0373342
3.55781 27271 26064 0.0680481 0.236867 8.52403 0 8.2896 2618 72 0.0373341
3.55793 26440 24616 0.0680481 0 8.52374 0 8.28932 2618 72 0.0374834
3.55805 25609 24616 0.0680481 96.4048 8.52671 0 8.28904 2619 73 0.0374834
3.55817 24777 23168 0.0680481 0 8.52642 0 8.28876 2619 73 0.0376329
3.55829 23946 23168 0.0680481 96.4048 8.52939 0 8.28848 2620 74 0.0376329
3.55841 23115 21720 0.0680481 0 8.5291 0 8.2882 2620 74 0.0377827
3.55853 22284 20272 0.0680481 0 8.52881 0 8.28792 2620 74 0.0379329
3.55866 21452 20272 0.0680481 96.4048 8.53178 0 8.28764 2621 75 0.0379329
3.55878 20621 18824 0.0680481 0 8.53149 0 8.28736 2621 75 0.0380833
3.5589 19790 18824 0.0680481 96.4048 8.53446 0 8.28708 2622 76 0.0380833
3.55902 18959 17376 0.0680481 0 8.53417 0 8.2868 2622 76 0.038234
3.55914 18127 17376 0.0680481 96.4048 8.53714 0 8.28652 2623 77 0.038234
3.55926 16652 15928 0.0680481 0 8.53685 0 8.28624 2623 77 0.0383877
3.55938 15928 14480 0.0680481 0 8.53656 0 8.28596 2623 77 0.0385361
3.55974 16652 14480 0.0680481 96.58 8.54546 0 8.28513 2626 80 0.0385361
3.55974 14480 14480 0.0680481 96.58 8.54546 0 8.28513 2626 80 0.0385435
3.60063 15928 11584 0.0579933 1.69981 8.46772 1.69981 8.21034 2632 80 0.0387817
3.64367 17376 13032 0.0515256 2.42177 8.39629 2.42177 8.14195 2641 80 0.0386975
3.69919 18824 14480 0.0550835 2.29535 8.30473 2.29535 8.05421 2652 80 0.0384983
3.76612 20272 15928 0.0569342 1.90386 8.19098 1.90386 7.94491 2663 80 0.0383322
3.83605 18824 17376 0.0713126 2.15337 8.08091 2.15337 7.83933 2676 80 0.0382997
3.83749 17376 15928 0.0706848 88.3711 8.11108 88.3711 7.86959 2687 80 0.0384369
3.9037 15928 14480 0.0681982 1.9246 8.00615 1.9246 7.76876 2698 80 0.0385413
3.96486 17376 13032 0.0648715 1.7046 7.90895 1.7046 7.67521 2707 80 0.0386495
4.02398 15928 14480 0.0665649 2.15539 7.82442 2.15539 7.59412 2718 80 0.0385172
4.08418 17376 13032 0.0634922 1.73182 7.73461 1.73182 7.50771 2727 80 0.0386379
4.1463 15928 14480 0.0678671 2.05117 7.64946 2.05117 7.42596 2738 80 0.038536
4.20951 14480 13032 0.0655445 1.64951 7.55937 1.64951 7.33923 2747 80 0.0386565
4.27271 13032 11584 0.0703344 1.64951 7.47195 1.64951 7.25506 2756 80 0.0388844
4.33508 11584 10136 0.0672856 1.30026 7.38317 1.30026 7.1694 2763 80 0.0389829
4.39732 10136 8688 0.072184 1.30277 7.2971 1.30277 7.08636 2770 80 0.0392308
4.45908 11584 7240 0.0688225 0.93779 7.20902 0.93779 7.00119 2775 80 0.039313
4.52132 10136 8688 0.0743205 1.30277 7.12771 1.30277 6.92275 2782 80 0.0392875
4.52204 11584 7240 0.0703788 80.3373 7.13938 80.3373 6.93445 2787 80 0.0393429
4.58405 10136 8688 0.0677381 1.30782 7.06051 1.30782 6.85835 2794 80 0.0391423
4.64677 11584 7240 0.0660785 0.923418 6.97767 0.923418 6.77823 2799 80 0.0392721
4.70937 10136 8688 0.0718436 1.29527 6.90213 1.29527 6.70535 2806 80 0.0392226
4.7721 11584 7240 0.0688151 0.923418 6.82355 0.923418 6.62935 2811 80 0.0393129
4.83494 10136 8688 0.0746457 1.29031 6.75163 1.29031 6.55995 2818 80 0.0392969
4.83566 11584 7240 0.0708017 80.3373 6.7626 80.3373 6.57095 2823 80 0.0393519
4.89839 10136 8688 0.0682265 1.29278 6.69256 1.29278 6.50337 2830 80 0.0391501
4.96123 11584 7240 0.0665014 0.921652 6.61946 0.921652 6.43266 2835 80 0.0392775
5.02383 10136 8688 0.0721269 1.29527 6.55311 1.29527 6.36865 2842 80 0.0392294
5.08668 11584 7240 0.0691143 0.921652 6.48354 0.921652 6.30135 2847 80 0.0393183
5.1494 10136 8688 0.0748461 1.29278 6.42031 1.29278 6.24034 2854 80 0.0393028
5.15012 11584 7240 0.070936 80.3373 6.43066 80.3373 6.25072 2859 80 0.0393548
5.21296 10136 8688 0.0683165 1.29031 6.36869 1.29031 6.19092 2866 80 0.0391515
5.27569 11584 7240 0.0665616 0.923418 6.30395 0.923418 6.12829 2871 80 0.0392782
5.33841 10136 8688 0.0721673 1.29278 6.24507 1.29278 6.07148 2878 80 0.0392304
5.40138 11584 7240 0.0691413 0.919893 6.18299 0.919893 6.01142 2883 80 0.0393188
5.46398 10136 8688 0.0748642 1.29527 6.12699 1.29527 5.95739 2890 80 0.0393033
5.4647 11584 7240 0.0709481 80.3373 6.13678 80.3373 5.9672 2895 80 0.039355
5.5267 10136 8688 0.0680902 1.30782 6.08261 1.30782 5.91493 2902 80 0.0391478
5.58943 11584 7240 0.0663144 0.923418 6.02471 0.923418 5.85891 2907 80 0.0392751
5.65227 10136 8688 0.072111 1.29031 5.97208 1.29031 5.80812 2914 80 0.0392291
5.71547 11584 7240 0.0691036 0.916395 5.91617 0.916395 5.75402 2919 80 0.0393181
5.77892 10136 8688 0.074964 1.27809 5.86525 1.27809 5.70489 2926 80 0.0393063
5.77964 11584 7240 0.071345 80.3373 5.87454 80.3373 5.7142 2931 80 0.0393639
5.84308 10136 8688 0.0688112 1.27809 5.82463 1.27809 5.66603 2938 80 0.03916
5.90617 11584 7240 0.0671138 0.918141 5.77222 0.918141 5.61532 2943 80 0.0392858
5.96889 10136 8688 0.0725371 1.29278 5.72515 1.29278 5.56989 2950 80 0.0392396
6.03197 11584 7240 0.0693891 0.918141 5.67488 0.918141 5.52124 2955 80 0.0393233
6.09506 10136 8688 0.0752509 1.2854 5.62945 1.2854 5.4774 2962 80 0.039315
6.09578 11584 7240 0.0713029 80.3373 5.63828 80.3373 5.48626 2967 80 0.0393629
6.15922 10136 8688 0.0686873 1.27809 5.59337 1.27809 5.44291 2974 80 0.0391578
6.22231 11584 7240 0.0671401 0.918141 5.54597 0.918141 5.39704 2979 80 0.0392862
6.28587 10136 8688 0.0726642 1.27568 5.50279 1.27568 5.35536 2986 80 0.0392428
6.3492 11584 7240 0.0698043 0.914656 5.45703 0.914656 5.31107 2991 80 0.0393313
6.41252 10136 8688 0.0755291 1.28052 5.41578 1.28052 5.27127 2998 80 0.0393235
6.41324 11584 7240 0.0716279 80.3373 5.42421 80.3373 5.27971 3003 80 0.0393704
6.47621 10136 8688 0.06878 1.28785 5.38399 1.28785 5.2409 3010 80 0.0391595
6.53917 11584 7240 0.0669971 0.919893 5.34101 0.919893 5.19929 3015 80 0.0392841
6.60237 10136 8688 0.0726934 1.28295 5.30216 1.28295 5.1618 3022 80 0.0392435
6.66606 11584 7240 0.0696188 0.909479 5.26019 0.909479 5.12117 3027 80 0.0393277
6.72962 10136 8688 0.0756392 1.27568 5.22256 1.27568 5.08485 3034 80 0.039327
6.73034 11584 7240 0.0717016 80.3373 5.23061 80.3373 5.09291 3039 80 0.0393721
6.79403 10136 8688 0.0691595 1.27327 5.19351 1.27327 5.05711 3046 80 0.0391663
6.85699 11584 7240 0.0672221 0.919893 5.15427 0.919893 5.01912 3051 80 0.0392873
6.9202 10136 8688 0.0727347 1.28295 5.11891 1.28295 4.985 3058 80 0.0392445
6.9834 11584 7240 0.0697422 0.916395 5.08088 0.916395 4.94817 3063 80 0.0393301
7.04685 10136 8688 0.0753917 1.27809 5.04664 1.27809 4.91513 3070 80 0.0393193
7.04757 11584 7240 0.0716316 80.3373 5.05434 80.3373 4.92284 3075 80 0.0393705
7.11089 10136 8688 0.0688782 1.28052 5.02073 1.28052 4.89041 3082 80 0.0391612
7.17398 11584 7240 0.0670336 0.918141 4.98466 0.918141 4.85548 3087 80 0.0392847
7.23706 10136 8688 0.0727042 1.2854 4.95241 1.2854 4.82436 3094 80 0.0392438
7.3005 11584 7240 0.0697217 0.912924 4.91731 0.912924 4.79037 3099 80 0.0393297
7.36395 10136 8688 0.075378 1.27809 4.88595 1.27809 4.76011 3106 80 0.0393189
7.36467 11584 7240 0.0716224 80.3373 4.89334 80.3373 4.76751 3111 80 0.0393703
7.42811 10136 8688 0.068997 1.27809 4.86246 1.27809 4.7377 3118 80 0.0391633
7.49108 11584 7240 0.0672382 0.919893 4.82932 0.919893 4.70561 3123 80 0.0392876
7.55416 10136 8688 0.0727455 1.2854 4.79973 1.2854 4.67705 3130 80 0.0392448
7.61749 11584 7240 0.0696538 0.914656 4.76743 0.914656 4.64577 3135 80 0.0393284
7.68093 10136 8688 0.0753325 1.27809 4.73861 1.27809 4.61796 3142 80 0.0393175
7.68165 11584 7240 0.0715919 80.3373 4.7457 80.3373 4.62506 3147 80 0.0393696
7.7451 10136 8688 0.0689766 1.27809 4.7173 1.27809 4.59765 3154 80 0.039163
7.80818 11584 7240 0.0672246 0.918141 4.68661 0.918141 4.56792 3159 80 0.0392874
7.87138 10136 8688 0.0728457 1.28295 4.65928 1.28295 4.54154 3166 80 0.0392474
7.93483 11584 7240 0.0695959 0.912924 4.62932 0.912924 4.51253 3171 80 0.0393273
7.99827 10136 8688 0.0756238 1.27809 4.60274 1.27809 4.48687 3178 80 0.0393265
7.99899 11584 7240 0.0715527 80.3373 4.60956 80.3373 4.49371 3183 80 0.0393687
8.06244 10136 8688 0.068964 1.27809 4.58335 1.27809 4.4684 3190 80 0.0391627
8.12588 11584 7240 0.0672005 0.912924 4.55469 0.912924 4.44064 3195 80 0.039287
8.18945 10136 8688 0.0730347 1.27568 4.52924 1.27568 4.41608 3202 80 0.0392523
8.25313 11584 7240 0.0699432 0.909479 4.50131 0.909479 4.38902 3207 80 0.0393341
8.31658 10136 8688 0.0758565 1.27809 4.47672 1.27809 4.36529 3214 80 0.0393338
8.3173 11584 7240 0.0718472 80.3373 4.48329 80.3373 4.37187 3219 80 0.0393755
8.38086 10136 8688 0.069132 1.27568 4.45897 1.27568 4.34839 3226 80 0.0391658
8.44419 11584 7240 0.0673287 0.914656 4.43239 0.914656 4.32264 3231 80 0.0392889
8.50775 10136 8688 0.0730112 1.27568 4.4088 1.27568 4.29988 3238 80 0.0392517
8.57144 11584 7240 0.0699411 0.909479 4.3828 0.909479 4.27469 3243 80 0.039334
8.63512 10136 8688 0.0758551 1.27327 4.35987 1.27327 4.25255 3250 80 0.0393338
8.63584 11584 7240 0.071942 80.3373 4.36621 80.3373 4.2589 3255 80 0.0393778
8.69941 10136 8688 0.0692248 1.27568 4.34363 1.27568 4.2371 3262 80 0.0391675
8.76261 11584 7240 0.0673752 0.916395 4.31891 0.916395 4.21315 3267 80 0.0392896
8.82594 10136 8688 0.0728217 1.28052 4.29711 1.28052 4.19211 3274 80 0.0392468
8.88926 11584 7240 0.0699098 0.914656 4.27301 0.914656 4.16876 3279 80 0.0393334
8.9527 10136 8688 0.0755997 1.27809 4.25179 1.27809 4.14828 3286 80 0.0393257
8.95342 11584 7240 0.0716752 80.3373 4.25792 80.3373 4.15441 3291 80 0.0393715
9.01723 10136 8688 0.0691418 1.27087 4.23678 1.27087 4.13401 3298 80 0.0391659
9.08103 11584 7240 0.0675696 0.907766 4.21339 0.907766 4.11134 3303 80 0.0392925
9.1446 10136 8688 0.073282 1.27568 4.19297 1.27568 4.09163 3310 80 0.0392588
9.20768 11584 7240 0.0699975 0.918141 4.17053 0.918141 4.06989 3315 80 0.0393351
9.27089 10136 8688 0.0755471 1.28295 4.15085 1.28295 4.05089 3322 80 0.0393241
9.27161 11584 7240 0.0716107 80.3373 4.15677 80.3373 4.05682 3327 80 0.03937
9.33517 10136 8688 0.0689892 1.27568 4.13715 1.27568 4.03788 3334 80 0.0391632
9.39886 11584 7240 0.0673424 0.909479 4.11528 0.909479 4.01669 3339 80 0.0392891
9.4623 10136 8688 0.0731297 1.27809 4.09626 1.27809 3.99832 3346 80 0.0392548
9.52527 11584 7240 0.0698818 0.919893 4.07526 0.919893 3.97797 3351 80 0.0393328
9.58823 10136 8688 0.0754853 1.28785 4.05696 1.28785 3.96031 3358 80 0.0393222
9.58895 11584 7240 0.0713642 80.3373 4.0627 80.3373 3.96605 3363 80 0.0393643
9.65228 10136 8688 0.0688377 1.28052 4.04444 1.28052 3.94843 3370 80 0.0391605
9.71596 11584 7240 0.0671159 0.909479 4.02389 0.909479 3.92851 3375 80 0.0392858
9.77977 10136 8688 0.072978 1.27087 4.00593 1.27087 3.91117 3382 80 0.0392508
9.84345 11584 7240 0.0701103 0.909479 3.9859 0.909479 3.89175 3387 80 0.0393374
9.90689 10136 8688 0.075734 1.27809 3.96856 1.27809 3.87502 3394 80 0.0393299
9.90762 11584 7240 0.0718609 80.3373 3.97412 80.3373 3.88058 3399 80 0.0393759
9.97094 10136 8688 0.0690318 1.28052 3.95701 1.28052 3.86407 3406 80 0.0391639
10.0343 11584 7240 0.0673709 0.914656 3.93781 0.914656 3.84545 3411 80 0.0392895
10.0976 10136 8688 0.0729145 1.28052 3.92115 1.28052 3.82937 3418 80 0.0392492
10.1608 11584 7240 0.0697513 0.916395 3.90245 0.916395 3.81125 3423 80 0.0393303
10.224 10136 8688 0.0754779 1.28295 3.88626 1.28295 3.79562 3430 80 0.0393219
10.2247 11584 7240 0.0714549 80.3373 3.89165 80.3373 3.80102 3435 80 0.0393664
10.2883 10136 8688 0.0689942 1.27568 3.87549 1.27568 3.78541 3442 80 0.0391633
10.3518 11584 7240 0.0672207 0.911198 3.85729 0.911198 3.76777 3447 80 0.0392873
10.4154 10136 8688 0.0730483 1.27568 3.84153 1.27568 3.75256 3454 80 0.0392526
10.4789 11584 7240 0.0698273 0.912924 3.8238 0.912924 3.73536 3459 80 0.0393318
10.5425 10136 8688 0.0757788 1.27327 3.80839 1.27327 3.72049 3466 80 0.0393313
10.5433 11584 7240 0.0718909 80.3373 3.81363 80.3373 3.72573 3471 80 0.0393766
10.6071 10136 8688 0.0692863 1.27087 3.79833 1.27087 3.71096 3478 80 0.0391686
10.6709 11584 7240 0.0675414 0.907766 3.78105 0.907766 3.6942 3483 80 0.0392921
10.7342 10136 8688 0.0731537 1.28052 3.7663 1.28052 3.67996 3490 80 0.0392554
10.7974 11584 7240 0.0700229 0.916395 3.74961 0.916395 3.66379 3495 80 0.0393356
10.8606 10136 8688 0.0755798 1.28295 3.73526 1.28295 3.64993 3502 80 0.0393251
10.8613 11584 7240 0.0716618 80.3373 3.74034 80.3373 3.65502 3507 80 0.0393712
10.9249 10136 8688 0.0690078 1.27568 3.726 1.27568 3.64118 3514 80 0.0391635
10.9885 11584 7240 0.0673549 0.911198 3.70972 0.911198 3.62538 3519 80 0.0392893
11.052 10136 8688 0.0730287 1.27568 3.69572 1.27568 3.61187 3526 80 0.0392521
11.1155 11584 7240 0.0700486 0.912924 3.67984 0.912924 3.59647 3531 80 0.0393362
11.1791 10136 8688 0.075722 1.27327 3.66613 1.27327 3.58323 3538 80 0.0393296
11.1799 11584 7240 0.0718528 80.3373 3.67107 80.3373 3.58818 3543 80 0.0393757
11.2437 10136 8688 0.0692608 1.27087 3.65745 1.27087 3.57503 3550 80 0.0391681
11.3075 11584 7240 0.0675243 0.907766 3.64194 0.907766 3.55998 3555 80 0.0392918
11.3709 10136 8688 0.0731266 1.27809 3.62875 1.27809 3.54725 3562 80 0.0392547
11.434 11584 7240 0.0701141 0.918141 3.61379 0.918141 3.53274 3567 80 0.0393375
11.4972 10136 8688 0.0757366 1.28295 3.60098 1.28295 3.52037 3574 80 0.03933
11.4979 11584 7240 0.0715325 80.3373 3.60579 80.3373 3.52519 3579 80 0.0393682
11.5617 10136 8688 0.0690462 1.27087 3.5929 1.27087 3.51275 3586 80 0.0391642
11.6255 11584 7240 0.0673806 0.907766 3.57817 0.907766 3.49845 3591 80 0.0392897
11.6893 10136 8688 0.0732647 1.27087 3.56557 1.27087 3.48629 3598 80 0.0392583
11.7528 11584 7240 0.0700816 0.912924 3.55125 0.912924 3.4724 3603 80 0.0393368
11.8162 10136 8688 0.0759492 1.27809 3.53905 1.27809 3.46062 3610 80 0.0393368
11.817 11584 7240 0.0717707 80.3373 3.54373 80.3373 3.46531 3615 80 0.0393737
11.8805 10136 8688 0.0692057 1.27568 3.5316 1.27568 3.4536 3622 80 0.0391671
11.9443 11584 7240 0.0674874 0.907766 3.51758 0.907766 3.44 3627 80 0.0392912
12.0079 10136 8688 0.0731019 1.27568 3.50572 1.27568 3.42854 3634 80 0.039254
12.0713 11584 7240 0.0700976 0.912924 3.49209 0.912924 3.41532 3639 80 0.0393371
12.1348 10136 8688 0.0757255 1.27809 3.48051 1.27809 3.40414 3646 80 0.0393297
12.1355 11584 7240 0.0718552 80.3373 3.48508 80.3373 3.40871 3651 80 0.0393757
12.1993 10136 8688 0.0692624 1.27087 3.4735 1.27087 3.39753 3658 80 0.0391682
12.2631 11584 7240 0.0675254 0.907766 3.46015 0.907766 3.38458 3663 80 0.0392918
12.3268 10136 8688 0.0732523 1.27327 3.44885 1.27327 3.37367 3670 80 0.039258
12.3902 11584 7240 0.0701983 0.912924 3.43587 0.912924 3.36107 3675 80 0.0393392
12.4537 10136 8688 0.075793 1.27809 3.42487 1.27809 3.35046 3682 80 0.0393318
12.4544 11584 7240 0.0718047 80.3373 3.42933 80.3373 3.35492 3687 80 0.0393745
12.5182 10136 8688 0.0692285 1.27087 3.41832 1.27087 3.34429 3694 80 0.0391675
12.582 11584 7240 0.0676277 0.907766 3.40559 0.907766 3.33194 3699 80 0.0392934
12.6457 10136 8688 0.0733209 1.27327 3.39485 1.27327 3.32157 3706 80 0.0392598
12.7091 11584 7240 0.0701486 0.912924 3.38246 0.912924 3.30955 3711 80 0.0393382
12.7726 10136 8688 0.0758691 1.27809 3.37201 1.27809 3.29946 3718 80 0.0393342
12.7733 11584 7240 0.0718556 80.3373 3.37635 80.3373 3.3038 3723 80 0.0393757
12.8371 10136 8688 0.0692627 1.27087 3.36589 1.27087 3.2937 3730 80 0.0391682
12.9009 11584 7240 0.0675256 0.907766 3.35373 0.907766 3.2819 3735 80 0.0392918
12.9647 10136 8688 0.0732525 1.27087 3.34348 1.27087 3.272 3742 80 0.039258
13.0282 11584 7240 0.0701984 0.912924 3.33165 0.912924 3.26051 3747 80 0.0393392
13.0916 10136 8688 0.0759025 1.27809 3.32169 1.27809 3.25091 3754 80 0.0393353
13.0923 11584 7240 0.071878 80.3373 3.32593 80.3373 3.25515 3759 80 0.0393763
13.1559 10136 8688 0.0691527 1.27568 3.31603 1.27568 3.24559 3766 80 0.0391661
13.2197 11584 7240 0.0674519 0.907766 3.30441 0.907766 3.2343 3771 80 0.0392907
13.2833 10136 8688 0.0732031 1.27568 3.2947 1.27568 3.22493 3778 80 0.0392567
13.3467 11584 7240 0.0700404 0.912924 3.28338 0.912924 3.21394 3783 80 0.039336
13.4102 10136 8688 0.0758259 1.27809 3.27389 1.27809 3.20478 3790 80 0.0393328
13.4109 11584 7240 0.0717974 80.3373 3.27803 80.3373 3.20893 3795 80 0.0393744
13.4747 10136 8688 0.0692237 1.27087 3.26853 1.27087 3.19975 3802 80 0.0391675
13.5385 11584 7240 0.0674994 0.907766 3.2574 0.907766 3.18895 3807 80 0.0392914
13.6021 10136 8688 0.073235 1.27568 3.24814 1.27568 3.18001 3814 80 0.0392575
13.6653 11584 7240 0.0701867 0.916395 3.23736 0.916395 3.16954 3819 80 0.039339
13.7287 10136 8688 0.0756895 1.27809 3.2283 1.27809 3.1608 3826 80 0.0393285
13.7294 11584 7240 0.0717354 80.3373 3.23235 80.3373 3.16485 3831 80 0.0393729
13.7931 10136 8688 0.0691821 1.27327 3.2233 1.27327 3.15612 3838 80 0.0391667
13.8569 11584 7240 0.0674716 0.907766 3.21264 0.907766 3.14576 3843 80 0.039291
13.9206 10136 8688 0.0732163 1.27327 3.20377 1.27327 3.1372 3850 80 0.039257
13.9839 11584 7240 0.0700492 0.914656 3.1934 0.914656 3.12713 3855 80 0.0393362
14.0474 10136 8688 0.0758025 1.27809 3.18475 1.27809 3.11878 3862 80 0.0393321
14.0481 11584 7240 0.0717974 80.3373 3.18871 80.3373 3.12275 3867 80 0.0393744
14.1118 10136 8688 0.0692236 1.27327 3.18007 1.27327 3.1144 3874 80 0.0391675
14.1753 11584 7240 0.0674994 0.911198 3.1699 0.911198 3.10452 3879 80 0.0392914
14.2389 10136 8688 0.0730006 1.27568 3.16144 1.27568 3.09636 3886 80 0.0392514
14.3021 11584 7240 0.0700297 0.916395 3.15152 0.916395 3.08672 3891 80 0.0393358
14.3656 10136 8688 0.07568 1.27809 3.14324 1.27809 3.07873 3898 80 0.0393282
14.3663 11584 7240 0.071729 80.3373 3.14712 80.3373 3.08261 3903 80 0.0393728
14.4298 10136 8688 0.0690528 1.27568 3.13887 1.27568 3.07465 3910 80 0.0391643
14.4936 11584 7240 0.067385 0.907766 3.12905 0.907766 3.06511 3915 80 0.0392897
14.5572 10136 8688 0.0730489 1.27568 3.12096 1.27568 3.0573 3922 80 0.0392526
14.6207 11584 7240 0.0700621 0.912924 3.11138 0.912924 3.04799 3927 80 0.0393364
14.6841 10136 8688 0.0758404 1.27809 3.10346 1.27809 3.04035 3934 80 0.0393333
14.6848 11584 7240 0.0718072 80.3373 3.10725 80.3373 3.04414 3939 80 0.0393746
14.7486 10136 8688 0.0692302 1.27087 3.0993 1.27087 3.03647 3946 80 0.0391676
14.8124 11584 7240 0.0675038 0.907766 3.08986 0.907766 3.0273 3951 80 0.0392915
14.8761 10136 8688 0.0732379 1.27327 3.08209 1.27327 3.01979 3958 80 0.0392576
14.9396 11584 7240 0.0701887 0.912924 3.07288 0.912924 3.01084 3963 80 0.039339
15.003 10136 8688 0.0759252 1.27809 3.06529 1.27809 3.00352 3970 80 0.039336
15.0037 11584 7240 0.071864 80.3373 3.069 80.3373 3.00723 3975 80 0.0393759
15.0675 10136 8688 0.0692682 1.27087 3.06138 1.27087 2.99988 3982 80 0.0391683
15.1313 11584 7240 0.0675293 0.907766 3.0523 0.907766 2.99106 3987 80 0.0392919
15.195 10136 8688 0.073255 1.27327 3.04485 1.27327 2.98386 3994 80 0.0392581
15.2585 11584 7240 0.0702001 0.912924 3.03598 0.912924 2.97525 3999 80 0.0393392
15.3219 10136 8688 0.0756985 1.27809 3.0287 1.27809 2.96822 4006 80 0.0393288
15.3226 11584 7240 0.0718371 80.3373 3.03234 80.3373 2.97186 4011 80 0.0393753
15.3864 10136 8688 0.0692502 1.27087 3.02504 1.27087 2.96481 4018 80 0.0391679
15.45 11584 7240 0.0673922 0.911198 3.01634 0.911198 2.95636 4023 80 0.0392898
15.5136 10136 8688 0.0731632 1.27568 3.00921 1.27568 2.94947 4030 80 0.0392556
15.5768 11584 7240 0.0700136 0.916395 3.00072 0.916395 2.94122 4035 80 0.0393355
15.6402 10136 8688 0.0757786 1.27809 2.99373 1.27809 2.93448 4042 80 0.0393313
15.6409 11584 7240 0.0716564 80.3373 2.99729 80.3373 2.93804 4047 80 0.0393711
15.7045 10136 8688 0.0691292 1.27568 2.99032 1.27568 2.93131 4054 80 0.0391657
15.7683 11584 7240 0.0674362 0.907766 2.9819 0.907766 2.92313 4059 80 0.0392905
15.8319 10136 8688 0.0730676 1.27568 2.97505 1.27568 2.91651 4066 80 0.0392531
15.8953 11584 7240 0.0700746 0.912924 2.96682 0.912924 2.90852 4071 80 0.0393367
15.9588 10136 8688 0.0757101 1.27809 2.9601 1.27809 2.90203 4078 80 0.0393292
15.9595 11584 7240 0.0717492 80.3373 2.9636 80.3373 2.90553 4083 80 0.0393732
16.0233 10136 8688 0.0693007 1.27087 2.95686 1.27087 2.89902 4090 80 0.0391689
16.0871 11584 7240 0.0675511 0.907766 2.94873 0.907766 2.89112 4095 80 0.0392922
16.1508 10136 8688 0.0732696 1.27327 2.94212 1.27327 2.88474 4102 80 0.0392585
16.2142 11584 7240 0.0702099 0.912924 2.93418 0.912924 2.87703 4107 80 0.0393394
16.2777 10136 8688 0.0758008 1.27809 2.92773 1.27809 2.8708 4114 80 0.039332
16.2784 11584 7240 0.0718099 80.3373 2.93116 80.3373 2.87423 4119 80 0.0393747
16.3422 10136 8688 0.069232 1.27087 2.92468 1.27087 2.86797 4126 80 0.0391676
16.406 11584 7240 0.067505 0.907766 2.91683 0.907766 2.86034 4131 80 0.0392915
16.4696 10136 8688 0.0732387 1.27568 2.9105 1.27568 2.85423 4138 80 0.0392576
16.5328 11584 7240 0.0700642 0.916395 2.90287 0.916395 2.84682 4143 80 0.0393365
16.5962 10136 8688 0.0757169 1.27809 2.89666 1.27809 2.84082 4150 80 0.0393294
16.5969 11584 7240 0.0717244 80.3373 2.90003 80.3373 2.84419 4155 80 0.0393726
16.6606 10136 8688 0.0691747 1.27327 2.89381 1.27327 2.83819 4162 80 0.0391666
16.7242 11584 7240 0.0673573 0.911198 2.88627 0.911198 2.83086 4167 80 0.0392893
16.7877 10136 8688 0.0731397 1.27568 2.88017 1.27568 2.82497 4174 80 0.039255
16.8509 11584 7240 0.0699022 0.916395 2.87281 0.916395 2.81781 4179 80 0.0393332
16.9144 10136 8688 0.075704 1.27809 2.86683 1.27809 2.81204 4186 80 0.039329
16.9151 11584 7240 0.0717314 80.3373 2.87013 80.3373 2.81534 4191 80 0.0393728
16.9788 10136 8688 0.0691794 1.27327 2.86414 1.27327 2.80956 4198 80 0.0391666
17.0424 11584 7240 0.0674698 0.911198 2.85686 0.911198 2.80248 4203 80 0.039291
17.1059 10136 8688 0.0729808 1.27568 2.85098 1.27568 2.7968 4210 80 0.0392509
17.1694 11584 7240 0.0700164 0.912924 2.84382 0.912924 2.78984 4215 80 0.0393355
17.233 10136 8688 0.0757961 1.27327 2.83801 1.27327 2.78424 4222 80 0.0393319
17.2338 11584 7240 0.0719025 80.3373 2.84126 80.3373 2.78748 4227 80 0.0393769
17.2976 10136 8688 0.0692941 1.27087 2.83546 1.27087 2.78189 4234 80 0.0391688
17.3614 11584 7240 0.0675466 0.907766 2.82838 0.907766 2.775 4239 80 0.0392921
17.4248 10136 8688 0.0731416 1.27809 2.82274 1.27809 2.76955 4246 80 0.0392551
17.488 11584 7240 0.0701241 0.916395 2.81585 0.916395 2.76285 4251 80 0.0393377
17.5515 10136 8688 0.0757433 1.27809 2.81029 1.27809 2.75749 4258 80 0.0393302
17.5522 11584 7240 0.071662 80.3373 2.81347 80.3373 2.76067 4263 80 0.0393712
17.6158 10136 8688 0.069133 1.27568 2.80792 1.27568 2.75531 4270 80 0.0391658
17.6796 11584 7240 0.067343 0.907766 2.80106 0.907766 2.74865 4275 80 0.0392891
17.7431 10136 8688 0.0731302 1.27568 2.7956 1.27568 2.74337 4282 80 0.0392548
17.8066 11584 7240 0.0701165 0.912924 2.78889 0.912924 2.73685 4287 80 0.0393375
17.87 10136 8688 0.0758769 1.27809 2.78353 1.27809 2.73167 4294 80 0.0393344
17.8707 11584 7240 0.0718316 80.3373 2.78666 80.3373 2.7348 4299 80 0.0393752
17.9345 10136 8688 0.0692465 1.27087 2.78126 1.27087 2.72959 4306 80 0.0391679
17.9983 11584 7240 0.0675148 0.907766 2.77462 0.907766 2.72313 4311 80 0.0392917
18.062 10136 8688 0.0732452 1.27327 2.76933 1.27327 2.71802 4318 80 0.0392578
18.1255 11584 7240 0.0701936 0.912924 2.76283 0.912924 2.7117 4323 80 0.0393391
18.1889 10136 8688 0.0756941 1.27809 2.75765 1.27809 2.7067 4330 80 0.0393287
18.1896 11584 7240 0.0718342 80.3373 2.76073 80.3373 2.70978 4335 80 0.0393752
18.2534 10136 8688 0.0692483 1.27087 2.75552 1.27087 2.70475 4342 80 0.0391679
18.3173 11584 7240 0.0676253 0.907766 2.74908 0.907766 2.69849 4347 80 0.0392933
18.3811 10136 8688 0.0733193 1.27087 2.74395 1.27087 2.69353 4354 80 0.0392598
18.4445 11584 7240 0.0702432 0.912924 2.73765 0.912924 2.68741 4359 80 0.0393401
18.5079 10136 8688 0.0757274 1.27809 2.73265 1.27809 2.68258 4366 80 0.0393297
18.5087 11584 7240 0.0718564 80.3373 2.73567 80.3373 2.6856 4371 80 0.0393758
18.5722 10136 8688 0.0691538 1.27568 2.73068 1.27568 2.68078 4378 80 0.0391662
18.636 11584 7240 0.0675777 0.907766 2.72443 0.907766 2.67471 4383 80 0.0392926
18.6996 10136 8688 0.0732874 1.27568 2.71951 1.27568 2.66995 4390 80 0.0392589
18.763 11584 7240 0.0701261 0.912924 2.7134 0.912924 2.66401 4395 80 0.0393377
18.8265 10136 8688 0.075854 1.27809 2.70856 1.27809 2.65934 4402 80 0.0393337
18.8272 11584 7240 0.0717362 80.3373 2.71154 80.3373 2.66231 4407 80 0.0393729
18.891 10136 8688 0.0693076 1.27087 2.70667 1.27087 2.65762 4414 80 0.039169
18.9548 11584 7240 0.0675557 0.907766 2.70062 0.907766 2.65172 4419 80 0.0392923
19.0184 10136 8688 0.0732727 1.27568 2.69585 1.27568 2.64713 4426 80 0.0392585
19.0816 11584 7240 0.0699776 0.916395 2.68996 0.916395 2.64139 4431 80 0.0393347
19.145 10136 8688 0.0757838 1.27809 2.68528 1.27809 2.63688 4438 80 0.0393315
19.1458 11584 7240 0.0717692 80.3373 2.6882 80.3373 2.6398 4443 80 0.0393737
19.2094 10136 8688 0.0691091 1.27327 2.68351 1.27327 2.63527 4450 80 0.0391654
19.2732 11584 7240 0.0675321 0.907766 2.67764 0.907766 2.62955 4455 80 0.0392919
19.3369 10136 8688 0.0731318 1.27327 2.67301 1.27327 2.62509 4462 80 0.0392548
19.4003 11584 7240 0.0701176 0.914656 2.66727 0.914656 2.6195 4467 80 0.0393376
19.4637 10136 8688 0.0757389 1.27809 2.66274 1.27809 2.61513 4474 80 0.0393301
19.4644 11584 7240 0.0717685 80.3373 2.66562 80.3373 2.61801 4479 80 0.0393737
19.5281 10136 8688 0.0692043 1.27327 2.66108 1.27327 2.61362 4486 80 0.0391671
19.5917 11584 7240 0.0674865 0.911198 2.6554 0.911198 2.6081 4491 80 0.0392912
19.6552 10136 8688 0.0730212 1.27568 2.65094 1.27568 2.60379 4498 80 0.0392519
19.7184 11584 7240 0.0700435 0.916395 2.64538 0.916395 2.59838 4503 80 0.0393361
19.7819 10136 8688 0.0755936 1.27809 2.64099 1.27809 2.59415 4510 80 0.0393255
19.7826 11584 7240 0.0717668 80.3373 2.64383 80.3373 2.59698 4515 80 0.0393736
19.8462 10136 8688 0.0690938 1.27568 2.63944 1.27568 2.59275 4522 80 0.0391651
19.91 11584 7240 0.0674124 0.907766 2.63389 0.907766 2.58735 4527 80 0.0392901
19.9735 10136 8688 0.0731767 1.27568 2.62957 1.27568 2.58317 4534 80 0.039256
20.037 11584 7240 0.0700227 0.912924 2.62414 0.912924 2.57789 4539 80 0.0393356
20.1004 10136 8688 0.0757847 1.27809 2.61989 1.27809 2.57378 4546 80 0.0393315
20.1011 11584 7240 0.0717855 80.3373 2.62268 80.3373 2.57657 4551 80 0.0393741
20.165 10136 8688 0.0692156 1.27087 2.6184 1.27087 2.57244 4558 80 0.0391673
20.2288 11584 7240 0.0674941 0.907766 2.613 0.907766 2.56719 4563 80 0.0392913
20.2924 10136 8688 0.0732314 1.27327 2.6088 1.27327 2.56313 4570 80 0.0392574
20.3559 11584 7240 0.0700593 0.912924 2.60351 0.912924 2.55799 4575 80 0.0393364
20.4193 10136 8688 0.0759343 1.27809 2.59939 1.27809 2.55401 4582 80 0.0393363
20.4201 11584 7240 0.0718856 80.3373 2.60214 80.3373 2.55676 4587 80 0.0393765
20.4839 10136 8688 0.0692828 1.27087 2.59799 1.27087 2.55275 4594 80 0.0391685
20.5477 11584 7240 0.067539 0.907766 2.59274 0.907766 2.54764 4599 80 0.039292
20.6113 10136 8688 0.0732615 1.27327 2.58867 1.27327 2.5437 4606 80 0.0392582
20.6748 11584 7240 0.0700795 0.912924 2.58352 0.912924 2.5387 4611 80 0.0393368
20.7382 10136 8688 0.0759478 1.27809 2.57953 1.27809 2.53484 4618 80 0.0393367
20.739 11584 7240 0.0717697 80.3373 2.58223 80.3373 2.53755 4623 80 0.0393737
20.8028 10136 8688 0.0692051 1.27087 2.57821 1.27087 2.53366 4630 80 0.0391671
20.8663 11584 7240 0.0675827 0.911198 2.57313 0.911198 2.52872 4635 80 0.0392927
20.9299 10136 8688 0.0730564 1.27568 2.56919 1.27568 2.52492 4642 80 0.0392528
20.9931 11584 7240 0.0700671 0.916395 2.56422 0.916395 2.52007 4647 80 0.0393365
21.0565 10136 8688 0.0757051 1.27809 2.56034 1.27809 2.51633 4654 80 0.039329
21.0573 11584 7240 0.0717458 80.3373 2.563 80.3373 2.51899 4659 80 0.0393732
21.1208 10136 8688 0.0690641 1.27568 2.55913 1.27568 2.51525 4666 80 0.0391645
21.1846 11584 7240 0.0673925 0.907766 2.55416 0.907766 2.51041 4671 80 0.0392898
21.2482 10136 8688 0.073054 1.27568 2.55033 1.27568 2.50672 4678 80 0.0392528
21.3116 11584 7240 0.0700655 0.912924 2.54546 0.912924 2.50197 4683 80 0.0393365
21.3751 10136 8688 0.0758427 1.27809 2.5417 1.27809 2.49834 4690 80 0.0393334
21.3758 11584 7240 0.0718087 80.3373 2.54432 80.3373 2.50097 4695 80 0.0393746
21.4396 10136 8688 0.0692312 1.27087 2.54053 1.27087 2.49731 4702 80 0.0391676
21.5034 11584 7240 0.0675045 0.907766 2.53568 0.907766 2.49259 4707 80 0.0392915
21.5671 10136 8688 0.0732384 1.27327 2.53196 1.27327 2.48899 4714 80 0.0392576
21.6305 11584 7240 0.070189 0.912924 2.52721 0.912924 2.48437 4719 80 0.039339
21.694 10136 8688 0.0758004 1.27809 2.52356 1.27809 2.48084 4726 80 0.039332
21.6947 11584 7240 0.0717804 80.3373 2.52614 80.3373 2.48342 4731 80 0.039374
21.7585 10136 8688 0.0693079 1.27087 2.52246 1.27087 2.47987 4738 80 0.039169
21.8223 11584 7240 0.0675559 0.907766 2.51774 0.907766 2.47527 4743 80 0.0392923
21.8859 10136 8688 0.0731478 1.27568 2.51413 1.27568 2.47179 4750 80 0.0392552
21.9491 11584 7240 0.0701283 0.916395 2.50953 0.916395 2.46731 4755 80 0.0393378
22.0125 10136 8688 0.0757461 1.27809 2.50598 1.27809 2.46388 4762 80 0.0393303
22.0133 11584 7240 0.0717733 80.3373 2.50853 80.3373 2.46643 4767 80 0.0393738
22.0769 10136 8688 0.0690825 1.27327 2.50497 1.27327 2.46299 4774 80 0.0391649
22.1405 11584 7240 0.0674049 0.911198 2.50039 0.911198 2.45854 4779 80 0.03929
22.2041 10136 8688 0.0730622 1.27568 2.49689 1.27568 2.45515 4786 80 0.039253
22.2673 11584 7240 0.070071 0.916395 2.4924 0.916395 2.45078 4791 80 0.0393366
22.3307 10136 8688 0.075612 1.27809 2.48895 1.27809 2.44745 4798 80 0.0393261
22.3314 11584 7240 0.0716834 80.3373 2.49146 80.3373 2.44996 4803 80 0.0393717
22.3951 10136 8688 0.0691473 1.27327 2.488 1.27327 2.44662 4810 80 0.039166
22.4587 11584 7240 0.0674483 0.911198 2.48354 0.911198 2.44227 4815 80 0.0392907
22.5223 10136 8688 0.073105 1.27568 2.48013 1.27568 2.43898 4822 80 0.0392541
22.5857 11584 7240 0.0699746 0.912924 2.47572 0.912924 2.43469 4827 80 0.0393347
22.6494 10136 8688 0.0757818 1.27327 2.47234 1.27327 2.43143 4834 80 0.0393314
22.6501 11584 7240 0.0718929 80.3373 2.47482 80.3373 2.43391 4839 80 0.0393766
22.7139 10136 8688 0.0692876 1.27087 2.47144 1.27087 2.43064 4846 80 0.0391686
22.7777 11584 7240 0.0675423 0.907766 2.46706 0.907766 2.42637 4851 80 0.0392921
22.8412 10136 8688 0.0731543 1.27809 2.46376 1.27809 2.42319 4858 80 0.0392554
22.9044 11584 7240 0.0701327 0.916395 2.45949 0.916395 2.41903 4863 80 0.0393379
22.9678 10136 8688 0.0756533 1.27809 2.45622 1.27809 2.41588 4870 80 0.0393274
22.9685 11584 7240 0.0718068 80.3373 2.45867 80.3373 2.41832 4875 80 0.0393746
23.0321 10136 8688 0.0691206 1.27568 2.4554 1.27568 2.41517 4882 80 0.0391656
23.0959 11584 7240 0.0674304 0.907766 2.45113 0.907766 2.411 4887 80 0.0392904
23.1595 10136 8688 0.0731887 1.27568 2.4479 1.27568 2.40789 4894 80 0.0392563
23.2229 11584 7240 0.0699213 0.912924 2.44371 0.912924 2.4038 4899 80 0.0393336
23.2863 10136 8688 0.0758418 1.27809 2.44053 1.27809 2.40074 4906 80 0.0393333
23.2871 11584 7240 0.0718237 80.3373 2.44294 80.3373 2.40315 4911 80 0.039375
23.3509 10136 8688 0.0692413 1.27087 2.43974 1.27087 2.40006 4918 80 0.0391678
23.4147 11584 7240 0.0675113 0.907766 2.43557 0.907766 2.39599 4923 80 0.0392916
23.4784 10136 8688 0.0732429 1.27327 2.43241 1.27327 2.39294 4930 80 0.0392577
23.5418 11584 7240 0.070067 0.912924 2.42832 0.912924 2.38895 4935 80 0.0393365
23.6053 10136 8688 0.0759394 1.27809 2.42523 1.27809 2.38597 4942 80 0.0393364
23.606 11584 7240 0.0717641 80.3373 2.42761 80.3373 2.38835 4947 80 0.0393736
23.6698 10136 8688 0.0692013 1.27087 2.42449 1.27087 2.38534 4954 80 0.039167
23.7336 11584 7240 0.0675802 0.907766 2.42041 0.907766 2.38137 4959 80 0.0392926
23.7974 10136 8688 0.0732891 1.27087 2.41733 1.27087 2.37839 4966 80 0.039259
23.8608 11584 7240 0.070098 0.912924 2.41333 0.912924 2.37449 4971 80 0.0393372
23.9243 10136 8688 0.0759602 1.27809 2.41032 1.27809 2.37158 4978 80 0.0393371
23.925 11584 7240 0.071903 80.3373 2.41267 80.3373 2.37393 4983 80 0.0393769
23.9886 10136 8688 0.0692944 1.27568 2.40965 1.27568 2.37102 4990 80 0.0391688
24.0524 11584 7240 0.0674511 0.907766 2.40567 0.907766 2.36714 4995 80 0.0392907
24.1159 10136 8688 0.0730776 1.27568 2.40269 1.27568 2.36426 5002 80 0.0392534
24.1794 11584 7240 0.0700813 0.912924 2.39878 0.912924 2.36046 5007 80 0.0393368
24.2428 10136 8688 0.0757146 1.27809 2.39585 1.27809 2.35762 5014 80 0.0393293
24.2435 11584 7240 0.0718479 80.3373 2.39817 80.3373 2.35994 5019 80 0.0393756
24.3073 10136 8688 0.0692575 1.27087 2.39521 1.27087 2.35708 5026 80 0.0391681
24.3712 11584 7240 0.0675221 0.907766 2.39131 0.907766 2.35329 5031 80 0.0392918
24.4347 10136 8688 0.0732501 1.27568 2.38841 1.27568 2.35049 5038 80 0.0392579
24.4979 11584 7240 0.0699762 0.916395 2.38461 0.916395 2.34679 5043 80 0.0393347
24.5614 10136 8688 0.0757536 1.27809 2.38176 1.27809 2.34403 5050 80 0.0393305
24.5621 11584 7240 0.0717646 80.3373 2.38404 80.3373 2.34632 5055 80 0.0393736
24.6258 10136 8688 0.0692017 1.27327 2.38117 1.27327 2.34354 5062 80 0.039167
24.6896 11584 7240 0.0674847 0.907766 2.37736 0.907766 2.33983 5067 80 0.0392912
24.7533 10136 8688 0.0732251 1.27327 2.37452 1.27327 2.33709 5074 80 0.0392573
24.8166 11584 7240 0.0700551 0.914656 2.3708 0.914656 2.33346 5079 80 0.0393363
24.88 10136 8688 0.0758357 1.27809 2.36801 1.27809 2.33076 5086 80 0.0393331
24.8808 11584 7240 0.071804 80.3373 2.37027 80.3373 2.33303 5091 80 0.0393745
24.9444 10136 8688 0.0691324 1.27327 2.36747 1.27327 2.33032 5098 80 0.0391658
25.0082 11584 7240 0.0675477 0.907766 2.36375 0.907766 2.32669 5103 80 0.0392922
25.0719 10136 8688 0.0731423 1.27327 2.36098 1.27327 2.32401 5110 80 0.0392551
25.1354 11584 7240 0.0701246 0.912924 2.35732 0.912924 2.32045 5115 80 0.0393377
25.1988 10136 8688 0.0757436 1.27809 2.3546 1.27809 2.31783 5122 80 0.0393302
25.1995 11584 7240 0.0718673 80.3373 2.35684 80.3373 2.32006 5127 80 0.039376
25.2633 10136 8688 0.0692705 1.27087 2.35409 1.27087 2.31741 5134 80 0.0391683
25.3271 11584 7240 0.0675308 0.907766 2.35045 0.907766 2.31386 5139 80 0.0392919
25.3908 10136 8688 0.073256 1.27327 2.34775 1.27327 2.31125 5146 80 0.0392581
25.4543 11584 7240 0.0702008 0.912924 2.34417 0.912924 2.30776 5151 80 0.0393392
25.5177 10136 8688 0.0757947 1.27809 2.34152 1.27809 2.3052 5158 80 0.0393318
25.5184 11584 7240 0.0718058 80.3373 2.34372 80.3373 2.30741 5163 80 0.0393746
25.5822 10136 8688 0.0693387 1.27087 2.34105 1.27087 2.30482 5170 80 0.0391696
25.6461 11584 7240 0.0675765 0.907766 2.33748 0.907766 2.30135 5175 80 0.0392926
25.7097 10136 8688 0.0732866 1.27327 2.33485 1.27327 2.2988 5182 80 0.0392589
25.7732 11584 7240 0.0701256 0.912924 2.33135 0.912924 2.29539 5187 80 0.0393377
25.8366 10136 8688 0.0758537 1.27809 2.32876 1.27809 2.29289 5194 80 0.0393337
25.8373 11584 7240 0.0718453 80.3373 2.33094 80.3373 2.29507 5199 80 0.0393755
25.9012 10136 8688 0.0692558 1.27087 2.32833 1.27087 2.29255 5206 80 0.039168
25.965 11584 7240 0.0675209 0.907766 2.32483 0.907766 2.28914 5211 80 0.0392918
26.0286 10136 8688 0.0732494 1.27327 2.32226 1.27327 2.28666 5218 80 0.0392579
26.092 11584 7240 0.0700714 0.914656 2.31885 0.914656 2.28333 5223 80 0.0393366
26.1554 10136 8688 0.0758173 1.27809 2.31632 1.27809 2.28089 5230 80 0.0393326
26.1561 11584 7240 0.0718073 80.3373 2.31847 80.3373 2.28304 5235 80 0.0393746
26.2198 10136 8688 0.0692303 1.27327 2.31593 1.27327 2.28059 5242 80 0.0391676
26.2834 11584 7240 0.0675039 0.911198 2.31254 0.911198 2.27728 5247 80 0.0392915
26.3469 10136 8688 0.0730036 1.27568 2.31003 1.27568 2.27486 5254 80 0.0392515
26.4104 11584 7240 0.0700317 0.912924 2.30668 0.912924 2.27159 5259 80 0.0393358
26.4741 10136 8688 0.0758064 1.27327 2.30419 1.27327 2.26919 5266 80 0.0393322
26.4748 11584 7240 0.0719094 80.3373 2.30632 80.3373 2.27131 5271 80 0.039377
26.5386 10136 8688 0.0692986 1.27087 2.30383 1.27087 2.26891 5278 80 0.0391688
26.6024 11584 7240 0.0675497 0.907766 2.30048 0.907766 2.26564 5283 80 0.0392922
26.6658 10136 8688 0.0731436 1.27809 2.29805 1.27809 2.26329 5290 80 0.0392551
26.7291 11584 7240 0.0701255 0.916395 2.29478 0.916395 2.26011 5295 80 0.0393377
26.7925 10136 8688 0.0757442 1.27809 2.29237 1.27809 2.25778 5302 80 0.0393303
26.7932 11584 7240 0.0716626 80.3373 2.29447 80.3373 2.25988 5307 80 0.0393712
26.8568 10136 8688 0.0691334 1.27568 2.29206 1.27568 2.25755 5314 80 0.0391658
26.9206 11584 7240 0.067439 0.907766 2.28878 0.907766 2.25436 5319 80 0.0392905
26.9842 10136 8688 0.0730851 1.27568 2.28639 1.27568 2.25205 5326 80 0.0392536
27.0476 11584 7240 0.0700863 0.912924 2.28317 0.912924 2.24891 5331 80 0.0393369
27.111 10136 8688 0.0758566 1.27809 2.28082 1.27809 2.24664 5338 80 0.0393338
27.1118 11584 7240 0.071818 80.3373 2.2829 80.3373 2.24871 5343 80 0.0393749
27.1756 10136 8688 0.0692375 1.27087 2.28052 1.27087 2.24642 5350 80 0.0391677
27.2394 11584 7240 0.0675087 0.907766 2.2773 0.907766 2.24328 5355 80 0.0392916
27.3031 10136 8688 0.0732412 1.27327 2.27496 1.27327 2.24102 5362 80 0.0392577
27.3665 11584 7240 0.0701909 0.912924 2.2718 0.912924 2.23794 5367 80 0.039339
27.4299 10136 8688 0.0756923 1.27809 2.26951 1.27809 2.23572 5374 80 0.0393286
27.4307 11584 7240 0.0718329 80.3373 2.27156 80.3373 2.23777 5379 80 0.0393752
27.4945 10136 8688 0.0692475 1.27087 2.26924 1.27087 2.23553 5386 80 0.0391679
27.5583 11584 7240 0.0676248 0.907766 2.26608 0.907766 2.23246 5391 80 0.0392933
27.6221 10136 8688 0.0733189 1.27087 2.26378 1.27087 2.23023 5398 80 0.0392598
27.6855 11584 7240 0.070243 0.912924 2.26069 0.912924 2.22722 5403 80 0.0393401
27.749 10136 8688 0.0758366 1.27809 2.25844 1.27809 2.22505 5410 80 0.0393332
27.7497 11584 7240 0.0718046 80.3373 2.26047 80.3373 2.22707 5415 80 0.0393745
27.8133 10136 8688 0.0692285 1.27568 2.25822 1.27568 2.2249 5422 80 0.0391675
27.8771 11584 7240 0.0675027 0.907766 2.25513 0.907766 2.22189 5427 80 0.0392915
27.9406 10136 8688 0.0732371 1.27568 2.2529 1.27568 2.21973 5434 80 0.0392576
28.0041 11584 7240 0.0700925 0.912924 2.24986 0.912924 2.21677 5439 80 0.039337
28.0675 10136 8688 0.0758315 1.27809 2.24767 1.27809 2.21465 5446 80 0.039333
28.0682 11584 7240 0.0717211 80.3373 2.24967 80.3373 2.21666 5451 80 0.0393726
28.132 10136 8688 0.0692975 1.27087 2.24745 1.27087 2.21451 5458 80 0.0391688
28.1958 11584 7240 0.0675489 0.907766 2.24442 0.907766 2.21156 5463 80 0.0392922
28.2594 10136 8688 0.0732681 1.27568 2.24224 1.27568 2.20945 5470 80 0.0392584
28.3226 11584 7240 0.0699745 0.916395 2.23928 0.916395 2.20656 5475 80 0.0393347
28.3861 10136 8688 0.0757818 1.27809 2.23714 1.27809 2.20449 5482 80 0.0393314
28.3868 11584 7240 0.0717679 80.3373 2.23912 80.3373 2.20647 5487 80 0.0393737
28.4505 10136 8688 0.0691082 1.27327 2.23696 1.27327 2.20438 5494 80 0.0391653
28.5143 11584 7240 0.0675314 0.907766 2.23398 0.907766 2.20148 5499 80 0.0392919
28.578 10136 8688 0.0731314 1.27327 2.23184 1.27327 2.19941 5506 80 0.0392548
28.6413 11584 7240 0.0701173 0.914656 2.22893 0.914656 2.19657 5511 80 0.0393375
28.7047 10136 8688 0.0757388 1.27809 2.22683 1.27809 2.19454 5518 80 0.0393301
28.7054 11584 7240 0.0717683 80.3373 2.22879 80.3373 2.19651 5523 80 0.0393737
28.7691 10136 8688 0.0692042 1.27327 2.22668 1.27327 2.19446 5530 80 0.0391671
28.8327 11584 7240 0.0674864 0.911198 2.22378 0.911198 2.19163 5535 80 0.0392912
28.8963 10136 8688 0.0731305 1.27568 2.22169 1.27568 2.18962 5542 80 0.0392548
28.9595 11584 7240 0.0699917 0.916395 2.21884 0.916395 2.18684 5547 80 0.039335
29.0229 10136 8688 0.0755589 1.27809 2.21678 1.27809 2.18485 5554 80 0.0393245
29.0236 11584 7240 0.0717436 80.3373 2.21873 80.3373 2.1868 5559 80 0.0393731
29.0872 10136 8688 0.0690782 1.27568 2.21666 1.27568 2.1848 5566 80 0.0391648
29.151 11584 7240 0.067402 0.907766 2.2138 0.907766 2.18201 5571 80 0.03929
29.2146 10136 8688 0.0731697 1.27568 2.21176 1.27568 2.18004 5578 80 0.0392558
29.278 11584 7240 0.070143 0.912924 2.20894 0.912924 2.17729 5583 80 0.0393381
29.3415 10136 8688 0.0758653 1.27809 2.20693 1.27809 2.17535 5590 80 0.0393341
29.3422 11584 7240 0.0717438 80.3373 2.20885 80.3373 2.17727 5595 80 0.0393731
29.406 10136 8688 0.0691877 1.27087 2.20682 1.27087 2.1753 5602 80 0.0391668
29.4698 11584 7240 0.0674754 0.907766 2.204 0.907766 2.17256 5607 80 0.0392911
29.5335 10136 8688 0.0733145 1.27327 2.202 1.27327 2.17062 5614 80 0.0392597
29.5969 11584 7240 0.0700056 0.912924 2.19923 0.912924 2.16792 5619 80 0.0393353
29.6604 10136 8688 0.0758983 1.27809 2.19726 1.27809 2.16602 5626 80 0.0393351
29.6611 11584 7240 0.0718616 80.3373 2.19916 80.3373 2.16792 5631 80 0.0393759
29.7249 10136 8688 0.0692666 1.27087 2.19717 1.27087 2.16599 5638 80 0.0391682
29.7887 11584 7240 0.0675282 0.907766 2.19441 0.907766 2.1633 5643 80 0.0392919
29.8524 10136 8688 0.0732543 1.27327 2.19244 1.27327 2.1614 5650 80 0.0392581
29.9158 11584 7240 0.0700746 0.912924 2.18973 0.912924 2.15875 5655 80 0.0393367
29.9793 10136 8688 0.0759445 1.27809 2.1878 1.27809 2.15689 5662 80 0.0393366
29.98 11584 7240 0.0717675 80.3373 2.18968 80.3373 2.15877 5667 80 0.0393737
30.0438 10136 8688 0.0692036 1.27087 2.18773 1.27087 2.15688 5674 80 0.0391671
30.1074 11584 7240 0.0675817 0.911198 2.18503 0.911198 2.15425 5679 80 0.0392927
30.1709 10136 8688 0.0730557 1.27568 2.18312 1.27568 2.1524 5686 80 0.0392528
30.2341 11584 7240 0.0700666 0.916395 2.18047 0.916395 2.14982 5691 80 0.0393365
30.2976 10136 8688 0.0757048 1.27809 2.17858 1.27809 2.14799 5698 80 0.039329
30.2983 11584 7240 0.0717456 80.3373 2.18044 80.3373 2.14985 5703 80 0.0393731
30.3619 10136 8688 0.0690639 1.27568 2.17854 1.27568 2.14802 5710 80 0.0391645
30.4257 11584 7240 0.0673924 0.907766 2.17588 0.907766 2.14542 5715 80 0.0392898
30.4892 10136 8688 0.0730539 1.27568 2.174 1.27568 2.14361 5722 80 0.0392528
30.5527 11584 7240 0.0700654 0.912924 2.17138 0.912924 2.14105 5727 80 0.0393365
30.6161 10136 8688 0.0758427 1.27809 2.16953 1.27809 2.13926 5734 80 0.0393334
30.6168 11584 7240 0.0718087 80.3373 2.17137 80.3373 2.14111 5739 80 0.0393746
30.6806 10136 8688 0.0692312 1.27087 2.1695 1.27087 2.1393 5746 80 0.0391676
30.7444 11584 7240 0.0675045 0.907766 2.16688 0.907766 2.13674 5751 80 0.0392915
30.8081 10136 8688 0.0732384 1.27327 2.16504 1.27327 2.13495 5758 80 0.0392576
30.8716 11584 7240 0.070189 0.912924 2.16246 0.912924 2.13244 5763 80 0.039339
30.935 10136 8688 0.0759254 1.27809 2.16065 1.27809 2.13069 5770 80 0.039336
30.9357 11584 7240 0.0718641 80.3373 2.16247 80.3373 2.13251 5775 80 0.0393759
30.9995 10136 8688 0.0692683 1.27087 2.16063 1.27087 2.13074 5782 80 0.0391683
31.0633 11584 7240 0.0675294 0.907766 2.15806 0.907766 2.12823 5787 80 0.0392919
31.1269 10136 8688 0.07313 1.27568 2.15626 1.27568 2.12649 5794 80 0.0392548
31.1901 11584 7240 0.0701164 0.916395 2.15375 0.916395 2.12404 5799 80 0.0393375
31.2536 10136 8688 0.0757381 1.27809 2.15197 1.27809 2.12232 5806 80 0.0393301
31.2543 11584 7240 0.0717679 80.3373 2.15377 80.3373 2.12412 5811 80 0.0393737
31.318 10136 8688 0.0690789 1.27327 2.15198 1.27327 2.12239 5818 80 0.0391648
31.3815 11584 7240 0.0674025 0.911198 2.14947 0.911198 2.11994 5823 80 0.03929
31.4451 10136 8688 0.0730606 1.27568 2.1477 1.27568 2.11823 5830 80 0.039253
31.5083 11584 7240 0.0700699 0.916395 2.14523 0.916395 2.11582 5835 80 0.0393366
31.5717 10136 8688 0.0756113 1.27809 2.14349 1.27809 2.11414 5842 80 0.0393261
31.5725 11584 7240 0.071683 80.3373 2.14528 80.3373 2.11592 5847 80 0.0393717
31.6361 10136 8688 0.069147 1.27327 2.14352 1.27327 2.11423 5854 80 0.039166
31.6997 11584 7240 0.0674481 0.911198 2.14105 0.911198 2.11182 5859 80 0.0392907
31.7633 10136 8688 0.0731049 1.27568 2.13932 1.27568 2.11014 5866 80 0.0392541
31.8267 11584 7240 0.0699745 0.912924 2.13687 0.912924 2.10776 5871 80 0.0393347
31.8904 10136 8688 0.0757818 1.27327 2.13515 1.27327 2.10609 5878 80 0.0393314
31.8911 11584 7240 0.0718929 80.3373 2.13692 80.3373 2.10786 5883 80 0.0393766
31.9549 10136 8688 0.0692876 1.27087 2.13519 1.27087 2.10619 5890 80 0.0391686
32.0187 11584 7240 0.0675423 0.907766 2.13274 0.907766 2.1038 5895 80 0.0392921
32.0822 10136 8688 0.0731543 1.27809 2.13105 1.27809 2.10217 5902 80 0.0392554
32.1454 11584 7240 0.0701327 0.916395 2.12866 0.916395 2.09983 5907 80 0.0393379
32.2088 10136 8688 0.0756533 1.27809 2.12699 1.27809 2.09822 5914 80 0.0393274
32.2096 11584 7240 0.0718068 80.3373 2.12874 80.3373 2.09997 5919 80 0.0393746
32.2731 10136 8688 0.0691206 1.27568 2.12706 1.27568 2.09834 5926 80 0.0391656
32.3369 11584 7240 0.0674304 0.907766 2.12465 0.907766 2.09599 5931 80 0.0392904
32.4005 10136 8688 0.0731887 1.27568 2.12299 1.27568 2.09438 5938 80 0.0392563
32.4639 11584 7240 0.0699213 0.912924 2.12062 0.912924 2.09208 5943 80 0.0393336
32.5274 10136 8688 0.0758418 1.27809 2.11898 1.27809 2.09049 5950 80 0.0393333
32.5281 11584 7240 0.0718237 80.3373 2.12071 80.3373 2.09222 5955 80 0.039375
32.5919 10136 8688 0.0692413 1.27087 2.11905 1.27087 2.09061 5962 80 0.0391678
32.6557 11584 7240 0.0675113 0.907766 2.11668 0.907766 2.0883 5967 80 0.0392916
32.7194 10136 8688 0.0732429 1.27327 2.11504 1.27327 2.08672 5974 80 0.0392577
32.7828 11584 7240 0.070067 0.912924 2.11271 0.912924 2.08444 5979 80 0.0393365
32.8463 10136 8688 0.0759394 1.27809 2.1111 1.27809 2.08289 5986 80 0.0393364
32.847 11584 7240 0.0718891 80.3373 2.11282 80.3373 2.08461 5991 80 0.0393765
32.9108 10136 8688 0.0692851 1.27087 2.11119 1.27087 2.08303 5998 80 0.0391686
32.9746 11584 7240 0.0675406 0.907766 2.10886 0.907766 2.08075 6003 80 0.039292
33.0384 10136 8688 0.0732625 1.27087 2.10724 1.27087 2.07919 6010 80 0.0392583
33.1019 11584 7240 0.0700802 0.912924 2.10495 0.912924 2.07695 6015 80 0.0393368
33.1653 10136 8688 0.0759482 1.27809 2.10337 1.27809 2.07543 6022 80 0.0393367
33.166 11584 7240 0.071895 80.3373 2.10507 80.3373 2.07713 6027 80 0.0393767
33.2296 10136 8688 0.069289 1.27568 2.10348 1.27568 2.07559 6034 80 0.0391687
33.2934 11584 7240 0.0674475 0.907766 2.10119 0.907766 2.07336 6039 80 0.0392907
33.357 10136 8688 0.0730752 1.27568 2.09962 1.27568 2.07184 6046 80 0.0392533
33.4204 11584 7240 0.0700797 0.912924 2.09736 0.912924 2.06964 6051 80 0.0393368
33.4838 10136 8688 0.0757135 1.27809 2.09581 1.27809 2.06814 6058 80 0.0393293
33.4846 11584 7240 0.0718472 80.3373 2.0975 80.3373 2.06982 6063 80 0.0393755
33.5484 10136 8688 0.069257 1.27087 2.09593 1.27087 2.0683 6070 80 0.0391681
33.6122 11584 7240 0.0675218 0.907766 2.09367 0.907766 2.0661 6075 80 0.0392918
33.6757 10136 8688 0.0732499 1.27568 2.09213 1.27568 2.06461 6082 80 0.0392579
33.7389 11584 7240 0.069976 0.916395 2.08992 0.916395 2.06246 6087 80 0.0393347
33.8024 10136 8688 0.0757535 1.27809 2.0884 1.27809 2.06098 6094 80 0.0393305
33.8031 11584 7240 0.0717645 80.3373 2.09007 80.3373 2.06265 6099 80 0.0393736
33.8668 10136 8688 0.0692016 1.27327 2.08853 1.27327 2.06117 6106 80 0.039167
33.9306 11584 7240 0.0674847 0.907766 2.08631 0.907766 2.059 6111 80 0.0392912
33.9943 10136 8688 0.0732251 1.27327 2.08479 1.27327 2.05753 6118 80 0.0392573
34.0576 11584 7240 0.0700551 0.914656 2.08261 0.914656 2.0554 6123 80 0.0393363
34.1211 10136 8688 0.0758357 1.27809 2.08112 1.27809 2.05396 6130 80 0.0393331
34.1218 11584 7240 0.071804 80.3373 2.08277 80.3373 2.05561 6135 80 0.0393745
34.1855 10136 8688 0.0691324 1.27327 2.08126 1.27327 2.05415 6142 80 0.0391658
34.2493 11584 7240 0.0675477 0.907766 2.07908 0.907766 2.05202 6147 80 0.0392922
34.313 10136 8688 0.0731423 1.27327 2.07758 1.27327 2.05057 6154 80 0.0392551
34.3764 11584 7240 0.0701246 0.912924 2.07543 0.912924 2.04847 6159 80 0.0393377
34.4398 10136 8688 0.0757436 1.27809 2.07396 1.27809 2.04705 6166 80 0.0393302
34.4406 11584 7240 0.0718673 80.3373 2.0756 80.3373 2.04869 6171 80 0.039376
34.5044 10136 8688 0.0692705 1.27087 2.07411 1.27087 2.04725 6178 80 0.0391683
34.5682 11584 7240 0.0675308 0.907766 2.07196 0.907766 2.04515 6183 80 0.0392919
34.6319 10136 8688 0.073256 1.27327 2.07049 1.27327 2.04373 6190 80 0.0392581
34.6953 11584 7240 0.0702008 0.912924 2.06837 0.912924 2.04166 6195 80 0.0393392
34.7587 10136 8688 0.0757947 1.27809 2.06693 1.27809 2.04027 6202 80 0.0393318
34.7595 11584 7240 0.0718058 80.3373 2.06856 80.3373 2.04189 6207 80 0.0393746
34.8233 10136 8688 0.0693387 1.27087 2.06709 1.27087 2.04048 6214 80 0.0391696
34.8871 11584 7240 0.0675765 0.907766 2.06497 0.907766 2.03841 6219 80 0.0392926
34.9508 10136 8688 0.0732866 1.27327 2.06353 1.27327 2.03702 6226 80 0.0392589
35.0142 11584 7240 0.0702213 0.912924 2.06145 0.912924 2.03498 6231 80 0.0393397
35.0777 10136 8688 0.0758084 1.27809 2.06003 1.27809 2.03361 6238 80 0.0393323
35.0784 11584 7240 0.071815 80.3373 2.06164 80.3373 2.03522 6243 80 0.0393748
35.1422 10136 8688 0.0692354 1.27087 2.0602 1.27087 2.03383 6250 80 0.0391677
35.206 11584 7240 0.0675073 0.907766 2.05811 0.907766 2.03179 6255 80 0.0392915
35.2697 10136 8688 0.0732403 1.27327 2.0567 1.27327 2.03042 6262 80 0.0392577
35.333 11584 7240 0.0700653 0.914656 2.05465 0.914656 2.02842 6267 80 0.0393365
35.3964 10136 8688 0.0758132 1.27809 2.05326 1.27809 2.02708 6274 80 0.0393324
35.3972 11584 7240 0.0718046 80.3373 2.05485 80.3373 2.02867 6279 80 0.0393745
35.4608 10136 8688 0.0692285 1.27327 2.05345 1.27327 2.02732 6286 80 0.0391675
35.5244 11584 7240 0.0675027 0.911198 2.05141 0.911198 2.02532 6291 80 0.0392915
35.588 10136 8688 0.0730028 1.27568 2.05002 1.27568 2.02398 6298 80 0.0392514
35.6514 11584 7240 0.0700311 0.912924 2.048 0.912924 2.022 6303 80 0.0393358
35.7151 10136 8688 0.075806 1.27327 2.04661 1.27327 2.02067 6310 80 0.0393322
35.7158 11584 7240 0.0719091 80.3373 2.04819 80.3373 2.02225 6315 80 0.039377
35.7796 10136 8688 0.0692985 1.27087 2.04681 1.27087 2.02091 6322 80 0.0391688
35.8434 11584 7240 0.0675496 0.907766 2.04478 0.907766 2.01893 6327 80 0.0392922
35.9069 10136 8688 0.0731436 1.27809 2.04343 1.27809 2.01762 6334 80 0.0392551
35.9701 11584 7240 0.0701255 0.916395 2.04145 0.916395 2.01568 6339 80 0.0393377
36.0335 10136 8688 0.0757442 1.27809 2.0401 1.27809 2.01438 6346 80 0.0393303
36.0342 11584 7240 0.071772 80.3373 2.04167 80.3373 2.01595 6351 80 0.0393738
36.0978 10136 8688 0.0690816 1.27568 2.04032 1.27568 2.01465 6358 80 0.0391649
36.1616 11584 7240 0.0674043 0.907766 2.03832 0.907766 2.01269 6363 80 0.03929
36.2252 10136 8688 0.0730619 1.27568 2.03698 1.27568 2.0114 6370 80 0.039253
36.2886 11584 7240 0.0700707 0.912924 2.03502 0.912924 2.00948 6375 80 0.0393366
36.3521 10136 8688 0.0758462 1.27809 2.0337 1.27809 2.0082 6382 80 0.0393335
36.3528 11584 7240 0.071811 80.3373 2.03525 80.3373 2.00976 6387 80 0.0393747
36.4166 10136 8688 0.0692328 1.27087 2.03391 1.27087 2.00846 6394 80 0.0391676
36.4804 11584 7240 0.0675056 0.907766 2.03194 0.907766 2.00654 6399 80 0.0392915
36.5441 10136 8688 0.0732391 1.27327 2.03062 1.27327 2.00526 6406 80 0.0392576
36.6075 11584 7240 0.0701895 0.912924 2.02868 0.912924 2.00337 6411 80 0.039339
36.671 10136 8688 0.0758007 1.27809 2.02738 1.27809 2.00211 6418 80 0.039332
36.6717 11584 7240 0.0717806 80.3373 2.02892 80.3373 2.00365 6423 80 0.039374
36.7355 10136 8688 0.0693081 1.27087 2.02761 1.27087 2.00238 6430 80 0.039169
36.7993 11584 7240 0.067556 0.907766 2.02566 0.907766 2.00048 6435 80 0.0392923
36.8631 10136 8688 0.0732729 1.27087 2.02436 1.27087 1.99922 6442 80 0.0392585
36.9266 11584 7240 0.0702121 0.912924 2.02245 0.912924 1.99735 6447 80 0.0393395
36.99 10136 8688 0.0758159 1.27809 2.02117 1.27809 1.99612 6454 80 0.0393325
36.9907 11584 7240 0.0717907 80.3373 2.0227 80.3373 1.99765 6459 80 0.0393742
37.0543 10136 8688 0.0692192 1.27568 2.02142 1.27568 1.99641 6466 80 0.0391674
37.1181 11584 7240 0.0674964 0.907766 2.0195 0.907766 1.99454 6471 80 0.0392914
37.1817 10136 8688 0.073233 1.27568 2.01823 1.27568 1.99331 6478 80 0.0392575
37.2451 11584 7240 0.0700897 0.912924 2.01635 0.912924 1.99147 6483 80 0.039337
37.3085 10136 8688 0.0758296 1.27809 2.01509 1.27809 1.99025 6490 80 0.039333
37.3093 11584 7240 0.0718292 80.3373 2.01661 80.3373 1.99177 6495 80 0.0393751
37.3731 10136 8688 0.069245 1.27087 2.01533 1.27087 1.99054 6502 80 0.0391678
37.4369 11584 7240 0.0675137 0.907766 2.01345 0.907766 1.98869 6507 80 0.0392916
37.5004 10136 8688 0.0732445 1.27568 2.01219 1.27568 1.98748 6514 80 0.0392578
37.5636 11584 7240 0.0699587 0.916395 2.01035 0.916395 1.98568 6519 80 0.0393344
37.6271 10136 8688 0.0757712 1.27809 2.00912 1.27809 1.98449 6526 80 0.0393311
37.6278 11584 7240 0.0717608 80.3373 2.01062 80.3373 1.98599 6531 80 0.0393735
37.6915 10136 8688 0.0691991 1.27327 2.00937 1.27327 1.98478 6538 80 0.039167
37.7553 11584 7240 0.067483 0.907766 2.00751 0.907766 1.98296 6543 80 0.0392912
37.819 10136 8688 0.073099 1.27327 2.00627 1.27327 1.98177 6550 80 0.039254
37.8823 11584 7240 0.0700956 0.914656 2.00445 0.914656 1.97999 6555 80 0.0393371
37.9457 10136 8688 0.0757242 1.27809 2.00323 1.27809 1.97881 6562 80 0.0393296
37.9465 11584 7240 0.0717586 80.3373 2.00472 80.3373 1.9803 6567 80 0.0393735
38.0102 10136 8688 0.0691976 1.27327 2.0035 1.27327 1.97912 6574 80 0.039167
38.0737 11584 7240 0.067482 0.911198 2.00167 0.911198 1.97733 6579 80 0.0392912
38.1373 10136 8688 0.0731276 1.27568 2.00046 1.27568 1.97616 6586 80 0.0392547
38.2005 11584 7240 0.0699898 0.916395 1.99867 0.916395 1.97441 6591 80 0.039335
38.2639 10136 8688 0.0755576 1.27809 1.99747 1.27809 1.97326 6598 80 0.0393244
38.2647 11584 7240 0.0717427 80.3373 1.99895 80.3373 1.97473 6603 80 0.0393731
38.3282 10136 8688 0.0690776 1.27568 1.99775 1.27568 1.97357 6610 80 0.0391648
38.392 11584 7240 0.0675266 0.907766 1.99594 0.907766 1.9718 6615 80 0.0392918
38.4556 10136 8688 0.0732532 1.27568 1.99475 1.27568 1.97065 6622 80 0.039258
38.519 11584 7240 0.0701032 0.912924 1.99297 0.912924 1.96891 6627 80 0.0393373
38.5825 10136 8688 0.0758387 1.27809 1.99179 1.27809 1.96777 6634 80 0.0393332
38.5832 11584 7240 0.0717259 80.3373 1.99326 80.3373 1.96924 6639 80 0.0393727
38.647 10136 8688 0.0693007 1.27087 1.99206 1.27087 1.96808 6646 80 0.0391689
38.7108 11584 7240 0.0675511 0.907766 1.99028 0.907766 1.96634 6651 80 0.0392922
38.7745 10136 8688 0.0732696 1.27327 1.9891 1.27327 1.9652 6658 80 0.0392585
38.8379 11584 7240 0.0699755 0.912924 1.98734 0.912924 1.96348 6663 80 0.0393347
38.9014 10136 8688 0.0758781 1.27809 1.98618 1.27809 1.96236 6670 80 0.0393345
38.9021 11584 7240 0.071848 80.3373 1.98764 80.3373 1.96381 6675 80 0.0393756
38.9659 10136 8688 0.0692576 1.27087 1.98646 1.27087 1.96268 6682 80 0.0391681
39.0297 11584 7240 0.0675222 0.907766 1.9847 0.907766 1.96095 6687 80 0.0392918
39.0934 10136 8688 0.0732502 1.27327 1.98354 1.27327 1.95983 6694 80 0.0392579
39.1568 11584 7240 0.0700719 0.912924 1.9818 0.912924 1.95814 6699 80 0.0393366
39.2203 10136 8688 0.0759427 1.27809 1.98067 1.27809 1.95704 6706 80 0.0393365
39.221 11584 7240 0.0718913 80.3373 1.98211 80.3373 1.95848 6711 80 0.0393766
39.2848 10136 8688 0.0692866 1.27087 1.98095 1.27087 1.95736 6718 80 0.0391686
39.3486 11584 7240 0.0675416 0.907766 1.97921 0.907766 1.95566 6723 80 0.0392921
39.4123 10136 8688 0.0732632 1.27327 1.97807 1.27327 1.95456 6730 80 0.0392583
39.4756 11584 7240 0.0700806 0.914656 1.97636 0.914656 1.95289 6735 80 0.0393368
39.5391 10136 8688 0.0758528 1.27809 1.97524 1.27809 1.95181 6742 80 0.0393337
39.5398 11584 7240 0.0718155 80.3373 1.97667 80.3373 1.95324 6747 80 0.0393748
39.6035 10136 8688 0.0691401 1.27327 1.97554 1.27327 1.95214 6754 80 0.0391659
39.667 11584 7240 0.0674434 0.911198 1.97384 0.911198 1.95047 6759 80 0.0392906
39.7304 10136 8688 0.0731975 1.28052 1.97273 1.28052 1.94941 6766 80 0.0392565
39.7933 11584 7240 0.0698315 0.919893 1.97107 0.919893 1.94778 6771 80 0.0393318
39.8565 10136 8688 0.0754516 1.28295 1.96997 1.28295 1.94672 6778 80 0.0393211
39.8573 11584 7240 0.071576 80.3373 1.97139 80.3373 1.94814 6783 80 0.0393692
39.9208 10136 8688 0.0689503 1.27568 1.97028 1.27568 1.94707 6790 80 0.0391625
39.9846 11584 7240 0.0673163 0.907766 1.96859 0.907766 1.94541 6795 80 0.0392887
40.0482 10136 8688 0.0730029 1.27568 1.96749 1.27568 1.94435 6802 80 0.0392515
40.1115 11584 7240 0.0700313 0.914656 1.96583 0.914656 1.94272 6807 80 0.0393358
40.175 10136 8688 0.0755854 1.27809 1.96474 1.27809 1.94167 6814 80 0.0393253
40.1757 11584 7240 0.0717613 80.3373 1.96615 80.3373 1.94308 6819 80 0.0393735
40.2392 10136 8688 0.0691995 1.27568 1.96506 1.27568 1.94203 6826 80 0.039167
40.303 11584 7240 0.0674832 0.907766 1.96338 0.907766 1.94039 6831 80 0.0392912
40.3666 10136 8688 0.0732241 1.27568 1.9623 1.27568 1.93934 6838 80 0.0392573
40.4298 11584 7240 0.0699587 0.916395 1.96066 0.916395 1.93774 6843 80 0.0393344
40.493 10136 8688 0.0757419 1.28295 1.95961 1.28295 1.93672 6850 80 0.0393302
40.4937 11584 7240 0.0716318 80.3373 1.961 80.3373 1.93812 6855 80 0.0393705
40.5573 10136 8688 0.069017 1.27568 1.95993 1.27568 1.93708 6862 80 0.0391637
40.621 11584 7240 0.067236 0.909479 1.95828 0.909479 1.93547 6867 80 0.0392875
40.6843 10136 8688 0.0730585 1.28052 1.95723 1.28052 1.93445 6874 80 0.0392529
40.7473 11584 7240 0.0698341 0.919893 1.95562 0.919893 1.93288 6879 80 0.0393319
40.8104 10136 8688 0.0754533 1.2854 1.95459 1.2854 1.93188 6886 80 0.0393212
40.8111 11584 7240 0.0714677 80.3373 1.95597 80.3373 1.93326 6891 80 0.0393667
40.8744 10136 8688 0.0689071 1.28052 1.95493 1.28052 1.93225 6898 80 0.0391617
40.9377 11584 7240 0.0670667 0.914656 1.95332 0.914656 1.93068 6903 80 0.0392851
41.0011 10136 8688 0.07274 1.28052 1.95228 1.28052 1.92968 6910 80 0.0392447
41.0643 11584 7240 0.0698551 0.916395 1.95068 0.916395 1.92812 6915 80 0.0393323
41.1275 10136 8688 0.0754674 1.28295 1.94966 1.28295 1.92712 6922 80 0.0393216
41.1282 11584 7240 0.0714772 80.3373 1.95103 80.3373 1.9285 6927 80 0.0393669
41.1919 10136 8688 0.0690091 1.27327 1.94998 1.27327 1.92749 6934 80 0.0391635
41.2557 11584 7240 0.0673557 0.907766 1.94837 0.907766 1.92591 6939 80 0.0392893
41.3192 10136 8688 0.0731387 1.27568 1.94734 1.27568 1.92491 6946 80 0.039255
41.3827 11584 7240 0.0699972 0.912924 1.94575 0.912924 1.92336 6951 80 0.0393351
41.4461 10136 8688 0.075797 1.27809 1.94473 1.27809 1.92237 6958 80 0.0393319
41.4469 11584 7240 0.071778 80.3373 1.94609 80.3373 1.92373 6963 80 0.0393739
41.5107 10136 8688 0.0692107 1.27087 1.94505 1.27087 1.92273 6970 80 0.0391672
41.5745 11584 7240 0.0674907 0.907766 1.94346 0.907766 1.92117 6975 80 0.0392913
41.6381 10136 8688 0.0732292 1.27327 1.94244 1.27327 1.92018 6982 80 0.0392574
41.7016 11584 7240 0.0701828 0.912924 1.94087 0.912924 1.91865 6987 80 0.0393389
41.765 10136 8688 0.0759213 1.27809 1.93986 1.27809 1.91768 6994 80 0.0393359
41.7658 11584 7240 0.0718613 80.3373 1.94122 80.3373 1.91903 6999 80 0.0393759
41.8296 10136 8688 0.0692665 1.27087 1.94019 1.27087 1.91804 7006 80 0.0391682
41.8931 11584 7240 0.0674188 0.911198 1.93863 0.911198 1.91651 7011 80 0.0392902
41.9566 10136 8688 0.0731809 1.27809 1.93763 1.27809 1.91555 7018 80 0.0392561
42.02 11584 7240 0.0700548 0.912924 1.93609 0.912924 1.91403 7023 80 0.0393363
42.0836 10136 8688 0.0758062 1.27568 1.93509 1.27568 1.91307 7030 80 0.0393322
42.0843 11584 7240 0.0718136 80.3373 1.93643 80.3373 1.91441 7035 80 0.0393747
42.1481 10136 8688 0.0692345 1.27087 1.93543 1.27087 1.91344 7042 80 0.0391677
42.2119 11584 7240 0.0675067 0.907766 1.93387 0.907766 1.91192 7047 80 0.0392915
42.2755 10136 8688 0.0732398 1.27568 1.93288 1.27568 1.91096 7054 80 0.0392577
42.3389 11584 7240 0.0699556 0.912924 1.93135 0.912924 1.90947 7059 80 0.0393343
42.4024 10136 8688 0.0758648 1.27809 1.93038 1.27809 1.90852 7066 80 0.0393341
42.4031 11584 7240 0.0718391 80.3373 1.93171 80.3373 1.90986 7071 80 0.0393754
42.4669 10136 8688 0.0692516 1.27087 1.93072 1.27087 1.90889 7078 80 0.039168
42.5307 11584 7240 0.0675181 0.907766 1.92918 0.907766 1.90739 7083 80 0.0392917
42.5943 10136 8688 0.0732475 1.27568 1.92821 1.27568 1.90645 7090 80 0.0392579
42.6575 11584 7240 0.0700701 0.916395 1.92671 0.916395 1.90498 7095 80 0.0393366
42.7209 10136 8688 0.0756114 1.27809 1.92574 1.27809 1.90405 7102 80 0.0393261
42.7216 11584 7240 0.0717787 80.3373 1.92707 80.3373 1.90538 7107 80 0.0393739
42.7852 10136 8688 0.0691018 1.27568 1.9261 1.27568 1.90444 7114 80 0.0391652
42.849 11584 7240 0.0674178 0.907766 1.92458 0.907766 1.90296 7119 80 0.0392902
42.9126 10136 8688 0.0731803 1.27568 1.92362 1.27568 1.90203 7126 80 0.0392561
42.976 11584 7240 0.0701501 0.912924 1.92213 0.912924 1.90057 7131 80 0.0393382
43.0395 10136 8688 0.0758701 1.27809 1.92118 1.27809 1.89965 7138 80 0.0393342
43.0402 11584 7240 0.0717469 80.3373 1.92249 80.3373 1.90096 7143 80 0.0393732
43.104 10136 8688 0.0691898 1.27087 1.92153 1.27087 1.90003 7150 80 0.0391668
43.1678 11584 7240 0.0674768 0.907766 1.92003 0.907766 1.89856 7155 80 0.0392911
43.2315 10136 8688 0.0733155 1.27327 1.91908 1.27327 1.89764 7162 80 0.0392597
43.2949 11584 7240 0.0700063 0.912924 1.9176 0.912924 1.8962 7167 80 0.0393353
43.3584 10136 8688 0.0758987 1.27809 1.91667 1.27809 1.8953 7174 80 0.0393351
43.3591 11584 7240 0.0718618 80.3373 1.91797 80.3373 1.8966 7179 80 0.0393759
43.4229 10136 8688 0.0692668 1.27087 1.91702 1.27087 1.89568 7186 80 0.0391682
43.4867 11584 7240 0.0675284 0.907766 1.91554 0.907766 1.89423 7191 80 0.0392919
43.5504 10136 8688 0.0732543 1.27327 1.9146 1.27327 1.89332 7198 80 0.0392581
43.6137 11584 7240 0.0700747 0.914656 1.91315 0.914656 1.8919 7203 80 0.0393367
43.6771 10136 8688 0.0758489 1.27809 1.91223 1.27809 1.89101 7210 80 0.0393336
43.6779 11584 7240 0.0718128 80.3373 1.91352 80.3373 1.89231 7215 80 0.0393747
43.7415 10136 8688 0.069234 1.27327 1.91259 1.27327 1.8914 7222 80 0.0391676
43.8054 11584 7240 0.0675064 0.907766 1.91113 0.907766 1.88997 7227 80 0.0392915
43.8689 10136 8688 0.0731146 1.27568 1.91021 1.27568 1.88908 7234 80 0.0392544
43.9321 11584 7240 0.0701061 0.916395 1.90878 0.916395 1.88768 7239 80 0.0393373
43.9956 10136 8688 0.0757312 1.27809 1.90787 1.27809 1.8868 7246 80 0.0393298
43.9963 11584 7240 0.0717633 80.3373 1.90915 80.3373 1.88809 7251 80 0.0393736
44.0599 10136 8688 0.0690758 1.27568 1.90824 1.27568 1.8872 7258 80 0.0391647
44.1237 11584 7240 0.0674004 0.907766 1.90679 0.907766 1.88579 7263 80 0.03929
44.1872 10136 8688 0.0730592 1.27568 1.90588 1.27568 1.88491 7270 80 0.0392529
44.2507 11584 7240 0.070069 0.912924 1.90446 0.912924 1.88352 7275 80 0.0393366
44.3141 10136 8688 0.075845 1.27809 1.90356 1.27809 1.88265 7282 80 0.0393334
44.3148 11584 7240 0.0718103 80.3373 1.90484 80.3373 1.88393 7287 80 0.0393747
44.3786 10136 8688 0.0692323 1.27087 1.90393 1.27087 1.88305 7294 80 0.0391676
44.4424 11584 7240 0.0675052 0.907766 1.9025 0.907766 1.88164 7299 80 0.0392915
44.5061 10136 8688 0.0732388 1.27327 1.9016 1.27327 1.88077 7306 80 0.0392576
44.5696 11584 7240 0.0701893 0.912924 1.90019 0.912924 1.8794 7311 80 0.039339
44.633 10136 8688 0.0759256 1.27809 1.89931 1.27809 1.87854 7318 80 0.039336
44.6337 11584 7240 0.0718642 80.3373 1.90057 80.3373 1.87981 7323 80 0.0393759
44.6975 10136 8688 0.0692684 1.27087 1.89967 1.27087 1.87894 7330 80 0.0391683
44.7611 11584 7240 0.0674201 0.911198 1.89827 0.911198 1.87757 7335 80 0.0392902
44.8247 10136 8688 0.0731818 1.27568 1.89739 1.27568 1.87671 7342 80 0.0392561
44.8879 11584 7240 0.0699304 0.916395 1.89601 0.916395 1.87536 7347 80 0.0393338
44.9513 10136 8688 0.0757229 1.27809 1.89513 1.27809 1.87452 7354 80 0.0393296
44.952 11584 7240 0.071744 80.3373 1.89639 80.3373 1.87578 7359 80 0.0393731
45.0156 10136 8688 0.0691879 1.27568 1.89551 1.27568 1.87493 7366 80 0.0391668
45.0794 11584 7240 0.0673798 0.907766 1.89412 0.907766 1.87356 7371 80 0.0392896
45.143 10136 8688 0.0730298 1.27568 1.89325 1.27568 1.87272 7378 80 0.0392522
45.2064 11584 7240 0.0700493 0.912924 1.89187 0.912924 1.87137 7383 80 0.0393362
45.2699 10136 8688 0.0756932 1.27809 1.89101 1.27809 1.87054 7390 80 0.0393287
45.2706 11584 7240 0.0718335 80.3373 1.89226 80.3373 1.87179 7395 80 0.0393752
45.3344 10136 8688 0.0692478 1.27087 1.89138 1.27087 1.87094 7402 80 0.0391679
45.3982 11584 7240 0.0675156 0.907766 1.89 0.907766 1.86959 7407 80 0.0392917
45.4619 10136 8688 0.0732458 1.27327 1.88914 1.27327 1.86875 7414 80 0.0392578
45.5253 11584 7240 0.070194 0.912924 1.88778 0.912924 1.86742 7419 80 0.0393391
45.5888 10136 8688 0.0757901 1.27809 1.88693 1.27809 1.8666 7426 80 0.0393317
45.5895 11584 7240 0.0718984 80.3373 1.88817 80.3373 1.86784 7431 80 0.0393768
45.6533 10136 8688 0.0692913 1.27087 1.88731 1.27087 1.86701 7438 80 0.0391687
45.7171 11584 7240 0.0675448 0.907766 1.88594 0.907766 1.86567 7443 80 0.0392921
45.7807 10136 8688 0.0732654 1.27568 1.88509 1.27568 1.86485 7450 80 0.0392583
45.8439 11584 7240 0.0699864 0.916395 1.88376 0.916395 1.86354 7455 80 0.0393349
45.9073 10136 8688 0.0757604 1.27809 1.88292 1.27809 1.86273 7462 80 0.0393308
45.908 11584 7240 0.0717692 80.3373 1.88415 80.3373 1.86397 7467 80 0.0393737
45.9717 10136 8688 0.0692047 1.27327 1.88331 1.27327 1.86315 7474 80 0.0391671
46.0353 11584 7240 0.0673911 0.911198 1.88196 0.911198 1.86183 7479 80 0.0392898
46.0988 10136 8688 0.0730374 1.27568 1.88113 1.27568 1.86102 7486 80 0.0392523
46.1621 11584 7240 0.0700543 0.916395 1.87981 0.916395 1.85973 7491 80 0.0393363
46.2255 10136 8688 0.0756966 1.27809 1.87898 1.27809 1.85893 7498 80 0.0393288
46.2262 11584 7240 0.0716307 80.3373 1.8802 80.3373 1.86016 7503 80 0.0393705
46.2899 10136 8688 0.069112 1.27327 1.87937 1.27327 1.85935 7510 80 0.0391654
46.3535 11584 7240 0.0674246 0.911198 1.87804 0.911198 1.85805 7515 80 0.0392903
46.417 10136 8688 0.0730755 1.27568 1.87722 1.27568 1.85725 7522 80 0.0392533
46.4805 11584 7240 0.0700799 0.912924 1.8759 0.912924 1.85596 7527 80 0.0393368
46.5442 10136 8688 0.075743 1.27327 1.87508 1.27327 1.85517 7534 80 0.0393302
46.5449 11584 7240 0.0718669 80.3373 1.87629 80.3373 1.85638 7539 80 0.039376
46.6087 10136 8688 0.0692702 1.27087 1.87546 1.27087 1.85558 7546 80 0.0391683
46.6725 11584 7240 0.0675306 0.907766 1.87414 0.907766 1.85428 7551 80 0.0392919
46.7359 10136 8688 0.0731309 1.27809 1.87333 1.27809 1.8535 7558 80 0.0392548
46.7991 11584 7240 0.070117 0.916395 1.87204 0.916395 1.85224 7563 80 0.0393375
46.8626 10136 8688 0.0757385 1.27809 1.87123 1.27809 1.85146 7570 80 0.0393301
46.8633 11584 7240 0.0717682 80.3373 1.87244 80.3373 1.85267 7575 80 0.0393737
46.9269 10136 8688 0.0690791 1.27568 1.87163 1.27568 1.85189 7582 80 0.0391648
46.9907 11584 7240 0.0674026 0.907766 1.87032 0.907766 1.8506 7587 80 0.03929
47.0542 10136 8688 0.0730607 1.27568 1.86952 1.27568 1.84983 7594 80 0.039253
47.1177 11584 7240 0.07007 0.912924 1.86823 0.912924 1.84856 7599 80 0.0393366
47.1811 10136 8688 0.0758457 1.27809 1.86744 1.27809 1.8478 7606 80 0.0393335
47.1818 11584 7240 0.0718107 80.3373 1.86864 80.3373 1.849 7611 80 0.0393747
47.2457 10136 8688 0.0692326 1.27087 1.86783 1.27087 1.84822 7618 80 0.0391676
47.3095 11584 7240 0.0675054 0.907766 1.86654 0.907766 1.84695 7623 80 0.0392915
47.3731 10136 8688 0.073239 1.27327 1.86574 1.27327 1.84618 7630 80 0.0392576
47.4366 11584 7240 0.0701894 0.912924 1.86446 0.912924 1.84493 7635 80 0.039339
47.5 10136 8688 0.0759257 1.27809 1.86368 1.27809 1.84417 7642 80 0.039336
47.5008 11584 7240 0.0718643 80.3373 1.86487 80.3373 1.84536 7647 80 0.0393759
47.5646 10136 8688 0.0692685 1.27087 1.86408 1.27087 1.84459 7654 80 0.0391683
47.6284 11584 7240 0.0675295 0.907766 1.86279 0.907766 1.84334 7659 80 0.0392919
47.6922 10136 8688 0.0732551 1.27087 1.862 1.27087 1.84257 7666 80 0.0392581
47.7556 11584 7240 0.0702002 0.912924 1.86074 0.912924 1.84134 7671 80 0.0393392
47.8191 10136 8688 0.0759329 1.27809 1.85997 1.27809 1.84059 7678 80 0.0393362
47.8198 11584 7240 0.0718691 80.3373 1.86115 80.3373 1.84177 7683 80 0.0393761
47.8833 10136 8688 0.069176 1.27568 1.86037 1.27568 1.84102 7690 80 0.0391666
47.9471 11584 7240 0.0674675 0.907766 1.85911 0.907766 1.83978 7695 80 0.039291
48.0107 10136 8688 0.0732136 1.27568 1.85833 1.27568 1.83903 7702 80 0.039257
48.0742 11584 7240 0.0700767 0.912924 1.85709 0.912924 1.83781 7707 80 0.0393367
48.1376 10136 8688 0.0758209 1.27809 1.85632 1.27809 1.83707 7714 80 0.0393327
48.1383 11584 7240 0.0718234 80.3373 1.8575 80.3373 1.83825 7719 80 0.039375
48.2021 10136 8688 0.069241 1.27087 1.85672 1.27087 1.8375 7726 80 0.0391678
48.2659 11584 7240 0.0675111 0.907766 1.85547 0.907766 1.83627 7731 80 0.0392916
48.3295 10136 8688 0.0732428 1.27568 1.85471 1.27568 1.83553 7738 80 0.0392577
48.3927 11584 7240 0.0699576 0.916395 1.85348 0.916395 1.83433 7743 80 0.0393343
48.4561 10136 8688 0.0757704 1.27809 1.85273 1.27809 1.8336 7750 80 0.0393311
48.4569 11584 7240 0.0717602 80.3373 1.85389 80.3373 1.83477 7755 80 0.0393735
48.5206 10136 8688 0.0691988 1.27327 1.85313 1.27327 1.83403 7762 80 0.039167
48.5844 11584 7240 0.0674828 0.907766 1.85189 0.907766 1.83282 7767 80 0.0392912
48.648 10136 8688 0.0732238 1.27327 1.85113 1.27327 1.83208 7774 80 0.0392572
48.7114 11584 7240 0.0701792 0.914656 1.84992 0.914656 1.83089 7779 80 0.0393388
48.7748 10136 8688 0.0756845 1.27809 1.84917 1.27809 1.83017 7786 80 0.0393284
48.7755 11584 7240 0.0718277 80.3373 1.85033 80.3373 1.83133 7791 80 0.0393751
48.8392 10136 8688 0.0691346 1.27327 1.84958 1.27327 1.83061 7798 80 0.0391658
48.903 11584 7240 0.0675648 0.907766 1.84835 0.907766 1.8294 7803 80 0.0392924
48.9667 10136 8688 0.0732787 1.27327 1.8476 1.27327 1.82868 7810 80 0.0392587
49.03 11584 7240 0.0701203 0.914656 1.8464 0.914656 1.8275 7815 80 0.0393376
49.0935 10136 8688 0.0758501 1.27809 1.84566 1.27809 1.82679 7822 80 0.0393336
49.0942 11584 7240 0.0717336 80.3373 1.84682 80.3373 1.82794 7827 80 0.0393729
49.1579 10136 8688 0.0691809 1.27327 1.84607 1.27327 1.82722 7834 80 0.0391667
49.2217 11584 7240 0.0674708 0.907766 1.84486 0.907766 1.82603 7839 80 0.039291
49.2852 10136 8688 0.0732158 1.27568 1.84412 1.27568 1.82532 7846 80 0.039257
49.3485 11584 7240 0.0700489 0.916395 1.84293 0.916395 1.82416 7851 80 0.0393362
49.4119 10136 8688 0.0755972 1.27809 1.84221 1.27809 1.82345 7858 80 0.0393256
49.4126 11584 7240 0.0717692 80.3373 1.84335 80.3373 1.8246 7863 80 0.0393737
49.4762 10136 8688 0.0690954 1.27568 1.84263 1.27568 1.82389 7870 80 0.0391651
49.54 11584 7240 0.0674135 0.907766 1.84142 0.907766 1.82272 7875 80 0.0392901
49.6036 10136 8688 0.0731774 1.27568 1.8407 1.27568 1.82201 7882 80 0.039256
49.667 11584 7240 0.0700231 0.912924 1.83951 0.912924 1.82085 7887 80 0.0393357
49.7304 10136 8688 0.075785 1.27809 1.8388 1.27809 1.82016 7894 80 0.0393315
49.7312 11584 7240 0.0717857 80.3373 1.83993 80.3373 1.8213 7899 80 0.0393741
49.795 10136 8688 0.0692158 1.27087 1.8392 1.27087 1.82059 7906 80 0.0391673
49.8588 11584 7240 0.0674942 0.907766 1.83801 0.907766 1.81943 7911 80 0.0392914
49.9225 10136 8688 0.0733271 1.27327 1.83729 1.27327 1.81873 7918 80 0.03926
49.9859 11584 7240 0.0700141 0.912924 1.83612 0.912924 1.81758 7923 80 0.0393355
50.0493 10136 8688 0.075904 1.27809 1.83541 1.27809 1.81689 7930 80 0.0393353
50.0501 11584 7240 0.0718654 80.3373 1.83654 80.3373 1.81803 7935 80 0.039376
50.1139 10136 8688 0.0692692 1.27087 1.83582 1.27087 1.81733 7942 80 0.0391683
50.1774 11584 7240 0.0675299 0.911198 1.83465 0.911198 1.81618 7947 80 0.0392919
50.241 10136 8688 0.073146 1.27568 1.83394 1.27568 1.8155 7954 80 0.0392552
50.3042 11584 7240 0.0701271 0.916395 1.83279 0.916395 1.81437 7959 80 0.0393377
50.3677 10136 8688 0.0756496 1.27809 1.83209 1.27809 1.81369 7966 80 0.0393273
50.3684 11584 7240 0.0717086 80.3373 1.83322 80.3373 1.81482 7971 80 0.0393723
50.4319 10136 8688 0.0690392 1.27568 1.83251 1.27568 1.81414 7978 80 0.0391641
50.4957 11584 7240 0.0673759 0.907766 1.83134 0.907766 1.81299 7983 80 0.0392896
50.5593 10136 8688 0.0731522 1.27568 1.83065 1.27568 1.81232 7990 80 0.0392554
50.6227 11584 7240 0.0700062 0.912924 1.8295 0.912924 1.81119 7995 80 0.0393353
50.6862 10136 8688 0.075803 1.27809 1.82881 1.27809 1.81052 8002 80 0.0393321
50.6869 11584 7240 0.0717821 80.3373 1.82992 80.3373 1.81164 8007 80 0.039374
50.7507 10136 8688 0.0692134 1.27087 1.82922 1.27087 1.81096 8014 80 0.0391673
50.8145 11584 7240 0.0674926 0.907766 1.82806 0.907766 1.80982 8019 80 0.0392913
50.8782 10136 8688 0.0732304 1.27327 1.82737 1.27327 1.80915 8026 80 0.0392574
50.9417 11584 7240 0.0701836 0.912924 1.82623 0.912924 1.80804 8031 80 0.0393389
51.0051 10136 8688 0.0759218 1.27809 1.82555 1.27809 1.80738 8038 80 0.0393359
51.0058 11584 7240 0.0718617 80.3373 1.82666 80.3373 1.80849 8043 80 0.0393759
51.0696 10136 8688 0.0692667 1.27087 1.82596 1.27087 1.80782 8050 80 0.0391682
51.1334 11584 7240 0.0675283 0.907766 1.82482 0.907766 1.80669 8055 80 0.0392919
51.197 10136 8688 0.0731293 1.27568 1.82413 1.27568 1.80603 8062 80 0.0392548
51.2602 11584 7240 0.0701159 0.916395 1.82302 0.916395 1.80494 8067 80 0.0393375
51.3236 10136 8688 0.0757378 1.27809 1.82234 1.27809 1.80429 8074 80 0.0393301
51.3244 11584 7240 0.0717677 80.3373 1.82344 80.3373 1.80539 8079 80 0.0393737
51.388 10136 8688 0.0692038 1.27327 1.82276 1.27327 1.80473 8086 80 0.0391671
51.4516 11584 7240 0.0674861 0.911198 1.82164 0.911198 1.80363 8091 80 0.0392912
51.5152 10136 8688 0.073021 1.27568 1.82096 1.27568 1.80297 8098 80 0.0392519
51.5784 11584 7240 0.0700433 0.916395 1.81985 0.916395 1.80189 8103 80 0.0393361
51.6418 10136 8688 0.0755935 1.27809 1.81919 1.27809 1.80124 8110 80 0.0393255
51.6425 11584 7240 0.0717667 80.3373 1.82029 80.3373 1.80234 8115 80 0.0393736
51.7062 10136 8688 0.0690937 1.27327 1.81961 1.27327 1.80169 8122 80 0.0391651
51.7698 11584 7240 0.0674124 0.911198 1.8185 0.911198 1.8006 8127 80 0.0392901
51.8334 10136 8688 0.0731767 1.27568 1.81783 1.27568 1.79995 8134 80 0.039256
51.8968 11584 7240 0.0699133 0.912924 1.81672 0.912924 1.79887 8139 80 0.0393335
51.9605 10136 8688 0.0758364 1.27327 1.81606 1.27327 1.79822 8146 80 0.0393332
51.9612 11584 7240 0.0718201 80.3373 1.81715 80.3373 1.79931 8151 80 0.0393749
52.025 10136 8688 0.0693639 1.27087 1.81648 1.27087 1.79866 8158 80 0.0391701
52.0888 11584 7240 0.0675934 0.907766 1.81536 0.907766 1.79757 8163 80 0.0392928
52.1523 10136 8688 0.0732979 1.27809 1.81471 1.27809 1.79694 8170 80 0.0392592
52.2155 11584 7240 0.0699945 0.916395 1.81362 0.916395 1.79588 8175 80 0.0393351
52.2789 10136 8688 0.0755608 1.27809 1.81297 1.27809 1.79525 8182 80 0.0393245
52.2796 11584 7240 0.0717448 80.3373 1.81406 80.3373 1.79633 8187 80 0.0393731
52.3432 10136 8688 0.069079 1.27568 1.8134 1.27568 1.7957 8194 80 0.0391648
52.407 11584 7240 0.0675276 0.907766 1.8123 0.907766 1.79462 8199 80 0.0392919
52.4706 10136 8688 0.0732538 1.27568 1.81165 1.27568 1.79399 8206 80 0.039258
52.534 11584 7240 0.0701036 0.912924 1.81056 0.912924 1.79292 8211 80 0.0393373
52.5975 10136 8688 0.075839 1.27809 1.80992 1.27809 1.7923 8218 80 0.0393332
52.5982 11584 7240 0.0717261 80.3373 1.811 80.3373 1.79338 8223 80 0.0393727
52.662 10136 8688 0.0691759 1.27087 1.81034 1.27087 1.79275 8230 80 0.0391666
52.7258 11584 7240 0.0674674 0.907766 1.80925 0.907766 1.79168 8235 80 0.039291
52.7895 10136 8688 0.0733092 1.27327 1.80861 1.27327 1.79105 8242 80 0.0392595
52.8528 11584 7240 0.0700021 0.914656 1.80753 0.914656 1.79 8247 80 0.0393352
52.9162 10136 8688 0.0758959 1.27809 1.8069 1.27809 1.78939 8254 80 0.0393351
52.917 11584 7240 0.071735 80.3373 1.80797 80.3373 1.79046 8259 80 0.0393729
52.9806 10136 8688 0.0691818 1.27327 1.80733 1.27327 1.78984 8266 80 0.0391667
53.0442 11584 7240 0.067362 0.911198 1.80625 0.911198 1.78878 8271 80 0.0392894
53.1078 10136 8688 0.0731429 1.27568 1.80562 1.27568 1.78817 8278 80 0.0392551
53.1712 11584 7240 0.070125 0.912924 1.80455 0.912924 1.78712 8283 80 0.0393377
53.2349 10136 8688 0.0757439 1.27327 1.80392 1.27327 1.78651 8290 80 0.0393302
53.2356 11584 7240 0.0718675 80.3373 1.80498 80.3373 1.78757 8295 80 0.039376
53.2994 10136 8688 0.0692706 1.27087 1.80434 1.27087 1.78695 8302 80 0.0391683
53.3632 11584 7240 0.0675309 0.907766 1.80327 0.907766 1.7859 8307 80 0.0392919
53.4267 10136 8688 0.0732561 1.27809 1.80265 1.27809 1.7853 8314 80 0.0392581
53.4899 11584 7240 0.0699801 0.916395 1.8016 0.916395 1.78427 8319 80 0.0393348
53.5533 10136 8688 0.0757562 1.27809 1.80098 1.27809 1.78367 8326 80 0.0393306
53.5541 11584 7240 0.0717664 80.3373 1.80204 80.3373 1.78473 8331 80 0.0393736
53.6176 10136 8688 0.0692029 1.27568 1.80141 1.27568 1.78413 8338 80 0.0391671
53.6814 11584 7240 0.0673898 0.907766 1.80035 0.907766 1.78309 8343 80 0.0392898
53.745 10136 8688 0.0730365 1.27568 1.79973 1.27568 1.78249 8350 80 0.0392523
53.8084 11584 7240 0.0700538 0.912924 1.79868 0.912924 1.78146 8355 80 0.0393363
53.8719 10136 8688 0.0756962 1.27809 1.79807 1.27809 1.78087 8362 80 0.0393287
53.8726 11584 7240 0.0718355 80.3373 1.79912 80.3373 1.78192 8367 80 0.0393753
53.9364 10136 8688 0.0692492 1.27087 1.7985 1.27087 1.78131 8374 80 0.0391679
54.0002 11584 7240 0.0675165 0.907766 1.79744 0.907766 1.78028 8379 80 0.0392917
54.0639 10136 8688 0.0732464 1.27327 1.79683 1.27327 1.77969 8386 80 0.0392578
54.1273 11584 7240 0.0701944 0.912924 1.79579 0.912924 1.77867 8391 80 0.0393391
54.1908 10136 8688 0.0757904 1.27809 1.79518 1.27809 1.77808 8398 80 0.0393317
54.1915 11584 7240 0.0718986 80.3373 1.79623 80.3373 1.77913 8403 80 0.0393768
54.2553 10136 8688 0.0692915 1.27087 1.79561 1.27087 1.77853 8410 80 0.0391687
54.3191 11584 7240 0.0675449 0.907766 1.79457 0.907766 1.77751 8415 80 0.0392921
54.3829 10136 8688 0.0732654 1.27087 1.79395 1.27087 1.77691 8422 80 0.0392583
54.4462 11584 7240 0.0702071 0.914656 1.79293 0.914656 1.77591 8427 80 0.0393394
54.5097 10136 8688 0.0757989 1.27809 1.79233 1.27809 1.77533 8434 80 0.039332
54.5104 11584 7240 0.0718086 80.3373 1.79337 80.3373 1.77637 8439 80 0.0393746
54.5742 10136 8688 0.0692312 1.27087 1.79276 1.27087 1.77578 8446 80 0.0391676
54.638 11584 7240 0.0676295 0.907766 1.79173 0.907766 1.77477 8451 80 0.0392934
54.7017 10136 8688 0.0733221 1.27327 1.79112 1.27327 1.77418 8458 80 0.0392599
54.7651 11584 7240 0.0701494 0.912924 1.79011 0.912924 1.77318 8463 80 0.0393382
54.8286 10136 8688 0.0758696 1.27809 1.78951 1.27809 1.77261 8470 80 0.0393342
54.8293 11584 7240 0.071856 80.3373 1.79055 80.3373 1.77364 8475 80 0.0393758
54.8931 10136 8688 0.0692629 1.27087 1.78994 1.27087 1.77306 8482 80 0.0391682
54.9569 11584 7240 0.0675257 0.907766 1.78892 0.907766 1.77206 8487 80 0.0392918
