0.454796 14480 0 0 0 0 0 0 0 0 0.0439727
1.4548 1448 14480 0.054 0.11584 0.0796263 0.11584 0.0796263 10 0 0.0388083
1.51485 7240 0 0.054 0.192884 0.0841164 0 0.0764695 11 1 0.0400956
1.63597 8688 4344 0.054 0.860757 0.141616 0 0.070808 20 10 0.0395777
1.69653 10136 5792 0.0622031 1.33896 0.184357 0.382559 0.0819364 27 15 0.0393932
1.75674 11584 7240 0.0614759 1.34697 0.224198 1.34697 0.125287 34 15 0.0392374
1.81706 13032 8688 0.0676762 1.34429 0.261381 1.34429 0.165754 41 15 0.0391413
1.87738 14480 10136 0.0654726 1.34429 0.296175 1.34429 0.20362 48 15 0.0389598
1.93794 15928 11584 0.0708173 1.72151 0.340717 1.72151 0.251055 57 15 0.0388947
1.9389 17376 13032 0.0666297 108.455 0.394319 108.455 0.304701 66 15 0.0386697
1.99934 20272 14480 0.0637918 2.10826 0.446132 2.10826 0.359223 77 15 0.0384997
2.05966 24616 17376 0.0622232 2.3045 0.500557 2.3045 0.416193 89 15 0.0382065
2.11998 30408 21720 0.0612505 2.88062 0.568277 2.88062 0.486314 104 15 0.037778
2.18006 34752 27512 0.0665275 3.85619 0.658889 3.85619 0.579184 124 15 0.0371954
2.24002 39096 31856 0.0677998 4.44351 0.760194 4.44351 0.682623 147 15 0.0367686
2.3001 47784 36200 0.0620723 4.82024 0.866245 4.82024 0.7907 172 15 0.0363703
2.36066 55024 44888 0.0673365 6.12094 1.00105 6.12094 0.927443 204 15 0.0355022
2.42122 60816 52128 0.068252 7.07734 1.15303 7.07734 1.08127 241 15 0.0347606
2.48202 72400 57920 0.0619845 7.62093 1.31147 7.62093 1.24147 281 15 0.0343029
2.48683 88328 69504 0.0614506 115.686 1.53253 115.686 1.46266 329 15 0.0333829
2.54811 107152 85432 0.0614784 11.1527 1.76389 11.1527 1.6957 388 15 0.0320384
2.60999 127424 104256 0.0624698 13.6651 2.04607 13.6651 1.97949 461 15 0.030389
2.67187 153488 124528 0.0620727 16.0987 2.37154 16.0987 2.3065 547 15 0.0290317
2.73352 183896 150592 0.062058 19.5441 2.75879 19.5441 2.69522 651 15 0.0271976
2.79588 220096 181000 0.0625518 23.2189 3.21516 23.2189 3.15301 776 15 0.0253592
2.85872 260640 217200 0.0637248 27.8339 3.75635 27.8339 3.69557 927 15 0.0231229
2.92229 306976 257744 0.0639176 32.4387 4.38024 32.4387 4.32078 1105 15 0.0210636
2.98657 359104 304080 0.0647164 37.8411 5.10048 37.8411 5.0423 1315 15 0.0189931
3.0523 412680 356208 0.0662144 43.3557 5.92426 43.3557 5.86733 1561 15 0.0161689
3.11875 470600 409784 0.0670603 49.3355 6.84919 49.3355 6.79347 1844 15 0.0142447
3.18592 529968 467704 0.0681984 55.8768 7.88285 55.8768 7.82831 2168 15 0.012
3.19048 521280 519832 0.0703862 202.928 8.16203 202.928 8.10757 2248 15 0.00400934
3.1906 519832 519832 0.0703862 96.4048 8.16535 0 8.10726 2249 16 0.00387888
3.19073 519055 518384 0.0703862 0 8.16505 0 8.10696 2249 16 0.00392377
3.19085 518314 516936 0.0703862 0 8.16474 0 8.10665 2249 16 0.00397152
3.19097 517572 515488 0.0703862 0 8.16443 0 8.10635 2249 16 0.00401967
3.19109 516830 515488 0.0703862 96.4048 8.16775 0 8.10604 2250 17 0.00401967
3.19121 516089 514040 0.0703862 0 8.16745 0 8.10574 2250 17 0.00406811
3.19133 515347 514040 0.0703862 96.4048 8.17077 0 8.10543 2251 18 0.00406811
3.19145 514605 512592 0.0703862 0 8.17046 0 8.10513 2251 18 0.00411686
3.19157 513863 512592 0.0703862 96.4048 8.17378 0 8.10482 2252 19 0.00411686
3.19169 513122 511144 0.0703862 0 8.17347 0 8.10452 2252 19 0.00416589
3.19181 511144 511144 0.0703862 96.4048 8.1768 0 8.10421 2253 20 0.00417187
3.19193 509696 509696 0.0703862 0 8.17649 0 8.10391 2253 20 0.00421798
3.19205 508248 508248 0.0703862 0 8.17618 0 8.1036 2253 20 0.00426762
3.19217 506800 506800 0.0703862 0 8.17587 0 8.1033 2253 20 0.00431756
3.19229 505352 505352 0.0703862 0 8.17557 0 8.10299 2253 20 0.00436779
3.19241 503904 503904 0.0703862 0 8.17526 0 8.10269 2253 20 0.00441832
3.19253 502456 502456 0.0703862 0 8.17495 0 8.10238 2253 20 0.00446915
3.19265 501008 501008 0.0703862 0 8.17464 0 8.10208 2253 20 0.00452028
3.19277 499560 499560 0.0703862 0 8.17433 0 8.10177 2253 20 0.0045717
3.19289 498112 498112 0.0703862 0 8.17403 0 8.10147 2253 20 0.00462343
3.19301 496903 496664 0.0703862 0 8.17372 0 8.10116 2253 20 0.00467432
3.19313 495216 495216 0.0703862 0 8.17341 0 8.10086 2253 20 0.0047291
3.19325 493768 493768 0.0703862 0 8.1731 0 8.10055 2253 20 0.00478039
3.19337 492320 492320 0.0703862 0 8.1728 0 8.10025 2253 20 0.00483331
3.19349 490872 490872 0.0703862 0 8.17249 0 8.09994 2253 20 0.00488652
3.19361 489424 489424 0.0703862 0 8.17218 0 8.09964 2253 20 0.00494004
3.19373 487976 487976 0.0703862 0 8.17187 0 8.09933 2253 20 0.00499385
3.19385 486528 486528 0.0703862 0 8.17157 0 8.09903 2253 20 0.00504796
3.19397 485080 485080 0.0703862 0 8.17126 0 8.09872 2253 20 0.00510236
3.19409 483632 483632 0.0703862 0 8.17095 0 8.09842 2253 20 0.00515707
3.19421 482184 482184 0.0703862 0 8.17064 0 8.09811 2253 20 0.00521207
3.19433 480736 480736 0.0703862 0 8.17034 0 8.09781 2253 20 0.00526738
3.19445 479942 479288 0.0703862 0 8.17003 0 8.0975 2253 20 0.00532037
3.19457 477840 477840 0.0703862 0 8.16972 0 8.0972 2253 20 0.005383
3.19469 476392 476392 0.0703862 0 8.16942 0 8.09689 2253 20 0.00543507
3.19481 474944 474944 0.0703862 0 8.16911 0 8.09659 2253 20 0.00549157
3.19493 473496 473496 0.0703862 0 8.1688 0 8.09629 2253 20 0.00554836
3.19505 472048 472048 0.0703862 0 8.16849 0 8.09598 2253 20 0.00560545
3.19517 470600 470600 0.0703862 0 8.16819 0 8.09568 2253 20 0.00566284
3.19529 469152 469152 0.0703862 0 8.16788 0 8.09537 2253 20 0.00572053
3.19541 467704 467704 0.0703862 0 8.16757 0 8.09507 2253 20 0.00577852
3.19553 466256 466256 0.0703862 0 8.16726 0 8.09476 2253 20 0.0058368
3.19565 464808 464808 0.0703862 0 8.16696 0 8.09446 2253 20 0.00589539
3.19577 463723 463360 0.0703862 0 8.16665 0 8.09415 2253 20 0.00595263
3.19589 461912 461912 0.0703862 0 8.16634 0 8.09385 2253 20 0.00601555
3.19601 460464 460464 0.0703862 0 8.16604 0 8.09355 2253 20 0.00607292
3.19613 459016 459016 0.0703862 0 8.16573 0 8.09324 2253 20 0.0061327
3.19625 457568 457568 0.0703862 0 8.16542 0 8.09294 2253 20 0.00619277
3.19637 456120 456120 0.0703862 0 8.16512 0 8.09263 2253 20 0.00625314
3.19649 454672 454672 0.0703862 0 8.16481 0 8.09233 2253 20 0.00631381
3.19661 453224 453224 0.0703862 0 8.1645 0 8.09202 2253 20 0.00637478
3.19673 451776 451776 0.0703862 0 8.16419 0 8.09172 2253 20 0.00643605
3.19685 450328 450328 0.0703862 0 8.16389 0 8.09142 2253 20 0.00649761
3.19697 448880 448880 0.0703862 0 8.16358 0 8.09111 2253 20 0.00655948
3.19709 447504 447432 0.0703862 0 8.16327 0 8.09081 2253 20 0.00662128
3.19721 446763 445984 0.0703862 0 8.16297 0 8.0905 2253 20 0.00668135
3.19733 444536 444536 0.0703862 0 8.16266 0 8.0902 2253 20 0.00675194
3.19745 443088 443088 0.0703862 0 8.16235 0 8.0899 2253 20 0.00680991
3.19757 441640 441640 0.0703862 0 8.16205 0 8.08959 2253 20 0.00687326
3.19769 440192 440192 0.0703862 0 8.16174 0 8.08929 2253 20 0.00693692
3.19781 438744 438744 0.0703862 0 8.16143 0 8.08898 2253 20 0.00700087
3.19793 437296 437296 0.0703862 0 8.16113 0 8.08868 2253 20 0.00706512
3.19805 435848 435848 0.0703862 0 8.16082 0 8.08838 2253 20 0.00712966
3.19818 434400 434400 0.0703862 0 8.16051 0 8.08807 2253 20 0.00719451
3.1983 432952 432952 0.0703862 0 8.16021 0 8.08777 2253 20 0.00725965
3.19842 431504 431504 0.0703862 0 8.1599 0 8.08746 2253 20 0.00732509
3.19854 430544 430056 0.0703862 0 8.15959 0 8.08716 2253 20 0.00738874
3.19866 428608 428608 0.0703862 0 8.15929 0 8.08686 2253 20 0.0074598
3.19878 427160 427160 0.0703862 0 8.15898 0 8.08655 2253 20 0.0075232
3.1989 425712 425712 0.0703862 0 8.15867 0 8.08625 2253 20 0.00758984
3.19902 424264 424264 0.0703862 0 8.15837 0 8.08595 2253 20 0.00765677
3.19914 422816 422816 0.0703862 0 8.15806 0 8.08564 2253 20 0.007724
3.19926 421368 421368 0.0703862 0 8.15776 0 8.08534 2253 20 0.00779153
3.19938 419920 419920 0.0703862 0 8.15745 0 8.08503 2253 20 0.00785936
3.1995 418472 418472 0.0703862 0 8.15714 0 8.08473 2253 20 0.00792748
3.19962 417024 417024 0.0703862 0 8.15684 0 8.08443 2253 20 0.0079959
3.19974 415576 415576 0.0703862 0 8.15653 0 8.08412 2253 20 0.00806463
3.19986 414325 414128 0.0703862 0 8.15622 0 8.08382 2253 20 0.0081327
3.19998 412680 412680 0.0703862 0 8.15592 0 8.08352 2253 20 0.00820405
3.2001 411232 411232 0.0703862 0 8.15561 0 8.08321 2253 20 0.00827258
3.20022 409784 409784 0.0703862 0 8.1553 0 8.08291 2253 20 0.00834249
3.20034 408336 408336 0.0703862 0 8.155 0 8.08261 2253 20 0.00841271
3.20046 406888 406888 0.0703862 0 8.15469 0 8.0823 2253 20 0.00848322
3.20058 405440 405440 0.0703862 0 8.15439 0 8.082 2253 20 0.00855403
3.2007 403992 403992 0.0703862 0 8.15408 0 8.0817 2253 20 0.00862513
3.20082 402544 402544 0.0703862 0 8.15377 0 8.08139 2253 20 0.00869654
3.20094 401096 401096 0.0703862 0 8.15347 0 8.08109 2253 20 0.00876824
3.20106 399648 399648 0.0703862 0 8.15316 0 8.08079 2253 20 0.00884024
3.20118 398200 398200 0.0703862 0 8.15286 0 8.08048 2253 20 0.00891254
3.2013 397364 396752 0.0703862 0 8.15255 0 8.08018 2253 20 0.00898266
3.20142 395304 395304 0.0703862 0 8.15224 0 8.07988 2253 20 0.00906185
3.20154 393856 393856 0.0703862 0 8.15194 0 8.07957 2253 20 0.00913123
3.20166 392408 392408 0.0703862 0 8.15163 0 8.07927 2253 20 0.00920472
3.20178 390960 390960 0.0703862 0 8.15133 0 8.07897 2253 20 0.00927851
3.2019 389512 389512 0.0703862 0 8.15102 0 8.07866 2253 20 0.0093526
3.20202 388064 388064 0.0703862 0 8.15071 0 8.07836 2253 20 0.00942699
3.20214 386616 386616 0.0703862 0 8.15041 0 8.07806 2253 20 0.00950168
3.20226 385168 385168 0.0703862 0 8.1501 0 8.07775 2253 20 0.00957666
3.20238 383720 383720 0.0703862 0 8.1498 0 8.07745 2253 20 0.00965194
3.2025 382272 382272 0.0703862 0 8.14949 0 8.07715 2253 20 0.00972752
3.20262 381145 380824 0.0703862 0 8.14919 0 8.07684 2253 20 0.00980193
3.20274 379376 379376 0.0703862 0 8.14888 0 8.07654 2253 20 0.00988141
3.20286 377928 377928 0.0703862 0 8.14857 0 8.07624 2253 20 0.00995605
3.20298 376480 376480 0.0703862 0 8.14827 0 8.07594 2253 20 0.0100328
3.2031 375032 375032 0.0703862 0 8.14796 0 8.07563 2253 20 0.0101099
3.20322 373584 373584 0.0703862 0 8.14766 0 8.07533 2253 20 0.0101873
3.20334 372136 372136 0.0703862 0 8.14735 0 8.07503 2253 20 0.0102649
3.20346 370688 370688 0.0703862 0 8.14705 0 8.07472 2253 20 0.0103429
3.20358 369240 369240 0.0703862 0 8.14674 0 8.07442 2253 20 0.0104212
3.2037 367792 367792 0.0703862 0 8.14643 0 8.07412 2253 20 0.0104997
3.20382 366344 366344 0.0703862 0 8.14613 0 8.07382 2253 20 0.0105786
3.20394 364926 364896 0.0703862 0 8.14582 0 8.07351 2253 20 0.0106576
3.20406 364185 363448 0.0703862 0 8.14552 0 8.07321 2253 20 0.0107344
3.20418 362000 362000 0.0703862 0 8.14521 0 8.07291 2253 20 0.0108217
3.2043 360552 360552 0.0703862 0 8.14491 0 8.0726 2253 20 0.010897
3.20442 359104 359104 0.0703862 0 8.1446 0 8.0723 2253 20 0.0109774
3.20454 357656 357656 0.0703862 0 8.1443 0 8.072 2253 20 0.011058
3.20466 356208 356208 0.0703862 0 8.14399 0 8.0717 2253 20 0.011139
3.20478 354760 354760 0.0703862 0 8.14369 0 8.07139 2253 20 0.0112202
3.2049 353312 353312 0.0703862 0 8.14338 0 8.07109 2253 20 0.0113017
3.20502 351864 351864 0.0703862 0 8.14307 0 8.07079 2253 20 0.0113836
3.20514 350416 350416 0.0703862 0 8.14277 0 8.07049 2253 20 0.0114657
3.20526 348968 348968 0.0703862 0 8.14246 0 8.07018 2253 20 0.0115482
3.20538 347966 347520 0.0703862 0 8.14216 0 8.06988 2253 20 0.011629
3.2055 346072 346072 0.0703862 0 8.14185 0 8.06958 2253 20 0.0117166
3.20562 344624 344624 0.0703862 0 8.14155 0 8.06928 2253 20 0.0117973
3.20575 343176 343176 0.0703862 0 8.14124 0 8.06897 2253 20 0.0118809
3.20587 341728 341728 0.0703862 0 8.14094 0 8.06867 2253 20 0.0119648
3.20599 340280 340280 0.0703862 0 8.14063 0 8.06837 2253 20 0.0120491
3.20611 338832 338832 0.0703862 0 8.14033 0 8.06807 2253 20 0.0121336
3.20623 337384 337384 0.0703862 0 8.14002 0 8.06776 2253 20 0.0122184
3.20635 335936 335936 0.0703862 0 8.13972 0 8.06746 2253 20 0.0123035
3.20647 334488 334488 0.0703862 0 8.13941 0 8.06716 2253 20 0.012389
3.20659 333040 333040 0.0703862 0 8.13911 0 8.06686 2253 20 0.0124747
3.20671 331747 331592 0.0703862 0 8.1388 0 8.06655 2253 20 0.0125599
3.20683 330144 330144 0.0703862 0 8.1385 0 8.06625 2253 20 0.0126478
3.20695 328696 328696 0.0703862 0 8.13819 0 8.06595 2253 20 0.0127336
3.20707 327248 327248 0.0703862 0 8.13789 0 8.06565 2253 20 0.0128205
3.20719 325800 325800 0.0703862 0 8.13758 0 8.06535 2253 20 0.0129077
3.20731 324352 324352 0.0703862 0 8.13728 0 8.06504 2253 20 0.0129952
3.20743 322904 322904 0.0703862 0 8.13697 0 8.06474 2253 20 0.013083
3.20755 321456 321456 0.0703862 0 8.13667 0 8.06444 2253 20 0.0131712
3.20767 320008 320008 0.0703862 0 8.13636 0 8.06414 2253 20 0.0132596
3.20779 318560 318560 0.0703862 0 8.13606 0 8.06383 2253 20 0.0133483
3.20791 317112 317112 0.0703862 0 8.13575 0 8.06353 2253 20 0.0134373
3.20803 315664 315664 0.0703862 0 8.13545 0 8.06323 2253 20 0.0135266
3.20815 314786 314216 0.0703862 0 8.13514 0 8.06293 2253 20 0.0136138
3.20827 312768 312768 0.0703862 0 8.13484 0 8.06263 2253 20 0.0137096
3.20839 311320 311320 0.0703862 0 8.13454 0 8.06232 2253 20 0.0137962
3.20851 309872 309872 0.0703862 0 8.13423 0 8.06202 2253 20 0.0138867
3.20863 308424 308424 0.0703862 0 8.13393 0 8.06172 2253 20 0.0139775
3.20875 306976 306976 0.0703862 0 8.13362 0 8.06142 2253 20 0.0140686
3.20887 305528 305528 0.0703862 0 8.13332 0 8.06112 2253 20 0.01416
3.20899 304080 304080 0.0703862 0 8.13301 0 8.06082 2253 20 0.0142517
3.20911 302632 302632 0.0703862 0 8.13271 0 8.06051 2253 20 0.0143436
3.20923 301184 301184 0.0703862 0 8.1324 0 8.06021 2253 20 0.0144359
3.20935 299736 299736 0.0703862 0 8.1321 0 8.05991 2253 20 0.0145285
3.20947 298567 298288 0.0703862 0 8.13179 0 8.05961 2253 20 0.0146201
3.20959 296840 296840 0.0703862 0 8.13149 0 8.05931 2253 20 0.0147161
3.20971 295392 295392 0.0703862 0 8.13119 0 8.059 2253 20 0.014808
3.20983 293944 293944 0.0703862 0 8.13088 0 8.0587 2253 20 0.0149018
3.20995 292496 292496 0.0703862 0 8.13058 0 8.0584 2253 20 0.0149959
3.21007 291048 291048 0.0703862 0 8.13027 0 8.0581 2253 20 0.0150902
3.21019 289600 289600 0.0703862 0 8.12997 0 8.0578 2253 20 0.0151849
3.21031 288152 288152 0.0703862 0 8.12966 0 8.0575 2253 20 0.0152799
3.21043 286704 286704 0.0703862 0 8.12936 0 8.0572 2253 20 0.0153751
3.21055 285256 285256 0.0703862 0 8.12906 0 8.05689 2253 20 0.0154707
3.21067 283808 283808 0.0703862 0 8.12875 0 8.05659 2253 20 0.0155665
3.21079 282360 282360 0.0703862 0 8.12845 0 8.05629 2253 20 0.0156627
3.21091 281606 280912 0.0703862 0 8.12814 0 8.05599 2253 20 0.0157564
3.21103 279464 279464 0.0703862 0 8.12784 0 8.05569 2253 20 0.0158603
3.21115 278016 278016 0.0703862 0 8.12753 0 8.05539 2253 20 0.0159529
3.21127 276568 276568 0.0703862 0 8.12723 0 8.05508 2253 20 0.0160503
3.21139 275120 275120 0.0703862 0 8.12693 0 8.05478 2253 20 0.0161479
3.21151 273672 273672 0.0703862 0 8.12662 0 8.05448 2253 20 0.0162459
3.21163 272224 272224 0.0703862 0 8.12632 0 8.05418 2253 20 0.0163441
3.21175 270776 270776 0.0703862 0 8.12601 0 8.05388 2253 20 0.0164427
3.21187 269328 269328 0.0703862 0 8.12571 0 8.05358 2253 20 0.0165415
3.21199 267880 267880 0.0703862 0 8.12541 0 8.05328 2253 20 0.0166406
3.21211 266432 266432 0.0703862 0 8.1251 0 8.05298 2253 20 0.0167401
3.21223 265388 264984 0.0703862 0 8.1248 0 8.05267 2253 20 0.016838
3.21235 263536 263536 0.0703862 0 8.12449 0 8.05237 2253 20 0.0169422
3.21247 262088 262088 0.0703862 0 8.12419 0 8.05207 2253 20 0.0170402
3.21259 260640 260640 0.0703862 0 8.12389 0 8.05177 2253 20 0.0171408
3.21271 259916 259192 0.0703862 0 8.12358 0 8.05147 2253 20 0.0172389
3.21283 259192 257744 0.0703862 0 8.12328 0 8.05117 2253 20 0.0173402
3.25765 234576 233128 0.0703862 31.5314 8.44534 0 7.9404 2375 142 0.0201829
3.26186 259916 233128 0.0703862 96.4048 8.55875 0 7.93016 2410 177 0.0202472
3.26258 259192 257744 0.0703862 369.886 8.63852 0 7.92841 2433 200 0.0173402
3.30464 259916 257744 0.0703862 33.3285 8.95273 0 7.82751 2554 321 0.0173402
3.30656 285256 257744 0.0703862 96.4376 9.00358 0 7.82296 2570 337 0.0184808
3.35655 373584 282360 0.0502224 45.1897 9.54248 45.1897 8.37943 2765 337 0.0295166
3.41254 451776 370688 0.0562307 53.1675 10.2583 53.1675 9.11434 3022 337 0.0211148
3.47875 485080 448880 0.0664036 54.2386 11.0953 54.2386 9.97315 3332 337 0.00846072
3.48428 466256 464808 0.0699927 146.686 11.3105 146.686 10.1901 3402 337 0.00651358
3.4844 464808 464808 0.0699927 96.4048 11.3134 0 10.1897 3403 338 0.00588737
3.48452 463981 463360 0.0699927 0 11.313 0 10.1894 3403 338 0.00594374
3.48464 463223 461912 0.0699927 0 11.3126 0 10.189 3403 338 0.00600272
3.48476 462465 460464 0.0699927 0 11.3122 0 10.1886 3403 338 0.0060622
3.48488 461706 460464 0.0699927 96.4048 11.3152 0 10.1883 3404 339 0.0060622
3.485 460948 459016 0.0699927 0 11.3148 0 10.1879 3404 339 0.00612197
3.48512 460190 459016 0.0699927 96.4048 11.3177 0 10.1876 3405 340 0.00612197
3.48524 459431 457568 0.0699927 0 11.3173 0 10.1872 3405 340 0.00618205
3.48536 458673 457568 0.0699927 96.4048 11.3202 0 10.1869 3406 341 0.00618205
3.48548 457914 456120 0.0699927 0 11.3199 0 10.1865 3406 341 0.00624242
3.4856 457156 456120 0.0699927 96.4048 11.3228 0 10.1862 3407 342 0.00624242
3.48572 454672 454672 0.0699927 0 11.3224 0 10.1858 3407 342 0.00631304
3.48584 453224 453224 0.0699927 0 11.322 0 10.1855 3407 342 0.00636676
3.48596 451776 451776 0.0699927 0 11.3216 0 10.1851 3407 342 0.00642803
3.48608 450328 450328 0.0699927 0 11.3212 0 10.1848 3407 342 0.00648959
3.4862 448880 448880 0.0699927 0 11.3208 0 10.1844 3407 342 0.00655146
3.48632 447432 447432 0.0699927 0 11.3204 0 10.1841 3407 342 0.00661362
3.48644 445984 445984 0.0699927 0 11.3201 0 10.1837 3407 342 0.00667608
3.48656 444536 444536 0.0699927 0 11.3197 0 10.1834 3407 342 0.00673884
3.48668 443088 443088 0.0699927 0 11.3193 0 10.183 3407 342 0.00680189
3.4868 441640 441640 0.0699927 0 11.3189 0 10.1827 3407 342 0.00686524
3.48692 440192 440192 0.0699927 0 11.3185 0 10.1823 3407 342 0.0069289
3.48704 439254 438744 0.0699927 0 11.3181 0 10.182 3407 342 0.00699068
3.48716 438496 437296 0.0699927 0 11.3177 0 10.1816 3407 342 0.00705439
3.48728 435848 435848 0.0699927 0 11.3173 0 10.1813 3407 342 0.00713038
3.4874 434400 434400 0.0699927 0 11.3169 0 10.1809 3407 342 0.00718649
3.48752 432952 432952 0.0699927 0 11.3165 0 10.1806 3407 342 0.00725163
3.48764 431504 431504 0.0699927 0 11.3162 0 10.1802 3407 342 0.00731707
3.48776 430056 430056 0.0699927 0 11.3158 0 10.1799 3407 342 0.00738281
3.48788 428608 428608 0.0699927 0 11.3154 0 10.1795 3407 342 0.00744885
3.488 427160 427160 0.0699927 0 11.315 0 10.1792 3407 342 0.00751518
3.48812 425712 425712 0.0699927 0 11.3146 0 10.1788 3407 342 0.00758182
3.48824 424264 424264 0.0699927 0 11.3142 0 10.1785 3407 342 0.00764875
3.48836 422816 422816 0.0699927 0 11.3138 0 10.1781 3407 342 0.00771598
3.48848 421368 421368 0.0699927 0 11.3134 0 10.1778 3407 342 0.00778351
3.4886 420593 419920 0.0699927 0 11.313 0 10.1774 3407 342 0.00784868
3.48872 419835 418472 0.0699927 0 11.3126 0 10.1771 3407 342 0.00791676
3.48884 417024 417024 0.0699927 0 11.3123 0 10.1767 3407 342 0.00799821
3.48896 415576 415576 0.0699927 0 11.3119 0 10.1764 3407 342 0.00805661
3.48908 414128 414128 0.0699927 0 11.3115 0 10.176 3407 342 0.00812563
3.4892 412680 412680 0.0699927 0 11.3111 0 10.1757 3407 342 0.00819494
3.48932 411232 411232 0.0699927 0 11.3107 0 10.1753 3407 342 0.00826456
3.48944 409784 409784 0.0699927 0 11.3103 0 10.175 3407 342 0.00833447
3.48956 408336 408336 0.0699927 0 11.3099 0 10.1746 3407 342 0.00840469
3.48968 406888 406888 0.0699927 0 11.3095 0 10.1743 3407 342 0.0084752
3.4898 405440 405440 0.0699927 0 11.3091 0 10.1739 3407 342 0.00854601
3.48992 403992 403992 0.0699927 0 11.3088 0 10.1736 3407 342 0.00861711
3.49004 402691 402544 0.0699927 0 11.3084 0 10.1732 3407 342 0.0086878
3.49016 401933 401096 0.0699927 0 11.308 0 10.1729 3407 342 0.00875752
3.49028 401175 399648 0.0699927 0 11.3076 0 10.1725 3407 342 0.00882952
3.4904 399648 399648 0.0699927 96.4048 11.3105 0 10.1722 3408 343 0.00883264
3.49052 398200 398200 0.0699927 0 11.3101 0 10.1718 3408 343 0.00890452
3.49064 396752 396752 0.0699927 0 11.3097 0 10.1715 3408 343 0.00897712
3.49076 395304 395304 0.0699927 0 11.3093 0 10.1711 3408 343 0.00905002
3.49088 393856 393856 0.0699927 0 11.309 0 10.1708 3408 343 0.00912321
3.491 392408 392408 0.0699927 0 11.3086 0 10.1704 3408 343 0.0091967
3.49113 390960 390960 0.0699927 0 11.3082 0 10.1701 3408 343 0.0092705
3.49125 389512 389512 0.0699927 0 11.3078 0 10.1697 3408 343 0.00934458
3.49137 388064 388064 0.0699927 0 11.3074 0 10.1694 3408 343 0.00941897
3.49149 386616 386616 0.0699927 0 11.307 0 10.169 3408 343 0.00949366
3.49161 385168 385168 0.0699927 0 11.3066 0 10.1687 3408 343 0.00956864
3.49173 383720 383720 0.0699927 0 11.3062 0 10.1683 3408 343 0.00964392
3.49185 382272 382272 0.0699927 0 11.3058 0 10.168 3408 343 0.0097195
3.49197 380824 380824 0.0699927 0 11.3055 0 10.1676 3408 343 0.00979538
3.49209 379376 379376 0.0699927 0 11.3051 0 10.1673 3408 343 0.00987156
3.49221 377928 377928 0.0699927 0 11.3047 0 10.1669 3408 343 0.00994803
3.49233 376480 376480 0.0699927 0 11.3043 0 10.1666 3408 343 0.0100248
3.49245 375032 375032 0.0699927 0 11.3039 0 10.1662 3408 343 0.0101019
3.49257 373584 373584 0.0699927 0 11.3035 0 10.1659 3408 343 0.0101792
3.49269 372136 372136 0.0699927 0 11.3031 0 10.1655 3408 343 0.0102569
3.49281 370688 370688 0.0699927 0 11.3027 0 10.1652 3408 343 0.0103349
3.49293 369240 369240 0.0699927 0 11.3023 0 10.1648 3408 343 0.0104131
3.49305 367792 367792 0.0699927 0 11.302 0 10.1645 3408 343 0.0104917
3.49317 366344 366344 0.0699927 0 11.3016 0 10.1641 3408 343 0.0105706
3.49329 364896 364896 0.0699927 0 11.3012 0 10.1638 3408 343 0.0106497
3.49341 363448 363448 0.0699927 0 11.3008 0 10.1634 3408 343 0.0107292
3.49353 362000 362000 0.0699927 0 11.3004 0 10.1631 3408 343 0.0108089
3.49365 360552 360552 0.0699927 0 11.3 0 10.1627 3408 343 0.010889
3.49377 359104 359104 0.0699927 0 11.2996 0 10.1624 3408 343 0.0109693
3.49389 357656 357656 0.0699927 0 11.2992 0 10.162 3408 343 0.01105
3.49401 356208 356208 0.0699927 0 11.2988 0 10.1617 3408 343 0.0111309
3.49413 354760 354760 0.0699927 0 11.2985 0 10.1613 3408 343 0.0112122
3.49425 353312 353312 0.0699927 0 11.2981 0 10.161 3408 343 0.0112937
3.49437 351864 351864 0.0699927 0 11.2977 0 10.1606 3408 343 0.0113756
3.49449 350416 350416 0.0699927 0 11.2973 0 10.1603 3408 343 0.0114577
3.49461 348968 348968 0.0699927 0 11.2969 0 10.1599 3408 343 0.0115401
3.49473 347520 347520 0.0699927 0 11.2965 0 10.1596 3408 343 0.0116229
3.49485 346072 346072 0.0699927 0 11.2961 0 10.1592 3408 343 0.0117059
3.49497 344624 344624 0.0699927 0 11.2957 0 10.1589 3408 343 0.0117892
3.49509 343176 343176 0.0699927 0 11.2954 0 10.1585 3408 343 0.0118729
3.49521 341728 341728 0.0699927 0 11.295 0 10.1582 3408 343 0.0119568
3.49533 340280 340280 0.0699927 0 11.2946 0 10.1578 3408 343 0.012041
3.49545 338832 338832 0.0699927 0 11.2942 0 10.1575 3408 343 0.0121256
3.49557 337384 337384 0.0699927 0 11.2938 0 10.1571 3408 343 0.0122104
3.49569 335936 335936 0.0699927 0 11.2934 0 10.1568 3408 343 0.0122955
3.49581 334488 334488 0.0699927 0 11.293 0 10.1564 3408 343 0.0123809
3.49593 333040 333040 0.0699927 0 11.2926 0 10.1561 3408 343 0.0124666
3.49605 331592 331592 0.0699927 0 11.2922 0 10.1557 3408 343 0.0125527
3.49617 330144 330144 0.0699927 0 11.2919 0 10.1554 3408 343 0.012639
3.49629 328696 328696 0.0699927 0 11.2915 0 10.155 3408 343 0.0127256
3.49641 327291 327248 0.0699927 0 11.2911 0 10.1547 3408 343 0.0128123
3.49653 325800 325800 0.0699927 0 11.2907 0 10.1543 3408 343 0.0128999
3.49665 324352 324352 0.0699927 0 11.2903 0 10.154 3408 343 0.0129872
3.49677 322904 322904 0.0699927 0 11.2899 0 10.1536 3408 343 0.013075
3.49689 321456 321456 0.0699927 0 11.2895 0 10.1533 3408 343 0.0131631
3.49701 320008 320008 0.0699927 0 11.2891 0 10.1529 3408 343 0.0132515
3.49713 318560 318560 0.0699927 0 11.2888 0 10.1526 3408 343 0.0133402
3.49725 317112 317112 0.0699927 0 11.2884 0 10.1522 3408 343 0.0134292
3.49737 315664 315664 0.0699927 0 11.288 0 10.1519 3408 343 0.0135185
3.49749 314216 314216 0.0699927 0 11.2876 0 10.1515 3408 343 0.0136081
3.49761 312768 312768 0.0699927 0 11.2872 0 10.1512 3408 343 0.013698
3.49773 311320 311320 0.0699927 0 11.2868 0 10.1508 3408 343 0.0137882
3.49785 309872 309872 0.0699927 0 11.2864 0 10.1505 3408 343 0.0138787
3.49797 308424 308424 0.0699927 0 11.286 0 10.1501 3408 343 0.0139695
3.49809 306976 306976 0.0699927 0 11.2857 0 10.1498 3408 343 0.0140606
3.49821 305528 305528 0.0699927 0 11.2853 0 10.1495 3408 343 0.014152
3.49833 304080 304080 0.0699927 0 11.2849 0 10.1491 3408 343 0.0142436
3.49845 302632 302632 0.0699927 0 11.2845 0 10.1488 3408 343 0.0143356
3.49858 301184 301184 0.0699927 0 11.2841 0 10.1484 3408 343 0.0144279
3.4987 299736 299736 0.0699927 0 11.2837 0 10.1481 3408 343 0.0145205
3.49882 298288 298288 0.0699927 0 11.2833 0 10.1477 3408 343 0.0146134
3.49894 296840 296840 0.0699927 0 11.2829 0 10.1474 3408 343 0.0147065
3.49906 295392 295392 0.0699927 0 11.2826 0 10.147 3408 343 0.0148
3.49918 293944 293944 0.0699927 0 11.2822 0 10.1467 3408 343 0.0148938
3.4993 292496 292496 0.0699927 0 11.2818 0 10.1463 3408 343 0.0149878
3.49942 291048 291048 0.0699927 0 11.2814 0 10.146 3408 343 0.0150822
3.49954 289600 289600 0.0699927 0 11.281 0 10.1456 3408 343 0.0151769
3.49966 288152 288152 0.0699927 0 11.2806 0 10.1453 3408 343 0.0152718
3.49978 286704 286704 0.0699927 0 11.2802 0 10.1449 3408 343 0.0153671
3.4999 285256 285256 0.0699927 0 11.2798 0 10.1446 3408 343 0.0154627
3.50002 283808 283808 0.0699927 0 11.2795 0 10.1442 3408 343 0.0155585
3.50014 282360 282360 0.0699927 0 11.2791 0 10.1439 3408 343 0.0156547
3.50026 280912 280912 0.0699927 0 11.2787 0 10.1435 3408 343 0.0157511
3.50038 279464 279464 0.0699927 0 11.2783 0 10.1432 3408 343 0.0158479
3.5005 278016 278016 0.0699927 0 11.2779 0 10.1428 3408 343 0.0159449
3.50062 276568 276568 0.0699927 0 11.2775 0 10.1425 3408 343 0.0160423
3.50074 275120 275120 0.0699927 0 11.2771 0 10.1421 3408 343 0.0161399
3.50086 273672 273672 0.0699927 0 11.2767 0 10.1418 3408 343 0.0162379
3.50098 272224 272224 0.0699927 0 11.2764 0 10.1414 3408 343 0.0163361
3.5011 270776 270776 0.0699927 0 11.276 0 10.1411 3408 343 0.0164346
3.50122 269328 269328 0.0699927 0 11.2756 0 10.1407 3408 343 0.0165335
3.50134 267880 267880 0.0699927 0 11.2752 0 10.1404 3408 343 0.0166326
3.50146 266432 266432 0.0699927 0 11.2748 0 10.14 3408 343 0.0167321
3.50158 264984 264984 0.0699927 0 11.2744 0 10.1397 3408 343 0.0168318
3.5017 263536 263536 0.0699927 0 11.274 0 10.1394 3408 343 0.0169318
3.50182 262088 262088 0.0699927 0 11.2736 0 10.139 3408 343 0.0170322
3.50194 260640 260640 0.0699927 0 11.2733 0 10.1387 3408 343 0.0171328
3.50206 259192 259192 0.0699927 0 11.2729 0 10.1383 3408 343 0.0172337
3.50218 257744 257744 0.0699927 0 11.2725 0 10.138 3408 343 0.0173349
3.5023 256296 256296 0.0699927 0 11.2721 0 10.1376 3408 343 0.0174365
3.50242 254848 254848 0.0699927 0 11.2717 0 10.1373 3408 343 0.0175383
3.50254 253408 253400 0.0699927 0 11.2713 0 10.1369 3408 343 0.0176404
3.50266 251952 251952 0.0699927 0 11.2709 0 10.1366 3408 343 0.0177429
3.50278 250504 250504 0.0699927 0 11.2706 0 10.1362 3408 343 0.0178455
3.5029 249056 249056 0.0699927 0 11.2702 0 10.1359 3408 343 0.0179486
3.50302 247608 247608 0.0699927 0 11.2698 0 10.1355 3408 343 0.0180519
3.50314 246160 246160 0.0699927 0 11.2694 0 10.1352 3408 343 0.0181555
3.50326 244712 244712 0.0699927 0 11.269 0 10.1348 3408 343 0.0182594
3.50338 243264 243264 0.0699927 0 11.2686 0 10.1345 3408 343 0.0183636
3.5035 241816 241816 0.0699927 0 11.2682 0 10.1341 3408 343 0.0184681
3.50362 240368 240368 0.0699927 0 11.2678 0 10.1338 3408 343 0.0185729
3.50374 238920 238920 0.0699927 0 11.2675 0 10.1334 3408 343 0.018678
3.50386 237472 237472 0.0699927 0 11.2671 0 10.1331 3408 343 0.0187834
3.50398 236024 236024 0.0699927 0 11.2667 0 10.1327 3408 343 0.0188891
3.5041 234576 234576 0.0699927 0 11.2663 0 10.1324 3408 343 0.0189951
3.50422 233128 233128 0.0699927 0 11.2659 0 10.1321 3408 343 0.0191014
3.50434 232404 231680 0.0699927 0 11.2655 0 10.1317 3408 343 0.0192052
3.50446 231680 230232 0.0699927 0 11.2651 0 10.1314 3408 343 0.0193121
3.55048 207064 205616 0.0699927 23.6604 11.4258 0 10 3502 437 0.0222512
3.55565 232404 205616 0.0699927 96.4048 11.5493 0 9.9855 3545 480 0.0223155
3.55721 231680 230232 0.0699927 222.565 11.6419 0 9.98112 3575 510 0.0193121
3.59065 232404 230232 0.0699927 30.1384 11.8142 0 9.88816 3662 597 0.0193121
3.59257 238920 230232 0.0699927 96.4376 11.8594 0 9.88287 3678 613 0.0193866
3.63538 315664 236024 0.0429113 44.3778 12.2424 44.3778 10.2891 3842 613 0.029548
3.68465 376480 312768 0.0495082 51.024 12.7609 51.024 10.8337 4059 613 0.0202798
3.74641 383720 373584 0.0619921 48.39 13.3483 48.39 11.4529 4317 613 0.0101728
3.81562 363448 380824 0.0694396 44.0182 13.9046 44.0182 12.0436 4580 613 0.0105115
3.88363 347520 360552 0.0682375 42.5816 14.4068 42.5816 12.5784 4830 613 0.0113043
3.94636 350416 344624 0.0629946 44.1394 14.8794 44.1394 13.08 5069 613 0.0117095
4.00512 369240 347520 0.0590047 47.3152 15.3552 47.3152 13.5822 5309 613 0.0121502
4.06363 389512 366344 0.0588038 50.083 15.8553 50.083 14.1079 5562 613 0.011199
4.12419 402544 386616 0.0607901 51.2629 16.3753 51.2629 14.6535 5830 613 0.00969262
4.18644 408336 399648 0.0625504 51.5524 16.8983 51.5524 15.2021 6107 613 0.00879479
4.24904 412680 405440 0.0629184 51.8106 17.4126 51.8106 15.7414 6387 613 0.00848449
4.31092 419920 409784 0.0620967 52.9758 17.9231 52.9758 16.2759 6670 613 0.00832848
4.37269 427160 417024 0.0620131 54.2043 18.4356 54.2043 16.8117 6959 613 0.00798154
4.43373 438744 424264 0.0613031 55.6036 18.9473 55.6036 17.3457 7252 613 0.00778543
4.49513 448880 435848 0.0615673 56.975 19.4667 56.975 17.887 7554 613 0.00720316
4.55641 459016 445984 0.0616009 58.41 19.9905 58.41 18.4321 7863 613 0.00675771
4.61829 466256 456120 0.0621886 58.966 20.5128 58.966 18.9752 8178 613 0.00623952
4.68042 473496 463360 0.0623432 59.8567 21.035 59.8567 19.5178 8499 613 0.00594134
4.74242 480736 470600 0.0622554 60.7201 21.5538 60.7201 20.0565 8824 613 0.00564952
4.80478 486528 477840 0.0626323 61.4836 22.0721 61.4836 20.5942 9155 613 0.00533384
4.8669 493768 483632 0.0622535 62.2809 22.5853 62.2809 21.1263 9489 613 0.00514373
4.92915 501008 490872 0.0624898 63.0912 23.0968 63.0912 21.6562 9828 613 0.00487431
4.99127 508248 498112 0.0625354 64.332 23.61 64.332 22.1874 10173 613 0.00461144
5.05339 515488 505352 0.0623037 65.0779 24.1198 65.0779 22.7146 10522 613 0.00435468
5.11563 522728 512592 0.0625053 66.0689 24.6302 66.0689 23.2421 10877 613 0.00410747
5.17776 529968 519832 0.0623982 66.9426 25.1379 66.9426 23.7664 11236 613 0.00386621
5.24012 537208 527072 0.0625505 67.7991 25.6456 67.7991 24.2905 11601 613 0.00363369
5.30212 545896 534312 0.0623046 68.9406 26.1519 68.9406 24.8126 11970 613 0.00344768
5.36449 551688 543000 0.0627897 69.8424 26.6598 69.8424 25.3361 12346 613 0.00311446
5.42673 558928 548792 0.0624606 70.7217 27.1652 70.7217 25.8566 12726 613 0.00297815
5.48825 570512 556032 0.0618029 72.4919 27.6733 72.4919 26.3794 13111 613 0.00291726
5.55001 580648 567616 0.0620016 73.5227 28.1835 73.5227 26.904 13503 613 0.00255209
5.6119 590784 577752 0.0620584 74.6903 28.6963 74.6903 27.431 13902 613 0.00229671
5.67438 598024 587888 0.0627724 75.4553 29.2112 75.4553 27.9598 14309 613 0.00196969
5.7371 602368 595128 0.0629835 75.9049 29.7217 75.9049 28.484 14720 613 0.00174807
5.80031 603816 599472 0.0635726 76.0608 30.2267 76.0608 29.0024 15135 613 0.00162777
5.86327 606712 600920 0.0632623 76.3511 30.722 76.3511 29.5109 15550 613 0.00160599
5.92587 613952 603816 0.0627592 77.3459 31.2145 77.3459 30.0162 15968 613 0.00162043
5.98848 619744 611056 0.062895 78.2711 31.7065 78.2711 30.5207 16391 613 0.00144085
6.05096 626984 616848 0.0626539 78.9778 32.1946 78.9778 31.0211 16817 613 0.00136099
6.11368 631328 624088 0.0630018 79.5986 32.6809 79.5986 31.5194 17248 613 0.00116994
6.17665 635672 628432 0.0632043 80.0307 33.1636 80.0307 32.0139 17683 613 0.00109475
6.23973 638568 632776 0.0633608 80.2455 33.6396 80.2455 32.5016 18120 613 0.00100338
6.30294 641464 635672 0.0633429 80.6428 34.1109 80.6428 32.9843 18560 613 0.000955571
6.36614 642912 638568 0.0634721 81.0094 34.5766 81.0094 33.4611 19002 613 0.000898776
6.4291 645808 640016 0.0633145 81.5025 35.0361 81.5025 33.9316 19445 613 0.00088609
6.49183 651600 642912 0.0629906 81.9995 35.4899 81.9995 34.396 19889 613 0.000884074
6.55443 658840 648704 0.0628357 82.897 35.9427 82.897 34.8593 20337 613 0.00083089
6.61739 663184 655944 0.0632229 83.3423 36.3937 83.3423 35.3206 20790 613 0.000673021
6.68072 664632 660288 0.0636115 83.5996 36.8411 83.5996 35.7782 21247 613 0.00058909
6.74416 666080 661736 0.0636963 83.4413 37.2795 83.4413 36.2266 21704 613 0.000571383
6.80725 667528 663184 0.0635266 84.2853 37.7151 84.2853 36.672 22163 613 0.00055213
6.87021 671872 664632 0.0631608 84.4462 38.1434 84.4462 37.1098 22622 613 0.000561774
6.93317 676216 668976 0.0632654 85.1821 38.5706 85.1821 37.5464 23085 613 0.000511047
6.99614 680560 673320 0.063261 85.5501 38.9934 85.5501 37.9784 23550 613 0.000462302
7.05922 682008 677664 0.0634678 86.1216 39.4146 86.1216 38.4086 24019 613 0.000387842
7.12219 686352 679112 0.0632345 86.286 39.8289 86.286 38.8319 24488 613 0.000401351
7.18503 690696 683456 0.0632706 87.1883 40.2431 87.1883 39.2548 24961 613 0.000359132
7.24799 695040 687800 0.0631833 87.3898 40.6527 87.3898 39.673 25436 613 0.000318798
7.3112 696488 692144 0.0634536 87.7907 41.0602 87.7907 40.089 25915 613 0.000253686
7.3744 697936 693592 0.0635208 87.7907 41.4607 87.7907 40.4978 26394 613 0.00024239
7.43749 699384 695040 0.0635378 88.3252 41.8582 88.3252 40.9035 26875 613 0.000231042
7.50033 705176 696488 0.0630308 88.6629 42.2504 88.6629 41.3036 27356 613 0.000272454
7.56329 709520 702280 0.0633113 89.4136 42.643 89.4136 41.7041 27842 613 0.000206446
7.6265 710968 706624 0.0635737 89.6235 43.0324 89.6235 42.1013 28331 613 0.000150293
7.6897 713864 708072 0.0633588 89.6235 43.4153 89.6235 42.4919 28820 613 0.000151202
7.75279 716760 710968 0.0634069 90.3451 43.7972 90.3451 42.8813 29312 613 0.000134854
7.81587 721104 713864 0.0632909 90.7123 44.1758 90.7123 43.2673 29806 613 0.000137235
7.87907 722552 718208 0.0635368 91.0897 44.5522 91.0897 43.6509 30303 613 8.81103e-05
7.94228 724000 719656 0.0635927 91.0897 44.9225 91.0897 44.0284 30800 613 8.21111e-05
8.00572 725448 721104 0.0637488 91.1098 45.2886 91.1098 44.4016 31299 613 7.71572e-05
8.06905 726896 722552 0.0635166 91.2827 45.6495 91.2827 44.7695 31798 613 6.96684e-05
8.13261 725448 724000 0.0638904 91.3021 46.0063 91.3021 45.1332 32299 613 6.69339e-05
8.1963 724000 722552 0.063948 90.766 46.3541 90.766 45.4877 32798 613 7.28891e-05
8.25998 722552 721104 0.0639296 90.766 46.6965 90.766 45.8368 33297 613 7.85455e-05
8.32355 724000 719656 0.0637913 90.5731 47.0316 90.5731 46.1785 33794 613 8.35773e-05
8.38699 725448 721104 0.063707 91.1098 47.365 91.1098 46.5184 34293 613 7.68454e-05
8.45031 726896 722552 0.0635845 91.2827 47.6941 91.2827 46.8538 34792 613 7.01509e-05
8.514 725448 724000 0.0639526 91.1298 48.019 91.1298 47.185 35293 613 6.7422e-05
8.57768 724000 722552 0.06388 90.766 48.3364 90.766 47.5086 35792 613 7.23567e-05
8.64149 721104 721104 0.0641678 90.5951 48.6484 90.5951 47.8267 36291 613 9.16567e-05
8.70493 722552 718208 0.0635635 90.5621 48.9539 90.5621 48.1382 36787 613 8.82999e-05
8.76802 725448 719656 0.0634401 91.2632 49.2583 91.2632 48.4484 37284 613 9.22203e-05
8.83122 726896 722552 0.0636253 91.6395 49.5616 91.6395 48.7576 37784 613 7.04446e-05
8.89467 728344 724000 0.0637586 91.475 49.8606 91.475 49.0623 38285 613 6.59255e-05
8.95823 729792 725448 0.0638183 91.3021 50.1547 91.3021 49.362 38786 613 6.11725e-05
9.02216 725448 726896 0.0643028 91.1496 50.4451 91.1496 49.6581 39289 613 9.00202e-05
9.08596 722552 722552 0.0641411 90.5951 50.7271 90.5951 49.9455 39788 613 8.56334e-05
9.14941 724000 719656 0.0638263 90.9272 51.0058 90.9272 50.2297 40286 613 8.38443e-05
9.21261 725448 721104 0.0636602 91.4563 51.2833 91.4563 50.5126 40785 613 7.65005e-05
9.27593 728344 722552 0.0634022 91.2827 51.5564 91.2827 50.7909 41284 613 8.00597e-05
9.33962 725448 725448 0.0641412 91.3117 51.8275 91.3117 51.0672 41786 613 7.49252e-05
9.40342 721104 722552 0.0642634 90.7766 52.0918 90.7766 51.3366 42286 613 0.000105298
9.46687 719656 718208 0.0638555 90.7447 52.3508 90.7447 51.6007 42783 613 9.04669e-05
9.52983 724000 716760 0.0632146 91.0694 52.6066 91.0694 51.8615 43278 613 0.000122451
9.59292 726896 721104 0.0633528 91.6305 52.8633 91.6305 52.123 43777 613 8.55272e-05
9.65636 728344 724000 0.0637138 91.2924 53.1157 91.2924 52.3804 44277 613 6.55908e-05
9.71993 729792 725448 0.0638133 91.3021 53.3655 91.3021 52.6349 44778 613 6.11346e-05
9.78361 725448 726896 0.0643177 91.4936 53.6137 91.4936 52.8878 45281 613 9.01485e-05
9.8473 724000 722552 0.063924 90.766 53.8539 90.766 53.1328 45780 613 7.26996e-05
9.91086 722552 721104 0.0639519 90.9376 54.0918 90.9376 53.3753 46279 613 7.87212e-05
9.9743 724000 719656 0.0636884 90.7447 54.3249 90.7447 53.613 46776 613 8.28078e-05
10.0376 722552 721104 0.0639628 91.2827 54.5581 91.2827 53.8506 47275 613 7.88078e-05
10.1008 724000 719656 0.0635188 91.0897 54.7867 91.0897 54.0836 47772 613 8.15859e-05
10.164 722552 721104 0.063907 91.4563 55.0147 91.4563 54.316 48271 613 7.83686e-05
10.2239 725448 719656 0.0633882 96.2112 55.2558 96.2112 54.5613 48768 613 9.1866e-05
10.2872 726896 722552 0.0635563 91.4656 55.4787 91.4656 54.7884 49268 613 6.99495e-05
10.3509 725448 724000 0.0639545 91.1298 55.698 91.1298 55.012 49769 613 6.7437e-05
10.4145 726896 722552 0.0638382 90.9376 55.9131 90.9376 55.2313 50268 613 7.20337e-05
10.4779 728344 724000 0.0636004 91.475 56.1285 91.475 55.4507 50769 613 6.47617e-05
10.5413 729792 725448 0.063725 91.475 56.3412 91.475 55.6676 51270 613 6.04687e-05
10.6051 728344 726896 0.0640229 91.3213 56.5517 91.3213 55.8821 51773 613 5.78696e-05
10.6691 724000 725448 0.0642579 90.7872 56.7568 90.7872 56.0912 52274 613 9.45432e-05
10.7329 722552 721104 0.0640153 90.5951 56.9579 90.5951 56.2963 52773 613 7.92264e-05
10.7961 724000 719656 0.0634811 91.0897 57.1578 91.0897 56.5 53270 613 8.13219e-05
10.8593 725448 721104 0.0635544 91.4563 57.3574 91.4563 56.7035 53769 613 7.57377e-05
10.9226 726896 722552 0.0635261 91.2827 57.5541 91.2827 56.904 54268 613 6.97354e-05
10.9863 725448 724000 0.0639688 91.1298 57.7487 91.1298 57.1024 54769 613 6.75497e-05
11.0499 726896 722552 0.0637162 90.9376 57.9396 90.9376 57.297 55268 613 7.11122e-05
11.1133 728344 724000 0.0637431 91.475 58.1311 91.475 57.4921 55769 613 6.58092e-05
11.1767 729792 725448 0.0636864 91.475 58.3203 91.475 57.685 56270 613 6.0183e-05
11.2406 728344 726896 0.064006 91.3213 58.5077 91.3213 57.8759 56773 613 5.77343e-05
11.3045 725448 725448 0.064124 90.7872 58.6902 90.7872 58.0621 57274 613 7.47827e-05
11.3683 722552 722552 0.0641134 90.7766 58.8703 90.7766 58.2457 57774 613 8.54045e-05
11.4317 724000 719656 0.0636912 90.9272 59.0482 90.9272 58.427 58272 613 8.28284e-05
11.4949 728344 721104 0.0633034 91.4563 59.2264 91.4563 58.6087 58771 613 0.000103836
11.5583 729792 725448 0.0636571 91.6486 59.404 91.6486 58.7897 59272 613 5.99679e-05
11.6222 728344 726896 0.0640832 91.1496 59.5786 91.1496 58.9677 59775 613 5.83584e-05
11.686 726896 725448 0.064076 90.9582 59.75 90.9582 59.1423 60276 613 6.32072e-05
11.7497 725448 724000 0.0638623 91.1298 59.9201 91.1298 59.3157 60777 613 6.67158e-05
11.8131 726896 722552 0.0636857 91.1098 60.0876 91.1098 59.4865 61276 613 7.08861e-05
11.8767 728344 724000 0.0638328 91.3021 60.2546 91.3021 59.6567 61777 613 6.64886e-05
11.9404 726896 725448 0.0639459 91.1298 60.4193 91.1298 59.8246 62278 613 6.21636e-05
12.0042 725448 724000 0.0640604 90.9582 60.5816 90.9582 59.9901 62779 613 6.82856e-05
12.0676 726896 722552 0.0637332 91.1098 60.7421 91.1098 60.1537 63278 613 7.12392e-05
12.1311 728344 724000 0.0637071 91.475 60.9029 91.475 60.3175 63779 613 6.55409e-05
12.1946 729792 725448 0.0638182 91.3021 61.0613 91.3021 60.479 64280 613 6.1172e-05
12.2585 726896 726896 0.0641975 91.1496 61.2182 91.1496 60.6389 64783 613 7.04878e-05
12.3224 725448 724000 0.0640117 90.7766 61.3713 90.7766 60.795 65283 613 6.78924e-05
12.3858 726896 722552 0.0636783 91.1098 61.5236 91.1098 60.9503 65782 613 7.08318e-05
12.4492 728344 724000 0.0636505 91.475 61.6762 91.475 61.1058 66283 613 6.5125e-05
12.5128 729792 725448 0.0638291 91.3021 61.8267 91.3021 61.2592 66784 613 6.12555e-05
12.5767 726896 726896 0.0641952 91.1496 61.9758 91.1496 61.4112 67287 613 7.04681e-05
12.6405 725448 724000 0.0640059 90.7766 62.1212 90.7766 61.5594 67787 613 6.78459e-05
12.704 726896 722552 0.0636009 91.1098 62.2659 91.1098 61.707 68286 613 7.02682e-05
12.7674 728344 724000 0.0636413 91.475 62.4111 91.475 61.8549 68787 613 6.50577e-05
12.831 729792 725448 0.0637874 91.3021 62.5542 91.3021 62.0008 69288 613 6.09374e-05
12.8949 728344 726896 0.0640556 91.1496 62.696 91.1496 62.1453 69791 613 5.81343e-05
12.9587 726896 725448 0.0640509 90.9582 62.8351 90.9582 62.2871 70292 613 6.3003e-05
13.0224 725448 724000 0.0639077 91.1298 62.9735 91.1298 62.4282 70793 613 6.7069e-05
13.0858 726896 722552 0.0636792 91.1098 63.1099 91.1098 62.5673 71292 613 7.08384e-05
13.1494 728344 724000 0.0638094 91.3021 63.2462 91.3021 62.7062 71793 613 6.63104e-05
13.2131 726896 725448 0.0639382 91.1298 63.3806 91.1298 62.8432 72294 613 6.21029e-05
13.2769 725448 724000 0.0640261 90.9582 63.5131 90.9582 62.9783 72795 613 6.80082e-05
13.3403 726896 722552 0.0637249 91.1098 63.6444 91.1098 63.1121 73294 613 7.11773e-05
13.4038 728344 724000 0.0636783 91.475 63.7761 91.475 63.2463 73795 613 6.53284e-05
13.4674 729792 725448 0.0637825 91.3021 63.906 91.3021 63.3787 74296 613 6.09007e-05
13.5313 725448 726896 0.0642417 91.1496 64.0347 91.1496 63.5099 74799 613 8.94978e-05
13.5951 724000 722552 0.0640208 90.5951 64.1594 90.5951 63.637 75298 613 7.34686e-05
13.6585 725448 721104 0.0637755 91.1098 64.2845 91.1098 63.7647 75797 613 7.73582e-05
13.7217 728344 722552 0.0634246 91.4563 64.4097 91.4563 63.8922 76296 613 8.02125e-05
13.7853 729792 725448 0.0637769 91.4843 64.5345 91.4843 64.0194 76798 613 6.08585e-05
13.8492 726896 726896 0.0641417 91.1496 64.6574 91.1496 64.1447 77301 613 7.00221e-05
13.913 724000 724000 0.0641296 90.7766 64.7772 90.7766 64.2668 77801 613 8.00346e-05
13.9765 725448 721104 0.0636942 90.9272 64.8959 90.9272 64.3878 78299 613 7.6751e-05
14.0397 728344 722552 0.063407 91.4563 65.0155 91.4563 64.5097 78798 613 8.00923e-05
14.1032 726896 725448 0.0639233 91.4843 65.1348 91.4843 64.6313 79300 613 6.19856e-05
14.1672 725448 724000 0.0640863 90.7872 65.2505 90.7872 64.7493 79801 613 6.84961e-05
14.2307 724000 722552 0.0639013 90.9376 65.3652 90.9376 64.8662 80300 613 7.25222e-05
14.2942 725448 721104 0.0635901 91.1098 65.4795 91.1098 64.9827 80799 613 7.59929e-05
14.3574 726896 722552 0.0635071 91.4563 65.5939 91.4563 65.0993 81298 613 6.96019e-05
14.4209 728344 724000 0.0637503 91.3021 65.7072 91.3021 65.2148 81799 613 6.58637e-05
14.4846 726896 725448 0.0639193 91.1298 65.819 91.1298 65.3287 82300 613 6.1954e-05
14.5484 725448 724000 0.0640341 90.9582 65.9292 90.9582 65.4411 82801 613 6.80725e-05
14.6119 726896 722552 0.0636407 91.1098 66.0385 91.1098 65.5526 83300 613 7.05571e-05
14.6753 728344 724000 0.0637431 91.475 66.1485 91.475 65.6646 83801 613 6.58091e-05
14.7389 729792 725448 0.0637411 91.3021 66.257 91.3021 65.7752 84302 613 6.05893e-05
14.8028 726896 726896 0.0641527 91.1496 66.3645 91.1496 65.8848 84805 613 7.01134e-05
14.8666 725448 724000 0.0640178 90.7766 66.4693 90.7766 65.9916 85305 613 6.79415e-05
14.9301 726896 722552 0.0637064 91.1098 66.574 91.1098 66.0984 85804 613 7.10394e-05
14.9935 728344 724000 0.0637845 91.475 66.6793 91.475 66.2057 86305 613 6.61208e-05
15.0571 729792 725448 0.0637449 91.3021 66.7833 91.3021 66.3117 86806 613 6.06178e-05
15.121 726896 726896 0.0641619 91.1496 66.8863 91.1496 66.4167 87309 613 7.01901e-05
15.1848 725448 724000 0.0640053 90.7766 66.9867 90.7766 66.519 87809 613 6.78407e-05
15.2482 726896 722552 0.0637599 91.1098 67.087 91.1098 66.6214 88308 613 7.1439e-05
15.3117 728344 724000 0.063612 91.475 67.1881 91.475 66.7243 88809 613 6.4845e-05
15.3753 726896 725448 0.0638691 91.3021 67.2878 91.3021 66.8259 89310 613 6.15632e-05
15.4392 725448 724000 0.0640832 90.7872 67.3851 90.7872 66.9252 89811 613 6.84711e-05
15.5027 724000 722552 0.0638998 90.9376 67.4817 90.9376 67.0236 90310 613 7.25108e-05
15.5662 725448 721104 0.0635901 91.1098 67.578 91.1098 67.1218 90809 613 7.59923e-05
15.6294 726896 722552 0.0635071 91.4563 67.6745 91.4563 67.2202 91308 613 6.96015e-05
15.693 728344 724000 0.0637503 91.3021 67.7702 91.3021 67.3177 91809 613 6.58637e-05
15.7566 726896 725448 0.063948 91.1298 67.8646 91.1298 67.414 92310 613 6.21804e-05
15.8204 725448 724000 0.0640573 90.9582 67.9578 90.9582 67.5089 92811 613 6.82603e-05
15.8839 726896 722552 0.0636027 91.1098 68.0503 91.1098 67.6032 93310 613 7.02816e-05
15.9473 728344 724000 0.063725 91.475 68.1435 91.475 67.6982 93811 613 6.5674e-05
16.0109 729792 725448 0.0637287 91.3021 68.2354 91.3021 67.7919 94312 613 6.04963e-05
16.0748 726896 726896 0.0641519 91.1496 68.3265 91.1496 67.8848 94815 613 7.01073e-05
16.1386 725448 724000 0.0640175 90.7766 68.4153 90.7766 67.9753 95315 613 6.79388e-05
16.2021 726896 722552 0.0637064 91.1098 68.5041 91.1098 68.0659 95814 613 7.10392e-05
16.2655 728344 724000 0.0637845 91.475 68.5937 91.475 68.1572 96315 613 6.61208e-05
16.3291 729792 725448 0.0637578 91.3021 68.6821 91.3021 68.2473 96816 613 6.07147e-05
16.393 725448 726896 0.0642766 91.1496 68.7698 91.1496 68.3366 97319 613 8.97952e-05
16.4568 724000 722552 0.0640091 90.5951 68.8544 90.5951 68.4229 97818 613 7.33753e-05
16.5203 725448 721104 0.0637537 91.1098 68.9398 91.1098 68.51 98317 613 7.71939e-05
16.5835 728344 722552 0.0633937 91.4563 69.0257 91.4563 68.5975 98816 613 8.0002e-05
16.647 726896 725448 0.0638505 91.4843 69.1114 91.4843 68.6849 99318 613 6.14195e-05
16.711 725448 724000 0.0640949 90.7872 69.1943 90.7872 68.7694 99819 613 6.85668e-05
16.7745 724000 722552 0.0638855 90.9376 69.2767 90.9376 68.8534 100318 613 7.23994e-05
16.838 725448 721104 0.0636048 91.1098 69.359 91.1098 68.9373 100817 613 7.60982e-05
16.9012 728344 722552 0.0633905 91.4563 69.4416 91.4563 69.0215 101316 613 7.99798e-05
16.9647 726896 725448 0.0639013 91.4843 69.5242 91.4843 69.1056 101818 613 6.18135e-05
17.0287 725448 724000 0.0640637 90.7872 69.604 90.7872 69.187 102319 613 6.83119e-05
17.0922 726896 722552 0.063814 90.9376 69.6834 90.9376 69.2679 102818 613 7.18485e-05
17.1557 728344 724000 0.0636861 91.475 69.764 91.475 69.35 103319 613 6.53863e-05
17.2191 729792 725448 0.0636857 91.475 69.844 91.475 69.4316 103820 613 6.01774e-05
17.2829 728344 726896 0.0640261 91.3213 69.9232 91.3213 69.5124 104323 613 5.78957e-05
17.3468 725448 725448 0.0641519 90.7872 70.0001 90.7872 69.5908 104824 613 7.50143e-05
17.4106 724000 722552 0.0640463 90.7766 70.0763 90.7766 69.6684 105324 613 7.36743e-05
17.4741 725448 721104 0.0636864 91.1098 70.1526 91.1098 69.7463 105823 613 7.66932e-05
17.5373 726896 722552 0.0635463 91.4563 70.2294 91.4563 69.8245 106322 613 6.98782e-05
17.6009 728344 724000 0.0637162 91.3021 70.3055 91.3021 69.9021 106823 613 6.56087e-05
17.6645 726896 725448 0.0639723 91.1298 70.3806 91.1298 69.9786 107324 613 6.23723e-05
17.7283 725448 724000 0.0640117 90.9582 70.4547 90.9582 70.0541 107825 613 6.78924e-05
17.7918 726896 722552 0.0636783 91.1098 70.5283 91.1098 70.1292 108324 613 7.08318e-05
17.8552 728344 724000 0.0636505 91.475 70.6027 91.475 70.205 108825 613 6.5125e-05
17.9188 729792 725448 0.0638291 91.3021 70.6762 91.3021 70.2799 109326 613 6.12555e-05
17.9827 726896 726896 0.0641922 91.1496 70.749 91.1496 70.3541 109829 613 7.04432e-05
18.0465 725448 724000 0.0640093 90.7766 70.8198 90.7766 70.4263 110329 613 6.78732e-05
18.11 726896 722552 0.0636009 91.1098 70.8908 91.1098 70.4987 110828 613 7.02682e-05
18.1734 728344 724000 0.0636413 91.475 70.9627 91.475 70.572 111329 613 6.50577e-05
18.237 729792 725448 0.0637874 91.3021 71.0336 91.3021 70.6442 111830 613 6.09374e-05
18.3009 728344 726896 0.0640556 91.1496 71.1039 91.1496 70.7158 112333 613 5.81343e-05
18.3647 726896 725448 0.0640509 90.9582 71.1728 90.9582 70.7862 112834 613 6.3003e-05
18.4284 725448 724000 0.0639077 91.1298 71.2418 91.1298 70.8565 113335 613 6.7069e-05
18.4918 726896 722552 0.0636792 91.1098 71.31 91.1098 70.926 113834 613 7.08384e-05
18.5554 728344 724000 0.0638083 91.3021 71.3785 91.3021 70.9958 114335 613 6.63015e-05
18.6191 726896 725448 0.0639396 91.1298 71.446 91.1298 71.0646 114836 613 6.21134e-05
18.6829 725448 724000 0.0640261 90.9582 71.5127 90.9582 71.1326 115337 613 6.80082e-05
18.7463 726896 722552 0.0637249 91.1098 71.579 91.1098 71.2002 115836 613 7.11773e-05
18.8098 728344 724000 0.0636783 91.475 71.6461 91.475 71.2686 116337 613 6.53284e-05
18.8734 729792 725448 0.0637825 91.3021 71.7123 91.3021 71.336 116838 613 6.09007e-05
18.9373 725448 726896 0.0642417 91.1496 71.7779 91.1496 71.4029 117341 613 8.94978e-05
19.0011 724000 722552 0.0640078 90.5951 71.8411 90.5951 71.4674 117840 613 7.33649e-05
19.0645 725448 721104 0.0637903 91.1098 71.9052 91.1098 71.5327 118339 613 7.74699e-05
19.1277 728344 722552 0.0634246 91.4563 71.9698 91.4563 71.5986 118838 613 8.02125e-05
19.1913 729792 725448 0.0637769 91.4843 72.0345 91.4843 71.6644 119340 613 6.08585e-05
19.2552 726896 726896 0.0641417 91.1496 72.0979 91.1496 71.7291 119843 613 7.00221e-05
19.319 724000 724000 0.0641296 90.7766 72.1596 90.7766 71.792 120343 613 8.00346e-05
19.3825 725448 721104 0.0636942 90.9272 72.221 90.9272 71.8547 120841 613 7.6751e-05
19.4457 728344 722552 0.063407 91.4563 72.2836 91.4563 71.9184 121340 613 8.00923e-05
19.5092 726896 725448 0.0639233 91.4843 72.3461 91.4843 71.9821 121842 613 6.19856e-05
19.5732 725448 724000 0.0640863 90.7872 72.4063 90.7872 72.0435 122343 613 6.84961e-05
19.6367 724000 722552 0.0639013 90.9376 72.4663 90.9376 72.1047 122842 613 7.25222e-05
19.7002 725448 721104 0.0635901 91.1098 72.5264 91.1098 72.1659 123341 613 7.59929e-05
19.7634 726896 722552 0.0635071 91.4563 72.5869 91.4563 72.2276 123840 613 6.96017e-05
19.8269 728344 724000 0.0637504 91.3021 72.6469 91.3021 72.2888 124341 613 6.58639e-05
19.8906 726896 725448 0.0639193 91.1298 72.7061 91.1298 72.3491 124842 613 6.1954e-05
19.9544 725448 724000 0.0640341 90.9582 72.7644 90.9582 72.4086 125343 613 6.80725e-05
20.0179 726896 722552 0.0636407 91.1098 72.8226 91.1098 72.4679 125842 613 7.05571e-05
20.0813 728344 724000 0.0637431 91.475 72.8815 91.475 72.5279 126343 613 6.58091e-05
20.1449 729792 725448 0.0637411 91.3021 72.9396 91.3021 72.5871 126844 613 6.05893e-05
20.2088 726896 726896 0.0641527 91.1496 72.9972 91.1496 72.6459 127347 613 7.01134e-05
20.2726 725448 724000 0.0640178 90.7766 73.0532 90.7766 72.7029 127847 613 6.79415e-05
20.3361 726896 722552 0.0637064 91.1098 73.1095 91.1098 72.7604 128346 613 7.10393e-05
20.3995 728344 724000 0.0637845 91.475 73.1667 91.475 72.8186 128847 613 6.61209e-05
20.4631 729792 725448 0.0637449 91.3021 73.223 91.3021 72.876 129348 613 6.06178e-05
20.527 726896 726896 0.0641619 91.1496 73.2788 91.1496 72.9329 129851 613 7.01901e-05
20.5908 725448 724000 0.0640053 90.7766 73.333 90.7766 72.9882 130351 613 6.78407e-05
20.6542 726896 722552 0.0637599 91.1098 73.3876 91.1098 73.0438 130850 613 7.1439e-05
20.7177 728344 724000 0.0636102 91.475 73.443 91.475 73.1003 131351 613 6.48324e-05
20.7813 726896 725448 0.0638711 91.3021 73.4977 91.3021 73.156 131852 613 6.15786e-05
20.8452 725448 724000 0.0640832 90.7872 73.5507 90.7872 73.21 132353 613 6.84711e-05
20.9087 724000 722552 0.0638998 90.9376 73.6035 90.9376 73.2639 132852 613 7.25107e-05
20.9722 725448 721104 0.0635901 91.1098 73.6565 91.1098 73.3179 133351 613 7.59924e-05
21.0354 726896 722552 0.0635071 91.4563 73.71 91.4563 73.3724 133850 613 6.96015e-05
21.099 728344 724000 0.0637503 91.3021 73.763 91.3021 73.4264 134351 613 6.58637e-05
21.1626 726896 725448 0.0639193 91.1298 73.8152 91.1298 73.4797 134852 613 6.1954e-05
21.2264 725448 724000 0.0640902 90.9582 73.8668 90.9582 73.5322 135353 613 6.85282e-05
21.2899 726896 722552 0.0636018 91.1098 73.9182 91.1098 73.5846 135852 613 7.02751e-05
21.3533 728344 724000 0.063726 91.475 73.9703 91.475 73.6378 136353 613 6.56816e-05
21.4169 729792 725448 0.0637287 91.3021 74.0218 91.3021 73.6902 136854 613 6.04963e-05
21.4808 726896 726896 0.0641519 91.1496 74.0727 91.1496 73.7422 137357 613 7.01073e-05
21.5446 725448 724000 0.0640175 90.7766 74.1222 90.7766 73.7926 137857 613 6.79388e-05
21.6081 726896 722552 0.0637064 91.1098 74.1721 91.1098 73.8435 138356 613 7.10392e-05
21.6715 728344 724000 0.0637845 91.475 74.2227 91.475 73.8951 138857 613 6.61208e-05
21.7351 729792 725448 0.0637449 91.3021 74.2727 91.3021 73.946 139358 613 6.06178e-05
21.799 725448 726896 0.0642913 91.1496 74.3222 91.1496 73.9964 139861 613 8.99216e-05
21.8628 724000 722552 0.0640091 90.5951 74.3697 90.5951 74.0449 140360 613 7.33753e-05
21.9263 725448 721104 0.0637537 91.1098 74.4181 91.1098 74.0942 140859 613 7.71939e-05
21.9895 728344 722552 0.0633937 91.4563 74.4671 91.4563 74.1442 141358 613 8.0002e-05
22.053 726896 725448 0.0638505 91.4843 74.5161 91.4843 74.1941 141860 613 6.14195e-05
22.117 725448 724000 0.0640949 90.7872 74.5632 90.7872 74.2421 142361 613 6.85668e-05
22.1805 724000 722552 0.0638855 90.9376 74.6101 90.9376 74.2899 142860 613 7.23994e-05
22.244 725448 721104 0.0636048 91.1098 74.6571 91.1098 74.3379 143359 613 7.60982e-05
22.3072 728344 722552 0.0633905 91.4563 74.7047 91.4563 74.3864 143858 613 7.99798e-05
22.3707 726896 725448 0.0639013 91.4843 74.7524 91.4843 74.435 144360 613 6.18135e-05
22.4347 725448 724000 0.0640637 90.7872 74.7981 90.7872 74.4816 144861 613 6.83119e-05
22.4982 726896 722552 0.063814 90.9376 74.8437 90.9376 74.5281 145360 613 7.18485e-05
22.5617 728344 724000 0.0636861 91.475 74.8905 91.475 74.5757 145861 613 6.53863e-05
22.6251 729792 725448 0.0636857 91.475 74.937 91.475 74.6231 146362 613 6.01774e-05
22.6889 728344 726896 0.0640261 91.3213 74.9831 91.3213 74.6701 146865 613 5.78957e-05
22.7528 725448 725448 0.0641519 90.7872 75.0275 90.7872 74.7154 147366 613 7.50143e-05
22.8166 724000 722552 0.0640463 90.7766 75.0715 90.7766 74.7603 147866 613 7.36743e-05
22.8801 725448 721104 0.0636864 91.1098 75.116 91.1098 74.8056 148365 613 7.66932e-05
22.9433 726896 722552 0.0635463 91.4563 75.161 91.4563 74.8515 148864 613 6.98782e-05
23.0069 728344 724000 0.0637162 91.3021 75.2056 91.3021 74.8969 149365 613 6.56087e-05
23.0705 726896 725448 0.0639723 91.1298 75.2495 91.1298 74.9417 149866 613 6.23723e-05
23.1343 725448 724000 0.0640117 90.9582 75.2929 90.9582 74.9859 150367 613 6.78925e-05
23.1978 726896 722552 0.0636783 91.1098 75.3361 91.1098 75.03 150866 613 7.08318e-05
23.2612 728344 724000 0.0636505 91.475 75.3801 91.475 75.0749 151367 613 6.5125e-05
23.3248 729792 725448 0.0638291 91.3021 75.4235 91.3021 75.1191 151868 613 6.12555e-05
23.3887 726896 726896 0.0641922 91.1496 75.4665 91.1496 75.1629 152371 613 7.04432e-05
23.4525 725448 724000 0.0640093 90.7766 75.5082 90.7766 75.2054 152871 613 6.78732e-05
23.516 726896 722552 0.0636008 91.1098 75.5503 91.1098 75.2483 153370 613 7.02675e-05
23.5794 728344 724000 0.0636414 91.475 75.5931 91.475 75.292 153871 613 6.50585e-05
23.643 729792 725448 0.0637874 91.3021 75.6353 91.3021 75.335 154372 613 6.09373e-05
23.7069 728344 726896 0.0640556 91.1496 75.6772 91.1496 75.3776 154875 613 5.81344e-05
23.7707 726896 725448 0.0640509 90.9582 75.7182 90.9582 75.4195 155376 613 6.3003e-05
23.8344 725448 724000 0.0639077 91.1298 75.7594 91.1298 75.4614 155877 613 6.7069e-05
23.8978 726896 722552 0.0636644 91.1098 75.8001 91.1098 75.503 156376 613 7.073e-05
23.9614 728344 724000 0.0638251 91.3021 75.8412 91.3021 75.5449 156877 613 6.64303e-05
24.0251 726896 725448 0.0639396 91.1298 75.8818 91.1298 75.5862 157378 613 6.21134e-05
24.0889 725448 724000 0.0640261 90.9582 75.9217 90.9582 75.6269 157879 613 6.8008e-05
24.1523 726896 722552 0.063725 91.1098 75.9616 91.1098 75.6676 158378 613 7.11776e-05
24.2158 728344 724000 0.0636783 91.475 76.0022 91.475 75.709 158879 613 6.53284e-05
24.2794 729792 725448 0.0637825 91.3021 76.0423 91.3021 75.7498 159380 613 6.09007e-05
24.3433 725448 726896 0.0642417 91.1496 76.082 91.1496 75.7903 159883 613 8.94978e-05
24.4071 724000 722552 0.0640078 90.5951 76.1199 90.5951 75.829 160382 613 7.33649e-05
24.4705 725448 721104 0.0637845 91.1098 76.1588 91.1098 75.8686 160881 613 7.7426e-05
24.5337 728344 722552 0.0634312 91.4563 76.1982 91.4563 75.9088 161380 613 8.02579e-05
24.5973 729792 725448 0.0637769 91.4843 76.2377 91.4843 75.949 161882 613 6.08585e-05
24.6612 726896 726896 0.0641417 91.1496 76.2763 91.1496 75.9884 162385 613 7.00221e-05
24.725 724000 724000 0.0641296 90.7766 76.3138 90.7766 76.0266 162885 613 8.00346e-05
24.7885 725448 721104 0.0636942 90.9272 76.3512 90.9272 76.0647 163383 613 7.6751e-05
24.8517 728344 722552 0.063407 91.4563 76.3896 91.4563 76.1039 163882 613 8.00923e-05
24.9152 729792 725448 0.0638139 91.4843 76.4281 91.4843 76.1431 164384 613 6.11394e-05
24.9792 726896 726896 0.0642113 91.1496 76.4658 91.1496 76.1815 164887 613 7.06033e-05
25.043 725448 724000 0.0640749 90.7766 76.5022 90.7766 76.2187 165387 613 6.8403e-05
25.1064 726896 722552 0.0636444 91.1098 76.5391 91.1098 76.2563 165886 613 7.05834e-05
25.1699 728344 724000 0.0636408 91.475 76.5768 91.475 76.2947 166387 613 6.50538e-05
25.2334 729792 725448 0.0638089 91.3021 76.6139 91.3021 76.3325 166888 613 6.11009e-05
25.2973 726896 726896 0.0641985 91.1496 76.6506 91.1496 76.3699 167391 613 7.04957e-05
25.3612 725448 724000 0.0640228 90.7766 76.6862 90.7766 76.4062 167891 613 6.79818e-05
25.4246 726896 722552 0.0637593 91.1098 76.7222 91.1098 76.4429 168390 613 7.14346e-05
25.488 728344 724000 0.0637185 91.475 76.7589 91.475 76.4803 168891 613 6.56258e-05
25.5516 729792 725448 0.0638266 91.3021 76.7951 91.3021 76.5171 169392 613 6.12359e-05
25.6155 726896 726896 0.064198 91.1496 76.8309 91.1496 76.5537 169895 613 7.04917e-05
25.6793 725448 724000 0.0640119 90.7766 76.8655 90.7766 76.589 170395 613 6.78942e-05
25.7428 726896 722552 0.0636783 91.1098 76.9006 91.1098 76.6248 170894 613 7.08319e-05
25.8062 728344 724000 0.0636505 91.475 76.9365 91.475 76.6613 171395 613 6.5125e-05
25.8698 729792 725448 0.0638291 91.3021 76.9718 91.3021 76.6973 171896 613 6.12555e-05
25.9337 726896 726896 0.0641085 91.1496 77.0067 91.1496 76.7329 172399 613 6.97481e-05
25.9975 724000 724000 0.0640992 90.7766 77.0405 90.7766 76.7674 172899 613 7.97846e-05
26.061 725448 721104 0.0636048 90.9272 77.0743 90.9272 76.8018 173397 613 7.60982e-05
26.1242 728344 722552 0.0633905 91.4563 77.1091 91.4563 76.8373 173896 613 7.99798e-05
26.1877 726896 725448 0.0639013 91.4843 77.144 91.4843 76.8728 174398 613 6.18135e-05
26.2517 725448 724000 0.0640637 90.7872 77.1772 90.7872 76.9067 174899 613 6.83119e-05
26.3152 726896 722552 0.063814 90.9376 77.2105 90.9376 76.9406 175398 613 7.18485e-05
26.3787 728344 724000 0.0636861 91.475 77.2448 91.475 76.9756 175899 613 6.53863e-05
26.4421 729792 725448 0.0636857 91.475 77.2789 91.475 77.0104 176400 613 6.01773e-05
26.5059 728344 726896 0.0640261 91.3213 77.3127 91.3213 77.0448 176903 613 5.78957e-05
26.5698 725448 725448 0.0641519 90.7872 77.3451 90.7872 77.0779 177404 613 7.50143e-05
26.6336 724000 722552 0.0640463 90.7766 77.3773 90.7766 77.1107 177904 613 7.36743e-05
26.6971 725448 721104 0.0636864 91.1098 77.4099 91.1098 77.144 178403 613 7.66932e-05
26.7603 726896 722552 0.0635465 91.4563 77.4431 91.4563 77.1778 178902 613 6.98799e-05
26.8239 728344 724000 0.0637159 91.3021 77.476 91.3021 77.2112 179403 613 6.56067e-05
26.8875 726896 725448 0.0639723 91.1298 77.5083 91.1298 77.2442 179904 613 6.23723e-05
26.9514 725448 724000 0.0640117 90.9582 77.5401 90.9582 77.2767 180405 613 6.78924e-05
27.0148 726896 722552 0.0636783 91.1098 77.572 91.1098 77.3092 180904 613 7.08318e-05
27.0782 728344 724000 0.0636505 91.475 77.6046 91.475 77.3423 181405 613 6.5125e-05
27.1418 729792 725448 0.0638291 91.3021 77.6367 91.3021 77.375 181906 613 6.12555e-05
27.2057 726896 726896 0.0641922 91.1496 77.6684 91.1496 77.4074 182409 613 7.04432e-05
27.2695 725448 724000 0.0640093 90.7766 77.6991 90.7766 77.4387 182909 613 6.78732e-05
27.333 726896 722552 0.0636009 91.1098 77.7302 91.1098 77.4704 183408 613 7.02682e-05
27.3964 728344 724000 0.0636413 91.475 77.762 91.475 77.5029 183909 613 6.50577e-05
27.46 729792 725448 0.0637874 91.3021 77.7934 91.3021 77.5348 184410 613 6.09374e-05
27.5239 728344 726896 0.0640556 91.1496 77.8244 91.1496 77.5664 184913 613 5.81343e-05
27.5877 726896 725448 0.0640509 90.9582 77.8548 90.9582 77.5974 185414 613 6.3003e-05
27.6514 725448 724000 0.0639077 91.1298 77.8854 91.1298 77.6286 185915 613 6.7069e-05
27.7148 726896 722552 0.0636792 91.1098 77.9156 91.1098 77.6594 186414 613 7.08384e-05
27.7784 728344 724000 0.0638094 91.3021 77.9463 91.3021 77.6906 186915 613 6.63104e-05
27.8421 726896 725448 0.0639382 91.1298 77.9764 91.1298 77.7214 187416 613 6.21029e-05
27.9059 725448 724000 0.0640261 90.9582 78.0061 90.9582 77.7516 187917 613 6.80082e-05
27.9693 726896 722552 0.0637249 91.1098 78.0358 91.1098 77.7819 188416 613 7.11773e-05
28.0328 728344 724000 0.0636783 91.475 78.0662 91.475 77.8129 188917 613 6.53284e-05
28.0964 729792 725448 0.0637825 91.3021 78.0962 91.3021 77.8434 189418 613 6.09007e-05
28.1603 725448 726896 0.0642417 91.1496 78.1258 91.1496 77.8737 189921 613 8.94978e-05
28.2241 724000 722552 0.0640078 90.5951 78.154 90.5951 77.9024 190420 613 7.33649e-05
28.2875 725448 721104 0.0637903 91.1098 78.1831 91.1098 77.932 190919 613 7.74699e-05
28.3507 728344 722552 0.0634246 91.4563 78.2127 91.4563 77.9622 191418 613 8.02125e-05
28.4143 729792 725448 0.0637769 91.4843 78.2423 91.4843 77.9924 191920 613 6.08585e-05
28.4782 726896 726896 0.0641417 91.1496 78.2713 91.1496 78.022 192423 613 7.00221e-05
28.542 724000 724000 0.0641296 90.7766 78.2993 90.7766 78.0505 192923 613 8.00346e-05
28.6055 725448 721104 0.0636942 90.9272 78.3273 90.9272 78.079 193421 613 7.6751e-05
28.6687 728344 722552 0.063407 91.4563 78.3562 91.4563 78.1085 193920 613 8.00923e-05
28.7322 726896 725448 0.0639233 91.4843 78.3853 91.4843 78.1381 194422 613 6.19856e-05
28.7962 725448 724000 0.0640863 90.7872 78.4128 90.7872 78.1662 194923 613 6.84961e-05
28.8597 724000 722552 0.0639013 90.9376 78.4404 90.9376 78.1943 195422 613 7.25222e-05
28.9232 725448 721104 0.0635901 91.1098 78.4682 91.1098 78.2227 195921 613 7.59929e-05
28.9864 726896 722552 0.0635071 91.4563 78.4965 91.4563 78.2515 196420 613 6.96017e-05
29.0499 728344 724000 0.0637504 91.3021 78.5245 91.3021 78.2801 196921 613 6.58639e-05
29.1136 726896 725448 0.0639193 91.1298 78.5521 91.1298 78.3082 197422 613 6.1954e-05
29.1774 725448 724000 0.0640341 90.9582 78.5792 90.9582 78.3358 197923 613 6.80725e-05
29.2409 726896 722552 0.0636407 91.1098 78.6064 91.1098 78.3636 198422 613 7.05571e-05
29.3043 728344 724000 0.0637431 91.475 78.6343 91.475 78.3919 198923 613 6.58091e-05
29.3679 729792 725448 0.0637411 91.3021 78.6617 91.3021 78.4199 199424 613 6.05893e-05
29.4318 726896 726896 0.0641527 91.1496 78.6888 91.1496 78.4475 199927 613 7.01134e-05
29.4956 725448 724000 0.0640178 90.7766 78.715 90.7766 78.4742 200427 613 6.79415e-05
29.5591 726896 722552 0.0637064 91.1098 78.7416 91.1098 78.5013 200926 613 7.10393e-05
29.6225 728344 724000 0.0637845 91.475 78.7688 91.475 78.5291 201427 613 6.61209e-05
29.6861 729792 725448 0.0637449 91.3021 78.7957 91.3021 78.5565 201928 613 6.06178e-05
29.75 726896 726896 0.0641619 91.1496 78.8222 91.1496 78.5835 202431 613 7.01901e-05
29.8138 725448 724000 0.0640053 90.7766 78.8478 90.7766 78.6096 202931 613 6.78407e-05
29.8772 726896 722552 0.0637599 91.1098 78.8738 91.1098 78.6362 203430 613 7.1439e-05
29.9407 728344 724000 0.063612 91.475 78.9005 91.475 78.6634 203931 613 6.4845e-05
30.0043 726896 725448 0.0638691 91.3021 78.9268 91.3021 78.6901 204432 613 6.15632e-05
30.0682 725448 724000 0.0640832 90.7872 78.952 90.7872 78.7159 204933 613 6.84711e-05
30.1317 724000 722552 0.0638998 90.9376 78.9773 90.9376 78.7416 205432 613 7.25108e-05
30.1952 725448 721104 0.0635901 91.1098 79.0028 91.1098 78.7676 205931 613 7.59924e-05
30.2584 726896 722552 0.0635071 91.4563 79.0288 91.4563 78.7941 206430 613 6.96015e-05
30.322 728344 724000 0.0637504 91.3021 79.0545 91.3021 78.8204 206931 613 6.58637e-05
30.3856 726896 725448 0.0639193 91.1298 79.0799 91.1298 78.8462 207432 613 6.1954e-05
30.4494 725448 724000 0.0640902 90.9582 79.1047 90.9582 78.8715 207933 613 6.85283e-05
30.5129 726896 722552 0.0636027 91.1098 79.1297 91.1098 78.897 208432 613 7.02816e-05
30.5763 728344 724000 0.063725 91.475 79.1553 91.475 78.9231 208933 613 6.5674e-05
30.6399 729792 725448 0.0637287 91.3021 79.1805 91.3021 78.9488 209434 613 6.04963e-05
30.7038 726896 726896 0.0641519 91.1496 79.2054 91.1496 78.9742 209937 613 7.01073e-05
30.7676 725448 724000 0.0640175 90.7766 79.2294 90.7766 78.9986 210437 613 6.79388e-05
30.8311 726896 722552 0.0637064 91.1098 79.2539 91.1098 79.0236 210936 613 7.10392e-05
30.8945 728344 724000 0.0637845 91.475 79.279 91.475 79.0491 211437 613 6.61209e-05
30.9581 729792 725448 0.0637449 91.3021 79.3037 91.3021 79.0743 211938 613 6.06178e-05
31.022 725448 726896 0.0642913 91.1496 79.3281 91.1496 79.0992 212441 613 8.99217e-05
31.0858 724000 722552 0.0640091 90.5951 79.3512 90.5951 79.1228 212940 613 7.33753e-05
31.1493 725448 721104 0.0637537 91.1098 79.3752 91.1098 79.1472 213439 613 7.71941e-05
31.2125 728344 722552 0.0633937 91.4563 79.3996 91.4563 79.1721 213938 613 8.0002e-05
31.276 726896 725448 0.0638505 91.4843 79.4242 91.4843 79.1971 214440 613 6.14196e-05
31.34 725448 724000 0.0640949 90.7872 79.4474 90.7872 79.2208 214941 613 6.85669e-05
31.4035 724000 722552 0.0638855 90.9376 79.4706 90.9376 79.2445 215440 613 7.23994e-05
31.467 725448 721104 0.0636048 91.1098 79.4941 91.1098 79.2684 215939 613 7.60983e-05
31.5302 728344 722552 0.0633905 91.4563 79.5181 91.4563 79.2928 216438 613 7.99798e-05
31.5937 726896 725448 0.0639013 91.4843 79.5421 91.4843 79.3174 216940 613 6.18136e-05
31.6577 725448 724000 0.0640637 90.7872 79.5648 90.7872 79.3405 217441 613 6.8312e-05
31.7212 726896 722552 0.063814 90.9376 79.5876 90.9376 79.3638 217940 613 7.18485e-05
31.7847 728344 724000 0.0636862 91.475 79.6114 91.475 79.388 218441 613 6.53864e-05
31.8481 729792 725448 0.0636857 91.475 79.635 91.475 79.412 218942 613 6.01774e-05
31.9119 728344 726896 0.0640261 91.3213 79.6584 91.3213 79.4358 219445 613 5.78958e-05
31.9758 725448 725448 0.0641519 90.7872 79.6806 90.7872 79.4585 219946 613 7.50143e-05
32.0396 724000 722552 0.0640463 90.7766 79.7027 90.7766 79.4811 220446 613 7.36745e-05
32.1031 725448 721104 0.0636864 91.1098 79.7253 91.1098 79.5041 220945 613 7.66934e-05
32.1663 726896 722552 0.0635463 91.4563 79.7483 91.4563 79.5275 221444 613 6.98782e-05
32.2299 728344 724000 0.0637162 91.3021 79.7711 91.3021 79.5508 221945 613 6.56089e-05
32.2935 726896 725448 0.0639723 91.1298 79.7935 91.1298 79.5736 222446 613 6.23722e-05
32.3573 725448 724000 0.0640118 90.9582 79.8155 90.9582 79.596 222947 613 6.78928e-05
32.4208 726896 722552 0.0636783 91.1098 79.8376 91.1098 79.6186 223446 613 7.08318e-05
32.4842 728344 724000 0.0636506 91.475 79.8603 91.475 79.6417 223947 613 6.51253e-05
32.5478 729792 725448 0.0638291 91.3021 79.8827 91.3021 79.6645 224448 613 6.12554e-05
32.6117 726896 726896 0.0641922 91.1496 79.9048 91.1496 79.687 224951 613 7.04434e-05
32.6755 725448 724000 0.0640093 90.7766 79.926 90.7766 79.7087 225451 613 6.78732e-05
32.739 726896 722552 0.0636008 91.1098 79.9477 91.1098 79.7308 225950 613 7.02676e-05
32.8024 728344 724000 0.0636415 91.475 79.97 91.475 79.7535 226451 613 6.50589e-05
32.866 729792 725448 0.0637873 91.3021 79.9919 91.3021 79.7758 226952 613 6.09372e-05
32.9299 728344 726896 0.0640557 91.1496 80.0135 91.1496 79.7979 227455 613 5.81347e-05
32.9937 726896 725448 0.0640509 90.9582 80.0347 90.9582 79.8195 227956 613 6.30032e-05
33.0574 725448 724000 0.0639078 91.1298 80.0561 91.1298 79.8413 228457 613 6.70695e-05
33.1208 726896 722552 0.0636792 91.1098 80.0773 91.1098 79.8629 228956 613 7.08385e-05
33.1844 728344 724000 0.0638083 91.3021 80.0988 91.3021 79.8848 229457 613 6.63019e-05
33.2481 726896 725448 0.0639395 91.1298 80.1199 91.1298 79.9063 229958 613 6.21132e-05
33.3119 725448 724000 0.0640262 90.9582 80.1406 90.9582 79.9275 230459 613 6.80088e-05
33.3753 726896 722552 0.063725 91.1098 80.1615 91.1098 79.9487 230958 613 7.11779e-05
33.4388 728344 724000 0.0636784 91.475 80.183 91.475 79.9706 231459 613 6.53291e-05
33.5024 729792 725448 0.0637825 91.3021 80.2041 91.3021 79.9921 231960 613 6.09005e-05
33.5663 725448 726896 0.0642418 91.1496 80.2249 91.1496 80.0134 232463 613 8.94986e-05
33.6301 724000 722552 0.0640079 90.5951 80.2446 90.5951 80.0334 232962 613 7.3365e-05
33.6935 725448 721104 0.0637904 91.1098 80.265 91.1098 80.0543 233461 613 7.74712e-05
33.7567 728344 722552 0.0634246 91.4563 80.286 91.4563 80.0756 233960 613 8.02122e-05
33.8203 729792 725448 0.063777 91.4843 80.307 91.4843 80.0971 234462 613 6.08594e-05
33.8842 726896 726896 0.0641418 91.1496 80.3275 91.1496 80.1179 234965 613 7.00227e-05
33.948 724000 724000 0.0641297 90.7766 80.3471 90.7766 80.138 235465 613 8.00352e-05
34.0115 725448 721104 0.0636942 90.9272 80.3669 90.9272 80.1581 235963 613 7.67511e-05
34.0747 728344 722552 0.0634071 91.4563 80.3874 91.4563 80.179 236462 613 8.00926e-05
34.1382 729792 725448 0.0638141 91.4843 80.4081 91.4843 80.2001 236964 613 6.11404e-05
34.2022 726896 726896 0.0642115 91.1496 80.4282 91.1496 80.2206 237467 613 7.06049e-05
34.266 725448 724000 0.0640775 90.7766 80.4474 90.7766 80.2402 237967 613 6.84244e-05
34.3294 726896 722552 0.0636415 91.1098 80.4672 91.1098 80.2603 238466 613 7.05629e-05
34.3929 728344 724000 0.063641 91.475 80.4875 91.475 80.281 238967 613 6.50557e-05
34.4564 729792 725448 0.0638088 91.3021 80.5074 91.3021 80.3013 239468 613 6.11001e-05
34.5203 726896 726896 0.0641987 91.1496 80.5271 91.1496 80.3214 239971 613 7.04978e-05
34.5842 725448 724000 0.0640229 90.7766 80.546 90.7766 80.3407 240471 613 6.79823e-05
34.6476 726896 722552 0.0637595 91.1098 80.5654 91.1098 80.3604 240970 613 7.14362e-05
34.711 728344 724000 0.0637187 91.475 80.5853 91.475 80.3807 241471 613 6.56272e-05
34.7746 729792 725448 0.0638266 91.3021 80.6049 91.3021 80.4007 241972 613 6.12358e-05
34.8385 726896 726896 0.0641983 91.1496 80.6242 91.1496 80.4204 242475 613 7.04944e-05
34.9023 725448 724000 0.0640121 90.7766 80.6428 90.7766 80.4394 242975 613 6.78957e-05
34.9658 726896 722552 0.0636784 91.1098 80.6618 91.1098 80.4587 243474 613 7.08329e-05
35.0292 728344 724000 0.0636511 91.475 80.6814 91.475 80.4787 243975 613 6.51292e-05
35.0928 729792 725448 0.063829 91.3021 80.7006 91.3021 80.4983 244476 613 6.12546e-05
35.1567 726896 726896 0.0641092 91.1496 80.7196 91.1496 80.5176 244979 613 6.97539e-05
35.2205 724000 724000 0.0640994 90.7766 80.7378 90.7766 80.5362 245479 613 7.97865e-05
35.284 725448 721104 0.063605 90.9272 80.7562 90.9272 80.5549 245977 613 7.60994e-05
35.3472 728344 722552 0.0633904 91.4563 80.7753 91.4563 80.5744 246476 613 7.99792e-05
35.4107 726896 725448 0.063902 91.4843 80.7945 91.4843 80.594 246978 613 6.1819e-05
35.4747 725448 724000 0.0640644 90.7872 80.8125 90.7872 80.6124 247479 613 6.83177e-05
35.5382 726896 722552 0.0638142 90.9376 80.8306 90.9376 80.6308 247978 613 7.18503e-05
35.6017 728344 724000 0.0636882 91.475 80.8496 91.475 80.6501 248479 613 6.54011e-05
35.6651 729792 725448 0.0636851 91.475 80.8685 91.475 80.6694 248980 613 6.01735e-05
35.7289 728344 726896 0.0640271 91.3213 80.8872 91.3213 80.6884 249483 613 5.79035e-05
35.7928 725448 725448 0.0641513 90.7872 80.9049 90.7872 80.7065 249984 613 7.50094e-05
35.8566 724000 722552 0.0640486 90.7766 80.9224 90.7766 80.7244 250484 613 7.36929e-05
35.9201 725448 721104 0.0636886 91.1098 80.9404 91.1098 80.7427 250983 613 7.67092e-05
35.9833 726896 722552 0.0635464 91.4563 80.9589 91.4563 80.7615 251482 613 6.98787e-05
36.0469 728344 724000 0.0637178 91.3021 80.9771 91.3021 80.7801 251983 613 6.56203e-05
36.1105 726896 725448 0.0639716 91.1298 80.995 91.1298 80.7984 252484 613 6.23671e-05
36.1744 725448 724000 0.0640143 90.9582 81.0126 90.9582 80.8163 252985 613 6.79128e-05
36.2378 726896 722552 0.0636789 91.1098 81.0303 91.1098 80.8343 253484 613 7.0836e-05
36.3012 728344 724000 0.0636534 91.475 81.0485 91.475 80.8529 253985 613 6.51457e-05
36.3648 729792 725448 0.0638276 91.3021 81.0665 91.3021 80.8712 254486 613 6.12438e-05
36.4287 726896 726896 0.0641977 91.1496 81.0841 91.1496 80.8892 254989 613 7.04892e-05
36.4925 725448 724000 0.0640061 90.7766 81.1011 90.7766 80.9065 255489 613 6.78478e-05
36.556 726896 722552 0.0636024 91.1098 81.1185 91.1098 80.9242 255988 613 7.02796e-05
36.6194 728344 724000 0.0636441 91.475 81.1364 91.475 80.9425 256489 613 6.5078e-05
36.683 729792 725448 0.0637862 91.3021 81.154 91.3021 80.9604 256990 613 6.09286e-05
36.7469 728344 726896 0.0640586 91.1496 81.1714 91.1496 80.9782 257493 613 5.81582e-05
36.8107 726896 725448 0.0640522 90.9582 81.1884 90.9582 80.9955 257994 613 6.3014e-05
36.8744 725448 724000 0.0639474 91.1298 81.2055 91.1298 81.013 258495 613 6.73806e-05
36.9378 726896 722552 0.0636422 91.1098 81.2226 91.1098 81.0303 258994 613 7.05676e-05
37.0014 728344 724000 0.0638115 91.3021 81.2399 91.3021 81.048 259495 613 6.6326e-05
37.0651 726896 725448 0.063938 91.1298 81.2569 91.1298 81.0653 259996 613 6.21012e-05
37.1289 725448 724000 0.0640348 90.9582 81.2735 90.9582 81.0823 260497 613 6.80784e-05
37.1923 726896 722552 0.0637263 91.1098 81.2903 91.1098 81.0994 260996 613 7.1187e-05
37.2558 728344 724000 0.0636843 91.475 81.3077 91.475 81.1171 261497 613 6.53724e-05
37.3194 729792 725448 0.0637811 91.3021 81.3247 91.3021 81.1344 261998 613 6.08902e-05
37.3833 725448 726896 0.0642471 91.1496 81.3415 91.1496 81.1515 262501 613 8.95442e-05
37.4471 724000 722552 0.0640232 90.5951 81.3573 90.5951 81.1676 263000 613 7.34886e-05
37.5105 725448 721104 0.0637834 91.1098 81.3737 91.1098 81.1844 263499 613 7.74182e-05
37.5737 728344 722552 0.0634263 91.4563 81.3907 91.4563 81.2017 263998 613 8.02242e-05
37.6373 729792 725448 0.0637836 91.4843 81.4078 91.4843 81.2191 264500 613 6.09088e-05
37.7012 726896 726896 0.0641491 91.1496 81.4243 91.1496 81.2359 265003 613 7.0084e-05
37.765 724000 724000 0.0641331 90.7766 81.4401 90.7766 81.252 265503 613 8.00633e-05
37.8285 725448 721104 0.0637001 90.9272 81.456 90.9272 81.2683 266001 613 7.67947e-05
37.8917 728344 722552 0.0634075 91.4563 81.4727 91.4563 81.2853 266500 613 8.00957e-05
37.9552 726896 725448 0.0639365 91.4843 81.4894 91.4843 81.3023 267002 613 6.20896e-05
38.0192 725448 724000 0.0640981 90.7872 81.5051 90.7872 81.3183 267503 613 6.85926e-05
38.0827 724000 722552 0.0638991 90.9376 81.5208 90.9376 81.3343 268002 613 7.25052e-05
38.1462 725448 721104 0.0636138 91.1098 81.5368 91.1098 81.3506 268501 613 7.61631e-05
38.2094 726896 722552 0.0635119 91.4563 81.5532 91.4563 81.3673 269000 613 6.96355e-05
38.2729 728344 724000 0.0637607 91.3021 81.5694 91.3021 81.3838 269501 613 6.59413e-05
38.3366 726896 725448 0.0639168 91.1298 81.5852 91.1298 81.4 270002 613 6.19349e-05
38.4004 725448 724000 0.0640627 90.9582 81.6008 90.9582 81.4159 270503 613 6.83045e-05
38.4639 726896 722552 0.0636436 91.1098 81.6165 91.1098 81.4319 271002 613 7.05782e-05
38.5273 728344 724000 0.0637641 91.475 81.6327 91.475 81.4484 271503 613 6.59667e-05
38.5909 729792 725448 0.0637421 91.3021 81.6487 91.3021 81.4647 272004 613 6.05967e-05
38.6548 726896 726896 0.0641688 91.1496 81.6644 91.1496 81.4807 272507 613 7.02476e-05
38.7186 725448 724000 0.0640333 90.7766 81.6794 90.7766 81.496 273007 613 6.80658e-05
38.7821 726896 722552 0.0637047 91.1098 81.6948 91.1098 81.5117 273506 613 7.10266e-05
38.8455 728344 724000 0.0638364 91.475 81.7108 91.475 81.528 274007 613 6.65165e-05
38.9091 729792 725448 0.0637317 91.3021 81.7265 91.3021 81.544 274508 613 6.0519e-05
38.973 726896 726896 0.0641956 91.1496 81.7419 91.1496 81.5597 275011 613 7.04718e-05
39.0368 725448 724000 0.0640146 90.7766 81.7567 90.7766 81.5748 275511 613 6.79159e-05
39.1002 726896 722552 0.0637784 91.1098 81.7719 91.1098 81.5902 276010 613 7.15782e-05
39.1637 728344 724000 0.0636757 91.475 81.7876 91.475 81.6063 276511 613 6.5309e-05
39.2273 729792 725448 0.0638367 91.3021 81.803 91.3021 81.622 277012 613 6.13137e-05
39.2912 726896 726896 0.0641279 91.1496 81.8182 91.1496 81.6375 277515 613 6.99081e-05
39.355 724000 724000 0.0641001 90.7766 81.8327 90.7766 81.6523 278015 613 7.97915e-05
39.4184 725448 721104 0.0636426 90.9272 81.8474 90.9272 81.6672 278513 613 7.63723e-05
39.4816 728344 722552 0.0634603 91.4563 81.8627 91.4563 81.6829 279012 613 8.04582e-05
39.5452 726896 725448 0.0638452 91.4843 81.8782 91.4843 81.6986 279514 613 6.13791e-05
39.6091 722552 724000 0.0643169 90.7872 81.8926 90.7872 81.7133 280015 613 0.000100254
39.6727 721104 719656 0.0639099 90.5731 81.9065 90.5731 81.7275 280512 613 8.44907e-05
39.7359 722552 718208 0.0634704 91.0897 81.9211 91.0897 81.7424 281009 613 8.76452e-05
39.7989 726896 719656 0.0632043 91.4374 81.9362 91.4374 81.7577 281506 613 0.000109291
39.8622 728344 724000 0.0636681 91.6486 81.9516 91.6486 81.7734 282007 613 6.52535e-05
39.9259 726896 725448 0.0638824 91.1298 81.9662 91.1298 81.7884 282508 613 6.16662e-05
39.9897 724000 724000 0.0642119 90.9582 81.9806 90.9582 81.803 283009 613 8.07211e-05
40.0531 725448 721104 0.0637263 90.9272 81.9947 90.9272 81.8175 283507 613 7.69894e-05
40.1163 726896 722552 0.0635895 91.4563 82.0097 91.4563 81.8326 284006 613 7.01864e-05
40.1799 728344 724000 0.0638159 91.3021 82.0244 91.3021 81.8476 284507 613 6.63594e-05
40.2436 726896 725448 0.0639486 91.1298 82.0388 91.1298 81.8623 285008 613 6.21849e-05
40.3074 722552 724000 0.0643142 90.9582 82.0529 90.9582 81.8767 285509 613 0.000100231
40.3708 724000 719656 0.0637356 90.7447 82.0665 90.7447 81.8906 286006 613 8.31584e-05
40.434 725448 721104 0.0637038 91.4563 82.0812 91.4563 81.9056 286505 613 7.68221e-05
40.4973 728344 722552 0.0634432 91.2827 82.0956 91.2827 81.9203 287004 613 8.034e-05
40.561 724000 725448 0.0642395 91.3117 82.1101 91.3117 81.935 287506 613 9.43867e-05
40.6248 719656 721104 0.064424 90.5951 82.1234 90.5951 81.9486 288005 613 0.000112496
40.688 722552 716760 0.0634552 90.7231 82.1368 90.7231 81.9622 288500 613 0.000105419
40.751 724000 719656 0.0636032 91.6213 82.1514 91.6213 81.9772 288998 613 8.2187e-05
40.8143 722552 721104 0.0639285 91.2827 82.1656 91.2827 81.9916 289497 613 7.85368e-05
40.8778 724000 719656 0.0635568 90.7447 82.1789 90.7447 82.0052 289994 613 8.18545e-05
40.9411 722552 721104 0.064062 91.2827 82.193 91.2827 82.0195 290493 613 7.96033e-05
41.0043 724000 719656 0.0636179 91.0897 82.2067 91.0897 82.0335 290990 613 8.22929e-05
41.0675 725448 721104 0.0638117 91.4563 82.2209 91.4563 82.048 291489 613 7.76328e-05
41.1273 726896 722552 0.0635316 96.5984 82.2418 96.5984 82.0692 291988 613 6.97743e-05
41.1909 728344 724000 0.0637287 91.3021 82.2558 91.3021 82.0834 292489 613 6.57015e-05
41.2546 726896 725448 0.0639527 91.1298 82.2695 91.1298 82.0974 292990 613 6.22169e-05
41.3184 725448 724000 0.06402 90.9582 82.2829 90.9582 82.1111 293491 613 6.79588e-05
41.3818 726896 722552 0.0636792 91.1098 82.2965 91.1098 82.1249 293990 613 7.08384e-05
41.4453 728344 724000 0.0637434 91.475 82.3105 91.475 82.1392 294491 613 6.58119e-05
41.5089 729792 725448 0.0637162 91.3021 82.3243 91.3021 82.1532 294992 613 6.04035e-05
41.5728 726896 726896 0.0641728 91.1496 82.3379 91.1496 82.1671 295495 613 7.0281e-05
41.6366 725448 724000 0.0640103 90.7766 82.3508 90.7766 82.1803 295995 613 6.78807e-05
41.7 726896 722552 0.0637185 91.1098 82.3641 91.1098 82.1938 296494 613 7.11293e-05
41.7635 728344 724000 0.0636942 91.475 82.378 91.475 82.2079 296995 613 6.54458e-05
41.827 726896 725448 0.0638505 91.3021 82.3915 91.3021 82.2218 297496 613 6.14195e-05
41.891 724000 724000 0.0641682 90.7872 82.4043 90.7872 82.2348 297997 613 8.03547e-05
41.9545 725448 721104 0.0638076 90.7554 82.417 90.7554 82.2477 298495 613 7.76014e-05
42.0177 728344 722552 0.0634246 91.4563 82.4306 91.4563 82.2616 298994 613 8.02125e-05
42.0812 729792 725448 0.0635901 91.6576 82.4445 91.6576 82.2758 299496 613 5.94824e-05
42.145 728344 726896 0.064076 91.3213 82.4579 91.3213 82.2895 299999 613 5.83001e-05
42.2089 726896 725448 0.0640556 90.7872 82.4706 90.7872 82.3023 300500 613 6.30415e-05
42.2727 725448 724000 0.0640509 90.9582 82.4834 90.9582 82.3154 301001 613 6.82083e-05
42.3362 726896 722552 0.0636503 91.1098 82.4963 91.1098 82.3286 301500 613 7.0627e-05
42.3996 728344 724000 0.0637593 91.475 82.5097 91.475 82.3423 302001 613 6.59311e-05
42.4632 729792 725448 0.0638002 91.3021 82.5229 91.3021 82.3557 302502 613 6.10345e-05
42.5271 725448 726896 0.0642279 91.1496 82.5359 91.1496 82.3689 303005 613 8.93812e-05
42.5909 724000 722552 0.0640266 90.5951 82.5479 90.5951 82.3812 303504 613 7.35157e-05
42.6543 725448 721104 0.063725 91.1098 82.5607 91.1098 82.3942 304003 613 7.69791e-05
42.7175 726896 722552 0.0634778 91.4563 82.5738 91.4563 82.4076 304502 613 6.93968e-05
42.7811 728344 724000 0.0637514 91.3021 82.5868 91.3021 82.4208 305003 613 6.5872e-05
42.8448 726896 725448 0.0639757 91.1298 82.5995 91.1298 82.4338 305504 613 6.23997e-05
42.9086 725448 724000 0.0640102 90.9582 82.6119 90.9582 82.4464 306005 613 6.78807e-05
42.972 726896 722552 0.0637185 91.1098 82.6245 91.1098 82.4592 306504 613 7.11293e-05
43.0355 728344 724000 0.0637899 91.475 82.6375 91.475 82.4725 307005 613 6.61621e-05
43.0991 729792 725448 0.0637487 91.3021 82.6503 91.3021 82.4855 307506 613 6.06459e-05
43.163 726896 726896 0.0641621 91.1496 82.6629 91.1496 82.4984 308009 613 7.01919e-05
43.2268 725448 724000 0.0640054 90.7766 82.6749 90.7766 82.5106 308509 613 6.78415e-05
43.2902 726896 722552 0.0636505 91.1098 82.6872 91.1098 82.5232 309008 613 7.06285e-05
43.3537 728344 724000 0.0636861 91.475 82.7001 91.475 82.5363 309509 613 6.53863e-05
43.4172 729792 725448 0.0638139 91.3021 82.7127 91.3021 82.5491 310010 613 6.11394e-05
43.4812 726896 726896 0.0641737 91.1496 82.7251 91.1496 82.5618 310513 613 7.02882e-05
43.545 724000 724000 0.0641178 90.7766 82.7369 90.7766 82.5738 311013 613 7.99373e-05
43.6084 725448 721104 0.0636432 90.9272 82.7488 90.9272 82.586 311511 613 7.63765e-05
43.6716 728344 722552 0.063445 91.4563 82.7614 91.4563 82.5988 312010 613 8.03527e-05
43.7352 729792 725448 0.0637815 91.4843 82.7741 91.4843 82.6117 312512 613 6.08933e-05
43.7991 725448 726896 0.0642269 91.1496 82.7863 91.1496 82.6242 313015 613 8.93723e-05
43.8629 724000 722552 0.0640261 90.5951 82.7977 90.5951 82.6358 313514 613 7.35116e-05
43.9264 725448 721104 0.0637249 91.1098 82.8097 91.1098 82.648 314013 613 7.6979e-05
43.9896 726896 722552 0.0634777 91.4563 82.8221 91.4563 82.6607 314512 613 6.93967e-05
44.0531 728344 724000 0.0637515 91.3021 82.8343 91.3021 82.6731 315013 613 6.5872e-05
44.1168 726896 725448 0.0639844 91.1298 82.8463 91.1298 82.6853 315514 613 6.24686e-05
44.1806 725448 724000 0.0640172 90.9582 82.858 90.9582 82.6973 316015 613 6.79367e-05
44.2441 726896 722552 0.0637071 91.1098 82.8698 91.1098 82.7094 316514 613 7.10444e-05
44.3075 728344 724000 0.0637845 91.475 82.8822 91.475 82.7219 317015 613 6.61209e-05
44.3711 729792 725448 0.0637449 91.3021 82.8942 91.3021 82.7342 317516 613 6.06178e-05
44.435 726896 726896 0.0641619 91.1496 82.9061 91.1496 82.7463 318019 613 7.01901e-05
44.4988 725448 724000 0.0640053 90.7766 82.9174 90.7766 82.7578 318519 613 6.78407e-05
44.5622 726896 722552 0.0636505 91.1098 82.9291 91.1098 82.7697 319018 613 7.06285e-05
44.6257 728344 724000 0.0637352 91.475 82.9412 91.475 82.7821 319519 613 6.57506e-05
44.6892 726896 725448 0.0638711 91.3021 82.9531 91.3021 82.7942 320020 613 6.15786e-05
44.7532 725448 724000 0.0640832 90.7872 82.9643 90.7872 82.8056 320521 613 6.84707e-05
44.8167 724000 722552 0.0638999 90.9376 82.9756 90.9376 82.8172 321020 613 7.25112e-05
44.8802 725448 721104 0.0635901 91.1098 82.9871 91.1098 82.8289 321519 613 7.59924e-05
44.9434 726896 722552 0.0635071 91.4563 82.999 91.4563 82.841 322018 613 6.96015e-05
45.007 728344 724000 0.0637503 91.3021 83.0107 91.3021 82.853 322519 613 6.58637e-05
45.0706 726896 725448 0.0639193 91.1298 83.0222 91.1298 82.8647 323020 613 6.1954e-05
45.1344 725448 724000 0.0640902 90.9582 83.0334 90.9582 82.8761 323521 613 6.85282e-05
45.1979 726896 722552 0.0636018 91.1098 83.0448 91.1098 82.8877 324020 613 7.02751e-05
45.2613 728344 724000 0.0637256 91.475 83.0566 91.475 82.8997 324521 613 6.56786e-05
45.3249 729792 725448 0.0637291 91.3021 83.0681 91.3021 82.9115 325022 613 6.04995e-05
45.3888 726896 726896 0.064152 91.1496 83.0795 91.1496 82.9231 325525 613 7.01075e-05
45.4526 725448 724000 0.0640175 90.7766 83.0903 90.7766 82.9341 326025 613 6.79389e-05
45.5161 726896 722552 0.0637064 91.1098 83.1015 91.1098 82.9455 326524 613 7.10392e-05
45.5795 728344 724000 0.0637845 91.475 83.1132 91.475 82.9574 327025 613 6.61208e-05
45.6431 729792 725448 0.0637449 91.3021 83.1246 91.3021 82.969 327526 613 6.06178e-05
45.707 725448 726896 0.0642869 91.1496 83.1358 91.1496 82.9804 328029 613 8.98835e-05
45.7708 724000 722552 0.0640139 90.5951 83.1462 90.5951 82.991 328528 613 7.34135e-05
45.8343 725448 721104 0.0637539 91.1098 83.1572 91.1098 83.0023 329027 613 7.71956e-05
45.8975 728344 722552 0.0633939 91.4563 83.1686 91.4563 83.0139 329526 613 8.00031e-05
45.961 726896 725448 0.0638505 91.4843 83.1801 91.4843 83.0256 330028 613 6.14195e-05
46.0249 725448 724000 0.0640949 90.7872 83.1907 90.7872 83.0364 330529 613 6.85669e-05
46.0885 724000 722552 0.0638855 90.9376 83.2014 90.9376 83.0473 331028 613 7.23994e-05
46.152 725448 721104 0.0635315 91.1098 83.2123 91.1098 83.0584 331527 613 7.55753e-05
46.2152 728344 722552 0.0634366 91.4563 83.2235 91.4563 83.0699 332026 613 8.02949e-05
46.2787 726896 725448 0.0639413 91.4843 83.2349 91.4843 83.0814 332528 613 6.2127e-05
46.3427 725448 724000 0.064066 90.7872 83.2453 90.7872 83.0921 333029 613 6.83313e-05
46.4062 726896 722552 0.0638151 90.9376 83.2558 90.9376 83.1028 333528 613 7.18567e-05
46.4697 728344 724000 0.0636862 91.475 83.2671 91.475 83.1143 334029 613 6.5387e-05
46.5331 729792 725448 0.0636857 91.475 83.2783 91.475 83.1256 334530 613 6.01773e-05
46.5969 728344 726896 0.0640261 91.3213 83.2893 91.3213 83.1369 335033 613 5.78957e-05
46.6608 725448 725448 0.0641519 90.7872 83.2995 90.7872 83.1474 335534 613 7.50143e-05
46.7246 724000 722552 0.0640175 90.7766 83.3097 90.7766 83.1578 336034 613 7.34422e-05
46.7881 725448 721104 0.0637064 91.1098 83.3203 91.1098 83.1686 336533 613 7.68408e-05
46.8513 726896 722552 0.063561 91.4563 83.3313 91.4563 83.1797 337032 613 6.99831e-05
46.9149 728344 724000 0.0637157 91.3021 83.3421 91.3021 83.1907 337533 613 6.56048e-05
46.9785 726896 725448 0.0639729 91.1298 83.3527 91.1298 83.2015 338034 613 6.2377e-05
47.0423 725448 724000 0.0640117 90.9582 83.363 90.9582 83.212 338535 613 6.78925e-05
47.1058 726896 722552 0.0636783 91.1098 83.3734 91.1098 83.2227 339034 613 7.08318e-05
47.1692 728344 724000 0.0636505 91.475 83.3843 91.475 83.2338 339535 613 6.5125e-05
47.2328 729792 725448 0.0638291 91.3021 83.395 91.3021 83.2446 340036 613 6.12555e-05
47.2967 726896 726896 0.0641922 91.1496 83.4054 91.1496 83.2553 340539 613 7.04432e-05
47.3605 725448 724000 0.0640035 90.7766 83.4154 90.7766 83.2654 341039 613 6.78268e-05
47.424 726896 722552 0.0636074 91.1098 83.4257 91.1098 83.2759 341538 613 7.03153e-05
47.4874 728344 724000 0.0636414 91.475 83.4364 91.475 83.2869 342039 613 6.50582e-05
47.551 729792 725448 0.0637874 91.3021 83.4469 91.3021 83.2976 342540 613 6.09377e-05
47.6149 728344 726896 0.0640556 91.1496 83.4573 91.1496 83.3081 343043 613 5.81344e-05
47.6787 726896 725448 0.0640509 90.9582 83.4673 90.9582 83.3184 343544 613 6.3003e-05
47.7424 725448 724000 0.0639077 91.1298 83.4775 91.1298 83.3288 344045 613 6.7069e-05
47.8058 726896 722552 0.0636644 91.1098 83.4877 91.1098 83.3391 344544 613 7.073e-05
47.8694 728344 724000 0.0638251 91.3021 83.498 91.3021 83.3497 345045 613 6.64303e-05
47.9331 726896 725448 0.0639391 91.1298 83.5082 91.1298 83.36 345546 613 6.21098e-05
47.9969 725448 724000 0.0640266 90.9582 83.5181 90.9582 83.3701 346047 613 6.80122e-05
48.0603 726896 722552 0.063725 91.1098 83.5281 91.1098 83.3804 346546 613 7.11775e-05
48.1238 728344 724000 0.0636783 91.475 83.5386 91.475 83.391 347047 613 6.53284e-05
48.1873 729792 725448 0.0637825 91.3021 83.5488 91.3021 83.4015 347548 613 6.09008e-05
48.2513 725448 726896 0.0642417 91.1496 83.5589 91.1496 83.4117 348051 613 8.94978e-05
48.3151 724000 722552 0.0640078 90.5951 83.5682 90.5951 83.4212 348550 613 7.33649e-05
48.3785 725448 721104 0.0637845 91.1098 83.5781 91.1098 83.4313 349049 613 7.7426e-05
48.4417 728344 722552 0.0634283 91.4563 83.5884 91.4563 83.4418 349548 613 8.02375e-05
48.5053 729792 725448 0.0637801 91.4843 83.5987 91.4843 83.4523 350050 613 6.08824e-05
48.5692 726896 726896 0.0641419 91.1496 83.6086 91.1496 83.4624 350553 613 7.00236e-05
48.633 724000 724000 0.0641297 90.7766 83.618 90.7766 83.472 351053 613 8.00353e-05
48.6965 725448 721104 0.0636942 90.9272 83.6276 90.9272 83.4817 351551 613 7.6751e-05
48.7597 728344 722552 0.063407 91.4563 83.6377 91.4563 83.4921 352050 613 8.00924e-05
48.8232 729792 725448 0.0638139 91.4843 83.6479 91.4843 83.5025 352552 613 6.11394e-05
48.8872 726896 726896 0.0641737 91.1496 83.6577 91.1496 83.5125 353055 613 7.02882e-05
48.951 724000 724000 0.0641178 90.7766 83.667 90.7766 83.522 353555 613 7.99373e-05
49.0144 725448 721104 0.0636432 90.9272 83.6764 90.9272 83.5315 354053 613 7.63765e-05
49.0776 728344 722552 0.0634444 91.4563 83.6864 91.4563 83.5417 354552 613 8.03486e-05
49.1412 729792 725448 0.0637822 91.4843 83.6965 91.4843 83.552 355054 613 6.08985e-05
49.2051 725448 726896 0.0642269 91.1496 83.7062 91.1496 83.5619 355557 613 8.93723e-05
49.2689 724000 722552 0.0640261 90.5951 83.7151 90.5951 83.571 356056 613 7.35115e-05
49.3324 725448 721104 0.0637249 91.1098 83.7246 91.1098 83.5807 356555 613 7.6979e-05
49.3956 726896 722552 0.0634777 91.4563 83.7345 91.4563 83.5908 357054 613 6.93967e-05
49.4591 728344 724000 0.0637515 91.3021 83.7443 91.3021 83.6007 357555 613 6.5872e-05
49.5228 726896 725448 0.0639757 91.1298 83.7538 91.1298 83.6104 358056 613 6.23997e-05
49.5866 725448 724000 0.0640271 90.9582 83.763 90.9582 83.6198 358557 613 6.80162e-05
49.6501 726896 722552 0.0637071 91.1098 83.7724 91.1098 83.6294 359056 613 7.10444e-05
49.7135 728344 724000 0.0637845 91.475 83.7822 91.475 83.6394 359557 613 6.61209e-05
49.7771 729792 725448 0.0637449 91.3021 83.7918 91.3021 83.6492 360058 613 6.06178e-05
49.841 726896 726896 0.0641619 91.1496 83.8013 91.1496 83.6588 360561 613 7.01901e-05
49.9048 725448 724000 0.0640053 90.7766 83.8102 90.7766 83.6679 361061 613 6.78407e-05
49.9682 726896 722552 0.0636505 91.1098 83.8195 91.1098 83.6774 361560 613 7.06285e-05
50.0317 728344 724000 0.0637352 91.475 83.8292 91.475 83.6872 362061 613 6.57506e-05
50.0952 726896 725448 0.0638672 91.3021 83.8387 91.3021 83.6969 362562 613 6.15486e-05
50.1592 725448 724000 0.0640876 90.7872 83.8475 90.7872 83.7059 363063 613 6.8507e-05
50.2227 724000 722552 0.0638999 90.9376 83.8565 90.9376 83.7151 363562 613 7.25112e-05
50.2862 725448 721104 0.0635901 91.1098 83.8656 91.1098 83.7244 364061 613 7.59924e-05
50.3494 726896 722552 0.0635071 91.4563 83.8752 91.4563 83.7341 364560 613 6.96015e-05
50.413 728344 724000 0.0637503 91.3021 83.8845 91.3021 83.7437 365061 613 6.58637e-05
50.4766 726896 725448 0.0639193 91.1298 83.8937 91.1298 83.753 365562 613 6.1954e-05
50.5404 725448 724000 0.0640341 90.9582 83.9026 90.9582 83.7621 366063 613 6.80725e-05
50.6039 726896 722552 0.0636659 91.1098 83.9116 91.1098 83.7713 366562 613 7.07411e-05
50.6673 728344 724000 0.0637256 91.475 83.9211 91.475 83.7809 367063 613 6.56786e-05
50.7309 729792 725448 0.0637291 91.3021 83.9303 91.3021 83.7904 367564 613 6.04995e-05
50.7948 726896 726896 0.064152 91.1496 83.9394 91.1496 83.7996 368067 613 7.01075e-05
50.8586 725448 724000 0.0640175 90.7766 83.948 90.7766 83.8084 368567 613 6.79389e-05
50.9221 726896 722552 0.0637064 91.1098 83.9569 91.1098 83.8175 369066 613 7.10392e-05
50.9855 728344 724000 0.0637845 91.475 83.9663 91.475 83.827 369567 613 6.61208e-05
51.0491 729792 725448 0.0637449 91.3021 83.9754 91.3021 83.8363 370068 613 6.06178e-05
51.113 725448 726896 0.0642869 91.1496 83.9844 91.1496 83.8455 370571 613 8.98835e-05
51.1768 724000 722552 0.0640139 90.5951 83.9926 90.5951 83.8539 371070 613 7.34135e-05
51.2403 725448 721104 0.0637539 91.1098 84.0014 91.1098 83.8629 371569 613 7.71956e-05
51.3035 728344 722552 0.0633938 91.4563 84.0106 91.4563 83.8722 372068 613 8.00026e-05
51.367 726896 725448 0.0638506 91.4843 84.0199 91.4843 83.8816 372570 613 6.14201e-05
51.4309 725448 724000 0.0640949 90.7872 84.0283 90.7872 83.8902 373071 613 6.85669e-05
51.4945 724000 722552 0.0638855 90.9376 84.0368 90.9376 83.8989 373570 613 7.23994e-05
51.558 725448 721104 0.0635315 91.1098 84.0455 91.1098 83.9078 374069 613 7.55753e-05
51.6212 728344 722552 0.0634366 91.4563 84.0546 91.4563 83.917 374568 613 8.02949e-05
51.6847 726896 725448 0.0639413 91.4843 84.0637 91.4843 83.9263 375070 613 6.2127e-05
51.7486 725448 724000 0.064066 90.7872 84.072 90.7872 83.9348 375571 613 6.83313e-05
51.8122 726896 722552 0.0638151 90.9376 84.0805 90.9376 83.9434 376070 613 7.18567e-05
51.8757 728344 724000 0.0636862 91.475 84.0895 91.475 83.9526 376571 613 6.53867e-05
51.9391 729792 725448 0.0636857 91.475 84.0985 91.475 83.9618 377072 613 6.01776e-05
52.0029 728344 726896 0.0640261 91.3213 84.1074 91.3213 83.9708 377575 613 5.78957e-05
52.0668 725448 725448 0.0641519 90.7872 84.1156 90.7872 83.9792 378076 613 7.50143e-05
52.1306 724000 722552 0.0640175 90.7766 84.1237 90.7766 83.9875 378576 613 7.34422e-05
52.1941 725448 721104 0.0637064 91.1098 84.1322 91.1098 83.9962 379075 613 7.68408e-05
52.2573 726896 722552 0.0635544 91.4563 84.1411 91.4563 84.0052 379574 613 6.9936e-05
52.3209 728344 724000 0.0637232 91.3021 84.1498 91.3021 84.0141 380075 613 6.56612e-05
52.3845 726896 725448 0.0639729 91.1298 84.1583 91.1298 84.0227 380576 613 6.2377e-05
52.4483 725448 724000 0.0640117 90.9582 84.1666 90.9582 84.0312 381077 613 6.78924e-05
52.5118 726896 722552 0.0636783 91.1098 84.1749 91.1098 84.0397 381576 613 7.0832e-05
52.5752 728344 724000 0.0636505 91.475 84.1837 91.475 84.0487 382077 613 6.5125e-05
52.6388 729792 725448 0.0638291 91.3021 84.1923 91.3021 84.0574 382578 613 6.12555e-05
52.7027 726896 726896 0.0641085 91.1496 84.2008 91.1496 84.066 383081 613 6.97481e-05
52.7665 724000 724000 0.0640992 90.7766 84.2087 90.7766 84.0742 383581 613 7.97846e-05
52.83 725448 721104 0.0636048 90.9272 84.2168 90.9272 84.0824 384079 613 7.60982e-05
52.8932 728344 722552 0.0633918 91.4563 84.2255 91.4563 84.0912 384578 613 7.99888e-05
52.9567 726896 725448 0.0638999 91.4843 84.2342 91.4843 84.1001 385080 613 6.18024e-05
53.0207 725448 724000 0.0640636 90.7872 84.2421 90.7872 84.1081 385581 613 6.83113e-05
53.0842 726896 722552 0.0638139 90.9376 84.2501 90.9376 84.1163 386080 613 7.18482e-05
53.1477 728344 724000 0.0636861 91.475 84.2587 91.475 84.1251 386581 613 6.53863e-05
53.2111 729792 725448 0.0636857 91.475 84.2673 91.475 84.1339 387082 613 6.01773e-05
53.2749 728344 726896 0.0640261 91.3213 84.2758 91.3213 84.1425 387585 613 5.78957e-05
53.3388 725448 725448 0.0641667 90.7872 84.2836 90.7872 84.1504 388086 613 7.51371e-05
53.4027 724000 722552 0.0640304 90.7766 84.2913 90.7766 84.1584 388586 613 7.35463e-05
53.4661 725448 721104 0.0636857 91.1098 84.2994 91.1098 84.1666 389085 613 7.6688e-05
53.5293 726896 722552 0.063546 91.4563 84.3079 91.4563 84.1752 389584 613 6.98762e-05
53.5929 728344 724000 0.063716 91.3021 84.3162 91.3021 84.1837 390085 613 6.56069e-05
53.6565 726896 725448 0.0639723 91.1298 84.3242 91.1298 84.1919 390586 613 6.23721e-05
53.7204 725448 724000 0.0640117 90.9582 84.3321 90.9582 84.1999 391087 613 6.78924e-05
53.7838 726896 722552 0.0636783 91.1098 84.3401 91.1098 84.2081 391586 613 7.08318e-05
53.8472 728344 724000 0.0637599 91.475 84.3485 91.475 84.2167 392087 613 6.59355e-05
53.9108 729792 725448 0.0637128 91.3021 84.3567 91.3021 84.225 392588 613 6.0378e-05
53.9747 726896 726896 0.0641853 91.1496 84.3648 91.1496 84.2332 393091 613 7.03853e-05
54.0385 725448 724000 0.0640061 90.7766 84.3723 90.7766 84.2409 393591 613 6.78476e-05
54.102 726896 722552 0.0636006 91.1098 84.3802 91.1098 84.249 394090 613 7.02665e-05
54.1654 728344 724000 0.0636413 91.475 84.3886 91.475 84.2575 394591 613 6.50578e-05
54.229 729792 725448 0.0637874 91.3021 84.3967 91.3021 84.2657 395092 613 6.09373e-05
54.2929 728344 726896 0.0640556 91.1496 84.4046 91.1496 84.2738 395595 613 5.81343e-05
54.3567 725448 725448 0.0641346 90.9582 84.4123 90.9582 84.2817 396096 613 7.48709e-05
54.4204 726896 722552 0.0638449 90.9479 84.42 90.9479 84.2895 396596 613 7.20855e-05
54.4839 728344 724000 0.0636416 91.475 84.4282 91.475 84.2978 397097 613 6.50597e-05
54.5474 729792 725448 0.0638094 91.3021 84.4362 91.3021 84.306 397598 613 6.11051e-05
54.6113 726896 726896 0.0641985 91.1496 84.444 91.1496 84.314 398101 613 7.04959e-05
54.6751 725448 724000 0.0640229 90.7766 84.4514 90.7766 84.3215 398601 613 6.79819e-05
54.7386 726896 722552 0.0637593 91.1098 84.4591 91.1098 84.3294 399100 613 7.14346e-05
54.802 728344 724000 0.0637185 91.475 84.4673 91.475 84.3377 399601 613 6.56258e-05
54.8656 729792 725448 0.0638097 91.3021 84.4752 91.3021 84.3458 400102 613 6.11071e-05
54.9295 726896 726896 0.0642115 91.1496 84.483 91.1496 84.3537 400605 613 7.06051e-05
54.9933 725448 724000 0.0640182 90.7766 84.4903 90.7766 84.3611 401105 613 6.79442e-05
