0.140049 14480 0 0 0 0 0 0 0 0 0.0439727
0.18022 18824 13032 0.04 2.88373 0.642771 2.88373 0.642771 10 0 0.0390555
0.18046 20272 15928 0.04 192.81 0.898682 192.81 0.898682 14 0 0.0387228
0.1807 21720 17376 0.04 144.607 1.0898 144.607 1.0898 17 0 0.0385718
0.180941 23168 18824 0.04 144.607 1.28042 144.607 1.28042 20 0 0.038421
0.181181 24616 20272 0.040125 144.607 1.47053 144.607 1.47053 23 0 0.0382656
0.220387 26064 21720 0.0451094 0.886402 1.36662 0.886402 1.36662 26 0 0.0379422
0.220627 27512 23168 0.0444707 144.607 1.52264 144.607 1.52264 29 0 0.0378118
0.220867 28960 24616 0.0439119 144.607 1.67833 144.607 1.67833 32 0 0.0376799
0.221108 30408 26064 0.0435479 144.607 1.83368 144.607 1.83368 35 0 0.0375425
0.221348 31856 27512 0.0432294 144.607 1.98869 144.607 1.98869 38 0 0.0374042
0.221588 33304 28960 0.0429507 144.607 2.14336 144.607 2.14336 41 0 0.037265
0.221828 34752 30408 0.0427069 144.607 2.2977 144.607 2.2977 44 0 0.037125
0.222069 36200 31856 0.0424935 144.607 2.45171 144.607 2.45171 47 0 0.0369844
0.260554 37648 33304 0.0470568 0.903008 2.22296 0.903008 2.22296 50 0 0.0366977
0.260794 39096 34752 0.0461747 144.607 2.35417 144.607 2.35417 53 0 0.0365739
0.261034 40544 36200 0.0455279 144.607 2.48513 144.607 2.48513 56 0 0.036445
0.261274 41992 37648 0.0449619 144.607 2.61585 144.607 2.61585 59 0 0.0363149
0.261515 43440 39096 0.0444667 144.607 2.74634 144.607 2.74634 62 0 0.0361835
0.261755 44888 40544 0.0439083 144.607 2.87658 144.607 2.87658 65 0 0.0360549
0.261995 46336 41992 0.0434198 144.607 3.00659 144.607 3.00659 68 0 0.0359249
0.262236 47784 43440 0.0431173 144.607 3.13635 144.607 3.13635 71 0 0.0357893
0.262476 49232 44888 0.0428526 144.607 3.26588 144.607 3.26588 74 0 0.035653
0.262716 50680 46336 0.0426211 144.607 3.39517 144.607 3.39517 77 0 0.0355159
0.262957 52128 47784 0.0424184 144.607 3.52423 144.607 3.52423 80 0 0.0353782
0.263197 53576 49232 0.0422411 144.607 3.65305 144.607 3.65305 83 0 0.0352401
0.300721 55024 50680 0.046711 0.926141 3.31279 0.926141 3.31279 86 0 0.0349571
0.300961 56472 52128 0.0458721 144.607 3.42562 144.607 3.42562 89 0 0.0348362
0.301201 57920 53576 0.0452631 144.607 3.53826 144.607 3.53826 92 0 0.0347102
0.301441 59368 55024 0.0447302 144.607 3.65073 144.607 3.65073 95 0 0.034583
0.301682 60816 56472 0.0441389 144.607 3.76301 144.607 3.76301 98 0 0.0344584
0.301922 62264 57920 0.0436216 144.607 3.87512 144.607 3.87512 101 0 0.0343324
0.302162 63712 59368 0.0432939 144.607 3.98705 144.607 3.98705 104 0 0.0342009
0.302403 65160 60816 0.0430071 144.607 4.0988 144.607 4.0988 107 0 0.0340685
0.302643 66608 62264 0.0427562 144.607 4.21037 144.607 4.21037 110 0 0.0339353
0.302883 68056 63712 0.0425367 144.607 4.32177 144.607 4.32177 113 0 0.0338014
0.303124 69504 65160 0.0424696 144.607 4.43299 144.607 4.43299 116 0 0.0336626
0.303364 70952 66608 0.0422859 144.607 4.54403 144.607 4.54403 119 0 0.0335282
0.303604 72400 68056 0.0421252 144.607 4.6549 144.607 4.6549 122 0 0.0333933
0.303845 73848 69504 0.0419845 144.607 4.76559 144.607 4.76559 125 0 0.033258
0.304085 75296 70952 0.0419865 144.607 4.87611 144.607 4.87611 128 0 0.033118
0.304325 76744 72400 0.0419882 144.607 4.98645 144.607 4.98645 131 0 0.0329782
0.304566 78192 73848 0.0419896 144.607 5.09662 144.607 5.09662 134 0 0.0328388
0.304806 79640 75296 0.0418659 144.607 5.20662 144.607 5.20662 137 0 0.0327042
0.340887 81088 76744 0.0462577 0.963152 4.75746 0.963152 4.75746 140 0 0.0324254
0.341128 82536 78192 0.0456005 144.607 4.85599 144.607 4.85599 143 0 0.0323054
0.341368 83984 79640 0.0450254 144.607 4.95437 144.607 4.95437 146 0 0.0321841
0.341608 85432 81088 0.0445222 144.607 5.05262 144.607 5.05262 149 0 0.0320615
0.341849 86880 82536 0.043957 144.607 5.15072 144.607 5.15072 152 0 0.0319417
0.342089 88328 83984 0.0435873 144.607 5.24869 144.607 5.24869 155 0 0.0318164
0.342329 89776 85432 0.0432639 144.607 5.34652 144.607 5.34652 158 0 0.0316901
0.34257 91224 86880 0.0429809 144.607 5.44422 144.607 5.44422 161 0 0.0315629
0.34281 92672 88328 0.0427333 144.607 5.54177 144.607 5.54177 164 0 0.031435
0.34305 94120 89776 0.0426416 144.607 5.6392 144.607 5.6392 167 0 0.0313021
0.343291 95568 91224 0.0424364 144.607 5.73648 144.607 5.73648 170 0 0.0311734
0.343531 97016 92672 0.0422569 144.607 5.83363 144.607 5.83363 173 0 0.0310442
0.343771 98464 94120 0.0420998 144.607 5.93064 144.607 5.93064 176 0 0.0309146
0.344012 99912 95568 0.0420873 144.607 6.02752 144.607 6.02752 179 0 0.0307801
0.344252 101360 97016 0.0420764 144.607 6.12426 144.607 6.12426 182 0 0.0306459
0.344492 102808 98464 0.0420668 144.607 6.22087 144.607 6.22087 185 0 0.0305119
0.344733 104256 99912 0.0419335 144.607 6.31734 144.607 6.31734 188 0 0.0303827
0.344973 105704 101360 0.0418168 144.607 6.41367 144.607 6.41367 191 0 0.0302532
0.345213 107152 102808 0.0418397 144.607 6.50988 144.607 6.50988 194 0 0.0301189
0.345454 108600 104256 0.0418597 144.607 6.60595 144.607 6.60595 197 0 0.0299851
0.345694 110048 105704 0.0418773 144.607 6.70188 144.607 6.70188 200 0 0.0298516
0.345934 111496 107152 0.0418926 144.607 6.79769 144.607 6.79769 203 0 0.0297185
0.346175 112944 108600 0.041906 144.607 6.89336 144.607 6.89336 206 0 0.0295858
0.346415 114392 110048 0.0419178 144.607 6.98889 144.607 6.98889 209 0 0.0294534
0.346655 115840 111496 0.0419281 144.607 7.0843 144.607 7.0843 212 0 0.0293214
0.346895 117288 112944 0.041937 144.607 7.17957 144.607 7.17957 215 0 0.0291898
0.347136 118736 114392 0.0420699 144.607 7.27471 144.607 7.27471 218 0 0.0290539
0.386272 120184 115840 0.0470612 0.887974 6.62762 0.887974 6.62762 221 0 0.0287691
0.386512 121632 117288 0.0469285 144.607 6.71341 144.607 6.71341 224 0 0.0286421
0.386753 123080 118736 0.0466875 144.607 6.79909 144.607 6.79909 227 0 0.0285183
0.386993 124528 120184 0.0464765 144.607 6.88467 144.607 6.88467 230 0 0.0283941
0.387233 125976 121632 0.046417 144.607 6.97014 144.607 6.97014 233 0 0.0282662
0.387474 127424 123080 0.0463648 144.607 7.05551 144.607 7.05551 236 0 0.0281384
0.387714 128872 124528 0.0463192 144.607 7.14077 144.607 7.14077 239 0 0.0280106
0.387954 130320 125976 0.0462793 144.607 7.22592 144.607 7.22592 242 0 0.0278831
0.388195 131768 127424 0.0462444 144.607 7.31097 144.607 7.31097 245 0 0.0277557
0.388435 133216 128872 0.0462139 144.607 7.39591 144.607 7.39591 248 0 0.0276285
0.388675 134664 130320 0.0461871 144.607 7.48075 144.607 7.48075 251 0 0.0275014
0.388916 136112 131768 0.0461637 144.607 7.56549 144.607 7.56549 254 0 0.0273746
0.389156 137560 133216 0.0462683 144.607 7.65012 144.607 7.65012 257 0 0.0272446
0.389396 139008 134664 0.0463597 144.607 7.73464 144.607 7.73464 260 0 0.0271152
0.389637 140456 136112 0.0463148 144.607 7.81906 144.607 7.81906 263 0 0.0269898
0.389877 141904 137560 0.0462754 144.607 7.90338 144.607 7.90338 266 0 0.0268646
0.390117 143352 139008 0.046366 144.607 7.98759 144.607 7.98759 269 0 0.0267362
0.390358 144800 140456 0.0464452 144.607 8.0717 144.607 8.0717 272 0 0.0266084
0.390598 146248 141904 0.0465146 144.607 8.1557 144.607 8.1557 275 0 0.0264811
0.390838 147696 143352 0.0465753 144.607 8.2396 144.607 8.2396 278 0 0.0263544
0.391078 149144 144800 0.0466284 144.607 8.3234 144.607 8.3234 281 0 0.0262282
0.391319 150592 146248 0.0466748 144.607 8.4071 144.607 8.4071 284 0 0.0261025
0.391559 152040 147696 0.0467155 144.607 8.49069 144.607 8.49069 287 0 0.0259772
0.391799 153488 149144 0.046751 144.607 8.57418 144.607 8.57418 290 0 0.0258524
0.39204 154936 150592 0.0469071 144.607 8.65757 144.607 8.65757 293 0 0.0257247
0.39228 156384 152040 0.0470438 144.607 8.74086 144.607 8.74086 296 0 0.0255978
0.39252 157832 153488 0.0471633 144.607 8.82404 144.607 8.82404 299 0 0.0254717
0.392761 159280 154936 0.0472679 144.607 8.90712 144.607 8.90712 302 0 0.0253464
0.393001 160728 156384 0.0473594 144.607 8.9901 144.607 8.9901 305 0 0.0252216
0.393241 162176 157832 0.0474395 144.607 9.07298 144.607 9.07298 308 0 0.0250975
0.393482 163624 159280 0.0475095 144.607 9.15576 144.607 9.15576 311 0 0.024974
0.393722 165072 160728 0.0475708 144.607 9.23844 144.607 9.23844 314 0 0.0248509
0.393962 166520 162176 0.0476245 144.607 9.32101 144.607 9.32101 317 0 0.0247284
0.394203 167968 163624 0.0477964 144.607 9.40349 144.607 9.40349 320 0 0.0246033
0.394443 169416 165072 0.0478219 144.607 9.48586 144.607 9.48586 323 0 0.024482
0.394683 170864 166520 0.0478441 144.607 9.56814 144.607 9.56814 326 0 0.0243612
0.394924 172312 167968 0.0478636 144.607 9.65031 144.607 9.65031 329 0 0.0242407
0.395164 173760 169416 0.0480057 144.607 9.73239 144.607 9.73239 332 0 0.0241176
0.395404 175208 170864 0.04813 144.607 9.81436 144.607 9.81436 335 0 0.0239952
0.395645 176656 172312 0.0482387 144.607 9.89624 144.607 9.89624 338 0 0.0238735
0.395885 178104 173760 0.0482089 144.607 9.97801 144.607 9.97801 341 0 0.0237554
0.439412 179552 175208 0.0488078 0.798399 9.0687 0.798399 9.0687 344 0 0.0236231
0.439652 181000 176656 0.0493318 144.607 9.14279 144.607 9.14279 347 0 0.0234934
0.439893 182448 178104 0.0497903 144.607 9.21679 144.607 9.21679 350 0 0.0233659
0.440133 183896 179552 0.0503165 144.607 9.29072 144.607 9.29072 353 0 0.0232378
0.440373 185344 181000 0.050777 144.607 9.36456 144.607 9.36456 356 0 0.0231118
0.440614 186792 182448 0.0511798 144.607 9.43833 144.607 9.43833 359 0 0.0229875
0.440854 188240 183896 0.0514074 144.607 9.51201 144.607 9.51201 362 0 0.0228668
0.441094 189688 185344 0.0517314 144.607 9.58562 144.607 9.58562 365 0 0.0227449
0.441335 191136 186792 0.052015 144.607 9.65914 144.607 9.65914 368 0 0.0226242
0.441575 192584 188240 0.0522631 144.607 9.73258 144.607 9.73258 371 0 0.0225044
0.441815 194032 189688 0.0524802 144.607 9.80595 144.607 9.80595 374 0 0.0223856
0.442056 195480 191136 0.0527952 144.607 9.87923 144.607 9.87923 377 0 0.0222657
0.442296 196928 192584 0.0529458 144.607 9.95243 144.607 9.95243 380 0 0.0221486
0.442536 198376 194032 0.0530776 144.607 10.0256 144.607 10.0256 383 0 0.0220321
0.442777 199824 195480 0.0531929 144.607 10.0986 144.607 10.0986 386 0 0.0219162
0.443017 201272 196928 0.0534188 144.607 10.1716 144.607 10.1716 389 0 0.0217991
0.443257 202720 198376 0.0536164 144.607 10.2445 144.607 10.2445 392 0 0.0216828
0.443497 204168 199824 0.0537894 144.607 10.3173 144.607 10.3173 395 0 0.0215672
0.443738 205616 201272 0.0538157 144.607 10.39 144.607 10.39 398 0 0.0214537
0.443978 207064 202720 0.0538387 144.607 10.4626 144.607 10.4626 401 0 0.0213406
0.444218 208512 204168 0.0539839 144.607 10.5352 144.607 10.5352 404 0 0.0212262
0.444459 209960 205616 0.0541109 144.607 10.6077 144.607 10.6077 407 0 0.0211125
0.444699 211408 207064 0.054222 144.607 10.6801 144.607 10.6801 410 0 0.0209992
0.444939 212856 208512 0.0543193 144.607 10.7525 144.607 10.7525 413 0 0.0208864
0.44518 214304 209960 0.0544044 144.607 10.8247 144.607 10.8247 416 0 0.0207741
0.44542 215752 211408 0.0544788 144.607 10.8969 144.607 10.8969 419 0 0.0206622
0.44566 217200 212856 0.054544 144.607 10.969 144.607 10.969 422 0 0.0205507
0.445901 218648 214304 0.054601 144.607 11.041 144.607 11.041 425 0 0.0204396
0.446141 220096 215752 0.0547759 144.607 11.113 144.607 11.113 428 0 0.0203276
0.446381 221544 217200 0.0549289 144.607 11.1848 144.607 11.1848 431 0 0.0202162
0.446622 222992 218648 0.0549378 144.607 11.2566 144.607 11.2566 434 0 0.0201065
0.446862 224440 220096 0.0549455 144.607 11.3283 144.607 11.3283 437 0 0.0199972
0.447102 225888 221544 0.0550773 144.607 11.4 144.607 11.4 440 0 0.0198869
0.447343 227336 222992 0.0551927 144.607 11.4715 144.607 11.4715 443 0 0.0197771
0.447583 228784 224440 0.0552936 144.607 11.543 144.607 11.543 446 0 0.0196677
0.447823 230232 225888 0.0553819 144.607 11.6144 144.607 11.6144 449 0 0.0195588
0.448064 231680 227336 0.0554592 144.607 11.6858 144.607 11.6858 452 0 0.0194503
0.448304 233128 228784 0.0555268 144.607 11.757 144.607 11.757 455 0 0.0193422
0.448544 234576 230232 0.0555859 144.607 11.8282 144.607 11.8282 458 0 0.0192345
0.448785 236024 231680 0.0556377 144.607 11.8993 144.607 11.8993 461 0 0.0191272
0.449025 237472 233128 0.055808 144.607 11.9703 144.607 11.9703 464 0 0.0190191
0.449265 238920 234576 0.055957 144.607 12.0413 144.607 12.0413 467 0 0.0189116
0.449505 240368 236024 0.0559623 144.607 12.1122 144.607 12.1122 470 0 0.0188055
0.449746 241816 237472 0.0559671 144.607 12.183 144.607 12.183 473 0 0.0186998
0.449986 243264 238920 0.0559712 144.607 12.2537 144.607 12.2537 476 0 0.0185944
0.450226 244712 240368 0.0560998 144.607 12.3243 144.607 12.3243 479 0 0.0184883
0.450467 246160 241816 0.0562123 144.607 12.3949 144.607 12.3949 482 0 0.0183826
0.450707 247608 243264 0.0563108 144.607 12.4654 144.607 12.4654 485 0 0.0182773
0.450947 249056 244712 0.0563969 144.607 12.5358 144.607 12.5358 488 0 0.0181725
0.451188 250504 246160 0.0565973 144.607 12.6062 144.607 12.6062 491 0 0.0180672
0.451428 251952 247608 0.0566476 144.607 12.6764 144.607 12.6764 494 0 0.0179632
0.451668 253400 249056 0.0566917 144.607 12.7466 144.607 12.7466 497 0 0.0178596
0.451909 254848 250504 0.0567302 144.607 12.8167 144.607 12.8167 500 0 0.0177564
0.452149 256296 251952 0.0568889 144.607 12.8868 144.607 12.8868 503 0 0.0176526
0.452389 257744 253400 0.0570278 144.607 12.9568 144.607 12.9568 506 0 0.0175494
0.45263 259192 254848 0.0571493 144.607 13.0267 144.607 13.0267 509 0 0.0174466
0.45287 260640 256296 0.0571307 144.607 13.0965 144.607 13.0965 512 0 0.0173448
0.45311 262088 257744 0.0572393 144.607 13.1662 144.607 13.1662 515 0 0.0172427
0.453351 263536 259192 0.0573344 144.607 13.2359 144.607 13.2359 518 0 0.017141
0.453591 264984 260640 0.0574176 144.607 13.3055 144.607 13.3055 521 0 0.0170396
0.453831 266432 262088 0.0574904 144.607 13.3751 144.607 13.3751 524 0 0.0169386
0.532901 224440 263536 0.0785723 26.8101 15.3685 26.8101 15.3685 707 0 0.020308
0.624227 173760 221544 0.0915929 19.4069 15.9593 19.4069 15.9593 860 0 0.0254232
0.744387 144800 170864 0.0807759 11.4722 15.235 11.4722 15.235 979 0 0.0257732
0.752798 146248 141904 0.0598881 68.8606 15.8342 68.8606 15.8342 1029 0 0.0262993
0.753039 147696 143352 0.0599021 144.607 15.8753 144.607 15.8753 1032 0 0.0261742
0.753279 149144 144800 0.0599143 144.607 15.9163 144.607 15.9163 1035 0 0.0260494
0.753519 150592 146248 0.059925 144.607 15.9574 144.607 15.9574 1038 0 0.0259249
0.75376 152040 147696 0.0598094 144.607 15.9984 144.607 15.9984 1041 0 0.0258007
0.754 153488 149144 0.0597082 144.607 16.0394 144.607 16.0394 1044 0 0.0256769
0.75424 154936 150592 0.0597447 144.607 16.0804 144.607 16.0804 1047 0 0.0255533
0.754481 156384 152040 0.0597766 144.607 16.1213 144.607 16.1213 1050 0 0.02543
0.806149 173760 153488 0.0514482 23.9891 16.6256 23.9891 16.6256 1157 0 0.0259131
0.858779 189688 170864 0.0529407 25.9721 17.1984 25.9721 17.1984 1275 0 0.0243514
0.917177 194032 186792 0.0585361 25.5889 17.7326 25.5889 17.7326 1404 0 0.0225924
0.980622 186792 191136 0.0637614 24.2838 18.1565 24.2838 18.1565 1537 0 0.0223174
1.04527 178104 183896 0.0649502 22.7573 18.441 22.7573 18.441 1664 0 0.0229479
1.10871 170864 175208 0.0637009 22.2754 18.6604 22.2754 18.6604 1786 0 0.023601
1.16999 167968 167968 0.061578 22.1164 18.8414 22.1164 18.8414 1903 0 0.0241071
1.23091 166520 165072 0.0610529 21.6768 18.9818 21.6768 18.9818 2017 0 0.0243348
1.29244 163624 163624 0.0617648 21.2768 19.091 21.2768 19.091 2130 0 0.0244686
1.35612 157832 160728 0.0640125 20.3723 19.1512 20.3723 19.1512 2242 0 0.0247685
1.42149 149144 154936 0.065851 19.1392 19.1506 19.1392 19.1506 2350 0 0.025349
1.4865 140456 146248 0.0653481 18.1761 19.108 18.1761 19.108 2452 0 0.026084
1.5509 134664 137560 0.0646043 17.2665 19.0315 17.2665 19.0315 2548 0 0.0267534
1.61507 128872 131768 0.0645626 16.6091 18.9353 16.6091 18.9353 2640 0 0.0272599
1.68019 121632 125976 0.0654721 15.6524 18.808 15.6524 18.808 2728 0 0.0278142
1.75277 107152 118736 0.0729047 13.2477 18.5778 13.2477 18.5778 2811 0 0.0288766
1.82787 92672 104256 0.0751696 11.1058 18.2708 11.1058 18.2708 2883 0 0.0302552
1.90417 79640 89776 0.0765151 9.41275 17.9159 9.41275 17.9159 2945 0 0.0315717
1.98059 68056 76744 0.0767015 8.03373 17.5346 8.03373 17.5346 2998 0 0.0327503
2.13067 55024 65160 0.086515 3.55054 16.5496 3.55054 16.5496 3044 0 0.0343565
2.21094 43440 52128 0.0882031 5.33979 16.1426 5.33979 16.1426 3081 0 0.0356669
2.21527 36200 40544 0.0802762 74.9815 16.2575 74.9815 16.2575 3109 0 0.0362965
2.29505 30408 33304 0.0800426 3.33932 15.8084 3.33932 15.8084 3132 0 0.0369878
2.45474 24616 27512 0.0903688 1.45079 14.8744 1.45079 14.8744 3152 0 0.0381011
2.53802 18824 21720 0.094289 2.2258 14.4594 2.2258 14.4594 3168 0 0.0389521
2.62105 15928 15928 0.097129 1.67418 14.0544 1.67418 14.0544 3180 0 0.0397125
2.70408 13032 13032 0.099591 1.39515 13.6656 1.39515 13.6656 3190 0 0.0402044
2.78663 11584 10136 0.101635 1.12262 13.2941 1.12262 13.2941 3198 0 0.0406633
2.8699 13032 8688 0.103965 0.973786 12.9366 0.973786 12.9366 3205 0 0.0410153
2.87062 11584 10136 0.0971403 112.472 12.9616 112.472 12.9616 3212 0 0.0403093
2.95413 13032 8688 0.0915932 0.970984 12.6226 0.970984 12.6226 3219 0 0.0400805
3.03776 11584 10136 0.0890869 0.969588 12.3018 0.969588 12.3018 3226 0 0.0397759
3.12187 13032 8688 0.0949252 0.964048 11.9963 0.964048 11.9963 3233 0 0.0403021
3.20526 11584 10136 0.091319 0.972383 11.7095 0.972383 11.7095 3240 0 0.0399107
3.28914 13032 8688 0.097259 0.96681 11.4356 0.96681 11.4356 3247 0 0.0404706
3.37253 11584 10136 0.0928825 0.972383 11.1769 0.972383 11.1769 3254 0 0.0400111
3.45664 13032 8688 0.099498 0.964048 10.9284 0.964048 10.9284 3261 0 0.0406425
3.45736 11584 10136 0.0943825 112.472 10.9495 112.472 10.9495 3268 0 0.040112
3.54123 13032 8688 0.090086 0.96681 10.7131 0.96681 10.7131 3275 0 0.0399875
3.62486 11584 10136 0.0880771 0.969588 10.4883 0.969588 10.4883 3282 0 0.0397182
3.70885 13032 8688 0.0943333 0.965427 10.2727 0.965427 10.2727 3289 0 0.0402612
3.79225 11584 10136 0.0909225 0.972383 10.0681 0.972383 10.0681 3296 0 0.0398861
3.87588 13032 8688 0.0969016 0.969588 9.87182 0.969588 9.87182 3303 0 0.0404441
3.95927 11584 10136 0.0926431 0.972383 9.68438 0.972383 9.68438 3310 0 0.0399954
4.04326 13032 8688 0.099332 0.965427 9.50325 0.965427 9.50325 3317 0 0.0406294
4.04398 11584 10136 0.0942713 112.472 9.52161 112.472 9.52161 3324 0 0.0401044
4.12785 13032 8688 0.0900208 0.96681 9.34779 0.96681 9.34779 3331 0 0.0399836
4.21148 11584 10136 0.0880335 0.969588 9.18142 0.969588 9.18142 3338 0 0.0397157
4.29548 13032 8688 0.0943077 0.965427 9.02077 0.965427 9.02077 3345 0 0.0402594
4.37887 11584 10136 0.0907804 0.972383 8.86749 0.972383 8.86749 3352 0 0.0398773
4.4625 13032 8688 0.0970526 0.969588 8.71948 0.969588 8.71948 3359 0 0.0404553
4.54589 11584 10136 0.0924142 0.972383 8.57736 0.972383 8.57736 3366 0 0.0399805
4.62976 13032 8688 0.0993072 0.96681 8.43949 0.96681 8.43949 3373 0 0.0406274
4.63048 11584 10136 0.0942546 112.472 8.45569 112.472 8.45569 3380 0 0.0401032
4.71435 13032 8688 0.0900111 0.96681 8.32246 0.96681 8.32246 3387 0 0.039983
4.79798 11584 10136 0.087902 0.969588 8.19429 0.969588 8.19429 3394 0 0.0397084
4.88222 13032 8688 0.0943556 0.962673 8.06953 0.962673 8.06953 3401 0 0.0402627
4.96561 11584 10136 0.0909375 0.972383 7.95034 0.972383 7.95034 3408 0 0.039887
5.04948 13032 8688 0.097061 0.96681 7.83434 0.96681 7.83434 3415 0 0.0404559
5.13287 11584 10136 0.0925155 0.972383 7.72286 0.972383 7.72286 3422 0 0.0399871
5.21698 13032 8688 0.0993666 0.964048 7.61389 0.964048 7.61389 3429 0 0.0406321
5.2177 11584 10136 0.0942944 112.472 7.62838 112.472 7.62838 3436 0 0.040106
5.30158 13032 8688 0.0901301 0.96681 7.52299 0.96681 7.52299 3443 0 0.0399902
5.38521 11584 10136 0.0879973 0.969588 7.42122 0.969588 7.42122 3450 0 0.0397137
5.4692 13032 8688 0.0944115 0.965427 7.32208 0.965427 7.32208 3457 0 0.0402665
5.55259 11584 10136 0.0909749 0.972383 7.22671 0.972383 7.22671 3464 0 0.0398893
5.63622 13032 8688 0.0969736 0.969588 7.13387 0.969588 7.13387 3471 0 0.0404494
5.71961 11584 10136 0.0925819 0.972383 7.04404 0.972383 7.04404 3478 0 0.0399914
5.8036 13032 8688 0.0993218 0.965427 6.95606 0.965427 6.95606 3485 0 0.0406286
5.80432 11584 10136 0.0942644 112.472 6.96917 112.472 6.96917 3492 0 0.0401039
5.8882 13032 8688 0.0900168 0.96681 6.88367 0.96681 6.88367 3499 0 0.0399834
5.97183 11584 10136 0.0880308 0.969588 6.80085 0.969588 6.80085 3506 0 0.0397156
6.05582 13032 8688 0.0943061 0.965427 6.71991 0.965427 6.71991 3513 0 0.0402593
6.13921 11584 10136 0.0907949 0.972383 6.64184 0.972383 6.64184 3520 0 0.0398782
6.22284 13032 8688 0.0969518 0.969588 6.56561 0.969588 6.56561 3527 0 0.0404478
6.30623 11584 10136 0.0926767 0.972383 6.49165 0.972383 6.49165 3534 0 0.0399976
6.3901 13032 8688 0.0993517 0.96681 6.41913 0.96681 6.41913 3541 0 0.0406309
6.39083 11584 10136 0.0942845 112.472 6.4311 112.472 6.4311 3548 0 0.0401053
6.4747 13032 8688 0.0899448 0.96681 6.36032 0.96681 6.36032 3555 0 0.0399791
6.55833 11584 10136 0.0879826 0.969588 6.29157 0.969588 6.29157 3562 0 0.0397129
6.64256 13032 8688 0.0944829 0.962673 6.224 0.962673 6.224 3569 0 0.0402714
6.72595 11584 10136 0.0907884 0.972383 6.15889 0.972383 6.15889 3576 0 0.0398778
6.80982 13032 8688 0.0970573 0.96681 6.09494 0.96681 6.09494 3583 0 0.0404556
6.89321 11584 10136 0.0927474 0.972383 6.03297 0.972383 6.03297 3590 0 0.0400023
6.97733 13032 8688 0.0993932 0.964048 5.97186 0.964048 5.97186 3597 0 0.0406342
6.97805 11584 10136 0.0944372 112.472 5.98287 112.472 5.98287 3604 0 0.0401158
7.06192 13032 8688 0.0901181 0.96681 5.92329 0.96681 5.92329 3611 0 0.0399895
7.14555 11584 10136 0.0880987 0.969588 5.86532 0.969588 5.86532 3618 0 0.0397194
7.22954 13032 8688 0.0944416 0.965427 5.80839 0.965427 5.80839 3625 0 0.0402686
7.31281 11584 10136 0.0907607 0.973786 5.75334 0.973786 5.75334 3632 0 0.0398761
7.39644 13032 8688 0.0970411 0.969588 5.69925 0.969588 5.69925 3639 0 0.0404544
7.47972 11584 10136 0.0924065 0.973786 5.64664 0.973786 5.64664 3646 0 0.03998
7.56359 13032 8688 0.099219 0.96681 5.59475 0.96681 5.59475 3653 0 0.0406205
7.56431 11584 10136 0.0941955 112.472 5.60493 112.472 5.60493 3660 0 0.0400992
7.64818 13032 8688 0.0899764 0.96681 5.55407 0.96681 5.55407 3667 0 0.039981
7.73181 11584 10136 0.0880037 0.969588 5.50448 0.969588 5.50448 3674 0 0.0397141
7.81604 13032 8688 0.0944153 0.962673 5.45554 0.962673 5.45554 3681 0 0.0402668
7.89943 11584 10136 0.0909774 0.972383 5.40821 0.972383 5.40821 3688 0 0.0398895
7.98331 13032 8688 0.0969887 0.96681 5.36155 0.96681 5.36155 3695 0 0.0404505
8.0667 11584 10136 0.0925764 0.972383 5.31617 0.972383 5.31617 3702 0 0.0399911
8.15081 13032 8688 0.0993186 0.964048 5.27126 0.964048 5.27126 3709 0 0.0406283
8.15153 11584 10136 0.094358 112.472 5.28074 112.472 5.28074 3716 0 0.0401103
8.2354 13032 8688 0.0900717 0.96681 5.23681 0.96681 5.23681 3723 0 0.0399867
8.31903 11584 10136 0.0880675 0.969588 5.19391 0.969588 5.19391 3730 0 0.0397176
8.40327 13032 8688 0.094562 0.962673 5.1515 0.962673 5.1515 3737 0 0.0402769
8.4869 11584 10136 0.0909507 0.969588 5.11029 0.969588 5.11029 3744 0 0.0398878
8.57077 13032 8688 0.0971525 0.96681 5.06974 0.96681 5.06974 3751 0 0.0404627
8.65416 11584 10136 0.0928112 0.972383 5.03026 0.972383 5.03026 3758 0 0.0400064
8.73803 13032 8688 0.0994306 0.96681 4.99126 0.96681 4.99126 3765 0 0.0406371
8.73875 11584 10136 0.0943373 112.472 5.00012 112.472 5.00012 3772 0 0.0401089
8.82262 13032 8688 0.0899758 0.96681 4.96178 0.96681 4.96178 3779 0 0.0399809
8.90626 11584 10136 0.0880033 0.969588 4.92429 0.969588 4.92429 3786 0 0.039714
8.99049 13032 8688 0.0944951 0.962673 4.88718 0.962673 4.88718 3793 0 0.0402723
9.07388 11584 10136 0.0907965 0.972383 4.8512 0.972383 4.8512 3800 0 0.0398783
9.15775 13032 8688 0.0970621 0.96681 4.81562 0.96681 4.81562 3807 0 0.040456
9.24114 11584 10136 0.0926549 0.972383 4.78094 0.972383 4.78094 3814 0 0.0399962
9.32525 13032 8688 0.0994483 0.964048 4.74652 0.964048 4.74652 3821 0 0.0406385
9.32597 11584 10136 0.0943492 112.472 4.75484 112.472 4.75484 3828 0 0.0401097
9.40985 13032 8688 0.0900665 0.96681 4.72108 0.96681 4.72108 3835 0 0.0399864
9.49348 11584 10136 0.0879684 0.969588 4.68803 0.969588 4.68803 3842 0 0.0397121
9.57771 13032 8688 0.0944746 0.962673 4.65527 0.962673 4.65527 3849 0 0.0402709
9.66134 11584 10136 0.0910172 0.969588 4.62337 0.969588 4.62337 3856 0 0.0398919
9.74509 13032 8688 0.0971915 0.968197 4.59195 0.968197 4.59195 3863 0 0.0404656
9.82824 11584 10136 0.0928372 0.975193 4.56135 0.975193 4.56135 3870 0 0.0400081
9.91211 13032 8688 0.0992664 0.96681 4.53094 0.96681 4.53094 3877 0 0.0406242
9.91284 11584 10136 0.0942273 112.472 4.53879 112.472 4.53879 3884 0 0.0401014
9.99647 13032 8688 0.0898156 0.969588 4.50893 0.969588 4.50893 3891 0 0.0399713
10.0796 5792 10136 0.0890887 0.41794 4.47518 0.41794 4.47518 3894 0 0.0398655
10.1203 11584 2896 0.0919829 0.854958 4.46064 0.854958 4.46064 3897 0 0.0407742
10.1979 14480 8688 0.0834963 1.49233 4.43805 1.49233 4.43805 3907 0 0.0396456
10.2967 18824 11584 0.0843071 0.938246 4.40447 0.938246 4.40447 3915 0 0.0393983
10.2976 23168 15928 0.090483 132.557 4.41644 132.557 4.41644 3926 0 0.0392818
10.3757 30408 20272 0.0837818 2.22473 4.39994 2.22473 4.39994 3941 0 0.0385256
10.4399 41992 27512 0.073599 3.43013 4.39398 3.43013 4.39398 3960 0 0.0375427
10.5011 55024 39096 0.0702029 5.30321 4.39927 5.30321 4.39927 3988 0 0.0363445
10.5679 69504 52128 0.0700848 6.41543 4.41202 6.41543 4.41202 4025 0 0.0351074
10.6439 85432 66608 0.0715189 7.00572 4.43055 7.00572 4.43055 4071 0 0.0337944
10.7259 99912 82536 0.0787257 8.05729 4.45826 8.05729 4.45826 4128 0 0.032404
10.8105 104256 97016 0.0911787 9.31183 4.49624 9.31183 4.49624 4196 0 0.0313266
10.8924 108600 101360 0.0922271 10.0363 4.53792 10.0363 4.53792 4267 0 0.030991
10.9708 121632 105704 0.08167 10.7938 4.5826 10.7938 4.5826 4340 0 0.030291
11.0502 130320 118736 0.086845 12.1053 4.63667 12.1053 4.63667 4423 0 0.0291922
11.132 147696 127424 0.0809413 12.4576 4.69416 12.4576 4.69416 4511 0 0.028538
11.1426 165072 144800 0.082803 109.551 4.79366 109.551 4.79366 4611 0 0.0271024
11.2302 176656 162176 0.0877933 14.8112 4.8718 14.8112 4.8718 4723 0 0.0255826
11.3223 182448 173760 0.0924812 15.0829 4.95492 15.0829 4.95492 4843 0 0.0247273
11.4187 183896 179552 0.0965805 14.9055 5.0389 14.9055 5.0389 4967 0 0.0244822
11.5153 185344 181000 0.0968763 14.9883 5.12237 14.9883 5.12237 5092 0 0.0243866
11.6102 188240 182448 0.0952806 15.498 5.2072 15.498 5.2072 5219 0 0.0241656
11.7039 192584 185344 0.0937267 15.8406 5.29224 15.8406 5.29224 5347 0 0.0238438
11.8021 191136 189688 0.0985062 15.4389 5.37675 15.4389 5.37675 5478 0 0.0238118
11.9026 186792 188240 0.100784 15.1065 5.45886 15.1065 5.45886 5609 0 0.0241377
12.0059 179552 183896 0.103504 14.2365 5.53441 14.2365 5.53441 5736 0 0.024775
12.1093 172312 176656 0.10369 13.7881 5.60485 13.7881 5.60485 5859 0 0.0253779
12.212 165072 169416 0.103 13.1922 5.66868 13.1922 5.66868 5976 0 0.0259121
12.3155 159280 162176 0.103731 12.6524 5.72735 12.6524 5.72735 6089 0 0.0265436
12.4196 152040 156384 0.104401 12.0089 5.78004 12.0089 5.78004 6197 0 0.0271228
12.5244 144800 149144 0.104997 11.3873 5.82695 11.3873 5.82695 6300 0 0.027791
12.6293 137560 141904 0.105251 10.9325 5.86936 10.9325 5.86936 6399 0 0.0284364
12.7342 131768 134664 0.105127 10.2699 5.90561 10.2699 5.90561 6492 0 0.0290215
12.8397 124528 128872 0.105879 9.88204 5.93828 9.88204 5.93828 6582 0 0.0296328
12.9453 118736 121632 0.105855 9.32242 5.96589 9.32242 5.96589 6667 0 0.0302403
13.0511 112944 115840 0.105998 8.76407 5.98856 8.76407 5.98856 6747 0 0.0307735
13.1567 107152 110048 0.105884 8.33534 6.0074 8.33534 6.0074 6823 0 0.0312877
13.263 101360 104256 0.106608 7.8431 6.02212 7.8431 6.02212 6895 0 0.0318843
13.3681 97016 98464 0.10531 7.5006 6.03374 7.5006 6.03374 6963 0 0.0322732
13.4733 92672 94120 0.105571 7.15332 6.04248 7.15332 6.04248 7028 0 0.0327007
13.6757 82536 89776 0.117258 3.60659 6.00644 3.60659 6.00644 7091 0 0.0344581
13.6831 78192 79640 0.105367 85.5204 6.04973 85.5204 6.04973 7146 0 0.0340478
13.8868 69504 75296 0.117384 3.01443 6.00521 3.01443 6.00521 7199 0 0.0357987
13.893 65160 66608 0.105824 85.2812 6.04087 85.2812 6.04087 7245 0 0.0353441
13.9993 60816 62264 0.106527 4.68937 6.03061 4.68937 6.03061 7288 0 0.0358325
14.2074 53576 57920 0.119274 2.2821 5.9757 2.2821 5.9757 7329 0 0.037667
14.2122 49232 50680 0.107645 84.3542 6.00221 84.3542 6.00221 7364 0 0.0370804
14.4204 43440 46336 0.119395 1.83575 5.94204 1.83575 5.94204 7397 0 0.0387976
14.4243 40544 40544 0.107755 84.3542 5.96295 84.3542 5.96295 7425 0 0.0380877
14.5304 39096 37648 0.106504 2.83865 5.94013 2.83865 5.94013 7451 0 0.0382513
14.6364 37648 36200 0.1063 2.73256 5.91691 2.73256 5.91691 7476 0 0.0383793
14.7429 34752 34752 0.109272 2.71716 5.89378 2.71716 5.89378 7501 0 0.0388216
14.8495 33304 31856 0.10738 2.3911 5.86864 2.3911 5.86864 7523 0 0.0389228
14.9567 31856 30408 0.107321 2.26962 5.84284 2.26962 5.84284 7544 0 0.0390653
15.0641 28960 28960 0.110997 2.26454 5.81733 2.26454 5.81733 7565 0 0.0395861
15.1714 27512 26064 0.108504 1.94321 5.78993 1.94321 5.78993 7583 0 0.0396245
15.2787 26064 24616 0.10791 1.83525 5.76215 1.83525 5.76215 7600 0 0.0397165
15.3857 24616 23168 0.111784 1.84144 5.7349 1.84144 5.7349 7617 0 0.0402522
15.4929 23168 21720 0.108928 1.62116 5.70644 1.62116 5.70644 7632 0 0.0401145
15.6002 21720 20272 0.113148 1.61934 5.67833 1.61934 5.67833 7647 0 0.0406953
15.7077 20272 18824 0.109938 1.40029 5.64904 1.40029 5.64904 7660 0 0.0405148
15.815 18824 17376 0.114478 1.40343 5.62023 1.40343 5.62023 7673 0 0.0411396
15.9222 17376 15928 0.110554 1.18885 5.5904 1.18885 5.5904 7684 0 0.0408785
16.0295 15928 14480 0.115795 1.18752 5.56093 1.18752 5.56093 7695 0 0.0415871
16.1364 14480 13032 0.111511 0.97488 5.53054 0.97488 5.53054 7704 0 0.0412791
16.2439 13032 11584 0.117369 0.970518 5.50038 0.970518 5.50038 7713 0 0.0420689
16.351 11584 10136 0.113287 0.75654 5.46928 0.75654 5.46928 7720 0 0.0417694
16.4586 10136 8688 0.119976 0.754004 5.43847 0.754004 5.43847 7727 0 0.0426795
16.5655 11584 7240 0.115788 0.5416 5.40686 0.5416 5.40686 7732 0 0.0423475
16.6731 10136 8688 0.123253 0.754004 5.37685 0.754004 5.37685 7739 0 0.0430833
16.7809 11584 7240 0.118218 0.537373 5.34576 0.537373 5.34576 7744 0 0.0426245
16.8883 10136 8688 0.126548 0.754847 5.31656 0.754847 5.31656 7751 0 0.0435111
16.9959 11584 7240 0.120192 0.537973 5.28629 0.537973 5.28629 7756 0 0.0428582
17.1031 13032 8688 0.129542 0.75654 5.2579 0.75654 5.2579 7763 0 0.0439185
17.1038 11584 10136 0.122197 112.472 5.26242 112.472 5.26242 7770 0 0.0427984
17.2117 10136 8688 0.116322 0.751485 5.23414 0.751485 5.23414 7777 0 0.0422546
17.3191 11584 7240 0.11337 0.53978 5.20506 0.53978 5.20506 7782 0 0.0420836
17.4265 10136 8688 0.121742 0.754847 5.17763 0.754847 5.17763 7789 0 0.0428945
17.5339 11584 7240 0.116985 0.539177 5.14921 0.539177 5.14921 7794 0 0.0424825
17.6412 10136 8688 0.125613 0.755693 5.12249 0.755693 5.12249 7801 0 0.0433875
17.7486 11584 7240 0.11969 0.539177 5.09474 0.539177 5.09474 7806 0 0.0427981
17.8558 10136 8688 0.128986 0.75654 5.0687 0.75654 5.0687 7813 0 0.0438414
17.8565 11584 7240 0.121934 80.3373 5.07174 80.3373 5.07174 7818 0 0.043071
17.9642 10136 8688 0.117225 0.753162 5.04586 0.753162 5.04586 7825 0 0.0423571
18.0719 11584 7240 0.11418 0.537973 5.019 0.537973 5.019 7830 0 0.0421707
18.1798 10136 8688 0.123843 0.751485 4.99368 0.751485 4.99368 7837 0 0.0431583
18.2875 11584 7240 0.118614 0.537373 4.96741 0.537373 4.96741 7842 0 0.0426708
18.3947 10136 8688 0.12847 0.75654 4.94287 0.75654 4.94287 7849 0 0.0437705
18.3954 11584 7240 0.121492 80.3373 4.94583 80.3373 4.94583 7854 0 0.0430165
18.5032 10136 8688 0.117039 0.752323 4.9214 0.752323 4.9214 7861 0 0.0423358
18.6108 11584 7240 0.114055 0.538574 4.89608 0.538574 4.89608 7866 0 0.0421572
18.7188 10136 8688 0.12376 0.750649 4.87215 0.750649 4.87215 7873 0 0.0431477
18.8262 11584 7240 0.118653 0.539177 4.84743 0.539177 4.84743 7878 0 0.0426754
18.9335 10136 8688 0.128278 0.755693 4.82424 0.755693 4.82424 7885 0 0.0437442
18.9342 11584 7240 0.121489 80.3373 4.82711 80.3373 4.82711 7890 0 0.0430161
19.042 10136 8688 0.117036 0.752323 4.80405 0.752323 4.80405 7897 0 0.0423355
19.1496 11584 7240 0.114054 0.538574 4.7801 0.538574 4.7801 7902 0 0.042157
19.2577 10136 8688 0.123663 0.749815 4.75746 0.749815 4.75746 7909 0 0.0431353
19.3653 11584 7240 0.118602 0.538574 4.73403 0.538574 4.73403 7914 0 0.0426694
19.473 10136 8688 0.128478 0.752323 4.712 0.752323 4.712 7921 0 0.0437716
19.4738 11584 7240 0.121718 80.3373 4.71479 80.3373 4.71479 7926 0 0.0430444
19.5812 10136 8688 0.116985 0.754847 4.69307 0.754847 4.69307 7933 0 0.0423297
19.6888 11584 7240 0.114019 0.537973 4.67035 0.537973 4.67035 7938 0 0.0421533
19.7966 10136 8688 0.123736 0.752323 4.64902 0.752323 4.64902 7945 0 0.0431446
19.9042 11584 7240 0.118542 0.538574 4.62681 0.538574 4.62681 7950 0 0.0426623
20.012 10136 8688 0.128312 0.752323 4.60594 0.752323 4.60594 7957 0 0.0437489
20.0127 11584 7240 0.121608 80.3373 4.60867 80.3373 4.60867 7962 0 0.0430307
20.1197 5792 8688 0.119907 0.324595 4.58587 0.324595 4.58587 7965 0 0.0427271
20.1865 10136 2896 0.109646 0.69356 4.57299 0.69356 4.57299 7969 0 0.0421899
20.2869 13032 7240 0.103208 1.03875 4.55551 1.03875 4.55551 7978 0 0.0411133
20.3805 15928 10136 0.112446 0.990036 4.53913 0.990036 4.53913 7986 0 0.0416916
20.4818 18824 13032 0.116625 1.14359 4.52234 1.14359 4.52234 7996 0 0.0418433
20.5793 21720 15928 0.119392 1.42646 4.50768 1.42646 4.50768 8008 0 0.0418614
20.6789 26064 18824 0.118281 1.62807 4.49381 1.62807 4.49381 8022 0 0.0414475
20.7839 31856 23168 0.119069 1.87515 4.48057 1.87515 4.48057 8039 0 0.0411157
20.9001 40544 28960 0.111728 1.99389 4.46675 1.99389 4.46675 8059 0 0.0397806
20.9102 50680 37648 0.115746 29.8396 4.479 29.8396 4.479 8085 0 0.0393753
21.035 56472 47784 0.129484 3.06194 4.47059 3.06194 4.47059 8118 0 0.0399531
21.1789 59368 53576 0.144694 3.06047 4.46101 3.06047 4.46101 8156 0 0.0416773
21.3255 60816 56472 0.149898 3.16081 4.45207 3.16081 4.45207 8196 0 0.0422886
21.4701 62264 57920 0.148991 3.28289 4.44419 3.28289 4.44419 8237 0 0.0419836
21.613 66608 59368 0.143895 3.3243 4.43679 3.3243 4.43679 8278 0 0.04099
21.7558 69504 63712 0.146902 3.6517 4.43164 3.6517 4.43164 8323 0 0.0410595
21.8995 73848 66608 0.143774 3.70788 4.42689 3.70788 4.42689 8369 0 0.0402622
22.0446 78192 70952 0.144902 3.91046 4.42349 3.91046 4.42349 8418 0 0.0400317
22.1915 79640 75296 0.15188 4.18122 4.42189 4.18122 4.42189 8471 0 0.0408173
22.3382 82536 76744 0.147058 4.18465 4.42033 4.18465 4.42033 8524 0 0.0398269
22.4842 83984 79640 0.152554 4.44335 4.42048 4.44335 4.42048 8580 0 0.040526
22.6297 85432 81088 0.152062 4.53763 4.42123 4.53763 4.42123 8637 0 0.0402973
22.7747 89776 82536 0.145624 4.55267 4.42207 4.55267 4.42207 8694 0 0.0390456
22.9205 91224 86880 0.152562 4.84806 4.42478 4.84806 4.42478 8755 0 0.039841
23.0663 95568 88328 0.146343 4.84406 4.42743 4.84406 4.42743 8816 0 0.0386217
23.2125 97016 92672 0.154075 5.15322 4.432 5.15322 4.432 8881 0 0.0395796
23.3582 101360 94120 0.146404 5.16596 4.43658 5.16596 4.43658 8946 0 0.0380897
23.5038 102808 98464 0.15484 5.48839 4.44309 5.48839 4.44309 9015 0 0.0391849
23.6494 107152 99912 0.146006 5.49292 4.44955 5.49292 4.44955 9084 0 0.0374831
23.7952 108600 104256 0.156076 5.79699 4.45781 5.79699 4.45781 9157 0 0.0388867
23.9412 112944 105704 0.146424 5.79222 4.46595 5.79222 4.46595 9230 0 0.0370221
24.0871 111496 110048 0.157847 6.11464 4.47594 6.11464 4.47594 9307 0 0.0387006
24.2329 115840 108600 0.146372 5.96073 4.48487 5.96073 4.48487 9382 0 0.0367483
24.3785 114392 112944 0.159074 6.28381 4.49561 6.28381 4.49561 9461 0 0.0386792
24.5242 118736 111496 0.145991 6.11968 4.50526 6.11968 4.50526 9538 0 0.036419
24.6698 115840 115840 0.16083 6.44821 4.51673 6.44821 4.51673 9619 0 0.0387795
24.815 120184 112944 0.14607 6.21966 4.52669 6.21966 4.52669 9697 0 0.0363014
24.8256 125976 117288 0.145358 88.7362 4.56256 88.7362 4.56256 9778 0 0.0358132
24.9714 130320 123080 0.146189 6.83496 4.57583 6.83496 4.57583 9864 0 0.0354108
25.1175 134664 127424 0.146465 7.05594 4.59025 7.05594 4.59025 9953 0 0.0350725
25.2632 140456 131768 0.146002 7.23235 4.6055 7.23235 4.6055 10044 0 0.0346355
25.4089 146248 137560 0.146139 7.63602 4.62287 7.63602 4.62287 10140 0 0.0341521
25.5544 152040 143352 0.14596 7.96076 4.64187 7.96076 4.64187 10240 0 0.0336192
25.7 157832 149144 0.146055 8.27236 4.66245 8.27236 4.66245 10344 0 0.0331382
25.8462 163624 154936 0.146629 8.55523 4.68447 8.55523 4.68447 10452 0 0.0327448
25.9924 169416 160728 0.146752 8.87939 4.70805 8.87939 4.70805 10564 0 0.0322783
26.1383 176656 166520 0.146452 9.20408 4.73317 9.20408 4.73317 10680 0 0.0317768
26.2847 183896 173760 0.146712 9.57716 4.76014 9.57716 4.76014 10801 0 0.0312248
26.4311 191136 181000 0.146697 9.89376 4.78856 9.89376 4.78856 10926 0 0.0306326
26.5774 198376 188240 0.146802 10.3687 4.81929 10.3687 4.81929 11057 0 0.0300687
26.7238 205616 195480 0.146587 10.6853 4.85142 10.6853 4.85142 11192 0 0.0294566
26.8702 212856 202720 0.146855 11.151 4.88576 11.151 4.88576 11333 0 0.0289358
27.0155 220096 209960 0.146797 11.5622 4.92166 11.5622 4.92166 11478 0 0.0283659
27.1618 228784 217200 0.14657 11.9615 4.95956 11.9615 4.95956 11629 0 0.0278152
27.308 237472 225888 0.14638 12.3576 4.99918 12.3576 4.99918 11785 0 0.0271295
27.4542 246160 234576 0.146462 12.8328 5.0409 12.8328 5.0409 11947 0 0.0265014
27.6008 254848 243264 0.146842 13.2754 5.08464 13.2754 5.08464 12115 0 0.0259357
27.7472 264984 251952 0.146584 13.7721 5.13046 13.7721 5.13046 12289 0 0.0253187
27.8936 275120 262088 0.146772 14.3144 5.17869 14.3144 5.17869 12470 0 0.0246407
28.0404 285256 272224 0.147207 14.9226 5.22967 14.9226 5.22967 12659 0 0.0240202
28.1871 295392 282360 0.146995 15.3963 5.28259 15.3963 5.28259 12854 0 0.0233019
28.3337 306976 292496 0.147146 16.0411 5.33825 16.0411 5.33825 13057 0 0.0227173
28.4805 318560 304080 0.147163 16.5671 5.39614 16.5671 5.39614 13267 0 0.0219761
28.6272 330144 315664 0.146908 17.2123 5.4567 17.2123 5.4567 13485 0 0.0212065
28.7743 341728 327248 0.147417 17.8002 5.5198 17.8002 5.5198 13711 0 0.0205892
28.9213 353312 338832 0.147285 18.4454 5.58547 18.4454 5.58547 13945 0 0.0198793
29.0683 364896 350416 0.147311 19.0604 5.65365 19.0604 5.65365 14187 0 0.0192159
29.215 377928 362000 0.147023 19.7389 5.72439 19.7389 5.72439 14437 0 0.0185803
29.362 390960 375032 0.147323 20.4161 5.79792 20.4161 5.79792 14696 0 0.0179255
29.5092 402544 388064 0.148101 21.1697 5.87459 21.1697 5.87459 14965 0 0.0173158
29.6565 415576 399648 0.147734 21.7029 5.95322 21.7029 5.95322 15241 0 0.0167278
29.8038 430056 412680 0.147497 22.4106 6.03457 22.4106 6.03457 15526 0 0.0161198
29.9513 441640 427160 0.148668 23.2566 6.11934 23.2566 6.11934 15822 0 0.0155123
30.0988 454672 438744 0.14862 23.8657 6.20634 23.8657 6.20634 16126 0 0.0150446
30.12 5792 451776 0.148721 101.335 6.27313 101.335 6.27313 16311 0 0.372406
30.2678 405440 5792 0.148431 0 6.2425 0 6.2425 16311 0 0.331149
30.3081 540104 402544 0.135119 80.5101 6.34122 80.5101 6.34122 16591 0 0.0464667
30.3415 538656 537208 0.072056 128.655 6.47589 128.655 6.47589 16962 0 0.00336902
30.4748 373584 535760 0.133559 32.2218 6.58857 32.2218 6.58857 17333 0 0.0571171
30.6443 270776 370688 0.169754 17.5033 6.64891 17.5033 6.64891 17589 0 0.0410674
30.7894 185344 267880 0.145336 14.764 6.68717 14.764 6.68717 17774 0 0.0367865
31.0002 128872 182448 0.133535 6.98028 6.68916 6.98028 6.68916 17901 0 0.0339829
31.0153 102808 125976 0.104013 66.5652 6.71839 66.5652 6.71839 17988 0 0.030836
31.2342 75296 99912 0.120667 3.70381 6.69726 3.70381 6.69726 18058 0 0.0350786
31.377 53576 72400 0.137965 4.13859 6.68562 4.13859 6.68562 18109 0 0.0395674
31.383 39096 50680 0.140569 67.4834 6.69726 67.4834 6.69726 18144 0 0.0416408
31.6674 30408 36200 0.162899 1.05895 6.64662 1.05895 6.64662 18170 0 0.0469542
31.8062 24616 27512 0.162683 1.66935 6.6249 1.66935 6.6249 18190 0 0.0477227
31.946 20272 21720 0.16177 1.32629 6.60172 1.32629 6.60172 18206 0 0.0481075
32.0907 17376 17376 0.164984 1.04005 6.57663 1.04005 6.57663 18219 0 0.0492045
32.0922 15928 14480 0.153699 80.3373 6.57994 80.3373 6.57994 18229 0 0.0472537
32.2425 14480 13032 0.152301 0.69356 6.5525 0.69356 6.5525 18238 0 0.0471452
32.402 13032 11584 0.166734 0.653838 6.52347 0.653838 6.52347 18247 0 0.0501698
32.5608 14480 10136 0.163534 0.510464 6.49414 0.510464 6.49414 18254 0 0.0496491
32.7179 13032 11584 0.174145 0.663843 6.46615 0.663843 6.46615 18263 0 0.0518066
32.8738 14480 10136 0.166804 0.519903 6.43794 0.519903 6.43794 18270 0 0.0503369
33.0314 13032 11584 0.177815 0.661818 6.41039 0.661818 6.41039 18279 0 0.052658
33.1918 14480 10136 0.170098 0.505493 6.38185 0.505493 6.38185 18286 0 0.0510513
33.3548 13032 11584 0.184302 0.639383 6.35378 0.639383 6.35378 18295 0 0.0542285
33.519 14480 10136 0.175695 0.494022 6.32509 0.494022 6.32509 18302 0 0.0523153
33.6814 13032 11584 0.191189 0.641748 6.29767 0.641748 6.29767 18311 0 0.0559883
33.6824 14480 10136 0.179428 84.3542 6.2999 84.3542 6.2999 18318 0 0.053193
33.8456 13032 11584 0.172835 0.638912 6.27261 0.638912 6.27261 18327 0 0.0515094
34.0103 14480 10136 0.169425 0.49222 6.24461 0.49222 6.24461 18334 0 0.0509038
34.1749 13032 11584 0.183164 0.633316 6.21758 0.633316 6.21758 18343 0 0.0539471
34.3397 14480 10136 0.175648 0.49222 6.19011 0.49222 6.19011 18350 0 0.0523042
34.5054 13032 11584 0.189413 0.629183 6.16341 0.629183 6.16341 18359 0 0.0555254
34.6711 14480 10136 0.179724 0.489364 6.13629 0.489364 6.13629 18366 0 0.0532638
34.8365 15928 11584 0.194545 0.630097 6.11014 0.630097 6.11014 18375 0 0.05688
34.8375 14480 13032 0.182649 108.455 6.11296 108.455 6.11296 18384 0 0.0536685
35.0038 13032 11584 0.174719 0.62691 6.0869 0.62691 6.0869 18393 0 0.051938
35.1706 14480 10136 0.171525 0.486191 6.06034 0.486191 6.06034 18400 0 0.0513676
35.3365 13032 11584 0.183235 0.628272 6.03483 0.628272 6.03483 18409 0 0.0539645
35.5023 14480 10136 0.176103 0.48901 6.00893 0.48901 6.00893 18416 0 0.0524097
35.668 13032 11584 0.187713 0.629183 5.98394 0.629183 5.98394 18425 0 0.0550883
35.8343 14480 10136 0.178962 0.487596 5.95843 0.487596 5.95843 18432 0 0.0530819
36.0006 15928 11584 0.191754 0.62691 5.9338 0.62691 5.9338 18441 0 0.0561369
36.1671 14480 13032 0.181427 0.626457 5.90938 0.626457 5.90938 18450 0 0.0533702
36.3341 15928 11584 0.19515 0.624204 5.88508 0.624204 5.88508 18459 0 0.0570431
36.335 14480 13032 0.183501 108.455 5.8878 108.455 5.8878 18468 0 0.0538782
36.5017 13032 11584 0.175306 0.625554 5.86377 0.625554 5.86377 18477 0 0.0520732
36.6684 14480 10136 0.171869 0.486542 5.83933 0.486542 5.83933 18484 0 0.0514445
36.8344 13032 11584 0.183451 0.627817 5.81583 0.627817 5.81583 18493 0 0.0540177
37.001 14480 10136 0.176434 0.486893 5.79185 0.486893 5.79185 18500 0 0.0524868
37.1673 13032 11584 0.188321 0.62691 5.76874 0.62691 5.76874 18509 0 0.055244
37.3338 14480 10136 0.179277 0.486893 5.74518 0.486893 5.74518 18516 0 0.053157
37.5004 15928 11584 0.192353 0.626005 5.72244 0.626005 5.72244 18525 0 0.056295
37.6668 14480 13032 0.181641 0.626457 5.69993 0.626457 5.69993 18534 0 0.0534222
37.8338 15928 11584 0.195134 0.624204 5.67752 0.624204 5.67752 18543 0 0.0570389
37.8348 14480 13032 0.183492 108.455 5.68013 108.455 5.68013 18552 0 0.053876
38.0008 13032 11584 0.175055 0.627817 5.65805 0.627817 5.65805 18561 0 0.0520154
38.1672 14480 10136 0.171517 0.487244 5.63551 0.487244 5.63551 18568 0 0.0513659
38.3331 13032 11584 0.18326 0.628727 5.61385 0.628727 5.61385 18577 0 0.0539706
38.4997 14480 10136 0.176447 0.486542 5.59165 0.486542 5.59165 18584 0 0.0524899
38.6661 13032 11584 0.188136 0.626457 5.57028 0.626457 5.57028 18593 0 0.0551964
38.8326 14480 10136 0.179389 0.487244 5.5485 0.487244 5.5485 18600 0 0.0531837
38.9993 15928 11584 0.192335 0.625103 5.52744 0.625103 5.52744 18609 0 0.0562902
39.1656 14480 13032 0.181726 0.62691 5.50663 0.62691 5.50663 18618 0 0.0534429
39.3327 15928 11584 0.195105 0.624204 5.4859 0.624204 5.4859 18627 0 0.0570309
39.3336 14480 13032 0.183474 108.455 5.48842 108.455 5.48842 18636 0 0.0538717
39.4999 13032 11584 0.175142 0.62691 5.46795 0.62691 5.46795 18645 0 0.0520354
39.6664 14480 10136 0.171677 0.487244 5.44705 0.487244 5.44705 18652 0 0.0514016
39.8327 13032 11584 0.183434 0.62691 5.42693 0.62691 5.42693 18661 0 0.0540135
39.9988 14480 10136 0.176315 0.487949 5.40641 0.487949 5.40641 18668 0 0.0524591
40.165 5792 11584 0.194882 0.348535 5.38548 0.348535 5.38548 18673 0 0.0571012
40.3313 13032 2896 0.181066 0.278627 5.36443 0.278627 5.36443 18677 0 0.054442
40.3872 17376 10136 0.150203 2.28054 5.36016 2.28054 5.36016 18688 0 0.0470962
40.5109 21720 14480 0.130548 1.03029 5.34694 1.03029 5.34694 18699 0 0.0434809
40.6857 26064 18824 0.14439 0.861349 5.32767 0.861349 5.32767 18712 0 0.0451725
40.8379 27512 23168 0.192653 1.29351 5.31263 1.29351 5.31263 18729 0 0.0551674
40.9122 30408 24616 0.166347 2.65191 5.3078 2.65191 5.3078 18746 0 0.0487419
41.029 37648 27512 0.139209 1.98364 5.29833 1.98364 5.29833 18766 0 0.0434865
41.1126 49232 34752 0.109677 3.46282 5.2946 3.46282 5.2946 18791 0 0.0390854
41.1532 65160 46336 0.0800036 9.12708 5.29838 9.12708 5.29838 18823 0 0.0360613
41.1966 88328 62264 0.0681869 11.4831 5.30489 11.4831 5.30489 18866 0 0.0346554
41.2656 112944 85432 0.0682103 10.0772 5.31287 10.0772 5.31287 18926 0 0.0325509
41.3459 130320 110048 0.0783765 11.1125 5.32413 11.1125 5.32413 19003 0 0.0299972
41.433 141904 127424 0.0850902 11.7015 5.33754 11.7015 5.33754 19091 0 0.0284308
41.5199 150592 139008 0.0878989 12.8006 5.35315 12.8006 5.35315 19187 0 0.0274591
41.6069 160728 147696 0.0877946 13.5819 5.37036 13.5819 5.37036 19289 0 0.0267522
41.694 173760 157832 0.0860862 14.494 5.38942 14.494 5.38942 19398 0 0.0259184
41.779 183896 170864 0.0887001 16.2036 5.41144 16.2036 5.41144 19517 0 0.0248569
41.8626 205616 181000 0.0822537 17.339 5.43524 17.339 5.43524 19642 0 0.0243569
41.9465 221544 202720 0.087151 19.4465 5.46329 19.4465 5.46329 19783 0 0.0224871
42.0387 243264 218648 0.0845667 18.9793 5.49292 18.9793 5.49292 19934 0 0.0215194
42.135 238920 240368 0.0999427 20.0994 5.52629 20.0994 5.52629 20101 0 0.0200983
42.1717 240368 236024 0.0969417 51.3529 5.56625 51.3529 5.56625 20264 0 0.0201539
42.267 238920 237472 0.0973673 20.059 5.59892 20.059 5.59892 20429 0 0.0200799
42.3601 243264 236024 0.0944695 20.2761 5.63118 20.2761 5.63118 20592 0 0.0200072
42.4529 247608 240368 0.0941549 20.8544 5.66445 20.8544 5.66445 20759 0 0.0196694
42.547 250504 244712 0.095042 20.8077 5.69794 20.8077 5.69794 20928 0 0.0193987
42.6432 251952 247608 0.0972319 20.7012 5.7318 20.7012 5.7318 21100 0 0.0193382
42.7409 249056 249056 0.0987483 20.5142 5.76559 20.5142 5.76559 21273 0 0.0193613
42.8392 244712 246160 0.0990892 20.0352 5.79833 20.0352 5.79833 21443 0 0.0196134
42.9382 240368 241816 0.0995124 19.5384 5.83001 19.5384 5.83001 21610 0 0.0199593
43.0378 234576 237472 0.100201 19.1879 5.86093 19.1879 5.86093 21775 0 0.0203556
43.1374 230232 231680 0.100035 18.6065 5.89036 18.6065 5.89036 21935 0 0.0207408
43.2366 225888 227336 0.099875 18.3461 5.91892 18.3461 5.91892 22092 0 0.0210495
43.3363 221544 222992 0.100165 18.0033 5.94673 18.0033 5.94673 22247 0 0.021397
43.4357 217200 218648 0.0995978 17.6023 5.97339 17.6023 5.97339 22398 0 0.0216787
43.5359 212856 214304 0.100359 17.2234 5.99929 17.2234 5.99929 22547 0 0.0220691
43.6365 207064 209960 0.100837 16.7009 6.02395 16.7009 6.02395 22692 0 0.0224664
43.822 188240 204168 0.112175 8.86624 6.03599 8.86624 6.03599 22834 0 0.0245385
43.9232 170864 185344 0.11201 14.7699 6.05611 14.7699 6.05611 22963 0 0.0259146
43.9386 167968 167968 0.0997929 87.3668 6.08457 87.3668 6.08457 23079 0 0.0256881
44.0367 166520 165072 0.098422 13.4518 6.10099 13.4518 6.10099 23193 0 0.02581
44.1367 162176 163624 0.100117 13.0934 6.11683 13.0934 6.11683 23306 0 0.0260935
44.3268 147696 159280 0.112893 6.76418 6.11961 6.76418 6.11961 23417 0 0.0279847
44.34 143352 144800 0.101986 87.6407 6.14391 87.6407 6.14391 23517 0 0.027842
44.4407 139008 140456 0.100909 11.159 6.15527 11.159 6.15527 23614 0 0.028128
44.6309 125976 136112 0.112033 5.78551 6.15369 5.78551 6.15369 23709 0 0.0298082
44.6422 123080 123080 0.101126 87.1745 6.17419 87.1745 6.17419 23794 0 0.029655
44.8348 111496 120184 0.11238 5.05178 6.16937 5.05178 6.16937 23878 0 0.0311897
44.9368 101360 108600 0.113774 8.62988 6.17496 8.62988 6.17496 23954 0 0.0323289
45.0381 92672 98464 0.112968 7.89078 6.17882 7.89078 6.17882 24023 0 0.0331264
45.0463 91224 89776 0.100708 87.8985 6.19364 87.8985 6.19364 24085 0 0.0326579
45.1475 88328 88328 0.101469 6.9842 6.19541 6.9842 6.19541 24146 0 0.0328678
45.3454 79640 85432 0.114435 3.51201 6.1837 3.51201 6.1837 24206 0 0.0345036
45.4488 70952 76744 0.115449 6.04629 6.18339 6.04629 6.18339 24260 0 0.0354416
45.5519 63712 68056 0.115338 5.39328 6.1816 5.39328 6.1816 24308 0 0.0362256
45.6541 56472 60816 0.115232 4.87695 6.17868 4.87695 6.17868 24351 0 0.0369197
45.6591 55024 53576 0.102471 84.928 6.18738 84.928 6.18738 24388 0 0.0362968
45.7603 53576 52128 0.101604 4.23632 6.18307 4.23632 6.18307 24425 0 0.0363675
45.8623 52128 50680 0.10221 3.97428 6.17816 3.97428 6.17816 24460 0 0.0365622
45.9651 50680 49232 0.104181 3.9464 6.17317 3.9464 6.17317 24495 0 0.0368767
46.0685 49232 47784 0.10384 3.69496 6.1676 3.69496 6.1676 24528 0 0.0369911
46.1717 47784 46336 0.10493 3.70356 6.1621 3.70356 6.1621 24561 0 0.0372326
46.2751 46336 44888 0.103673 3.47506 6.1561 3.47506 6.1561 24592 0 0.0372663
46.3779 44888 43440 0.104834 3.4913 6.15019 3.4913 6.15019 24623 0 0.0375144
46.4809 43440 41992 0.103356 3.26224 6.14379 3.26224 6.14379 24652 0 0.0375298
46.5844 41992 40544 0.105608 3.24708 6.13735 3.24708 6.13735 24681 0 0.037876
46.6875 40544 39096 0.103724 3.03372 6.1305 3.03372 6.1305 24708 0 0.037854
46.7907 39096 37648 0.105638 3.03019 6.12366 3.03019 6.12366 24735 0 0.0381715
46.8935 37648 36200 0.103617 2.81556 6.11641 2.81556 6.11641 24760 0 0.038138
46.9966 36200 34752 0.105811 2.809 6.10915 2.809 6.10915 24785 0 0.0384814
47.0995 34752 33304 0.103751 2.59032 6.10147 2.59032 6.10147 24808 0 0.0384443
47.2027 33304 31856 0.106291 2.58127 6.09377 2.58127 6.09377 24831 0 0.0388208
47.3056 31856 30408 0.103853 2.36507 6.08566 2.36507 6.08566 24852 0 0.0387491
47.4083 30408 28960 0.106485 2.36784 6.0776 2.36784 6.0776 24873 0 0.0391351
47.5112 28960 27512 0.103917 2.13983 6.06908 2.13983 6.06908 24892 0 0.0390516
47.6143 27512 26064 0.107452 2.13484 6.06056 2.13484 6.06056 24911 0 0.0395235
47.7175 26064 24616 0.104568 1.90789 6.05158 1.90789 6.05158 24928 0 0.0394074
47.8206 24616 23168 0.108071 1.91012 6.04265 1.91012 6.04265 24945 0 0.0398814
47.9234 23168 21720 0.104742 1.68934 6.03331 1.68934 6.03331 24960 0 0.0397224
48.0264 21720 20272 0.10873 1.68737 6.02399 1.68737 6.02399 24975 0 0.0402452
48.1285 20272 18824 0.104968 1.47443 6.01433 1.47443 6.01433 24988 0 0.0400432
48.2314 18824 17376 0.109383 1.46409 6.00463 1.46409 6.00463 25001 0 0.0406104
48.334 17376 15928 0.105865 1.24175 5.99452 1.24175 5.99452 25012 0 0.0404263
48.4373 15928 14480 0.111133 1.23308 5.98436 1.23308 5.98436 25023 0 0.0410887
48.54 14480 13032 0.107046 1.01598 5.97385 1.01598 5.97385 25032 0 0.0408391
48.6431 13032 11584 0.112674 1.01124 5.96334 1.01124 5.96334 25041 0 0.0415522
48.7459 11584 10136 0.108671 0.788357 5.95242 0.788357 5.95242 25048 0 0.0412987
48.8487 10136 8688 0.114782 0.789279 5.94156 0.789279 5.94156 25055 0 0.0420834
48.9512 11584 7240 0.110784 0.565093 5.9303 0.565093 5.9303 25060 0 0.0418142
49.0535 10136 8688 0.117976 0.792058 5.91958 0.792058 5.91958 25067 0 0.0424436
49.156 11584 7240 0.112828 0.565093 5.90841 0.565093 5.90841 25072 0 0.042026
49.2589 10136 8688 0.12074 0.788357 5.89772 0.788357 5.89772 25079 0 0.0427717
49.3619 11584 7240 0.114884 0.562455 5.88659 0.562455 5.88659 25084 0 0.0422475
49.4652 10136 8688 0.123932 0.78469 5.87593 0.78469 5.87593 25091 0 0.0431697
49.4659 11584 7240 0.117119 80.3373 5.87702 80.3373 5.87702 25096 0 0.0424977
49.5684 10136 8688 0.112363 0.79113 5.8665 0.79113 5.8665 25103 0 0.0418242
49.671 11584 7240 0.109272 0.564431 5.85555 0.564431 5.85555 25108 0 0.0416629
49.7732 10136 8688 0.118249 0.793922 5.84516 0.793922 5.84516 25115 0 0.0424753
49.876 11584 7240 0.113135 0.563112 5.83427 0.563112 5.83427 25120 0 0.0420586
49.9784 10136 8688 0.12254 0.792058 5.82394 0.792058 5.82394 25127 0 0.0429936
49.9791 11584 7240 0.115885 80.3373 5.82501 80.3373 5.82501 25132 0 0.0423583
50.0821 10136 8688 0.111757 0.787437 5.81466 0.787437 5.81466 25139 0 0.0417612
50.1842 5792 7240 0.109705 0.340252 5.80351 0.340252 5.80351 25142 0 0.0417356
50.2811 8688 2896 0.119382 0.358827 5.79303 0.358827 5.79303 25145 0 0.0432328
50.3696 10136 5792 0.109885 1.04748 5.78469 1.04748 5.78469 25153 0 0.0418768
50.4801 13032 7240 0.108708 0.733515 5.77363 0.733515 5.77363 25160 0 0.0416188
50.5878 15928 10136 0.120683 0.860757 5.76317 0.860757 5.76317 25168 0 0.0426235
50.6814 18824 13032 0.123542 1.23755 5.75482 1.23755 5.75482 25178 0 0.0426745
50.7702 23168 15928 0.118072 1.56544 5.74749 1.56544 5.74749 25190 0 0.041725
50.8609 28960 20272 0.112032 1.91533 5.74065 1.91533 5.74065 25205 0 0.0406338
50.9814 37648 26064 0.103105 1.7301 5.73117 1.7301 5.73117 25223 0 0.0392604
50.991 44888 34752 0.116029 28.9214 5.73554 28.9214 5.73554 25247 0 0.0396115
51.1215 49232 41992 0.133513 2.57435 5.72747 2.57435 5.72747 25276 0 0.041084
51.2649 50680 46336 0.145356 2.66669 5.71892 2.66669 5.71892 25309 0 0.0424995
51.4046 53576 47784 0.141081 2.73548 5.71081 2.73548 5.71081 25342 0 0.0416544
51.5388 56472 50680 0.140208 3.10705 5.70402 3.10705 5.70402 25378 0 0.041225
51.6711 60816 53576 0.137749 3.32732 5.69794 3.32732 5.69794 25416 0 0.0405678
51.8049 65160 57920 0.138112 3.5513 5.6924 3.5513 5.6924 25457 0 0.0401954
51.9422 69504 62264 0.136868 3.62678 5.68694 3.62678 5.68694 25500 0 0.0395765
52.0826 70952 66608 0.144764 3.8793 5.68206 3.8793 5.68206 25547 0 0.0403993
52.2239 75296 68056 0.141318 3.85291 5.67712 3.85291 5.67712 25594 0 0.0397163
52.3636 76744 72400 0.146316 4.22755 5.67325 4.22755 5.67325 25645 0 0.0401043
52.502 81088 73848 0.139427 4.26792 5.66954 4.26792 5.66954 25696 0 0.0388529
52.6395 83984 78192 0.144683 4.63485 5.66684 4.63485 5.66684 25751 0 0.0392804
52.7773 88328 81088 0.138136 4.70677 5.66433 4.70677 5.66433 25807 0 0.0379569
52.916 92672 85432 0.138538 4.92884 5.66241 4.92884 5.66241 25866 0 0.037608
53.0554 94120 89776 0.147973 5.23578 5.66128 5.23578 5.66128 25929 0 0.0387399
53.1945 98464 91224 0.139762 5.24482 5.6602 5.24482 5.6602 25992 0 0.0372568
53.3334 99912 95568 0.149004 5.58748 5.66001 5.58748 5.66001 26059 0 0.038381
53.472 105704 97016 0.139172 5.60201 5.65986 5.60201 5.65986 26126 0 0.0366488
53.6104 107152 102808 0.149851 6.0253 5.6608 6.0253 5.6608 26198 0 0.0378623
53.7492 108600 104256 0.149999 6.09312 5.66192 6.09312 5.66192 26271 0 0.0377558
53.888 114392 105704 0.139172 6.09312 5.66303 6.09312 5.66303 26344 0 0.0358473
54.0266 115840 111496 0.151539 6.5161 5.66522 6.5161 5.66522 26422 0 0.0373742
54.1658 117288 112944 0.151821 6.57684 5.66756 6.57684 5.66756 26501 0 0.0372945
54.3046 124528 114392 0.139293 6.59392 5.66992 6.59392 5.66992 26580 0 0.0351093
54.4432 123080 121632 0.15328 7.10087 5.67357 7.10087 5.67357 26665 0 0.0367829
54.5819 130320 120184 0.139403 6.93379 5.67677 6.93379 5.67677 26748 0 0.0346055
54.7204 128872 127424 0.154948 7.44148 5.68124 7.44148 5.68124 26837 0 0.0365816
54.7322 136112 125976 0.139345 85.5838 5.69843 85.5838 5.69843 26924 0 0.0340799
54.8709 144800 133216 0.139102 7.76919 5.70366 7.76919 5.70366 27017 0 0.0334435
55.0095 153488 141904 0.138895 8.18689 5.70992 8.18689 5.70992 27115 0 0.0326542
55.1488 162176 150592 0.139457 8.65065 5.71735 8.65065 5.71735 27219 0 0.0319972
55.2865 170864 159280 0.139103 9.25351 5.72616 9.25351 5.72616 27329 0 0.0312057
55.4249 181000 167968 0.138534 9.70743 5.7361 9.70743 5.7361 27445 0 0.03044
55.5635 191136 178104 0.138791 10.2843 5.74744 10.2843 5.74744 27568 0 0.0296487
55.7031 201272 188240 0.139967 10.8684 5.76028 10.8684 5.76028 27699 0 0.0290182
55.8431 211408 198376 0.140288 11.3369 5.77426 11.3369 5.77426 27836 0 0.0282671
55.9826 222992 208512 0.139918 12.0402 5.78987 12.0402 5.78987 27981 0 0.0274759
56.1219 234576 220096 0.13945 12.6433 5.80688 12.6433 5.80688 28133 0 0.0265187
56.2612 247608 231680 0.13963 13.2972 5.82543 13.2972 5.82543 28293 0 0.0257472
56.401 260640 244712 0.140005 14.009 5.84571 14.009 5.84571 28462 0 0.0248585
56.5409 273672 257744 0.140199 14.8251 5.86792 14.8251 5.86792 28641 0 0.0239652
56.6808 288152 270776 0.140191 15.4744 5.89165 15.4744 5.89165 28828 0 0.0231344
56.8209 302632 285256 0.140477 16.3706 5.91749 16.3706 5.91749 29026 0 0.0222084
56.9607 318560 299736 0.14019 17.2418 5.94527 17.2418 5.94527 29234 0 0.0212984
57.1006 334488 315664 0.140295 18.138 5.97514 18.138 5.97514 29453 0 0.0203133
57.241 350416 331592 0.140737 18.8851 6.00682 18.8851 6.00682 29682 0 0.0194185
57.382 366344 347520 0.14138 19.807 6.04071 19.807 6.04071 29923 0 0.0185931
57.5228 383720 363448 0.141024 20.6464 6.07647 20.6464 6.07647 30174 0 0.0177273
57.6637 401096 380824 0.141435 21.6972 6.11465 21.6972 6.11465 30438 0 0.0168602
57.8048 419920 398200 0.141454 22.6642 6.15504 22.6642 6.15504 30714 0 0.0160656
57.9459 438744 417024 0.14145 23.7317 6.19783 23.7317 6.19783 31003 0 0.0151483
58.0871 457568 435848 0.141501 24.696 6.24279 24.696 6.24279 31304 0 0.0142905
58.2286 476392 454672 0.14208 25.7789 6.29028 25.7789 6.29028 31619 0 0.0135692
58.3703 496664 473496 0.141986 26.7382 6.33991 26.7382 6.33991 31946 0 0.0128891
58.5122 516936 493768 0.142378 27.9174 6.39224 27.9174 6.39224 32288 0 0.0121855
58.6542 537208 514040 0.142645 29.0356 6.44707 29.0356 6.44707 32644 0 0.01152
58.7967 556032 534312 0.143108 30.0757 6.50434 30.0757 6.50434 33014 0 0.0108451
58.939 577752 553136 0.142795 31.185 6.56392 31.185 6.56392 33397 0 0.0104496
59.0813 599472 574856 0.142598 32.3249 6.62595 32.3249 6.62595 33794 0 0.00984253
59.2239 621192 596576 0.143067 33.5427 6.69078 33.5427 6.69078 34207 0 0.00941275
59.3667 644360 618296 0.143037 34.6505 6.75801 34.6505 6.75801 34634 0 0.00908282
59.5098 664632 641464 0.143706 35.9393 6.82818 35.9393 6.82818 35078 0 0.00857502
59.6541 683456 661736 0.144842 36.7639 6.9006 36.7639 6.9006 35536 0 0.00838207
59.7995 699384 680560 0.146007 37.5262 6.97506 37.5262 6.97506 36007 0 0.00819118
59.9419 726896 696488 0.142694 39.1314 7.05145 39.1314 7.05145 36488 0 0.0083875
60.0839 755856 724000 0.142601 40.8619 7.13137 40.8619 7.13137 36989 0 0.00836198
60.2216 5792 752960 0.144352 39.5377 7.20547 39.5377 7.20547 37459 0 1.00729
60.3307 680560 2896 0.133796 0.424691 7.19321 0.424691 7.19321 37463 0 0.854581
60.416 906448 677664 0.113987 64.0636 7.27355 64.0636 7.27355 37935 0 0.0939984
60.5342 900656 903552 0.137513 61.1969 7.37877 61.1969 7.37877 38559 0 0.00774458
60.6106 891968 897760 0.138235 93.9795 7.48796 93.9795 7.48796 39179 0 0.0078075
60.7675 812328 889072 0.157206 45.3235 7.58567 45.3235 7.58567 39793 0 0.0220999
60.9175 761648 809432 0.150124 43.1813 7.67329 43.1813 7.67329 40352 0 0.0129397
61.1103 744272 758752 0.141225 31.5343 7.74859 31.5343 7.74859 40877 0 0.00713978
61.1757 789160 741376 0.124913 90.7339 7.83727 90.7339 7.83727 41389 0 0.00780109
61.3068 809432 786264 0.131282 47.9815 7.92311 47.9815 7.92311 41932 0 0.00590523
61.4527 771784 806536 0.146037 44.3113 8.00948 44.3113 8.00948 42490 0 0.0101494
61.6131 693592 768888 0.160656 38.4175 8.08865 38.4175 8.08865 43022 0 0.0210263
61.8837 577752 690696 0.181305 20.4625 8.14276 20.4625 8.14276 43500 0 0.0388209
62.059 477840 574856 0.183877 26.2982 8.19405 26.2982 8.19405 43898 0 0.0352734
62.2289 399648 474944 0.180501 22.4308 8.23292 22.4308 8.23292 44227 0 0.0307699
62.2808 356208 396752 0.162962 61.1456 8.27702 61.1456 8.27702 44501 0 0.0228294
62.4441 317112 353312 0.16348 17.3089 8.30064 17.3089 8.30064 44745 0 0.0246156
62.6135 275120 314216 0.169736 14.8368 8.31833 14.8368 8.31833 44962 0 0.0286813
62.9275 221544 272224 0.193154 6.97302 8.31161 6.97302 8.31161 45151 0 0.0390653
62.9684 186792 218648 0.179377 42.8151 8.334 42.8151 8.334 45302 0 0.036475
63.2888 149144 183896 0.196519 4.62685 8.31523 4.62685 8.31523 45430 0 0.0439465
63.4671 118736 146248 0.195679 6.62621 8.31048 6.62621 8.31048 45532 0 0.0459736
63.6441 95568 115840 0.193185 5.30128 8.30212 5.30128 8.30212 45613 0 0.0472905
63.673 82536 92672 0.174282 25.7079 8.31 25.7079 8.31 45677 0 0.0440881
63.8495 69504 79640 0.176763 3.60944 8.297 3.60944 8.297 45732 0 0.0458915
64.2061 55024 66608 0.202596 1.52663 8.2594 1.52663 8.2594 45779 0 0.0539171
64.2117 46336 52128 0.182984 75.4472 8.26518 75.4472 8.26518 45815 0 0.0498921
64.3937 39096 43440 0.182335 1.90901 8.24721 1.90901 8.24721 45845 0 0.0505597
64.5743 33304 36200 0.181072 1.60354 8.22863 1.60354 8.22863 45870 0 0.0509499
64.9327 26064 30408 0.202863 0.710997 8.18713 0.710997 8.18713 45892 0 0.0573254
65.1145 20272 23168 0.208375 1.0832 8.1673 1.0832 8.1673 45909 0 0.0596417
65.1165 17376 17376 0.190636 72.3036 8.16919 72.3036 8.16919 45921 0 0.0552487
65.2979 14480 14480 0.185613 0.638442 8.14827 0.638442 8.14827 45931 0 0.054264
65.4795 13032 11584 0.183758 0.510416 8.12709 0.510416 8.12709 45939 0 0.0540936
65.6611 11584 10136 0.18303 0.446318 8.10584 0.446318 8.10584 45946 0 0.0540663
65.843 13032 8688 0.197761 0.446023 8.08469 0.446023 8.08469 45953 0 0.0580604
66.0249 11584 10136 0.192559 0.445729 8.06364 0.445729 8.06364 45960 0 0.0565016
66.2069 13032 8688 0.205691 0.445435 8.04269 0.445435 8.04269 45967 0 0.0603082
66.3888 11584 10136 0.197871 0.445729 8.02187 0.445729 8.02187 45974 0 0.0579383
66.5712 13032 8688 0.211405 0.444554 8.00111 0.444554 8.00111 45981 0 0.0620057
66.7532 11584 10136 0.201824 0.445729 7.98052 0.445729 7.98052 45988 0 0.0590439
66.9353 13032 8688 0.21637 0.445141 7.96001 0.445141 7.96001 45995 0 0.0635341
66.936 11584 10136 0.20515 112.472 7.96114 112.472 7.96114 46002 0 0.0599985
67.1194 13032 8688 0.196219 0.442224 7.9406 0.442224 7.9406 46009 0 0.0576379
67.303 11584 10136 0.192185 0.441645 7.92014 0.441645 7.92014 46016 0 0.0564029
67.4867 13032 8688 0.206312 0.441356 7.89978 0.441356 7.89978 46023 0 0.0604895
67.6703 11584 10136 0.198851 0.441645 7.87955 0.441645 7.87955 46030 0 0.0582096
67.8542 13032 8688 0.212721 0.441068 7.85939 0.441068 7.85939 46037 0 0.0624062
68.0378 11584 10136 0.203241 0.441645 7.83937 0.441645 7.83937 46044 0 0.0594479
68.2219 13032 8688 0.218154 0.440492 7.81941 0.440492 7.81941 46051 0 0.064095
68.2226 11584 10136 0.20688 112.472 7.82052 112.472 7.82052 46058 0 0.0605037
68.4068 13032 8688 0.197591 0.440205 7.80064 0.440205 7.80064 46065 0 0.0580138
68.5911 11584 10136 0.19323 0.439918 7.78086 0.439918 7.78086 46072 0 0.0566802
68.7756 13032 8688 0.207434 0.439631 7.76117 0.439631 7.76117 46079 0 0.0608191
68.9598 11584 10136 0.199699 0.440205 7.74162 0.440205 7.74162 46086 0 0.0584456
69.144 13032 8688 0.213507 0.440205 7.72217 0.440205 7.72217 46093 0 0.0626467
69.3282 11584 10136 0.203892 0.440205 7.70282 0.440205 7.70282 46100 0 0.0596348
69.5125 13032 8688 0.21884 0.439918 7.68356 0.439918 7.68356 46107 0 0.0643125
69.5132 11584 10136 0.207465 112.472 7.68465 112.472 7.68465 46114 0 0.0606758
69.6979 13032 8688 0.198169 0.439059 7.66545 0.439059 7.66545 46121 0 0.0581729
69.8826 11584 10136 0.193822 0.439059 7.64635 0.439059 7.64635 46128 0 0.0568382
70.0672 13032 8688 0.207671 0.439345 7.62736 0.439345 7.62736 46135 0 0.0608892
70.2515 5792 10136 0.202358 0.314227 7.60818 0.314227 7.60818 46140 0 0.059285
70.4358 11584 2896 0.217954 0.188536 7.58876 0.188536 7.58876 46143 0 0.0647008
70.4764 14480 8688 0.173231 2.85831 7.58604 2.85831 7.58604 46153 0 0.0519148
70.6161 18824 11584 0.14185 0.663146 7.57234 0.663146 7.57234 46161 0 0.0455069
70.6171 24616 15928 0.141209 132.557 7.57404 132.557 7.57404 46172 0 0.0449737
70.7595 31856 21720 0.14188 1.30167 7.56142 1.30167 7.56142 46188 0 0.0445142
70.919 39096 28960 0.160856 1.52447 7.54783 1.52447 7.54783 46209 0 0.0472357
71.0692 49232 36200 0.155617 1.9281 7.53596 1.9281 7.53596 46234 0 0.0455571
71.2064 60816 46336 0.15605 2.78578 7.5268 2.78578 7.5268 46267 0 0.0446744
71.3733 76744 57920 0.152307 2.77624 7.51569 2.77624 7.51569 46307 0 0.043032
71.5664 88328 73848 0.175276 3.05952 7.50367 3.05952 7.50367 46358 0 0.0460378
71.7849 86880 85432 0.218857 3.12865 7.49036 3.12865 7.49036 46417 0 0.0566454
72.0127 83984 83984 0.222904 2.99994 7.47615 2.99994 7.47615 46476 0 0.0580959
72.2336 79640 81088 0.226904 2.93725 7.46227 2.93725 7.46227 46532 0 0.0597086
72.2403 78192 76744 0.221021 91.2403 7.47008 91.2403 7.47008 46585 0 0.0581642
72.4503 79640 75296 0.210567 2.92303 7.45689 2.92303 7.45689 46638 0 0.0550458
72.6545 81088 76744 0.204659 3.00733 7.44439 3.00733 7.44439 46691 0 0.0531627
72.8598 82536 78192 0.20631 3.10255 7.43215 3.10255 7.43215 46746 0 0.0535046
73.0698 83984 79640 0.210028 3.03507 7.41952 3.03507 7.41952 46801 0 0.0544682
73.2841 85432 81088 0.215386 3.02616 7.40667 3.02616 7.40667 46857 0 0.0559668
73.5002 83984 82536 0.217345 3.10983 7.39404 3.10983 7.39404 46915 0 0.0564419
73.7154 82536 81088 0.215614 3.06816 7.38141 3.06816 7.38141 46972 0 0.0560377
73.9284 83984 79640 0.213393 2.99056 7.36876 2.99056 7.36876 47027 0 0.0554892
74.1402 85432 81088 0.213354 3.06394 7.35647 3.06394 7.35647 47083 0 0.0553393
74.3525 86880 82536 0.21401 3.16439 7.34449 3.16439 7.34449 47141 0 0.0554032
74.5659 88328 83984 0.213586 3.20264 7.33264 3.20264 7.33264 47200 0 0.0551355
74.78 89776 85432 0.214431 3.19185 7.32078 3.19185 7.32078 47259 0 0.0552589
74.9944 88328 86880 0.216327 3.24231 7.30913 3.24231 7.30913 47319 0 0.0557114
75.2083 86880 85432 0.216276 3.19544 7.29743 3.19544 7.29743 47378 0 0.0558323
75.4214 85432 83984 0.215477 3.20625 7.28586 3.20625 7.28586 47437 0 0.05572
75.6346 86880 82536 0.213451 3.09756 7.27406 3.09756 7.27406 47494 0 0.0552315
75.8476 85432 83984 0.2156 3.20806 7.26264 3.20806 7.26264 47553 0 0.0557584
76.0621 86880 82536 0.214625 3.07847 7.25084 3.07847 7.25084 47610 0 0.0555934
76.2773 85432 83984 0.21816 3.17581 7.23934 3.17581 7.23934 47669 0 0.0565615
76.4931 83984 82536 0.216005 3.05962 7.22755 3.05962 7.22755 47726 0 0.0560219
76.7085 82536 81088 0.218792 3.06645 7.21587 3.06645 7.21587 47783 0 0.0570368
76.9232 83984 79640 0.215034 2.96713 7.20401 2.96713 7.20401 47838 0 0.0559954
77.1381 82536 81088 0.218727 3.07159 7.19249 3.07159 7.19249 47895 0 0.0570162
77.3538 81088 79640 0.215918 2.95391 7.18068 2.95391 7.18068 47950 0 0.0562704
77.5702 79640 78192 0.220579 2.94407 7.16886 2.94407 7.16886 48005 0 0.0578837
77.7864 78192 76744 0.216512 2.84016 7.15683 2.84016 7.15683 48058 0 0.0567327
78.0028 76744 75296 0.221265 2.83701 7.14484 2.83701 7.14484 48111 0 0.0583817
78.2196 75296 73848 0.216952 2.72541 7.13259 2.72541 7.13259 48162 0 0.0571484
78.4367 73848 72400 0.222613 2.72089 7.12038 2.72089 7.12038 48213 0 0.0590968
78.6536 72400 70952 0.217254 2.61708 7.10796 2.61708 7.10796 48262 0 0.0575224
78.8712 70952 69504 0.223835 2.60841 7.09555 2.60841 7.09555 48311 0 0.0597754
79.0897 69504 68056 0.218546 2.49231 7.08284 2.49231 7.08284 48358 0 0.0582107
79.3086 66608 66608 0.226147 2.48684 7.07015 2.48684 7.07015 48405 0 0.0608303
79.5278 65160 63712 0.219481 2.32555 7.05707 2.32555 7.05707 48449 0 0.0589307
79.7471 63712 62264 0.21926 2.27146 7.04391 2.27146 7.04391 48492 0 0.0590018
79.9672 60816 60816 0.229431 2.26278 7.03075 2.26278 7.03075 48535 0 0.0624976
80.1883 59368 57920 0.221463 2.09576 7.01714 2.09576 7.01714 48575 0 0.0601343
80.3512 5792 56472 0.220725 1.91956 7.00681 1.91956 7.00681 48602 0 0.0651386
80.6109 49232 2896 0.246364 0.133834 6.98467 0.133834 6.98467 48605 0 0.0777779
80.8055 63712 46336 0.229793 2.14233 6.973 2.14233 6.973 48641 0 0.0644125
81.0673 82536 60816 0.209261 1.85905 6.95649 1.85905 6.95649 48683 0 0.0566848
81.0723 92672 79640 0.259927 126.244 6.96392 126.244 6.96392 48738 0 0.0721095
81.2804 120184 89776 0.209518 3.50664 6.95507 3.50664 6.95507 48801 0 0.0546984
81.4489 160728 117288 0.169765 5.56975 6.9522 5.56975 6.9522 48882 0 0.0434382
81.5942 214304 157832 0.146793 8.77132 6.95544 8.77132 6.95544 48992 0 0.037572
81.7559 264984 211408 0.162117 10.5286 6.96251 10.5286 6.96251 49139 0 0.035622
81.9396 299736 262088 0.183421 11.4122 6.97249 11.4122 6.97249 49320 0 0.0343084
82.1479 311320 296840 0.208541 11.4595 6.98386 11.4595 6.98386 49526 0 0.0369058
82.3608 317112 308424 0.21395 11.6426 6.9959 11.6426 6.9959 49740 0 0.037626
82.5681 328696 314216 0.208557 12.1833 7.00893 12.1833 7.00893 49958 0 0.0358122
82.7678 348968 325800 0.20105 13.1092 7.02365 13.1092 7.02365 50184 0 0.0334218
82.9636 376480 346072 0.196958 14.1946 7.04058 14.1946 7.04058 50424 0 0.0317055
83.1608 403992 373584 0.198166 15.2156 7.05996 15.2156 7.05996 50683 0 0.0305111
83.3616 428608 401096 0.200958 15.9809 7.08145 15.9809 7.08145 50960 0 0.0296032
83.5645 451776 425712 0.204093 16.838 7.10514 16.838 7.10514 51255 0 0.0291953
83.7676 476392 448880 0.203329 17.6837 7.13079 17.6837 7.13079 51565 0 0.0280684
83.9698 503904 473496 0.202539 18.7311 7.15872 18.7311 7.15872 51892 0 0.0270999
84.1716 531416 501008 0.20322 19.924 7.18932 19.924 7.18932 52239 0 0.0262664
84.3735 563272 528520 0.202216 20.9451 7.22223 20.9451 7.22223 52604 0 0.0255177
84.5757 593680 560376 0.203802 22.2252 7.25811 22.2252 7.25811 52992 0 0.0248798
84.7784 624088 590784 0.204231 23.3726 7.29664 23.3726 7.29664 53401 0 0.0242489
84.9813 658840 621192 0.20337 24.4865 7.33769 24.4865 7.33769 53830 0 0.0238819
85.1844 692144 655944 0.204814 25.8981 7.38194 25.8981 7.38194 54284 0 0.0235719
85.3884 724000 689248 0.205749 27.0819 7.42901 27.0819 7.42901 54761 0 0.0233092
85.5921 761648 721104 0.204078 28.3242 7.47873 28.3242 7.47873 55259 0 0.0233376
85.7958 800744 758752 0.204179 29.803 7.53172 29.803 7.53172 55783 0 0.0235104
86.0001 839840 797848 0.204755 31.2465 7.58805 31.2465 7.58805 56334 0 0.0238343
86.2053 873144 836944 0.20761 32.6805 7.64779 32.6805 7.64779 56913 0 0.0242981
86.4104 913688 870248 0.205667 33.9422 7.71021 33.9422 7.71021 57514 0 0.0251693
86.615 949888 910792 0.207289 35.6635 7.77625 35.6635 7.77625 58144 0 0.0258621
86.82 987536 946992 0.207587 37.0136 7.84528 37.0136 7.84528 58799 0 0.0270613
87.025 1032424 984640 0.205652 38.4263 7.91732 38.4263 7.91732 59479 0 0.0287118
87.2304 1078760 1029528 0.205977 40.1076 7.9931 40.1076 7.9931 60190 0 0.0306824
87.4368 1113512 1075864 0.209486 41.7492 8.07279 41.7492 8.07279 60934 0 0.0320441
87.644 1148264 1110616 0.210146 42.946 8.15522 42.946 8.15522 61702 0 0.0339384
87.8508 1185912 1145368 0.209714 44.3653 8.24046 44.3653 8.24046 62494 0 0.0360498
88.0572 1225008 1183016 0.209351 45.9017 8.32875 45.9017 8.32875 63312 0 0.0383566
88.264 1265552 1222112 0.209533 47.3341 8.42013 47.3341 8.42013 64157 0 0.0411323
88.4707 1316232 1262656 0.20736 48.875 8.51464 48.875 8.51464 65029 0 0.0449702
88.6783 1365464 1313336 0.208367 50.6014 8.61318 50.6014 8.61318 65936 0 0.0488885
88.8874 1397320 1362568 0.212394 52.1916 8.71569 52.1916 8.71569 66878 0 0.0517119
89.0971 1426280 1394424 0.21316 53.2574 8.82051 53.2574 8.82051 67842 0 0.0544802
89.3057 1461032 1423384 0.212008 54.6442 8.92755 54.6442 8.92755 68826 0 0.0574985
89.5141 1498680 1458136 0.211592 56.0092 9.0372 56.0092 9.0372 69834 0 0.061159
89.7224 1539224 1495784 0.211462 57.5202 9.14972 57.5202 9.14972 70868 0 0.0654148
89.9313 1578320 1536328 0.211927 58.874 9.26526 58.874 9.26526 71930 0 0.069768
90.1416 1611624 1575424 0.213009 59.9913 9.38359 59.9913 9.38359 73019 0 0.0738332
90.3514 5792 1608728 0.21354 60.1288 9.50142 60.1288 9.50142 74108 0 4.66036
90.5639 1371256 2896 0.225279 0.163583 9.47952 0.163583 9.47952 74111 0 3.38166
90.6044 1827376 1368360 0.168089 271.254 9.59661 271.254 9.59661 75060 0 0.408733
90.7207 1236592 1824480 0.149761 125.585 9.74532 125.585 9.74532 76321 0 0.710645
90.9214 884728 1233696 0.16954 49.1838 9.83236 49.1838 9.83236 77173 0 0.24874
91.0628 645808 881832 0.177954 49.8815 9.89456 49.8815 9.89456 77782 0 0.116629
91.3208 476392 642912 0.182958 19.9814 9.92306 19.9814 9.92306 78227 0 0.0669597
91.3968 337384 473496 0.162112 49.8015 9.95625 49.8015 9.95625 78554 0 0.050216
91.7161 254848 334488 0.191697 8.41773 9.95089 8.41773 9.95089 78786 0 0.0417321
91.9445 201272 251952 0.218619 8.87472 9.94822 8.87472 9.94822 78961 0 0.0479022
91.9914 160728 198376 0.225579 33.8653 9.9604 33.8653 9.9604 79098 0 0.0519769
92.4369 133216 159280 0.270846 2.86033 9.92618 2.86033 9.92618 79208 0 0.0706157
92.4889 110048 130320 0.252027 20.0587 9.93188 20.0587 9.93188 79298 0 0.0651355
92.7329 91224 107152 0.244265 3.51253 9.91498 3.51253 9.91498 79372 0 0.0639706
92.9673 75296 88328 0.234768 3.01419 9.89758 3.01419 9.89758 79433 0 0.062128
93.3974 63712 73848 0.255658 1.37358 9.85833 1.37358 9.85833 79484 0 0.0710312
93.6303 53576 62264 0.258857 2.13901 9.83913 2.13901 9.83913 79527 0 0.0733609
93.8776 46336 52128 0.273339 1.68638 9.81765 1.68638 9.81765 79563 0 0.0802397
93.9292 40544 43440 0.253616 6.73292 9.81596 6.73292 9.81596 79593 0 0.0730472
94.1795 34752 37648 0.25105 1.20332 9.79307 1.20332 9.79307 79619 0 0.0726447
94.4268 30408 31856 0.24806 1.03057 9.77012 1.03057 9.77012 79641 0 0.0720743
94.6723 27512 27512 0.24629 0.896569 9.74711 0.896569 9.74711 79660 0 0.0718379
95.1178 24616 26064 0.270835 0.468054 9.70365 0.468054 9.70365 79678 0 0.0817344
95.1647 21720 21720 0.254215 3.70263 9.70069 3.70263 9.70069 79693 0 0.0754512
95.6127 20272 20272 0.275364 0.361992 9.65694 0.361992 9.65694 79707 0 0.0842523
95.661 18824 17376 0.258903 2.88096 9.65352 2.88096 9.65352 79719 0 0.0777341
95.9089 17376 15928 0.252893 0.514034 9.6299 0.514034 9.6299 79730 0 0.0755305
96.1565 15928 14480 0.263019 0.467757 9.6063 0.467757 9.6063 79740 0 0.0796907
96.4044 17376 13032 0.271007 0.467304 9.5828 0.467304 9.5828 79750 0 0.0831496
96.6524 15928 14480 0.263354 0.513785 9.55953 0.513785 9.55953 79761 0 0.0798268
96.9007 17376 13032 0.25608 0.419963 9.53611 0.419963 9.53611 79770 0 0.0770731
97.1487 15928 14480 0.269072 0.467077 9.51296 0.467077 9.51296 79780 0 0.0821851
97.397 17376 13032 0.278985 0.4664 9.48989 0.4664 9.48989 79790 0 0.0865802
97.6452 15928 14480 0.268589 0.513536 9.46708 0.513536 9.46708 79801 0 0.0819834
97.8933 17376 13032 0.258795 0.420166 9.44415 0.420166 9.44415 79810 0 0.078145
98.1413 15928 14480 0.275617 0.467077 9.42147 0.467077 9.42147 79820 0 0.0849647
98.3898 17376 13032 0.288324 0.466174 9.39885 0.466174 9.39885 79830 0 0.0907574
98.6382 15928 14480 0.274839 0.51304 9.37647 0.51304 9.37647 79841 0 0.0846301
98.6394 17376 13032 0.262074 86.7643 9.37742 86.7643 9.37742 79850 0 0.0794595
98.8879 15928 14480 0.255507 0.512791 9.35514 0.512791 9.35514 79861 0 0.0766972
99.1365 17376 13032 0.252242 0.419354 9.33273 0.419354 9.33273 79870 0 0.0755827
99.3848 15928 14480 0.267202 0.4664 9.31057 0.4664 9.31057 79880 0 0.0814068
99.6335 17376 13032 0.278415 0.465949 9.2885 0.465949 9.2885 79890 0 0.0863309
99.8822 15928 14480 0.268428 0.512296 9.26665 0.512296 9.26665 79901 0 0.0819165
