0.240049 14480 0 0 0 0 0 0 0 0 0.0439727
0.28022 15928 13032 0.04 2.88373 0.41339 2.88373 0.41339 10 0 0.0390257
0.28046 18824 13032 0.04 96.4048 0.495643 96.4048 0.495643 12 0 0.0390369
0.2807 21720 15928 0.04 192.81 0.660292 192.81 0.660292 16 0 0.038734
0.280941 24616 18824 0.04 192.81 0.824658 192.81 0.824658 20 0 0.0384322
0.281181 27512 21720 0.040125 192.81 0.988744 192.81 0.988744 24 0 0.0381267
0.324679 30408 24616 0.0456094 1.06525 0.998993 1.06525 0.998993 28 0 0.0376394
0.324919 33304 27512 0.0454082 192.81 1.14086 192.81 1.14086 32 0 0.037347
0.325159 36200 30408 0.0453572 192.81 1.28252 192.81 1.28252 36 0 0.0370516
0.3254 39096 33304 0.0453125 192.81 1.42397 192.81 1.42397 40 0 0.0367571
0.32564 41992 36200 0.0452735 192.81 1.56521 192.81 1.56521 44 0 0.0364636
0.32588 44888 39096 0.0452393 192.81 1.70625 192.81 1.70625 48 0 0.0361712
0.326121 47784 41992 0.0453344 192.81 1.84707 192.81 1.84707 52 0 0.0358762
0.326361 50680 44888 0.0454176 192.81 1.98769 192.81 1.98769 56 0 0.0355828
0.326601 53576 47784 0.0453654 192.81 2.1281 192.81 2.1281 60 0 0.0352945
0.413362 56472 50680 0.0561947 0.53407 1.79353 0.53407 1.79353 64 0 0.0348062
0.413602 59368 53576 0.0602954 192.81 1.90452 192.81 1.90452 68 0 0.0345043
0.413842 62264 56472 0.0638834 192.81 2.01538 192.81 2.01538 72 0 0.0342331
0.414082 65160 59368 0.067148 192.81 2.12611 192.81 2.12611 76 0 0.0339841
0.414323 68056 62264 0.0700045 192.81 2.23671 192.81 2.23671 80 0 0.0337492
0.414563 70952 65160 0.0723789 192.81 2.34718 192.81 2.34718 84 0 0.0335197
0.414803 73848 68056 0.0744566 192.81 2.45753 192.81 2.45753 88 0 0.033294
0.415044 76744 70952 0.0763995 192.81 2.56775 192.81 2.56775 92 0 0.0330736
0.415284 79640 73848 0.0780996 192.81 2.67784 192.81 2.67784 96 0 0.0328532
0.415524 82536 76744 0.0795871 192.81 2.7878 192.81 2.7878 100 0 0.0326314
0.415765 85432 79640 0.0808887 192.81 2.89764 192.81 2.89764 104 0 0.0324073
0.416005 88328 82536 0.0821526 192.81 3.00735 192.81 3.00735 108 0 0.0321862
0.416245 91224 85432 0.0832586 192.81 3.11693 192.81 3.11693 112 0 0.0319621
0.416486 94120 88328 0.0841012 192.81 3.22639 192.81 3.22639 116 0 0.0317289
0.416726 97016 91224 0.0848386 192.81 3.33572 192.81 3.33572 120 0 0.0314931
0.416966 99912 94120 0.0854838 192.81 3.44492 192.81 3.44492 124 0 0.0312548
0.417207 102808 97016 0.0861733 192.81 3.554 192.81 3.554 128 0 0.0310209
0.417447 105704 99912 0.0867766 192.81 3.66295 192.81 3.66295 132 0 0.0307845
0.564291 108600 102808 0.10568 0.315545 2.79186 0.315545 2.79186 136 0 0.031887
0.564532 111496 105704 0.111345 192.81 2.87275 192.81 2.87275 140 0 0.0321706
0.564772 114392 108600 0.116302 192.81 2.95357 192.81 2.95357 144 0 0.0324395
0.565012 117288 111496 0.120764 192.81 3.03433 192.81 3.03433 148 0 0.0326983
0.565253 120184 114392 0.124668 192.81 3.11501 192.81 3.11501 152 0 0.0329256
0.565493 123080 117288 0.128085 192.81 3.19563 192.81 3.19563 156 0 0.033118
0.565733 125976 120184 0.131074 192.81 3.27617 192.81 3.27617 160 0 0.033274
0.565974 128872 123080 0.133565 192.81 3.35665 192.81 3.35665 164 0 0.0333754
0.566214 131768 125976 0.135869 192.81 3.43706 192.81 3.43706 168 0 0.0334622
0.568617 133216 128872 0.14828 106.045 3.87072 106.045 3.87072 190 0 0.0352317
0.57102 134664 130320 0.152519 101.225 4.28045 101.225 4.28045 211 0 0.0358703
0.731438 136112 131768 0.172281 1.51644 3.67425 1.51644 3.67425 232 0 0.0397901
0.733842 137560 133216 0.168908 101.225 3.99371 101.225 3.99371 253 0 0.038917
0.736245 139008 134664 0.169085 101.225 4.31109 101.225 4.31109 274 0 0.0388287
0.738648 140456 136112 0.169022 101.225 4.6264 101.225 4.6264 295 0 0.0386884
0.741051 141904 137560 0.169131 101.225 4.93966 101.225 4.93966 316 0 0.0385858
0.912399 143352 139008 0.18479 1.41971 4.27862 1.41971 4.27862 337 0 0.0421227
0.914802 144800 140456 0.181489 101.225 4.5333 101.225 4.5333 358 0 0.0411841
0.917206 146248 141904 0.180735 101.225 4.78664 101.225 4.78664 379 0 0.0408761
0.919609 147696 143352 0.180681 101.225 5.03866 101.225 5.03866 400 0 0.0407381
0.922012 149144 144800 0.180705 101.225 5.28937 101.225 5.28937 421 0 0.0406191
1.10586 150592 146248 0.188932 1.3232 4.63001 1.3232 4.63001 442 0 0.0425483
1.10826 152040 147696 0.192382 101.225 4.83947 101.225 4.83947 463 0 0.0433257
1.11066 153488 149144 0.193099 101.225 5.04803 101.225 5.04803 484 0 0.0433921
1.11307 154936 150592 0.193552 101.225 5.25568 101.225 5.25568 505 0 0.0433893
1.11547 156384 152040 0.193654 101.225 5.46244 101.225 5.46244 526 0 0.0432932
1.31157 157832 153488 0.211422 1.2405 4.83119 1.2405 4.83119 547 0 0.0482355
1.31397 159280 154936 0.207543 101.225 5.00749 101.225 5.00749 568 0 0.0469531
1.31482 157832 156384 0.207181 123.853 5.08358 123.853 5.08358 577 0 0.0467241
1.31494 156927 156384 0.207181 96.4048 5.09192 0 5.08311 578 1 0.0467218
1.31506 156475 154936 0.207181 0 5.09146 0 5.08265 578 1 0.0468431
1.31518 156022 154936 0.207181 96.4048 5.0998 0 5.08218 579 2 0.0468431
1.3153 155570 153488 0.207181 0 5.09933 0 5.08172 579 2 0.0469658
1.31542 155117 153488 0.207181 96.4048 5.10767 0 5.08126 580 3 0.0469658
1.31554 154665 153488 0.207181 96.4048 5.11601 0 5.08079 581 4 0.0469658
1.31566 154212 152040 0.207181 0 5.11555 0 5.08033 581 4 0.0470888
1.31578 153760 152040 0.207181 96.4048 5.12388 0 5.07986 582 5 0.0470888
1.3159 153307 152040 0.207181 96.4048 5.13222 0 5.0794 583 6 0.0470888
1.31602 152855 150592 0.207181 0 5.13175 0 5.07894 583 6 0.0472121
1.31614 152402 150592 0.207181 96.4048 5.14008 0 5.07847 584 7 0.0472121
1.31626 151950 150592 0.207181 96.4048 5.14841 0 5.07801 585 8 0.0472121
1.31638 151497 149144 0.207181 0 5.14794 0 5.07755 585 8 0.0473357
1.3165 151045 149144 0.207181 96.4048 5.15627 0 5.07708 586 9 0.0473357
1.31662 150592 149144 0.207181 96.4048 5.1646 0 5.07662 587 10 0.0473357
1.31674 150140 149144 0.207181 96.4048 5.17293 0 5.07616 588 11 0.0473357
1.31686 149687 147696 0.207181 0 5.17246 0 5.07569 588 11 0.0474596
1.31698 149235 147696 0.207181 95.8845 5.18078 0 5.07523 589 12 0.0474596
1.3171 148782 147696 0.207181 96.4048 5.1891 0 5.07476 590 13 0.0474596
1.31722 146882 144800 0.207181 0 5.18863 0 5.0743 590 13 0.0477143
1.31734 146429 144800 0.207181 96.4048 5.19695 0 5.07384 591 14 0.0477083
1.31746 145977 144800 0.207181 96.4048 5.20526 0 5.07337 592 15 0.0477083
1.31758 145524 143352 0.207181 0 5.20479 0 5.07291 592 15 0.0478331
1.3177 145072 143352 0.207181 96.4048 5.21311 0 5.07245 593 16 0.0478331
1.31782 144619 143352 0.207181 96.4048 5.22142 0 5.07199 594 17 0.0478331
1.31794 141904 141904 0.207181 0 5.22095 0 5.07152 594 17 0.0479709
1.31806 140456 140456 0.207181 0 5.22047 0 5.07106 594 17 0.0480869
1.31818 139008 139008 0.207181 0 5.21999 0 5.0706 594 17 0.0482126
1.3183 137560 137560 0.207181 0 5.21952 0 5.07014 594 17 0.0483385
1.31842 136112 136112 0.207181 0 5.21904 0 5.06968 594 17 0.0484648
1.31854 134664 134664 0.207181 0 5.21857 0 5.06921 594 17 0.0485914
1.31866 133216 133216 0.207181 0 5.21809 0 5.06875 594 17 0.0487182
1.31878 131768 131768 0.207181 0 5.21762 0 5.06829 594 17 0.0488454
1.3189 130320 130320 0.207181 0 5.21714 0 5.06783 594 17 0.0489729
1.31902 128872 128872 0.207181 0 5.21666 0 5.06737 594 17 0.0491006
1.31914 127424 127424 0.207181 0 5.21619 0 5.0669 594 17 0.0492287
1.31926 125976 125976 0.207181 0 5.21571 0 5.06644 594 17 0.0493571
1.31938 124528 124528 0.207181 0 5.21524 0 5.06598 594 17 0.0494857
1.3195 123080 123080 0.207181 0 5.21476 0 5.06552 594 17 0.0496147
1.31962 120184 120184 0.207181 0 5.21429 0 5.06506 594 17 0.0498847
1.31974 118736 118736 0.207181 0 5.21381 0 5.0646 594 17 0.0500033
1.31986 117288 117288 0.207181 0 5.21334 0 5.06413 594 17 0.0501335
1.31998 115840 115840 0.207181 0 5.21286 0 5.06367 594 17 0.0502639
1.3201 114392 114392 0.207181 0 5.21239 0 5.06321 594 17 0.0503947
1.32022 112944 112944 0.207181 0 5.21191 0 5.06275 594 17 0.0505257
1.32034 111496 111496 0.207181 0 5.21144 0 5.06229 594 17 0.0506571
1.32203 110048 108600 0.207181 89.5187 5.31872 0 5.05585 607 30 0.0509207
1.50827 111496 108600 0.207181 2.86105 5.01524 0 4.43153 653 76 0.0509207
1.51188 112944 110048 0.207181 99.6724 5.24081 0 4.42097 684 107 0.0507887
1.65343 114392 110048 0.166929 1.9641 4.96029 1.9641 4.21064 708 107 0.0405603
1.65655 115840 111496 0.151336 100.113 5.13974 100.113 4.39151 735 107 0.0373371
1.80603 117288 112944 0.149288 2.55736 4.92601 2.55736 4.2397 768 107 0.0368359
1.80651 118736 114392 0.150627 120.506 4.95676 120.506 4.27063 773 107 0.0369457
1.80963 120184 115840 0.154325 100.113 5.12104 100.113 4.4361 800 107 0.0374989
1.81468 121632 117288 0.155166 98.7001 5.38128 98.7001 4.69825 843 107 0.0375279
1.96825 123080 118736 0.158784 1.58412 5.08502 1.58412 4.45528 864 107 0.0380993
1.97161 124528 120184 0.160754 99.8478 5.24673 99.8478 4.61807 893 107 0.0383626
2.1313 125976 121632 0.161697 3.26427 5.09819 3.26427 4.51663 938 107 0.038424
2.13202 127424 123080 0.162582 112.472 5.1345 112.472 4.55314 945 107 0.0384756
2.13731 128872 124528 0.164638 98.5958 5.3657 98.5958 4.78577 990 107 0.0387726
2.29941 130320 125976 0.165141 2.64416 5.17384 2.64416 4.6348 1027 107 0.0387494
2.30133 131768 127424 0.167316 102.43 5.25509 102.43 4.7165 1044 107 0.0390832
2.30686 133216 128872 0.168276 98.5005 5.47851 98.5005 4.94121 1091 107 0.039162
2.47196 134664 130320 0.184852 2.17507 5.25788 2.17507 4.75646 1122 107 0.0428987
2.47748 136112 131768 0.173249 98.5005 5.46591 98.5005 4.96561 1169 107 0.0400085
2.64763 137560 133216 0.173037 2.92755 5.30278 2.92755 4.83463 1212 107 0.0398333
2.64907 139008 134664 0.174952 104.439 5.35674 104.439 4.88885 1225 107 0.0401431
2.65484 140456 136112 0.176256 98.4132 5.55891 98.4132 5.09203 1274 107 0.040318
2.82679 141904 137560 0.176663 2.35791 5.3642 2.35791 4.92572 1309 107 0.0402865
2.83232 143352 139008 0.179393 98.5005 5.54596 98.5005 5.10833 1356 107 0.040805
3.00979 144800 140456 0.201014 3.3288 5.41522 3.3288 5.0034 1407 107 0.0463096
3.01388 146248 141904 0.185037 99.2402 5.5424 99.2402 5.13114 1442 107 0.0419336
3.19604 147696 143352 0.205392 4.13345 5.4621 4.13345 5.07428 1507 107 0.0473131
3.20661 149144 144800 0.186825 97.5003 5.7656 97.5003 5.37906 1596 107 0.0421339
3.38998 150592 146248 0.191091 3.22192 5.62801 3.22192 5.26238 1647 107 0.0431098
3.57803 152040 147696 0.212393 4.00403 5.54266 4.00403 5.19625 1712 107 0.0490244
3.58932 153488 149144 0.192913 97.4304 5.83182 97.4304 5.48649 1807 107 0.0433426
3.78518 154936 150592 0.195809 6.32841 5.85752 6.32841 5.53006 1914 107 0.0439973
3.98345 156384 152040 0.198305 6.2517 5.87713 6.2517 5.56598 2021 107 0.0445582
4.18436 157832 153488 0.20092 6.28476 5.89671 6.28476 5.60049 2130 107 0.0451654
4.58124 159280 154936 0.227444 3.47326 5.68676 3.47326 5.4162 2249 107 0.0532218
4.7878 156384 154936 0.229764 6.33724 5.71482 6.33724 5.45593 2362 107 0.0540152
4.78792 155479 154936 0.229764 96.4048 5.71709 0 5.4558 2363 108 0.0540017
4.78804 155027 153488 0.229764 0 5.71695 0 5.45566 2363 108 0.0541234
4.78816 154574 153488 0.229764 96.4048 5.71923 0 5.45552 2364 109 0.0541234
4.78828 154122 152040 0.229764 0 5.71908 0 5.45539 2364 109 0.0542463
4.7884 153669 152040 0.229764 96.4048 5.72136 0 5.45525 2365 110 0.0542463
4.78852 153217 152040 0.229764 96.4048 5.72363 0 5.45511 2366 111 0.0542463
4.78864 152764 150592 0.229764 0 5.72349 0 5.45498 2366 111 0.0543696
4.78876 152312 150592 0.229764 96.4048 5.72577 0 5.45484 2367 112 0.0543696
4.78888 151859 150592 0.229764 96.4048 5.72804 0 5.4547 2368 113 0.0543696
4.789 151407 149144 0.229764 0 5.7279 0 5.45456 2368 113 0.0544932
4.78912 150954 149144 0.229764 96.4048 5.73017 0 5.45443 2369 114 0.0544932
4.78924 150502 149144 0.229764 96.4048 5.73245 0 5.45429 2370 115 0.0544932
4.78936 150049 147696 0.229764 0 5.7323 0 5.45415 2370 115 0.0546171
4.78948 149597 147696 0.229764 96.4048 5.73458 0 5.45402 2371 116 0.0546171
4.7896 149144 147696 0.229764 96.4048 5.73685 0 5.45388 2372 117 0.0546171
4.78972 148692 147696 0.229764 96.4048 5.73913 0 5.45374 2373 118 0.0546171
4.78984 148239 146248 0.229764 0 5.73898 0 5.45361 2373 118 0.0547413
4.78996 147787 146248 0.229764 96.4048 5.74126 0 5.45347 2374 119 0.0547413
4.79008 147334 146248 0.229764 96.4048 5.74353 0 5.45333 2375 120 0.0547413
4.7902 146882 144800 0.229764 0 5.74339 0 5.4532 2375 120 0.0548658
4.79032 146429 144800 0.229764 96.4048 5.74566 0 5.45306 2376 121 0.0548658
4.79044 145977 144800 0.229764 96.4048 5.74794 0 5.45292 2377 122 0.0548658
4.79056 145524 143352 0.229764 0 5.74779 0 5.45279 2377 122 0.0549906
4.79068 145072 143352 0.229764 96.4048 5.75007 0 5.45265 2378 123 0.0549906
4.7908 144619 143352 0.229764 96.4048 5.75234 0 5.45251 2379 124 0.0549906
4.79092 141904 141904 0.229764 0 5.7522 0 5.45238 2379 124 0.0551284
4.79104 140456 140456 0.229764 0 5.75205 0 5.45224 2379 124 0.0552444
4.79116 139008 139008 0.229764 0 5.75191 0 5.4521 2379 124 0.0553701
4.79128 137560 137560 0.229764 0 5.75176 0 5.45197 2379 124 0.055496
4.79141 136112 136112 0.229764 0 5.75162 0 5.45183 2379 124 0.0556223
4.79153 134664 134664 0.229764 0 5.75147 0 5.45169 2379 124 0.0557489
4.79165 133216 133216 0.229764 0 5.75133 0 5.45156 2379 124 0.0558758
4.79177 131768 131768 0.229764 0 5.75119 0 5.45142 2379 124 0.0560029
4.79189 130320 130320 0.229764 0 5.75104 0 5.45128 2379 124 0.0561304
4.79201 128872 128872 0.229764 0 5.7509 0 5.45115 2379 124 0.0562582
4.79213 127424 127424 0.229764 0 5.75075 0 5.45101 2379 124 0.0563862
4.79225 125976 125976 0.229764 0 5.75061 0 5.45087 2379 124 0.0565146
4.79237 124528 124528 0.229764 0 5.75047 0 5.45074 2379 124 0.0566432
4.79249 123080 123080 0.229764 0 5.75032 0 5.4506 2379 124 0.0567722
4.79261 121632 121632 0.229764 0 5.75018 0 5.45046 2379 124 0.0569015
4.79273 120184 120184 0.229764 0 5.75003 0 5.45033 2379 124 0.057031
4.79285 118736 118736 0.229764 0 5.74989 0 5.45019 2379 124 0.0571609
4.79297 117288 117288 0.229764 0 5.74974 0 5.45005 2379 124 0.057291
4.79309 115840 115840 0.229764 0 5.7496 0 5.44992 2379 124 0.0574215
4.79321 114392 114392 0.229764 0 5.74946 0 5.44978 2379 124 0.0575522
4.79333 112944 112944 0.229764 0 5.74931 0 5.44964 2379 124 0.0576833
4.79345 111496 111496 0.229764 0 5.74917 0 5.44951 2379 124 0.0578146
4.93656 112944 110048 0.229764 4.93763 5.72564 0 5.29153 2440 185 0.0579462
4.94112 114392 110048 0.152171 96.4048 5.80944 96.4048 5.37572 2478 185 0.0376219
5.08255 115840 111496 0.16293 2.86675 5.72755 2.86675 5.30591 2513 185 0.0395894
5.08279 117288 112944 0.160814 144.607 5.73412 144.607 5.31249 2516 185 0.0390269
5.08303 118736 114392 0.159087 144.607 5.74069 144.607 5.31908 2519 185 0.0385507
5.23059 120184 115840 0.164358 5.88791 5.74484 5.88791 5.33513 2594 185 0.0394922
5.23083 121632 117288 0.162313 144.607 5.75122 144.607 5.34153 2597 185 0.0389392
5.23972 123080 118736 0.148643 97.7076 5.90727 97.7076 5.49827 2672 185 0.0361987
5.38524 124528 120184 0.150441 3.42313 5.84015 3.42313 5.4422 2715 185 0.0363909
5.39052 125976 121632 0.150617 98.5958 5.93112 98.5958 5.53356 2760 185 0.0362932
5.53592 127424 123080 0.155476 2.31053 5.83603 2.31053 5.44892 2789 185 0.0370682
5.5412 128872 124528 0.15261 98.5958 5.92454 98.5958 5.53779 2834 185 0.0364
5.68864 130320 125976 0.161602 2.43565 5.83411 2.43565 5.45739 2865 185 0.0380178
5.69296 131768 127424 0.155022 99.0827 5.90497 99.0827 5.52853 2902 185 0.0365956
5.69753 133216 128872 0.154705 98.9418 5.97953 98.9418 5.60339 2941 185 0.0364075
5.84689 134664 130320 0.158973 2.4043 5.8882 2.4043 5.52167 2972 185 0.0371062
5.85242 136112 131768 0.156889 98.5005 5.97567 98.5005 5.60949 3019 185 0.0365707
6.00358 137560 133216 0.157852 2.5289 5.88888 2.5289 5.53192 3052 185 0.0366311
6.00911 139008 134664 0.158482 98.5005 5.97407 98.5005 5.61744 3099 185 0.0366278
6.16219 140456 136112 0.158819 2.64848 5.89145 2.64848 5.54368 3134 185 0.0365678
6.16772 141904 137560 0.160427 98.5005 5.97445 98.5005 5.62699 3181 185 0.0367619
6.32429 143352 139008 0.160855 3.77333 5.91996 3.77333 5.5811 3232 185 0.036722
6.33005 144800 140456 0.162335 98.4132 6.00423 98.4132 5.66568 3281 185 0.036897
6.4883 146248 141904 0.162439 3.73322 5.94884 3.73322 5.61855 3332 185 0.0367931
6.654 147696 143352 0.16451 7.06083 5.97653 7.06083 5.65446 3433 185 0.0370964
6.65424 149144 144800 0.164696 144.607 5.98154 144.607 5.65948 3436 185 0.0370106
6.66458 150592 146248 0.165978 97.5258 6.12348 97.5258 5.80193 3523 185 0.0371563
6.83232 152040 147696 0.167798 7.25108 6.15117 7.25108 5.8375 3628 185 0.0374211
7.00103 153488 149144 0.168729 7.20976 6.17668 7.20976 5.87057 3733 185 0.0374987
7.17105 154936 150592 0.170042 7.28997 6.20307 7.28997 5.90423 3840 185 0.0376625
7.34252 156384 152040 0.171222 7.36379 6.23018 7.36379 5.93831 3949 185 0.0378003
7.67633 157832 153488 0.172367 4.12965 6.13884 4.12965 5.85966 4068 185 0.0379333
8.02503 159280 154936 0.194577 7.20877 6.18533 7.20877 5.91828 4285 185 0.0432952
10.7009 160728 156384 0.180526 7.13869 6.42372 7.13869 6.22346 5934 185 0.0395884
11.0632 162176 157832 0.202359 7.06649 6.44477 7.06649 6.25106 6155 185 0.0452059
11.2447 163624 159280 0.202521 7.08202 6.45506 7.08202 6.26448 6266 185 0.0451301
11.4271 165072 160728 0.181918 7.17638 6.46658 7.17638 6.27904 6379 185 0.0395605
11.6101 166520 162176 0.203964 7.15282 6.47739 7.15282 6.29281 6492 185 0.045301
11.7936 167968 163624 0.183209 7.26035 6.48957 7.26035 6.30786 6607 185 0.0396349
11.9777 169416 165072 0.20501 7.23665 6.50106 7.23665 6.32214 6722 185 0.0453617
11.9779 170864 166520 0.202384 144.607 6.50383 144.607 6.32491 6725 185 0.0444866
12.1629 172312 167968 0.184391 7.20374 6.51447 7.20374 6.33827 6840 185 0.0395665
12.1739 173760 169416 0.185255 97.4527 6.59705 97.4527 6.42101 6933 185 0.0396625
12.3489 175208 170864 0.185473 1.78773 6.52891 1.78773 6.35537 6960 185 0.0395977
12.3573 176656 172312 0.186256 97.782 6.59102 97.782 6.4176 7031 185 0.0396758
12.5361 178104 173760 0.186513 3.3042 6.54414 3.3042 6.37319 7082 185 0.0396218
12.5363 179552 175208 0.186699 144.607 6.54679 144.607 6.37584 7085 185 0.0395504
12.7245 181000 176656 0.187556 7.4489 6.56013 7.4489 6.39171 7206 185 0.0396501
12.7247 182448 178104 0.187611 144.607 6.56274 144.607 6.39432 7209 185 0.0395464
12.9142 183896 179552 0.188732 7.51921 6.57677 7.51921 6.41083 7332 185 0.039716
12.9145 185344 181000 0.188891 144.607 6.57934 144.607 6.4134 7335 185 0.0396395
12.9147 186792 182448 0.189029 144.607 6.58191 144.607 6.41597 7338 185 0.0395582
13.1053 188240 183896 0.190105 7.47654 6.59492 7.47654 6.43139 7461 185 0.0397202
13.1055 189688 185344 0.190217 144.607 6.59745 144.607 6.43393 7464 185 0.0396329
13.1058 191136 186792 0.190315 144.607 6.59998 144.607 6.43646 7467 185 0.0395423
13.1096 192584 188240 0.191356 99.4174 6.6272 99.4174 6.46373 7500 185 0.039699
13.2979 194032 189688 0.21366 5.72154 6.61438 5.72154 6.45322 7593 185 0.0459404
13.2981 195480 191136 0.211077 144.607 6.61687 144.607 6.45572 7596 185 0.0450382
13.2984 196928 192584 0.208818 144.607 6.61937 144.607 6.45822 7599 185 0.0442456
13.4926 198376 194032 0.215736 7.69568 6.63486 7.69568 6.47603 7728 185 0.046238
13.4928 199824 195480 0.213144 144.607 6.63732 144.607 6.47849 7731 185 0.045323
13.493 201272 196928 0.210876 144.607 6.63977 144.607 6.48095 7734 185 0.0445194
13.4933 202720 198376 0.208892 144.607 6.64223 144.607 6.48341 7737 185 0.0438108
13.6894 204168 199824 0.195308 7.73837 6.65793 7.73837 6.50138 7868 185 0.0398368
13.6896 205616 201272 0.195519 144.607 6.66035 144.607 6.50381 7871 185 0.039781
13.6899 207064 202720 0.195705 144.607 6.66278 144.607 6.50623 7874 185 0.0397183
13.6901 208512 204168 0.195866 144.607 6.6652 144.607 6.50866 7877 185 0.0396497
13.6903 209960 205616 0.196008 144.607 6.66762 144.607 6.51108 7880 185 0.039576
13.8879 211408 207064 0.197333 7.79917 6.68371 7.79917 6.5294 8013 185 0.0398262
13.8881 212856 208512 0.197541 144.607 6.6861 144.607 6.53179 8016 185 0.0397718
13.8884 214304 209960 0.197724 144.607 6.68849 144.607 6.53418 8019 185 0.0397106
13.8886 215752 211408 0.197883 144.607 6.69087 144.607 6.53657 8022 185 0.0396435
13.8915 217200 212856 0.198927 100.422 6.71033 100.422 6.55606 8047 185 0.0398216
14.0888 218648 214304 0.222163 6.75186 6.71091 6.75186 6.5588 8162 185 0.0467075
14.089 220096 215752 0.219643 144.607 6.71327 144.607 6.56116 8165 185 0.0457862
14.0893 221544 217200 0.217313 144.607 6.71562 144.607 6.56351 8168 185 0.0449377
14.0895 222992 218648 0.215274 144.607 6.71797 144.607 6.56587 8171 185 0.0441908
14.0897 224440 220096 0.213489 144.607 6.72032 144.607 6.56822 8174 185 0.0435306
14.2926 225888 221544 0.202001 8.16699 6.74085 8.16699 6.59091 8317 185 0.0400269
14.2928 227336 222992 0.202251 144.607 6.74317 144.607 6.59323 8320 185 0.0399893
14.2931 228784 224440 0.20247 144.607 6.74549 144.607 6.59555 8323 185 0.0399431
14.2933 230232 225888 0.202661 144.607 6.74781 144.607 6.59787 8326 185 0.0398896
14.3027 231680 227336 0.204502 97.6408 6.80737 97.6408 6.65753 8405 185 0.0403105
14.4985 233128 228784 0.227874 4.19923 6.77213 4.19923 6.62432 8476 185 0.0475038
14.4988 234576 230232 0.22514 144.607 6.77442 144.607 6.62661 8479 185 0.0464861
14.4994 233128 231680 0.222872 134.674 6.77973 134.674 6.63193 8486 185 0.0456355
14.4995 232228 231680 0.222872 96.4048 6.78047 0 6.63187 8487 186 0.0456332
14.4996 230330 228784 0.222872 0 6.78042 0 6.63182 8487 186 0.0458522
14.4997 229879 228784 0.222872 96.4048 6.78116 0 6.63176 8488 187 0.0458462
14.4999 227981 225888 0.222872 0 6.7811 0 6.63171 8488 187 0.0460675
14.5 227531 225888 0.222872 96.4048 6.78185 0 6.63165 8489 188 0.0460615
14.5001 227080 225888 0.222872 96.4048 6.78259 0 6.6316 8490 189 0.0460615
14.5002 226630 224440 0.222872 0 6.78253 0 6.63154 8490 189 0.0461695
14.5003 226180 224440 0.222872 96.4048 6.78327 0 6.63149 8491 190 0.0461695
14.5005 225730 224440 0.222872 96.4048 6.78402 0 6.63143 8492 191 0.0461695
14.5006 225279 222992 0.222872 0 6.78396 0 6.63138 8492 191 0.0462779
14.5007 224829 222992 0.222872 96.4048 6.7847 0 6.63132 8493 192 0.0462779
14.5008 224379 222992 0.222872 96.4048 6.78545 0 6.63127 8494 193 0.0462779
14.5009 223928 221544 0.222872 0 6.78539 0 6.63121 8494 193 0.0463866
14.5011 223478 221544 0.222872 96.4048 6.78613 0 6.63116 8495 194 0.0463866
14.5012 223028 221544 0.222872 96.4048 6.78687 0 6.6311 8496 195 0.0463866
14.5013 222578 221544 0.222872 96.4048 6.78762 0 6.63105 8497 196 0.0463866
14.5014 222127 220096 0.222872 0 6.78756 0 6.63099 8497 196 0.0464956
14.5015 220096 220096 0.222872 96.4048 6.7883 0 6.63094 8498 197 0.0465026
14.5017 218648 218648 0.222872 0 6.78825 0 6.63088 8498 197 0.0466082
14.5018 217200 217200 0.222872 0 6.78819 0 6.63083 8498 197 0.0467178
14.5019 215752 215752 0.222872 0 6.78814 0 6.63077 8498 197 0.0468277
14.502 214304 214304 0.222872 0 6.78808 0 6.63072 8498 197 0.0469378
14.5021 212856 212856 0.222872 0 6.78802 0 6.63066 8498 197 0.0470483
14.5023 211408 211408 0.222872 0 6.78797 0 6.63061 8498 197 0.0471591
14.5024 209960 209960 0.222872 0 6.78791 0 6.63055 8498 197 0.0472701
14.5025 208512 208512 0.222872 0 6.78785 0 6.6305 8498 197 0.0473815
14.5026 207064 207064 0.222872 0 6.7878 0 6.63044 8498 197 0.0474932
14.5027 205616 205616 0.222872 0 6.78774 0 6.63039 8498 197 0.0476051
14.5029 204168 204168 0.222872 0 6.78769 0 6.63033 8498 197 0.0477174
14.503 202720 202720 0.222872 0 6.78763 0 6.63028 8498 197 0.04783
14.5031 201272 201272 0.222872 0 6.78757 0 6.63022 8498 197 0.0479428
14.5032 199824 199824 0.222872 0 6.78752 0 6.63017 8498 197 0.048056
14.5033 198376 198376 0.222872 0 6.78746 0 6.63011 8498 197 0.0481694
14.5035 196928 196928 0.222872 0 6.7874 0 6.63006 8498 197 0.0482832
14.5036 195936 195480 0.222872 0 6.78735 0 6.63 8498 197 0.0483952
14.5037 194032 194032 0.222872 0 6.78729 0 6.62995 8498 197 0.0485143
14.5038 192584 192584 0.222872 0 6.78724 0 6.62989 8498 197 0.0486262
14.5039 191136 191136 0.222872 0 6.78718 0 6.62984 8498 197 0.0487411
14.5041 189688 189688 0.222872 0 6.78712 0 6.62978 8498 197 0.0488564
14.5042 188240 188240 0.222872 0 6.78707 0 6.62973 8498 197 0.0489719
14.5043 186792 186792 0.222872 0 6.78701 0 6.62967 8498 197 0.0490878
14.5044 185344 185344 0.222872 0 6.78695 0 6.62962 8498 197 0.0492039
14.5045 183896 183896 0.222872 0 6.7869 0 6.62956 8498 197 0.0493203
14.5047 182448 182448 0.222872 0 6.78684 0 6.62951 8498 197 0.0494371
14.5048 181000 181000 0.222872 0 6.78679 0 6.62945 8498 197 0.0495541
14.5049 179552 179552 0.222872 0 6.78673 0 6.6294 8498 197 0.0496714
14.505 178104 178104 0.222872 0 6.78667 0 6.62934 8498 197 0.049789
14.5051 176656 176656 0.222872 0 6.78662 0 6.62929 8498 197 0.049907
14.5053 175208 175208 0.222872 0 6.78656 0 6.62924 8498 197 0.0500252
14.5054 173760 173760 0.222872 0 6.7865 0 6.62918 8498 197 0.0501437
14.5055 172312 172312 0.222872 0 6.78645 0 6.62913 8498 197 0.0502625
14.5056 170864 170864 0.222872 0 6.78639 0 6.62907 8498 197 0.0503816
14.5057 169744 169416 0.222872 0 6.78634 0 6.62902 8498 197 0.0504996
14.5059 167968 167968 0.222872 0 6.78628 0 6.62896 8498 197 0.0506226
14.506 166520 166520 0.222872 0 6.78622 0 6.62891 8498 197 0.0507408
14.5061 165072 165072 0.222872 0 6.78617 0 6.62885 8498 197 0.0508611
14.5062 163624 163624 0.222872 0 6.78611 0 6.6288 8498 197 0.0509817
14.5092 162176 160728 0.222872 92.5486 6.80387 0 6.62742 8522 221 0.0512238
14.699 163624 160728 0.222872 4.64013 6.77594 0 6.54188 8598 297 0.0512238
14.7033 165072 162176 0.222872 99.1276 6.8031 0 6.53995 8635 334 0.0511026
14.7071 166520 162176 0.197629 96.4048 6.82652 96.4048 6.56345 8667 334 0.043517
14.8439 167968 163624 0.210999 2.965 6.79095 2.965 6.5303 8702 334 0.0472549
14.8477 169416 165072 0.153954 99.4174 6.81494 99.4174 6.55435 8735 334 0.033161
14.8547 170864 166520 0.146593 98.0669 6.85775 98.0669 6.59729 8794 334 0.0317117
14.9929 172312 167968 0.163515 2.09576 6.81386 2.09576 6.5558 8819 334 0.0348088
14.9962 173760 169416 0.151487 99.8478 6.83473 99.8478 6.57673 8848 334 0.0323436
15.001 175208 170864 0.149632 98.8149 6.8642 98.8149 6.60628 8889 334 0.0318881
15.1456 176656 172312 0.149878 4.08699 6.8377 4.08699 6.58224 8940 334 0.0318133
15.1461 178104 173760 0.15061 120.506 6.8413 120.506 6.58585 8945 334 0.0318265
15.1497 179552 175208 0.152628 99.6183 6.86338 99.6183 6.60799 8976 334 0.0320779
15.1547 181000 176656 0.152977 98.7001 6.89396 98.7001 6.63866 9019 334 0.0320244
15.3013 182448 178104 0.170905 3.55591 6.86198 3.55591 6.60912 9064 334 0.0355616
15.3028 183896 179552 0.162689 104.439 6.87118 104.439 6.61834 9077 334 0.0336891
15.3078 185344 181000 0.156592 98.7001 6.90145 98.7001 6.6487 9120 334 0.0323568
15.3155 186792 182448 0.156475 97.9111 6.94715 97.9111 6.69453 9185 334 0.0322171
15.4627 188240 183896 0.163953 1.96744 6.89974 1.96744 6.64953 9210 334 0.0335993
15.4665 189688 185344 0.160288 99.4174 6.92275 99.4174 6.67259 9243 334 0.0327343
15.4718 191136 186792 0.159692 98.5958 6.95407 98.5958 6.704 9288 334 0.0324988
15.6229 192584 188240 0.178103 2.6843 6.91279 2.6843 6.66514 9323 334 0.0363929
15.6258 194032 189688 0.165763 100.422 6.93005 100.422 6.68244 9348 334 0.0335149
15.631 195480 191136 0.162939 98.5958 6.96105 98.5958 6.71353 9393 334 0.0328102
15.7887 196928 192584 0.163318 4.77615 6.93924 4.77615 6.69419 9458 334 0.0327734
15.7889 198376 194032 0.163653 144.607 6.94133 144.607 6.69629 9461 334 0.0327281
15.7937 199824 195480 0.16597 98.8149 6.96929 98.8149 6.72432 9502 334 0.0330996
15.8021 201272 196928 0.166316 97.782 7.01763 97.782 6.77279 9573 334 0.0330589
15.959 202720 198376 0.176413 2.58557 6.97408 2.58557 6.73164 9608 334 0.035194
15.9645 204168 199824 0.169739 98.5005 7.00577 98.5005 6.76342 9655 334 0.0335713
15.9729 205616 201272 0.169339 97.782 7.05357 97.782 6.81135 9726 334 0.0333706
16.1343 207064 202720 0.174227 3.37381 7.01677 3.37381 6.77697 9773 334 0.0343504
16.14 208512 204168 0.17297 98.4132 7.04943 98.4132 6.80971 9822 334 0.0339523
16.3056 209960 205616 0.173349 4.12764 7.01976 4.12764 6.78248 9881 334 0.0339259
16.3087 211408 207064 0.175266 100.113 7.03759 100.113 6.80035 9908 334 0.0342522
16.3174 212856 208512 0.1759 97.7437 7.08569 97.7437 6.84857 9981 334 0.034287
16.4849 214304 209960 0.176898 3.527 7.04953 3.527 6.81482 10032 334 0.0344079
16.4938 215752 211408 0.17899 97.7076 7.0984 97.7076 6.86382 10107 334 0.0347904
16.6659 217200 212856 0.199726 4.6452 7.07307 4.6452 6.84092 10176 334 0.0400443
16.6726 218648 214304 0.182189 98.1263 7.10982 98.1263 6.87776 10233 334 0.0353407
16.8499 220096 215752 0.202668 6.07429 7.09892 6.07429 6.8693 10326 334 0.0406545
16.854 221544 217200 0.186293 99.2402 7.12126 99.2402 6.89169 10361 334 0.0361405
17.0365 222992 218648 0.205692 7.42552 7.12451 7.42552 6.89741 10478 334 0.0413069
17.038 224440 220096 0.195264 104.439 7.13275 104.439 6.90567 10491 334 0.0382679
17.2258 225888 221544 0.208393 8.69679 7.1498 8.69679 6.92519 10632 334 0.041883
17.2369 227336 222992 0.189742 97.4527 7.20772 97.4527 6.98325 10725 334 0.036587
17.4288 228784 224440 0.191831 9.59822 7.23404 9.59822 7.01205 10884 334 0.0370249
17.6224 230232 225888 0.193726 9.50891 7.25904 9.50891 7.03949 11043 334 0.0374202
17.8183 231680 227336 0.195875 9.4039 7.28262 9.4039 7.06548 11202 334 0.0378918
18.0156 233128 228784 0.197284 9.4526 7.30638 9.4526 7.09162 11363 334 0.038169
18.4026 234576 230232 0.221621 6.61455 7.29183 6.61455 7.08159 11584 334 0.0453362
21.119 236024 231680 0.165173 10.3586 7.68629 10.3586 7.50308 14013 334 0.0301694
21.4577 237472 233128 0.187601 11.1144 7.7404 11.1144 7.56009 14338 334 0.0352834
21.6295 238920 234576 0.189384 10.9888 7.76621 10.9888 7.58733 14501 334 0.0356354
21.8031 240368 236024 0.17243 11.0158 7.79207 11.0158 7.61462 14666 334 0.0314298
21.9779 241816 237472 0.193069 10.9325 7.81705 10.9325 7.64101 14831 334 0.036391
22.1544 243264 238920 0.175265 10.9596 7.84209 10.9596 7.66745 14998 334 0.0318641
22.3325 244712 240368 0.196522 10.8634 7.86618 10.8634 7.69293 15165 334 0.0371114
22.3443 246160 241816 0.178495 97.3885 7.91336 97.3885 7.7402 15264 334 0.0324092
22.5119 247608 243264 0.1784 4.90662 7.89097 4.90662 7.71911 15335 334 0.0322824
22.6925 249056 244712 0.179838 10.9682 7.91546 10.9682 7.74496 15506 334 0.0325207
22.6927 250504 246160 0.179983 144.607 7.91691 144.607 7.74641 15509 334 0.0324516
22.8743 251952 247608 0.200992 10.7825 7.93966 10.7825 7.77051 15678 334 0.0378308
22.8745 253400 249056 0.198618 144.607 7.94109 144.607 7.77195 15681 334 0.0370637
23.0575 254848 250504 0.202613 10.8242 7.96398 10.8242 7.79617 15852 334 0.0380842
23.0578 256296 251952 0.200161 144.607 7.9654 144.607 7.7976 15855 334 0.0372882
23.058 257744 253400 0.198141 144.607 7.96682 144.607 7.79903 15858 334 0.0366236
23.2422 259192 254848 0.204228 10.7536 7.98891 10.7536 7.82244 16029 334 0.0382402
23.2425 260640 256296 0.201825 144.607 7.99032 144.607 7.82386 16032 334 0.0374509
23.2513 262088 257744 0.185318 97.7076 8.02463 97.7076 7.85823 16107 334 0.0329397
23.4281 263536 259192 0.185299 6.7503 8.01502 6.7503 7.84987 16210 334 0.0328336
23.4283 264984 260640 0.185386 144.607 8.01642 144.607 7.85127 16213 334 0.0327547
23.4329 266432 262088 0.185991 98.9418 8.03414 98.9418 7.86902 16252 334 0.0328061
23.6149 267880 263536 0.207037 8.97233 8.04137 8.97233 7.87753 16393 334 0.038452
23.6152 269328 264984 0.204533 144.607 8.04276 144.607 7.87892 16396 334 0.0376216
23.6154 270776 266432 0.202341 144.607 8.04415 144.607 7.88031 16399 334 0.0368932
23.8035 272224 267880 0.187439 11.1497 8.06868 11.1497 7.90614 16580 334 0.0327734
23.8037 273672 269328 0.187634 144.607 8.07006 144.607 7.90752 16583 334 0.0327241
23.804 275120 270776 0.18768 144.607 8.07144 144.607 7.9089 16586 334 0.0326369
23.8042 276568 272224 0.187845 144.607 8.07282 144.607 7.91028 16589 334 0.0325805
23.993 278016 273672 0.209875 11.1071 8.09669 11.1071 7.93543 16770 334 0.0386005
23.9932 279464 275120 0.207391 144.607 8.09806 144.607 7.9368 16773 334 0.0377641
23.9935 280912 276568 0.205217 144.607 8.09943 144.607 7.93817 16776 334 0.0370303
23.9937 282360 278016 0.203315 144.607 8.10079 144.607 7.93954 16779 334 0.0363842
24.1839 283808 279464 0.21119 11.2665 8.12569 11.2665 7.96571 16964 334 0.0386065
24.1841 285256 280912 0.208792 144.607 8.12705 144.607 7.96707 16967 334 0.0377902
24.1844 286704 282360 0.206568 144.607 8.1284 144.607 7.96842 16970 334 0.0370369
24.1846 288152 283808 0.204622 144.607 8.12976 144.607 7.96978 16973 334 0.0363741
24.1928 289600 285256 0.191794 97.8225 8.16005 97.8225 8.00013 17042 334 0.0327324
24.3762 291048 286704 0.212776 7.64415 8.15617 7.64415 7.99745 17163 334 0.0386076
24.3764 292496 288152 0.210304 144.607 8.15752 144.607 7.9988 17166 334 0.0377632
24.3766 293944 289600 0.208016 144.607 8.15886 144.607 8.00014 17169 334 0.0369857
24.3769 295392 291048 0.206014 144.607 8.16021 144.607 8.00149 17172 334 0.0363024
24.3846 296840 292496 0.193181 97.9111 8.18851 97.9111 8.02985 17237 334 0.0326253
24.5699 298288 293944 0.192934 8.19003 8.18852 8.19003 8.03105 17368 334 0.0324653
24.5701 299736 295392 0.193067 144.607 8.18986 144.607 8.03239 17371 334 0.0324069
24.5703 301184 296840 0.193184 144.607 8.19119 144.607 8.03372 17374 334 0.0323445
24.578 302632 298288 0.194262 97.9111 8.21927 97.9111 8.06185 17439 334 0.0325398
24.7646 304080 299736 0.215757 8.50448 8.22142 8.50448 8.06518 17576 334 0.0386809
24.7649 305528 301184 0.213162 144.607 8.22274 144.607 8.06651 17579 334 0.0377868
24.7651 306976 302632 0.210892 144.607 8.22406 144.607 8.06783 17582 334 0.0370042
24.7675 308424 304080 0.199333 101.225 8.23309 101.225 8.07687 17603 334 0.0335574
24.7759 309872 305528 0.195428 97.782 8.26349 97.782 8.10733 17674 334 0.0323928
24.7889 311320 306976 0.195414 97.2974 8.3101 97.2974 8.15402 17783 334 0.0322978
24.9639 312768 308424 0.200758 2.05257 8.26624 2.05257 8.11126 17814 334 0.0336826
24.9682 314216 309872 0.197377 99.0827 8.28198 99.0827 8.12702 17851 334 0.0326514
24.9725 315664 311320 0.19713 99.0827 8.29771 99.0827 8.14277 17888 334 0.0324929
24.9776 317112 312768 0.197008 98.7001 8.31597 98.7001 8.16107 17931 334 0.0323693
24.9841 318560 314216 0.197137 98.1901 8.33931 98.1901 8.18445 17986 334 0.0323149
25.1591 320008 315664 0.216217 1.65417 8.29279 1.65417 8.13901 18011 334 0.0378224
25.1625 321456 317112 0.200994 99.8478 8.30504 99.8478 8.15127 18040 334 0.0332087
25.1661 322904 318560 0.198602 99.6183 8.31811 99.6183 8.16437 18071 334 0.032451
25.1699 324352 320008 0.198301 99.4174 8.33203 99.4174 8.17831 18104 334 0.0322788
25.1743 325800 321456 0.19854 99.0827 8.34763 99.0827 8.19393 18141 334 0.0322565
25.1798 327248 322904 0.198591 98.5005 8.36742 98.5005 8.21376 18188 334 0.0321826
25.3582 328696 324352 0.198786 3.0512 8.33001 3.0512 8.17743 18235 334 0.032149
25.3585 330144 325800 0.198813 144.607 8.3313 144.607 8.17872 18238 334 0.0320689
25.3606 331592 327248 0.199269 101.761 8.33927 101.761 8.18671 18257 334 0.0321085
25.364 333040 328696 0.199496 99.8478 8.35141 99.8478 8.19886 18286 334 0.032085
25.3678 334488 330144 0.199615 99.4174 8.36521 99.4174 8.21269 18319 334 0.0320313
25.3724 335936 331592 0.199818 98.9418 8.38151 98.9418 8.22902 18358 334 0.0320018
25.3779 337384 333040 0.200039 98.5005 8.40114 98.5005 8.24868 18405 334 0.0319778
25.3835 338832 334488 0.200091 98.5005 8.42076 98.5005 8.26833 18452 334 0.0319065
25.5602 340280 335936 0.20056 1.50735 8.37295 1.50735 8.22158 18475 334 0.0319527
25.5629 341728 337384 0.201326 100.787 8.38251 100.787 8.23115 18498 334 0.0320834
25.566 343176 338832 0.201654 100.113 8.39371 100.113 8.24238 18525 334 0.0320917
25.5696 344624 340280 0.201792 99.6183 8.40658 99.6183 8.25526 18556 334 0.0320461
25.5737 346072 341728 0.201929 99.2402 8.42109 99.2402 8.2698 18591 334 0.0320009
25.577 347520 343176 0.201989 99.8478 8.43311 99.8478 8.28184 18620 334 0.0319339
25.5818 348968 344624 0.202132 98.8149 8.45009 98.8149 8.29885 18661 334 0.0318909
25.7626 350416 346072 0.202348 3.14085 8.41285 3.14085 8.26267 18710 334 0.0318689
25.7628 351864 347520 0.202429 144.607 8.41412 144.607 8.26394 18713 334 0.0318091
25.764 353312 348968 0.202905 106.045 8.41867 106.045 8.2685 18724 334 0.0318623
25.7669 354760 350416 0.203143 100.422 8.42897 100.422 8.27882 18749 334 0.0318476
25.7703 356208 351864 0.203537 99.8478 8.44091 99.8478 8.29077 18778 334 0.0318786
25.7739 357656 353312 0.203438 99.6183 8.45366 99.6183 8.30354 18809 334 0.0317683
25.7779 359104 354760 0.203601 99.2402 8.46805 99.2402 8.31796 18844 334 0.0317335
25.7823 360552 356208 0.20376 99.0827 8.48325 99.0827 8.33318 18881 334 0.031698
25.7871 362000 357656 0.203911 98.8149 8.50009 98.8149 8.35005 18922 334 0.0316605
25.9676 363448 359104 0.226025 2.37482 8.45752 2.37482 8.30852 18959 334 0.0384337
25.968 364896 360552 0.221222 120.506 8.45959 120.506 8.3106 18964 334 0.0367817
25.9707 366344 362000 0.209077 100.787 8.46899 100.787 8.32001 18987 334 0.0329331
25.9733 367792 363448 0.206475 100.787 8.47838 100.787 8.32942 19010 334 0.0320841
25.9765 369240 364896 0.205826 100.113 8.4894 100.113 8.34046 19037 334 0.0318152
25.9798 370688 366344 0.205832 99.8478 8.50124 99.8478 8.35231 19066 334 0.0317376
25.9837 372136 367792 0.205931 99.4174 8.51469 99.4174 8.36579 19099 334 0.0316877
25.988 373584 369240 0.205869 99.0827 8.52976 99.0827 8.38089 19136 334 0.031591
25.9923 375032 370688 0.206221 99.0827 8.54483 99.0827 8.39598 19173 334 0.0316157
25.9974 376480 372136 0.206198 98.7001 8.56234 98.7001 8.41351 19216 334 0.031531
26.1741 375032 373584 0.206173 0.458757 8.50761 0.458757 8.35979 19223 334 0.0314461
26.1742 374148 373584 0.206173 96.4048 8.50802 0 8.35975 19224 335 0.0314437
26.1744 373706 372136 0.206173 0 8.50798 0 8.35971 19224 335 0.0315203
26.1745 373264 372136 0.206173 96.4048 8.50838 0 8.35968 19225 336 0.0315203
26.1746 371374 369240 0.206173 0 8.50834 0 8.35964 19225 336 0.0316826
26.1747 370932 369240 0.206173 96.4048 8.50874 0 8.3596 19226 337 0.0316766
26.1748 370490 369240 0.206173 96.4048 8.50915 0 8.35956 19227 338 0.0316766
26.175 370047 367792 0.206173 0 8.50911 0 8.35952 19227 338 0.0317551
26.1751 369605 367792 0.206173 96.4048 8.50951 0 8.35948 19228 339 0.0317551
26.1752 369163 367792 0.206173 96.4048 8.50992 0 8.35945 19229 340 0.0317551
26.1753 368721 366344 0.206173 0 8.50988 0 8.35941 19229 340 0.031834
26.1754 366344 366344 0.206173 96.4048 8.51028 0 8.35937 19230 341 0.0318437
26.1756 364896 364896 0.206173 0 8.51024 0 8.35933 19230 341 0.0319165
26.1757 363448 363448 0.206173 0 8.5102 0 8.35929 19230 341 0.031996
26.1758 362000 362000 0.206173 0 8.51016 0 8.35925 19230 341 0.0320757
26.1759 360552 360552 0.206173 0 8.51012 0 8.35922 19230 341 0.0321558
26.176 359104 359104 0.206173 0 8.51008 0 8.35918 19230 341 0.0322361
26.1762 357656 357656 0.206173 0 8.51005 0 8.35914 19230 341 0.0323168
26.1763 356208 356208 0.206173 0 8.51001 0 8.3591 19230 341 0.0323977
26.1764 354760 354760 0.206173 0 8.50997 0 8.35906 19230 341 0.032479
26.1765 353312 353312 0.206173 0 8.50993 0 8.35902 19230 341 0.0325605
26.1766 352536 351864 0.206173 0 8.50989 0 8.35899 19230 341 0.0326397
26.1768 350416 350416 0.206173 0 8.50985 0 8.35895 19230 341 0.0327288
26.1769 348968 348968 0.206173 0 8.50981 0 8.35891 19230 341 0.032807
26.177 347520 347520 0.206173 0 8.50977 0 8.35887 19230 341 0.0328897
26.1771 346072 346072 0.206173 0 8.50973 0 8.35883 19230 341 0.0329727
26.1772 343176 343176 0.206173 0 8.50969 0 8.35879 19230 341 0.0331509
26.1774 341728 341728 0.206173 0 8.50965 0 8.35876 19230 341 0.0332236
26.1775 340280 340280 0.206173 0 8.50962 0 8.35872 19230 341 0.0333078
26.1776 338832 338832 0.206173 0 8.50958 0 8.35868 19230 341 0.0333924
26.1777 337384 337384 0.206173 0 8.50954 0 8.35864 19230 341 0.0334772
26.1778 335936 335936 0.206173 0 8.5095 0 8.3586 19230 341 0.0335623
26.178 334904 334488 0.206173 0 8.50946 0 8.35856 19230 341 0.0336459
26.1781 333040 333040 0.206173 0 8.50942 0 8.35853 19230 341 0.0337359
26.1782 331592 331592 0.206173 0 8.50938 0 8.35849 19230 341 0.0338195
26.1783 330144 330144 0.206173 0 8.50934 0 8.35845 19230 341 0.0339058
26.1784 328696 328696 0.206173 0 8.5093 0 8.35841 19230 341 0.0339924
26.1786 327248 327248 0.206173 0 8.50926 0 8.35837 19230 341 0.0340793
26.1787 325800 325800 0.206173 0 8.50923 0 8.35833 19230 341 0.0341665
26.1788 324352 324352 0.206173 0 8.50919 0 8.3583 19230 341 0.034254
26.1789 322904 322904 0.206173 0 8.50915 0 8.35826 19230 341 0.0343418
26.179 321456 321456 0.206173 0 8.50911 0 8.35822 19230 341 0.0344299
26.1792 320008 320008 0.206173 0 8.50907 0 8.35818 19230 341 0.0345183
26.1793 318719 318560 0.206173 0 8.50903 0 8.35814 19230 341 0.0346063
26.1794 318277 317112 0.206173 0 8.50899 0 8.3581 19230 341 0.0346927
26.1795 315664 315664 0.206173 0 8.50895 0 8.35806 19230 341 0.0347938
26.1796 314216 314216 0.206173 0 8.50891 0 8.35803 19230 341 0.0348749
26.1798 312768 312768 0.206173 0 8.50887 0 8.35799 19230 341 0.0349648
26.1799 309872 309872 0.206173 0 8.50883 0 8.35795 19230 341 0.0351567
26.18 308424 308424 0.206173 0 8.5088 0 8.35791 19230 341 0.0352363
26.1801 306976 306976 0.206173 0 8.50876 0 8.35787 19230 341 0.0353274
26.1802 305528 305528 0.206173 0 8.50872 0 8.35783 19230 341 0.0354188
26.1804 304080 304080 0.206173 0 8.50868 0 8.3578 19230 341 0.0355105
26.1805 302632 302632 0.206173 0 8.50864 0 8.35776 19230 341 0.0356024
26.1806 301184 301184 0.206173 0 8.5086 0 8.35772 19230 341 0.0356947
26.1807 300644 299736 0.206173 0 8.50856 0 8.35768 19230 341 0.0357841
26.1808 298288 298288 0.206173 0 8.50852 0 8.35764 19230 341 0.0358863
26.181 296840 296840 0.206173 0 8.50848 0 8.3576 19230 341 0.0359733
26.1811 295392 295392 0.206173 0 8.50844 0 8.35757 19230 341 0.0360668
26.1812 293944 293944 0.206173 0 8.5084 0 8.35753 19230 341 0.0361606
26.1813 292496 292496 0.206173 0 8.50837 0 8.35749 19230 341 0.0362547
26.1814 291048 291048 0.206173 0 8.50833 0 8.35745 19230 341 0.036349
26.1816 289600 289600 0.206173 0 8.50829 0 8.35741 19230 341 0.0364437
26.1817 288152 288152 0.206173 0 8.50825 0 8.35737 19230 341 0.0365386
26.1818 286704 286704 0.206173 0 8.50821 0 8.35734 19230 341 0.0366339
26.1819 285256 285256 0.206173 0 8.50817 0 8.3573 19230 341 0.0367295
26.182 284460 283808 0.206173 0 8.50813 0 8.35726 19230 341 0.0368227
26.1822 282360 282360 0.206173 0 8.50809 0 8.35722 19230 341 0.0369256
26.1823 280912 280912 0.206173 0 8.50805 0 8.35718 19230 341 0.0370179
26.1824 279464 279464 0.206173 0 8.50801 0 8.35714 19230 341 0.0371147
26.1825 278016 278016 0.206173 0 8.50798 0 8.35711 19230 341 0.0372117
26.1827 276568 276568 0.206173 0 8.50794 0 8.35707 19230 341 0.0373091
26.1828 275120 275120 0.206173 0 8.5079 0 8.35703 19230 341 0.0374067
26.1829 273672 273672 0.206173 0 8.50786 0 8.35699 19230 341 0.0375047
26.183 270776 270776 0.206173 0 8.50782 0 8.35695 19230 341 0.0377126
26.1831 269328 269328 0.206173 0 8.50778 0 8.35691 19230 341 0.0378003
26.1833 267880 267880 0.206173 0 8.50774 0 8.35688 19230 341 0.0378994
26.1834 266827 266432 0.206173 0 8.5077 0 8.35684 19230 341 0.0379971
26.1835 264984 264984 0.206173 0 8.50766 0 8.3568 19230 341 0.0381009
26.1836 263536 263536 0.206173 0 8.50762 0 8.35676 19230 341 0.0381986
26.1864 262088 260640 0.206173 92.2133 8.51646 0 8.35588 19252 363 0.0383996
26.1902 260640 259192 0.206173 96.4048 8.52936 0 8.35465 19284 395 0.0385005
26.1945 259192 257744 0.206173 96.4048 8.54387 0 8.35327 19320 431 0.0386018
26.1989 257744 256296 0.206173 96.4048 8.55838 0 8.35189 19356 467 0.0387033
26.3718 256296 254848 0.206173 2.81376 8.52071 0 8.29713 19398 509 0.0388051
26.372 263536 254848 0.206173 96.4048 8.52152 0 8.29706 19400 511 0.0388946
26.5619 264984 262088 0.206173 10.9829 8.53911 0 8.23775 19580 691 0.038299
26.572 266432 262088 0.190879 96.4048 8.57248 96.4048 8.27124 19664 691 0.0340616
26.7528 267880 263536 0.212012 6.21347 8.55654 6.21347 8.25733 19761 691 0.0399397
26.753 269328 264984 0.209511 144.607 8.55776 144.607 8.25856 19764 691 0.0390854
26.7533 270776 266432 0.207322 144.607 8.55898 144.607 8.25978 19767 691 0.038336
26.7535 272224 267880 0.205282 144.607 8.5602 144.607 8.26101 19770 691 0.0376396
26.7547 273672 269328 0.198505 106.045 8.56458 106.045 8.2654 19781 691 0.0356172
26.7622 275120 270776 0.191502 97.9597 8.58947 97.9597 8.29037 19844 691 0.0336275
26.7737 276568 272224 0.191338 97.409 8.62774 97.409 8.32877 19941 691 0.0334859
26.9471 278016 273672 0.192257 1.80383 8.58383 1.80383 8.28678 19968 691 0.03363
26.9505 279464 275120 0.192974 99.8478 8.59522 99.8478 8.29821 19997 691 0.0337223
26.9543 280912 276568 0.193106 99.4174 8.60818 99.4174 8.31121 20030 691 0.0336597
26.9589 282360 278016 0.193023 98.9418 8.62348 98.9418 8.32656 20069 691 0.0335402
26.9646 283808 279464 0.193056 98.4132 8.64268 98.4132 8.34583 20118 691 0.033452
27.139 285256 280912 0.214709 1.92677 8.59954 1.92677 8.30459 20147 691 0.039586
27.1409 286704 282360 0.201116 102.43 8.60618 102.43 8.31126 20164 691 0.0354685
27.1443 288152 283808 0.195207 99.8478 8.61749 99.8478 8.3226 20193 691 0.0337395
27.1484 289600 285256 0.194377 99.2402 8.63113 99.2402 8.33629 20228 691 0.03342
27.1532 291048 286704 0.194365 98.8149 8.64709 98.8149 8.3523 20269 691 0.0333212
27.1592 292496 288152 0.194521 98.3329 8.66693 98.3329 8.37221 20320 691 0.0332678
27.3346 293944 289600 0.194623 1.91489 8.6236 1.91489 8.33076 20349 691 0.0332004
27.3368 295392 291048 0.195543 101.761 8.63097 101.761 8.33816 20368 691 0.0333543
27.3404 296840 292496 0.195754 99.6183 8.64296 99.6183 8.35019 20399 691 0.033317
27.3445 298288 293944 0.196064 99.2402 8.6565 99.2402 8.36377 20434 691 0.0333072
27.3493 299736 295392 0.196178 98.8149 8.67234 98.8149 8.37967 20475 691 0.0332446
27.3543 301184 296840 0.196393 98.7001 8.68895 98.7001 8.39633 20518 691 0.0332098
27.5319 302632 298288 0.196374 2.54383 8.64931 2.54383 8.35858 20557 691 0.0331115
27.5331 304080 299736 0.196961 106.045 8.65357 106.045 8.36284 20568 691 0.033179
27.5367 305528 301184 0.197534 99.6183 8.66547 99.6183 8.37479 20599 691 0.0332436
27.5411 306976 302632 0.197693 99.0827 8.67968 99.0827 8.38903 20636 691 0.033195
27.5461 308424 304080 0.197748 98.7001 8.69617 98.7001 8.40558 20679 691 0.0331184
27.5524 309872 305528 0.197986 98.2587 8.71648 98.2587 8.42596 20732 691 0.0330924
27.7308 311320 306976 0.198124 2.53184 8.67668 2.53184 8.38803 20771 691 0.0330389
27.733 312768 308424 0.19878 101.761 8.68394 101.761 8.39531 20790 691 0.0331294
27.7373 314216 309872 0.199352 99.0827 8.69804 99.0827 8.40946 20827 691 0.0331978
27.7426 315664 311320 0.199343 98.5958 8.71517 98.5958 8.42664 20872 691 0.0331049
27.7491 317112 312768 0.199574 98.1901 8.73609 98.1901 8.44763 20927 691 0.0330789
27.9313 318560 314216 0.199867 4.00363 8.70521 4.00363 8.41863 20990 691 0.0330712
27.9316 320008 315664 0.200009 144.607 8.70638 144.607 8.4198 20993 691 0.0330212
27.9352 321456 317112 0.200674 99.6183 8.71811 99.6183 8.43157 21024 691 0.0331184
27.9405 322904 318560 0.200983 98.5958 8.73512 98.5958 8.44863 21069 691 0.0331167
27.947 324352 320008 0.201 98.1901 8.75589 98.1901 8.46947 21124 691 0.0330326
27.9558 325800 321456 0.201202 97.7076 8.78418 97.7076 8.49785 21199 691 0.0330012
28.1361 327248 322904 0.206518 2.50652 8.74397 2.50652 8.45947 21238 691 0.0344426
28.1414 328696 324352 0.202524 98.5958 8.76085 98.5958 8.47641 21283 691 0.0332003
28.1481 330144 325800 0.202521 98.1263 8.78221 98.1263 8.49784 21340 691 0.033112
28.1551 331592 327248 0.202518 98.0669 8.80431 98.0669 8.52001 21399 691 0.0330241
28.3369 333040 328696 0.224674 2.73986 8.7654 2.73986 8.48292 21442 691 0.0397434
28.3419 334488 330144 0.205054 98.7001 8.78142 98.7001 8.49899 21485 691 0.0335797
28.3487 335936 331592 0.204054 98.1263 8.80262 98.1263 8.52026 21542 691 0.0332043
28.3556 337384 333040 0.204133 98.0669 8.82456 98.0669 8.54227 21601 691 0.033141
28.5421 338832 334488 0.226771 4.5345 8.79653 4.5345 8.51609 21674 691 0.0400936
28.5436 340280 335936 0.21504 104.439 8.80136 104.439 8.52093 21687 691 0.036233
28.5505 341728 337384 0.20595 98.0669 8.82315 98.0669 8.54279 21746 691 0.0334121
28.5599 343176 338832 0.205668 97.6408 8.8523 97.6408 8.57203 21825 691 0.0332448
28.7483 344624 340280 0.228244 5.22603 8.82854 5.22603 8.5501 21910 691 0.0402471
28.7487 341728 340280 0.228244 160.384 8.83044 160.384 8.55201 21915 691 0.0402583
28.7488 340836 340280 0.228244 96.4048 8.83081 0 8.55197 21916 692 0.0402448
28.7489 340389 338832 0.228244 0 8.83077 0 8.55194 21916 692 0.0403282
28.749 339943 338832 0.228244 96.4048 8.83113 0 8.5519 21917 693 0.0403282
28.7491 339496 337384 0.228244 0 8.8311 0 8.55186 21917 693 0.0404131
28.7493 339050 337384 0.228244 96.4048 8.83146 0 8.55183 21918 694 0.0404131
28.7494 338603 337384 0.228244 96.4048 8.83183 0 8.55179 21919 695 0.0404131
28.7495 338157 335936 0.228244 0 8.83179 0 8.55176 21919 695 0.0404982
28.7496 337710 335936 0.228244 96.4048 8.83216 0 8.55172 21920 696 0.0404982
28.7497 337264 335936 0.228244 96.4048 8.83253 0 8.55169 21921 697 0.0404982
28.7499 336817 334488 0.228244 0 8.83249 0 8.55165 21921 697 0.0405836
28.75 336371 334488 0.228244 96.4048 8.83285 0 8.55161 21922 698 0.0405836
28.7501 333040 333040 0.228244 96.4048 8.83322 0 8.55158 21923 699 0.0406887
28.7502 331592 331592 0.228244 0 8.83318 0 8.55154 21923 699 0.0407587
28.7503 330144 330144 0.228244 0 8.83315 0 8.55151 21923 699 0.040845
28.7505 328696 328696 0.228244 0 8.83311 0 8.55147 21923 699 0.0409316
28.7506 327248 327248 0.228244 0 8.83307 0 8.55144 21923 699 0.0410185
28.7507 325800 325800 0.228244 0 8.83304 0 8.5514 21923 699 0.0411058
28.7508 324352 324352 0.228244 0 8.833 0 8.55136 21923 699 0.0411933
28.7509 322904 322904 0.228244 0 8.83296 0 8.55133 21923 699 0.0412811
28.7511 321456 321456 0.228244 0 8.83292 0 8.55129 21923 699 0.0413692
28.7512 320008 320008 0.228244 0 8.83289 0 8.55126 21923 699 0.0414576
28.7513 318560 318560 0.228244 0 8.83285 0 8.55122 21923 699 0.0415463
28.7514 317206 317112 0.228244 0 8.83281 0 8.55119 21923 699 0.0416348
28.7516 315664 315664 0.228244 0 8.83278 0 8.55115 21923 699 0.0417251
28.7517 314216 314216 0.228244 0 8.83274 0 8.55111 21923 699 0.0418142
28.7518 312768 312768 0.228244 0 8.8327 0 8.55108 21923 699 0.0419041
28.7519 311320 311320 0.228244 0 8.83267 0 8.55104 21923 699 0.0419943
28.752 309872 309872 0.228244 0 8.83263 0 8.55101 21923 699 0.0420847
28.7522 308424 308424 0.228244 0 8.83259 0 8.55097 21923 699 0.0421755
28.7523 306976 306976 0.228244 0 8.83256 0 8.55094 21923 699 0.0422666
28.7524 305528 305528 0.228244 0 8.83252 0 8.5509 21923 699 0.042358
28.7525 304080 304080 0.228244 0 8.83248 0 8.55086 21923 699 0.0424497
28.7526 302632 302632 0.228244 0 8.83244 0 8.55083 21923 699 0.0425417
28.7528 301184 301184 0.228244 0 8.83241 0 8.55079 21923 699 0.0426339
28.7529 299736 299736 0.228244 0 8.83237 0 8.55076 21923 699 0.0427265
28.753 299043 298288 0.228244 0 8.83233 0 8.55072 21923 699 0.0428165
28.7531 296840 296840 0.228244 0 8.8323 0 8.55069 21923 699 0.0429175
28.7532 295392 295392 0.228244 0 8.83226 0 8.55065 21923 699 0.043006
28.7534 293944 293944 0.228244 0 8.83222 0 8.55061 21923 699 0.0430998
28.7535 292496 292496 0.228244 0 8.83219 0 8.55058 21923 699 0.0431939
28.7536 291048 291048 0.228244 0 8.83215 0 8.55054 21923 699 0.0432882
28.7537 289600 289600 0.228244 0 8.83211 0 8.55051 21923 699 0.0433829
28.7538 288152 288152 0.228244 0 8.83208 0 8.55047 21923 699 0.0434779
28.754 286704 286704 0.228244 0 8.83204 0 8.55044 21923 699 0.0435731
28.7541 285256 285256 0.228244 0 8.832 0 8.5504 21923 699 0.0436687
28.7542 283808 283808 0.228244 0 8.83197 0 8.55036 21923 699 0.0437646
28.7543 282360 282360 0.228244 0 8.83193 0 8.55033 21923 699 0.0438607
28.7544 281327 280912 0.228244 0 8.83189 0 8.55029 21923 699 0.0439553
28.7546 279464 279464 0.228244 0 8.83185 0 8.55026 21923 699 0.0440564
28.7547 278016 278016 0.228244 0 8.83182 0 8.55022 21923 699 0.044151
28.7548 276568 276568 0.228244 0 8.83178 0 8.55019 21923 699 0.0442483
28.7549 275120 275120 0.228244 0 8.83174 0 8.55015 21923 699 0.044346
28.755 273672 273672 0.228244 0 8.83171 0 8.55011 21923 699 0.0444439
28.7552 272224 272224 0.228244 0 8.83167 0 8.55008 21923 699 0.0445421
28.7553 270776 270776 0.228244 0 8.83163 0 8.55004 21923 699 0.0446407
28.7554 269328 269328 0.228244 0 8.8316 0 8.55001 21923 699 0.0447395
28.7555 267880 267880 0.228244 0 8.83156 0 8.54997 21923 699 0.0448387
28.7556 266432 266432 0.228244 0 8.83152 0 8.54994 21923 699 0.0449381
28.7558 264984 264984 0.228244 0 8.83149 0 8.5499 21923 699 0.0450378
28.7559 263610 263536 0.228244 0 8.83145 0 8.54986 21923 699 0.0451375
28.756 262088 262088 0.228244 0 8.83141 0 8.54983 21923 699 0.0452386
28.7561 260640 260640 0.228244 0 8.83137 0 8.54979 21923 699 0.0453388
28.7562 259192 259192 0.228244 0 8.83134 0 8.54976 21923 699 0.0454398
28.7564 257744 257744 0.228244 0 8.8313 0 8.54972 21923 699 0.045541
28.7565 256296 256296 0.228244 0 8.83126 0 8.54968 21923 699 0.0456425
28.7566 254848 254848 0.228244 0 8.83123 0 8.54965 21923 699 0.0457443
28.7567 253400 253400 0.228244 0 8.83119 0 8.54961 21923 699 0.0458464
28.7568 251952 251952 0.228244 0 8.83115 0 8.54958 21923 699 0.0459489
28.757 250504 250504 0.228244 0 8.83112 0 8.54954 21923 699 0.0460516
28.7571 247608 247608 0.228244 0 8.83108 0 8.54951 21923 699 0.0462691
28.7572 246160 246160 0.228244 0 8.83104 0 8.54947 21923 699 0.0463615
28.7573 244712 244712 0.228244 0 8.83101 0 8.54943 21923 699 0.0464654
28.7574 243999 243264 0.228244 0 8.83097 0 8.5494 21923 699 0.0465668
28.7576 241816 241816 0.228244 0 8.83093 0 8.54936 21923 699 0.0466789
28.7577 240368 240368 0.228244 0 8.83089 0 8.54933 21923 699 0.0467789
28.7665 238920 237472 0.228244 95.0842 8.8572 0 8.54672 21995 771 0.0469894
28.9335 240368 237472 0.228244 5.89526 8.8401 0 8.49738 22080 856 0.0469894
28.9431 241816 238920 0.228244 97.6297 8.86958 0 8.49456 22161 937 0.046884
29.1069 243264 238920 0.19631 5.65839 8.85151 5.65839 8.4786 22241 937 0.0371585
29.1071 244712 240368 0.193646 144.607 8.85263 144.607 8.47973 22244 937 0.0363343
29.1148 246160 241816 0.17447 97.9111 8.87616 97.9111 8.50335 22309 937 0.0314717
29.1251 247608 243264 0.174343 97.5258 8.90761 97.5258 8.53493 22396 937 0.031338
29.2858 249056 244712 0.178722 3.10053 8.87575 3.10053 8.50512 22439 937 0.0322544
29.2925 250504 246160 0.176164 98.1263 8.89626 98.1263 8.52571 22496 937 0.0315497
29.4604 251952 247608 0.195834 6.00373 8.87977 6.00373 8.51134 22583 937 0.036403
29.4606 253400 249056 0.193605 144.607 8.88088 144.607 8.51245 22586 937 0.035699
29.4664 254848 250504 0.178844 98.4132 8.89841 98.4132 8.53005 22635 937 0.0318695
29.4733 256296 251952 0.178492 98.0669 8.91949 98.0669 8.55122 22694 937 0.0316832
29.641 257744 253400 0.198365 4.49198 8.89445 4.49198 8.52826 22759 937 0.0366855
29.6427 259192 254848 0.187819 103.291 8.89981 103.291 8.53364 22774 937 0.0337762
29.6499 260640 256296 0.181148 98.0115 8.92148 98.0115 8.5554 22835 937 0.0320133
29.6607 262088 257744 0.181267 97.476 8.95377 97.476 8.58782 22926 937 0.0319408
29.8278 263536 259192 0.185038 3.25739 8.92185 3.25739 8.55795 22973 937 0.0327684
29.8348 264984 260640 0.183239 98.0669 8.94267 98.0669 8.57886 23032 937 0.0322207
30.0085 266432 262088 0.203853 5.93363 8.92525 5.93363 8.56354 23121 937 0.037626
30.0107 267880 263536 0.190717 101.761 8.93194 101.761 8.57026 23140 937 0.033919
30.0218 269328 264984 0.185244 97.4527 8.96453 97.4527 8.60299 23233 937 0.0324179
30.1955 270776 266432 0.205917 4.86691 8.94095 4.86691 8.58149 23306 937 0.0379239
30.1998 272224 267880 0.189023 99.0827 8.95387 99.0827 8.59445 23343 937 0.0331798
30.2111 273672 269328 0.187441 97.4304 8.98695 97.4304 8.62767 23438 937 0.032675
30.3854 275120 270776 0.188311 4.32159 8.96019 4.32159 8.60298 23503 937 0.0327986
30.3967 276568 272224 0.189056 97.4304 8.99307 97.4304 8.63598 23598 937 0.0328918
30.5751 278016 273672 0.210462 5.64796 8.97355 5.64796 8.61854 23685 937 0.0387767
30.584 279464 275120 0.191002 97.7076 8.99934 97.7076 8.64445 23760 937 0.0332016
30.7675 280912 276568 0.212348 7.38661 8.98973 7.38661 8.63694 23877 937 0.0391523
30.7884 282360 278016 0.192808 96.9588 9.04946 96.9588 8.69692 24052 937 0.0334832
30.9617 283808 279464 0.214268 1.27024 9.00593 1.27024 8.65536 24071 937 0.0395467
30.983 285256 280912 0.194473 96.9464 9.06664 96.9464 8.71631 24250 937 0.0337344
31.1793 286704 282360 0.196263 11.63 9.08277 11.63 8.73465 24447 937 0.0341224
31.377 288152 283808 0.197737 11.6553 9.09899 11.6553 8.75306 24646 937 0.0344302
31.5759 289600 285256 0.198487 11.7084 9.11542 11.7084 8.77167 24847 937 0.0345414
31.7762 291048 286704 0.2004 11.6241 9.13123 11.6241 8.78965 25048 937 0.0349793
32.1583 292496 288152 0.224264 6.51793 9.10018 6.51793 8.76266 25263 937 0.0421548
34.8775 293944 289600 0.182435 12.9037 9.39672 12.9037 9.08551 28292 937 0.0300674
35.2499 295392 291048 0.206022 12.5989 9.43055 12.5989 9.12263 28697 937 0.0363049
35.4385 296840 292496 0.207562 12.473 9.44673 12.473 9.14045 28900 937 0.0366625
35.6287 298288 293944 0.189035 12.4845 9.46295 12.4845 9.1583 29105 937 0.0314439
35.8202 299736 295392 0.211267 12.3984 9.47865 12.3984 9.17563 29310 937 0.0375818
36.0132 301184 296840 0.191961 12.4258 9.49444 12.4258 9.19304 29517 937 0.0320205
36.0134 302632 298288 0.192091 144.607 9.49534 144.607 9.19395 29520 937 0.0319616
36.2076 304080 299736 0.214437 12.2296 9.51 12.2296 9.21023 29725 937 0.0382714
36.2078 305528 301184 0.211882 144.607 9.5109 144.607 9.21113 29728 937 0.0373963
36.4032 306976 302632 0.216277 12.2729 9.52573 12.2729 9.22756 29935 937 0.0386582
36.4035 308424 304080 0.213742 144.607 9.52662 144.607 9.22845 29938 937 0.0377805
36.6009 309872 305528 0.217612 12.2633 9.54138 12.2633 9.24482 30147 937 0.0388937
36.6011 311320 306976 0.215161 144.607 9.54227 144.607 9.24571 30150 937 0.0380356
36.7999 312768 308424 0.219757 12.2983 9.55715 12.2983 9.2622 30361 937 0.039392
36.8001 314216 309872 0.217287 144.607 9.55803 144.607 9.26308 30364 937 0.0385182
36.8047 315664 311320 0.200805 98.9418 9.56912 98.9418 9.27421 30403 937 0.0335145
37.0003 317112 312768 0.221363 10.3629 9.57332 10.3629 9.27996 30578 937 0.0396362
37.0005 318560 314216 0.218818 144.607 9.57419 144.607 9.28084 30581 937 0.0387313
37.0063 320008 315664 0.201686 98.4132 9.58804 98.4132 9.29473 30630 937 0.0334937
37.2022 321456 317112 0.201105 9.99534 9.59019 9.99534 9.29842 30799 937 0.0332401
37.2024 322904 318560 0.201217 144.607 9.59106 144.607 9.2993 30802 937 0.0331826
37.2026 324352 320008 0.201315 144.607 9.59193 144.607 9.30017 30805 937 0.0331216
37.4055 325800 321456 0.224375 12.3933 9.60712 12.3933 9.31694 31022 937 0.0400825
37.4057 327248 322904 0.221703 144.607 9.60799 144.607 9.31781 31025 937 0.0391232
37.406 328696 324352 0.219365 144.607 9.60885 144.607 9.31868 31028 937 0.0382847
37.4062 330144 325800 0.217445 144.607 9.60972 144.607 9.31955 31031 937 0.0375887
37.6107 331592 327248 0.203917 12.4046 9.62492 12.4046 9.33633 31250 937 0.0334248
37.6109 333040 328696 0.204053 144.607 9.62578 144.607 9.33719 31253 937 0.0333769
37.6112 334488 330144 0.204296 144.607 9.62664 144.607 9.33805 31256 937 0.0333605
37.6114 335936 331592 0.204509 144.607 9.62751 144.607 9.33892 31259 937 0.0333357
37.8168 337384 333040 0.20572 12.5794 9.64354 12.5794 9.35652 31482 937 0.033601
37.817 338832 334488 0.20588 144.607 9.64439 144.607 9.35737 31485 937 0.033562
37.8175 337384 335936 0.20602 144.215 9.64611 144.215 9.35909 31491 937 0.0335174
37.8176 336489 335936 0.20602 96.4048 9.64638 0 9.35906 31492 938 0.0335151
37.8177 334593 333040 0.20602 0 9.64635 0 9.35903 31492 938 0.0336912
37.8179 334145 333040 0.20602 96.4048 9.64663 0 9.359 31493 939 0.0336852
37.818 332249 330144 0.20602 0 9.6466 0 9.35897 31493 939 0.0338636
37.8181 331801 330144 0.20602 96.4048 9.64687 0 9.35894 31494 940 0.0338575
37.8182 331353 330144 0.20602 96.4048 9.64715 0 9.35891 31495 941 0.0338575
37.8183 330905 328696 0.20602 0 9.64712 0 9.35889 31495 941 0.0339442
37.8185 330457 328696 0.20602 96.4048 9.6474 0 9.35886 31496 942 0.0339442
37.8186 330010 328696 0.20602 96.4048 9.64767 0 9.35883 31497 943 0.0339442
37.8187 329562 327248 0.20602 0 9.64764 0 9.3588 31497 943 0.0340311
37.8188 329114 327248 0.20602 96.4048 9.64792 0 9.35877 31498 944 0.0340311
37.8189 327248 327248 0.20602 96.4048 9.64819 0 9.35874 31499 945 0.0340369
37.8191 325800 325800 0.20602 0 9.64816 0 9.35871 31499 945 0.0341216
37.8192 324352 324352 0.20602 0 9.64813 0 9.35868 31499 945 0.0342092
37.8193 322904 322904 0.20602 0 9.6481 0 9.35865 31499 945 0.034297
37.8194 321456 321456 0.20602 0 9.64807 0 9.35862 31499 945 0.0343851
37.8195 320008 320008 0.20602 0 9.64804 0 9.35859 31499 945 0.0344735
37.8197 318560 318560 0.20602 0 9.64801 0 9.35856 31499 945 0.0345622
37.8198 317112 317112 0.20602 0 9.64798 0 9.35853 31499 945 0.0346512
37.8199 315664 315664 0.20602 0 9.64795 0 9.3585 31499 945 0.0347405
37.82 314216 314216 0.20602 0 9.64792 0 9.35847 31499 945 0.0348301
37.8201 312768 312768 0.20602 0 9.64788 0 9.35844 31499 945 0.03492
37.8203 311320 311320 0.20602 0 9.64785 0 9.35841 31499 945 0.0350101
37.8204 310723 309872 0.20602 0 9.64782 0 9.35838 31499 945 0.0350975
37.8205 308424 308424 0.20602 0 9.64779 0 9.35835 31499 945 0.0351971
37.8206 306976 306976 0.20602 0 9.64776 0 9.35832 31499 945 0.0352825
37.8207 305528 305528 0.20602 0 9.64773 0 9.35829 31499 945 0.0353739
37.8209 304080 304080 0.20602 0 9.6477 0 9.35826 31499 945 0.0354656
37.821 302632 302632 0.20602 0 9.64767 0 9.35823 31499 945 0.0355576
37.8211 301184 301184 0.20602 0 9.64764 0 9.3582 31499 945 0.0356498
37.8212 299736 299736 0.20602 0 9.64761 0 9.35817 31499 945 0.0357424
37.8213 298288 298288 0.20602 0 9.64758 0 9.35814 31499 945 0.0358353
37.8215 296840 296840 0.20602 0 9.64755 0 9.35811 31499 945 0.0359285
37.8216 295392 295392 0.20602 0 9.64752 0 9.35808 31499 945 0.0360219
37.8217 293944 293944 0.20602 0 9.64749 0 9.35805 31499 945 0.0361157
37.8218 292780 292496 0.20602 0 9.64746 0 9.35802 31499 945 0.0362085
37.8219 291048 291048 0.20602 0 9.64743 0 9.35799 31499 945 0.0363057
37.8221 289600 289600 0.20602 0 9.64739 0 9.35796 31499 945 0.0363988
37.8222 288152 288152 0.20602 0 9.64736 0 9.35793 31499 945 0.0364938
37.8223 286704 286704 0.20602 0 9.64733 0 9.3579 31499 945 0.036589
37.8224 285256 285256 0.20602 0 9.6473 0 9.35787 31499 945 0.0366846
37.8225 283808 283808 0.20602 0 9.64727 0 9.35784 31499 945 0.0367804
37.8227 282360 282360 0.20602 0 9.64724 0 9.35781 31499 945 0.0368766
37.8228 280912 280912 0.20602 0 9.64721 0 9.35779 31499 945 0.0369731
37.8229 279464 279464 0.20602 0 9.64718 0 9.35776 31499 945 0.0370698
37.823 278016 278016 0.20602 0 9.64715 0 9.35773 31499 945 0.0371669
37.8232 276568 276568 0.20602 0 9.64712 0 9.3577 31499 945 0.0372642
37.8233 275120 275120 0.20602 0 9.64709 0 9.35767 31499 945 0.0373619
37.8234 274388 273672 0.20602 0 9.64706 0 9.35764 31499 945 0.037457
37.8235 272224 272224 0.20602 0 9.64703 0 9.35761 31499 945 0.0375626
37.8236 270776 270776 0.20602 0 9.647 0 9.35758 31499 945 0.0376566
37.8238 269328 269328 0.20602 0 9.64697 0 9.35755 31499 945 0.0377554
37.8239 267880 267880 0.20602 0 9.64693 0 9.35752 31499 945 0.0378546
37.824 266432 266432 0.20602 0 9.6469 0 9.35749 31499 945 0.037954
37.8241 264984 264984 0.20602 0 9.64687 0 9.35746 31499 945 0.0380537
37.8242 263536 263536 0.20602 0 9.64684 0 9.35743 31499 945 0.0381538
37.8244 262088 262088 0.20602 0 9.64681 0 9.3574 31499 945 0.0382541
37.8245 260640 260640 0.20602 0 9.64678 0 9.35737 31499 945 0.0383547
37.8246 259192 259192 0.20602 0 9.64675 0 9.35734 31499 945 0.0384556
37.8247 257744 257744 0.20602 0 9.64672 0 9.35731 31499 945 0.0385569
37.8248 256445 256296 0.20602 0 9.64669 0 9.35728 31499 945 0.0386577
37.825 254848 254848 0.20602 0 9.64666 0 9.35725 31499 945 0.038761
37.8251 253400 253400 0.20602 0 9.64663 0 9.35722 31499 945 0.0388623
37.8252 251952 251952 0.20602 0 9.6466 0 9.35719 31499 945 0.0389648
37.8253 250504 250504 0.20602 0 9.64657 0 9.35716 31499 945 0.0390675
37.8254 249056 249056 0.20602 0 9.64654 0 9.35713 31499 945 0.0391705
37.8256 247608 247608 0.20602 0 9.64651 0 9.3571 31499 945 0.0392738
37.8257 246160 246160 0.20602 0 9.64648 0 9.35707 31499 945 0.0393774
37.8258 244712 244712 0.20602 0 9.64644 0 9.35704 31499 945 0.0394813
37.8259 243264 243264 0.20602 0 9.64641 0 9.35701 31499 945 0.0395855
37.826 241816 241816 0.20602 0 9.64638 0 9.35698 31499 945 0.03969
37.8262 240368 240368 0.20602 0 9.64635 0 9.35695 31499 945 0.0397948
37.8263 238920 238920 0.20602 0 9.64632 0 9.35692 31499 945 0.0398999
37.8264 238054 237472 0.20602 0 9.64629 0 9.35689 31499 945 0.0400029
37.8265 236024 236024 0.20602 0 9.64626 0 9.35686 31499 945 0.0401146
37.9925 237472 234576 0.20602 10.96 9.652 0 9.316 31656 1102 0.040217
37.9927 238920 234576 0.202017 96.4048 9.65255 96.4048 9.31655 31658 1102 0.0390642
38.0059 240368 236024 0.166512 97.2812 9.68302 97.2812 9.34714 31769 1102 0.030134
38.1378 241816 237472 0.182476 3.59981 9.66198 3.59981 9.32726 31810 1102 0.033684
38.1381 243264 238920 0.178042 144.607 9.66283 144.607 9.32811 31813 1102 0.032512
38.1383 244712 240368 0.174162 144.607 9.66368 144.607 9.32896 31816 1102 0.0315059
38.1386 246160 241816 0.170766 144.607 9.66453 144.607 9.32981 31819 1102 0.0306374
38.1436 247608 243264 0.148456 98.7001 9.67631 98.7001 9.34164 31862 1102 0.0260882
38.2872 249056 244712 0.147468 9.60014 9.67602 9.60014 9.34261 31981 1102 0.0258101
38.2874 250504 246160 0.147784 144.607 9.67687 144.607 9.34346 31984 1102 0.0257617
38.2877 251952 247608 0.147936 144.607 9.67772 144.607 9.34431 31987 1102 0.0256848
38.2879 253400 249056 0.148069 144.607 9.67856 144.607 9.34515 31990 1102 0.0256049
38.2889 254848 250504 0.148743 108.455 9.68104 108.455 9.34764 31999 1102 0.025621
38.439 256296 251952 0.166403 12.1181 9.69056 12.1181 9.35846 32156 1102 0.0289645
38.4392 257744 253400 0.164602 144.607 9.6914 144.607 9.35931 32159 1102 0.0284822
38.4394 259192 254848 0.163027 144.607 9.69225 144.607 9.36015 32162 1102 0.028053
38.4397 260640 256296 0.161649 144.607 9.69309 144.607 9.361 32165 1102 0.0276691
38.4426 262088 257744 0.154339 100.422 9.6999 100.422 9.36783 32190 1102 0.026135
38.5946 263536 259192 0.15287 11.2028 9.70582 11.2028 9.37505 32337 1102 0.0257586
38.5948 264984 260640 0.153261 144.607 9.70666 144.607 9.3759 32340 1102 0.0257305
38.5951 266432 262088 0.153603 144.607 9.70749 144.607 9.37674 32343 1102 0.0256939
38.6061 267880 263536 0.156313 97.4527 9.73262 97.4527 9.40196 32436 1102 0.0261081
38.7528 269328 264984 0.173423 6.71123 9.72118 6.71123 9.39177 32521 1102 0.0295968
38.7531 270776 266432 0.17162 144.607 9.72202 144.607 9.39261 32524 1102 0.0290913
38.7567 272224 267880 0.160502 99.6183 9.73038 99.6183 9.401 32555 1102 0.0266334
38.768 273672 269328 0.158948 97.4304 9.75593 97.4304 9.42665 32650 1102 0.0262244
38.9136 275120 270776 0.176301 4.69297 9.73698 4.69297 9.40893 32709 1102 0.0298606
38.9167 276568 272224 0.163925 100.113 9.74424 100.113 9.41622 32736 1102 0.0270367
38.9242 278016 273672 0.161375 97.9597 9.76112 97.9597 9.43316 32799 1102 0.0264149
38.9319 279464 275120 0.161383 97.9111 9.77853 97.9111 9.45064 32864 1102 0.0263186
39.0774 280912 276568 0.17721 3.1047 9.75368 3.1047 9.42701 32903 1102 0.0296806
39.0831 282360 278016 0.164499 98.4132 9.76677 98.4132 9.44014 32952 1102 0.0267651
39.0911 283808 279464 0.164006 97.8655 9.78464 97.8655 9.45808 33019 1102 0.0265653
39.0968 285256 280912 0.164084 98.4132 9.79771 98.4132 9.4712 33068 1102 0.0264847
39.2448 286704 282360 0.174603 3.05425 9.7723 3.05425 9.44702 33107 1102 0.0286887
39.2508 288152 283808 0.167085 98.3329 9.78585 98.3329 9.46062 33158 1102 0.0269258
39.2587 289600 285256 0.166909 97.8655 9.80365 97.8655 9.47848 33225 1102 0.0267924
39.2666 291048 286704 0.166997 97.8655 9.82143 97.8655 9.49633 33292 1102 0.0267156
39.4167 292496 288152 0.170518 3.16461 9.79609 3.16461 9.47222 33333 1102 0.0273862
39.4227 293944 289600 0.169284 98.3329 9.80958 98.3329 9.48577 33384 1102 0.0270199
39.4306 295392 291048 0.169274 97.8655 9.82729 97.8655 9.50354 33451 1102 0.0269232
39.584 296840 292496 0.187814 3.70206 9.80356 3.70206 9.48107 33500 1102 0.0312245
39.5893 298288 293944 0.172775 98.5958 9.81542 98.5958 9.49297 33545 1102 0.027512
39.5974 299736 295392 0.17202 97.8225 9.83358 97.8225 9.5112 33614 1102 0.0272486
39.6056 301184 296840 0.17201 97.8225 9.85173 97.8225 9.52942 33683 1102 0.0271529
39.7612 302632 298288 0.173878 3.94552 9.82862 3.94552 9.50756 33736 1102 0.0274816
39.7696 304080 299736 0.174031 97.782 9.84722 97.782 9.52623 33807 1102 0.0274238
39.7759 305528 301184 0.174208 98.2587 9.86111 98.2587 9.54017 33860 1102 0.0273715
39.934 306976 302632 0.174469 4.3221 9.83918 4.3221 9.51951 33919 1102 0.0273388
39.9417 308424 304080 0.176287 97.9111 9.85613 97.9111 9.53653 33984 1102 0.0276665
39.9511 309872 305528 0.176451 97.6408 9.87673 97.6408 9.5572 34063 1102 0.0276129
40.1121 311320 306976 0.195761 4.96413 9.85701 4.96413 9.53876 34132 1102 0.0323918
40.1181 312768 308424 0.178933 98.3329 9.87026 98.3329 9.55206 34183 1102 0.0280147
40.1311 314216 309872 0.178515 97.2974 9.89853 97.2974 9.58043 34292 1102 0.0278246
40.2944 315664 311320 0.179959 5.17848 9.8794 5.17848 9.56259 34365 1102 0.0280786
40.303 317112 312768 0.18066 97.7437 9.89826 97.7437 9.58152 34438 1102 0.0281571
40.316 318560 314216 0.180799 97.2974 9.9264 97.2974 9.60976 34547 1102 0.0281007
40.4808 320008 315664 0.182609 5.26994 9.90743 5.26994 9.59208 34622 1102 0.0284518
40.4941 321456 317112 0.182449 97.2812 9.93595 97.2812 9.62071 34733 1102 0.0283233
40.6604 322904 318560 0.183442 5.22425 9.91668 5.22425 9.60272 34808 1102 0.0284782
40.6736 324352 320008 0.184015 97.2812 9.94507 97.2812 9.63122 34919 1102 0.0285313
40.8455 325800 321456 0.184896 7.61268 9.93525 7.61268 9.62272 35032 1102 0.0286623
40.859 327248 322904 0.185361 97.2656 9.96402 97.2656 9.65159 35145 1102 0.0286905
41.0326 328696 324352 0.186516 7.67235 9.95432 7.67235 9.64321 35260 1102 0.0288936
41.2183 330144 325800 0.187164 12.9164 9.96766 12.9164 9.65795 35467 1102 0.0289704
41.2344 331592 327248 0.188293 97.1242 10.0017 97.1242 9.69211 35602 1102 0.0291717
41.418 333040 328696 0.189415 11.4197 10.008 11.4197 9.69977 35783 1102 0.029374
41.6003 334488 330144 0.194238 10.4857 10.0101 10.4857 9.70321 35948 1102 0.0305589
41.7917 335936 331592 0.190905 14.1006 10.0288 14.1006 9.72335 36181 1102 0.0295891
41.9834 337384 333040 0.194942 14.0741 10.0473 14.0741 9.74323 36414 1102 0.0305761
42.3653 338832 334488 0.213411 13.2564 10.0762 13.2564 9.77489 36851 1102 0.0358161
45.0812 340280 335936 0.194287 13.9689 10.3107 13.9689 10.0276 40126 1102 0.0302287
45.2824 341728 337384 0.194766 16.7485 10.3393 16.7485 10.0574 40417 1102 0.0302725
45.6656 343176 338832 0.194983 12.5456 10.3579 12.5456 10.0783 40832 1102 0.030246
45.8613 344624 340280 0.195304 14.0344 10.3735 14.0344 10.0952 41069 1102 0.0302484
46.057 346072 341728 0.216707 14.0257 10.3891 14.0257 10.1119 41306 1102 0.036414
46.0572 347520 343176 0.214118 144.607 10.3898 144.607 10.1126 41309 1102 0.0355255
46.2539 348968 344624 0.196108 13.9572 10.4049 13.9572 10.1289 41546 1102 0.0302148
46.4517 350416 346072 0.197315 14.1152 10.4207 14.1152 10.1459 41787 1102 0.0304615
46.452 351864 347520 0.197401 144.607 10.4214 144.607 10.1466 41790 1102 0.030402
46.6499 353312 348968 0.219125 13.9895 10.4366 13.9895 10.1629 42029 1102 0.0367611
46.6501 354760 350416 0.21661 144.607 10.4372 144.607 10.1636 42032 1102 0.0358844
46.8492 356208 351864 0.2199 14.0215 10.4525 14.0215 10.18 42273 1102 0.0368436
46.8494 357656 353312 0.217412 144.607 10.4532 144.607 10.1807 42276 1102 0.0359725
46.8497 359104 354760 0.215111 144.607 10.4539 144.607 10.1814 42279 1102 0.0351716
47.0499 360552 356208 0.221261 13.9457 10.4687 13.9457 10.1974 42520 1102 0.037036
47.0501 362000 357656 0.218728 144.607 10.4694 144.607 10.1981 42523 1102 0.0361447
47.0624 363448 359104 0.201171 97.3499 10.492 97.3499 10.2208 42626 1102 0.0307986
47.252 364896 360552 0.201189 8.85849 10.4855 8.85849 10.2153 42771 1102 0.0307233
47.2522 366344 362000 0.201415 144.607 10.4862 144.607 10.216 42774 1102 0.0307073
47.2565 367792 363448 0.202325 99.0827 10.4943 99.0827 10.2241 42811 1102 0.0308856
47.4559 369240 364896 0.224289 12.3775 10.5022 12.3775 10.2332 43024 1102 0.0375409
47.4561 370688 366344 0.221878 144.607 10.5029 144.607 10.2339 43027 1102 0.0366753
47.4564 372136 367792 0.219643 144.607 10.5035 144.607 10.2345 43030 1102 0.0358779
47.6616 373584 369240 0.204586 14.1672 10.5193 14.1672 10.2515 43281 1102 0.0312183
47.6618 375032 370688 0.204762 144.607 10.52 144.607 10.2521 43284 1102 0.0311912
47.6621 376480 372136 0.204917 144.607 10.5207 144.607 10.2528 43287 1102 0.031158
47.6623 377928 373584 0.205052 144.607 10.5213 144.607 10.2535 43290 1102 0.0311196
47.8676 379376 375032 0.228093 14.1672 10.537 14.1672 10.2703 43541 1102 0.0382572
47.8678 380824 376480 0.225331 144.607 10.5376 144.607 10.271 43544 1102 0.0372593
47.868 382272 377928 0.22304 144.607 10.5383 144.607 10.2716 43547 1102 0.0364301
47.8684 380824 379376 0.22304 160.095 10.5394 160.095 10.2728 43552 1102 0.0363537
47.8685 379932 379376 0.22304 96.4048 10.5397 0 10.2727 43553 1103 0.0363514
47.8686 378037 376480 0.22304 0 10.5396 0 10.2727 43553 1103 0.0365096
47.8688 377591 376480 0.22304 96.4048 10.5398 0 10.2727 43554 1104 0.0365035
47.8689 375697 373584 0.22304 0 10.5398 0 10.2727 43554 1104 0.036664
47.869 375250 373584 0.22304 96.4048 10.54 0 10.2726 43555 1105 0.036658
47.8691 374804 373584 0.22304 96.4048 10.5403 0 10.2726 43556 1106 0.036658
47.8692 374357 372136 0.22304 0 10.5402 0 10.2726 43556 1106 0.0367357
47.8694 373911 372136 0.22304 96.4048 10.5404 0 10.2726 43557 1107 0.0367357
47.8695 373465 372136 0.22304 96.4048 10.5407 0 10.2725 43558 1108 0.0367357
47.8696 373018 370688 0.22304 0 10.5406 0 10.2725 43558 1108 0.0368136
47.8697 370688 370688 0.22304 96.4048 10.5408 0 10.2725 43559 1109 0.0368229
47.8698 369240 369240 0.22304 0 10.5408 0 10.2725 43559 1109 0.0368953
47.87 367792 367792 0.22304 0 10.5408 0 10.2724 43559 1109 0.0369738
47.8701 366344 366344 0.22304 0 10.5408 0 10.2724 43559 1109 0.0370527
47.8702 364896 364896 0.22304 0 10.5407 0 10.2724 43559 1109 0.0371318
47.8703 363448 363448 0.22304 0 10.5407 0 10.2724 43559 1109 0.0372113
47.8704 362000 362000 0.22304 0 10.5407 0 10.2723 43559 1109 0.037291
47.8706 360552 360552 0.22304 0 10.5407 0 10.2723 43559 1109 0.0373711
47.8707 359104 359104 0.22304 0 10.5406 0 10.2723 43559 1109 0.0374515
47.8708 357656 357656 0.22304 0 10.5406 0 10.2722 43559 1109 0.0375321
47.8709 356957 356208 0.22304 0 10.5406 0 10.2722 43559 1109 0.0376102
47.871 354760 354760 0.22304 0 10.5406 0 10.2722 43559 1109 0.0376991
47.8712 353312 353312 0.22304 0 10.5405 0 10.2722 43559 1109 0.0377758
47.8713 351864 351864 0.22304 0 10.5405 0 10.2721 43559 1109 0.0378577
47.8714 350416 350416 0.22304 0 10.5405 0 10.2721 43559 1109 0.0379398
47.8715 348968 348968 0.22304 0 10.5404 0 10.2721 43559 1109 0.0380223
47.8717 347520 347520 0.22304 0 10.5404 0 10.2721 43559 1109 0.038105
47.8718 346072 346072 0.22304 0 10.5404 0 10.272 43559 1109 0.038188
47.8719 344624 344624 0.22304 0 10.5404 0 10.272 43559 1109 0.0382714
47.872 343176 343176 0.22304 0 10.5403 0 10.272 43559 1109 0.038355
47.8721 341728 341728 0.22304 0 10.5403 0 10.272 43559 1109 0.0384389
47.8723 340896 340280 0.22304 0 10.5403 0 10.2719 43559 1109 0.0385207
47.8724 338832 338832 0.22304 0 10.5403 0 10.2719 43559 1109 0.0386115
47.8725 337384 337384 0.22304 0 10.5402 0 10.2719 43559 1109 0.0386925
47.8726 335936 335936 0.22304 0 10.5402 0 10.2719 43559 1109 0.0387776
47.8727 334488 334488 0.22304 0 10.5402 0 10.2718 43559 1109 0.038863
47.8729 333040 333040 0.22304 0 10.5402 0 10.2718 43559 1109 0.0389488
47.873 331592 331592 0.22304 0 10.5401 0 10.2718 43559 1109 0.0390348
47.8731 330144 330144 0.22304 0 10.5401 0 10.2718 43559 1109 0.0391211
47.8732 328696 328696 0.22304 0 10.5401 0 10.2717 43559 1109 0.0392077
47.8733 327248 327248 0.22304 0 10.5401 0 10.2717 43559 1109 0.0392946
47.8735 325800 325800 0.22304 0 10.54 0 10.2717 43559 1109 0.0393818
47.8736 324835 324352 0.22304 0 10.54 0 10.2717 43559 1109 0.0394673
47.8737 322904 322904 0.22304 0 10.54 0 10.2716 43559 1109 0.03956
47.8738 321456 321456 0.22304 0 10.5399 0 10.2716 43559 1109 0.0396453
47.8739 320008 320008 0.22304 0 10.5399 0 10.2716 43559 1109 0.0397337
47.8741 318560 318560 0.22304 0 10.5399 0 10.2716 43559 1109 0.0398224
47.8742 317112 317112 0.22304 0 10.5399 0 10.2715 43559 1109 0.0399114
47.8743 315664 315664 0.22304 0 10.5398 0 10.2715 43559 1109 0.0400006
47.8744 314216 314216 0.22304 0 10.5398 0 10.2715 43559 1109 0.0400902
47.8745 312768 312768 0.22304 0 10.5398 0 10.2714 43559 1109 0.0401801
47.8747 311320 311320 0.22304 0 10.5398 0 10.2714 43559 1109 0.0402703
47.8748 309872 309872 0.22304 0 10.5397 0 10.2714 43559 1109 0.0403608
47.8749 308774 308424 0.22304 0 10.5397 0 10.2714 43559 1109 0.04045
47.875 306976 306976 0.22304 0 10.5397 0 10.2713 43559 1109 0.0405447
47.8751 305528 305528 0.22304 0 10.5397 0 10.2713 43559 1109 0.0406341
47.8753 304080 304080 0.22304 0 10.5396 0 10.2713 43559 1109 0.0407258
47.8754 302632 302632 0.22304 0 10.5396 0 10.2713 43559 1109 0.0408177
47.8755 301184 301184 0.22304 0 10.5396 0 10.2712 43559 1109 0.04091
47.8756 299736 299736 0.22304 0 10.5396 0 10.2712 43559 1109 0.0410026
47.8757 298288 298288 0.22304 0 10.5395 0 10.2712 43559 1109 0.0410955
47.8759 296840 296840 0.22304 0 10.5395 0 10.2712 43559 1109 0.0411886
47.876 295392 295392 0.22304 0 10.5395 0 10.2711 43559 1109 0.0412821
47.8761 293944 293944 0.22304 0 10.5394 0 10.2711 43559 1109 0.0413759
47.8762 292713 292496 0.22304 0 10.5394 0 10.2711 43559 1109 0.0414689
47.8763 291048 291048 0.22304 0 10.5394 0 10.2711 43559 1109 0.0415655
47.8765 289600 289600 0.22304 0 10.5394 0 10.271 43559 1109 0.041659
47.8766 288152 288152 0.22304 0 10.5393 0 10.271 43559 1109 0.041754
47.8767 286704 286704 0.22304 0 10.5393 0 10.271 43559 1109 0.0418492
47.8768 285256 285256 0.22304 0 10.5393 0 10.271 43559 1109 0.0419448
47.8769 283808 283808 0.22304 0 10.5393 0 10.2709 43559 1109 0.0420406
47.8771 282360 282360 0.22304 0 10.5392 0 10.2709 43559 1109 0.0421368
47.8772 280912 280912 0.22304 0 10.5392 0 10.2709 43559 1109 0.0422332
47.8773 279464 279464 0.22304 0 10.5392 0 10.2709 43559 1109 0.04233
47.8774 278016 278016 0.22304 0 10.5392 0 10.2708 43559 1109 0.042427
47.8775 276652 276568 0.22304 0 10.5391 0 10.2708 43559 1109 0.042524
47.8777 275120 275120 0.22304 0 10.5391 0 10.2708 43559 1109 0.0426225
47.8778 273672 273672 0.22304 0 10.5391 0 10.2708 43559 1109 0.04272
47.8779 272224 272224 0.22304 0 10.539 0 10.2707 43559 1109 0.0428182
47.878 270776 270776 0.22304 0 10.539 0 10.2707 43559 1109 0.0429168
47.8781 269328 269328 0.22304 0 10.539 0 10.2707 43559 1109 0.0430156
47.8783 267880 267880 0.22304 0 10.539 0 10.2706 43559 1109 0.0431147
47.8784 266432 266432 0.22304 0 10.5389 0 10.2706 43559 1109 0.0432142
48.024 267880 264984 0.22304 14.2382 10.5502 0 10.2395 43738 1288 0.0433139
48.0243 269328 264984 0.214535 96.4048 10.5506 96.4048 10.2399 43740 1288 0.0406129
48.0334 270776 266432 0.146693 97.6733 10.5672 97.6733 10.2565 43817 1288 0.0241478
48.1706 272224 267880 0.146416 8.01966 10.5599 8.01966 10.2502 43912 1288 0.0240004
48.1708 273672 269328 0.146614 144.607 10.5606 144.607 10.2508 43915 1288 0.0239356
48.1711 275120 270776 0.146912 144.607 10.5612 144.607 10.2515 43918 1288 0.0238885
48.1713 276568 272224 0.147048 144.607 10.5619 144.607 10.2522 43921 1288 0.0238136
48.1716 278016 273672 0.147167 144.607 10.5626 144.607 10.2528 43924 1288 0.0237361
48.186 279464 275120 0.148453 97.2082 10.5885 97.2082 10.2789 44045 1288 0.023864
48.3218 280912 276568 0.164583 5.03352 10.5729 5.03352 10.2641 44104 1288 0.0268801
48.322 282360 278016 0.16301 144.607 10.5736 144.607 10.2648 44107 1288 0.0264562
48.3222 283808 279464 0.161634 144.607 10.5742 144.607 10.2655 44110 1288 0.0260775
48.3225 285256 280912 0.16043 144.607 10.5749 144.607 10.2661 44113 1288 0.0257374
48.3227 286704 282360 0.159251 144.607 10.5756 144.607 10.2668 44116 1288 0.0254056
48.477 288152 283808 0.168722 13.8901 10.5861 13.8901 10.2783 44301 1288 0.0272792
48.4773 289600 285256 0.167132 144.607 10.5868 144.607 10.279 44304 1288 0.0268401
48.4775 291048 286704 0.165616 144.607 10.5874 144.607 10.2797 44307 1288 0.0264219
48.4777 292496 288152 0.164289 144.607 10.5881 144.607 10.2803 44310 1288 0.0260481
48.478 293944 289600 0.163128 144.607 10.5888 144.607 10.281 44313 1288 0.0257123
48.4895 295392 291048 0.156006 97.409 10.6094 97.409 10.3017 44410 1288 0.0241995
48.6355 296840 292496 0.156241 7.53782 10.6002 7.53782 10.2934 44505 1288 0.0241503
48.6357 298288 293944 0.156461 144.607 10.6009 144.607 10.2941 44508 1288 0.0240986
48.636 299736 295392 0.156653 144.607 10.6015 144.607 10.2947 44511 1288 0.024042
48.6362 301184 296840 0.156947 144.607 10.6022 144.607 10.2954 44514 1288 0.0240053
48.7974 302632 298288 0.15955 14.3062 10.6144 14.3062 10.3087 44713 1288 0.0244238
48.7976 304080 299736 0.159857 144.607 10.6151 144.607 10.3093 44716 1288 0.024392
48.7978 305528 301184 0.160125 144.607 10.6157 144.607 10.31 44719 1288 0.024353
48.8014 306976 302632 0.162088 99.6183 10.6223 99.6183 10.3166 44750 1288 0.0246578
48.8142 308424 304080 0.16236 97.3143 10.6449 97.3143 10.3393 44857 1288 0.0246213
48.9621 309872 305528 0.162656 5.40368 10.6291 5.40368 10.3244 44926 1288 0.0245905
48.9652 311320 306976 0.164689 100.113 10.6348 100.113 10.3301 44953 1288 0.0249204
48.9717 312768 308424 0.165102 98.1901 10.6464 98.1901 10.3417 45008 1288 0.0249161
48.9804 314216 309872 0.165382 97.7437 10.6618 97.7437 10.3572 45081 1288 0.0248841
49.1303 315664 311320 0.18336 4.71209 10.6436 4.71209 10.3399 45142 1288 0.028906
49.1325 317112 312768 0.172943 101.761 10.6476 101.761 10.344 45161 1288 0.0263544
49.139 318560 314216 0.168714 98.1901 10.6592 98.1901 10.3556 45216 1288 0.0253269
49.1479 320008 315664 0.168643 97.7076 10.6749 97.7076 10.3714 45291 1288 0.025222
49.3016 321456 317112 0.187102 5.35163 10.6584 5.35163 10.3557 45362 1288 0.0294842
49.3028 322904 318560 0.179438 106.045 10.6607 106.045 10.3581 45373 1288 0.0275059
49.3092 324352 320008 0.171966 98.1901 10.6722 98.1901 10.3696 45428 1288 0.025688
49.316 325800 321456 0.171612 98.1263 10.6841 98.1263 10.3816 45485 1288 0.0255206
49.3251 327248 322904 0.171968 97.6733 10.7002 97.6733 10.3977 45562 1288 0.025512
49.4785 328696 324352 0.179123 3.39719 10.6776 3.39719 10.376 45607 1288 0.0270776
49.4841 330144 325800 0.175199 98.5005 10.6874 98.5005 10.3859 45654 1288 0.0260706
49.4908 331592 327248 0.17501 98.1263 10.6993 98.1263 10.3978 45711 1288 0.0259399
49.4999 333040 328696 0.175266 97.6733 10.7153 97.6733 10.4139 45788 1288 0.0259121
49.656 334488 330144 0.177082 3.48809 10.6926 3.48809 10.3921 45835 1288 0.0262474
49.6623 335936 331592 0.177965 98.2587 10.7036 98.2587 10.4032 45888 1288 0.0263685
49.6685 337384 333040 0.177993 98.2587 10.7146 98.2587 10.4142 45941 1288 0.0262892
49.6779 338832 334488 0.178141 97.6408 10.731 97.6408 10.4307 46020 1288 0.0262384
49.8365 340280 335936 0.180042 3.43259 10.7078 3.43259 10.4084 46067 1288 0.0266057
49.8435 341728 337384 0.180878 98.0669 10.72 98.0669 10.4207 46126 1288 0.026722
49.8528 343176 338832 0.181132 97.6408 10.7364 97.6408 10.4371 46205 1288 0.0266987
50.0182 344624 340280 0.181489 5.81511 10.7201 5.81511 10.4218 46288 1288 0.0267008
50.0211 346072 341728 0.183304 100.422 10.7253 100.422 10.427 46313 1288 0.0270607
50.0292 347520 343176 0.183951 97.8225 10.7395 97.8225 10.4413 46382 1288 0.027137
50.0377 348968 344624 0.183932 97.782 10.7541 97.782 10.456 46453 1288 0.0270485
50.2048 350416 346072 0.203854 5.19796 10.7356 5.19796 10.4384 46528 1288 0.0323002
50.2106 351864 347520 0.187724 98.4132 10.7457 98.4132 10.4486 46577 1288 0.0278364
50.2202 353312 348968 0.187065 97.6099 10.7623 97.6099 10.4652 46658 1288 0.0275859
50.3938 354760 350416 0.207255 7.53892 10.7512 7.53892 10.4552 46771 1288 0.033042
50.3974 356208 351864 0.191726 99.6183 10.7576 99.6183 10.4615 46802 1288 0.0286276
50.4121 357656 353312 0.189499 97.195 10.7827 97.195 10.4868 46925 1288 0.0279639
50.5851 359104 354760 0.189767 6.22614 10.7671 6.22614 10.4722 47018 1288 0.0279517
50.5913 360552 356208 0.191519 98.2587 10.7779 98.2587 10.483 47071 1288 0.0283283
50.6062 362000 357656 0.1918 97.1823 10.8034 97.1823 10.5085 47196 1288 0.0283214
50.78 363448 359104 0.202043 5.53361 10.7853 5.53361 10.4915 47279 1288 0.0310456
50.7951 364896 360552 0.193898 97.1699 10.8111 97.1699 10.5174 47406 1288 0.0287178
50.9742 366344 362000 0.194203 7.31124 10.7988 7.31124 10.5061 47519 1288 0.0287194
50.986 367792 363448 0.19577 97.3885 10.8188 97.3885 10.5262 47618 1288 0.0290629
51.172 369240 364896 0.19601 9.65293 10.8146 9.65293 10.523 47773 1288 0.0290485
51.1787 370688 366344 0.198002 98.1263 10.826 98.1263 10.5345 47830 1288 0.0295152
51.3712 372136 367792 0.198346 11.9754 10.8303 11.9754 10.5399 48029 1288 0.0295314
51.3731 373584 369240 0.199106 102.43 10.8338 102.43 10.5433 48046 1288 0.0296638
51.572 375032 370688 0.19943 14.0384 10.8461 14.0384 10.5568 48287 1288 0.0296757
51.5898 376480 372136 0.201 97.0562 10.8759 97.0562 10.5866 48436 1288 0.0300381
51.7922 377928 373584 0.202455 14.9327 10.8917 14.9327 10.6036 48697 1288 0.0303729
51.9957 379376 375032 0.203407 14.8622 10.9072 14.8622 10.6203 48958 1288 0.0305676
52.2004 380824 376480 0.20478 14.8794 10.9228 14.8794 10.637 49221 1288 0.0308861
52.5936 382272 377928 0.22747 10.9899 10.9233 10.9899 10.6396 49594 1288 0.0378942
52.8001 379376 377928 0.228034 14.9738 10.9392 14.9738 10.6566 49861 1288 0.0380948
52.8003 378484 377928 0.228034 96.4048 10.9394 0 10.6566 49862 1289 0.0380813
52.8004 378037 376480 0.228034 0 10.9393 0 10.6565 49862 1289 0.038157
52.8005 377591 376480 0.228034 96.4048 10.9395 0 10.6565 49863 1290 0.038157
52.8006 377145 375032 0.228034 0 10.9395 0 10.6565 49863 1290 0.0382341
52.8007 376698 375032 0.228034 96.4048 10.9397 0 10.6565 49864 1291 0.0382341
52.8009 376252 375032 0.228034 96.4048 10.9399 0 10.6564 49865 1292 0.0382341
52.801 375805 373584 0.228034 0 10.9399 0 10.6564 49865 1292 0.0383115
52.8011 375359 373584 0.228034 96.4048 10.9401 0 10.6564 49866 1293 0.0383115
52.8012 374913 373584 0.228034 96.4048 10.9403 0 10.6564 49867 1294 0.0383115
52.8013 374466 372136 0.228034 0 10.9402 0 10.6564 49867 1294 0.0383891
52.8015 372136 372136 0.228034 96.4048 10.9404 0 10.6563 49868 1295 0.0383984
52.8016 370688 370688 0.228034 0 10.9404 0 10.6563 49868 1295 0.0384705
52.8017 369240 369240 0.228034 0 10.9404 0 10.6563 49868 1295 0.0385487
52.8018 367792 367792 0.228034 0 10.9404 0 10.6563 49868 1295 0.0386273
52.8019 366344 366344 0.228034 0 10.9403 0 10.6562 49868 1295 0.0387061
52.8021 364896 364896 0.228034 0 10.9403 0 10.6562 49868 1295 0.0387853
52.8022 363448 363448 0.228034 0 10.9403 0 10.6562 49868 1295 0.0388648
52.8023 362000 362000 0.228034 0 10.9403 0 10.6562 49868 1295 0.0389445
52.8024 360552 360552 0.228034 0 10.9402 0 10.6561 49868 1295 0.0390246
52.8025 359104 359104 0.228034 0 10.9402 0 10.6561 49868 1295 0.0391049
52.8027 358405 357656 0.228034 0 10.9402 0 10.6561 49868 1295 0.0391827
52.8028 356208 356208 0.228034 0 10.9402 0 10.6561 49868 1295 0.0392714
52.8029 354760 354760 0.228034 0 10.9401 0 10.656 49868 1295 0.0393478
52.803 353312 353312 0.228034 0 10.9401 0 10.656 49868 1295 0.0394293
52.8031 351864 351864 0.228034 0 10.9401 0 10.656 49868 1295 0.0395112
52.8033 350416 350416 0.228034 0 10.9401 0 10.656 49868 1295 0.0395933
52.8034 348968 348968 0.228034 0 10.94 0 10.6559 49868 1295 0.0396757
52.8035 347520 347520 0.228034 0 10.94 0 10.6559 49868 1295 0.0397585
52.8036 346072 346072 0.228034 0 10.94 0 10.6559 49868 1295 0.0398415
52.8037 344624 344624 0.228034 0 10.94 0 10.6559 49868 1295 0.0399248
52.8039 343176 343176 0.228034 0 10.9399 0 10.6558 49868 1295 0.0400085
52.804 342344 341728 0.228034 0 10.9399 0 10.6558 49868 1295 0.0400899
52.8041 340280 340280 0.228034 0 10.9399 0 10.6558 49868 1295 0.0401805
52.8042 338832 338832 0.228034 0 10.9399 0 10.6558 49868 1295 0.0402611
52.8043 337384 337384 0.228034 0 10.9398 0 10.6557 49868 1295 0.040346
52.8045 335936 335936 0.228034 0 10.9398 0 10.6557 49868 1295 0.0404311
52.8046 334488 334488 0.228034 0 10.9398 0 10.6557 49868 1295 0.0405165
52.8047 333040 333040 0.228034 0 10.9398 0 10.6557 49868 1295 0.0406022
52.8048 331592 331592 0.228034 0 10.9397 0 10.6556 49868 1295 0.0406883
52.8049 330144 330144 0.228034 0 10.9397 0 10.6556 49868 1295 0.0407746
52.8051 328696 328696 0.228034 0 10.9397 0 10.6556 49868 1295 0.0408612
52.8052 327248 327248 0.228034 0 10.9397 0 10.6556 49868 1295 0.0409481
52.8053 326283 325800 0.228034 0 10.9396 0 10.6556 49868 1295 0.0410332
52.8054 324352 324352 0.228034 0 10.9396 0 10.6555 49868 1295 0.0411257
52.8055 322904 322904 0.228034 0 10.9396 0 10.6555 49868 1295 0.0412106
52.8057 321456 321456 0.228034 0 10.9396 0 10.6555 49868 1295 0.0412987
52.8058 320008 320008 0.228034 0 10.9395 0 10.6555 49868 1295 0.0413871
52.8059 318560 318560 0.228034 0 10.9395 0 10.6554 49868 1295 0.0414758
52.806 317112 317112 0.228034 0 10.9395 0 10.6554 49868 1295 0.0415648
52.8061 315664 315664 0.228034 0 10.9395 0 10.6554 49868 1295 0.0416541
52.8063 314216 314216 0.228034 0 10.9394 0 10.6554 49868 1295 0.0417437
52.8064 312768 312768 0.228034 0 10.9394 0 10.6553 49868 1295 0.0418336
52.8065 311320 311320 0.228034 0 10.9394 0 10.6553 49868 1295 0.0419238
52.8066 310222 309872 0.228034 0 10.9394 0 10.6553 49868 1295 0.0420127
52.8067 308424 308424 0.228034 0 10.9393 0 10.6553 49868 1295 0.0421071
52.8069 306976 306976 0.228034 0 10.9393 0 10.6552 49868 1295 0.0421962
52.807 305528 305528 0.228034 0 10.9393 0 10.6552 49868 1295 0.0422875
52.8071 304080 304080 0.228034 0 10.9393 0 10.6552 49868 1295 0.0423792
52.8072 302632 302632 0.228034 0 10.9392 0 10.6552 49868 1295 0.0424712
52.8073 301184 301184 0.228034 0 10.9392 0 10.6551 49868 1295 0.0425635
52.8075 299736 299736 0.228034 0 10.9392 0 10.6551 49868 1295 0.0426561
52.8076 298288 298288 0.228034 0 10.9392 0 10.6551 49868 1295 0.0427489
52.8077 296840 296840 0.228034 0 10.9391 0 10.6551 49868 1295 0.0428421
52.8078 295392 295392 0.228034 0 10.9391 0 10.655 49868 1295 0.0429356
52.8079 294161 293944 0.228034 0 10.9391 0 10.655 49868 1295 0.0430283
52.8081 292496 292496 0.228034 0 10.9391 0 10.655 49868 1295 0.0431246
52.8082 291048 291048 0.228034 0 10.939 0 10.655 49868 1295 0.0432178
52.8083 289600 289600 0.228034 0 10.939 0 10.6549 49868 1295 0.0433125
52.8084 288152 288152 0.228034 0 10.939 0 10.6549 49868 1295 0.0434074
52.8085 286704 286704 0.228034 0 10.939 0 10.6549 49868 1295 0.0435027
52.8087 285256 285256 0.228034 0 10.9389 0 10.6549 49868 1295 0.0435982
52.8088 283808 283808 0.228034 0 10.9389 0 10.6548 49868 1295 0.0436941
52.8089 282360 282360 0.228034 0 10.9389 0 10.6548 49868 1295 0.0437903
52.809 280912 280912 0.228034 0 10.9389 0 10.6548 49868 1295 0.0438867
52.8091 279464 279464 0.228034 0 10.9388 0 10.6548 49868 1295 0.0439835
52.8093 278100 278016 0.228034 0 10.9388 0 10.6548 49868 1295 0.0440801
52.8094 276568 276568 0.228034 0 10.9388 0 10.6547 49868 1295 0.0441783
52.8095 275120 275120 0.228034 0 10.9388 0 10.6547 49868 1295 0.0442755
52.8096 273672 273672 0.228034 0 10.9387 0 10.6547 49868 1295 0.0443735
52.8097 272224 272224 0.228034 0 10.9387 0 10.6547 49868 1295 0.0444717
52.8099 270776 270776 0.228034 0 10.9387 0 10.6546 49868 1295 0.0445702
52.81 269328 269328 0.228034 0 10.9387 0 10.6546 49868 1295 0.0446691
52.8101 267880 267880 0.228034 0 10.9386 0 10.6546 49868 1295 0.0447682
52.8102 266432 266432 0.228034 0 10.9386 0 10.6546 49868 1295 0.0448676
52.9542 267880 264984 0.228034 14.324 10.9478 0 10.6256 50046 1473 0.0449674
52.9544 269328 264984 0.21878 96.4048 10.9482 96.4048 10.626 50048 1473 0.041943
52.9635 270776 266432 0.145256 97.6733 10.9632 97.6733 10.641 50125 1473 0.0239008
53.1001 272224 267880 0.145031 8.74093 10.9575 8.74093 10.6361 50228 1473 0.023763
53.1003 273672 269328 0.145277 144.607 10.9581 144.607 10.6367 50231 1473 0.0237058
53.1005 275120 270776 0.145367 144.607 10.9587 144.607 10.6373 50234 1473 0.0236224
53.1008 276568 272224 0.145447 144.607 10.9593 144.607 10.6379 50237 1473 0.0235374
53.1097 278016 273672 0.14654 97.7076 10.9738 97.7076 10.6525 50312 1473 0.0236272
53.249 279464 275120 0.162677 8.89251 10.9683 8.89251 10.6479 50419 1473 0.0265827
53.2493 280912 276568 0.160968 144.607 10.9689 144.607 10.6485 50422 1473 0.0261369
53.2524 282360 278016 0.151678 100.113 10.9742 100.113 10.6538 50449 1473 0.0242499
53.2603 283808 279464 0.149779 97.8655 10.9871 97.8655 10.6667 50516 1473 0.0238082
53.4013 285256 280912 0.14997 8.13647 10.9796 8.13647 10.6601 50615 1473 0.0237458
53.4015 286704 282360 0.150224 144.607 10.9802 144.607 10.6607 50618 1473 0.0236951
53.4018 288152 283808 0.150446 144.607 10.9808 144.607 10.6613 50621 1473 0.0236391
53.4073 289600 285256 0.152602 98.5005 10.9898 98.5005 10.6704 50668 1473 0.023938
53.4152 291048 286704 0.152655 97.8655 11.0027 97.8655 10.6833 50735 1473 0.0238521
53.4232 292496 288152 0.152708 97.8655 11.0156 97.8655 10.6962 50802 1473 0.0237668
53.5586 293944 289600 0.154751 2.99394 10.9954 2.99394 10.6768 50837 1473 0.0240548
53.5634 295392 291048 0.155259 98.8149 11.0032 98.8149 10.6847 50878 1473 0.0240567
53.5694 296840 292496 0.1553 98.3329 11.013 98.3329 10.6945 50929 1473 0.0239701
53.5756 298288 293944 0.15551 98.2587 11.0232 98.2587 10.7047 50982 1473 0.023916
53.7143 299736 295392 0.155932 3.42513 11.0036 3.42513 10.6859 51023 1473 0.0239031
53.717 301184 296840 0.157567 100.787 11.008 100.787 10.6904 51046 1473 0.024126
53.722 302632 298288 0.1583 98.7001 11.0163 98.7001 10.6986 51089 1473 0.0241764
53.7282 304080 299736 0.158534 98.2587 11.0264 98.2587 10.7088 51142 1473 0.0241295
53.7345 305528 301184 0.158763 98.2587 11.0365 98.2587 10.719 51195 1473 0.0240822
53.8751 306976 302632 0.158866 3.21349 11.0161 3.21349 10.6994 51234 1473 0.0240102
53.8782 308424 304080 0.160688 100.113 11.0213 100.113 10.7046 51261 1473 0.0242819
53.8833 309872 305528 0.161215 98.7001 11.0295 98.7001 10.7128 51304 1473 0.0242967
53.8897 311320 306976 0.1612 98.1901 11.04 98.1901 10.7234 51359 1473 0.0242022
53.8982 312768 308424 0.161427 97.782 11.0535 97.782 10.737 51430 1473 0.0241571
54.0413 314216 309872 0.168659 2.99494 11.0322 2.99494 10.7164 51467 1473 0.0255856
54.0456 315664 311320 0.164836 99.0827 11.0392 99.0827 10.7235 51504 1473 0.024679
54.0509 317112 312768 0.164441 98.5958 11.0478 98.5958 10.7321 51549 1473 0.024506
54.0574 318560 314216 0.164739 98.1901 11.0583 98.1901 10.7426 51604 1473 0.0244785
54.2062 320008 315664 0.164988 5.05756 11.0418 5.05756 10.727 51669 1473 0.0244411
54.2065 321456 317112 0.165239 144.607 11.0424 144.607 10.7276 51672 1473 0.0244047
54.2118 322904 318560 0.167253 98.5958 11.0509 98.5958 10.7362 51717 1473 0.0247436
54.2185 324352 320008 0.167593 98.1263 11.0617 98.1263 10.747 51774 1473 0.024728
54.2274 325800 321456 0.167601 97.7076 11.0759 97.7076 10.7613 51849 1473 0.0246412
54.376 327248 322904 0.167924 3.50705 11.0552 3.50705 10.7414 51894 1473 0.0246227
54.3806 328696 324352 0.169836 98.9418 11.0626 98.9418 10.7488 51933 1473 0.0249513
54.3873 330144 325800 0.170249 98.1263 11.0734 98.1263 10.7597 51990 1473 0.0249546
54.3965 331592 327248 0.170311 97.6733 11.0879 97.6733 10.7742 52067 1473 0.0248811
54.5479 333040 328696 0.18857 4.20815 11.0688 4.20815 10.756 52122 1473 0.029156
54.5515 334488 330144 0.174325 99.6183 11.0747 99.6183 10.7619 52153 1473 0.0256093
54.5582 335936 331592 0.172402 98.1263 11.0854 98.1263 10.7727 52210 1473 0.025087
54.5676 337384 333040 0.172236 97.6408 11.1003 97.6408 10.7876 52289 1473 0.0249638
54.7227 338832 334488 0.191024 4.85384 11.0826 4.85384 10.7708 52354 1473 0.0294483
54.7275 340280 335936 0.17637 98.8149 11.0903 98.8149 10.7785 52395 1473 0.0257377
54.7369 341728 337384 0.17523 97.6408 11.1051 97.6408 10.7934 52474 1473 0.0253885
54.7462 343176 338832 0.175618 97.6408 11.1199 97.6408 10.8082 52553 1473 0.0253932
54.9025 344624 340280 0.181243 4.37529 11.1007 4.37529 10.7899 52612 1473 0.0266412
54.9097 346072 341728 0.177603 98.0115 11.1121 98.0115 10.8014 52673 1473 0.0256875
54.919 347520 343176 0.177665 97.6408 11.1269 97.6408 10.8162 52752 1473 0.025618
