0.537735 14480 0 0 0 0 0 0 0 0 0.0439727
0.701999 15928 13032 0.140375 0.705207 0.165014 0.705207 0.165014 10 0 0.0450859
0.702239 18824 13032 0.143453 96.4048 0.19795 96.4048 0.19795 12 0 0.0456013
0.70248 21720 15928 0.146146 192.81 0.263842 192.81 0.263842 16 0 0.0457552
0.70272 24616 18824 0.148503 192.81 0.32969 192.81 0.32969 20 0 0.045865
0.70296 27512 21720 0.150565 192.81 0.395493 192.81 0.395493 24 0 0.0459337
0.879475 30408 24616 0.174495 0.262505 0.368802 0.262505 0.368802 28 0 0.0505413
0.879716 33304 27512 0.174933 192.81 0.421372 192.81 0.421372 32 0 0.0503437
0.879956 36200 30408 0.175191 192.81 0.473915 192.81 0.473915 36 0 0.0501062
0.880196 39096 33304 0.175542 192.81 0.526428 192.81 0.526428 40 0 0.0498914
0.880437 41992 36200 0.17585 192.81 0.578913 192.81 0.578913 44 0 0.0496679
0.880677 44888 39096 0.176118 192.81 0.631369 192.81 0.631369 48 0 0.0494368
0.880917 47784 41992 0.176354 192.81 0.683796 192.81 0.683796 52 0 0.0491993
0.881158 50680 44888 0.176684 192.81 0.736195 192.81 0.736195 56 0 0.0489854
0.881398 53576 47784 0.176974 192.81 0.788565 192.81 0.788565 60 0 0.0487632
1.06897 56472 50680 0.200602 0.247033 0.693544 0.247033 0.693544 64 0 0.0545606
1.06921 59368 53576 0.199277 192.81 0.736725 192.81 0.736725 68 0 0.0539023
1.06945 62264 56472 0.198117 192.81 0.779886 192.81 0.779886 72 0 0.0532944
1.06969 65160 59368 0.197103 192.81 0.823028 192.81 0.823028 76 0 0.0527301
1.06993 68056 62264 0.196215 192.81 0.866151 192.81 0.866151 80 0 0.0522036
1.07017 70952 65160 0.195563 192.81 0.909254 192.81 0.909254 84 0 0.0517437
1.07041 73848 68056 0.194993 192.81 0.952338 192.81 0.952338 88 0 0.0513079
1.07065 76744 70952 0.194368 192.81 0.995403 192.81 0.995403 92 0 0.0508596
1.07089 79640 73848 0.193822 192.81 1.03845 192.81 1.03845 96 0 0.050434
1.07113 82536 76744 0.19347 192.81 1.08147 192.81 1.08147 100 0 0.0500618
1.07137 85432 79640 0.193161 192.81 1.12448 192.81 1.12448 104 0 0.0497028
1.07161 88328 82536 0.192891 192.81 1.16747 192.81 1.16747 108 0 0.0493555
1.07185 91224 85432 0.192654 192.81 1.21044 192.81 1.21044 112 0 0.0490184
1.07209 94120 88328 0.192573 192.81 1.25339 192.81 1.25339 116 0 0.0487236
1.07233 97016 91224 0.192501 192.81 1.29631 192.81 1.29631 120 0 0.0484327
1.07257 99912 94120 0.192313 192.81 1.33923 192.81 1.33923 124 0 0.0481122
1.07281 102808 97016 0.192149 192.81 1.38212 192.81 1.38212 128 0 0.0477993
1.07305 105704 99912 0.192131 192.81 1.42499 192.81 1.42499 132 0 0.047526
1.27012 108600 102808 0.216739 0.235134 1.24038 0.235134 1.24038 136 0 0.0543675
1.27036 111496 105704 0.214897 192.81 1.27662 192.81 1.27662 140 0 0.0535274
1.2706 114392 108600 0.213285 192.81 1.31285 192.81 1.31285 144 0 0.0527658
1.27084 117288 111496 0.211749 192.81 1.34906 192.81 1.34906 148 0 0.0520338
1.27108 120184 114392 0.210531 192.81 1.38526 192.81 1.38526 152 0 0.0514031
1.27132 123080 117288 0.209464 192.81 1.42144 192.81 1.42144 156 0 0.050822
1.27156 125976 120184 0.208531 192.81 1.45761 192.81 1.45761 160 0 0.0502839
1.2718 128872 123080 0.207715 192.81 1.49377 192.81 1.49377 164 0 0.0497833
1.27204 131768 125976 0.207125 192.81 1.52992 192.81 1.52992 168 0 0.0493519
1.27228 134664 128872 0.20661 192.81 1.56605 192.81 1.56605 172 0 0.048944
1.27252 137560 131768 0.206159 192.81 1.60216 192.81 1.60216 176 0 0.0485567
1.27276 140456 134664 0.205639 192.81 1.63827 192.81 1.63827 180 0 0.0481509
1.273 143352 137560 0.205184 192.81 1.67436 192.81 1.67436 184 0 0.0477658
1.27324 146248 140456 0.204911 192.81 1.71043 192.81 1.71043 188 0 0.047435
1.27348 149144 143352 0.204672 192.81 1.7465 192.81 1.7465 192 0 0.0471153
1.27372 152040 146248 0.204463 192.81 1.78255 192.81 1.78255 196 0 0.0468056
1.27396 154936 149144 0.20428 192.81 1.81858 192.81 1.81858 200 0 0.0465048
1.2742 157832 152040 0.204245 192.81 1.8546 192.81 1.8546 204 0 0.0462478
1.27444 160728 154936 0.204214 192.81 1.89061 192.81 1.89061 208 0 0.0459933
1.27468 163624 157832 0.204063 192.81 1.9266 192.81 1.9266 212 0 0.045705
1.27492 166520 160728 0.20393 192.81 1.96259 192.81 1.96259 216 0 0.0454234
1.27516 169416 163624 0.203939 192.81 1.99855 192.81 1.99855 220 0 0.0451839
1.2754 172312 166520 0.203946 192.81 2.03451 192.81 2.03451 224 0 0.0449451
1.27564 175208 169416 0.203953 192.81 2.07045 192.81 2.07045 228 0 0.0447074
1.27588 178104 172312 0.203959 192.81 2.10637 192.81 2.10637 232 0 0.0444705
1.27612 181000 175208 0.204089 192.81 2.14229 192.81 2.14229 236 0 0.0442707
1.27636 183896 178104 0.204203 192.81 2.17819 192.81 2.17819 240 0 0.0440673
1.2766 186792 181000 0.204178 192.81 2.21407 192.81 2.21407 244 0 0.0438251
1.27684 189688 183896 0.204155 192.81 2.24995 192.81 2.24995 248 0 0.0435849
1.27708 192584 186792 0.204261 192.81 2.28581 192.81 2.28581 252 0 0.0433828
1.27733 195480 189688 0.204353 192.81 2.32165 192.81 2.32165 256 0 0.0431781
1.27757 198376 192584 0.204434 192.81 2.35748 192.81 2.35748 260 0 0.0429712
1.27781 201272 195480 0.204505 192.81 2.3933 192.81 2.3933 264 0 0.0427627
1.27805 204168 198376 0.204692 192.81 2.42911 192.81 2.42911 268 0 0.0425889
1.27829 207064 201272 0.204855 192.81 2.4649 192.81 2.4649 272 0 0.0424097
1.27853 209960 204168 0.204873 192.81 2.50068 192.81 2.50068 276 0 0.0421895
1.47631 212856 207064 0.229639 0.234277 2.19705 0.234277 2.19705 280 0 0.0497545
1.47667 208512 207064 0.229639 192.114 2.24357 192.114 2.24357 286 0 0.0497731
1.47679 207599 207064 0.229639 96.4048 2.25124 0 2.24339 287 1 0.049741
1.47691 204246 202720 0.229639 0 2.25105 0 2.24321 287 1 0.0500963
1.47703 203789 202720 0.229639 96.4048 2.25871 0 2.24303 288 2 0.0500767
1.47715 200437 198376 0.229639 0 2.25853 0 2.24284 288 2 0.0504358
1.47727 199980 198376 0.229639 96.4048 2.26619 0 2.24266 289 3 0.0504162
1.47739 196627 195480 0.229639 96.4048 2.27384 0 2.24248 290 4 0.0506636
1.47751 196170 194032 0.229639 0 2.27366 0 2.2423 290 4 0.0507583
1.47763 192818 191136 0.229639 96.4048 2.28131 0 2.24211 291 5 0.0510075
1.47775 192361 191136 0.229639 96.4048 2.28897 0 2.24193 292 6 0.0509879
1.47787 189008 186792 0.229639 0 2.28878 0 2.24175 292 6 0.0513541
1.47799 188551 186792 0.229639 96.4048 2.29643 0 2.24157 293 7 0.0513345
1.47811 185199 183896 0.229639 96.4048 2.30408 0 2.24139 294 8 0.0515867
1.47823 184742 182448 0.229639 0 2.30389 0 2.2412 294 8 0.0516838
1.47835 181389 179552 0.229639 96.4048 2.31154 0 2.24102 295 9 0.0519378
1.47847 180932 179552 0.229639 96.4048 2.31919 0 2.24084 296 10 0.0519182
1.4786 177580 175208 0.229639 0 2.319 0 2.24066 296 10 0.0522915
1.47872 177123 175208 0.229639 96.4048 2.32665 0 2.24047 297 11 0.0522719
1.47884 173770 172312 0.229639 96.4048 2.33429 0 2.24029 298 12 0.0525289
1.47896 173313 172312 0.229639 96.4048 2.34193 0 2.24011 299 13 0.0525093
1.47908 167968 167968 0.229639 0 2.34174 0 2.23993 299 13 0.0529179
1.4792 166520 166520 0.229639 0 2.34155 0 2.23975 299 13 0.0529909
1.47932 162176 162176 0.229639 0 2.34136 0 2.23956 299 13 0.0533825
1.47944 160728 160728 0.229639 0 2.34117 0 2.23938 299 13 0.0534739
1.47956 156384 156384 0.229639 0 2.34098 0 2.2392 299 13 0.0538691
1.47968 154936 154936 0.229639 0 2.34079 0 2.23902 299 13 0.0539617
1.4798 150592 150592 0.229639 0 2.3406 0 2.23884 299 13 0.0543605
1.47992 149144 149144 0.229639 0 2.34041 0 2.23866 299 13 0.0544543
1.48004 146248 144800 0.229639 0 2.34022 0 2.23847 299 13 0.054838
1.48028 143352 141904 0.229639 96.4048 2.35549 0 2.23811 301 15 0.0550879
1.48052 140456 139008 0.229639 96.4048 2.37076 0 2.23775 303 17 0.0553389
1.48076 137560 136112 0.229639 96.4048 2.38602 0 2.23738 305 19 0.0555912
1.481 134664 133216 0.229639 96.4048 2.40128 0 2.23702 307 21 0.0558446
1.48124 131768 130320 0.229639 96.4048 2.41653 0 2.23666 309 23 0.0560993
1.48148 128872 127424 0.229639 96.4048 2.43178 0 2.23629 311 25 0.0563551
1.48172 125976 124528 0.229639 96.4048 2.44702 0 2.23593 313 27 0.0566121
1.48196 123080 121632 0.229639 96.4048 2.46225 0 2.23557 315 29 0.0568703
1.4822 120184 118736 0.229639 96.4048 2.47748 0 2.23521 317 31 0.0571297
1.48244 117288 115840 0.229639 96.4048 2.49271 0 2.23484 319 33 0.0573903
1.48268 114392 112944 0.229639 96.4048 2.50793 0 2.23448 321 35 0.0576521
1.48292 111496 110048 0.229639 96.4048 2.52315 0 2.23412 323 37 0.0579151
1.48316 108600 107152 0.229639 96.4048 2.53836 0 2.23376 325 39 0.0581793
1.4834 105704 104256 0.229639 96.4048 2.55357 0 2.2334 327 41 0.0584447
1.48364 102808 101360 0.229639 96.4048 2.56877 0 2.23303 329 43 0.0587112
1.48388 99912 98464 0.229639 96.4048 2.58397 0 2.23267 331 45 0.058979
1.48412 97016 95568 0.229639 96.4048 2.59916 0 2.23231 333 47 0.0592479
1.48436 94120 92672 0.229639 96.4048 2.61435 0 2.23195 335 49 0.0595181
1.4846 91224 89776 0.229639 96.4048 2.62953 0 2.23159 337 51 0.0597894
1.62411 88328 86880 0.229639 0.166072 2.41793 0 2.0399 339 53 0.0600619
1.62435 85432 83984 0.229639 96.4048 2.43183 0 2.0396 341 55 0.0603356
1.62483 108600 83984 0.229639 96.4048 2.45963 0 2.039 345 59 0.061275
1.62495 110048 107152 0.229639 1638.88 2.58064 0 2.03885 362 76 0.0581681
1.62507 108600 108600 0.229639 192.81 2.5947 0 2.0387 364 78 0.0580359
1.62519 110048 107152 0.229639 0 2.59451 0 2.03855 364 78 0.0581681
1.62531 108600 108600 0.229639 192.81 2.60857 0 2.03839 366 80 0.0580359
1.62543 110048 107152 0.229639 0 2.60838 0 2.03824 366 80 0.0581681
1.62555 108600 108600 0.229639 192.81 2.62244 0 2.03809 368 82 0.0580359
1.62567 110048 107152 0.229639 0 2.62225 0 2.03794 368 82 0.0581681
1.62579 108600 108600 0.229639 192.81 2.6363 0 2.03779 370 84 0.0580359
1.62591 110048 107152 0.229639 0 2.63611 0 2.03764 370 84 0.0581681
1.62603 108600 108600 0.229639 192.81 2.65016 0 2.03749 372 86 0.0580359
1.62615 110048 107152 0.229639 0 2.64997 0 2.03734 372 86 0.0581681
1.62627 108600 108600 0.229639 192.81 2.66402 0 2.03719 374 88 0.0580359
1.62639 110048 107152 0.229639 0 2.66382 0 2.03704 374 88 0.0581681
1.62651 108600 108600 0.229639 192.81 2.67787 0 2.03689 376 90 0.0580359
1.62663 110048 107152 0.229639 0 2.67767 0 2.03674 376 90 0.0581681
1.62675 108600 108600 0.229639 192.81 2.69171 0 2.03659 378 92 0.0580359
1.62687 110048 107152 0.229639 0 2.69152 0 2.03644 378 92 0.0581681
1.62699 108600 108600 0.229639 192.81 2.70556 0 2.03629 380 94 0.0580359
1.62711 110048 107152 0.229639 0 2.70536 0 2.03614 380 94 0.0581681
1.62723 108600 108600 0.229639 192.81 2.71939 0 2.03599 382 96 0.0580359
1.62735 110048 107152 0.229639 0 2.71919 0 2.03584 382 96 0.0581681
1.62747 108600 108600 0.229639 192.81 2.73323 0 2.03569 384 98 0.0580359
1.62759 110048 107152 0.229639 0 2.73303 0 2.03554 384 98 0.0581681
1.62771 108600 108600 0.229639 192.81 2.74706 0 2.03538 386 100 0.0580359
1.62783 110048 107152 0.229639 0 2.74686 0 2.03523 386 100 0.0581681
1.62795 108600 108600 0.229639 192.81 2.76088 0 2.03508 388 102 0.0580359
1.62807 110048 107152 0.229639 0 2.76068 0 2.03493 388 102 0.0581681
1.62819 108600 108600 0.229639 192.81 2.77471 0 2.03478 390 104 0.0580359
1.62831 110048 107152 0.229639 0 2.7745 0 2.03463 390 104 0.0581681
1.62843 108600 108600 0.229639 192.81 2.78852 0 2.03448 392 106 0.0580359
1.62855 110048 107152 0.229639 0 2.78832 0 2.03433 392 106 0.0581681
1.62867 108600 108600 0.229639 192.81 2.80234 0 2.03418 394 108 0.0580359
1.6288 110048 107152 0.229639 0 2.80213 0 2.03403 394 108 0.0581681
1.62892 108600 108600 0.229639 192.81 2.81615 0 2.03388 396 110 0.0580359
1.62904 110048 107152 0.229639 0 2.81594 0 2.03373 396 110 0.0581681
1.62916 108600 108600 0.229639 192.81 2.82995 0 2.03358 398 112 0.0580359
1.62928 110048 107152 0.229639 0 2.82974 0 2.03343 398 112 0.0581681
1.6294 108600 108600 0.229639 192.81 2.84375 0 2.03328 400 114 0.0580359
1.62952 110048 107152 0.229639 0 2.84354 0 2.03313 400 114 0.0581681
1.62964 108600 108600 0.229639 192.81 2.85755 0 2.03298 402 116 0.0580359
1.62976 110048 107152 0.229639 0 2.85734 0 2.03283 402 116 0.0581681
1.62988 108600 108600 0.229639 192.81 2.87134 0 2.03268 404 118 0.0580359
1.63 110048 107152 0.229639 0 2.87113 0 2.03253 404 118 0.0581681
1.63012 108600 108600 0.229639 192.81 2.88513 0 2.03238 406 120 0.0580359
1.63024 110048 107152 0.229639 0 2.88492 0 2.03223 406 120 0.0581681
1.63036 108600 108600 0.229639 192.81 2.89892 0 2.03208 408 122 0.0580359
1.63048 110048 107152 0.229639 0 2.8987 0 2.03193 408 122 0.0581681
1.6306 108600 108600 0.229639 192.81 2.9127 0 2.03179 410 124 0.0580359
1.63072 110048 107152 0.229639 0 2.91248 0 2.03164 410 124 0.0581681
1.63084 108600 108600 0.229639 192.81 2.92648 0 2.03149 412 126 0.0580359
1.63096 110048 107152 0.229639 0 2.92626 0 2.03134 412 126 0.0581681
1.63108 108600 108600 0.229639 192.81 2.94025 0 2.03119 414 128 0.0580359
1.77695 110048 107152 0.229639 0 2.69888 0 1.86444 414 128 0.0581681
1.77707 108600 108600 0.229639 192.81 2.71173 0 1.86432 416 130 0.0580359
1.77719 110048 107152 0.229639 0 2.71155 0 1.86419 416 130 0.0581681
1.77731 108600 108600 0.229639 192.81 2.7244 0 1.86406 418 132 0.0580359
1.77743 110048 107152 0.229639 0 2.72422 0 1.86394 418 132 0.0581681
1.77755 108600 108600 0.229639 192.81 2.73707 0 1.86381 420 134 0.0580359
1.77767 110048 107152 0.229639 0 2.73688 0 1.86369 420 134 0.0581681
1.77779 108600 108600 0.229639 192.81 2.74973 0 1.86356 422 136 0.0580359
1.77791 110048 107152 0.229639 0 2.74954 0 1.86343 422 136 0.0581681
1.77803 108600 108600 0.229639 192.81 2.76239 0 1.86331 424 138 0.0580359
1.77815 110048 107152 0.229639 0 2.7622 0 1.86318 424 138 0.0581681
1.77827 108600 108600 0.229639 192.81 2.77504 0 1.86306 426 140 0.0580359
1.77839 110048 107152 0.229639 0 2.77485 0 1.86293 426 140 0.0581681
1.77851 108600 108600 0.229639 192.81 2.78769 0 1.8628 428 142 0.0580359
1.77863 110048 107152 0.229639 0 2.7875 0 1.86268 428 142 0.0581681
1.77875 108600 108600 0.229639 193.861 2.80034 0 1.86255 430 144 0.0580359
1.77887 110048 107152 0.229639 0 2.80015 0 1.86243 430 144 0.0581681
1.77899 108600 108600 0.229639 193.861 2.81299 0 1.8623 432 146 0.0580359
1.77911 110048 107152 0.229639 0 2.8128 0 1.86218 432 146 0.0581681
1.77923 147696 108600 0.229639 193.865 2.82563 0 1.86205 434 148 0.0605519
1.7814 149144 144800 0.177441 230.3 3.10182 230.3 2.13941 477 148 0.0398417
1.78548 150592 146248 0.157414 99.2402 3.3218 99.2402 2.36159 512 148 0.0354144
1.93568 152040 147696 0.164357 1.46535 3.17775 1.46535 2.29205 531 148 0.0366911
1.93809 153488 149144 0.159591 101.225 3.29932 101.225 2.41472 552 148 0.0355951
1.94121 154936 150592 0.160103 100.113 3.45513 100.113 2.57196 579 148 0.0355739
1.94433 156384 152040 0.160471 100.113 3.61044 100.113 2.72868 606 148 0.0355243
2.09778 157832 153488 0.160967 1.43437 3.45127 1.43437 2.63401 625 148 0.0355012
2.10042 159280 154936 0.163246 100.787 3.57377 100.787 2.75754 648 148 0.0358439
2.10355 160728 156384 0.163867 100.113 3.71715 100.113 2.90213 675 148 0.0358502
2.10811 162176 157832 0.164231 98.9418 3.92341 98.9418 3.11015 714 148 0.0358038
2.26516 163624 159280 0.164686 1.69649 3.76901 1.69649 3.01214 737 148 0.0357771
2.26732 165072 160728 0.166803 101.761 3.86249 101.761 3.10634 756 148 0.0361033
2.27069 166520 162176 0.167465 99.8478 4.00471 99.8478 3.24968 785 148 0.036124
2.27525 167968 163624 0.167927 98.9418 4.19523 98.9418 3.44172 824 148 0.0361026
2.43627 169416 165072 0.168202 2.08637 4.05586 2.08637 3.35214 853 148 0.0360414
2.43915 170864 166520 0.170678 100.422 4.16979 100.422 3.46691 878 148 0.036463
2.44372 172312 167968 0.171427 98.9418 4.34687 98.9418 3.6453 917 148 0.0365095
2.44852 173760 169416 0.171689 98.8149 4.53231 98.8149 3.83212 958 148 0.0364482
2.61254 175208 170864 0.173662 1.76566 4.35862 1.76566 3.70238 983 148 0.0367734
2.61615 176656 172312 0.175108 99.6183 4.48987 99.6183 3.83455 1014 148 0.036985
2.62095 178104 173760 0.175404 98.8149 4.66285 98.8149 4.00873 1055 148 0.0369344
2.78978 179552 175208 0.175916 2.81324 4.55092 2.81324 3.93638 1096 148 0.0369343
2.79146 181000 176656 0.177536 103.291 4.61043 103.291 3.99626 1111 148 0.0371944
2.79651 182448 178104 0.178714 98.7001 4.78022 98.7001 4.16716 1154 148 0.0373548
2.80396 183896 179552 0.178776 97.9597 5.0278 97.9597 4.41636 1217 148 0.0372519
2.97675 185344 181000 0.184278 2.88276 4.90328 2.88276 4.32734 1260 148 0.0384718
2.98059 186792 182448 0.183056 99.4174 5.02521 99.4174 4.45001 1293 148 0.0380525
3.15771 188240 183896 0.204297 3.728 4.95245 3.728 4.40952 1350 148 0.0436147
3.15987 189688 185344 0.19126 101.761 5.01871 101.761 4.47615 1369 148 0.0399057
3.1678 191136 186792 0.185966 97.8655 5.25116 97.8655 4.70995 1436 148 0.0384277
3.34624 192584 188240 0.207636 2.92136 5.12692 2.92136 4.61457 1481 148 0.044241
3.35417 194032 189688 0.189259 97.8655 5.34619 97.8655 4.83506 1548 148 0.0390368
3.5385 195480 191136 0.189378 4.21064 5.28704 4.21064 4.80253 1615 148 0.0389525
3.54234 196928 192584 0.19219 99.4174 5.38921 99.4174 4.90523 1648 148 0.039573
3.54931 198376 194032 0.192554 98.0669 5.57119 98.0669 5.08816 1707 148 0.0395547
3.73616 199824 195480 0.194569 4.27777 5.50651 4.27777 5.04763 1776 148 0.0399788
3.93094 201272 196928 0.217856 6.72038 5.56665 6.72038 5.13052 1889 148 0.0466743
3.93142 202720 198376 0.213202 120.506 5.58071 120.506 5.14462 1894 148 0.045113
4.13137 204168 199824 0.198343 7.8213 5.68914 7.8213 5.27417 2029 148 0.0406675
4.1405 205616 201272 0.20077 97.6733 5.89202 97.6733 5.47796 2106 148 0.0412316
4.33504 207064 202720 0.201734 4.34685 5.82268 4.34685 5.4272 2179 148 0.0413911
4.53907 208512 204168 0.203211 7.66469 5.90548 7.66469 5.52777 2314 148 0.0416994
4.54868 209960 205616 0.205154 97.6099 6.09928 97.6099 5.72237 2395 148 0.0421474
4.75524 208512 207064 0.206262 8.35618 6.19731 8.35618 5.83678 2544 148 0.0423584
4.75536 207606 207064 0.206262 96.4048 6.19959 0 5.83663 2545 149 0.0423562
4.75548 207153 205616 0.206262 0 6.19944 0 5.83648 2545 149 0.042467
4.7556 206700 205616 0.206262 96.4048 6.20172 0 5.83634 2546 150 0.042467
4.75572 206247 204168 0.206262 0 6.20156 0 5.83619 2546 150 0.0425793
4.75584 205794 204168 0.206262 96.4048 6.20384 0 5.83604 2547 151 0.0425793
4.75596 205341 204168 0.206262 96.4048 6.20612 0 5.83589 2548 152 0.0425793
4.75608 204888 202720 0.206262 0 6.20596 0 5.83575 2548 152 0.0426918
4.7562 204434 202720 0.206262 96.4048 6.20824 0 5.8356 2549 153 0.0426918
4.75632 203981 202720 0.206262 96.4048 6.21052 0 5.83545 2550 154 0.0426918
4.75644 203528 201272 0.206262 0 6.21036 0 5.8353 2550 154 0.0428047
4.75656 203075 201272 0.206262 96.4048 6.21264 0 5.83516 2551 155 0.0428047
4.75668 202622 201272 0.206262 96.4048 6.21492 0 5.83501 2552 156 0.0428047
4.7568 202169 199824 0.206262 0 6.21476 0 5.83486 2552 156 0.0429178
4.75692 201716 199824 0.206262 96.4048 6.21704 0 5.83471 2553 157 0.0429178
4.75704 201263 199824 0.206262 96.4048 6.21932 0 5.83457 2554 158 0.0429178
4.75716 200810 198376 0.206262 0 6.21916 0 5.83442 2554 158 0.0430313
4.75728 200356 198376 0.206262 96.4048 6.22144 0 5.83427 2555 159 0.0430313
4.7574 199903 198376 0.206262 96.4048 6.22372 0 5.83412 2556 160 0.0430313
4.75752 199450 198376 0.206262 96.4048 6.22599 0 5.83398 2557 161 0.0430313
4.75764 196928 196928 0.206262 0 6.22584 0 5.83383 2557 161 0.043156
4.75776 195480 195480 0.206262 0 6.22568 0 5.83368 2557 161 0.0432624
4.75788 194032 194032 0.206262 0 6.22552 0 5.83354 2557 161 0.0433768
4.758 192584 192584 0.206262 0 6.22536 0 5.83339 2557 161 0.0434914
4.75812 191136 191136 0.206262 0 6.22521 0 5.83324 2557 161 0.0436064
4.75824 189688 189688 0.206262 0 6.22505 0 5.83309 2557 161 0.0437216
4.75836 188240 188240 0.206262 0 6.22489 0 5.83295 2557 161 0.0438372
4.75848 186792 186792 0.206262 0 6.22474 0 5.8328 2557 161 0.043953
4.7586 185344 185344 0.206262 0 6.22458 0 5.83265 2557 161 0.0440691
4.75872 183896 183896 0.206262 0 6.22442 0 5.8325 2557 161 0.0441856
4.75884 182448 182448 0.206262 0 6.22426 0 5.83236 2557 161 0.0443023
4.75896 181000 181000 0.206262 0 6.22411 0 5.83221 2557 161 0.0444193
4.75908 179552 179552 0.206262 0 6.22395 0 5.83206 2557 161 0.0445367
4.7592 178104 178104 0.206262 0 6.22379 0 5.83192 2557 161 0.0446543
4.75932 176656 176656 0.206262 0 6.22364 0 5.83177 2557 161 0.0447722
4.75944 175208 175208 0.206262 0 6.22348 0 5.83162 2557 161 0.0448904
4.75956 173760 173760 0.206262 0 6.22332 0 5.83147 2557 161 0.0450089
4.75968 172312 172312 0.206262 0 6.22316 0 5.83133 2557 161 0.0451278
4.7598 170864 170864 0.206262 0 6.22301 0 5.83118 2557 161 0.0452469
4.75992 170210 169416 0.206262 0 6.22285 0 5.83103 2557 161 0.0453633
4.76004 167968 167968 0.206262 0 6.22269 0 5.83088 2557 161 0.0454912
4.76016 166520 166520 0.206262 0 6.22254 0 5.83074 2557 161 0.045606
4.76028 165072 165072 0.206262 0 6.22238 0 5.83059 2557 161 0.0457263
4.7604 163624 163624 0.206262 0 6.22222 0 5.83044 2557 161 0.0458469
4.76052 162176 162176 0.206262 0 6.22206 0 5.8303 2557 161 0.0459678
4.76064 160728 160728 0.206262 0 6.22191 0 5.83015 2557 161 0.046089
4.76076 159280 159280 0.206262 0 6.22175 0 5.83 2557 161 0.0462106
4.76088 157832 157832 0.206262 0 6.22159 0 5.82985 2557 161 0.0463324
4.761 156384 156384 0.206262 0 6.22144 0 5.82971 2557 161 0.0464545
4.76112 154936 154936 0.206262 0 6.22128 0 5.82956 2557 161 0.0465768
4.76124 153488 153488 0.206262 0 6.22112 0 5.82941 2557 161 0.0466995
4.76137 152040 152040 0.206262 0 6.22097 0 5.82927 2557 161 0.0468225
4.76149 150592 150592 0.206262 0 6.22081 0 5.82912 2557 161 0.0469458
4.76161 149144 149144 0.206262 0 6.22065 0 5.82897 2557 161 0.0470694
4.76173 147696 147696 0.206262 0 6.22049 0 5.82882 2557 161 0.0471933
4.76185 146248 146248 0.206262 0 6.22034 0 5.82868 2557 161 0.0473175
4.92178 147696 144800 0.206262 6.3739 6.22533 0 5.63928 2645 249 0.047442
4.92202 149144 144800 0.201354 96.4048 6.22973 96.4048 5.64371 2647 249 0.0460304
4.92226 150592 146248 0.19706 144.607 6.23649 144.607 5.65049 2650 249 0.0447103
5.05756 152040 147696 0.177002 1.11302 6.09942 1.11302 5.52911 2663 249 0.0394902
5.06212 153488 149144 0.148487 98.9418 6.18317 98.9418 5.61336 2702 249 0.0335068
5.20524 154936 150592 0.146452 5.42328 6.16228 5.42328 5.60814 2769 249 0.0330272
5.21653 156384 152040 0.147969 97.4304 6.35989 97.4304 5.80696 2864 249 0.0331686
5.36012 157832 153488 0.149906 4.43704 6.30838 4.43704 5.77026 2919 249 0.0333901
5.5072 159280 154936 0.150261 5.27706 6.28084 5.27706 5.75709 2986 249 0.0333313
5.51008 160728 156384 0.151848 100.422 6.33011 100.422 5.80663 3011 249 0.0334979
5.66088 162176 157832 0.16987 6.52941 6.33542 6.52941 5.82588 3096 249 0.0370111
5.66208 163624 159280 0.16214 106.045 6.35658 106.045 5.84715 3107 249 0.0352505
5.81673 165072 160728 0.171986 7.56557 6.38872 7.56557 5.89284 3208 249 0.0372373
5.82514 166520 162176 0.156477 97.782 6.52069 97.782 6.02552 3279 249 0.0338831
5.98315 167968 163624 0.158134 8.43084 6.57114 8.43084 6.08905 3394 249 0.0340846
6.1366 169416 165072 0.166005 4.4541 6.5182 4.4541 6.04816 3453 249 0.0355707
6.29665 170864 166520 0.1607 7.30997 6.53833 7.30997 6.08024 3554 249 0.0343539
6.30578 172312 167968 0.162188 97.6733 6.67031 97.6733 6.21288 3631 249 0.0345359
6.4698 173760 169416 0.163907 8.54577 6.71785 8.54577 6.27203 3752 249 0.0347704
6.63562 175208 170864 0.165898 8.45288 6.76121 8.45288 6.32652 3873 249 0.0350688
6.96113 176656 172312 0.186585 5.65831 6.70964 5.65831 6.29528 4032 249 0.0397588
7.30191 178104 173760 0.170025 8.26035 6.78201 8.26035 6.38699 4275 249 0.0357219
9.94999 179552 175208 0.199786 8.00967 7.10874 8.00967 6.81885 6106 249 0.043038
10.3098 181000 176656 0.179784 7.95323 7.13821 7.95323 6.85843 6353 249 0.0377279
10.6707 182448 178104 0.201333 7.99094 7.16705 7.99094 6.89674 6602 249 0.0432368
10.8517 183896 179552 0.201532 8.00173 7.18097 8.00173 6.91517 6727 249 0.0431754
11.0329 185344 181000 0.181186 8.11897 7.19638 8.11897 6.93494 6854 249 0.0377128
11.2143 186792 182448 0.202241 8.10822 7.21113 8.10822 6.95392 6981 249 0.0431422
11.2146 188240 183896 0.199711 144.607 7.21407 144.607 6.95687 6984 249 0.0423121
11.3964 189688 185344 0.181737 8.09214 7.22808 8.09214 6.97498 7111 249 0.0374963
11.4077 191136 186792 0.182255 97.4304 7.31739 97.4304 7.06455 7206 249 0.0375066
11.5792 192584 188240 0.182388 2.49788 7.24598 2.49788 6.99687 7243 249 0.0374234
11.7625 194032 189688 0.183026 8.40776 7.26407 8.40776 7.01885 7376 249 0.0374644
11.7627 195480 191136 0.183022 144.607 7.26688 144.607 7.02166 7379 249 0.0373483
11.7757 196928 192584 0.183458 97.2974 7.3661 97.2974 7.12115 7488 249 0.0373406
11.9463 198376 194032 0.204558 1.56149 7.28319 1.56149 7.04174 7511 249 0.0428811
11.9466 199824 195480 0.201988 144.607 7.28595 144.607 7.04451 7514 249 0.0420304
12.131 201272 196928 0.184402 8.4786 7.30409 8.4786 7.06632 7649 249 0.0372318
12.1313 202720 198376 0.184477 144.607 7.30681 144.607 7.06904 7652 249 0.0371366
12.1414 204168 199824 0.184944 97.5525 7.38183 97.5525 7.14426 7737 249 0.0371396
12.3168 205616 201272 0.184953 3.49963 7.32654 3.49963 7.09235 7790 249 0.0370286
12.317 207064 202720 0.185084 144.607 7.32921 144.607 7.09503 7793 249 0.0369485
12.3288 208512 204168 0.186082 97.3885 7.41523 97.3885 7.18128 7892 249 0.0370868
12.5035 209960 205616 0.207486 2.71843 7.3496 2.71843 7.11892 7933 249 0.04283
12.5038 211408 207064 0.204926 144.607 7.35224 144.607 7.12156 7936 249 0.0419693
12.504 212856 208512 0.20256 144.607 7.35488 144.607 7.1242 7939 249 0.0411775
12.6917 214304 209960 0.187309 8.70235 7.37481 8.70235 7.14754 8080 249 0.0369503
12.6919 215752 211408 0.187395 144.607 7.37741 144.607 7.15014 8083 249 0.0368613
12.6922 217200 212856 0.187596 144.607 7.38 144.607 7.15274 8086 249 0.0368016
12.7059 218648 214304 0.188574 97.2504 7.47689 97.2504 7.24988 8201 249 0.0369417
12.8809 220096 215752 0.210015 1.91883 7.40135 1.91883 7.17742 8230 249 0.0428049
12.8812 221544 217200 0.207513 144.607 7.40391 144.607 7.17999 8233 249 0.0419506
12.8814 222992 218648 0.205324 144.607 7.40647 144.607 7.18255 8236 249 0.0412
12.8934 224440 220096 0.189748 97.3688 7.49031 97.3688 7.2666 8337 249 0.0368061
13.0715 225888 221544 0.21152 3.05737 7.42992 3.05737 7.20925 8384 249 0.0428208
13.0718 227336 222992 0.208955 144.607 7.43244 144.607 7.21178 8387 249 0.0419414
13.072 228784 224440 0.206585 144.607 7.43496 144.607 7.21431 8390 249 0.0411328
13.0722 230232 225888 0.204637 144.607 7.43748 144.607 7.21683 8393 249 0.0404574
13.2638 231680 227336 0.213006 9.01149 7.46021 9.01149 7.24275 8542 249 0.0428406
13.264 233128 228784 0.210506 144.607 7.4627 144.607 7.24524 8545 249 0.0419741
13.2642 234576 230232 0.208317 144.607 7.46518 144.607 7.24773 8548 249 0.0412131
13.2645 236024 231680 0.206403 144.607 7.46767 144.607 7.25021 8551 249 0.0405419
13.2647 237472 233128 0.204727 144.607 7.47015 144.607 7.2527 8554 249 0.0399475
13.4577 238920 234576 0.21487 9.06421 7.49301 9.06421 7.27868 8705 249 0.0428801
13.4579 240368 236024 0.212262 144.607 7.49546 144.607 7.28113 8708 249 0.0419729
13.4582 241816 237472 0.209979 144.607 7.49791 144.607 7.28358 8711 249 0.0411772
13.4584 243264 238920 0.207982 144.607 7.50036 144.607 7.28604 8714 249 0.0404767
13.4757 244712 240368 0.194684 97.0743 7.61537 97.0743 7.40132 8859 249 0.0366129
13.6554 246160 241816 0.195814 1.87006 7.53979 1.87006 7.32856 8888 249 0.0368136
13.6595 247608 243264 0.196447 99.2402 7.56722 99.2402 7.35605 8923 249 0.0368816
13.6645 249056 244712 0.196488 98.7001 7.60087 98.7001 7.38979 8966 249 0.0367886
13.6715 250504 246160 0.196398 98.0669 7.64699 98.0669 7.43601 9025 249 0.0366601
13.8517 251952 247608 0.218813 1.34967 7.56505 1.34967 7.35681 9046 249 0.0431735
13.8546 253400 249056 0.202377 100.422 7.58438 100.422 7.37619 9071 249 0.0381198
13.8582 254848 250504 0.198848 99.6183 7.60832 99.6183 7.40018 9102 249 0.0370246
13.8623 256296 251952 0.198602 99.2402 7.63532 99.2402 7.42725 9137 249 0.0368535
13.8676 257744 253400 0.198503 98.5958 7.67 98.5958 7.462 9182 249 0.0367236
14.052 259192 254848 0.221211 2.57498 7.60313 2.57498 7.39786 9223 249 0.0434273
14.0523 260640 256296 0.218684 144.607 7.60547 144.607 7.4002 9226 249 0.0425173
14.0542 262088 257744 0.206751 102.43 7.61844 102.43 7.4132 9243 249 0.038771
14.0573 263536 259192 0.2018 100.113 7.639 100.113 7.43381 9270 249 0.0372411
14.0609 264984 260640 0.200867 99.6183 7.66258 99.6183 7.45744 9301 249 0.0368764
14.0652 266432 262088 0.200936 99.0827 7.69069 99.0827 7.48562 9338 249 0.0367952
14.0696 267880 263536 0.200994 99.0827 7.71879 99.0827 7.51378 9375 249 0.0367113
14.2548 269328 264984 0.201157 2.06314 7.64528 2.06314 7.44293 9408 249 0.0366573
14.2556 270776 266432 0.201765 112.472 7.65058 112.472 7.44824 9415 249 0.0367297
14.258 272224 267880 0.202791 101.225 7.66635 101.225 7.46405 9436 249 0.0369222
14.2606 273672 269328 0.203137 100.787 7.68361 100.787 7.48135 9459 249 0.0369217
14.264 275120 270776 0.203295 99.8478 7.70535 99.8478 7.50314 9488 249 0.0368683
14.2676 276568 272224 0.203477 99.6183 7.72858 99.6183 7.52641 9519 249 0.0368219
14.2721 278016 273672 0.203532 98.9418 7.75776 98.9418 7.55566 9558 249 0.0367395
14.4604 279464 275120 0.226686 2.5224 7.68959 2.5224 7.49012 9599 249 0.0438241
14.4607 280912 276568 0.2241 144.607 7.69186 144.607 7.4924 9602 249 0.0428712
14.4619 282360 278016 0.21521 106.045 7.70004 106.045 7.50059 9613 249 0.0399353
14.4645 283808 279464 0.208216 100.787 7.71705 100.787 7.51763 9636 249 0.037716
14.4674 285256 280912 0.206589 100.422 7.73553 100.422 7.53615 9661 249 0.0371395
14.4705 283808 282360 0.206455 103.799 7.75627 103.799 7.55694 9689 249 0.0370038
14.4707 282906 282360 0.206455 96.4048 7.75701 0 7.55688 9690 250 0.0370015
14.4708 282455 280912 0.206455 0 7.75694 0 7.55682 9690 250 0.0370969
14.4709 282004 280912 0.206455 96.4048 7.75768 0 7.55675 9691 251 0.0370969
14.471 281553 279464 0.206455 0 7.75761 0 7.55669 9691 251 0.0371936
14.4711 281102 279464 0.206455 96.4048 7.75835 0 7.55663 9692 252 0.0371936
14.4713 280651 279464 0.206455 96.4048 7.75909 0 7.55656 9693 253 0.0371936
14.4714 280199 278016 0.206455 0 7.75902 0 7.5565 9693 253 0.0372907
14.4715 279748 278016 0.206455 96.4048 7.75976 0 7.55644 9694 254 0.0372907
14.4716 279297 278016 0.206455 96.4048 7.76049 0 7.55638 9695 255 0.0372907
14.4717 278846 276568 0.206455 0 7.76043 0 7.55631 9695 255 0.037388
14.4719 278395 276568 0.206455 96.4048 7.76117 0 7.55625 9696 256 0.037388
14.472 277944 276568 0.206455 96.4048 7.7619 0 7.55619 9697 257 0.037388
14.4721 277493 275120 0.206455 0 7.76184 0 7.55612 9697 257 0.0374857
14.4722 275120 275120 0.206455 96.4048 7.76257 0 7.55606 9698 258 0.0374953
14.4723 273672 273672 0.206455 0 7.76251 0 7.556 9698 258 0.037587
14.4725 272224 272224 0.206455 0 7.76244 0 7.55594 9698 258 0.0376852
14.4726 270776 270776 0.206455 0 7.76238 0 7.55587 9698 258 0.0377837
14.4727 269328 269328 0.206455 0 7.76232 0 7.55581 9698 258 0.0378826
14.4728 267880 267880 0.206455 0 7.76225 0 7.55575 9698 258 0.0379817
14.4729 266432 266432 0.206455 0 7.76219 0 7.55569 9698 258 0.0380812
14.4731 264984 264984 0.206455 0 7.76212 0 7.55562 9698 258 0.0381809
14.4732 263536 263536 0.206455 0 7.76206 0 7.55556 9698 258 0.0382809
14.4733 262088 262088 0.206455 0 7.76199 0 7.5555 9698 258 0.0383813
14.4734 260640 260640 0.206455 0 7.76193 0 7.55543 9698 258 0.0384819
14.4735 259192 259192 0.206455 0 7.76186 0 7.55537 9698 258 0.0385828
14.4737 257744 257744 0.206455 0 7.7618 0 7.55531 9698 258 0.038684
14.4738 256296 256296 0.206455 0 7.76174 0 7.55525 9698 258 0.0387856
14.4739 255820 254848 0.206455 0 7.76167 0 7.55518 9698 258 0.0388841
14.474 253400 253400 0.206455 0 7.76161 0 7.55512 9698 258 0.0389962
14.4741 250504 250504 0.206455 0 7.76154 0 7.55506 9698 258 0.0392058
14.4743 249056 249056 0.206455 0 7.76148 0 7.555 9698 258 0.0392977
14.4744 247608 247608 0.206455 0 7.76141 0 7.55493 9698 258 0.039401
14.4745 246160 246160 0.206455 0 7.76135 0 7.55487 9698 258 0.0395046
14.4746 244712 244712 0.206455 0 7.76128 0 7.55481 9698 258 0.0396085
14.4747 243264 243264 0.206455 0 7.76122 0 7.55474 9698 258 0.0397127
14.4749 241816 241816 0.206455 0 7.76116 0 7.55468 9698 258 0.0398172
14.475 240368 240368 0.206455 0 7.76109 0 7.55462 9698 258 0.039922
14.4751 238920 238920 0.206455 0 7.76103 0 7.55456 9698 258 0.0400271
14.4752 237472 237472 0.206455 0 7.76096 0 7.55449 9698 258 0.0401325
14.4753 236024 236024 0.206455 0 7.7609 0 7.55443 9698 258 0.0402382
14.4755 234576 234576 0.206455 0 7.76083 0 7.55437 9698 258 0.0403442
14.4756 233151 233128 0.206455 0 7.76077 0 7.55431 9698 258 0.0404504
14.4757 232700 231680 0.206455 0 7.7607 0 7.55424 9698 258 0.0405537
14.4758 230232 230232 0.206455 0 7.76064 0 7.55418 9698 258 0.0406711
14.4759 228784 228784 0.206455 0 7.76058 0 7.55412 9698 258 0.0407712
14.4761 227336 227336 0.206455 0 7.76051 0 7.55405 9698 258 0.0408786
14.4762 225888 225888 0.206455 0 7.76045 0 7.55399 9698 258 0.0409864
14.4763 224440 224440 0.206455 0 7.76038 0 7.55393 9698 258 0.0410945
14.4764 222992 222992 0.206455 0 7.76032 0 7.55387 9698 258 0.0412029
14.4765 221544 221544 0.206455 0 7.76025 0 7.5538 9698 258 0.0413116
14.4767 220096 220096 0.206455 0 7.76019 0 7.55374 9698 258 0.0414206
14.4768 218648 218648 0.206455 0 7.76012 0 7.55368 9698 258 0.0415298
14.4769 217200 217200 0.206455 0 7.76006 0 7.55362 9698 258 0.0416394
14.477 215752 215752 0.206455 0 7.76 0 7.55355 9698 258 0.0417493
14.4771 214304 214304 0.206455 0 7.75993 0 7.55349 9698 258 0.0418595
14.4773 212856 212856 0.206455 0 7.75987 0 7.55343 9698 258 0.0419699
14.4774 211479 211408 0.206455 0 7.7598 0 7.55337 9698 258 0.0420803
14.4775 211028 209960 0.206455 0 7.75974 0 7.5533 9698 258 0.0421884
14.4776 208512 208512 0.206455 0 7.75967 0 7.55324 9698 258 0.0423106
14.4777 207064 207064 0.206455 0 7.75961 0 7.55318 9698 258 0.0424148
14.4779 205616 205616 0.206455 0 7.75954 0 7.55311 9698 258 0.0425267
14.478 204168 204168 0.206455 0 7.75948 0 7.55305 9698 258 0.042639
14.4781 202720 202720 0.206455 0 7.75942 0 7.55299 9698 258 0.0427516
14.4782 201272 201272 0.206455 0 7.75935 0 7.55293 9698 258 0.0428644
14.4783 199824 199824 0.206455 0 7.75929 0 7.55286 9698 258 0.0429776
14.4785 198376 198376 0.206455 0 7.75922 0 7.5528 9698 258 0.043091
14.4787 196928 195480 0.206455 48.2024 7.75989 0 7.55268 9699 259 0.0433188
14.667 194032 192584 0.206455 2.39935 7.69108 0 7.45572 9738 298 0.043559
14.6672 192584 191136 0.206455 96.4048 7.69253 0 7.45559 9740 300 0.0436627
14.6684 191136 189688 0.206455 96.4048 7.6998 0 7.45498 9750 310 0.043778
14.6711 189688 188240 0.206455 96.4048 7.71578 0 7.45364 9772 332 0.0438935
14.674 188240 186792 0.206455 96.4048 7.73321 0 7.45218 9796 356 0.0440094
14.6767 198376 186792 0.206455 96.4048 7.74991 0 7.45077 9819 379 0.0441883
14.8192 199824 196928 0.206455 9.26669 7.76449 0 7.37912 9933 493 0.0432048
14.8195 201272 196928 0.198773 96.4048 7.76593 96.4048 7.38057 9935 493 0.0410137
14.8197 202720 198376 0.192051 144.607 7.76815 144.607 7.38279 9938 493 0.0390796
14.8228 204168 199824 0.153784 100.113 7.78761 100.113 7.40234 9965 493 0.030324
14.9603 205616 201272 0.163109 3.96069 7.75245 3.96069 7.37071 10012 493 0.032047
14.9608 207064 202720 0.159568 120.506 7.75607 120.506 7.37435 10017 493 0.0312164
14.9651 208512 204168 0.149518 99.0827 7.78247 99.0827 7.40086 10054 493 0.0292036
14.9709 209960 205616 0.148694 98.4132 7.81739 98.4132 7.43592 10103 493 0.0289444
15.1123 211408 207064 0.165865 4.34108 7.78485 4.34108 7.40696 10156 493 0.0321733
15.1125 212856 208512 0.164132 144.607 7.78703 144.607 7.40914 10159 493 0.0316977
15.1166 214304 209960 0.153685 99.2402 7.81175 99.2402 7.43396 10194 493 0.0295197
15.1226 215752 211408 0.152525 98.3329 7.84771 98.3329 7.47007 10245 493 0.0291927
15.1294 217200 212856 0.152739 98.1263 7.88786 98.1263 7.51039 10302 493 0.0291215
15.2697 218648 214304 0.159262 1.89838 7.83281 1.89838 7.45881 10325 493 0.0302635
15.2743 220096 215752 0.155864 98.9418 7.86005 98.9418 7.48616 10364 493 0.0294903
15.2788 221544 217200 0.155575 98.9418 7.88727 98.9418 7.51349 10403 493 0.029325
15.2849 222992 218648 0.155676 98.3329 7.92282 98.3329 7.54919 10454 493 0.0292348
15.4288 224440 220096 0.158071 2.49461 7.87217 2.49461 7.50203 10485 493 0.0295895
15.4327 225888 221544 0.158491 99.4174 7.89498 99.4174 7.52493 10518 493 0.0295631
15.4372 227336 222992 0.158618 98.9418 7.92191 98.9418 7.55197 10557 493 0.0294795
15.4435 228784 224440 0.15886 98.2587 7.95846 98.2587 7.58867 10610 493 0.0294188
15.5904 230232 225888 0.161188 2.60127 7.90796 2.60127 7.54166 10643 493 0.0297765
15.595 231680 227336 0.161776 98.9418 7.93462 98.9418 7.56842 10682 493 0.029788
15.5998 233128 228784 0.161902 98.8149 7.96262 98.8149 7.59653 10723 493 0.0297061
15.7524 234576 230232 0.16255 4.17501 7.92593 4.17501 7.56338 10778 493 0.0297315
15.7529 236024 231680 0.163124 120.506 7.92936 120.506 7.56683 10783 493 0.0297427
15.7577 237472 233128 0.165117 98.8149 7.95708 98.8149 7.59466 10824 493 0.0300511
15.7642 238920 234576 0.165369 98.1901 7.99422 98.1901 7.63195 10879 493 0.0299978
15.9206 240368 236024 0.184146 4.66475 7.96151 4.66475 7.60279 10942 493 0.0342015
15.9209 241816 237472 0.182128 144.607 7.96357 144.607 7.60486 10945 493 0.0335988
15.9254 243264 238920 0.169708 98.9418 7.98965 98.9418 7.63105 10984 493 0.030614
15.9322 244712 240368 0.168676 98.1263 8.02772 98.1263 7.66927 11041 493 0.0302835
16.0923 246160 241816 0.187975 4.9902 7.99749 4.9902 7.6426 11110 493 0.0347459
16.0931 247608 243264 0.182827 112.472 8.00217 112.472 7.6473 11117 493 0.0333503
16.1 249056 244712 0.172511 98.0669 8.04116 98.0669 7.68644 11176 493 0.0308182
16.1104 250504 246160 0.172479 97.5258 8.09855 97.5258 7.74407 11263 493 0.0307071
16.2702 251952 247608 0.178629 3.11685 8.04962 3.11685 7.69862 11306 493 0.0320247
16.2771 253400 249056 0.175504 98.0669 8.08816 98.0669 7.73731 11365 493 0.0311899
16.2877 254848 250504 0.175518 97.5003 8.14621 97.5003 7.79558 11454 493 0.0310901
16.4505 256296 251952 0.17949 3.20164 8.09727 3.20164 7.75012 11499 493 0.0319209
16.4575 257744 253400 0.178704 98.0669 8.13537 98.0669 7.78836 11558 493 0.0316313
16.6266 259192 254848 0.178982 5.27588 8.1063 5.27588 7.76281 11635 493 0.0315951
16.6299 260640 256296 0.180757 99.8478 8.12486 99.8478 7.78144 11664 493 0.0319188
16.6407 262088 257744 0.181356 97.476 8.18292 97.476 7.83973 11755 493 0.0319625
16.81 263536 259192 0.181643 4.17366 8.14254 4.17366 7.80281 11816 493 0.0319308
16.8153 264984 260640 0.183644 98.5958 8.17098 98.5958 7.83136 11861 493 0.0323209
16.8264 266432 262088 0.183896 97.4527 8.22964 97.4527 7.89024 11954 493 0.0322826
16.998 267880 263536 0.192454 4.11813 8.18814 4.11813 7.85216 12015 493 0.0343761
17.009 269328 264984 0.18651 97.4527 8.24615 97.4527 7.91039 12108 493 0.0327368
17.1849 270776 266432 0.18665 5.07047 8.21364 5.07047 7.88132 12185 493 0.0326725
17.1946 272224 267880 0.189151 97.6099 8.26362 97.6099 7.93149 12266 493 0.0332127
17.3759 273672 269328 0.189438 6.83586 8.24872 6.83586 7.92005 12373 493 0.0331879
17.3961 275120 270776 0.191258 96.9786 8.35169 96.9786 8.0234 12542 493 0.0335634
17.5687 276568 272224 0.191374 1.40884 8.28345 1.40884 7.95839 12563 493 0.0334954
17.5904 278016 273672 0.193038 96.9404 8.39246 96.9404 8.0678 12744 493 0.0338371
17.786 279464 275120 0.19557 11.4288 8.42586 11.4288 8.10477 12937 493 0.0344192
17.983 280912 276568 0.197137 11.3452 8.45785 11.3452 8.14028 13130 493 0.034749
18.1816 282360 278016 0.198491 11.3795 8.48975 11.3795 8.17564 13325 493 0.035025
18.3819 283808 279464 0.200024 11.3928 8.52138 11.3928 8.2107 13522 493 0.0353548
18.7634 285256 280912 0.201698 6.22456 8.47468 6.22456 8.17032 13727 493 0.0357295
19.7894 283808 282360 0.228929 11.1206 8.61187 11.1206 8.32328 14712 493 0.0440919
19.7895 282906 282360 0.228929 96.4048 8.6124 0 8.32323 14713 494 0.0440896
19.7897 282455 280912 0.228929 0 8.61235 0 8.32318 14713 494 0.0441849
19.7898 282004 280912 0.228929 96.4048 8.61288 0 8.32313 14714 495 0.0441849
19.7899 281553 279464 0.228929 0 8.61283 0 8.32308 14714 495 0.0442817
19.79 281102 279464 0.228929 96.4048 8.61336 0 8.32303 14715 496 0.0442817
19.7901 280651 279464 0.228929 96.4048 8.61389 0 8.32298 14716 497 0.0442817
19.7903 280199 278016 0.228929 0 8.61384 0 8.32293 14716 497 0.0443787
19.7904 279748 278016 0.228929 96.4048 8.61437 0 8.32288 14717 498 0.0443787
19.7905 279297 278016 0.228929 96.4048 8.61491 0 8.32283 14718 499 0.0443787
19.7906 278846 276568 0.228929 0 8.61486 0 8.32278 14718 499 0.0444761
19.7907 278395 276568 0.228929 96.4048 8.61539 0 8.32273 14719 500 0.0444761
19.7909 277944 276568 0.228929 96.4048 8.61592 0 8.32268 14720 501 0.0444761
19.791 277493 275120 0.228929 0 8.61587 0 8.32263 14720 501 0.0445737
19.7911 275120 275120 0.228929 96.4048 8.6164 0 8.32257 14721 502 0.0445834
19.7912 273672 273672 0.228929 0 8.61635 0 8.32252 14721 502 0.0446751
19.7913 272224 272224 0.228929 0 8.6163 0 8.32247 14721 502 0.0447733
19.7915 270776 270776 0.228929 0 8.61625 0 8.32242 14721 502 0.0448718
19.7916 269328 269328 0.228929 0 8.61619 0 8.32237 14721 502 0.0449707
19.7917 267880 267880 0.228929 0 8.61614 0 8.32232 14721 502 0.0450698
19.7918 266432 266432 0.228929 0 8.61609 0 8.32227 14721 502 0.0451692
19.7919 264984 264984 0.228929 0 8.61604 0 8.32222 14721 502 0.045269
19.7921 263536 263536 0.228929 0 8.61598 0 8.32217 14721 502 0.045369
19.7922 262088 262088 0.228929 0 8.61593 0 8.32212 14721 502 0.0454693
19.7923 260640 260640 0.228929 0 8.61588 0 8.32207 14721 502 0.04557
19.7924 259192 259192 0.228929 0 8.61583 0 8.32202 14721 502 0.0456709
19.7925 257744 257744 0.228929 0 8.61577 0 8.32197 14721 502 0.0457721
19.7927 256296 256296 0.228929 0 8.61572 0 8.32192 14721 502 0.0458736
19.7928 255820 254848 0.228929 0 8.61567 0 8.32187 14721 502 0.0459721
19.7929 253400 253400 0.228929 0 8.61562 0 8.32182 14721 502 0.0460843
19.793 251952 251952 0.228929 0 8.61557 0 8.32177 14721 502 0.04618
19.7931 250504 250504 0.228929 0 8.61551 0 8.32172 14721 502 0.0462827
19.7933 249056 249056 0.228929 0 8.61546 0 8.32167 14721 502 0.0463857
19.7934 247608 247608 0.228929 0 8.61541 0 8.32161 14721 502 0.046489
19.7935 246160 246160 0.228929 0 8.61536 0 8.32156 14721 502 0.0465927
19.7936 244712 244712 0.228929 0 8.6153 0 8.32151 14721 502 0.0466966
19.7937 243264 243264 0.228929 0 8.61525 0 8.32146 14721 502 0.0468008
19.7939 241816 241816 0.228929 0 8.6152 0 8.32141 14721 502 0.0469053
19.794 240368 240368 0.228929 0 8.61515 0 8.32136 14721 502 0.0470101
19.7941 238920 238920 0.228929 0 8.61509 0 8.32131 14721 502 0.0471152
19.7942 237472 237472 0.228929 0 8.61504 0 8.32126 14721 502 0.0472206
19.7943 236024 236024 0.228929 0 8.61499 0 8.32121 14721 502 0.0473263
19.7945 234599 234576 0.228929 0 8.61494 0 8.32116 14721 502 0.0474322
19.7946 234148 233128 0.228929 0 8.61489 0 8.32111 14721 502 0.0475352
19.7947 231680 231680 0.228929 0 8.61483 0 8.32106 14721 502 0.0476523
19.7948 230232 230232 0.228929 0 8.61478 0 8.32101 14721 502 0.0477521
19.7949 228784 228784 0.228929 0 8.61473 0 8.32096 14721 502 0.0478592
19.7951 227336 227336 0.228929 0 8.61468 0 8.32091 14721 502 0.0479667
19.7952 225888 225888 0.228929 0 8.61462 0 8.32086 14721 502 0.0480745
19.7953 224440 224440 0.228929 0 8.61457 0 8.32081 14721 502 0.0481826
19.7954 222992 222992 0.228929 0 8.61452 0 8.32076 14721 502 0.048291
19.7955 221544 221544 0.228929 0 8.61447 0 8.32071 14721 502 0.0483997
19.7957 220096 220096 0.228929 0 8.61441 0 8.32066 14721 502 0.0485086
19.7958 218648 218648 0.228929 0 8.61436 0 8.3206 14721 502 0.0486179
19.7959 217200 217200 0.228929 0 8.61431 0 8.32055 14721 502 0.0487275
19.796 215752 215752 0.228929 0 8.61426 0 8.3205 14721 502 0.0488374
19.7961 214304 214304 0.228929 0 8.61421 0 8.32045 14721 502 0.0489475
19.7963 212927 212856 0.228929 0 8.61415 0 8.3204 14721 502 0.0490576
19.7964 212476 211408 0.228929 0 8.6141 0 8.32035 14721 502 0.0491654
19.7965 209960 209960 0.228929 0 8.61405 0 8.3203 14721 502 0.0492874
19.7966 208512 208512 0.228929 0 8.614 0 8.32025 14721 502 0.0493912
19.7967 207064 207064 0.228929 0 8.61394 0 8.3202 14721 502 0.0495029
19.7969 205616 205616 0.228929 0 8.61389 0 8.32015 14721 502 0.0496148
19.797 204168 204168 0.228929 0 8.61384 0 8.3201 14721 502 0.0497271
19.7971 202720 202720 0.228929 0 8.61379 0 8.32005 14721 502 0.0498396
19.7972 201272 201272 0.228929 0 8.61374 0 8.32 14721 502 0.0499525
19.7973 199824 199824 0.228929 0 8.61368 0 8.31995 14721 502 0.0500656
19.7975 198376 198376 0.228929 0 8.61363 0 8.3199 14721 502 0.0501791
19.9636 199824 196928 0.228929 8.92253 8.6162 0 8.25064 14849 630 0.0502928
19.9639 201272 196928 0.222063 96.4048 8.61726 96.4048 8.2517 14851 630 0.0480202
19.9641 202720 198376 0.216055 144.607 8.6189 144.607 8.25334 14854 630 0.0459952
19.9644 204168 199824 0.210798 144.607 8.62053 144.607 8.25499 14857 630 0.0442687
19.9646 205616 201272 0.206198 144.607 8.62217 144.607 8.25663 14860 630 0.0427894
19.9752 207064 202720 0.167443 97.5003 8.66922 97.5003 8.30387 14949 630 0.0328465
20.1194 208512 204168 0.165838 3.13316 8.62954 3.13316 8.26681 14988 630 0.0323918
20.1196 209960 205616 0.164609 144.607 8.63117 144.607 8.26844 14991 630 0.0320208
20.1199 211408 207064 0.163533 144.607 8.63279 144.607 8.27007 14994 630 0.0316848
20.1201 212856 208512 0.162716 144.607 8.63441 144.607 8.2717 14997 630 0.0314047
20.2768 214304 209960 0.17432 10.1284 8.64596 10.1284 8.28604 15134 630 0.033812
20.277 215752 211408 0.17228 144.607 8.64757 144.607 8.28766 15137 630 0.0332386
20.2773 217200 212856 0.170495 144.607 8.64918 144.607 8.28928 15140 630 0.0327302
20.2775 218648 214304 0.168933 144.607 8.65079 144.607 8.29089 15143 630 0.032277
20.2777 220096 215752 0.167567 144.607 8.6524 144.607 8.29251 15146 630 0.0318709
20.4358 221544 217200 0.175824 10.1903 8.6643 10.1903 8.30718 15285 630 0.0336056
20.436 222992 218648 0.173721 144.607 8.66589 144.607 8.30878 15288 630 0.0330133
20.4362 224440 220096 0.171881 144.607 8.66749 144.607 8.31039 15291 630 0.0324889
20.4365 225888 221544 0.170271 144.607 8.66909 144.607 8.31199 15294 630 0.0320223
20.5968 227336 222992 0.159845 10.6233 8.6843 10.6233 8.32998 15441 630 0.0297229
20.597 228784 224440 0.160114 144.607 8.68589 144.607 8.33157 15444 630 0.0296684
20.5973 230232 225888 0.16035 144.607 8.68747 144.607 8.33316 15447 630 0.0296075
20.5975 231680 227336 0.160431 144.607 8.68906 144.607 8.33475 15450 630 0.0295161
20.6148 233128 228784 0.16143 97.0743 8.76324 97.0743 8.40923 15595 630 0.0296102
20.7652 234576 230232 0.163079 4.23503 8.73044 4.23503 8.37899 15650 630 0.0298403
20.7748 236024 231680 0.163166 97.6099 8.77156 97.6099 8.42028 15731 630 0.0297514
20.9243 237472 233128 0.18146 2.55736 8.72717 2.55736 8.37839 15764 630 0.0337541
20.9294 238920 234576 0.166027 98.7001 8.74887 98.7001 8.40017 15807 630 0.030137
20.9359 240368 236024 0.165056 98.1901 8.77659 98.1901 8.428 15862 630 0.0298261
21.0907 241816 237472 0.183658 5.01096 8.74893 5.01096 8.40291 15929 630 0.0339748
21.0917 243264 238920 0.176556 108.455 8.75348 108.455 8.40747 15938 630 0.0321634
21.0984 244712 240368 0.167006 98.1263 8.78198 98.1263 8.43608 15995 630 0.0299233
21.1085 246160 241816 0.166973 97.5525 8.82443 97.5525 8.47869 16080 630 0.0298114
21.2615 247608 243264 0.16799 3.25641 8.78437 3.25641 8.44112 16123 630 0.0299256
21.2685 249056 244712 0.168282 98.0669 8.81363 98.0669 8.47049 16182 630 0.0298844
21.2769 250504 246160 0.168224 97.782 8.8488 97.782 8.5058 16253 630 0.0297681
21.43 251952 247608 0.169136 2.3458 8.80234 2.3458 8.4618 16284 630 0.0298627
21.4369 253400 249056 0.170069 98.0669 8.83136 98.0669 8.49093 16343 630 0.0299639
21.4473 254848 250504 0.170367 97.5258 8.8741 97.5258 8.53383 16430 630 0.0299265
21.6031 256296 251952 0.174215 3.34481 8.83421 3.34481 8.49639 16475 630 0.0306881
21.6103 257744 253400 0.171729 98.0115 8.86396 98.0115 8.52626 16536 630 0.0300239
21.773 259192 254848 0.172042 6.3368 8.84508 6.3368 8.50989 16625 630 0.0299918
21.7747 260640 256296 0.172776 103.291 8.85237 103.291 8.51722 16640 630 0.0300549
21.7855 262088 257744 0.173494 97.476 8.89637 97.476 8.56138 16731 630 0.0301161
21.9475 263536 259192 0.173584 5.36377 8.8703 5.36377 8.53778 16806 630 0.0300353
21.9513 264984 260640 0.174612 99.4174 8.88616 99.4174 8.5537 16839 630 0.0301689
21.9621 266432 262088 0.174882 97.476 8.92978 97.476 8.59748 16930 630 0.0301301
22.1238 267880 263536 0.189925 4.51561 8.89753 4.51561 8.56766 16993 630 0.0337125
22.1348 269328 264984 0.176235 97.4527 8.94176 97.4527 8.61206 17086 630 0.0302426
22.3015 270776 266432 0.176779 6.46406 8.92324 6.46406 8.596 17179 630 0.0302696
22.3135 272224 267880 0.177992 97.3688 8.97087 97.3688 8.64381 17280 630 0.030455
22.4806 273672 269328 0.1784 6.16824 8.95003 6.16824 8.6254 17369 630 0.0304523
22.6603 275120 270776 0.179461 11.8007 8.97263 11.8007 8.65058 17552 630 0.0306058
22.6704 276568 272224 0.180596 97.5525 9.01207 97.5525 8.69016 17637 630 0.0307797
22.842 278016 273672 0.200336 7.08859 8.99762 7.08859 8.67813 17742 630 0.0358322
22.8547 279464 275120 0.182057 97.3143 9.04684 97.3143 8.72752 17849 630 0.0309379
23.0379 280912 276568 0.183201 12.2007 9.07193 12.2007 8.75515 18042 630 0.0311209
23.2225 282360 278016 0.184711 12.2389 9.0971 12.2389 8.78284 18237 630 0.0313979
23.582 283808 279464 0.206518 8.98962 9.09546 8.98962 8.78599 18516 630 0.0372157
23.7796 285256 280912 0.188571 16.0088 9.15289 16.0088 8.84599 18789 630 0.0321819
26.5285 286704 282360 0.218968 11.2389 9.36904 11.2389 9.09394 21456 630 0.0408258
26.9118 288152 283808 0.191395 11.9373 9.40562 11.9373 9.13444 21851 630 0.0327233
27.1055 289600 285256 0.192489 11.9011 9.42345 11.9011 9.15421 22050 630 0.0329162
27.3006 291048 286704 0.215357 11.8131 9.44053 11.8131 9.17322 22249 630 0.039403
27.4979 292496 288152 0.195543 11.8011 9.45747 11.8011 9.19207 22450 630 0.0335438
27.6967 293944 289600 0.219335 11.7155 9.47367 11.7155 9.21018 22651 630 0.0404647
27.8971 295392 291048 0.19925 11.7327 9.4899 11.7327 9.2283 22854 630 0.0343729
27.8973 296840 292496 0.199469 144.607 9.49107 144.607 9.22947 22857 630 0.0343395
28.0988 298288 293944 0.222799 11.5548 9.50587 11.5548 9.24615 23058 630 0.0412975
28.0991 299736 295392 0.220199 144.607 9.50702 144.607 9.2473 23061 630 0.0403639
28.3023 301184 296840 0.224635 11.5731 9.52186 11.5731 9.264 23264 630 0.0417115
28.3025 302632 298288 0.222056 144.607 9.523 144.607 9.26515 23267 630 0.0407756
28.5071 304080 299736 0.226479 11.6048 9.53795 11.6048 9.28194 23472 630 0.0421358
28.5074 305528 301184 0.223794 144.607 9.53909 144.607 9.28309 23475 630 0.0411565
28.5076 306976 302632 0.221445 144.607 9.54023 144.607 9.28423 23478 630 0.0403002
28.7132 308424 304080 0.22797 11.5505 9.55462 11.5505 9.30045 23683 630 0.0423576
28.7137 306976 305528 0.225223 144.215 9.55688 144.215 9.30272 23689 630 0.0413509
28.7138 306087 305528 0.225223 96.4048 9.55724 0 9.30268 23690 631 0.0413485
28.7139 304195 302632 0.225223 0 9.5572 0 9.30264 23690 631 0.0415372
28.7141 303750 302632 0.225223 96.4048 9.55757 0 9.3026 23691 632 0.0415312
28.7142 301858 299736 0.225223 0 9.55753 0 9.30256 23691 632 0.041722
28.7143 301413 299736 0.225223 96.4048 9.55789 0 9.30252 23692 633 0.041716
28.7144 300969 299736 0.225223 96.4048 9.55825 0 9.30248 23693 634 0.041716
28.7145 300524 298288 0.225223 0 9.55821 0 9.30245 23693 634 0.0418089
28.7147 300080 298288 0.225223 96.4048 9.55858 0 9.30241 23694 635 0.0418089
28.7148 299635 298288 0.225223 96.4048 9.55894 0 9.30237 23695 636 0.0418089
28.7149 299191 296840 0.225223 0 9.5589 0 9.30233 23695 636 0.0419021
28.715 298746 296840 0.225223 96.4048 9.55926 0 9.30229 23696 637 0.0419021
28.7151 298302 296840 0.225223 96.4048 9.55963 0 9.30225 23697 638 0.0419021
28.7153 296840 296840 0.225223 96.4048 9.55999 0 9.30221 23698 639 0.0419055
28.7154 295392 295392 0.225223 0 9.55995 0 9.30217 23698 639 0.0419989
28.7155 293944 293944 0.225223 0 9.55991 0 9.30213 23698 639 0.0420927
28.7156 292496 292496 0.225223 0 9.55987 0 9.3021 23698 639 0.0421867
28.7157 291048 291048 0.225223 0 9.55983 0 9.30206 23698 639 0.0422811
28.7159 289600 289600 0.225223 0 9.55979 0 9.30202 23698 639 0.0423758
28.716 288152 288152 0.225223 0 9.55975 0 9.30198 23698 639 0.0424707
28.7161 286704 286704 0.225223 0 9.55971 0 9.30194 23698 639 0.042566
28.7162 285256 285256 0.225223 0 9.55967 0 9.3019 23698 639 0.0426616
28.7163 283808 283808 0.225223 0 9.55963 0 9.30186 23698 639 0.0427574
28.7165 282360 282360 0.225223 0 9.55959 0 9.30182 23698 639 0.0428536
28.7166 280912 280912 0.225223 0 9.55955 0 9.30178 23698 639 0.04295
28.7167 279464 279464 0.225223 0 9.55951 0 9.30174 23698 639 0.0430468
28.7168 278283 278016 0.225223 0 9.55947 0 9.30171 23698 639 0.0431426
28.7169 276568 276568 0.225223 0 9.55943 0 9.30167 23698 639 0.0432427
28.7171 275120 275120 0.225223 0 9.55939 0 9.30163 23698 639 0.0433388
28.7172 273672 273672 0.225223 0 9.55935 0 9.30159 23698 639 0.0434368
28.7173 272224 272224 0.225223 0 9.55931 0 9.30155 23698 639 0.043535
28.7174 270776 270776 0.225223 0 9.55927 0 9.30151 23698 639 0.0436336
28.7175 269328 269328 0.225223 0 9.55923 0 9.30147 23698 639 0.0437324
28.7177 267880 267880 0.225223 0 9.55919 0 9.30143 23698 639 0.0438315
28.7178 266432 266432 0.225223 0 9.55915 0 9.30139 23698 639 0.043931
28.7179 264984 264984 0.225223 0 9.55911 0 9.30136 23698 639 0.0440307
28.718 263536 263536 0.225223 0 9.55907 0 9.30132 23698 639 0.0441307
28.7181 262088 262088 0.225223 0 9.55903 0 9.30128 23698 639 0.0442311
28.7183 260640 260640 0.225223 0 9.55899 0 9.30124 23698 639 0.0443317
28.7184 259192 259192 0.225223 0 9.55895 0 9.3012 23698 639 0.0444326
28.7185 258264 257744 0.225223 0 9.55891 0 9.30116 23698 639 0.0445316
28.7186 256296 256296 0.225223 0 9.55887 0 9.30112 23698 639 0.0446385
28.7187 254848 254848 0.225223 0 9.55883 0 9.30108 23698 639 0.0447372
28.7189 253400 253400 0.225223 0 9.55879 0 9.30104 23698 639 0.0448393
28.719 251952 251952 0.225223 0 9.55875 0 9.30101 23698 639 0.0449417
28.7191 250504 250504 0.225223 0 9.55871 0 9.30097 23698 639 0.0450444
28.7192 249056 249056 0.225223 0 9.55867 0 9.30093 23698 639 0.0451475
28.7193 247608 247608 0.225223 0 9.55863 0 9.30089 23698 639 0.0452508
28.7195 246160 246160 0.225223 0 9.55859 0 9.30085 23698 639 0.0453544
28.7196 244712 244712 0.225223 0 9.55855 0 9.30081 23698 639 0.0454583
28.7197 243264 243264 0.225223 0 9.55851 0 9.30077 23698 639 0.0455625
28.7198 241816 241816 0.225223 0 9.55847 0 9.30073 23698 639 0.045667
28.7199 240368 240368 0.225223 0 9.55843 0 9.30069 23698 639 0.0457718
28.7201 238920 238920 0.225223 0 9.55839 0 9.30066 23698 639 0.0458769
28.7202 237472 237472 0.225223 0 9.55835 0 9.30062 23698 639 0.0459823
28.7203 236024 236024 0.225223 0 9.55831 0 9.30058 23698 639 0.046088
28.7204 234576 234576 0.225223 0 9.55827 0 9.30054 23698 639 0.046194
28.7205 233128 233128 0.225223 0 9.55823 0 9.3005 23698 639 0.0463003
28.7207 231680 231680 0.225223 0 9.55819 0 9.30046 23698 639 0.0464069
28.7208 230232 230232 0.225223 0 9.55815 0 9.30042 23698 639 0.0465138
28.7209 228784 228784 0.225223 0 9.55811 0 9.30038 23698 639 0.046621
28.721 227336 227336 0.225223 0 9.55807 0 9.30034 23698 639 0.0467285
28.7212 225888 225888 0.225223 0 9.55803 0 9.3003 23698 639 0.0468362
28.7213 224440 224440 0.225223 0 9.55799 0 9.30027 23698 639 0.0469443
28.7214 222992 222992 0.225223 0 9.55795 0 9.30023 23698 639 0.0470527
28.7215 221544 221544 0.225223 0 9.55791 0 9.30019 23698 639 0.0471614
28.7216 220096 220096 0.225223 0 9.55787 0 9.30015 23698 639 0.0472704
28.7218 218670 218648 0.225223 0 9.55783 0 9.30011 23698 639 0.0473795
28.7219 217200 217200 0.225223 0 9.55779 0 9.30007 23698 639 0.0474893
28.722 215752 215752 0.225223 0 9.55775 0 9.30003 23698 639 0.0475991
28.9058 217200 214304 0.225223 8.94747 9.55387 0 9.24088 23840 781 0.0477093
28.9061 218648 214304 0.22107 96.4048 9.55459 96.4048 9.24161 23842 781 0.0463542
28.9063 220096 215752 0.217437 144.607 9.55571 144.607 9.24273 23845 781 0.0450866
28.9066 221544 217200 0.214132 144.607 9.55684 144.607 9.24386 23848 781 0.0439471
28.9068 222992 218648 0.210366 144.607 9.55796 144.607 9.24498 23851 781 0.0426907
28.9109 224440 220096 0.187294 99.2402 9.57063 99.2402 9.2577 23886 781 0.0361755
29.078 225888 221544 0.183354 6.99992 9.55586 6.99992 9.24472 23987 781 0.0350788
29.0783 227336 222992 0.18206 144.607 9.55697 144.607 9.24584 23990 781 0.0346525
29.0785 228784 224440 0.180927 144.607 9.55809 144.607 9.24696 23993 781 0.0342689
29.0787 230232 225888 0.179936 144.607 9.5592 144.607 9.24808 23996 781 0.0339222
29.079 231680 227336 0.179069 144.607 9.56032 144.607 9.2492 23999 781 0.0336072
29.0963 233128 228784 0.173934 97.0743 9.61236 97.0743 9.30143 24144 781 0.0323032
29.2527 234576 230232 0.193442 0.222131 9.56214 0.222131 9.25287 24147 781 0.0370219
29.253 236024 231680 0.191012 144.607 9.56325 144.607 9.25398 24150 781 0.0362723
29.2532 237472 233128 0.189011 144.607 9.56436 144.607 9.25509 24153 781 0.0356452
29.2535 238920 234576 0.187259 144.607 9.56547 144.607 9.25621 24156 781 0.0350901
29.2621 240368 236024 0.175562 97.7437 9.59154 97.7437 9.28237 24229 781 0.0321437
29.4301 241816 237472 0.195244 5.7236 9.56946 5.7236 9.26205 24312 781 0.0369746
29.4303 243264 238920 0.193089 144.607 9.57057 144.607 9.26316 24315 781 0.0362908
29.4306 244712 240368 0.191203 144.607 9.57167 144.607 9.26426 24318 781 0.0356872
29.4308 246160 241816 0.189552 144.607 9.57277 144.607 9.26537 24321 781 0.0351521
29.4395 247608 243264 0.178185 97.7437 9.59868 97.7437 9.29137 24394 781 0.0322315
29.6099 249056 244712 0.178133 6.05079 9.57827 6.05079 9.27272 24483 781 0.0321148
29.6101 250504 246160 0.178366 144.607 9.57936 144.607 9.27382 24486 781 0.0320661
29.6103 251952 247608 0.17857 144.607 9.58046 144.607 9.27492 24489 781 0.0320109
29.6106 253400 249056 0.178749 144.607 9.58155 144.607 9.27602 24492 781 0.03195
29.7921 254848 250504 0.200813 10.5273 9.58732 10.5273 9.28364 24657 781 0.0375739
29.7924 256296 251952 0.198586 144.607 9.58841 144.607 9.28474 24660 781 0.0368491
29.7926 257744 253400 0.196513 144.607 9.5895 144.607 9.28583 24663 781 0.0361763
29.7929 259192 254848 0.194699 144.607 9.59059 144.607 9.28692 24666 781 0.0355822
29.7977 260640 256296 0.18381 98.8149 9.60498 98.8149 9.30136 24707 781 0.0326654
29.9763 262088 257744 0.203375 8.36329 9.59758 8.36329 9.29577 24836 781 0.0377915
29.9766 263536 259192 0.200953 144.607 9.59866 144.607 9.29685 24839 781 0.0370017
29.9768 264984 260640 0.198834 144.607 9.59974 144.607 9.29794 24842 781 0.0363078
29.9773 266432 262088 0.195592 120.506 9.60152 120.506 9.29972 24847 781 0.0353174
30.1625 267880 263536 0.185118 10.8229 9.60902 10.8229 9.30907 25020 781 0.0324864
30.1627 269328 264984 0.185228 144.607 9.61009 144.607 9.31015 25023 781 0.032414
30.1629 270776 266432 0.185325 144.607 9.61117 144.607 9.31123 25026 781 0.0323385
30.1831 272224 267880 0.186551 96.9786 9.6696 96.9786 9.36986 25195 781 0.0325479
30.3565 273672 269328 0.188557 4.20894 9.63841 4.20894 9.34038 25258 781 0.0329605
30.3678 275120 270776 0.188439 97.4304 9.67106 97.4304 9.37315 25353 781 0.0328313
30.5413 276568 272224 0.189191 3.27135 9.63471 3.27135 9.33848 25402 781 0.0329265
30.5488 278016 273672 0.190454 97.9597 9.65625 97.9597 9.36009 25465 781 0.0331562
30.5603 279464 275120 0.190575 97.409 9.68937 97.409 9.39333 25562 781 0.03309
30.7351 280912 276568 0.191643 3.24662 9.65272 3.24662 9.35836 25611 781 0.0332723
30.7428 282360 278016 0.192095 97.9111 9.6748 97.9111 9.38052 25676 781 0.0332943
30.7546 283808 279464 0.192298 97.3885 9.70838 97.3885 9.41421 25775 781 0.0332509
30.9309 285256 280912 0.195318 3.22006 9.67141 3.22006 9.37891 25824 781 0.0339621
30.9388 286704 282360 0.193974 97.8655 9.69401 97.8655 9.40159 25891 781 0.0335037
31.1218 288152 283808 0.19414 5.88683 9.67163 5.88683 9.38093 25984 781 0.0334523
31.1245 289600 285256 0.195227 100.787 9.67936 100.787 9.38869 26007 781 0.0336492
31.1365 291048 286704 0.195794 97.3688 9.71321 97.3688 9.42264 26108 781 0.0337073
31.319 292496 288152 0.196053 4.88688 9.68508 4.88688 9.39621 26185 781 0.0336824
31.3301 293944 289600 0.197478 97.4527 9.71605 97.4527 9.42728 26278 781 0.0339772
31.5173 295392 291048 0.219447 6.74462 9.6984 6.74462 9.41134 26387 781 0.0404057
31.5247 296840 292496 0.198874 97.9597 9.71925 97.9597 9.43227 26450 781 0.0341741
31.717 298288 293944 0.220674 8.49567 9.71184 8.49567 9.42659 26591 781 0.0406101
31.7283 299736 295392 0.200254 97.4304 9.74307 97.4304 9.45792 26686 781 0.0343714
31.9181 301184 296840 0.222348 6.77274 9.7254 6.77274 9.44195 26797 781 0.0409636
31.9388 302632 298288 0.201616 96.9653 9.78185 96.9653 9.49859 26970 781 0.0345687
32.1416 304080 299736 0.202827 11.9364 9.79545 11.9364 9.51397 27179 781 0.0348203
32.3455 305528 301184 0.203972 11.9867 9.80926 11.9867 9.52956 27390 781 0.0350561
32.551 306976 302632 0.205296 12.0083 9.82314 12.0083 9.54521 27603 781 0.0353467
32.9126 308424 304080 0.202534 7.84951 9.80146 7.84951 9.52658 27848 781 0.0344598
35.5885 309872 305528 0.209237 13.7703 10.0999 13.7703 9.84567 31029 781 0.0363238
35.9728 311320 306976 0.191754 12.8721 10.1295 12.8721 9.878 31456 781 0.0313197
36.1672 312768 308424 0.193244 12.8103 10.1439 12.8103 9.89376 31671 781 0.0316236
36.3627 314216 309872 0.215781 12.7394 10.1579 12.7394 9.90906 31886 781 0.0380467
36.5603 315664 311320 0.196012 12.725 10.1717 12.725 9.92427 32103 781 0.0321877
36.7591 317112 312768 0.219439 12.6404 10.1851 12.6404 9.93897 32320 781 0.0390189
36.9594 318560 314216 0.199257 12.6651 10.1985 12.6651 9.95374 32539 781 0.0329007
36.9597 320008 315664 0.19935 144.607 10.1994 144.607 9.95462 32542 781 0.032837
37.1609 321456 317112 0.222381 12.4895 10.2118 12.4895 9.96835 32759 781 0.039697
37.1612 322904 318560 0.219833 144.607 10.2127 144.607 9.96922 32762 781 0.0387871
37.3641 324352 320008 0.224125 12.5001 10.2251 12.5001 9.98296 32981 781 0.0400887
37.3644 325800 321456 0.221609 144.607 10.226 144.607 9.98383 32984 781 0.0391809
37.3858 327248 322904 0.203673 96.9464 10.2756 96.9464 10.0336 33163 781 0.0336172
37.5689 328696 324352 0.225914 2.72008 10.2387 2.72008 9.99793 33206 781 0.0404149
37.5691 330144 325800 0.2233 144.607 10.2396 144.607 9.99879 33209 781 0.0394667
37.7751 331592 327248 0.205417 12.6552 10.2528 12.6552 10.0133 33434 781 0.0338587
37.7754 330144 328696 0.205417 160.095 10.2542 160.095 10.0147 33439 781 0.0337718
37.7756 329254 328696 0.205417 96.4048 10.2545 0 10.0147 33440 782 0.0337695
37.7757 327361 325800 0.205417 0 10.2545 0 10.0146 33440 782 0.0339486
37.7758 326916 325800 0.205417 96.4048 10.2547 0 10.0146 33441 783 0.0339425
37.7759 326471 324352 0.205417 0 10.2547 0 10.0146 33441 783 0.03403
37.776 326026 324352 0.205417 96.4048 10.255 0 10.0146 33442 784 0.03403
37.7762 325581 324352 0.205417 96.4048 10.2552 0 10.0145 33443 785 0.03403
37.7763 325136 322904 0.205417 0 10.2552 0 10.0145 33443 785 0.0341179
37.7764 324691 322904 0.205417 96.4048 10.2555 0 10.0145 33444 786 0.0341179
37.7765 324246 322904 0.205417 96.4048 10.2558 0 10.0144 33445 787 0.0341179
37.7766 323801 321456 0.205417 0 10.2557 0 10.0144 33445 787 0.034206
37.7768 323356 321456 0.205417 96.4048 10.256 0 10.0144 33446 788 0.034206
37.7769 321456 321456 0.205417 96.4048 10.2563 0 10.0143 33447 789 0.034212
37.777 320008 320008 0.205417 0 10.2562 0 10.0143 33447 789 0.0342977
37.7771 318560 318560 0.205417 0 10.2562 0 10.0143 33447 789 0.0343864
37.7772 317112 317112 0.205417 0 10.2562 0 10.0142 33447 789 0.0344754
37.7774 315664 315664 0.205417 0 10.2561 0 10.0142 33447 789 0.0345647
37.7775 314216 314216 0.205417 0 10.2561 0 10.0142 33447 789 0.0346543
37.7776 312768 312768 0.205417 0 10.2561 0 10.0141 33447 789 0.0347442
37.7777 311320 311320 0.205417 0 10.256 0 10.0141 33447 789 0.0348344
37.7778 309872 309872 0.205417 0 10.256 0 10.0141 33447 789 0.0349249
37.778 308424 308424 0.205417 0 10.256 0 10.014 33447 789 0.0350157
37.7781 306976 306976 0.205417 0 10.2559 0 10.014 33447 789 0.0351068
37.7782 305528 305528 0.205417 0 10.2559 0 10.014 33447 789 0.0351982
37.7783 304730 304080 0.205417 0 10.2559 0 10.0139 33447 789 0.0352872
37.7784 302632 302632 0.205417 0 10.2558 0 10.0139 33447 789 0.0353859
37.7786 301184 301184 0.205417 0 10.2558 0 10.0139 33447 789 0.0354741
37.7787 299736 299736 0.205417 0 10.2558 0 10.0139 33447 789 0.0355667
37.7788 298288 298288 0.205417 0 10.2558 0 10.0138 33447 789 0.0356596
37.7789 296840 296840 0.205417 0 10.2557 0 10.0138 33447 789 0.0357527
37.7791 295392 295392 0.205417 0 10.2557 0 10.0138 33447 789 0.0358462
37.7792 293944 293944 0.205417 0 10.2557 0 10.0137 33447 789 0.03594
37.7793 292496 292496 0.205417 0 10.2556 0 10.0137 33447 789 0.036034
37.7794 291048 291048 0.205417 0 10.2556 0 10.0137 33447 789 0.0361284
37.7795 289600 289600 0.205417 0 10.2556 0 10.0136 33447 789 0.0362231
37.7797 288152 288152 0.205417 0 10.2555 0 10.0136 33447 789 0.036318
37.7798 286704 286704 0.205417 0 10.2555 0 10.0136 33447 789 0.0364133
37.7799 286104 285256 0.205417 0 10.2555 0 10.0135 33447 789 0.0365058
37.78 283808 283808 0.205417 0 10.2554 0 10.0135 33447 789 0.0366104
37.7801 282360 282360 0.205417 0 10.2554 0 10.0135 33447 789 0.0367009
37.7803 280912 280912 0.205417 0 10.2554 0 10.0134 33447 789 0.0367973
37.7804 279464 279464 0.205417 0 10.2553 0 10.0134 33447 789 0.0368941
37.7805 278016 278016 0.205417 0 10.2553 0 10.0134 33447 789 0.0369911
37.7806 276568 276568 0.205417 0 10.2553 0 10.0133 33447 789 0.0370885
37.7807 275120 275120 0.205417 0 10.2552 0 10.0133 33447 789 0.0371861
37.7809 273672 273672 0.205417 0 10.2552 0 10.0133 33447 789 0.0372841
37.781 272224 272224 0.205417 0 10.2552 0 10.0132 33447 789 0.0373823
37.7811 270776 270776 0.205417 0 10.2551 0 10.0132 33447 789 0.0374808
37.7812 269328 269328 0.205417 0 10.2551 0 10.0132 33447 789 0.0375797
37.7813 267922 267880 0.205417 0 10.2551 0 10.0132 33447 789 0.0376786
37.7815 267477 266432 0.205417 0 10.255 0 10.0131 33447 789 0.0377749
37.7816 264984 264984 0.205417 0 10.255 0 10.0131 33447 789 0.0378853
37.7817 263536 263536 0.205417 0 10.255 0 10.0131 33447 789 0.037978
37.7818 262088 262088 0.205417 0 10.2549 0 10.013 33447 789 0.0380784
37.7819 260640 260640 0.205417 0 10.2549 0 10.013 33447 789 0.038179
37.7821 259192 259192 0.205417 0 10.2549 0 10.013 33447 789 0.0382799
37.7822 257744 257744 0.205417 0 10.2548 0 10.0129 33447 789 0.0383811
37.7823 256296 256296 0.205417 0 10.2548 0 10.0129 33447 789 0.0384827
37.7824 254848 254848 0.205417 0 10.2548 0 10.0129 33447 789 0.0385845
37.7825 253400 253400 0.205417 0 10.2547 0 10.0128 33447 789 0.0386866
37.7827 251952 251952 0.205417 0 10.2547 0 10.0128 33447 789 0.038789
37.7828 250504 250504 0.205417 0 10.2547 0 10.0128 33447 789 0.0388917
37.7829 249296 249056 0.205417 0 10.2546 0 10.0127 33447 789 0.0389936
37.783 248851 247608 0.205417 0 10.2546 0 10.0127 33447 789 0.0390947
37.7831 246160 246160 0.205417 0 10.2546 0 10.0127 33447 789 0.0392108
37.7833 244712 244712 0.205417 0 10.2545 0 10.0126 33447 789 0.0393056
37.7834 243264 243264 0.205417 0 10.2545 0 10.0126 33447 789 0.0394098
37.7835 241816 241816 0.205417 0 10.2545 0 10.0126 33447 789 0.0395143
37.7836 240368 240368 0.205417 0 10.2544 0 10.0125 33447 789 0.0396191
37.7837 238920 238920 0.205417 0 10.2544 0 10.0125 33447 789 0.0397242
37.7839 237472 237472 0.205417 0 10.2544 0 10.0125 33447 789 0.0398296
37.784 236024 236024 0.205417 0 10.2543 0 10.0125 33447 789 0.0399353
37.7841 234576 234576 0.205417 0 10.2543 0 10.0124 33447 789 0.0400413
37.7842 233128 233128 0.205417 0 10.2543 0 10.0124 33447 789 0.0401476
37.7843 231680 231680 0.205417 0 10.2543 0 10.0124 33447 789 0.0402542
37.9672 233128 230232 0.205417 9.69122 10.2515 0 9.96413 33600 942 0.0403611
37.9675 234576 230232 0.20374 96.4048 10.2521 96.4048 9.96468 33602 942 0.0398761
37.9677 236024 231680 0.202147 144.607 10.2529 144.607 9.96553 33605 942 0.039314
37.9679 237472 233128 0.200754 144.607 10.2538 144.607 9.96638 33608 942 0.0388132
37.9682 238920 234576 0.19866 144.607 10.2546 144.607 9.96723 33611 942 0.0381217
37.9684 240368 236024 0.196827 144.607 10.2555 144.607 9.96808 33614 942 0.0375109
38.1124 241816 237472 0.199572 11.6684 10.2608 11.6684 9.97451 33759 942 0.0381638
38.1126 243264 238920 0.192875 144.607 10.2617 144.607 9.97536 33762 942 0.036234
38.1129 244712 240368 0.187016 144.607 10.2625 144.607 9.9762 33765 942 0.0346061
38.1131 246160 241816 0.181889 144.607 10.2634 144.607 9.97705 33768 942 0.0332251
38.1133 247608 243264 0.177403 144.607 10.2642 144.607 9.9779 33771 942 0.0320471
38.261 249056 244712 0.146829 12.4722 10.2727 12.4722 9.98753 33930 942 0.0256989
38.2613 250504 246160 0.147101 144.607 10.2736 144.607 9.98838 33933 942 0.0256422
38.2615 251952 247608 0.147338 144.607 10.2744 144.607 9.98922 33936 942 0.02558
38.2617 253400 249056 0.147546 144.607 10.2753 144.607 9.99007 33939 942 0.025513
38.2637 254848 250504 0.148596 102.43 10.2799 102.43 9.99471 33956 942 0.0255949
38.4124 256296 251952 0.165703 11.6028 10.285 11.6028 10.0009 34105 942 0.028816
38.4127 257744 253400 0.163865 144.607 10.2859 144.607 10.0018 34108 942 0.0283285
38.4129 259192 254848 0.162257 144.607 10.2867 144.607 10.0026 34111 942 0.0278949
38.4131 260640 256296 0.160975 144.607 10.2875 144.607 10.0035 34114 942 0.0275325
38.4273 262088 257744 0.15219 97.2218 10.3196 97.2218 10.0356 34233 942 0.0257341
38.5672 263536 259192 0.152538 4.38957 10.2981 4.38957 10.0152 34286 942 0.0256972
38.5674 264984 260640 0.152846 144.607 10.2989 144.607 10.016 34289 942 0.0256533
38.5677 266432 262088 0.153115 144.607 10.2998 144.607 10.0168 34292 942 0.0256028
38.5679 267880 263536 0.153351 144.607 10.3006 144.607 10.0177 34295 942 0.0255464
38.7248 269328 264984 0.17243 12.9179 10.3112 12.9179 10.0294 34470 942 0.0293725
38.7251 270776 266432 0.170626 144.607 10.3121 144.607 10.0303 34473 942 0.0288704
38.7253 272224 267880 0.169048 144.607 10.3129 144.607 10.0311 34476 942 0.0284243
38.7255 273672 269328 0.167667 144.607 10.3137 144.607 10.0319 34479 942 0.0280258
38.8849 275120 270776 0.175536 13.0139 10.3248 13.0139 10.0442 34658 942 0.0296833
38.8851 276568 272224 0.173719 144.607 10.3256 144.607 10.045 34661 942 0.0291682
38.8854 278016 273672 0.172004 144.607 10.3265 144.607 10.0458 34664 942 0.0286829
38.8856 279464 275120 0.170503 144.607 10.3273 144.607 10.0467 34667 942 0.028251
39.0477 280912 276568 0.178286 13.0779 10.3387 13.0779 10.0592 34850 942 0.0299341
39.0479 282360 278016 0.176376 144.607 10.3395 144.607 10.0601 34853 942 0.0293884
39.0482 283808 279464 0.174704 144.607 10.3404 144.607 10.0609 34856 942 0.028905
39.0484 285256 280912 0.173241 144.607 10.3412 144.607 10.0617 34859 942 0.0284747
39.2135 286704 282360 0.181425 13.1206 10.3529 13.1206 10.0746 35046 942 0.0302988
39.2138 288152 283808 0.179497 144.607 10.3537 144.607 10.0754 35049 942 0.0297381
39.214 289600 285256 0.177935 144.607 10.3545 144.607 10.0763 35052 942 0.0292714
39.2239 291048 286704 0.166501 97.5805 10.3764 97.5805 10.0982 35135 942 0.0266097
39.3819 292496 288152 0.184509 8.13759 10.3675 8.13759 10.0904 35246 942 0.0306745
39.3821 293944 289600 0.18257 144.607 10.3683 144.607 10.0912 35249 942 0.0301005
39.3823 295392 291048 0.180874 144.607 10.3691 144.607 10.092 35252 942 0.0295929
39.553 296840 292496 0.187416 13.3745 10.3821 13.3745 10.1062 35449 942 0.0311229
39.5532 298288 293944 0.185489 144.607 10.3829 144.607 10.107 35452 942 0.0305415
39.558 299736 295392 0.172614 98.8149 10.3936 98.8149 10.1178 35493 942 0.0273821
39.7264 301184 296840 0.17199 11.2163 10.3971 11.2163 10.1224 35656 942 0.0271483
39.7278 302632 298288 0.172899 104.439 10.4005 104.439 10.1258 35669 942 0.0272598
39.902 304080 299736 0.192637 12.9648 10.4117 12.9648 10.1382 35864 942 0.0320133
39.9023 305528 301184 0.190558 144.607 10.4125 144.607 10.1391 35867 942 0.0313734
39.9121 306976 302632 0.176232 97.5805 10.434 97.5805 10.1606 35950 942 0.0277457
40.0798 308424 304080 0.195276 8.63842 10.4265 8.63842 10.1543 36075 942 0.0324434
40.086 309872 305528 0.178822 98.2587 10.4402 98.2587 10.168 36128 942 0.0281708
40.2598 311320 306976 0.1784 10.7339 10.4415 10.7339 10.1704 36289 942 0.0279792
40.2619 312768 308424 0.179652 101.761 10.4464 101.761 10.1754 36308 942 0.0281862
40.4416 314216 309872 0.180494 12.7035 10.4564 12.7035 10.1866 36505 942 0.0282977
40.4418 315664 311320 0.180682 144.607 10.4572 144.607 10.1874 36508 942 0.0282526
40.4658 317112 312768 0.182009 96.8868 10.5085 96.8868 10.2389 36709 942 0.0284844
40.6365 318560 314216 0.183668 7.53587 10.4961 7.53587 10.2275 36820 942 0.0288021
40.81 320008 315664 0.20343 8.21177 10.4864 8.21177 10.219 36943 942 0.0339909
40.8172 321456 317112 0.185664 98.0115 10.5018 98.0115 10.2345 37004 942 0.0291208
40.9965 322904 318560 0.18553 10.4029 10.5014 10.4029 10.2352 37165 942 0.0289982
41.0174 324352 320008 0.186755 96.9588 10.5455 96.9588 10.2794 37340 942 0.0292185
41.2055 325800 321456 0.188217 13.8513 10.5605 13.8513 10.2957 37565 942 0.0295029
41.3949 327248 322904 0.189051 13.8857 10.5758 13.8857 10.3121 37792 942 0.0296292
41.585 328696 324352 0.190121 13.8331 10.5906 13.8331 10.3282 38019 942 0.0298187
41.7759 330144 325800 0.190924 13.7721 10.6052 13.7721 10.344 38246 942 0.0299409
42.1382 331592 327248 0.191881 8.79314 10.5896 8.79314 10.3306 38521 942 0.0301052
44.8524 333040 328696 0.215318 13.6276 10.7735 13.6276 10.5302 41714 942 0.0367494
45.2411 334488 330144 0.194448 13.6785 10.7984 13.6785 10.5572 42173 942 0.0306153
45.4358 335936 331592 0.194547 13.7466 10.811 13.7466 10.5709 42404 942 0.0305557
45.6307 337384 333040 0.215684 13.7297 10.8235 13.7297 10.5844 42635 942 0.0366042
45.8263 338832 334488 0.195322 13.7975 10.8362 13.7975 10.5981 42868 942 0.0305933
46.022 340280 335936 0.216774 13.789 10.8488 13.789 10.6117 43101 942 0.0367738
46.0223 341728 337384 0.214178 144.607 10.8495 144.607 10.6124 43104 942 0.0358812
46.2186 343176 338832 0.196 13.7468 10.8618 13.7468 10.6257 43337 942 0.0305217
46.2188 344624 340280 0.196 144.607 10.8625 144.607 10.6264 43340 942 0.0304372
46.4162 346072 341728 0.197074 13.7973 10.8749 13.7973 10.6398 43575 942 0.0306461
46.4164 347520 343176 0.197189 144.607 10.8756 144.607 10.6405 43578 942 0.030594
46.6142 348968 344624 0.197827 13.8809 10.8884 13.8809 10.6543 43815 942 0.0306856
46.6144 350416 346072 0.197848 144.607 10.8891 144.607 10.655 43818 942 0.0306082
46.8133 351864 347520 0.198306 13.9219 10.902 13.9219 10.6689 44057 942 0.0306515
46.8135 353312 348968 0.198392 144.607 10.9026 144.607 10.6695 44060 942 0.0305927
46.8138 354760 350416 0.198468 144.607 10.9033 144.607 10.6702 44063 942 0.0305313
47.0136 356208 351864 0.199407 13.8549 10.9159 13.8549 10.6838 44302 942 0.0307099
47.0138 357656 353312 0.199481 144.607 10.9166 144.607 10.6845 44305 942 0.0306488
47.0153 359104 354760 0.200318 104.439 10.9194 104.439 10.6873 44318 942 0.0308015
47.2151 360552 356208 0.222354 13.3912 10.9299 13.3912 10.6988 44549 942 0.0373898
47.2153 362000 357656 0.219809 144.607 10.9306 144.607 10.6995 44552 942 0.0364892
47.2156 363448 359104 0.217583 144.607 10.9312 144.607 10.7001 44555 942 0.035702
47.4188 364896 360552 0.202125 13.9676 10.9443 13.9676 10.7141 44800 942 0.0309886
47.419 366344 362000 0.202359 144.607 10.9449 144.607 10.7148 44803 942 0.0309753
47.4192 367792 363448 0.202564 144.607 10.9456 144.607 10.7155 44806 942 0.0309539
47.4195 369240 364896 0.202744 144.607 10.9463 144.607 10.7162 44809 942 0.0309257
47.6236 370688 366344 0.226018 13.9018 10.959 13.9018 10.7298 45054 942 0.0380327
47.6239 372136 367792 0.223391 144.607 10.9596 144.607 10.7305 45057 942 0.0370884
47.6241 373584 369240 0.221092 144.607 10.9603 144.607 10.7312 45060 942 0.0362639
47.6244 375032 370688 0.21908 144.607 10.961 144.607 10.7319 45063 942 0.0355416
47.8298 376480 372136 0.22742 14.0379 10.9742 14.0379 10.7461 45312 942 0.0381865
47.8302 373584 372136 0.22742 160.095 10.9753 160.095 10.7472 45317 942 0.0381977
47.8303 372700 372136 0.22742 96.4048 10.9755 0 10.7472 45318 943 0.0381842
47.8304 370810 369240 0.22742 0 10.9755 0 10.7471 45318 943 0.0383454
47.8306 370368 369240 0.22742 96.4048 10.9757 0 10.7471 45319 944 0.0383394
47.8307 368478 366344 0.22742 0 10.9757 0 10.7471 45319 944 0.0385028
47.8308 368036 366344 0.22742 96.4048 10.9759 0 10.7471 45320 945 0.0384968
47.8309 366146 364896 0.22742 96.4048 10.9761 0 10.747 45321 946 0.038582
47.831 365703 363448 0.22742 0 10.9761 0 10.747 45321 946 0.0386554
47.8312 365261 363448 0.22742 96.4048 10.9763 0 10.747 45322 947 0.0386554
47.8313 364819 363448 0.22742 96.4048 10.9765 0 10.7469 45323 948 0.0386554
47.8314 364377 362000 0.22742 0 10.9765 0 10.7469 45323 948 0.0387352
47.8315 362000 362000 0.22742 96.4048 10.9767 0 10.7469 45324 949 0.0387449
47.8316 360552 360552 0.22742 0 10.9767 0 10.7469 45324 949 0.0388186
47.8318 359104 359104 0.22742 0 10.9767 0 10.7468 45324 949 0.038899
47.8319 357656 357656 0.22742 0 10.9766 0 10.7468 45324 949 0.0389796
47.832 356208 356208 0.22742 0 10.9766 0 10.7468 45324 949 0.0390606
47.8321 354760 354760 0.22742 0 10.9766 0 10.7468 45324 949 0.0391418
47.8322 353312 353312 0.22742 0 10.9766 0 10.7467 45324 949 0.0392234
47.8324 351864 351864 0.22742 0 10.9765 0 10.7467 45324 949 0.0393052
47.8325 350416 350416 0.22742 0 10.9765 0 10.7467 45324 949 0.0393873
47.8326 348968 348968 0.22742 0 10.9765 0 10.7466 45324 949 0.0394698
47.8327 348192 347520 0.22742 0 10.9764 0 10.7466 45324 949 0.0395499
47.8328 346072 346072 0.22742 0 10.9764 0 10.7466 45324 949 0.0396398
47.833 344624 344624 0.22742 0 10.9764 0 10.7466 45324 949 0.0397189
47.8331 343176 343176 0.22742 0 10.9764 0 10.7465 45324 949 0.0398025
47.8332 341728 341728 0.22742 0 10.9763 0 10.7465 45324 949 0.0398864
47.8333 340280 340280 0.22742 0 10.9763 0 10.7465 45324 949 0.0399707
47.8334 338832 338832 0.22742 0 10.9763 0 10.7465 45324 949 0.0400552
47.8336 337384 337384 0.22742 0 10.9763 0 10.7464 45324 949 0.04014
47.8337 335936 335936 0.22742 0 10.9762 0 10.7464 45324 949 0.0402251
47.8338 334488 334488 0.22742 0 10.9762 0 10.7464 45324 949 0.0403106
47.8339 333040 333040 0.22742 0 10.9762 0 10.7463 45324 949 0.0403963
47.834 332008 331592 0.22742 0 10.9761 0 10.7463 45324 949 0.0404805
47.8342 330144 330144 0.22742 0 10.9761 0 10.7463 45324 949 0.0405711
47.8343 328696 328696 0.22742 0 10.9761 0 10.7463 45324 949 0.0406552
47.8344 327248 327248 0.22742 0 10.9761 0 10.7462 45324 949 0.0407421
47.8345 325800 325800 0.22742 0 10.976 0 10.7462 45324 949 0.0408294
47.8346 324352 324352 0.22742 0 10.976 0 10.7462 45324 949 0.0409169
47.8348 322904 322904 0.22742 0 10.976 0 10.7462 45324 949 0.0410047
47.8349 321456 321456 0.22742 0 10.9759 0 10.7461 45324 949 0.0410928
47.835 320008 320008 0.22742 0 10.9759 0 10.7461 45324 949 0.0411812
47.8351 318560 318560 0.22742 0 10.9759 0 10.7461 45324 949 0.0412699
47.8352 317112 317112 0.22742 0 10.9759 0 10.7461 45324 949 0.0413589
47.8354 315823 315664 0.22742 0 10.9758 0 10.746 45324 949 0.0414474
47.8355 315381 314216 0.22742 0 10.9758 0 10.746 45324 949 0.0415344
47.8356 312768 312768 0.22742 0 10.9758 0 10.746 45324 949 0.0416361
47.8357 311320 311320 0.22742 0 10.9758 0 10.7459 45324 949 0.0417178
47.8358 309872 309872 0.22742 0 10.9757 0 10.7459 45324 949 0.0418083
47.836 308424 308424 0.22742 0 10.9757 0 10.7459 45324 949 0.0418991
47.8361 306976 306976 0.22742 0 10.9757 0 10.7459 45324 949 0.0419902
47.8362 305528 305528 0.22742 0 10.9756 0 10.7458 45324 949 0.0420816
47.8363 304080 304080 0.22742 0 10.9756 0 10.7458 45324 949 0.0421733
47.8364 302632 302632 0.22742 0 10.9756 0 10.7458 45324 949 0.0422653
47.8366 301184 301184 0.22742 0 10.9756 0 10.7458 45324 949 0.0423575
47.8367 299736 299736 0.22742 0 10.9755 0 10.7457 45324 949 0.0424501
47.8368 299196 298288 0.22742 0 10.9755 0 10.7457 45324 949 0.0425398
47.8369 296840 296840 0.22742 0 10.9755 0 10.7457 45324 949 0.0426423
47.837 295392 295392 0.22742 0 10.9755 0 10.7456 45324 949 0.0427296
47.8372 293944 293944 0.22742 0 10.9754 0 10.7456 45324 949 0.0428234
47.8373 292496 292496 0.22742 0 10.9754 0 10.7456 45324 949 0.0429175
47.8374 291048 291048 0.22742 0 10.9754 0 10.7456 45324 949 0.0430118
47.8375 289600 289600 0.22742 0 10.9753 0 10.7455 45324 949 0.0431065
47.8376 288152 288152 0.22742 0 10.9753 0 10.7455 45324 949 0.0432015
47.8378 286704 286704 0.22742 0 10.9753 0 10.7455 45324 949 0.0432967
47.8379 285256 285256 0.22742 0 10.9753 0 10.7455 45324 949 0.0433923
47.838 283808 283808 0.22742 0 10.9752 0 10.7454 45324 949 0.0434881
47.8381 283012 282360 0.22742 0 10.9752 0 10.7454 45324 949 0.0435817
47.8382 280912 280912 0.22742 0 10.9752 0 10.7454 45324 949 0.0436849
47.8384 279464 279464 0.22742 0 10.9751 0 10.7454 45324 949 0.0437775
47.8385 278016 278016 0.22742 0 10.9751 0 10.7453 45324 949 0.0438746
47.8386 276568 276568 0.22742 0 10.9751 0 10.7453 45324 949 0.0439719
47.8387 275120 275120 0.22742 0 10.9751 0 10.7453 45324 949 0.0440696
47.8388 273672 273672 0.22742 0 10.975 0 10.7452 45324 949 0.0441675
47.839 272224 272224 0.22742 0 10.975 0 10.7452 45324 949 0.0442657
47.8391 270776 270776 0.22742 0 10.975 0 10.7452 45324 949 0.0443643
47.8392 269328 269328 0.22742 0 10.975 0 10.7452 45324 949 0.0444631
47.8393 267880 267880 0.22742 0 10.9749 0 10.7451 45324 949 0.0445623
47.8394 266827 266432 0.22742 0 10.9749 0 10.7451 45324 949 0.0446599
47.8396 264984 264984 0.22742 0 10.9749 0 10.7451 45324 949 0.0447637
47.8397 263536 263536 0.22742 0 10.9748 0 10.7451 45324 949 0.0448615
47.9943 264984 262088 0.22742 13.4085 10.9827 0 10.7104 45503 1128 0.0449618
47.9946 266432 262088 0.219368 96.4048 10.9831 96.4048 10.7109 45505 1128 0.0423303
47.9948 267880 263536 0.211322 144.607 10.9838 144.607 10.7115 45508 1128 0.0397302
47.9951 269328 264984 0.204281 144.607 10.9845 144.607 10.7122 45511 1128 0.0375491
47.9953 270776 266432 0.198121 144.607 10.9851 144.607 10.7129 45514 1128 0.0357097
47.9955 272224 267880 0.192731 144.607 10.9858 144.607 10.7135 45517 1128 0.0341503
48.0068 273672 269328 0.155071 97.4304 11.0061 97.4304 10.7339 45612 1128 0.0254721
48.1406 275120 270776 0.154001 6.14981 10.9926 6.14981 10.7212 45683 1128 0.0251709
48.1408 276568 272224 0.153126 144.607 10.9933 144.607 10.7219 45686 1128 0.0249086
48.141 278016 273672 0.152485 144.607 10.994 144.607 10.7225 45689 1128 0.0246915
48.1413 279464 275120 0.151924 144.607 10.9946 144.607 10.7232 45692 1128 0.0244901
48.1415 280912 276568 0.151309 144.607 10.9953 144.607 10.7239 45695 1128 0.0242797
48.2912 282360 278016 0.164172 14.0042 11.0046 14.0042 10.7341 45876 1128 0.0266968
48.2915 283808 279464 0.162525 144.607 11.0053 144.607 10.7347 45879 1128 0.0262595
48.2917 285256 280912 0.161085 144.607 11.006 144.607 10.7354 45882 1128 0.0258694
48.292 286704 282360 0.159824 144.607 11.0066 144.607 10.7361 45885 1128 0.0255197
48.2922 288152 283808 0.158721 144.607 11.0073 144.607 10.7367 45888 1128 0.0252045
48.3102 289600 285256 0.151441 97.0475 11.0394 97.0475 10.7689 46039 1128 0.0237243
48.4458 291048 286704 0.15183 3.16221 11.0174 3.16221 10.7476 46076 1128 0.0237
48.446 292496 288152 0.152226 144.607 11.018 144.607 10.7483 46079 1128 0.0236777
48.4463 293944 289600 0.152573 144.607 11.0187 144.607 10.749 46082 1128 0.0236468
48.4465 295392 291048 0.152876 144.607 11.0193 144.607 10.7496 46085 1128 0.0236084
48.4604 296840 292496 0.155251 97.2359 11.0441 97.2359 10.7745 46202 1128 0.0239608
48.6035 298288 293944 0.155576 6.39461 11.0305 6.39461 10.7616 46281 1128 0.0239286
48.6038 299736 295392 0.155879 144.607 11.0311 144.607 10.7623 46284 1128 0.0238929
48.6057 301184 296840 0.157367 102.43 11.0347 102.43 10.7659 46301 1128 0.024087
48.6199 302632 298288 0.158318 97.2218 11.0599 97.2218 10.7911 46420 1128 0.0241799
48.7647 304080 299736 0.175507 5.52027 11.0434 5.52027 10.7755 46489 1128 0.0277626
48.7661 305528 301184 0.167793 104.439 11.0462 104.439 10.7782 46502 1128 0.0259474
48.7745 306976 302632 0.161807 97.782 11.0611 97.782 10.7932 46573 1128 0.0246005
48.7873 308424 304080 0.16192 97.3143 11.0837 97.3143 10.8158 46680 1128 0.0245314
48.9316 309872 305528 0.168024 3.45163 11.0611 3.45163 10.7941 46723 1128 0.0257214
48.9366 311320 306976 0.164973 98.7001 11.0702 98.7001 10.8032 46766 1128 0.02498
48.9429 312768 308424 0.164686 98.2587 11.0813 98.2587 10.8143 46819 1128 0.0248288
48.9515 314216 309872 0.164793 97.7437 11.0966 97.7437 10.8297 46892 1128 0.0247605
49.0979 315664 311320 0.17439 2.92855 11.0723 2.92855 10.8061 46929 1128 0.0267734
49.1032 317112 312768 0.168102 98.5958 11.0817 98.5958 10.8156 46974 1128 0.0252841
49.1097 318560 314216 0.167998 98.1901 11.0932 98.1901 10.8271 47029 1128 0.0251718
49.1183 320008 315664 0.168 97.7437 11.1085 97.7437 10.8425 47102 1128 0.0250827
49.2673 321456 317112 0.184386 2.87659 11.0836 2.87659 10.8184 47139 1128 0.0288013
49.2726 322904 318560 0.171531 98.5958 11.093 98.5958 10.8278 47184 1128 0.0256795
49.2793 324352 320008 0.171122 98.1263 11.1049 98.1263 10.8397 47241 1128 0.0254998
49.2882 325800 321456 0.171128 97.7076 11.1205 97.7076 10.8554 47316 1128 0.0254128
49.4409 327248 322904 0.189797 3.41323 11.0967 3.41323 10.8324 47361 1128 0.0298224
49.4455 328696 324352 0.175434 98.9418 11.1048 98.9418 10.8405 47400 1128 0.0262124
49.4522 330144 325800 0.174445 98.1263 11.1166 98.1263 10.8524 47457 1128 0.0258975
49.4614 331592 327248 0.174301 97.6733 11.1326 97.6733 10.8684 47534 1128 0.0257774
49.6181 333040 328696 0.193321 4.06615 11.1103 4.06615 10.8469 47589 1128 0.0304002
49.6238 334488 330144 0.17807 98.4132 11.1204 98.4132 10.8571 47638 1128 0.0264797
49.6322 335936 331592 0.177628 97.782 11.1351 97.782 10.8719 47709 1128 0.0262891
49.6399 337384 333040 0.177621 97.9111 11.1486 97.9111 10.8853 47774 1128 0.0262015
49.7983 338832 334488 0.196985 3.4378 11.124 3.4378 10.8617 47821 1128 0.031046
49.8053 340280 335936 0.180989 98.0669 11.1362 98.0669 10.8739 47880 1128 0.026834
49.8146 341728 337384 0.180778 97.6408 11.1525 97.6408 10.8902 47959 1128 0.0266979
49.9817 343176 338832 0.200299 6.72753 11.1377 6.72753 10.8763 48056 1128 0.0317094
49.9829 344624 340280 0.192052 106.045 11.14 106.045 10.8786 48067 1128 0.0293789
49.9922 346072 341728 0.183855 97.6408 11.1562 97.6408 10.8948 48146 1128 0.0271969
50.0067 347520 343176 0.183856 97.2082 11.181 97.2082 10.9197 48267 1128 0.0271133
50.1716 348968 344624 0.186005 4.2831 11.1583 4.2831 10.8979 48328 1128 0.0275665
50.1812 350416 346072 0.186667 97.6099 11.1749 97.6099 10.9145 48409 1128 0.0276505
50.1957 351864 347520 0.186549 97.2082 11.1996 97.2082 10.9393 48530 1128 0.0275377
50.3651 353312 348968 0.188661 5.67489 11.181 5.67489 10.9216 48613 1128 0.0279939
50.3797 354760 350416 0.188673 97.195 11.206 97.195 10.9467 48736 1128 0.0279146
50.5488 356208 351864 0.198184 4.1796 11.1825 4.1796 10.924 48797 1128 0.0303706
50.5587 357656 353312 0.191093 97.5805 11.1994 97.5805 10.9409 48880 1128 0.0283793
50.5736 359104 354760 0.191409 97.1823 11.2247 97.1823 10.9663 49005 1128 0.0283805
50.7471 360552 356208 0.193671 5.54127 11.2053 5.54127 10.9478 49088 1128 0.0288991
50.762 362000 357656 0.193377 97.1823 11.2305 97.1823 10.9731 49213 1128 0.0287395
50.9386 363448 359104 0.195049 6.09908 11.2127 6.09908 10.9562 49306 1128 0.0291077
50.9526 364896 360552 0.195705 97.2359 11.2363 97.2359 10.9798 49423 1128 0.0292049
51.1352 366344 362000 0.197073 8.05487 11.2249 8.05487 10.9694 49550 1128 0.0294981
51.3321 367792 363448 0.197896 13.8225 11.2349 13.8225 10.9803 49785 1128 0.0296446
51.3324 369240 364896 0.198034 144.607 11.2355 144.607 10.9809 49788 1128 0.0296033
51.36 370688 366344 0.199443 96.8239 11.2815 96.8239 11.0271 50019 1128 0.0299151
51.5608 372136 367792 0.2007 14.8271 11.2953 14.8271 11.0419 50276 1128 0.0301883
51.7628 373584 369240 0.202 14.7389 11.3088 14.7389 11.0564 50533 1128 0.0304773
51.9663 375032 370688 0.203582 14.7396 11.3222 14.7396 11.0708 50792 1128 0.0308508
52.3476 376480 372136 0.226451 8.47682 11.3015 8.47682 11.0519 51071 1128 0.0378631
52.7601 375032 373584 0.206173 14.6587 11.3277 14.6587 11.0801 51593 1128 0.0314461
52.7602 374148 373584 0.206173 96.4048 11.3279 0 11.0801 51594 1129 0.0314437
52.7604 373706 372136 0.206173 0 11.3279 0 11.08 51594 1129 0.0315203
52.7605 373264 372136 0.206173 96.4048 11.3281 0 11.08 51595 1130 0.0315203
52.7606 372822 370688 0.206173 0 11.3281 0 11.08 51595 1130 0.0315983
52.7607 372380 370688 0.206173 96.4048 11.3283 0 11.08 51596 1131 0.0315983
52.7608 371938 370688 0.206173 96.4048 11.3285 0 11.0799 51597 1132 0.0315983
52.761 371495 369240 0.206173 0 11.3284 0 11.0799 51597 1132 0.0316766
52.7611 371053 369240 0.206173 96.4048 11.3286 0 11.0799 51598 1133 0.0316766
52.7612 370611 369240 0.206173 96.4048 11.3288 0 11.0799 51599 1134 0.0316766
52.7613 370169 367792 0.206173 0 11.3288 0 11.0798 51599 1134 0.0317551
52.7614 367792 367792 0.206173 96.4048 11.329 0 11.0798 51600 1135 0.0317648
52.7616 366344 366344 0.206173 0 11.329 0 11.0798 51600 1135 0.0318374
52.7617 364896 364896 0.206173 0 11.3289 0 11.0798 51600 1135 0.0319165
52.7618 363448 363448 0.206173 0 11.3289 0 11.0797 51600 1135 0.031996
52.7619 362000 362000 0.206173 0 11.3289 0 11.0797 51600 1135 0.0320757
52.762 360552 360552 0.206173 0 11.3289 0 11.0797 51600 1135 0.0321558
52.7622 359104 359104 0.206173 0 11.3288 0 11.0797 51600 1135 0.0322362
52.7623 357656 357656 0.206173 0 11.3288 0 11.0796 51600 1135 0.0323168
52.7624 356208 356208 0.206173 0 11.3288 0 11.0796 51600 1135 0.0323977
52.7625 354760 354760 0.206173 0 11.3288 0 11.0796 51600 1135 0.032479
52.7626 353984 353312 0.206173 0 11.3287 0 11.0796 51600 1135 0.0325579
52.7628 351864 351864 0.206173 0 11.3287 0 11.0795 51600 1135 0.0326466
52.7629 350416 350416 0.206173 0 11.3287 0 11.0795 51600 1135 0.0327245
52.763 348968 348968 0.206173 0 11.3287 0 11.0795 51600 1135 0.032807
52.7631 347520 347520 0.206173 0 11.3286 0 11.0795 51600 1135 0.0328897
52.7632 346072 346072 0.206173 0 11.3286 0 11.0794 51600 1135 0.0329727
52.7634 344624 344624 0.206173 0 11.3286 0 11.0794 51600 1135 0.0330561
52.7635 343176 343176 0.206173 0 11.3286 0 11.0794 51600 1135 0.0331397
52.7636 341728 341728 0.206173 0 11.3285 0 11.0794 51600 1135 0.0332236
52.7637 340280 340280 0.206173 0 11.3285 0 11.0793 51600 1135 0.0333079
52.7638 338832 338832 0.206173 0 11.3285 0 11.0793 51600 1135 0.0333924
52.764 337800 337384 0.206173 0 11.3285 0 11.0793 51600 1135 0.0334754
52.7641 335936 335936 0.206173 0 11.3284 0 11.0793 51600 1135 0.0335648
52.7642 334488 334488 0.206173 0 11.3284 0 11.0792 51600 1135 0.0336477
52.7643 333040 333040 0.206173 0 11.3284 0 11.0792 51600 1135 0.0337335
52.7644 331592 331592 0.206173 0 11.3284 0 11.0792 51600 1135 0.0338195
52.7646 330144 330144 0.206173 0 11.3283 0 11.0792 51600 1135 0.0339058
52.7647 328696 328696 0.206173 0 11.3283 0 11.0791 51600 1135 0.0339924
52.7648 327248 327248 0.206173 0 11.3283 0 11.0791 51600 1135 0.0340793
52.7649 325800 325800 0.206173 0 11.3283 0 11.0791 51600 1135 0.0341665
52.765 324352 324352 0.206173 0 11.3282 0 11.079 51600 1135 0.034254
52.7652 322904 322904 0.206173 0 11.3282 0 11.079 51600 1135 0.0343418
52.7653 321615 321456 0.206173 0 11.3282 0 11.079 51600 1135 0.0344292
52.7654 321173 320008 0.206173 0 11.3281 0 11.079 51600 1135 0.034515
52.7655 318560 318560 0.206173 0 11.3281 0 11.0789 51600 1135 0.0346155
52.7656 317112 317112 0.206173 0 11.3281 0 11.0789 51600 1135 0.0346961
52.7658 315664 315664 0.206173 0 11.3281 0 11.0789 51600 1135 0.0347853
52.7659 314216 314216 0.206173 0 11.328 0 11.0789 51600 1135 0.0348749
52.766 312768 312768 0.206173 0 11.328 0 11.0788 51600 1135 0.0349648
52.7661 311320 311320 0.206173 0 11.328 0 11.0788 51600 1135 0.035055
52.7662 309872 309872 0.206173 0 11.328 0 11.0788 51600 1135 0.0351455
52.7664 308424 308424 0.206173 0 11.3279 0 11.0788 51600 1135 0.0352363
52.7665 306976 306976 0.206173 0 11.3279 0 11.0787 51600 1135 0.0353274
52.7666 305528 305528 0.206173 0 11.3279 0 11.0787 51600 1135 0.0354188
52.7667 304988 304080 0.206173 0 11.3279 0 11.0787 51600 1135 0.0355073
52.7668 302632 302632 0.206173 0 11.3278 0 11.0787 51600 1135 0.0356086
52.767 301184 301184 0.206173 0 11.3278 0 11.0786 51600 1135 0.0356947
52.7671 299736 299736 0.206173 0 11.3278 0 11.0786 51600 1135 0.0357873
52.7672 298288 298288 0.206173 0 11.3278 0 11.0786 51600 1135 0.0358802
52.7673 296840 296840 0.206173 0 11.3277 0 11.0786 51600 1135 0.0359733
52.7674 295392 295392 0.206173 0 11.3277 0 11.0785 51600 1135 0.0360668
52.7676 293944 293944 0.206173 0 11.3277 0 11.0785 51600 1135 0.0361606
52.7677 292496 292496 0.206173 0 11.3277 0 11.0785 51600 1135 0.0362547
52.7678 291048 291048 0.206173 0 11.3276 0 11.0785 51600 1135 0.036349
52.7679 289600 289600 0.206173 0 11.3276 0 11.0784 51600 1135 0.0364437
52.768 288804 288152 0.206173 0 11.3276 0 11.0784 51600 1135 0.0365361
52.7682 286704 286704 0.206173 0 11.3276 0 11.0784 51600 1135 0.036638
52.7683 285256 285256 0.206173 0 11.3275 0 11.0784 51600 1135 0.0367295
52.7684 283808 283808 0.206173 0 11.3275 0 11.0783 51600 1135 0.0368253
52.7685 282360 282360 0.206173 0 11.3275 0 11.0783 51600 1135 0.0369215
52.7686 280912 280912 0.206173 0 11.3275 0 11.0783 51600 1135 0.0370179
52.7688 279464 279464 0.206173 0 11.3274 0 11.0783 51600 1135 0.0371147
52.7689 278016 278016 0.206173 0 11.3274 0 11.0782 51600 1135 0.0372117
52.769 276568 276568 0.206173 0 11.3274 0 11.0782 51600 1135 0.0373091
52.7691 275120 275120 0.206173 0 11.3273 0 11.0782 51600 1135 0.0374067
52.7693 273672 273672 0.206173 0 11.3273 0 11.0782 51600 1135 0.0375047
52.7694 272619 272224 0.206173 0 11.3273 0 11.0781 51600 1135 0.0376012
52.7695 270776 270776 0.206173 0 11.3273 0 11.0781 51600 1135 0.0377038
52.7696 269328 269328 0.206173 0 11.3272 0 11.0781 51600 1135 0.0378003
52.7697 267880 267880 0.206173 0 11.3272 0 11.0781 51600 1135 0.0378994
52.7699 266432 266432 0.206173 0 11.3272 0 11.078 51600 1135 0.0379989
52.77 264984 264984 0.206173 0 11.3272 0 11.078 51600 1135 0.0380986
52.7701 263536 263536 0.206173 0 11.3271 0 11.078 51600 1135 0.0381986
52.9232 264984 262088 0.206173 13.2425 11.3327 0 11.0459 51775 1310 0.038299
52.9234 266432 262088 0.200777 96.4048 11.3331 96.4048 11.0463 51777 1310 0.0367504
52.9237 267880 263536 0.196055 144.607 11.3337 144.607 11.0469 51780 1310 0.0353428
52.9239 269328 264984 0.191798 144.607 11.3343 144.607 11.0475 51783 1310 0.0341026
52.9241 270776 266432 0.187073 144.607 11.3349 144.607 11.0482 51786 1310 0.0327798
52.9244 272224 267880 0.182939 144.607 11.3355 144.607 11.0488 51789 1310 0.0316468
52.9357 273672 269328 0.153917 97.4304 11.3539 97.4304 11.0672 51884 1310 0.025254
53.0683 275120 270776 0.152976 6.72389 11.3423 6.72389 11.0563 51961 1310 0.0249793
53.0686 276568 272224 0.151979 144.607 11.3429 144.607 11.0569 51964 1310 0.0246964
53.0688 278016 273672 0.151107 144.607 11.3435 144.607 11.0575 51967 1310 0.0244384
53.0695 279464 275120 0.149421 112.472 11.3449 112.472 11.0589 51974 1310 0.0240362
53.0873 280912 276568 0.146465 97.0562 11.3736 97.0562 11.0877 52123 1310 0.0234187
53.2177 282360 278016 0.156536 3.46524 11.3542 3.46524 11.0691 52162 1310 0.0251643
53.2235 283808 279464 0.149408 98.4132 11.3636 98.4132 11.0785 52211 1310 0.0237418
53.2314 285256 280912 0.149042 97.8655 11.3765 97.8655 11.0915 52278 1310 0.0235798
53.2391 286704 282360 0.149213 97.9111 11.389 97.9111 11.104 52343 1310 0.0235139
53.3714 288152 283808 0.151346 3.06464 11.3684 3.06464 11.0841 52378 1310 0.0238027
53.3759 289600 285256 0.151677 98.9418 11.3759 98.9418 11.0916 52417 1310 0.0237676
53.3819 291048 286704 0.15171 98.3329 11.3857 98.3329 11.1014 52468 1310 0.023678
53.3894 292496 288152 0.151992 97.9597 11.3978 97.9597 11.1135 52531 1310 0.0236345
53.5223 293944 289600 0.152248 2.0048 11.3744 2.0048 11.0909 52554 1310 0.0235867
53.5257 295392 291048 0.153759 99.8478 11.38 99.8478 11.0965 52583 1310 0.023773
53.5305 296840 292496 0.154276 98.8149 11.3878 98.8149 11.1044 52624 1310 0.023776
53.5365 298288 293944 0.154434 98.3329 11.3976 98.3329 11.1141 52675 1310 0.0237118
53.5446 299736 295392 0.154504 97.8225 11.4108 97.8225 11.1274 52744 1310 0.0236311
53.6817 301184 296840 0.156755 2.9572 11.3892 2.9572 11.1065 52779 1310 0.0239681
53.6858 302632 298288 0.157357 99.2402 11.3959 99.2402 11.1132 52814 1310 0.0239919
53.6909 304080 299736 0.157648 98.7001 11.4041 98.7001 11.1215 52857 1310 0.0239558
53.6971 305528 301184 0.15776 98.2587 11.4142 98.2587 11.1316 52910 1310 0.0238851
53.8398 306976 302632 0.174809 4.95425 11.3971 4.95425 11.1152 52971 1310 0.0274169
53.8402 308424 304080 0.171463 120.506 11.3981 120.506 11.1162 52976 1310 0.0265679
53.8453 309872 305528 0.161207 98.7001 11.4062 98.7001 11.1244 53019 1310 0.0242949
53.8518 311320 306976 0.160687 98.1901 11.4167 98.1901 11.1349 53074 1310 0.0240986
53.8602 312768 308424 0.160736 97.782 11.4302 97.782 11.1484 53145 1310 0.0240174
54.0029 314216 309872 0.178094 3.3271 11.4088 3.3271 11.1278 53186 1310 0.027725
54.0077 315664 311320 0.164681 98.8149 11.4165 98.8149 11.1356 53227 1310 0.0246465
54.0142 317112 312768 0.163668 98.1901 11.427 98.1901 11.146 53282 1310 0.0243452
54.0207 318560 314216 0.163889 98.1901 11.4374 98.1901 11.1565 53337 1310 0.0243012
54.1692 320008 315664 0.164253 5.38182 11.4208 5.38182 11.1406 53406 1310 0.0242875
54.1707 321456 317112 0.165485 104.439 11.4233 104.439 11.1431 53419 1310 0.0244565
54.1772 322904 318560 0.166527 98.1901 11.4337 98.1901 11.1536 53474 1310 0.0245884
54.1851 324352 320008 0.166726 97.8655 11.4463 97.8655 11.1662 53541 1310 0.0245421
54.1928 325800 321456 0.166704 97.9111 11.4586 97.9111 11.1786 53606 1310 0.024449
54.3407 327248 322904 0.16869 3.52414 11.437 3.52414 11.1577 53651 1310 0.0247887
54.3474 328696 324352 0.169403 98.1263 11.4477 98.1263 11.1685 53708 1310 0.0248563
54.3566 330144 325800 0.169498 97.6733 11.4622 97.6733 11.183 53785 1310 0.0247896
54.5098 331592 327248 0.187773 5.51965 11.4455 5.51965 11.1671 53858 1310 0.0290387
54.5119 333040 328696 0.17648 101.761 11.4491 101.761 11.1707 53877 1310 0.0261933
54.5187 334488 330144 0.171877 98.1263 11.4598 98.1263 11.1814 53934 1310 0.0250556
54.528 335936 331592 0.171991 97.6408 11.4746 97.6408 11.1963 54013 1310 0.0249948
54.684 337384 333040 0.172182 5.71893 11.4582 5.71893 11.1807 54090 1310 0.0249516
54.6874 338832 334488 0.174194 99.8478 11.4636 99.8478 11.1861 54119 1310 0.0253213
54.6967 340280 335936 0.174662 97.6408 11.4784 97.6408 11.2009 54198 1310 0.0253431
54.7107 341728 337384 0.174689 97.2359 11.5002 97.2359 11.2229 54315 1310 0.0252641
54.8664 343176 338832 0.176551 4.53757 11.4805 4.53757 11.2039 54376 1310 0.0256098
54.8758 344624 340280 0.176896 97.6408 11.4952 97.6408 11.2186 54455 1310 0.0256059
