0.200133 14480 0 0 0 0 0 0 0 0 1.16084
0.401462 15928 13032 0.200125 0.575376 0.288545 0.575376 0.288545 10 0 0.98851
0.403866 17376 13032 0.200484 9.64048 0.344194 9.64048 0.344194 12 0 0.988366
0.406269 24616 14480 0.201174 14.4607 0.427697 14.4607 0.427697 15 0 0.98266
0.408672 26064 21720 0.202027 33.7417 0.6236 33.7417 0.6236 22 0 0.954209
0.411075 27512 23168 0.203149 14.4607 0.704494 14.4607 0.704494 25 0 0.948234
0.60275 28960 24616 0.228005 0.181307 0.538121 0.181307 0.538121 28 0 0.93355
0.605153 30408 26064 0.225004 14.4607 0.59341 14.4607 0.59341 31 0 0.929093
0.607556 43440 27512 0.222379 14.4607 0.648263 14.4607 0.648263 34 0 0.925208
0.811246 60816 40544 0.226328 1.64925 0.899593 1.64925 0.899593 63 0 0.875769
1.01133 86880 57920 0.212393 2.31581 1.17978 2.31581 1.17978 103 0 0.819652
1.21142 125976 83984 0.212642 3.35792 1.53954 3.35792 1.53954 161 0 0.733494
1.4115 178104 123080 0.220649 4.92109 2.01889 4.92109 2.01889 246 0 0.611311
1.61279 233128 175208 0.248141 7.02105 2.64319 7.02105 2.64319 368 0 0.457131
1.81408 299736 230232 0.253638 9.20793 3.3716 9.20793 3.3716 528 0 0.330268
2.01537 389512 296840 0.250549 11.8552 4.21892 11.8552 4.21892 734 0 0.219671
2.2629 495216 386616 0.258997 12.542 5.12934 12.542 5.12934 1002 0 0.115999
2.58492 553136 492320 0.32435 12.2664 6.01848 12.2664 6.01848 1343 0 0.0193778
2.99347 545896 550240 0.410993 10.7747 6.6676 10.7747 6.6676 1723 0 0.0104267
3.45008 511144 543000 0.459 9.51363 7.04426 9.51363 7.04426 2098 0 0.0157078
3.90188 480736 508248 0.4542 9.02513 7.27363 9.02513 7.27363 2450 0 0.00690833
4.32484 467704 477840 0.425328 9.06534 7.44885 9.06534 7.44885 2781 0 0.00328512
4.72137 469152 464808 0.398806 9.37756 7.61084 9.37756 7.61084 3102 0 0.00496372
5.10828 476392 466256 0.389423 9.67042 7.76684 9.67042 7.76684 3425 0 0.00487618
5.4952 483632 473496 0.389264 9.79018 7.9093 9.79018 7.9093 3752 0 0.00313479
5.88932 486528 480736 0.396624 9.78744 8.03499 9.78744 8.03499 4085 0 0.00152935
6.28826 487976 483632 0.401406 9.69855 8.14052 9.69855 8.14052 4419 0 0.00108201
6.68959 486528 485080 0.40368 9.66934 8.23224 9.66934 8.23224 4754 0 0.000912351
7.09333 483632 483632 0.406171 9.61179 8.31077 9.61179 8.31077 5089 0 0.00114328
7.49466 482184 480736 0.403794 9.58275 8.37888 9.58275 8.37888 5421 0 0.00150719
7.89359 483632 479288 0.401236 9.61144 8.44117 9.61144 8.44117 5752 0 0.00172586
8.29252 485080 480736 0.401395 9.66952 8.50026 9.66952 8.50026 6085 0 0.00149474
8.69146 486528 482184 0.401382 9.66952 8.55393 9.66952 8.55393 6418 0 0.00127994
9.09279 485080 483632 0.403565 9.66934 8.60316 9.66934 8.60316 6753 0 0.00109274
9.49412 483632 482184 0.403827 9.61162 8.64579 9.61162 8.64579 7086 0 0.00129267
9.89546 482184 480736 0.403835 9.61162 8.68496 9.61162 8.68496 7419 0 0.0015075
10.2944 483632 479288 0.40119 9.61144 8.72087 9.61144 8.72087 7750 0 0.00172575
10.6933 485080 480736 0.401427 9.66952 8.75626 9.66952 8.75626 8083 0 0.00149483
11.0923 486528 482184 0.401407 9.66952 8.7891 9.66952 8.7891 8416 0 0.00128001
11.4936 485080 483632 0.40368 9.66934 8.81984 9.66934 8.81984 8751 0 0.00109357
11.8949 483632 482184 0.403743 9.61162 8.84655 9.61162 8.84655 9084 0 0.00129203
12.2963 482184 480736 0.403753 9.61162 8.87152 9.61162 8.87152 9417 0 0.00150688
12.6952 483632 479288 0.401283 9.61144 8.89478 9.61144 8.89478 9748 0 0.00172598
13.0941 485080 480736 0.401452 9.66952 8.91838 9.66952 8.91838 10081 0 0.0014949
13.493 486528 482184 0.401437 9.66952 8.94059 9.66952 8.94059 10414 0 0.00128009
13.8944 485080 483632 0.403645 9.66934 8.96164 9.66934 8.96164 10749 0 0.00109332
14.2957 483632 482184 0.403802 9.61162 8.97988 9.61162 8.97988 11082 0 0.00129248
14.6971 482184 480736 0.403812 9.61162 8.99714 9.61162 8.99714 11415 0 0.00150732
15.096 483632 479288 0.401217 9.61144 9.01337 9.61144 9.01337 11746 0 0.00172581
15.4949 485080 480736 0.401345 9.66952 9.03026 9.66952 9.03026 12079 0 0.0014946
15.8938 486528 482184 0.401322 9.66952 9.04631 9.66952 9.04631 12412 0 0.00127978
16.2952 485080 483632 0.403634 9.66934 9.06165 9.66934 9.06165 12747 0 0.00109324
16.6965 483632 482184 0.403848 9.61162 9.07487 9.61162 9.07487 13080 0 0.00129283
17.0978 482184 480736 0.403719 9.61162 9.08747 9.61162 9.08747 13413 0 0.00150663
17.4968 483632 479288 0.401181 9.61144 9.09942 9.61144 9.09942 13744 0 0.00172573
17.8957 485080 480736 0.401374 9.66952 9.11213 9.66952 9.11213 14077 0 0.00149468
18.2946 486528 482184 0.401337 9.66952 9.12428 9.66952 9.12428 14410 0 0.00127981
18.696 485080 483632 0.403617 9.66934 9.13598 9.66934 9.13598 14745 0 0.00109311
19.0973 483632 482184 0.403774 9.61162 9.14598 9.61162 9.14598 15078 0 0.00129227
19.4986 482184 480736 0.403785 9.61162 9.15556 9.61162 9.15556 15411 0 0.00150712
19.8976 483632 479288 0.401248 9.61144 9.1647 9.61144 9.1647 15742 0 0.00172589
20.2965 485080 480736 0.401395 9.66952 9.17462 9.66952 9.17462 16075 0 0.00149474
20.6954 486528 482184 0.401369 9.66952 9.18416 9.66952 9.18416 16408 0 0.0012799
21.0968 485080 483632 0.403581 9.66934 9.19339 9.66934 9.19339 16743 0 0.00109286
21.4981 483632 482184 0.403826 9.61162 9.2012 9.61162 9.2012 17076 0 0.00129266
21.8994 482184 480736 0.403822 9.61162 9.20872 9.61162 9.20872 17409 0 0.0015074
22.2984 483632 479288 0.401206 9.61144 9.21593 9.61144 9.21593 17740 0 0.00172579
22.6973 485080 480736 0.401426 9.66952 9.2239 9.66952 9.2239 18073 0 0.00149483
23.0962 486528 482184 0.401387 9.66952 9.2316 9.66952 9.2316 18406 0 0.00127995
23.4976 485080 483632 0.403705 9.66934 9.23907 9.66934 9.23907 18741 0 0.00109376
23.8989 483632 482184 0.403742 9.61162 9.24533 9.61162 9.24533 19074 0 0.00129203
24.3002 482184 480736 0.403732 9.61162 9.25138 9.61162 9.25138 19407 0 0.00150672
24.6992 483632 479288 0.401308 9.61144 9.25719 9.61144 9.25719 19738 0 0.00172605
25.0981 485080 480736 0.401451 9.66952 9.26375 9.66952 9.26375 20071 0 0.0014949
25.497 486528 482184 0.401421 9.66952 9.2701 9.66952 9.2701 20404 0 0.00128005
25.8984 485080 483632 0.403664 9.66934 9.27628 9.66934 9.27628 20739 0 0.00109346
26.2997 483632 482184 0.403801 9.61162 9.2814 9.61162 9.2814 21072 0 0.00129247
26.701 482184 480736 0.403797 9.61162 9.28636 9.61162 9.28636 21405 0 0.00150721
27.1 483632 479288 0.401236 9.61144 9.29115 9.61144 9.29115 21736 0 0.00172586
27.4989 485080 480736 0.401343 9.66952 9.29664 9.66952 9.29664 22069 0 0.0014946
27.8978 486528 482184 0.401299 9.66952 9.30197 9.66952 9.30197 22402 0 0.00127971
28.2992 485080 483632 0.403662 9.66934 9.30718 9.66934 9.30718 22737 0 0.00109345
28.7005 483632 482184 0.403846 9.61162 9.31144 9.61162 9.31144 23070 0 0.00129282
29.1018 482184 480736 0.403696 9.61162 9.31558 9.61162 9.31558 23403 0 0.00150646
29.5008 483632 479288 0.401209 9.61144 9.31958 9.61144 9.31958 23734 0 0.0017258
29.8997 485080 480736 0.401372 9.66952 9.32425 9.66952 9.32425 24067 0 0.00149468
30.2986 486528 482184 0.401301 9.66952 9.32879 9.66952 9.32879 24400 0 0.00127972
30.7 485080 483632 0.403659 9.66934 9.33324 9.66934 9.33324 24735 0 0.00109342
31.1013 483632 482184 0.403773 9.61162 9.33684 9.61162 9.33684 25068 0 0.00129226
31.5026 482184 480736 0.403768 9.61162 9.34034 9.61162 9.34034 25401 0 0.00150699
31.9016 483632 479288 0.40127 9.61144 9.34373 9.61144 9.34373 25732 0 0.00172595
32.3005 485080 480736 0.401393 9.66952 9.34775 9.66952 9.34775 26065 0 0.00149473
32.6994 486528 482184 0.401342 9.66952 9.35168 9.66952 9.35168 26398 0 0.00127983
33.1008 485080 483632 0.403614 9.66934 9.35553 9.66934 9.35553 26733 0 0.0010931
33.5021 483632 482184 0.403824 9.61162 9.3586 9.61162 9.3586 27066 0 0.00129265
33.9034 482184 480736 0.403796 9.61162 9.36159 9.61162 9.36159 27399 0 0.0015072
34.3024 483632 479288 0.401239 9.61144 9.3645 9.61144 9.3645 27730 0 0.00172587
34.7013 485080 480736 0.401423 9.66952 9.368 9.66952 9.368 28063 0 0.00149482
35.1002 486528 482184 0.401347 9.66952 9.37143 9.66952 9.37143 28396 0 0.00127984
35.5016 485080 483632 0.403754 9.66934 9.3748 9.66934 9.3748 28731 0 0.00109412
35.9029 483632 482184 0.40374 9.61162 9.37745 9.61162 9.37745 29064 0 0.00129201
36.3042 482184 480736 0.403691 9.61162 9.38003 9.61162 9.38003 29397 0 0.00150642
36.7032 483632 479288 0.401357 9.61144 9.38255 9.61144 9.38255 29728 0 0.00172618
37.1021 485080 480736 0.401449 9.66952 9.38563 9.66952 9.38563 30061 0 0.00149489
37.501 486528 482184 0.401391 9.66952 9.38865 9.66952 9.38865 30394 0 0.00127996
37.9024 485080 483632 0.403702 9.66934 9.39163 9.66934 9.39163 30729 0 0.00109374
38.3037 483632 482184 0.403799 9.61162 9.39393 9.61162 9.39393 31062 0 0.00129246
38.705 482184 480736 0.403767 9.61162 9.39619 9.61162 9.39619 31395 0 0.00150698
39.104 483632 479288 0.401273 9.61144 9.39838 9.61144 9.39838 31726 0 0.00172596
39.5029 485080 480736 0.40134 9.66952 9.40112 9.66952 9.40112 32059 0 0.00149459
39.9018 486528 482184 0.401254 9.66952 9.40381 9.66952 9.40381 32392 0 0.0012796
40.3031 485080 483632 0.403718 9.66934 9.40645 9.66934 9.40645 32727 0 0.00109386
40.7045 483632 482184 0.403842 9.61162 9.40847 9.61162 9.40847 33060 0 0.00129279
41.1058 482184 480736 0.403652 9.61162 9.41046 9.61162 9.41046 33393 0 0.00150613
41.5047 483632 479288 0.401265 9.61144 9.41239 9.61144 9.41239 33724 0 0.00172594
41.9037 485080 480736 0.40137 9.66952 9.41484 9.66952 9.41484 34057 0 0.00149467
42.3026 486528 482184 0.401231 9.66952 9.41724 9.66952 9.41724 34390 0 0.00127954
42.7039 485080 483632 0.403743 9.66934 9.41961 9.66934 9.41961 34725 0 0.00109404
43.1053 483632 482184 0.40377 9.61162 9.4214 9.61162 9.4214 35058 0 0.00129224
43.5066 482184 480736 0.403733 9.61162 9.42315 9.61162 9.42315 35391 0 0.00150673
43.9055 483632 479288 0.401312 9.61144 9.42486 9.61144 9.42486 35722 0 0.00172606
44.3045 485080 480736 0.401389 9.66952 9.42706 9.66952 9.42706 36055 0 0.00149472
44.7034 486528 482184 0.40129 9.66952 9.42923 9.66952 9.42923 36388 0 0.00127969
45.1047 485080 483632 0.403678 9.66934 9.43136 9.66934 9.43136 36723 0 0.00109356
45.5061 483632 482184 0.403819 9.61162 9.43295 9.61162 9.43295 37056 0 0.00129261
45.9074 482184 480736 0.403745 9.61162 9.43452 9.61162 9.43452 37389 0 0.00150682
46.3063 483632 479288 0.401303 9.61144 9.43604 9.61144 9.43604 37720 0 0.00172603
46.7053 485080 480736 0.401417 9.66952 9.43803 9.66952 9.43803 38053 0 0.0014948
47.1042 486528 482184 0.40127 9.66952 9.43999 9.66952 9.43999 38386 0 0.00127964
47.5055 485080 483632 0.403849 9.66934 9.44193 9.66934 9.44193 38721 0 0.00109485
47.9069 483632 482184 0.403737 9.61162 9.44335 9.61162 9.44335 39054 0 0.00129199
48.3082 482184 480736 0.403611 9.61162 9.44475 9.61162 9.44475 39387 0 0.00150584
48.7071 483632 479288 0.401453 9.61144 9.44612 9.61144 9.44612 39718 0 0.00172644
49.1061 485080 480736 0.401445 9.66952 9.44793 9.66952 9.44793 40051 0 0.00149488
49.505 486528 482184 0.401332 9.66952 9.44972 9.66952 9.44972 40384 0 0.0012798
49.9063 485080 483632 0.403775 9.66934 9.45148 9.66934 9.45148 40719 0 0.00109428
50.3077 483632 482184 0.403794 9.61162 9.45276 9.61162 9.45276 41052 0 0.00129242
50.709 482184 480736 0.403708 9.61162 9.45402 9.61162 9.45402 41385 0 0.00150655
51.1079 483632 479288 0.401346 9.61144 9.45525 9.61144 9.45525 41716 0 0.00172615
51.5069 485080 480736 0.401334 9.66952 9.45691 9.66952 9.45691 42049 0 0.00149457
51.9058 486528 482184 0.401166 9.66952 9.45854 9.66952 9.45854 42382 0 0.00127939
52.3071 485080 483632 0.403828 9.66934 9.46016 9.66934 9.46016 42717 0 0.00109468
52.7085 483632 482184 0.403835 9.61162 9.46131 9.61162 9.46131 43050 0 0.00129273
53.1098 482184 480736 0.403565 9.61162 9.46245 9.61162 9.46245 43383 0 0.0015055
53.5087 483632 479288 0.401374 9.61144 9.46356 9.61144 9.46356 43714 0 0.00172622
53.9077 485080 480736 0.401365 9.66952 9.46508 9.66952 9.46508 44047 0 0.00149466
54.3066 486528 482184 0.401236 9.66952 9.46658 9.66952 9.46658 44380 0 0.00127955
54.7079 485080 483632 0.403743 9.66934 9.46807 9.66934 9.46807 44715 0 0.00109404
55.1093 483632 482184 0.403765 9.61162 9.46912 9.61162 9.46912 45048 0 0.0012922
55.5106 482184 480736 0.403667 9.61162 9.47015 9.61162 9.47015 45381 0 0.00150624
55.9095 483632 479288 0.401395 9.61144 9.47115 9.61144 9.47115 45712 0 0.00172628
56.3085 485080 480736 0.401382 9.66952 9.47256 9.66952 9.47256 46045 0 0.0014947
56.7074 486528 482184 0.40119 9.66952 9.47395 9.66952 9.47395 46378 0 0.00127944
57.1087 485080 483632 0.403803 9.66934 9.47532 9.66934 9.47532 46713 0 0.00109449
57.5101 483632 482184 0.403811 9.61162 9.47627 9.61162 9.47627 47046 0 0.00129255
57.9114 482184 480736 0.403645 9.61162 9.47721 9.61162 9.47721 47379 0 0.00150608
58.3103 483632 479288 0.401428 9.61144 9.47813 9.61144 9.47813 47710 0 0.00172637
58.7093 485080 480736 0.401406 9.66952 9.47943 9.66952 9.47943 48043 0 0.00149477
59.1082 486528 482184 0.401283 9.66952 9.48071 9.66952 9.48071 48376 0 0.00127967
59.5095 485080 483632 0.403849 9.66934 9.48198 9.66934 9.48198 48711 0 0.00109484
59.9109 483632 482184 0.403731 9.61162 9.48285 9.61162 9.48285 49044 0 0.00129195
60.3122 482184 480736 0.403619 9.61162 9.48371 9.61162 9.48371 49377 0 0.00150589
60.7111 483632 479288 0.401452 9.61144 9.48455 9.61144 9.48455 49708 0 0.00172644
61.1101 485080 480736 0.401437 9.66952 9.48575 9.66952 9.48575 50041 0 0.00149486
61.509 486528 482184 0.401217 9.66952 9.48695 9.66952 9.48695 50374 0 0.00127951
61.9103 485080 483632 0.403774 9.66934 9.48813 9.66934 9.48813 50709 0 0.00109427
62.3117 483632 482184 0.403785 9.61162 9.48892 9.61162 9.48892 51042 0 0.00129235
62.713 482184 480736 0.403595 9.61162 9.48971 9.61162 9.48971 51375 0 0.00150571
63.1119 483632 479288 0.401346 9.61144 9.49048 9.61144 9.49048 51706 0 0.00172615
63.5109 485080 480736 0.401321 9.66952 9.4916 9.66952 9.4916 52039 0 0.00149454
63.9098 486528 482184 0.401181 9.66952 9.49271 9.66952 9.49271 52372 0 0.00127942
64.3111 485080 483632 0.403827 9.66934 9.49382 9.66934 9.49382 52707 0 0.00109468
64.7125 483632 482184 0.403821 9.61162 9.49455 9.61162 9.49455 53040 0 0.00129262
65.1138 482184 480736 0.403581 9.61162 9.49527 9.61162 9.49527 53373 0 0.00150562
65.5127 483632 479288 0.401374 9.61144 9.49598 9.61144 9.49598 53704 0 0.00172622
65.9116 485080 480736 0.401356 9.66952 9.49703 9.66952 9.49703 54037 0 0.00149463
66.3106 486528 482184 0.401248 9.66952 9.49806 9.66952 9.49806 54370 0 0.00127958
66.7119 485080 483632 0.403742 9.66934 9.49909 9.66934 9.49909 54705 0 0.00109403
67.1132 483632 482184 0.403754 9.61162 9.49977 9.61162 9.49977 55038 0 0.00129212
67.5146 482184 480736 0.40368 9.61162 9.50043 9.61162 9.50043 55371 0 0.00150633
67.9135 483632 479288 0.401394 9.61144 9.50108 9.61144 9.50108 55702 0 0.00172628
68.3124 485080 480736 0.401369 9.66952 9.50207 9.66952 9.50207 56035 0 0.00149467
68.7114 486528 482184 0.401206 9.66952 9.50304 9.66952 9.50304 56368 0 0.00127948
69.1127 485080 483632 0.403802 9.66934 9.50401 9.66934 9.50401 56703 0 0.00109449
69.514 483632 482184 0.403795 9.61162 9.50463 9.61162 9.50463 57036 0 0.00129243
69.9154 482184 480736 0.403664 9.61162 9.50524 9.61162 9.50524 57369 0 0.00150622
70.3143 483632 479288 0.401427 9.61144 9.50584 9.61144 9.50584 57700 0 0.00172637
70.7132 485080 480736 0.401385 9.66952 9.50677 9.66952 9.50677 58033 0 0.00149471
71.1122 486528 482184 0.401308 9.66952 9.50768 9.66952 9.50768 58366 0 0.00127974
71.5135 485080 483632 0.403848 9.66934 9.50859 9.66934 9.50859 58701 0 0.00109484
71.9148 483632 482184 0.403719 9.61162 9.50916 9.61162 9.50916 59034 0 0.00129186
72.3162 482184 480736 0.403634 9.61162 9.50973 9.61162 9.50973 59367 0 0.001506
72.7151 483632 479288 0.401451 9.61144 9.51029 9.61144 9.51029 59698 0 0.00172644
73.114 485080 480736 0.401421 9.66952 9.51116 9.66952 9.51116 60031 0 0.00149481
73.513 486528 482184 0.401236 9.66952 9.51202 9.66952 9.51202 60364 0 0.00127955
73.9143 485080 483632 0.403772 9.66934 9.51287 9.66934 9.51287 60699 0 0.00109426
74.3156 483632 482184 0.403768 9.61162 9.5134 9.61162 9.5134 61032 0 0.00129222
74.717 482184 480736 0.403617 9.61162 9.51393 9.61162 9.51393 61365 0 0.00150587
75.1159 483632 479288 0.401345 9.61144 9.51445 9.61144 9.51445 61696 0 0.00172614
75.5148 485080 480736 0.401297 9.66952 9.51527 9.66952 9.51527 62029 0 0.00149448
75.9138 486528 482184 0.401209 9.66952 9.51608 9.66952 9.51608 62362 0 0.00127949
76.3151 485080 483632 0.403826 9.66934 9.51689 9.66934 9.51689 62697 0 0.00109467
76.7164 483632 482184 0.403793 9.61162 9.51738 9.61162 9.51738 63030 0 0.00129241
77.1178 482184 480736 0.403614 9.61162 9.51787 9.61162 9.51787 63363 0 0.00150586
77.5167 483632 479288 0.401372 9.61144 9.51835 9.61144 9.51835 63694 0 0.00172622
77.9156 485080 480736 0.401339 9.66952 9.51913 9.66952 9.51913 64027 0 0.00149459
78.3146 486528 482184 0.40127 9.66952 9.51989 9.66952 9.51989 64360 0 0.00127964
78.7159 485080 483632 0.40374 9.66934 9.52065 9.66934 9.52065 64695 0 0.00109402
79.1172 483632 482184 0.403734 9.61162 9.52112 9.61162 9.52112 65028 0 0.00129197
79.5186 482184 480736 0.403705 9.61162 9.52157 9.61162 9.52157 65361 0 0.00150652
79.9175 483632 479288 0.401393 9.61144 9.52202 9.61144 9.52202 65692 0 0.00172627
80.3164 485080 480736 0.401342 9.66952 9.52275 9.66952 9.52275 66025 0 0.00149459
80.7154 486528 482184 0.401239 9.66952 9.52348 9.66952 9.52348 66358 0 0.00127956
81.1167 485080 483632 0.403801 9.66934 9.5242 9.66934 9.5242 66693 0 0.00109448
81.518 483632 482184 0.403764 9.61162 9.52463 9.61162 9.52463 67026 0 0.00129219
81.9194 482184 480736 0.403702 9.61162 9.52506 9.61162 9.52506 67359 0 0.0015065
82.3183 483632 479288 0.401426 9.61144 9.52548 9.61144 9.52548 67690 0 0.00172637
82.7172 485080 480736 0.401344 9.66952 9.52617 9.66952 9.52617 68023 0 0.0014946
83.1162 486528 482184 0.401357 9.66952 9.52686 9.66952 9.52686 68356 0 0.00127987
83.5175 485080 483632 0.403846 9.66934 9.52754 9.66934 9.52754 68691 0 0.00109482
83.9188 483632 482184 0.403696 9.61162 9.52795 9.61162 9.52795 69024 0 0.00129169
84.3202 482184 480736 0.403662 9.61162 9.52834 9.61162 9.52834 69357 0 0.00150621
84.7191 483632 479288 0.401449 9.61144 9.52874 9.61144 9.52874 69688 0 0.00172643
85.118 485080 480736 0.401391 9.66952 9.5294 9.66952 9.5294 70021 0 0.00149473
85.517 486528 482184 0.401273 9.66952 9.53005 9.66952 9.53005 70354 0 0.00127965
85.9183 485080 483632 0.40377 9.66934 9.5307 9.66934 9.5307 70689 0 0.00109424
86.3196 483632 482184 0.403733 9.61162 9.53108 9.61162 9.53108 71022 0 0.00129196
86.721 482184 480736 0.403659 9.61162 9.53145 9.61162 9.53145 71355 0 0.00150618
87.1199 483632 479288 0.401344 9.61144 9.53181 9.61144 9.53181 71686 0 0.00172614
87.5188 485080 480736 0.40125 9.66952 9.53244 9.66952 9.53244 72019 0 0.00149436
87.9177 486528 482184 0.401265 9.66952 9.53306 9.66952 9.53306 72352 0 0.00127963
88.3191 485080 483632 0.403824 9.66934 9.53368 9.66934 9.53368 72687 0 0.00109465
88.7204 483632 482184 0.40374 9.61162 9.53404 9.61162 9.53404 73020 0 0.00129201
89.1218 482184 480736 0.403678 9.61162 9.53439 9.61162 9.53439 73353 0 0.00150632
89.5207 483632 479288 0.40137 9.61144 9.53473 9.61144 9.53473 73684 0 0.00172621
89.9196 485080 480736 0.401304 9.66952 9.53533 9.66952 9.53533 74017 0 0.00149449
90.3185 486528 482184 0.401312 9.66952 9.53592 9.66952 9.53592 74350 0 0.00127975
90.7199 485080 483632 0.403737 9.66934 9.53651 9.66934 9.53651 74685 0 0.001094
91.1212 483632 482184 0.403695 9.61162 9.53684 9.61162 9.53684 75018 0 0.00129168
91.5225 482184 480736 0.403754 9.61162 9.53717 9.61162 9.53717 75351 0 0.00150688
91.9215 483632 479288 0.401389 9.61144 9.53749 9.61144 9.53749 75682 0 0.00172626
92.3204 485080 480736 0.40129 9.66952 9.53806 9.66952 9.53806 76015 0 0.00149446
92.7193 486528 482184 0.401303 9.66952 9.53863 9.66952 9.53863 76348 0 0.00127972
93.1207 485080 483632 0.403799 9.66934 9.53919 9.66934 9.53919 76683 0 0.00109446
93.522 483632 482184 0.403703 9.61162 9.5395 9.61162 9.5395 77016 0 0.00129173
93.9233 482184 480736 0.403775 9.61162 9.53981 9.61162 9.53981 77349 0 0.00150704
94.3223 483632 479288 0.401423 9.61144 9.54011 9.61144 9.54011 77680 0 0.00172636
94.7212 485080 480736 0.401264 9.66952 9.54066 9.66952 9.54066 78013 0 0.00149439
95.1201 486528 482184 0.401452 9.66952 9.5412 9.66952 9.5412 78346 0 0.00128014
95.5215 485080 483632 0.403842 9.66934 9.54174 9.66934 9.54174 78681 0 0.0010948
95.9228 483632 482184 0.403652 9.61162 9.54203 9.61162 9.54203 79014 0 0.00129136
96.3241 482184 480736 0.403718 9.61162 9.54232 9.61162 9.54232 79347 0 0.00150662
96.7231 483632 479288 0.401445 9.61144 9.5426 9.61144 9.5426 79678 0 0.00172642
97.122 485080 480736 0.401332 9.66952 9.54312 9.66952 9.54312 80011 0 0.00149457
97.5209 486528 482184 0.401346 9.66952 9.54364 9.66952 9.54364 80344 0 0.00127984
97.9223 485080 483632 0.403764 9.66934 9.54416 9.66934 9.54416 80679 0 0.0010942
98.3236 483632 482184 0.403667 9.61162 9.54443 9.61162 9.54443 81012 0 0.00129147
98.7249 482184 480736 0.403743 9.61162 9.54471 9.61162 9.54471 81345 0 0.0015068
99.1239 483632 479288 0.40134 9.61144 9.54497 9.61144 9.54497 81676 0 0.00172613
99.5228 485080 480736 0.401158 9.66952 9.54547 9.66952 9.54547 82009 0 0.00149414
99.9217 486528 482184 0.401374 9.66952 9.54597 9.66952 9.54597 82342 0 0.00127991
100.323 485080 483632 0.40382 9.66934 9.54646 9.66934 9.54646 82677 0 0.00109462
100.724 483632 482184 0.403635 9.61162 9.54672 9.61162 9.54672 83010 0 0.00129124
101.126 482184 480736 0.403803 9.61162 9.54698 9.61162 9.54698 83343 0 0.00150726
101.525 483632 479288 0.401365 9.61144 9.54723 9.61144 9.54723 83674 0 0.0017262
101.924 485080 480736 0.401236 9.66952 9.54771 9.66952 9.54771 84007 0 0.00149432
102.323 486528 482184 0.401395 9.66952 9.54819 9.66952 9.54819 84340 0 0.00127997
102.724 485080 483632 0.403731 9.66934 9.54866 9.66934 9.54866 84675 0 0.00109395
103.125 483632 482184 0.403619 9.61162 9.5489 9.61162 9.5489 85008 0 0.00129112
103.527 482184 480736 0.403849 9.61162 9.54915 9.61162 9.54915 85341 0 0.00150761
103.925 483632 479288 0.401382 9.61144 9.54939 9.61144 9.54939 85672 0 0.00172624
104.324 485080 480736 0.40119 9.66952 9.54985 9.66952 9.54985 86005 0 0.00149421
104.723 486528 482184 0.401428 9.66952 9.5503 9.66952 9.5503 86338 0 0.00128006
105.125 485080 483632 0.403794 9.66934 9.55076 9.66934 9.55076 86673 0 0.00109443
105.526 483632 482184 0.403583 9.61162 9.55099 9.61162 9.55099 87006 0 0.00129087
105.927 482184 480736 0.403775 9.61162 9.55122 9.61162 9.55122 87339 0 0.00150704
106.326 483632 479288 0.401418 9.61144 9.55144 9.61144 9.55144 87670 0 0.00172634
106.725 485080 480736 0.40127 9.66952 9.55188 9.66952 9.55188 88003 0 0.00149441
107.124 486528 482184 0.401452 9.66952 9.55232 9.66952 9.55232 88336 0 0.00128013
107.525 485080 483632 0.403835 9.66934 9.55276 9.66934 9.55276 88671 0 0.00109474
107.927 483632 482184 0.403565 9.61162 9.55298 9.61162 9.55298 89004 0 0.00129073
108.328 482184 480736 0.403827 9.61162 9.5532 9.61162 9.5532 89337 0 0.00150744
108.727 483632 479288 0.401437 9.61144 9.55341 9.61144 9.55341 89668 0 0.0017264
109.126 485080 480736 0.401217 9.66952 9.55383 9.66952 9.55383 90001 0 0.00149427
109.525 486528 482184 0.401346 9.66952 9.55426 9.66952 9.55426 90334 0 0.00127984
109.926 485080 483632 0.403753 9.66934 9.55468 9.66934 9.55468 90669 0 0.00109412
110.328 483632 482184 0.40368 9.61162 9.55488 9.61162 9.55488 91002 0 0.00129157
110.729 482184 480736 0.403743 9.61162 9.55509 9.61162 9.55509 91335 0 0.0015068
111.128 483632 479288 0.401334 9.61144 9.55529 9.61144 9.55529 91666 0 0.00172612
111.527 485080 480736 0.401166 9.66952 9.5557 9.66952 9.5557 91999 0 0.00149415
111.926 486528 482184 0.401374 9.66952 9.5561 9.66952 9.5561 92332 0 0.00127991
112.327 485080 483632 0.403812 9.66934 9.55651 9.66934 9.55651 92667 0 0.00109456
112.728 483632 482184 0.403645 9.61162 9.55671 9.61162 9.55671 93000 0 0.00129131
113.13 482184 480736 0.403802 9.61162 9.5569 9.61162 9.5569 93333 0 0.00150725
113.529 483632 479288 0.401356 9.61144 9.55709 9.61144 9.55709 93664 0 0.00172617
113.928 485080 480736 0.401248 9.66952 9.55749 9.66952 9.55749 93997 0 0.00149435
114.327 486528 482184 0.401394 9.66952 9.55788 9.66952 9.55788 94330 0 0.00127997
114.728 485080 483632 0.403719 9.66934 9.55827 9.66934 9.55827 94665 0 0.00109387
115.129 483632 482184 0.403634 9.61162 9.55845 9.61162 9.55845 94998 0 0.00129123
115.531 482184 480736 0.403849 9.61162 9.55864 9.61162 9.55864 95331 0 0.00150761
115.929 483632 479288 0.401367 9.61144 9.55882 9.61144 9.55882 95662 0 0.0017262
116.328 485080 480736 0.401206 9.66952 9.5592 9.66952 9.5592 95995 0 0.00149425
116.727 486528 482184 0.401427 9.66952 9.55958 9.66952 9.55958 96328 0 0.00128006
117.129 485080 483632 0.403785 9.66934 9.55995 9.66934 9.55995 96663 0 0.00109436
117.53 483632 482184 0.403595 9.61162 9.56013 9.61162 9.56013 96996 0 0.00129095
117.931 482184 480736 0.403774 9.61162 9.5603 9.61162 9.5603 97329 0 0.00150704
118.33 483632 479288 0.401407 9.61144 9.56048 9.61144 9.56048 97660 0 0.00172631
118.729 485080 480736 0.401283 9.66952 9.56084 9.66952 9.56084 97993 0 0.00149444
119.128 486528 482184 0.401451 9.66952 9.56121 9.66952 9.56121 98326 0 0.00128013
119.529 485080 483632 0.403822 9.66934 9.56157 9.66934 9.56157 98661 0 0.00109464
119.931 483632 482184 0.403581 9.61162 9.56174 9.61162 9.56174 98994 0 0.00129085
120.332 482184 480736 0.403826 9.61162 9.5619 9.61162 9.5619 99327 0 0.00150743
120.731 483632 479288 0.401421 9.61144 9.56207 9.61144 9.56207 99658 0 0.00172635
121.13 485080 480736 0.401236 9.66952 9.56242 9.66952 9.56242 99991 0 0.00149432
121.529 486528 482184 0.401345 9.66952 9.56277 9.66952 9.56277 100324 0 0.00127984
121.93 485080 483632 0.403732 9.66934 9.56312 9.66934 9.56312 100659 0 0.00109396
122.332 483632 482184 0.403705 9.61162 9.56328 9.61162 9.56328 100992 0 0.00129175
122.733 482184 480736 0.403742 9.61162 9.56344 9.61162 9.56344 101325 0 0.00150679
123.132 483632 479288 0.401322 9.61144 9.5636 9.61144 9.5636 101656 0 0.00172608
123.531 485080 480736 0.401181 9.66952 9.56394 9.66952 9.56394 101989 0 0.00149419
123.93 486528 482184 0.401372 9.66952 9.56428 9.66952 9.56428 102322 0 0.00127991
124.331 485080 483632 0.403797 9.66934 9.56462 9.66934 9.56462 102657 0 0.00109445
124.732 483632 482184 0.403664 9.61162 9.56477 9.61162 9.56477 102990 0 0.00129145
125.134 482184 480736 0.403801 9.61162 9.56492 9.61162 9.56492 103323 0 0.00150724
125.533 483632 479288 0.401339 9.61144 9.56507 9.61144 9.56507 103654 0 0.00172613
125.932 485080 480736 0.40127 9.66952 9.5654 9.66952 9.5654 103987 0 0.00149441
126.33 486528 482184 0.401393 9.66952 9.56573 9.66952 9.56573 104320 0 0.00127997
126.732 485080 483632 0.403696 9.66934 9.56605 9.66934 9.56605 104655 0 0.0010937
127.133 483632 482184 0.403662 9.61162 9.5662 9.61162 9.5662 104988 0 0.00129144
127.535 482184 480736 0.403848 9.61162 9.56634 9.61162 9.56634 105321 0 0.0015076
127.933 483632 479288 0.40134 9.61144 9.56648 9.61144 9.56648 105652 0 0.00172613
128.332 485080 480736 0.401239 9.66952 9.5668 9.66952 9.5668 105985 0 0.00149433
128.731 486528 482184 0.401426 9.66952 9.56712 9.66952 9.56712 106318 0 0.00128006
129.133 485080 483632 0.403768 9.66934 9.56744 9.66934 9.56744 106653 0 0.00109423
129.534 483632 482184 0.403616 9.61162 9.56757 9.61162 9.56757 106986 0 0.0012911
129.935 482184 480736 0.403773 9.61162 9.56771 9.61162 9.56771 107319 0 0.00150703
130.334 483632 479288 0.401387 9.61144 9.56784 9.61144 9.56784 107650 0 0.00172626
130.733 485080 480736 0.401308 9.66952 9.56815 9.66952 9.56815 107983 0 0.0014945
131.132 486528 482184 0.401449 9.66952 9.56846 9.66952 9.56846 108316 0 0.00128012
131.533 485080 483632 0.403796 9.66934 9.56877 9.66934 9.56877 108651 0 0.00109444
131.935 483632 482184 0.403614 9.61162 9.5689 9.61162 9.5689 108984 0 0.00129109
132.336 482184 480736 0.403824 9.61162 9.56903 9.61162 9.56903 109317 0 0.00150741
132.735 483632 479288 0.401391 9.61144 9.56916 9.61144 9.56916 109648 0 0.00172627
133.134 485080 480736 0.401273 9.66952 9.56946 9.66952 9.56946 109981 0 0.00149442
133.533 486528 482184 0.401344 9.66952 9.56976 9.66952 9.56976 110314 0 0.00127983
133.934 485080 483632 0.403691 9.66934 9.57006 9.66934 9.57006 110649 0 0.00109366
134.336 483632 482184 0.403754 9.61162 9.57018 9.61162 9.57018 110982 0 0.00129212
134.737 482184 480736 0.40374 9.61162 9.5703 9.61162 9.5703 111315 0 0.00150678
135.136 483632 479288 0.401299 9.61144 9.57043 9.61144 9.57043 111646 0 0.00172602
135.535 485080 480736 0.401209 9.66952 9.57072 9.66952 9.57072 111979 0 0.00149426
135.934 486528 482184 0.40137 9.66952 9.57101 9.66952 9.57101 112312 0 0.0012799
136.335 485080 483632 0.403767 9.66934 9.5713 9.66934 9.5713 112647 0 0.00109422
136.736 483632 482184 0.403702 9.61162 9.57141 9.61162 9.57141 112980 0 0.00129173
137.138 482184 480736 0.403798 9.61162 9.57153 9.61162 9.57153 113313 0 0.00150722
137.537 483632 479288 0.401304 9.61144 9.57165 9.61144 9.57165 113644 0 0.00172603
137.936 485080 480736 0.401312 9.66952 9.57193 9.66952 9.57193 113977 0 0.00149452
138.334 486528 482184 0.401389 9.66952 9.57221 9.66952 9.57221 114310 0 0.00127996
138.736 485080 483632 0.403652 9.66934 9.57249 9.66934 9.57249 114645 0 0.00109337
139.137 483632 482184 0.403718 9.61162 9.57261 9.61162 9.57261 114978 0 0.00129185
139.538 482184 480736 0.403846 9.61162 9.57272 9.61162 9.57272 115311 0 0.00150758
139.937 483632 479288 0.401286 9.61144 9.57283 9.61144 9.57283 115642 0 0.00172599
140.336 485080 480736 0.401303 9.66952 9.5731 9.66952 9.5731 115975 0 0.00149449
140.735 486528 482184 0.401423 9.66952 9.57338 9.66952 9.57338 116308 0 0.00128005
141.137 485080 483632 0.403733 9.66934 9.57365 9.66934 9.57365 116643 0 0.00109397
141.538 483632 482184 0.403659 9.61162 9.57376 9.61162 9.57376 116976 0 0.00129142
141.939 482184 480736 0.40377 9.61162 9.57386 9.61162 9.57386 117309 0 0.00150701
142.338 483632 479288 0.401347 9.61144 9.57397 9.61144 9.57397 117640 0 0.00172615
142.737 485080 480736 0.401357 9.66952 9.57424 9.66952 9.57424 117973 0 0.00149464
143.136 486528 482184 0.401444 9.66952 9.5745 9.66952 9.5745 118306 0 0.00128011
143.537 485080 483632 0.403745 9.66934 9.57477 9.66934 9.57477 118641 0 0.00109406
143.939 483632 482184 0.403678 9.61162 9.57487 9.61162 9.57487 118974 0 0.00129156
144.34 482184 480736 0.403819 9.61162 9.57497 9.61162 9.57497 119307 0 0.00150738
144.739 483632 479288 0.401332 9.61144 9.57507 9.61144 9.57507 119638 0 0.00172611
145.138 485080 480736 0.401346 9.66952 9.57533 9.66952 9.57533 119971 0 0.00149461
145.537 486528 482184 0.40134 9.66952 9.57559 9.66952 9.57559 120304 0 0.00127982
145.938 485080 483632 0.403611 9.66934 9.57585 9.66934 9.57585 120639 0 0.00109308
146.34 483632 482184 0.403849 9.61162 9.57595 9.61162 9.57595 120972 0 0.00129284
146.741 482184 480736 0.403737 9.61162 9.57604 9.61162 9.57604 121305 0 0.00150676
147.14 483632 479288 0.401254 9.61144 9.57614 9.61144 9.57614 121636 0 0.00172591
147.539 485080 480736 0.401265 9.66952 9.57639 9.66952 9.57639 121969 0 0.00149439
147.938 486528 482184 0.401365 9.66952 9.57664 9.66952 9.57664 122302 0 0.00127989
148.339 485080 483632 0.403708 9.66934 9.57689 9.66934 9.57689 122637 0 0.00109378
148.74 483632 482184 0.403775 9.61162 9.57699 9.61162 9.57699 122970 0 0.00129228
149.142 482184 480736 0.403794 9.61162 9.57708 9.61162 9.57708 123303 0 0.00150718
149.541 483632 479288 0.401236 9.61144 9.57717 9.61144 9.57717 123634 0 0.00172586
149.94 485080 480736 0.401396 9.66952 9.57742 9.66952 9.57742 123967 0 0.00149474
150.338 486528 482184 0.401382 9.66952 9.57766 9.66952 9.57766 124300 0 0.00127993
150.74 485080 483632 0.403565 9.66934 9.57791 9.66934 9.57791 124635 0 0.00109274
151.141 483632 482184 0.403828 9.61162 9.578 9.61162 9.578 124968 0 0.00129268
151.542 482184 480736 0.403842 9.61162 9.57809 9.61162 9.57809 125301 0 0.00150756
151.941 483632 479288 0.401181 9.61144 9.57817 9.61144 9.57817 125632 0 0.00172573
152.34 485080 480736 0.401428 9.66952 9.57841 9.66952 9.57841 125965 0 0.00149483
152.739 486528 482184 0.401418 9.66952 9.57865 9.66952 9.57865 126298 0 0.00128004
153.141 485080 483632 0.403667 9.66934 9.57889 9.66934 9.57889 126633 0 0.00109348
153.542 483632 482184 0.403742 9.61162 9.57897 9.61162 9.57897 126966 0 0.00129203
153.943 482184 480736 0.403765 9.61162 9.57906 9.61162 9.57906 127299 0 0.00150697
154.342 483632 479288 0.40127 9.61144 9.57914 9.61144 9.57914 127630 0 0.00172595
154.741 485080 480736 0.401453 9.66952 9.57938 9.66952 9.57938 127963 0 0.0014949
155.14 486528 482184 0.401436 9.66952 9.57961 9.66952 9.57961 128296 0 0.00128009
155.541 485080 483632 0.403645 9.66934 9.57984 9.66934 9.57984 128631 0 0.00109332
155.943 483632 482184 0.403803 9.61162 9.57992 9.61162 9.57992 128964 0 0.00129249
156.344 482184 480736 0.403811 9.61162 9.58 9.61162 9.58 129297 0 0.00150732
156.743 483632 479288 0.401217 9.61144 9.58008 9.61144 9.58008 129628 0 0.00172581
157.142 485080 480736 0.401346 9.66952 9.58031 9.66952 9.58031 129961 0 0.00149461
157.541 486528 482184 0.401334 9.66952 9.58054 9.66952 9.58054 130294 0 0.00127981
157.942 485080 483632 0.403619 9.66934 9.58076 9.66934 9.58076 130629 0 0.00109313
158.344 483632 482184 0.403849 9.61162 9.58084 9.61162 9.58084 130962 0 0.00129284
158.745 482184 480736 0.403731 9.61162 9.58092 9.61162 9.58092 131295 0 0.00150671
159.144 483632 479288 0.401166 9.61144 9.58099 9.61144 9.58099 131626 0 0.00172569
159.543 485080 480736 0.401374 9.66952 9.58121 9.66952 9.58121 131959 0 0.00149468
159.942 486528 482184 0.401356 9.66952 9.58143 9.66952 9.58143 132292 0 0.00127987
160.343 485080 483632 0.403595 9.66934 9.58165 9.66934 9.58165 132627 0 0.00109295
160.744 483632 482184 0.403775 9.61162 9.58173 9.61162 9.58173 132960 0 0.00129227
161.146 482184 480736 0.403784 9.61162 9.5818 9.61162 9.5818 133293 0 0.00150711
161.545 483632 479288 0.401248 9.61144 9.58188 9.61144 9.58188 133624 0 0.00172589
161.944 485080 480736 0.401395 9.66952 9.58209 9.66952 9.58209 133957 0 0.00149474
162.342 486528 482184 0.401367 9.66952 9.58231 9.66952 9.58231 134290 0 0.0012799
162.744 485080 483632 0.403581 9.66934 9.58252 9.66934 9.58252 134625 0 0.00109286
163.145 483632 482184 0.403827 9.61162 9.58259 9.61162 9.58259 134958 0 0.00129267
163.546 482184 480736 0.403835 9.61162 9.58267 9.61162 9.58267 135291 0 0.0015075
163.945 483632 479288 0.40119 9.61144 9.58274 9.61144 9.58274 135622 0 0.00172575
164.344 485080 480736 0.401427 9.66952 9.58295 9.66952 9.58295 135955 0 0.00149483
164.743 486528 482184 0.401407 9.66952 9.58316 9.66952 9.58316 136288 0 0.00128001
165.145 485080 483632 0.40368 9.66934 9.58337 9.66934 9.58337 136623 0 0.00109357
165.546 483632 482184 0.403742 9.61162 9.58343 9.61162 9.58343 136956 0 0.00129203
165.947 482184 480736 0.403754 9.61162 9.5835 9.61162 9.5835 137289 0 0.00150689
166.346 483632 479288 0.401283 9.61144 9.58357 9.61144 9.58357 137620 0 0.00172598
166.745 485080 480736 0.401452 9.66952 9.58377 9.66952 9.58377 137953 0 0.0014949
167.144 486528 482184 0.40142 9.66952 9.58398 9.66952 9.58398 138286 0 0.00128004
167.545 485080 483632 0.403664 9.66934 9.58418 9.66934 9.58418 138621 0 0.00109346
167.947 483632 482184 0.403802 9.61162 9.58425 9.61162 9.58425 138954 0 0.00129248
168.348 482184 480736 0.403795 9.61162 9.58431 9.61162 9.58431 139287 0 0.0015072
168.747 483632 479288 0.401236 9.61144 9.58438 9.61144 9.58438 139618 0 0.00172586
169.146 485080 480736 0.401345 9.66952 9.58458 9.66952 9.58458 139951 0 0.0014946
169.545 486528 482184 0.401322 9.66952 9.58478 9.66952 9.58478 140284 0 0.00127978
169.946 485080 483632 0.403634 9.66934 9.58498 9.66934 9.58498 140619 0 0.00109324
170.348 483632 482184 0.403848 9.61162 9.58504 9.61162 9.58504 140952 0 0.00129283
170.749 482184 480736 0.403719 9.61162 9.5851 9.61162 9.5851 141285 0 0.00150663
171.148 483632 479288 0.401181 9.61144 9.58517 9.61144 9.58517 141616 0 0.00172573
171.547 485080 480736 0.401372 9.66952 9.58536 9.66952 9.58536 141949 0 0.00149468
171.946 486528 482184 0.401339 9.66952 9.58556 9.66952 9.58556 142282 0 0.00127982
172.347 485080 483632 0.403617 9.66934 9.58575 9.66934 9.58575 142617 0 0.00109311
172.748 483632 482184 0.403774 9.61162 9.58581 9.61162 9.58581 142950 0 0.00129227
173.15 482184 480736 0.403766 9.61162 9.58587 9.61162 9.58587 143283 0 0.00150697
173.549 483632 479288 0.40127 9.61144 9.58593 9.61144 9.58593 143614 0 0.00172595
173.948 485080 480736 0.401395 9.66952 9.58612 9.66952 9.58612 143947 0 0.00149474
174.346 486528 482184 0.40134 9.66952 9.58631 9.66952 9.58631 144280 0 0.00127982
174.748 485080 483632 0.403614 9.66934 9.5865 9.66934 9.5865 144615 0 0.0010931
175.149 483632 482184 0.403826 9.61162 9.58656 9.61162 9.58656 144948 0 0.00129266
175.55 482184 480736 0.403822 9.61162 9.58662 9.61162 9.58662 145281 0 0.0015074
175.949 483632 479288 0.401206 9.61144 9.58667 9.61144 9.58667 145612 0 0.00172579
176.348 485080 480736 0.401426 9.66952 9.58686 9.66952 9.58686 145945 0 0.00149483
176.747 486528 482184 0.401387 9.66952 9.58705 9.66952 9.58705 146278 0 0.00127995
177.149 485080 483632 0.403705 9.66934 9.58724 9.66934 9.58724 146613 0 0.00109376
177.55 483632 482184 0.40374 9.61162 9.58729 9.61162 9.58729 146946 0 0.00129201
177.951 482184 480736 0.403734 9.61162 9.58735 9.61162 9.58735 147279 0 0.00150674
178.35 483632 479288 0.401308 9.61144 9.5874 9.61144 9.5874 147610 0 0.00172605
178.749 485080 480736 0.401451 9.66952 9.58758 9.66952 9.58758 147943 0 0.0014949
179.148 486528 482184 0.401388 9.66952 9.58776 9.66952 9.58776 148276 0 0.00127995
179.549 485080 483632 0.403702 9.66934 9.58795 9.66934 9.58795 148611 0 0.00109374
179.951 483632 482184 0.403801 9.61162 9.588 9.61162 9.588 148944 0 0.00129247
180.352 482184 480736 0.403764 9.61162 9.58805 9.61162 9.58805 149277 0 0.00150696
180.751 483632 479288 0.401273 9.61144 9.5881 9.61144 9.5881 149608 0 0.00172596
181.15 485080 480736 0.401344 9.66952 9.58828 9.66952 9.58828 149941 0 0.0014946
181.549 486528 482184 0.401299 9.66952 9.58846 9.66952 9.58846 150274 0 0.00127971
181.95 485080 483632 0.403662 9.66934 9.58864 9.66934 9.58864 150609 0 0.00109344
182.351 483632 482184 0.403846 9.61162 9.58869 9.61162 9.58869 150942 0 0.00129282
182.753 482184 480736 0.403696 9.61162 9.58874 9.61162 9.58874 151275 0 0.00150646
183.152 483632 479288 0.401209 9.61144 9.58879 9.61144 9.58879 151606 0 0.0017258
183.551 485080 480736 0.40137 9.66952 9.58897 9.66952 9.58897 151939 0 0.00149467
183.95 486528 482184 0.401304 9.66952 9.58914 9.66952 9.58914 152272 0 0.00127973
184.351 485080 483632 0.403659 9.66934 9.58932 9.66934 9.58932 152607 0 0.00109342
184.752 483632 482184 0.403773 9.61162 9.58936 9.61162 9.58936 152940 0 0.00129226
185.154 482184 480736 0.40373 9.61162 9.58941 9.61162 9.58941 153273 0 0.00150671
185.553 483632 479288 0.401312 9.61144 9.58946 9.61144 9.58946 153604 0 0.00172606
185.951 485080 480736 0.401393 9.66952 9.58963 9.66952 9.58963 153937 0 0.00149473
186.35 486528 482184 0.401286 9.66952 9.5898 9.66952 9.5898 154270 0 0.00127968
186.752 485080 483632 0.403678 9.66934 9.58997 9.66934 9.58997 154605 0 0.00109356
187.153 483632 482184 0.403824 9.61162 9.59002 9.61162 9.59002 154938 0 0.00129265
187.554 482184 480736 0.403796 9.61162 9.59007 9.61162 9.59007 155271 0 0.0015072
187.953 483632 479288 0.401239 9.61144 9.59011 9.61144 9.59011 155602 0 0.00172587
188.352 485080 480736 0.401423 9.66952 9.59028 9.66952 9.59028 155935 0 0.00149482
188.751 486528 482184 0.401347 9.66952 9.59045 9.66952 9.59045 156268 0 0.00127984
189.153 485080 483632 0.403754 9.66934 9.59061 9.66934 9.59061 156603 0 0.00109412
189.554 483632 482184 0.403737 9.61162 9.59066 9.61162 9.59066 156936 0 0.00129199
189.955 482184 480736 0.403695 9.61162 9.5907 9.61162 9.5907 157269 0 0.00150645
190.354 483632 479288 0.401357 9.61144 9.59075 9.61144 9.59075 157600 0 0.00172618
190.753 485080 480736 0.401449 9.66952 9.59091 9.66952 9.59091 157933 0 0.00149489
191.152 486528 482184 0.401327 9.66952 9.59108 9.66952 9.59108 158266 0 0.00127979
191.553 485080 483632 0.403775 9.66934 9.59124 9.66934 9.59124 158601 0 0.00109428
191.955 483632 482184 0.403799 9.61162 9.59128 9.61162 9.59128 158934 0 0.00129246
192.356 482184 480736 0.403703 9.61162 9.59132 9.61162 9.59132 159267 0 0.0015065
192.755 483632 479288 0.401346 9.61144 9.59137 9.61144 9.59137 159598 0 0.00172615
193.154 485080 480736 0.40134 9.66952 9.59153 9.66952 9.59153 159931 0 0.00149459
193.553 486528 482184 0.401254 9.66952 9.59169 9.66952 9.59169 160264 0 0.0012796
193.954 485080 483632 0.403718 9.66934 9.59185 9.66934 9.59185 160599 0 0.00109386
194.355 483632 482184 0.403842 9.61162 9.59189 9.61162 9.59189 160932 0 0.00129279
194.757 482184 480736 0.403652 9.61162 9.59193 9.61162 9.59193 161265 0 0.00150613
195.156 483632 479288 0.401265 9.61144 9.59197 9.61144 9.59197 161596 0 0.00172594
195.555 485080 480736 0.401365 9.66952 9.59213 9.66952 9.59213 161929 0 0.00149466
195.954 486528 482184 0.401236 9.66952 9.59229 9.66952 9.59229 162262 0 0.00127955
196.355 485080 483632 0.403743 9.66934 9.59244 9.66934 9.59244 162597 0 0.00109404
196.756 483632 482184 0.40377 9.61162 9.59248 9.61162 9.59248 162930 0 0.00129224
197.158 482184 480736 0.40366 9.61162 9.59252 9.61162 9.59252 163263 0 0.00150619
197.557 483632 479288 0.401396 9.61144 9.59256 9.61144 9.59256 163594 0 0.00172628
197.955 485080 480736 0.401389 9.66952 9.59271 9.66952 9.59271 163927 0 0.00149472
198.354 486528 482184 0.401181 9.66952 9.59287 9.66952 9.59287 164260 0 0.00127942
198.756 485080 483632 0.403803 9.66934 9.59302 9.66934 9.59302 164595 0 0.00109449
199.157 483632 482184 0.40382 9.61162 9.59306 9.61162 9.59306 164928 0 0.00129262
199.558 482184 480736 0.403745 9.61162 9.5931 9.61162 9.5931 165261 0 0.00150682
199.957 483632 479288 0.401303 9.61144 9.59314 9.61144 9.59314 165592 0 0.00172603
