0.200133 14480 0 0 0 0 0 0 0 0 1.08011
0.401462 15928 13032 0.200125 0.575376 0.288545 0.575376 0.288545 10 0 0.933315
0.403866 17376 13032 0.200484 9.64048 0.344194 9.64048 0.344194 12 0 0.933258
0.406269 21720 14480 0.201174 14.4607 0.427697 14.4607 0.427697 15 0 0.925336
0.408672 23168 18824 0.202027 24.1012 0.56691 24.1012 0.56691 20 0 0.901424
0.411075 24616 20272 0.203149 14.4607 0.648135 14.4607 0.648135 23 0 0.893438
0.60275 26064 21720 0.228005 0.181307 0.499683 0.181307 0.499683 26 0 0.882457
0.605153 27512 23168 0.225004 14.4607 0.555126 14.4607 0.555126 29 0 0.875035
0.607556 31856 24616 0.222379 14.4607 0.61013 14.4607 0.61013 32 0 0.867758
0.811246 37648 28960 0.226387 1.19428 0.756801 1.19428 0.756801 53 0 0.844509
1.01133 46336 34752 0.211146 1.38948 0.881973 1.38948 0.881973 77 0 0.816633
1.21142 57920 43440 0.206752 1.73686 1.02317 1.73686 1.02317 107 0 0.773636
1.4115 72400 55024 0.208111 2.20002 1.18999 2.20002 1.18999 145 0 0.717172
1.45716 89776 69504 0.211381 12.1774 1.53429 12.1774 1.53429 193 0 0.649443
1.66927 110048 86880 0.214239 3.27692 1.75571 3.27692 1.75571 253 0 0.57284
1.86935 139008 107152 0.20322 4.28424 2.02635 4.28424 2.02635 327 0 0.494171
2.06944 176656 136112 0.203303 5.44215 2.35661 5.44215 2.35661 421 0 0.390907
2.26952 224440 173760 0.203781 6.94742 2.76135 6.94742 2.76135 541 0 0.278004
2.46961 283808 221544 0.204539 8.85796 3.25529 8.85796 3.25529 694 0 0.169168
2.6709 356208 280912 0.207025 11.2222 3.8557 11.2222 3.8557 889 0 0.0870797
2.90401 403992 353312 0.236764 12.1251 4.51951 12.1251 4.51951 1133 0 0.0205981
3.1972 389512 401096 0.295603 10.9443 5.10868 10.9443 5.10868 1410 0 0.0232677
3.53124 343176 386616 0.336602 9.2937 5.50457 9.2937 5.50457 1678 0 0.0316753
3.85327 309872 340280 0.324443 8.48938 5.75401 8.48938 5.75401 1914 0 0.0118008
4.13685 305528 306976 0.285987 8.70094 5.95602 8.70094 5.95602 2127 0 0.0153006
4.39159 325800 302632 0.25703 9.50406 6.16183 9.50406 6.16183 2336 0 0.0221985
4.64392 348968 322904 0.254743 10.2832 6.38577 10.2832 6.38577 2560 0 0.011013
4.91308 357656 346072 0.2716 10.3291 6.6018 10.3291 6.6018 2800 0 0.000812688
5.20147 348968 354760 0.290839 9.88149 6.78364 9.88149 6.78364 3046 0 0.000918626
5.49706 334488 346072 0.298 9.40535 6.92462 9.40535 6.92462 3286 0 0.00216155
5.78544 325800 331592 0.29084 9.23879 7.03997 9.23879 7.03997 3516 0 0.00349983
6.06181 327248 322904 0.278677 9.38899 7.14707 9.38899 7.14707 3740 0 0.00601228
6.33097 335936 324352 0.271462 9.68352 7.2549 9.68352 7.2549 3965 0 0.00605903
6.60013 344624 333040 0.271603 9.89871 7.36272 9.89871 7.36272 4195 0 0.00303478
6.8765 346072 341728 0.278846 9.89197 7.46437 9.89197 7.46437 4431 0 0.000577027
7.16007 341728 343176 0.285996 9.68133 7.55217 9.68133 7.55217 4668 0 0.000570129
7.44605 335936 338832 0.288446 9.51896 7.62771 9.51896 7.62771 4903 0 0.00136334
7.72723 333040 333040 0.2836 9.47568 7.69495 9.47568 7.69495 5133 0 0.00242952
8.0036 334488 330144 0.278705 9.55665 7.75924 9.55665 7.75924 5361 0 0.00323725
8.27756 338832 331592 0.276396 9.68276 7.8229 9.68276 7.8229 5590 0 0.00293319
8.55393 340280 335936 0.278743 9.76622 7.88569 9.76622 7.88569 5823 0 0.00163336
8.8327 341728 337384 0.281149 9.68203 7.94238 9.68203 7.94238 6056 0 0.00131773
9.11388 338832 338832 0.283568 9.68168 7.99604 9.68168 7.99604 6291 0 0.00109935
9.39505 335936 335936 0.283594 9.55808 8.04279 9.55808 8.04279 6523 0 0.00169604
9.67382 337384 333040 0.281116 9.55737 8.08644 9.55737 8.08644 6753 0 0.00236646
9.95019 338832 334488 0.278719 9.68239 8.13077 9.68239 8.13077 6984 0 0.00198302
10.229 340280 335936 0.281196 9.68203 8.17304 9.68203 8.17304 7217 0 0.00163321
10.5077 341728 337384 0.28115 9.68203 8.21308 9.68203 8.21308 7450 0 0.00131773
10.7889 338832 338832 0.28357 9.68168 8.25135 9.68168 8.25135 7685 0 0.00109937
11.0701 335936 335936 0.283601 9.55808 8.28454 9.55808 8.28454 7917 0 0.00169609
11.3489 337384 333040 0.281175 9.55737 8.31581 9.55737 8.31581 8147 0 0.00236659
11.6252 338832 334488 0.278718 9.68239 8.34829 9.68239 8.34829 8378 0 0.00198302
11.904 340280 335936 0.281101 9.68203 8.37953 9.68203 8.37953 8611 0 0.00163299
12.1828 341728 337384 0.28115 9.68203 8.40933 9.68203 8.40933 8844 0 0.00131773
12.4639 338832 338832 0.283571 9.68168 8.43804 9.68168 8.43804 9079 0 0.00109937
12.7451 335936 335936 0.283602 9.55808 8.46275 9.55808 8.46275 9311 0 0.0016961
13.0239 337384 333040 0.281192 9.55737 8.48618 9.55737 8.48618 9541 0 0.00236663
13.3002 338832 334488 0.27876 9.68239 8.51103 9.68239 8.51103 9772 0 0.00198292
13.579 340280 335936 0.281216 9.68203 8.53507 9.68203 8.53507 10005 0 0.00163326
13.8578 341728 337384 0.281077 9.68203 8.55814 9.68203 8.55814 10238 0 0.00131757
14.139 338832 338832 0.283571 9.68168 8.58049 9.68168 8.58049 10473 0 0.00109938
14.4201 335936 335936 0.283603 9.55808 8.59955 9.55808 8.59955 10705 0 0.00169611
14.6989 337384 333040 0.281195 9.55737 8.61772 9.55737 8.61772 10935 0 0.00236664
14.9753 338832 334488 0.278771 9.68239 8.63736 9.68239 8.63736 11166 0 0.00198289
15.2541 340280 335936 0.281246 9.68203 8.65646 9.68203 8.65646 11399 0 0.00163333
15.5328 341728 337384 0.281165 9.68203 8.67486 9.68203 8.67486 11632 0 0.00131777
15.814 338832 338832 0.283406 9.68168 8.69276 9.68168 8.69276 11867 0 0.00109822
16.0952 335936 335936 0.283603 9.55808 8.70788 9.55808 8.70788 12099 0 0.00169611
16.3739 337384 333040 0.281196 9.55737 8.72234 9.55737 8.72234 12329 0 0.00236664
16.6503 338832 334488 0.278774 9.68239 8.73828 9.68239 8.73828 12560 0 0.00198288
16.9291 340280 335936 0.281254 9.68203 8.75382 9.68203 8.75382 12793 0 0.00163335
17.2079 341728 337384 0.281175 9.68203 8.76886 9.68203 8.76886 13026 0 0.00131779
17.489 338832 338832 0.283566 9.68168 8.78353 9.68168 8.78353 13261 0 0.00109934
17.7702 335936 335936 0.28353 9.55808 8.79579 9.55808 8.79579 13493 0 0.00169559
18.049 337384 333040 0.281196 9.55737 8.80755 9.55737 8.80755 13723 0 0.00236664
18.3253 338832 334488 0.278775 9.68239 8.82074 9.68239 8.82074 13954 0 0.00198288
18.6041 340280 335936 0.281256 9.68203 8.83365 9.68203 8.83365 14187 0 0.00163336
18.8829 341728 337384 0.281191 9.68203 8.84617 9.68203 8.84617 14420 0 0.00131783
19.1641 338832 338832 0.283594 9.68168 8.85843 9.68168 8.85843 14655 0 0.00109954
19.4452 335936 335936 0.2836 9.55808 8.86855 9.55808 8.86855 14887 0 0.00169609
19.724 337384 333040 0.281177 9.55737 8.87829 9.55737 8.87829 15117 0 0.0023666
20.0004 338832 334488 0.278775 9.68239 8.8894 9.68239 8.8894 15348 0 0.00198288
20.2791 340280 335936 0.281256 9.68203 8.90029 9.68203 8.90029 15581 0 0.00163336
20.5579 341728 337384 0.281195 9.68203 8.91089 9.68203 8.91089 15814 0 0.00131784
20.8391 338832 338832 0.283601 9.68168 8.92129 9.68168 8.92129 16049 0 0.00109959
21.1203 335936 335936 0.283618 9.55808 8.92977 9.55808 8.92977 16281 0 0.00169622
21.399 337384 333040 0.281236 9.55737 8.93795 9.55737 8.93795 16511 0 0.00236674
21.6754 338832 334488 0.278665 9.68239 8.94744 9.68239 8.94744 16742 0 0.00198316
21.9542 340280 335936 0.281256 9.68203 8.95677 9.68203 8.95677 16975 0 0.00163336
22.2329 341728 337384 0.281196 9.68203 8.96586 9.68203 8.96586 17208 0 0.00131784
22.5141 338832 338832 0.283603 9.68168 8.9748 9.68168 8.9748 17443 0 0.0010996
22.7953 335936 335936 0.283623 9.55808 8.98199 9.55808 8.98199 17675 0 0.00169625
23.0741 337384 333040 0.281251 9.55737 8.98895 9.55737 8.98895 17905 0 0.00236678
23.3504 338832 334488 0.278801 9.68239 8.99715 9.68239 8.99715 18136 0 0.00198282
23.6292 340280 335936 0.281067 9.68203 9.00523 9.68203 9.00523 18369 0 0.00163292
23.908 341728 337384 0.281196 9.68203 9.01313 9.68203 9.01313 18602 0 0.00131784
24.1891 338832 338832 0.283603 9.68168 9.0209 9.68168 9.0209 18837 0 0.0010996
24.4703 335936 335936 0.283625 9.55808 9.02707 9.55808 9.02707 19069 0 0.00169626
24.7491 337384 333040 0.281253 9.55737 9.03304 9.55737 9.03304 19299 0 0.00236678
25.0255 338832 334488 0.278839 9.68239 9.04021 9.68239 9.04021 19530 0 0.00198273
25.3042 340280 335936 0.281144 9.68203 9.04728 9.68203 9.04728 19763 0 0.00163309
25.583 341728 337384 0.281177 9.68203 9.0542 9.68203 9.0542 19996 0 0.00131779
25.8642 338832 338832 0.283603 9.68168 9.06102 9.68168 9.06102 20231 0 0.00109961
26.1454 335936 335936 0.283625 9.55808 9.06637 9.55808 9.06637 20463 0 0.00169627
26.4241 337384 333040 0.281256 9.55737 9.07155 9.55737 9.07155 20693 0 0.00236679
26.7005 338832 334488 0.278847 9.68239 9.07787 9.68239 9.07787 20924 0 0.00198271
26.9793 340280 335936 0.281165 9.68203 9.08411 9.68203 9.08411 21157 0 0.00163313
27.258 341728 337384 0.281236 9.68203 9.09023 9.68203 9.09023 21390 0 0.00131794
27.5392 338832 338832 0.283576 9.68168 9.09627 9.68168 9.09627 21625 0 0.00109941
27.8204 335936 335936 0.283529 9.55808 9.10093 9.55808 9.10093 21857 0 0.00169558
28.0992 337384 333040 0.281256 9.55737 9.10546 9.55737 9.10546 22087 0 0.00236679
28.3755 338832 334488 0.278849 9.68239 9.11108 9.68239 9.11108 22318 0 0.0019827
28.6543 340280 335936 0.28117 9.68203 9.11664 9.68203 9.11664 22551 0 0.00163315
28.9331 341728 337384 0.281251 9.68203 9.12208 9.68203 9.12208 22784 0 0.00131797
29.2142 338832 338832 0.28359 9.68168 9.12747 9.68168 9.12747 23019 0 0.00109951
29.4954 335936 335936 0.28359 9.55808 9.13157 9.55808 9.13157 23251 0 0.00169601
29.7742 337384 333040 0.281132 9.55737 9.13556 9.55737 9.13556 23481 0 0.00236649
30.0506 338832 334488 0.278849 9.68239 9.14059 9.68239 9.14059 23712 0 0.0019827
30.3293 340280 335936 0.281171 9.68203 9.14557 9.68203 9.14557 23945 0 0.00163315
30.6081 341728 337384 0.281255 9.68203 9.15045 9.68203 9.15045 24178 0 0.00131798
30.8893 338832 338832 0.283616 9.68168 9.15529 9.68168 9.15529 24413 0 0.0010997
31.1704 335936 335936 0.283636 9.55808 9.15892 9.55808 9.15892 24645 0 0.00169635
31.4492 337384 333040 0.281118 9.55737 9.16245 9.55737 9.16245 24875 0 0.00236646
31.7256 338832 334488 0.278754 9.68239 9.16698 9.68239 9.16698 25106 0 0.00198293
32.0044 340280 335936 0.281172 9.68203 9.17147 9.68203 9.17147 25339 0 0.00163315
32.2831 341728 337384 0.281256 9.68203 9.17588 9.68203 9.17588 25572 0 0.00131799
32.5643 338832 338832 0.283623 9.68168 9.18025 9.68168 9.18025 25807 0 0.00109975
32.8455 335936 335936 0.283649 9.55808 9.18348 9.55808 9.18348 26039 0 0.00169644
33.1242 337384 333040 0.281158 9.55737 9.18663 9.55737 9.18663 26269 0 0.00236655
33.4006 338832 334488 0.278753 9.68239 9.19073 9.68239 9.19073 26500 0 0.00198293
33.6794 340280 335936 0.281088 9.68203 9.1948 9.68203 9.1948 26733 0 0.00163296
33.9582 341728 337384 0.281256 9.68203 9.1988 9.68203 9.1988 26966 0 0.00131799
34.2393 338832 338832 0.283625 9.68168 9.20276 9.68168 9.20276 27201 0 0.00109976
34.5205 335936 335936 0.283652 9.55808 9.20566 9.55808 9.20566 27433 0 0.00169646
34.7993 337384 333040 0.281168 9.55737 9.20847 9.55737 9.20847 27663 0 0.00236658
35.0756 338832 334488 0.27879 9.68239 9.21221 9.68239 9.21221 27894 0 0.00198284
35.3544 340280 335936 0.281133 9.68203 9.21591 9.68203 9.21591 28127 0 0.00163306
35.6332 341728 337384 0.281132 9.68203 9.21956 9.68203 9.21956 28360 0 0.00131769
35.9144 338832 338832 0.283625 9.68168 9.22318 9.68168 9.22318 28595 0 0.00109976
36.1955 335936 335936 0.283653 9.55808 9.22578 9.55808 9.22578 28827 0 0.00169647
36.4743 337384 333040 0.281171 9.55737 9.22831 9.55737 9.22831 29057 0 0.00236658
36.7507 338832 334488 0.278795 9.68239 9.23173 9.68239 9.23173 29288 0 0.00198283
37.0294 340280 335936 0.281206 9.68203 9.23512 9.68203 9.23512 29521 0 0.00163323
37.3082 341728 337384 0.281118 9.68203 9.23846 9.68203 9.23846 29754 0 0.00131766
37.5894 338832 338832 0.283529 9.68168 9.24177 9.68168 9.24177 29989 0 0.00109908
37.8706 335936 335936 0.283653 9.55808 9.24412 9.55808 9.24412 30221 0 0.00169647
38.1493 337384 333040 0.281172 9.55737 9.24641 9.55737 9.24641 30451 0 0.00236658
38.4257 338832 334488 0.278801 9.68239 9.24954 9.68239 9.24954 30682 0 0.00198282
38.7045 340280 335936 0.28122 9.68203 9.25266 9.68203 9.25266 30915 0 0.00163327
38.9832 341728 337384 0.281158 9.68203 9.25573 9.68203 9.25573 31148 0 0.00131775
39.2644 338832 338832 0.283621 9.68168 9.25878 9.68168 9.25878 31383 0 0.00109973
39.5456 335936 335936 0.283464 9.55808 9.26091 9.55808 9.26091 31615 0 0.00169512
39.8244 337384 333040 0.281172 9.55737 9.26298 9.55737 9.26298 31845 0 0.00236658
40.1007 338832 334488 0.278803 9.68239 9.26587 9.68239 9.26587 32076 0 0.00198281
40.3795 340280 335936 0.281223 9.68203 9.26875 9.68203 9.26875 32309 0 0.00163327
40.6583 341728 337384 0.281168 9.68203 9.27158 9.68203 9.27158 32542 0 0.00131777
40.9395 338832 338832 0.283645 9.68168 9.2744 9.68168 9.2744 32777 0 0.0010999
41.2206 335936 335936 0.283487 9.55808 9.27633 9.55808 9.27633 33009 0 0.00169529
41.4994 337384 333040 0.281088 9.55737 9.27822 9.55737 9.27822 33239 0 0.00236639
41.7758 338832 334488 0.278803 9.68239 9.28089 9.68239 9.28089 33470 0 0.00198281
42.0545 340280 335936 0.281224 9.68203 9.28355 9.68203 9.28355 33703 0 0.00163328
42.3333 341728 337384 0.281171 9.68203 9.28618 9.68203 9.28618 33936 0 0.00131778
42.6145 338832 338832 0.283651 9.68168 9.28879 9.68168 9.28879 34171 0 0.00109995
42.8957 335936 335936 0.283531 9.55808 9.29055 9.55808 9.29055 34403 0 0.0016956
43.1744 337384 333040 0.281189 9.55737 9.29228 9.55737 9.29228 34633 0 0.00236662
43.4508 338832 334488 0.278614 9.68239 9.29476 9.68239 9.29476 34864 0 0.0019833
43.7296 340280 335936 0.281224 9.68203 9.29723 9.68203 9.29723 35097 0 0.00163328
44.0083 341728 337384 0.281172 9.68203 9.29966 9.68203 9.29966 35330 0 0.00131778
44.2895 338832 338832 0.283651 9.68168 9.30209 9.68168 9.30209 35565 0 0.00109995
44.5707 335936 335936 0.283544 9.55808 9.3037 9.55808 9.3037 35797 0 0.00169569
44.8495 337384 333040 0.281215 9.55737 9.30528 9.55737 9.30528 36027 0 0.00236669
45.1258 338832 334488 0.278709 9.68239 9.30759 9.68239 9.30759 36258 0 0.00198304
45.4046 340280 335936 0.281059 9.68203 9.30989 9.68203 9.30989 36491 0 0.0016329
45.6834 341728 337384 0.281172 9.68203 9.31216 9.68203 9.31216 36724 0 0.00131778
45.9645 338832 338832 0.283653 9.68168 9.31442 9.68168 9.31442 36959 0 0.00109996
46.2457 335936 335936 0.283546 9.55808 9.3159 9.55808 9.3159 37191 0 0.0016957
46.5245 337384 333040 0.281222 9.55737 9.31735 9.55737 9.31735 37421 0 0.0023667
46.8009 338832 334488 0.278734 9.68239 9.3195 9.68239 9.3195 37652 0 0.00198298
47.0796 340280 335936 0.281126 9.68203 9.32165 9.68203 9.32165 37885 0 0.00163305
47.3584 341728 337384 0.281045 9.68203 9.32377 9.68203 9.32377 38118 0 0.0013175
47.6396 338832 338832 0.283653 9.68168 9.32588 9.68168 9.32588 38353 0 0.00109997
47.9207 335936 335936 0.283547 9.55808 9.32725 9.55808 9.32725 38585 0 0.0016957
48.1995 337384 333040 0.281224 9.55737 9.32858 9.55737 9.32858 38815 0 0.00236671
48.4759 338832 334488 0.278741 9.68239 9.33059 9.68239 9.33059 39046 0 0.00198296
48.7547 340280 335936 0.281134 9.68203 9.3326 9.68203 9.3326 39279 0 0.00163306
49.0334 341728 337384 0.281189 9.68203 9.33459 9.68203 9.33459 39512 0 0.00131782
49.3146 338832 338832 0.283464 9.68168 9.33657 9.68168 9.33657 39747 0 0.00109862
49.5958 335936 335936 0.283547 9.55808 9.33783 9.55808 9.33783 39979 0 0.00169571
49.8746 337384 333040 0.281224 9.55737 9.33905 9.55737 9.33905 40209 0 0.00236671
50.1509 338832 334488 0.278743 9.68239 9.34094 9.68239 9.34094 40440 0 0.00198296
50.4297 340280 335936 0.281146 9.68203 9.34283 9.68203 9.34283 40673 0 0.00163309
50.7085 341728 337384 0.281215 9.68203 9.3447 9.68203 9.3447 40906 0 0.00131789
50.9896 338832 338832 0.283525 9.68168 9.34655 9.68168 9.34655 41141 0 0.00109905
51.2708 335936 335936 0.283516 9.55808 9.34771 9.55808 9.34771 41373 0 0.00169549
51.5496 337384 333040 0.281115 9.55737 9.34885 9.55737 9.34885 41603 0 0.00236645
51.8259 338832 334488 0.278743 9.68239 9.35063 9.68239 9.35063 41834 0 0.00198296
52.1047 340280 335936 0.28115 9.68203 9.3524 9.68203 9.3524 42067 0 0.0016331
52.3835 341728 337384 0.281222 9.68203 9.35415 9.68203 9.35415 42300 0 0.0013179
52.6647 338832 338832 0.283541 9.68168 9.3559 9.68168 9.3559 42535 0 0.00109916
52.9458 335936 335936 0.283557 9.55808 9.35698 9.55808 9.35698 42767 0 0.00169578
53.2246 337384 333040 0.28103 9.55737 9.35803 9.55737 9.35803 42997 0 0.00236627
53.501 338832 334488 0.278743 9.68239 9.3597 9.68239 9.3597 43228 0 0.00198296
53.7798 340280 335936 0.28115 9.68203 9.36137 9.68203 9.36137 43461 0 0.0016331
54.0585 341728 337384 0.281224 9.68203 9.36303 9.68203 9.36303 43694 0 0.00131791
54.3397 338832 338832 0.283545 9.68168 9.36467 9.68168 9.36467 43929 0 0.00109919
54.6209 335936 335936 0.283568 9.55808 9.36567 9.55808 9.36567 44161 0 0.00169585
54.8996 337384 333040 0.281119 9.55737 9.36664 9.55737 9.36664 44391 0 0.00236646
55.176 338832 334488 0.278742 9.68239 9.36822 9.68239 9.36822 44622 0 0.00198296
55.4548 340280 335936 0.28115 9.68203 9.3698 9.68203 9.3698 44855 0 0.0016331
55.7336 341728 337384 0.281224 9.68203 9.37136 9.68203 9.37136 45088 0 0.00131791
56.0147 338832 338832 0.283546 9.68168 9.37292 9.68168 9.37292 45323 0 0.0010992
56.2959 335936 335936 0.283569 9.55808 9.37385 9.55808 9.37385 45555 0 0.00169586
56.5747 337384 333040 0.281144 9.55737 9.37475 9.55737 9.37475 45785 0 0.00236652
56.851 338832 334488 0.278805 9.68239 9.37625 9.68239 9.37625 46016 0 0.00198281
57.1298 340280 335936 0.281135 9.68203 9.37774 9.68203 9.37774 46249 0 0.00163307
57.4086 341728 337384 0.281115 9.68203 9.37922 9.68203 9.37922 46482 0 0.00131765
57.6898 338832 338832 0.283547 9.68168 9.38069 9.68168 9.38069 46717 0 0.0010992
57.9709 335936 335936 0.283571 9.55808 9.38155 9.55808 9.38155 46949 0 0.00169588
58.2497 337384 333040 0.281149 9.55737 9.38239 9.55737 9.38239 47179 0 0.00236653
58.5261 338832 334488 0.278822 9.68239 9.38381 9.68239 9.38381 47410 0 0.00198277
58.8048 340280 335936 0.28118 9.68203 9.38522 9.68203 9.38522 47643 0 0.00163317
59.0836 341728 337384 0.281104 9.68203 9.38662 9.68203 9.38662 47876 0 0.00131763
59.3648 338832 338832 0.283463 9.68168 9.38802 9.68168 9.38802 48111 0 0.00109861
59.646 335936 335936 0.283571 9.55808 9.38882 9.55808 9.38882 48343 0 0.00169588
59.9247 337384 333040 0.28115 9.55737 9.38961 9.55737 9.38961 48573 0 0.00236653
60.2011 338832 334488 0.278827 9.68239 9.39095 9.68239 9.39095 48804 0 0.00198276
60.4799 340280 335936 0.281192 9.68203 9.39229 9.68203 9.39229 49037 0 0.0016332
60.7586 341728 337384 0.281119 9.68203 9.39362 9.68203 9.39362 49270 0 0.00131766
61.0398 338832 338832 0.283516 9.68168 9.39495 9.68168 9.39495 49505 0 0.00109898
61.321 335936 335936 0.283462 9.55808 9.3957 9.55808 9.3957 49737 0 0.00169511
61.5998 337384 333040 0.28115 9.55737 9.39643 9.55737 9.39643 49967 0 0.00236653
61.8761 338832 334488 0.278828 9.68239 9.39771 9.68239 9.39771 50198 0 0.00198275
62.1549 340280 335936 0.281195 9.68203 9.39898 9.68203 9.39898 50431 0 0.00163321
62.4337 341728 337384 0.281142 9.68203 9.40024 9.68203 9.40024 50664 0 0.00131771
62.7148 338832 338832 0.283557 9.68168 9.40151 9.68168 9.40151 50899 0 0.00109927
62.996 335936 335936 0.283566 9.55808 9.4022 9.55808 9.4022 51131 0 0.00169584
63.2748 337384 333040 0.281077 9.55737 9.40289 9.55737 9.40289 51361 0 0.00236637
63.5512 338832 334488 0.278828 9.68239 9.4041 9.68239 9.4041 51592 0 0.00198275
63.8299 340280 335936 0.281196 9.68203 9.40532 9.68203 9.40532 51825 0 0.00163321
64.1087 341728 337384 0.281149 9.68203 9.40652 9.68203 9.40652 52058 0 0.00131773
64.3899 338832 338832 0.283568 9.68168 9.40772 9.68168 9.40772 52293 0 0.00109935
64.6711 335936 335936 0.283594 9.55808 9.40838 9.55808 9.40838 52525 0 0.00169604
64.9498 337384 333040 0.281165 9.55737 9.40902 9.55737 9.40902 52755 0 0.00236657
65.2262 338832 334488 0.278663 9.68239 9.41017 9.68239 9.41017 52986 0 0.00198317
65.505 340280 335936 0.281196 9.68203 9.41133 9.68203 9.41133 53219 0 0.00163321
65.7837 341728 337384 0.28115 9.68203 9.41248 9.68203 9.41248 53452 0 0.00131773
66.0649 338832 338832 0.28357 9.68168 9.41362 9.68168 9.41362 53687 0 0.00109937
66.3461 335936 335936 0.283601 9.55808 9.41424 9.55808 9.41424 53919 0 0.00169609
66.6249 337384 333040 0.281188 9.55737 9.41484 9.55737 9.41484 54149 0 0.00236662
66.9012 338832 334488 0.278703 9.68239 9.41594 9.68239 9.41594 54380 0 0.00198306
67.18 340280 335936 0.281101 9.68203 9.41704 9.68203 9.41704 54613 0 0.00163299
67.4588 341728 337384 0.28115 9.68203 9.41814 9.68203 9.41814 54846 0 0.00131773
67.7399 338832 338832 0.283571 9.68168 9.41923 9.68168 9.41923 55081 0 0.00109937
68.0211 335936 335936 0.283603 9.55808 9.41981 9.55808 9.41981 55313 0 0.00169611
68.2999 337384 333040 0.281191 9.55737 9.42037 9.55737 9.42037 55543 0 0.00236663
68.5763 338832 334488 0.27876 9.68239 9.42142 9.68239 9.42142 55774 0 0.00198292
68.855 340280 335936 0.281216 9.68203 9.42248 9.68203 9.42248 56007 0 0.00163326
69.1338 341728 337384 0.281077 9.68203 9.42353 9.68203 9.42353 56240 0 0.00131757
69.415 338832 338832 0.283571 9.68168 9.42457 9.68168 9.42457 56475 0 0.00109938
69.6961 335936 335936 0.283603 9.55808 9.42511 9.55808 9.42511 56707 0 0.00169611
69.9749 337384 333040 0.281195 9.55737 9.42564 9.55737 9.42564 56937 0 0.00236664
70.2513 338832 334488 0.278771 9.68239 9.42665 9.68239 9.42665 57168 0 0.00198289
70.5301 340280 335936 0.281246 9.68203 9.42766 9.68203 9.42766 57401 0 0.00163333
70.8088 341728 337384 0.281165 9.68203 9.42866 9.68203 9.42866 57634 0 0.00131777
71.09 338832 338832 0.283531 9.68168 9.42966 9.68168 9.42966 57869 0 0.00109909
71.3712 335936 335936 0.283603 9.55808 9.43017 9.55808 9.43017 58101 0 0.00169611
71.6499 337384 333040 0.281196 9.55737 9.43066 9.55737 9.43066 58331 0 0.00236664
71.9263 338832 334488 0.278774 9.68239 9.43163 9.68239 9.43163 58562 0 0.00198288
72.2051 340280 335936 0.281254 9.68203 9.43259 9.68203 9.43259 58795 0 0.00163335
72.4839 341728 337384 0.281188 9.68203 9.43355 9.68203 9.43355 59028 0 0.00131782
72.765 338832 338832 0.283552 9.68168 9.43451 9.68168 9.43451 59263 0 0.00109923
73.0462 335936 335936 0.28353 9.55808 9.43499 9.55808 9.43499 59495 0 0.00169559
73.325 337384 333040 0.281196 9.55737 9.43545 9.55737 9.43545 59725 0 0.00236664
73.6013 338832 334488 0.278775 9.68239 9.43638 9.68239 9.43638 59956 0 0.00198288
73.8801 340280 335936 0.281256 9.68203 9.43731 9.68203 9.43731 60189 0 0.00163336
74.1589 341728 337384 0.281194 9.68203 9.43823 9.68203 9.43823 60422 0 0.00131784
74.4401 338832 338832 0.28359 9.68168 9.43915 9.68168 9.43915 60657 0 0.00109951
74.7212 335936 335936 0.2836 9.55808 9.43959 9.55808 9.43959 60889 0 0.00169609
75 337384 333040 0.281177 9.55737 9.44003 9.55737 9.44003 61119 0 0.0023666
75.2764 338832 334488 0.278775 9.68239 9.44092 9.68239 9.44092 61350 0 0.00198288
75.5551 340280 335936 0.281256 9.68203 9.44181 9.68203 9.44181 61583 0 0.00163336
75.8339 341728 337384 0.281195 9.68203 9.44269 9.68203 9.44269 61816 0 0.00131784
76.1151 338832 338832 0.283601 9.68168 9.44358 9.68168 9.44358 62051 0 0.00109959
76.3963 335936 335936 0.283618 9.55808 9.444 9.55808 9.444 62283 0 0.00169622
76.675 337384 333040 0.281236 9.55737 9.44441 9.55737 9.44441 62513 0 0.00236674
76.9514 338832 334488 0.278774 9.68239 9.44527 9.68239 9.44527 62744 0 0.00198288
77.2302 340280 335936 0.281132 9.68203 9.44612 9.68203 9.44612 62977 0 0.00163306
77.5089 341728 337384 0.281196 9.68203 9.44697 9.68203 9.44697 63210 0 0.00131784
77.7901 338832 338832 0.283603 9.68168 9.44782 9.68168 9.44782 63445 0 0.0010996
78.0713 335936 335936 0.283623 9.55808 9.44821 9.55808 9.44821 63677 0 0.00169625
78.3501 337384 333040 0.281251 9.55737 9.4486 9.55737 9.4486 63907 0 0.00236678
78.6264 338832 334488 0.27883 9.68239 9.44942 9.68239 9.44942 64138 0 0.00198275
78.9052 340280 335936 0.281035 9.68203 9.45025 9.68203 9.45025 64371 0 0.00163285
79.184 341728 337384 0.281196 9.68203 9.45106 9.68203 9.45106 64604 0 0.00131784
79.4652 338832 338832 0.283603 9.68168 9.45188 9.68168 9.45188 64839 0 0.0010996
79.7463 335936 335936 0.283625 9.55808 9.45225 9.55808 9.45225 65071 0 0.00169626
80.0251 337384 333040 0.281255 9.55737 9.45262 9.55737 9.45262 65301 0 0.00236679
80.3015 338832 334488 0.278837 9.68239 9.45341 9.68239 9.45341 65532 0 0.00198273
80.5802 340280 335936 0.281144 9.68203 9.4542 9.68203 9.4542 65765 0 0.00163309
80.859 341728 337384 0.281177 9.68203 9.45499 9.68203 9.45499 65998 0 0.00131779
81.1402 338832 338832 0.283603 9.68168 9.45577 9.68168 9.45577 66233 0 0.00109961
81.4214 335936 335936 0.283625 9.55808 9.45613 9.55808 9.45613 66465 0 0.00169627
81.7001 337384 333040 0.281256 9.55737 9.45647 9.55737 9.45647 66695 0 0.00236679
81.9765 338832 334488 0.278846 9.68239 9.45723 9.68239 9.45723 66926 0 0.00198271
82.2553 340280 335936 0.281165 9.68203 9.45799 9.68203 9.45799 67159 0 0.00163313
82.534 341728 337384 0.281236 9.68203 9.45875 9.68203 9.45875 67392 0 0.00131794
82.8152 338832 338832 0.283576 9.68168 9.45951 9.68168 9.45951 67627 0 0.00109941
83.0964 335936 335936 0.283529 9.55808 9.45984 9.55808 9.45984 67859 0 0.00169558
83.3752 337384 333040 0.281256 9.55737 9.46017 9.55737 9.46017 68089 0 0.00236679
83.6515 338832 334488 0.278849 9.68239 9.4609 9.68239 9.4609 68320 0 0.0019827
83.9303 340280 335936 0.28117 9.68203 9.46164 9.68203 9.46164 68553 0 0.00163315
84.2091 341728 337384 0.281251 9.68203 9.46237 9.68203 9.46237 68786 0 0.00131797
84.4902 338832 338832 0.283612 9.68168 9.4631 9.68168 9.4631 69021 0 0.00109967
84.7714 335936 335936 0.283564 9.55808 9.46341 9.55808 9.46341 69253 0 0.00169583
85.0502 337384 333040 0.281132 9.55737 9.46372 9.55737 9.46372 69483 0 0.00236649
85.3266 338832 334488 0.278849 9.68239 9.46443 9.68239 9.46443 69714 0 0.0019827
85.6053 340280 335936 0.281171 9.68203 9.46514 9.68203 9.46514 69947 0 0.00163315
85.8841 341728 337384 0.281255 9.68203 9.46584 9.68203 9.46584 70180 0 0.00131798
86.1653 338832 338832 0.283622 9.68168 9.46654 9.68168 9.46654 70415 0 0.00109974
86.4464 335936 335936 0.28363 9.55808 9.46684 9.55808 9.46684 70647 0 0.0016963
86.7252 337384 333040 0.281118 9.55737 9.46713 9.55737 9.46713 70877 0 0.00236646
87.0016 338832 334488 0.278754 9.68239 9.46782 9.68239 9.46782 71108 0 0.00198293
87.2804 340280 335936 0.281172 9.68203 9.4685 9.68203 9.4685 71341 0 0.00163315
87.5591 341728 337384 0.281256 9.68203 9.46918 9.68203 9.46918 71574 0 0.00131799
87.8403 338832 338832 0.283623 9.68168 9.46986 9.68168 9.46986 71809 0 0.00109974
88.1215 335936 335936 0.283649 9.55808 9.47014 9.55808 9.47014 72041 0 0.00169644
88.4002 337384 333040 0.281158 9.55737 9.47042 9.55737 9.47042 72271 0 0.00236655
88.6766 338832 334488 0.278753 9.68239 9.47108 9.68239 9.47108 72502 0 0.00198293
88.9554 340280 335936 0.281088 9.68203 9.47174 9.68203 9.47174 72735 0 0.00163296
89.2342 341728 337384 0.281257 9.68203 9.4724 9.68203 9.4724 72968 0 0.00131799
89.5153 338832 338832 0.283624 9.68168 9.47305 9.68168 9.47305 73203 0 0.00109976
89.7965 335936 335936 0.283652 9.55808 9.47332 9.55808 9.47332 73435 0 0.00169646
90.0753 337384 333040 0.281168 9.55737 9.47358 9.55737 9.47358 73665 0 0.00236658
90.3516 338832 334488 0.27879 9.68239 9.47422 9.68239 9.47422 73896 0 0.00198284
90.6304 340280 335936 0.281189 9.68203 9.47486 9.68203 9.47486 74129 0 0.00163319
90.9092 341728 337384 0.281067 9.68203 9.47549 9.68203 9.47549 74362 0 0.00131755
91.1904 338832 338832 0.283625 9.68168 9.47613 9.68168 9.47613 74597 0 0.00109976
91.4715 335936 335936 0.283653 9.55808 9.47638 9.55808 9.47638 74829 0 0.00169647
91.7503 337384 333040 0.281171 9.55737 9.47663 9.55737 9.47663 75059 0 0.00236658
92.0267 338832 334488 0.2788 9.68239 9.47724 9.68239 9.47724 75290 0 0.00198282
92.3054 340280 335936 0.2812 9.68203 9.47786 9.68203 9.47786 75523 0 0.00163322
92.5842 341728 337384 0.281118 9.68203 9.47848 9.68203 9.47848 75756 0 0.00131766
92.8654 338832 338832 0.283529 9.68168 9.47909 9.68168 9.47909 75991 0 0.00109908
93.1466 335936 335936 0.283653 9.55808 9.47933 9.55808 9.47933 76223 0 0.00169647
93.4253 337384 333040 0.281172 9.55737 9.47956 9.55737 9.47956 76453 0 0.00236658
93.7017 338832 334488 0.278803 9.68239 9.48016 9.68239 9.48016 76684 0 0.00198281
93.9805 340280 335936 0.281218 9.68203 9.48076 9.68203 9.48076 76917 0 0.00163326
94.2593 341728 337384 0.281158 9.68203 9.48136 9.68203 9.48136 77150 0 0.00131775
94.5404 338832 338832 0.283621 9.68168 9.48195 9.68168 9.48195 77385 0 0.00109973
94.8216 335936 335936 0.283464 9.55808 9.48218 9.55808 9.48218 77617 0 0.00169512
95.1004 337384 333040 0.281172 9.55737 9.4824 9.55737 9.4824 77847 0 0.00236658
95.3767 338832 334488 0.278803 9.68239 9.48298 9.68239 9.48298 78078 0 0.00198281
95.6555 340280 335936 0.281223 9.68203 9.48356 9.68203 9.48356 78311 0 0.00163327
95.9343 341728 337384 0.281168 9.68203 9.48414 9.68203 9.48414 78544 0 0.00131777
96.2155 338832 338832 0.283645 9.68168 9.48471 9.68168 9.48471 78779 0 0.0010999
96.4966 335936 335936 0.283525 9.55808 9.48493 9.55808 9.48493 79011 0 0.00169555
96.7754 337384 333040 0.281045 9.55737 9.48513 9.55737 9.48513 79241 0 0.0023663
97.0518 338832 334488 0.278803 9.68239 9.4857 9.68239 9.4857 79472 0 0.00198281
97.3305 340280 335936 0.281224 9.68203 9.48626 9.68203 9.48626 79705 0 0.00163328
97.6093 341728 337384 0.281171 9.68203 9.48682 9.68203 9.48682 79938 0 0.00131778
97.8905 338832 338832 0.283651 9.68168 9.48738 9.68168 9.48738 80173 0 0.00109995
98.1717 335936 335936 0.283541 9.55808 9.48758 9.55808 9.48758 80405 0 0.00169567
98.4504 337384 333040 0.281177 9.55737 9.48778 9.55737 9.48778 80635 0 0.0023666
98.7268 338832 334488 0.278614 9.68239 9.48832 9.68239 9.48832 80866 0 0.0019833
99.0056 340280 335936 0.281224 9.68203 9.48887 9.68203 9.48887 81099 0 0.00163328
99.2843 341728 337384 0.281172 9.68203 9.48941 9.68203 9.48941 81332 0 0.00131778
99.5655 338832 338832 0.283652 9.68168 9.48995 9.68168 9.48995 81567 0 0.00109996
99.8467 335936 335936 0.283543 9.55808 9.49015 9.55808 9.49015 81799 0 0.00169568
100.125 337384 333040 0.281215 9.55737 9.49033 9.55737 9.49033 82029 0 0.00236669
100.402 338832 334488 0.278709 9.68239 9.49086 9.68239 9.49086 82260 0 0.00198304
100.681 340280 335936 0.281059 9.68203 9.49139 9.68203 9.49139 82493 0 0.0016329
100.959 341728 337384 0.281172 9.68203 9.49192 9.68203 9.49192 82726 0 0.00131778
101.241 338832 338832 0.283653 9.68168 9.49244 9.68168 9.49244 82961 0 0.00109996
101.522 335936 335936 0.283546 9.55808 9.49263 9.55808 9.49263 83193 0 0.0016957
101.8 337384 333040 0.281222 9.55737 9.4928 9.55737 9.4928 83423 0 0.0023667
102.077 338832 334488 0.278734 9.68239 9.49332 9.68239 9.49332 83654 0 0.00198298
102.356 340280 335936 0.281126 9.68203 9.49383 9.68203 9.49383 83887 0 0.00163305
102.634 341728 337384 0.281155 9.68203 9.49434 9.68203 9.49434 84120 0 0.00131774
102.916 338832 338832 0.283528 9.68168 9.49485 9.68168 9.49485 84355 0 0.00109907
103.197 335936 335936 0.283547 9.55808 9.49503 9.55808 9.49503 84587 0 0.0016957
103.476 337384 333040 0.281224 9.55737 9.49519 9.55737 9.49519 84817 0 0.00236671
103.752 338832 334488 0.278741 9.68239 9.49569 9.68239 9.49569 85048 0 0.00198296
104.031 340280 335936 0.281144 9.68203 9.49619 9.68203 9.49619 85281 0 0.00163309
104.309 341728 337384 0.281177 9.68203 9.49669 9.68203 9.49669 85514 0 0.0013178
104.591 338832 338832 0.283464 9.68168 9.49719 9.68168 9.49719 85749 0 0.00109862
104.872 335936 335936 0.283547 9.55808 9.49735 9.55808 9.49735 85981 0 0.00169571
105.151 337384 333040 0.281224 9.55737 9.49751 9.55737 9.49751 86211 0 0.00236671
105.427 338832 334488 0.278743 9.68239 9.49799 9.68239 9.49799 86442 0 0.00198296
105.706 340280 335936 0.281149 9.68203 9.49848 9.68203 9.49848 86675 0 0.0016331
105.984 341728 337384 0.281212 9.68203 9.49896 9.68203 9.49896 86908 0 0.00131788
106.266 338832 338832 0.283525 9.68168 9.49944 9.68168 9.49944 87143 0 0.00109905
106.547 335936 335936 0.283516 9.55808 9.4996 9.55808 9.4996 87375 0 0.00169549
106.826 337384 333040 0.281115 9.55737 9.49975 9.55737 9.49975 87605 0 0.00236645
107.102 338832 334488 0.278743 9.68239 9.50022 9.68239 9.50022 87836 0 0.00198296
107.381 340280 335936 0.281149 9.68203 9.50069 9.68203 9.50069 88069 0 0.0016331
107.659 341728 337384 0.281222 9.68203 9.50116 9.68203 9.50116 88302 0 0.0013179
107.941 338832 338832 0.283541 9.68168 9.50163 9.68168 9.50163 88537 0 0.00109916
108.222 335936 335936 0.283557 9.55808 9.50178 9.55808 9.50178 88769 0 0.00169578
108.501 337384 333040 0.281104 9.55737 9.50192 9.55737 9.50192 88999 0 0.00236643
108.777 338832 334488 0.27866 9.68239 9.50238 9.68239 9.50238 89230 0 0.00198318
109.056 340280 335936 0.28115 9.68203 9.50284 9.68203 9.50284 89463 0 0.0016331
109.335 341728 337384 0.281224 9.68203 9.5033 9.68203 9.5033 89696 0 0.00131791
109.616 338832 338832 0.283545 9.68168 9.50375 9.68168 9.50375 89931 0 0.00109919
109.897 335936 335936 0.283568 9.55808 9.50389 9.55808 9.50389 90163 0 0.00169585
110.176 337384 333040 0.281138 9.55737 9.50403 9.55737 9.50403 90393 0 0.00236651
110.452 338832 334488 0.27872 9.68239 9.50448 9.68239 9.50448 90624 0 0.00198302
110.731 340280 335936 0.28115 9.68203 9.50492 9.68203 9.50492 90857 0 0.0016331
111.01 341728 337384 0.281224 9.68203 9.50537 9.68203 9.50537 91090 0 0.00131791
111.291 338832 338832 0.283546 9.68168 9.50581 9.68168 9.50581 91325 0 0.0010992
111.572 335936 335936 0.28357 9.55808 9.50594 9.55808 9.50594 91557 0 0.00169587
111.851 337384 333040 0.281142 9.55737 9.50607 9.55737 9.50607 91787 0 0.00236652
112.127 338832 334488 0.278805 9.68239 9.50651 9.68239 9.50651 92018 0 0.00198281
112.406 340280 335936 0.281135 9.68203 9.50694 9.68203 9.50694 92251 0 0.00163307
112.685 341728 337384 0.281115 9.68203 9.50738 9.68203 9.50738 92484 0 0.00131765
112.966 338832 338832 0.283547 9.68168 9.50781 9.68168 9.50781 92719 0 0.0010992
113.247 335936 335936 0.283571 9.55808 9.50793 9.55808 9.50793 92951 0 0.00169588
113.526 337384 333040 0.281148 9.55737 9.50806 9.55737 9.50806 93181 0 0.00236653
113.802 338832 334488 0.278822 9.68239 9.50848 9.68239 9.50848 93412 0 0.00198277
114.081 340280 335936 0.28118 9.68203 9.5089 9.68203 9.5089 93645 0 0.00163317
114.36 341728 337384 0.281104 9.68203 9.50932 9.68203 9.50932 93878 0 0.00131763
114.641 338832 338832 0.283463 9.68168 9.50975 9.68168 9.50975 94113 0 0.00109861
114.922 335936 335936 0.283571 9.55808 9.50987 9.55808 9.50987 94345 0 0.00169588
115.201 337384 333040 0.28115 9.55737 9.50998 9.55737 9.50998 94575 0 0.00236653
115.477 338832 334488 0.278827 9.68239 9.51039 9.68239 9.51039 94806 0 0.00198276
115.756 340280 335936 0.281192 9.68203 9.51081 9.68203 9.51081 95039 0 0.0016332
116.035 341728 337384 0.281138 9.68203 9.51122 9.68203 9.51122 95272 0 0.0013177
116.316 338832 338832 0.283494 9.68168 9.51163 9.68168 9.51163 95507 0 0.00109883
116.597 335936 335936 0.283462 9.55808 9.51174 9.55808 9.51174 95739 0 0.00169511
116.876 337384 333040 0.28115 9.55737 9.51185 9.55737 9.51185 95969 0 0.00236653
117.152 338832 334488 0.278828 9.68239 9.51225 9.68239 9.51225 96200 0 0.00198275
117.431 340280 335936 0.281195 9.68203 9.51266 9.68203 9.51266 96433 0 0.00163321
117.71 341728 337384 0.281147 9.68203 9.51306 9.68203 9.51306 96666 0 0.00131773
117.991 338832 338832 0.283551 9.68168 9.51346 9.68168 9.51346 96901 0 0.00109923
118.272 335936 335936 0.283566 9.55808 9.51357 9.55808 9.51357 97133 0 0.00169584
118.551 337384 333040 0.281077 9.55737 9.51367 9.55737 9.51367 97363 0 0.00236637
118.827 338832 334488 0.278828 9.68239 9.51406 9.68239 9.51406 97594 0 0.00198275
119.106 340280 335936 0.281196 9.68203 9.51445 9.68203 9.51445 97827 0 0.00163321
119.385 341728 337384 0.281148 9.68203 9.51485 9.68203 9.51485 98060 0 0.00131773
119.666 338832 338832 0.283568 9.68168 9.51524 9.68168 9.51524 98295 0 0.00109935
119.947 335936 335936 0.283594 9.55808 9.51534 9.55808 9.51534 98527 0 0.00169604
120.226 337384 333040 0.281165 9.55737 9.51544 9.55737 9.51544 98757 0 0.00236657
120.502 338832 334488 0.278663 9.68239 9.51582 9.68239 9.51582 98988 0 0.00198317
120.781 340280 335936 0.281196 9.68203 9.5162 9.68203 9.5162 99221 0 0.00163321
121.06 341728 337384 0.28115 9.68203 9.51658 9.68203 9.51658 99454 0 0.00131773
121.341 338832 338832 0.28357 9.68168 9.51697 9.68168 9.51697 99689 0 0.00109937
121.622 335936 335936 0.283601 9.55808 9.51706 9.55808 9.51706 99921 0 0.00169609
121.901 337384 333040 0.281188 9.55737 9.51715 9.55737 9.51715 100151 0 0.00236662
122.177 338832 334488 0.278746 9.68239 9.51753 9.68239 9.51753 100382 0 0.00198295
122.456 340280 335936 0.281052 9.68203 9.5179 9.68203 9.5179 100615 0 0.00163288
122.735 341728 337384 0.28115 9.68203 9.51827 9.68203 9.51827 100848 0 0.00131773
123.016 338832 338832 0.283571 9.68168 9.51865 9.68168 9.51865 101083 0 0.00109937
123.297 335936 335936 0.283603 9.55808 9.51874 9.55808 9.51874 101315 0 0.00169611
123.576 337384 333040 0.281194 9.55737 9.51883 9.55737 9.51883 101545 0 0.00236664
123.852 338832 334488 0.278756 9.68239 9.51919 9.68239 9.51919 101776 0 0.00198293
124.131 340280 335936 0.281216 9.68203 9.51956 9.68203 9.51956 102009 0 0.00163326
124.41 341728 337384 0.281077 9.68203 9.51992 9.68203 9.51992 102242 0 0.00131757
124.691 338832 338832 0.283571 9.68168 9.52028 9.68168 9.52028 102477 0 0.00109938
124.972 335936 335936 0.283603 9.55808 9.52037 9.55808 9.52037 102709 0 0.00169611
125.251 337384 333040 0.281196 9.55737 9.52045 9.55737 9.52045 102939 0 0.00236664
125.527 338832 334488 0.27877 9.68239 9.52081 9.68239 9.52081 103170 0 0.00198289
125.806 340280 335936 0.281246 9.68203 9.52117 9.68203 9.52117 103403 0 0.00163333
126.085 341728 337384 0.281165 9.68203 9.52152 9.68203 9.52152 103636 0 0.00131777
126.366 338832 338832 0.283531 9.68168 9.52188 9.68168 9.52188 103871 0 0.00109909
126.647 335936 335936 0.283603 9.55808 9.52196 9.55808 9.52196 104103 0 0.00169611
126.926 337384 333040 0.281196 9.55737 9.52204 9.55737 9.52204 104333 0 0.00236664
127.202 338832 334488 0.278774 9.68239 9.52238 9.68239 9.52238 104564 0 0.00198288
127.481 340280 335936 0.281254 9.68203 9.52273 9.68203 9.52273 104797 0 0.00163335
127.76 341728 337384 0.281188 9.68203 9.52308 9.68203 9.52308 105030 0 0.00131782
128.041 338832 338832 0.283584 9.68168 9.52343 9.68168 9.52343 105265 0 0.00109947
128.322 335936 335936 0.283493 9.55808 9.52351 9.55808 9.52351 105497 0 0.00169532
128.601 337384 333040 0.281196 9.55737 9.52358 9.55737 9.52358 105727 0 0.00236664
128.877 338832 334488 0.278775 9.68239 9.52392 9.68239 9.52392 105958 0 0.00198288
129.156 340280 335936 0.281256 9.68203 9.52426 9.68203 9.52426 106191 0 0.00163336
129.435 341728 337384 0.281194 9.68203 9.5246 9.68203 9.5246 106424 0 0.00131784
129.716 338832 338832 0.283599 9.68168 9.52494 9.68168 9.52494 106659 0 0.00109957
129.997 335936 335936 0.28359 9.55808 9.52501 9.55808 9.52501 106891 0 0.00169602
130.276 337384 333040 0.281177 9.55737 9.52508 9.55737 9.52508 107121 0 0.0023666
130.552 338832 334488 0.278775 9.68239 9.52541 9.68239 9.52541 107352 0 0.00198288
130.831 340280 335936 0.281256 9.68203 9.52575 9.68203 9.52575 107585 0 0.00163336
131.11 341728 337384 0.281196 9.68203 9.52608 9.68203 9.52608 107818 0 0.00131784
131.391 338832 338832 0.2836 9.68168 9.52641 9.68168 9.52641 108053 0 0.00109958
131.672 335936 335936 0.283618 9.55808 9.52648 9.55808 9.52648 108285 0 0.00169622
131.951 337384 333040 0.281236 9.55737 9.52655 9.55737 9.52655 108515 0 0.00236674
132.227 338832 334488 0.278774 9.68239 9.52687 9.68239 9.52687 108746 0 0.00198288
132.506 340280 335936 0.281132 9.68203 9.5272 9.68203 9.5272 108979 0 0.00163306
132.785 341728 337384 0.281196 9.68203 9.52752 9.68203 9.52752 109212 0 0.00131784
133.066 338832 338832 0.283603 9.68168 9.52785 9.68168 9.52785 109447 0 0.0010996
133.347 335936 335936 0.283623 9.55808 9.52791 9.55808 9.52791 109679 0 0.00169625
133.626 337384 333040 0.281251 9.55737 9.52797 9.55737 9.52797 109909 0 0.00236678
133.902 338832 334488 0.27883 9.68239 9.52829 9.68239 9.52829 110140 0 0.00198275
134.181 340280 335936 0.281118 9.68203 9.52861 9.68203 9.52861 110373 0 0.00163303
134.46 341728 337384 0.281101 9.68203 9.52893 9.68203 9.52893 110606 0 0.00131762
134.741 338832 338832 0.283603 9.68168 9.52925 9.68168 9.52925 110841 0 0.0010996
135.022 335936 335936 0.283625 9.55808 9.52931 9.55808 9.52931 111073 0 0.00169626
135.301 337384 333040 0.281255 9.55737 9.52937 9.55737 9.52937 111303 0 0.00236679
135.577 338832 334488 0.278844 9.68239 9.52968 9.68239 9.52968 111534 0 0.00198271
135.856 340280 335936 0.281136 9.68203 9.52999 9.68203 9.52999 111767 0 0.00163307
136.135 341728 337384 0.281177 9.68203 9.5303 9.68203 9.5303 112000 0 0.00131779
136.416 338832 338832 0.283603 9.68168 9.53062 9.68168 9.53062 112235 0 0.00109961
136.697 335936 335936 0.283625 9.55808 9.53067 9.55808 9.53067 112467 0 0.00169627
136.976 337384 333040 0.281256 9.55737 9.53073 9.55737 9.53073 112697 0 0.00236679
137.252 338832 334488 0.278848 9.68239 9.53103 9.68239 9.53103 112928 0 0.00198271
137.531 340280 335936 0.281162 9.68203 9.53134 9.68203 9.53134 113161 0 0.00163313
137.81 341728 337384 0.281236 9.68203 9.53164 9.68203 9.53164 113394 0 0.00131794
138.091 338832 338832 0.283576 9.68168 9.53195 9.68168 9.53195 113629 0 0.00109941
138.372 335936 335936 0.283529 9.55808 9.532 9.55808 9.532 113861 0 0.00169558
138.651 337384 333040 0.281257 9.55737 9.53205 9.55737 9.53205 114091 0 0.00236679
138.928 338832 334488 0.278849 9.68239 9.53235 9.68239 9.53235 114322 0 0.0019827
139.206 340280 335936 0.28117 9.68203 9.53265 9.68203 9.53265 114555 0 0.00163315
139.485 341728 337384 0.281251 9.68203 9.53295 9.68203 9.53295 114788 0 0.00131797
139.766 338832 338832 0.283612 9.68168 9.53325 9.68168 9.53325 115023 0 0.00109967
140.047 335936 335936 0.283621 9.55808 9.5333 9.55808 9.5333 115255 0 0.00169623
140.326 337384 333040 0.281067 9.55737 9.53335 9.55737 9.53335 115485 0 0.00236635
140.603 338832 334488 0.278849 9.68239 9.53364 9.68239 9.53364 115716 0 0.0019827
140.881 340280 335936 0.281171 9.68203 9.53393 9.68203 9.53393 115949 0 0.00163315
141.16 341728 337384 0.281255 9.68203 9.53423 9.68203 9.53423 116182 0 0.00131798
141.441 338832 338832 0.283622 9.68168 9.53452 9.68168 9.53452 116417 0 0.00109974
141.722 335936 335936 0.283645 9.55808 9.53457 9.55808 9.53457 116649 0 0.00169641
142.001 337384 333040 0.281101 9.55737 9.53461 9.55737 9.53461 116879 0 0.00236642
142.278 338832 334488 0.278754 9.68239 9.5349 9.68239 9.5349 117110 0 0.00198293
142.556 340280 335936 0.281172 9.68203 9.53519 9.68203 9.53519 117343 0 0.00163315
142.835 341728 337384 0.281256 9.68203 9.53547 9.68203 9.53547 117576 0 0.00131799
143.116 338832 338832 0.283624 9.68168 9.53576 9.68168 9.53576 117811 0 0.00109976
143.397 335936 335936 0.283647 9.55808 9.5358 9.55808 9.5358 118043 0 0.00169643
143.676 337384 333040 0.281158 9.55737 9.53584 9.55737 9.53584 118273 0 0.00236655
143.953 338832 334488 0.278753 9.68239 9.53613 9.68239 9.53613 118504 0 0.00198293
144.231 340280 335936 0.281088 9.68203 9.53641 9.68203 9.53641 118737 0 0.00163296
144.51 341728 337384 0.281257 9.68203 9.53669 9.68203 9.53669 118970 0 0.00131799
144.791 338832 338832 0.283625 9.68168 9.53697 9.68168 9.53697 119205 0 0.00109976
145.073 335936 335936 0.283651 9.55808 9.53701 9.55808 9.53701 119437 0 0.00169646
145.351 337384 333040 0.281168 9.55737 9.53705 9.55737 9.53705 119667 0 0.00236658
145.628 338832 334488 0.27879 9.68239 9.53733 9.68239 9.53733 119898 0 0.00198284
145.906 340280 335936 0.281189 9.68203 9.5376 9.68203 9.5376 120131 0 0.00163319
146.185 341728 337384 0.281067 9.68203 9.53788 9.68203 9.53788 120364 0 0.00131755
146.466 338832 338832 0.283625 9.68168 9.53815 9.68168 9.53815 120599 0 0.00109976
146.748 335936 335936 0.283653 9.55808 9.53819 9.55808 9.53819 120831 0 0.00169647
147.026 337384 333040 0.281171 9.55737 9.53823 9.55737 9.53823 121061 0 0.00236658
147.303 338832 334488 0.2788 9.68239 9.5385 9.68239 9.5385 121292 0 0.00198282
147.581 340280 335936 0.281215 9.68203 9.53877 9.68203 9.53877 121525 0 0.00163325
147.86 341728 337384 0.281101 9.68203 9.53904 9.68203 9.53904 121758 0 0.00131762
148.141 338832 338832 0.283529 9.68168 9.53931 9.68168 9.53931 121993 0 0.00109908
148.423 335936 335936 0.283653 9.55808 9.53935 9.55808 9.53935 122225 0 0.00169647
148.701 337384 333040 0.281172 9.55737 9.53938 9.55737 9.53938 122455 0 0.00236658
148.978 338832 334488 0.278803 9.68239 9.53965 9.68239 9.53965 122686 0 0.00198281
149.256 340280 335936 0.281222 9.68203 9.53991 9.68203 9.53991 122919 0 0.00163327
149.535 341728 337384 0.281153 9.68203 9.54018 9.68203 9.54018 123152 0 0.00131774
149.816 338832 338832 0.283621 9.68168 9.54044 9.68168 9.54044 123387 0 0.00109973
150.098 335936 335936 0.283464 9.55808 9.54048 9.55808 9.54048 123619 0 0.00169512
150.376 337384 333040 0.281172 9.55737 9.54051 9.55737 9.54051 123849 0 0.00236658
150.653 338832 334488 0.278803 9.68239 9.54077 9.68239 9.54077 124080 0 0.00198281
150.932 340280 335936 0.281223 9.68203 9.54103 9.68203 9.54103 124313 0 0.00163327
151.21 341728 337384 0.281168 9.68203 9.54129 9.68203 9.54129 124546 0 0.00131777
151.491 338832 338832 0.283645 9.68168 9.54155 9.68168 9.54155 124781 0 0.0010999
151.773 335936 335936 0.283525 9.55808 9.54158 9.55808 9.54158 125013 0 0.00169555
152.051 337384 333040 0.281155 9.55737 9.54161 9.55737 9.54161 125243 0 0.00236654
152.328 338832 334488 0.278678 9.68239 9.54186 9.68239 9.54186 125474 0 0.00198312
152.607 340280 335936 0.281224 9.68203 9.54212 9.68203 9.54212 125707 0 0.00163328
152.885 341728 337384 0.281171 9.68203 9.54237 9.68203 9.54237 125940 0 0.00131778
153.166 338832 338832 0.283651 9.68168 9.54263 9.68168 9.54263 126175 0 0.00109995
153.448 335936 335936 0.283541 9.55808 9.54266 9.55808 9.54266 126407 0 0.00169567
153.726 337384 333040 0.281206 9.55737 9.54269 9.55737 9.54269 126637 0 0.00236667
154.003 338832 334488 0.278581 9.68239 9.54294 9.68239 9.54294 126868 0 0.00198339
154.282 340280 335936 0.281224 9.68203 9.54319 9.68203 9.54319 127101 0 0.00163328
154.56 341728 337384 0.281172 9.68203 9.54344 9.68203 9.54344 127334 0 0.00131778
154.842 338832 338832 0.283652 9.68168 9.54369 9.68168 9.54369 127569 0 0.00109996
155.123 335936 335936 0.283545 9.55808 9.54371 9.55808 9.54371 127801 0 0.0016957
155.401 337384 333040 0.281212 9.55737 9.54374 9.55737 9.54374 128031 0 0.00236668
155.678 338832 334488 0.278709 9.68239 9.54399 9.68239 9.54399 128262 0 0.00198304
155.957 340280 335936 0.281059 9.68203 9.54423 9.68203 9.54423 128495 0 0.0016329
156.235 341728 337384 0.281172 9.68203 9.54448 9.68203 9.54448 128728 0 0.00131778
156.517 338832 338832 0.283653 9.68168 9.54472 9.68168 9.54472 128963 0 0.00109996
156.798 335936 335936 0.283546 9.55808 9.54475 9.55808 9.54475 129195 0 0.0016957
157.076 337384 333040 0.281221 9.55737 9.54477 9.55737 9.54477 129425 0 0.0023667
157.353 338832 334488 0.278734 9.68239 9.54501 9.68239 9.54501 129656 0 0.00198298
157.632 340280 335936 0.281126 9.68203 9.54526 9.68203 9.54526 129889 0 0.00163305
157.91 341728 337384 0.281155 9.68203 9.5455 9.68203 9.5455 130122 0 0.00131774
158.192 338832 338832 0.283528 9.68168 9.54574 9.68168 9.54574 130357 0 0.00109907
158.473 335936 335936 0.283547 9.55808 9.54576 9.55808 9.54576 130589 0 0.0016957
158.752 337384 333040 0.281224 9.55737 9.54578 9.55737 9.54578 130819 0 0.00236671
159.028 338832 334488 0.278741 9.68239 9.54602 9.68239 9.54602 131050 0 0.00198296
159.307 340280 335936 0.281144 9.68203 9.54626 9.68203 9.54626 131283 0 0.00163309
159.585 341728 337384 0.281206 9.68203 9.54649 9.68203 9.54649 131516 0 0.00131786
159.867 338832 338832 0.283431 9.68168 9.54673 9.68168 9.54673 131751 0 0.00109839
160.148 335936 335936 0.283547 9.55808 9.54675 9.55808 9.54675 131983 0 0.00169571
160.427 337384 333040 0.281224 9.55737 9.54677 9.55737 9.54677 132213 0 0.00236671
160.703 338832 334488 0.278743 9.68239 9.547 9.68239 9.547 132444 0 0.00198296
160.982 340280 335936 0.281149 9.68203 9.54724 9.68203 9.54724 132677 0 0.0016331
161.26 341728 337384 0.28122 9.68203 9.54747 9.68203 9.54747 132910 0 0.0013179
161.542 338832 338832 0.283516 9.68168 9.5477 9.68168 9.5477 133145 0 0.00109899
161.823 335936 335936 0.283516 9.55808 9.54772 9.55808 9.54772 133377 0 0.00169549
162.102 337384 333040 0.281115 9.55737 9.54774 9.55737 9.54774 133607 0 0.00236645
162.378 338832 334488 0.278743 9.68239 9.54797 9.68239 9.54797 133838 0 0.00198296
162.657 340280 335936 0.28115 9.68203 9.5482 9.68203 9.5482 134071 0 0.0016331
162.935 341728 337384 0.281221 9.68203 9.54843 9.68203 9.54843 134304 0 0.0013179
163.217 338832 338832 0.283541 9.68168 9.54866 9.68168 9.54866 134539 0 0.00109916
163.498 335936 335936 0.283557 9.55808 9.54867 9.55808 9.54867 134771 0 0.00169578
163.777 337384 333040 0.281104 9.55737 9.54869 9.55737 9.54869 135001 0 0.00236643
164.053 338832 334488 0.27866 9.68239 9.54891 9.68239 9.54891 135232 0 0.00198318
164.332 340280 335936 0.28115 9.68203 9.54914 9.68203 9.54914 135465 0 0.0016331
164.611 341728 337384 0.281224 9.68203 9.54936 9.68203 9.54936 135698 0 0.00131791
164.892 338832 338832 0.283545 9.68168 9.54959 9.68168 9.54959 135933 0 0.00109919
165.173 335936 335936 0.283568 9.55808 9.5496 9.55808 9.5496 136165 0 0.00169585
165.452 337384 333040 0.281138 9.55737 9.54962 9.55737 9.54962 136395 0 0.00236651
165.728 338832 334488 0.278784 9.68239 9.54984 9.68239 9.54984 136626 0 0.00198286
166.007 340280 335936 0.281077 9.68203 9.55006 9.68203 9.55006 136859 0 0.00163294
166.286 341728 337384 0.281224 9.68203 9.55028 9.68203 9.55028 137092 0 0.00131791
166.567 338832 338832 0.283546 9.68168 9.5505 9.68168 9.5505 137327 0 0.0010992
166.848 335936 335936 0.28357 9.55808 9.55052 9.55808 9.55052 137559 0 0.00169587
167.127 337384 333040 0.281147 9.55737 9.55053 9.55737 9.55053 137789 0 0.00236653
167.403 338832 334488 0.2788 9.68239 9.55074 9.68239 9.55074 138020 0 0.00198282
167.682 340280 335936 0.281135 9.68203 9.55096 9.68203 9.55096 138253 0 0.00163307
167.961 341728 337384 0.281115 9.68203 9.55118 9.68203 9.55118 138486 0 0.00131765
168.242 338832 338832 0.283547 9.68168 9.5514 9.68168 9.5514 138721 0 0.0010992
168.523 335936 335936 0.283571 9.55808 9.55141 9.55808 9.55141 138953 0 0.00169588
168.802 337384 333040 0.28115 9.55737 9.55142 9.55737 9.55142 139183 0 0.00236653
169.078 338832 334488 0.278821 9.68239 9.55163 9.68239 9.55163 139414 0 0.00198277
169.357 340280 335936 0.28118 9.68203 9.55185 9.68203 9.55185 139647 0 0.00163317
169.636 341728 337384 0.281104 9.68203 9.55206 9.68203 9.55206 139880 0 0.00131763
169.917 338832 338832 0.283463 9.68168 9.55228 9.68168 9.55228 140115 0 0.00109861
170.198 335936 335936 0.283571 9.55808 9.55229 9.55808 9.55229 140347 0 0.00169588
170.477 337384 333040 0.28115 9.55737 9.55229 9.55737 9.55229 140577 0 0.00236653
170.753 338832 334488 0.278827 9.68239 9.5525 9.68239 9.5525 140808 0 0.00198276
171.032 340280 335936 0.281192 9.68203 9.55272 9.68203 9.55272 141041 0 0.0016332
171.311 341728 337384 0.281138 9.68203 9.55293 9.68203 9.55293 141274 0 0.0013177
171.592 338832 338832 0.283543 9.68168 9.55314 9.68168 9.55314 141509 0 0.00109917
171.873 335936 335936 0.283406 9.55808 9.55315 9.55808 9.55315 141741 0 0.00169473
172.152 337384 333040 0.28115 9.55737 9.55315 9.55737 9.55315 141971 0 0.00236653
172.428 338832 334488 0.278828 9.68239 9.55336 9.68239 9.55336 142202 0 0.00198275
172.707 340280 335936 0.281195 9.68203 9.55357 9.68203 9.55357 142435 0 0.00163321
172.986 341728 337384 0.281147 9.68203 9.55377 9.68203 9.55377 142668 0 0.00131773
173.267 338832 338832 0.283564 9.68168 9.55398 9.68168 9.55398 142903 0 0.00109932
173.548 335936 335936 0.283552 9.55808 9.55399 9.55808 9.55399 143135 0 0.00169574
173.827 337384 333040 0.281077 9.55737 9.55399 9.55737 9.55399 143365 0 0.00236637
174.103 338832 334488 0.278828 9.68239 9.5542 9.68239 9.5542 143596 0 0.00198275
174.382 340280 335936 0.281196 9.68203 9.5544 9.68203 9.5544 143829 0 0.00163321
174.661 341728 337384 0.28115 9.68203 9.55461 9.68203 9.55461 144062 0 0.00131773
174.942 338832 338832 0.283566 9.68168 9.55481 9.68168 9.55481 144297 0 0.00109934
175.223 335936 335936 0.283594 9.55808 9.55482 9.55808 9.55482 144529 0 0.00169604
175.502 337384 333040 0.281165 9.55737 9.55482 9.55737 9.55482 144759 0 0.00236657
175.778 338832 334488 0.278663 9.68239 9.55502 9.68239 9.55502 144990 0 0.00198317
176.057 340280 335936 0.281196 9.68203 9.55522 9.68203 9.55522 145223 0 0.00163321
176.336 341728 337384 0.28115 9.68203 9.55542 9.68203 9.55542 145456 0 0.00131773
176.617 338832 338832 0.28357 9.68168 9.55562 9.68168 9.55562 145691 0 0.00109937
176.898 335936 335936 0.283601 9.55808 9.55563 9.55808 9.55563 145923 0 0.00169609
177.177 337384 333040 0.281188 9.55737 9.55563 9.55737 9.55563 146153 0 0.00236662
177.453 338832 334488 0.278746 9.68239 9.55583 9.68239 9.55583 146384 0 0.00198295
177.732 340280 335936 0.281177 9.68203 9.55602 9.68203 9.55602 146617 0 0.00163316
178.011 341728 337384 0.28115 9.68203 9.55622 9.68203 9.55622 146850 0 0.00131773
178.292 338832 338832 0.283571 9.68168 9.55642 9.68168 9.55642 147085 0 0.00109937
178.573 335936 335936 0.283603 9.55808 9.55642 9.55808 9.55642 147317 0 0.00169611
178.852 337384 333040 0.281194 9.55737 9.55642 9.55737 9.55642 147547 0 0.00236664
179.128 338832 334488 0.278768 9.68239 9.55662 9.68239 9.55662 147778 0 0.0019829
179.407 340280 335936 0.281203 9.68203 9.55681 9.68203 9.55681 148011 0 0.00163322
179.686 341728 337384 0.281077 9.68203 9.55701 9.68203 9.55701 148244 0 0.00131757
179.967 338832 338832 0.283571 9.68168 9.5572 9.68168 9.5572 148479 0 0.00109938
180.248 335936 335936 0.283603 9.55808 9.5572 9.55808 9.5572 148711 0 0.00169611
180.527 337384 333040 0.281196 9.55737 9.5572 9.55737 9.5572 148941 0 0.00236664
180.803 338832 334488 0.278773 9.68239 9.55739 9.68239 9.55739 149172 0 0.00198288
181.082 340280 335936 0.281242 9.68203 9.55759 9.68203 9.55759 149405 0 0.00163332
181.361 341728 337384 0.281165 9.68203 9.55778 9.68203 9.55778 149638 0 0.00131777
181.642 338832 338832 0.283531 9.68168 9.55797 9.68168 9.55797 149873 0 0.00109909
181.923 335936 335936 0.283603 9.55808 9.55797 9.55808 9.55797 150105 0 0.00169611
182.202 337384 333040 0.281196 9.55737 9.55797 9.55737 9.55797 150335 0 0.00236664
182.478 338832 334488 0.278774 9.68239 9.55816 9.68239 9.55816 150566 0 0.00198288
182.757 340280 335936 0.281254 9.68203 9.55835 9.68203 9.55835 150799 0 0.00163335
183.036 341728 337384 0.281188 9.68203 9.55853 9.68203 9.55853 151032 0 0.00131782
183.317 338832 338832 0.283584 9.68168 9.55872 9.68168 9.55872 151267 0 0.00109947
183.598 335936 335936 0.283576 9.55808 9.55872 9.55808 9.55872 151499 0 0.00169592
183.877 337384 333040 0.281101 9.55737 9.55872 9.55737 9.55872 151729 0 0.00236642
184.153 338832 334488 0.278775 9.68239 9.55891 9.68239 9.55891 151960 0 0.00198288
184.432 340280 335936 0.281256 9.68203 9.55909 9.68203 9.55909 152193 0 0.00163336
184.711 341728 337384 0.281194 9.68203 9.55928 9.68203 9.55928 152426 0 0.00131784
184.992 338832 338832 0.283599 9.68168 9.55946 9.68168 9.55946 152661 0 0.00109957
185.273 335936 335936 0.283612 9.55808 9.55946 9.55808 9.55946 152893 0 0.00169617
185.552 337384 333040 0.281151 9.55737 9.55946 9.55737 9.55946 153123 0 0.00236654
185.828 338832 334488 0.278775 9.68239 9.55964 9.68239 9.55964 153354 0 0.00198288
186.107 340280 335936 0.281256 9.68203 9.55983 9.68203 9.55983 153587 0 0.00163336
186.386 341728 337384 0.281196 9.68203 9.56001 9.68203 9.56001 153820 0 0.00131784
186.667 338832 338832 0.283602 9.68168 9.56019 9.68168 9.56019 154055 0 0.0010996
186.948 335936 335936 0.283616 9.55808 9.56019 9.55808 9.56019 154287 0 0.0016962
187.227 337384 333040 0.281236 9.55737 9.56018 9.55737 9.56018 154517 0 0.00236674
187.503 338832 334488 0.278774 9.68239 9.56036 9.68239 9.56036 154748 0 0.00198288
187.782 340280 335936 0.281132 9.68203 9.56054 9.68203 9.56054 154981 0 0.00163306
188.061 341728 337384 0.281196 9.68203 9.56072 9.68203 9.56072 155214 0 0.00131784
188.342 338832 338832 0.283603 9.68168 9.56091 9.68168 9.56091 155449 0 0.0010996
188.623 335936 335936 0.283623 9.55808 9.5609 9.55808 9.5609 155681 0 0.00169625
188.902 337384 333040 0.281251 9.55737 9.5609 9.55737 9.5609 155911 0 0.00236678
189.178 338832 334488 0.27883 9.68239 9.56107 9.68239 9.56107 156142 0 0.00198275
189.457 340280 335936 0.281118 9.68203 9.56125 9.68203 9.56125 156375 0 0.00163303
189.736 341728 337384 0.281101 9.68203 9.56143 9.68203 9.56143 156608 0 0.00131762
190.017 338832 338832 0.283603 9.68168 9.56161 9.68168 9.56161 156843 0 0.0010996
190.298 335936 335936 0.283625 9.55808 9.5616 9.55808 9.5616 157075 0 0.00169626
190.577 337384 333040 0.281255 9.55737 9.5616 9.55737 9.5616 157305 0 0.00236679
190.853 338832 334488 0.278844 9.68239 9.56177 9.68239 9.56177 157536 0 0.00198271
191.132 340280 335936 0.281158 9.68203 9.56195 9.68203 9.56195 157769 0 0.00163312
191.411 341728 337384 0.281151 9.68203 9.56212 9.68203 9.56212 158002 0 0.00131774
191.692 338832 338832 0.283603 9.68168 9.5623 9.68168 9.5623 158237 0 0.00109961
191.973 335936 335936 0.283625 9.55808 9.56229 9.55808 9.56229 158469 0 0.00169627
192.252 337384 333040 0.281256 9.55737 9.56228 9.55737 9.56228 158699 0 0.00236679
192.529 338832 334488 0.278848 9.68239 9.56245 9.68239 9.56245 158930 0 0.00198271
192.807 340280 335936 0.281168 9.68203 9.56263 9.68203 9.56263 159163 0 0.00163314
193.086 341728 337384 0.281229 9.68203 9.5628 9.68203 9.5628 159396 0 0.00131792
193.367 338832 338832 0.283576 9.68168 9.56297 9.68168 9.56297 159631 0 0.00109941
193.648 335936 335936 0.283529 9.55808 9.56297 9.55808 9.56297 159863 0 0.00169558
193.927 337384 333040 0.281257 9.55737 9.56296 9.55737 9.56296 160093 0 0.00236679
194.204 338832 334488 0.278849 9.68239 9.56313 9.68239 9.56313 160324 0 0.0019827
194.482 340280 335936 0.281169 9.68203 9.5633 9.68203 9.5633 160557 0 0.00163315
194.761 341728 337384 0.281251 9.68203 9.56347 9.68203 9.56347 160790 0 0.00131797
195.042 338832 338832 0.283612 9.68168 9.56364 9.68168 9.56364 161025 0 0.00109967
195.323 335936 335936 0.283621 9.55808 9.56363 9.55808 9.56363 161257 0 0.00169623
195.602 337384 333040 0.281067 9.55737 9.56362 9.55737 9.56362 161487 0 0.00236635
195.879 338832 334488 0.278849 9.68239 9.56379 9.68239 9.56379 161718 0 0.0019827
196.157 340280 335936 0.281171 9.68203 9.56396 9.68203 9.56396 161951 0 0.00163315
196.436 341728 337384 0.281255 9.68203 9.56412 9.68203 9.56412 162184 0 0.00131798
196.717 338832 338832 0.283622 9.68168 9.56429 9.68168 9.56429 162419 0 0.00109974
196.998 335936 335936 0.283645 9.55808 9.56428 9.55808 9.56428 162651 0 0.00169641
197.277 337384 333040 0.281144 9.55737 9.56427 9.55737 9.56427 162881 0 0.00236652
197.554 338832 334488 0.278705 9.68239 9.56444 9.68239 9.56444 163112 0 0.00198306
197.832 340280 335936 0.281172 9.68203 9.56461 9.68203 9.56461 163345 0 0.00163315
198.111 341728 337384 0.281256 9.68203 9.56477 9.68203 9.56477 163578 0 0.00131799
198.392 338832 338832 0.283624 9.68168 9.56494 9.68168 9.56494 163813 0 0.00109976
198.673 335936 335936 0.283651 9.55808 9.56493 9.55808 9.56493 164045 0 0.00169645
198.952 337384 333040 0.281153 9.55737 9.56492 9.55737 9.56492 164275 0 0.00236654
199.229 338832 334488 0.278753 9.68239 9.56508 9.68239 9.56508 164506 0 0.00198293
199.507 340280 335936 0.281088 9.68203 9.56524 9.68203 9.56524 164739 0 0.00163296
199.786 341728 337384 0.281257 9.68203 9.56541 9.68203 9.56541 164972 0 0.00131799
