0.200133 14480 0 0 0 0 0 0 0 0 0 1.05993
0.401462 15928 13032 0.200125 0.575376 0.288545 0.575376 0.288545 10 0 1 0.91662
0.403866 17376 13032 0.200484 9.64048 0.344194 9.64048 0.344194 12 0 1 0.916592
0.406269 21720 14480 0.201174 14.4607 0.427697 14.4607 0.427697 15 0 1 0.907513
0.408672 23168 18824 0.202027 24.1012 0.56691 24.1012 0.56691 20 0 1 0.879909
0.411075 24616 20272 0.203149 14.4607 0.648135 14.4607 0.648135 23 0 1 0.870801
0.60275 26064 21720 0.228005 0.181307 0.499683 0.181307 0.499683 26 0 1 0.860609
0.605153 27512 23168 0.225004 14.4607 0.555126 14.4607 0.555126 29 0 1 0.851759
0.607556 31856 24616 0.222379 14.4607 0.61013 14.4607 0.61013 32 0 1 0.843146
0.811246 37648 28960 0.226387 1.19428 0.756801 1.19428 0.756801 53 0 1 0.81681
1.01133 46336 34752 0.211146 1.38948 0.881973 1.38948 0.881973 77 0 1 0.78341
1.21142 57920 43440 0.206752 1.73686 1.02317 1.73686 1.02317 107 0 1 0.733963
1.4115 72400 55024 0.208111 2.20002 1.18999 2.20002 1.18999 145 0 1 0.67016
1.45716 89776 69504 0.211381 12.1774 1.53429 12.1774 1.53429 193 0 1 0.594489
1.66927 110048 86880 0.214239 3.27692 1.75571 3.27692 1.75571 253 0 1 0.509898
1.86935 139008 107152 0.20322 4.28424 2.02635 4.28424 2.02635 327 0 1 0.423898
2.06944 176656 136112 0.203303 5.44215 2.35661 5.44215 2.35661 421 0 1 0.315532
2.26952 224440 173760 0.203781 6.94742 2.76135 6.94742 2.76135 541 0 1 0.203755
2.46961 283808 221544 0.204539 8.85796 3.25529 8.85796 3.25529 694 0 1 0.108812
2.6709 356208 280912 0.207025 11.2222 3.8557 11.2222 3.8557 889 0 1 0.0633775
2.90401 403992 353312 0.236764 12.1251 4.51951 12.1251 4.51951 1133 0 1 0.0569602
3.1972 389512 401096 0.295603 10.9443 5.10868 10.9443 5.10868 1410 0 1 0.118981
3.53124 343176 386616 0.336602 9.2937 5.50457 9.2937 5.50457 1678 0 1 0.116547
3.85327 309872 340280 0.324443 8.48938 5.75401 8.48938 5.75401 1914 0 1 0.0374821
4.13685 305528 306976 0.285987 8.70094 5.95602 8.70094 5.95602 2127 0 1 0.0028652
4.39159 325800 302632 0.25703 9.50406 6.16183 9.50406 6.16183 2336 0 1 0.00493316
4.64392 348968 322904 0.254743 10.2832 6.38577 10.2832 6.38577 2560 0 1 0.0120101
4.91308 357656 346072 0.2716 10.3291 6.6018 10.3291 6.6018 2800 0 1 0.025422
5.20147 348968 354760 0.290839 9.88149 6.78364 9.88149 6.78364 3046 0 1 0.0367417
5.49706 334488 346072 0.298 9.40535 6.92462 9.40535 6.92462 3286 0 1 0.0292784
5.78544 325800 331592 0.29084 9.23879 7.03997 9.23879 7.03997 3516 0 1 0.0145128
6.06181 327248 322904 0.278677 9.38899 7.14707 9.38899 7.14707 3740 0 1 0.00734804
6.33097 335936 324352 0.271462 9.68352 7.2549 9.68352 7.2549 3965 0 1 0.00841765
6.60013 344624 333040 0.271603 9.89871 7.36272 9.89871 7.36272 4195 0 1 0.0139668
6.8765 346072 341728 0.278846 9.89197 7.46437 9.89197 7.46437 4431 0 1 0.0208793
7.16007 341728 343176 0.285996 9.68133 7.55217 9.68133 7.55217 4668 0 1 0.0230382
7.44605 335936 338832 0.288446 9.51896 7.62771 9.51896 7.62771 4903 0 1 0.0194745
7.72723 333040 333040 0.2836 9.47568 7.69495 9.47568 7.69495 5133 0 1 0.0141235
8.0036 334488 330144 0.278705 9.55665 7.75924 9.55665 7.75924 5361 0 1 0.0116176
8.27756 338832 331592 0.276396 9.68276 7.8229 9.68276 7.8229 5590 0 1 0.0126238
8.55393 340280 335936 0.278743 9.76622 7.88569 9.76622 7.88569 5823 0 1 0.0158731
8.8327 338832 337384 0.281149 9.68203 7.94238 9.68203 7.94238 6056 0 1 0.017245
9.11388 335936 335936 0.283568 9.59928 7.9935 9.59928 7.9935 6289 0 1 0.0163402
9.39265 334488 333040 0.281138 9.55737 8.03992 9.55737 8.03992 6519 0 1 0.013845
9.66901 335936 331592 0.27872 9.59856 8.08447 9.59856 8.08447 6748 0 1 0.012612
9.94538 337384 333040 0.278775 9.68239 8.12887 9.68239 8.12887 6979 0 1 0.0136562
10.2218 338832 334488 0.278803 9.68239 8.17087 9.68239 8.17087 7210 0 1 0.0147448
10.5005 337384 335936 0.281224 9.68203 8.21099 9.68203 8.21099 7443 0 1 0.0160716
10.7793 335936 334488 0.28117 9.59893 8.24689 9.59893 8.24689 7674 0 1 0.0149341
11.0581 334488 333040 0.281251 9.59893 8.28097 9.59893 8.28097 7905 0 1 0.0138543
11.3344 335936 331592 0.278801 9.59856 8.3131 9.59856 8.3131 8134 0 1 0.0126183
11.6108 337384 333040 0.278614 9.68239 8.34569 9.68239 8.34569 8365 0 1 0.0136437
11.8872 338832 334488 0.278828 9.68239 8.37677 9.68239 8.37677 8596 0 1 0.0147467
12.1659 337384 335936 0.281196 9.68203 8.40668 9.68203 8.40668 8829 0 1 0.0160693
12.4447 335936 334488 0.28115 9.59893 8.43339 9.59893 8.43339 9060 0 1 0.0149324
12.7235 334488 333040 0.281218 9.59893 8.45892 9.59893 8.45892 9291 0 1 0.0138516
12.9998 335936 331592 0.278726 9.59856 8.48315 9.59856 8.48315 9520 0 1 0.0126125
13.2762 337384 333040 0.278718 9.68239 8.50811 9.68239 8.50811 9751 0 1 0.0136517
13.5526 338832 334488 0.278754 9.68239 8.53206 9.68239 8.53206 9982 0 1 0.014741
13.8314 337384 335936 0.281172 9.68203 8.55524 9.68203 8.55524 10215 0 1 0.0160673
14.1101 335936 334488 0.281256 9.59893 8.57586 9.59893 8.57586 10446 0 1 0.0149412
14.3889 334488 333040 0.281194 9.59893 8.59568 9.59893 8.59568 10677 0 1 0.0138496
14.6653 335936 331592 0.278768 9.59856 8.61458 9.59856 8.61458 10906 0 1 0.0126157
14.9416 337384 333040 0.278778 9.68239 8.63433 9.68239 8.63433 11137 0 1 0.0136563
15.218 338832 334488 0.278742 9.68239 8.65336 9.68239 8.65336 11368 0 1 0.01474
15.4968 337384 335936 0.28115 9.68203 8.67187 9.68203 8.67187 11601 0 1 0.0160655
15.7755 335936 334488 0.281224 9.59893 8.68825 9.59893 8.68825 11832 0 1 0.0149385
16.0543 334488 333040 0.281171 9.59893 8.70406 9.59893 8.70406 12063 0 1 0.0138477
16.3307 335936 331592 0.2788 9.59856 8.7192 9.59856 8.7192 12292 0 1 0.0126182
16.6071 337384 333040 0.278816 9.68239 8.73523 9.68239 8.73523 12523 0 1 0.0136594
16.8834 338832 334488 0.278811 9.68239 8.75073 9.68239 8.75073 12754 0 1 0.0147454
17.1622 337384 335936 0.281067 9.68203 8.76586 9.68203 8.76586 12987 0 1 0.0160587
17.441 335936 334488 0.281196 9.59893 8.77918 9.59893 8.77918 13218 0 1 0.0149362
17.7197 334488 333040 0.28115 9.59893 8.79207 9.59893 8.79207 13449 0 1 0.013846
17.9961 335936 331592 0.278827 9.59856 8.80446 9.59856 8.80446 13678 0 1 0.0126203
18.2725 337384 333040 0.278844 9.68239 8.81774 9.68239 8.81774 13909 0 1 0.0136615
18.5488 338832 334488 0.278726 9.68239 8.83062 9.68239 8.83062 14140 0 1 0.0147388
18.8276 337384 335936 0.28103 9.68203 8.84323 9.68203 8.84323 14373 0 1 0.0160556
19.1064 335936 334488 0.281172 9.59893 8.85425 9.59893 8.85425 14604 0 1 0.0149342
19.3852 334488 333040 0.281256 9.59893 8.86496 9.59893 8.86496 14835 0 1 0.0138547
19.6615 335936 331592 0.278849 9.59856 8.87527 9.59856 8.87527 15064 0 1 0.012622
19.9379 337384 333040 0.278741 9.68239 8.88646 9.68239 8.88646 15295 0 1 0.0136535
20.2143 338832 334488 0.278756 9.68239 8.89734 9.68239 8.89734 15526 0 1 0.0147412
20.493 337384 335936 0.281216 9.68203 8.90802 9.68203 8.90802 15759 0 1 0.0160709
20.7718 335936 334488 0.281077 9.59893 8.91729 9.59893 8.91729 15990 0 1 0.0149264
21.0506 334488 333040 0.281224 9.59893 8.92632 9.59893 8.92632 16221 0 1 0.0138521
21.3269 335936 331592 0.278743 9.59856 8.93503 9.59856 8.93503 16450 0 1 0.0126138
21.6033 337384 333040 0.278774 9.68239 8.94459 9.68239 8.94459 16681 0 1 0.0136561
21.8797 338832 334488 0.278795 9.68239 8.95391 9.68239 8.95391 16912 0 1 0.0147441
22.1584 337384 335936 0.281206 9.68203 8.96307 9.68203 8.96307 17145 0 1 0.0160701
22.4372 335936 334488 0.281118 9.59893 8.97097 9.59893 8.97097 17376 0 1 0.0149298
22.716 334488 333040 0.281101 9.59893 8.97868 9.59893 8.97868 17607 0 1 0.0138419
22.9924 335936 331592 0.278775 9.59856 8.98613 9.59856 8.98613 17836 0 1 0.0126163
23.2687 337384 333040 0.278802 9.68239 8.9944 9.68239 8.9944 18067 0 1 0.0136583
23.5451 338832 334488 0.278825 9.68239 9.00247 9.68239 9.00247 18298 0 1 0.0147465
23.8239 337384 335936 0.281188 9.68203 9.01042 9.68203 9.01042 18531 0 1 0.0160686
24.1026 335936 334488 0.281126 9.59893 9.01723 9.59893 9.01723 18762 0 1 0.0149305
24.3814 334488 333040 0.281155 9.59893 9.02388 9.59893 9.02388 18993 0 1 0.0138463
24.6578 335936 331592 0.278678 9.59856 9.03032 9.59856 9.03032 19222 0 1 0.0126088
24.9341 337384 333040 0.278828 9.68239 9.03755 9.68239 9.03755 19453 0 1 0.0136602
25.2105 338832 334488 0.278848 9.68239 9.04462 9.68239 9.04462 19684 0 1 0.0147483
25.4893 337384 335936 0.281168 9.68203 9.05159 9.68203 9.05159 19917 0 1 0.016067
25.7681 335936 334488 0.281246 9.59893 9.05751 9.59893 9.05751 20148 0 1 0.0149403
26.0468 334488 333040 0.281165 9.59893 9.06331 9.59893 9.06331 20379 0 1 0.0138472
26.3232 335936 331592 0.278663 9.59856 9.06893 9.59856 9.06893 20608 0 1 0.0126076
26.5996 337384 333040 0.278849 9.68239 9.0753 9.68239 9.0753 20839 0 1 0.0136619
26.8759 338832 334488 0.278743 9.68239 9.08154 9.68239 9.08154 21070 0 1 0.0147401
27.1547 337384 335936 0.281149 9.68203 9.08771 9.68203 9.08771 21303 0 1 0.0160654
27.4335 335936 334488 0.28122 9.59893 9.0929 9.59893 9.0929 21534 0 1 0.0149382
27.7122 334488 333040 0.281136 9.59893 9.09799 9.59893 9.09799 21765 0 1 0.0138448
27.9886 335936 331592 0.278705 9.59856 9.10294 9.59856 9.10294 21994 0 1 0.0126108
28.265 337384 333040 0.278743 9.68239 9.1086 9.68239 9.1086 22225 0 1 0.0136537
28.5413 338832 334488 0.278775 9.68239 9.11416 9.68239 9.11416 22456 0 1 0.0147426
28.8201 337384 335936 0.281256 9.68203 9.11965 9.68203 9.11965 22689 0 1 0.0160742
29.0989 335936 334488 0.281194 9.59893 9.12424 9.59893 9.12424 22920 0 1 0.0149361
29.3777 334488 333040 0.281134 9.59893 9.12875 9.59893 9.12875 23151 0 1 0.0138447
29.654 335936 331592 0.278784 9.59856 9.13312 9.59856 9.13312 23380 0 1 0.012617
29.9304 337384 333040 0.278702 9.68239 9.1382 9.68239 9.1382 23611 0 1 0.0136505
30.2068 338832 334488 0.278803 9.68239 9.14318 9.68239 9.14318 23842 0 1 0.0147448
30.4855 337384 335936 0.281224 9.68203 9.1481 9.68203 9.1481 24075 0 1 0.0160716
30.7643 335936 334488 0.281169 9.59893 9.15219 9.59893 9.15219 24306 0 1 0.014934
31.0431 334488 333040 0.281251 9.59893 9.1562 9.59893 9.1562 24537 0 1 0.0138543
31.3194 335936 331592 0.27883 9.59856 9.1601 9.59856 9.1601 24766 0 1 0.0126205
31.5958 337384 333040 0.278677 9.68239 9.16467 9.68239 9.16467 24997 0 1 0.0136486
31.8722 338832 334488 0.278719 9.68239 9.16916 9.68239 9.16916 25228 0 1 0.0147382
32.151 337384 335936 0.281196 9.68203 9.17361 9.68203 9.17361 25461 0 1 0.0160693
32.4297 335936 334488 0.281149 9.59893 9.17726 9.59893 9.17726 25692 0 1 0.0149324
32.7085 334488 333040 0.281222 9.59893 9.18086 9.59893 9.18086 25923 0 1 0.0138519
32.9849 335936 331592 0.278734 9.59856 9.18436 9.59856 9.18436 26152 0 1 0.0126131
33.2612 337384 333040 0.278746 9.68239 9.1885 9.68239 9.1885 26383 0 1 0.0136539
33.5376 338832 334488 0.278705 9.68239 9.19257 9.68239 9.19257 26614 0 1 0.0147372
33.8164 337384 335936 0.281172 9.68203 9.1966 9.68203 9.1966 26847 0 1 0.0160673
34.0951 335936 334488 0.281256 9.59893 9.19989 9.59893 9.19989 27078 0 1 0.0149412
34.3739 334488 333040 0.281195 9.59893 9.20313 9.59893 9.20313 27309 0 1 0.0138497
34.6503 335936 331592 0.278771 9.59856 9.20628 9.59856 9.20628 27538 0 1 0.012616
34.9266 337384 333040 0.27879 9.68239 9.21005 9.68239 9.21005 27769 0 1 0.0136573
35.203 338832 334488 0.27872 9.68239 9.21376 9.68239 9.21376 28000 0 1 0.0147383
35.4818 337384 335936 0.28115 9.68203 9.21744 9.68203 9.21744 28233 0 1 0.0160655
35.7606 335936 334488 0.281224 9.59893 9.22041 9.59893 9.22041 28464 0 1 0.0149385
36.0393 334488 333040 0.281171 9.59893 9.22334 9.59893 9.22334 28695 0 1 0.0138477
36.3157 335936 331592 0.278802 9.59856 9.22619 9.59856 9.22619 28924 0 1 0.0126184
36.5921 337384 333040 0.278822 9.68239 9.22964 9.68239 9.22964 29155 0 1 0.0136598
36.8684 338832 334488 0.278801 9.68239 9.23303 9.68239 9.23303 29386 0 1 0.0147446
37.1472 337384 335936 0.281067 9.68203 9.2364 9.68203 9.2364 29619 0 1 0.0160587
37.426 335936 334488 0.281196 9.59893 9.2391 9.59893 9.2391 29850 0 1 0.0149362
37.7047 334488 333040 0.28115 9.59893 9.24176 9.59893 9.24176 30081 0 1 0.013846
37.9811 335936 331592 0.278827 9.59856 9.24436 9.59856 9.24436 30310 0 1 0.0126203
38.2575 337384 333040 0.278843 9.68239 9.24752 9.68239 9.24752 30541 0 1 0.0136614
38.5338 338832 334488 0.278726 9.68239 9.25064 9.68239 9.25064 30772 0 1 0.0147388
38.8126 337384 335936 0.281104 9.68203 9.25374 9.68203 9.25374 31005 0 1 0.0160616
39.0914 335936 334488 0.281088 9.59893 9.2562 9.59893 9.2562 31236 0 1 0.0149273
39.3702 334488 333040 0.281257 9.59893 9.25863 9.59893 9.25863 31467 0 1 0.0138547
39.6465 335936 331592 0.278849 9.59856 9.261 9.59856 9.261 31696 0 1 0.0126221
39.9229 337384 333040 0.27874 9.68239 9.26392 9.68239 9.26392 31927 0 1 0.0136535
40.1993 338832 334488 0.278768 9.68239 9.26679 9.68239 9.26679 32158 0 1 0.014742
40.478 337384 335936 0.281236 9.68203 9.26965 9.68203 9.26965 32391 0 1 0.0160725
40.7568 335936 334488 0.281135 9.59893 9.2719 9.59893 9.2719 32622 0 1 0.0149312
41.0356 334488 333040 0.281115 9.59893 9.27413 9.59893 9.27413 32853 0 1 0.0138431
41.3119 335936 331592 0.278743 9.59856 9.2763 9.59856 9.2763 33082 0 1 0.0126138
41.5883 337384 333040 0.278774 9.68239 9.279 9.68239 9.279 33313 0 1 0.0136561
41.8647 338832 334488 0.2788 9.68239 9.28166 9.68239 9.28166 33544 0 1 0.0147445
42.1435 337384 335936 0.281215 9.68203 9.28431 9.68203 9.28431 33777 0 1 0.0160708
42.4222 335936 334488 0.281144 9.59893 9.28637 9.59893 9.28637 34008 0 1 0.014932
42.701 334488 333040 0.281052 9.59893 9.28841 9.59893 9.28841 34239 0 1 0.0138379
42.9774 335936 331592 0.278775 9.59856 9.29041 9.59856 9.29041 34468 0 1 0.0126163
43.2537 337384 333040 0.278803 9.68239 9.29291 9.68239 9.29291 34699 0 1 0.0136583
43.5301 338832 334488 0.278827 9.68239 9.29539 9.68239 9.29539 34930 0 1 0.0147466
43.8089 337384 335936 0.281192 9.68203 9.29785 9.68203 9.29785 35163 0 1 0.0160689
44.0876 335936 334488 0.281138 9.59893 9.29975 9.59893 9.29975 35394 0 1 0.0149314
44.3664 334488 333040 0.281133 9.59893 9.30163 9.59893 9.30163 35625 0 1 0.0138445
44.6428 335936 331592 0.278678 9.59856 9.30347 9.59856 9.30347 35854 0 1 0.0126088
44.9192 337384 333040 0.278828 9.68239 9.3058 9.68239 9.3058 36085 0 1 0.0136603
45.1955 338832 334488 0.278849 9.68239 9.3081 9.68239 9.3081 36316 0 1 0.0147483
45.4743 337384 335936 0.28117 9.68203 9.3104 9.68203 9.3104 36549 0 1 0.0160671
45.7531 335936 334488 0.281242 9.59893 9.31215 9.59893 9.31215 36780 0 1 0.01494
46.0318 334488 333040 0.281165 9.59893 9.31389 9.59893 9.31389 37011 0 1 0.0138472
46.3082 335936 331592 0.278663 9.59856 9.31559 9.59856 9.31559 37240 0 1 0.0126076
46.5846 337384 333040 0.278849 9.68239 9.31776 9.68239 9.31776 37471 0 1 0.0136619
46.8609 338832 334488 0.278743 9.68239 9.31992 9.68239 9.31992 37702 0 1 0.0147401
47.1397 337384 335936 0.28115 9.68203 9.32206 9.68203 9.32206 37935 0 1 0.0160654
47.4185 335936 334488 0.281218 9.59893 9.32368 9.59893 9.32368 38166 0 1 0.014938
47.6973 334488 333040 0.281158 9.59893 9.32529 9.59893 9.32529 38397 0 1 0.0138466
47.9736 335936 331592 0.278753 9.59856 9.32687 9.59856 9.32687 38626 0 1 0.0126146
48.25 337384 333040 0.27866 9.68239 9.3289 9.68239 9.3289 38857 0 1 0.0136472
48.5264 338832 334488 0.278775 9.68239 9.33092 9.68239 9.33092 39088 0 1 0.0147426
48.8051 337384 335936 0.281256 9.68203 9.33292 9.68203 9.33292 39321 0 1 0.0160742
49.0839 335936 334488 0.281194 9.59893 9.33443 9.59893 9.33443 39552 0 1 0.0149361
49.3627 334488 333040 0.281144 9.59893 9.33593 9.59893 9.33593 39783 0 1 0.0138455
49.639 335936 331592 0.278805 9.59856 9.33739 9.59856 9.33739 40012 0 1 0.0126186
49.9154 337384 333040 0.278774 9.68239 9.3393 9.68239 9.3393 40243 0 1 0.0136561
50.1918 338832 334488 0.278678 9.68239 9.34119 9.68239 9.34119 40474 0 1 0.0147351
50.4705 337384 335936 0.281224 9.68203 9.34307 9.68203 9.34307 40707 0 1 0.0160716
50.7493 335936 334488 0.281171 9.59893 9.34448 9.59893 9.34448 40938 0 1 0.0149341
51.0281 334488 333040 0.281254 9.59893 9.34587 9.59893 9.34587 41169 0 1 0.0138545
51.3045 335936 331592 0.278839 9.59856 9.34723 9.59856 9.34723 41398 0 1 0.0126213
51.5808 337384 333040 0.278709 9.68239 9.34902 9.68239 9.34902 41629 0 1 0.0136511
51.8572 338832 334488 0.278663 9.68239 9.3508 9.68239 9.3508 41860 0 1 0.0147339
52.136 337384 335936 0.281196 9.68203 9.35257 9.68203 9.35257 42093 0 1 0.0160693
52.4147 335936 334488 0.28115 9.59893 9.35388 9.59893 9.35388 42324 0 1 0.0149324
52.6935 334488 333040 0.281223 9.59893 9.35518 9.59893 9.35518 42555 0 1 0.013852
52.9699 335936 331592 0.278739 9.59856 9.35645 9.59856 9.35645 42784 0 1 0.0126135
53.2462 337384 333040 0.278738 9.68239 9.35814 9.68239 9.35814 43015 0 1 0.0136533
53.5226 338832 334488 0.278705 9.68239 9.35981 9.68239 9.35981 43246 0 1 0.0147372
53.8014 337384 335936 0.281172 9.68203 9.36148 9.68203 9.36148 43479 0 1 0.0160673
54.0802 335936 334488 0.281256 9.59893 9.36271 9.59893 9.36271 43710 0 1 0.0149412
54.3589 334488 333040 0.281196 9.59893 9.36392 9.59893 9.36392 43941 0 1 0.0138498
54.6353 335936 331592 0.278773 9.59856 9.36511 9.59856 9.36511 44170 0 1 0.0126162
54.9117 337384 333040 0.278787 9.68239 9.3667 9.68239 9.3667 44401 0 1 0.0136571
55.188 338832 334488 0.278784 9.68239 9.36828 9.68239 9.36828 44632 0 1 0.0147433
55.4668 337384 335936 0.281077 9.68203 9.36986 9.68203 9.36986 44865 0 1 0.0160595
55.7456 335936 334488 0.281224 9.59893 9.37101 9.59893 9.37101 45096 0 1 0.0149386
56.0243 334488 333040 0.281172 9.59893 9.37214 9.59893 9.37214 45327 0 1 0.0138478
56.3007 335936 331592 0.278801 9.59856 9.37325 9.59856 9.37325 45556 0 1 0.0126183
56.5771 337384 333040 0.278822 9.68239 9.37476 9.68239 9.37476 45787 0 1 0.0136598
56.8534 338832 334488 0.27883 9.68239 9.37626 9.68239 9.37626 46018 0 1 0.0147468
57.1322 337384 335936 0.281118 9.68203 9.37775 9.68203 9.37775 46251 0 1 0.0160629
57.411 335936 334488 0.281101 9.59893 9.37882 9.59893 9.37882 46482 0 1 0.0149284
57.6898 334488 333040 0.28115 9.59893 9.37989 9.59893 9.37989 46713 0 1 0.013846
57.9661 335936 331592 0.278827 9.59856 9.38093 9.59856 9.38093 46942 0 1 0.0126203
58.2425 337384 333040 0.278847 9.68239 9.38236 9.68239 9.38236 47173 0 1 0.0136617
58.5189 338832 334488 0.278734 9.68239 9.38378 9.68239 9.38378 47404 0 1 0.0147395
58.7976 337384 335936 0.281126 9.68203 9.38519 9.68203 9.38519 47637 0 1 0.0160635
59.0764 335936 334488 0.281155 9.59893 9.3862 9.59893 9.3862 47868 0 1 0.0149328
59.3552 334488 333040 0.281131 9.59893 9.3872 9.59893 9.3872 48099 0 1 0.0138444
59.6315 335936 331592 0.278849 9.59856 9.38818 9.59856 9.38818 48328 0 1 0.0126221
59.9079 337384 333040 0.278742 9.68239 9.38954 9.68239 9.38954 48559 0 1 0.0136536
60.1843 338832 334488 0.278771 9.68239 9.39088 9.68239 9.39088 48790 0 1 0.0147423
60.463 337384 335936 0.281246 9.68203 9.39222 9.68203 9.39222 49023 0 1 0.0160734
60.7418 335936 334488 0.281116 9.59893 9.39317 9.59893 9.39317 49254 0 1 0.0149296
61.0206 334488 333040 0.281115 9.59893 9.39411 9.59893 9.39411 49485 0 1 0.0138431
61.297 335936 331592 0.278743 9.59856 9.39503 9.59856 9.39503 49714 0 1 0.0126138
61.5733 337384 333040 0.278775 9.68239 9.39632 9.68239 9.39632 49945 0 1 0.0136561
61.8497 338832 334488 0.278802 9.68239 9.3976 9.68239 9.3976 50176 0 1 0.0147447
62.1285 337384 335936 0.28122 9.68203 9.39888 9.68203 9.39888 50409 0 1 0.0160712
62.4072 335936 334488 0.281136 9.59893 9.39977 9.59893 9.39977 50640 0 1 0.0149313
62.686 334488 333040 0.281177 9.59893 9.40066 9.59893 9.40066 50871 0 1 0.0138482
62.9624 335936 331592 0.278775 9.59856 9.40153 9.59856 9.40153 51100 0 1 0.0126163
63.2387 337384 333040 0.278803 9.68239 9.40275 9.68239 9.40275 51331 0 1 0.0136583
63.5151 338832 334488 0.278827 9.68239 9.40397 9.68239 9.40397 51562 0 1 0.0147467
63.7939 337384 335936 0.281191 9.68203 9.40518 9.68203 9.40518 51795 0 1 0.0160688
64.0727 335936 334488 0.281138 9.59893 9.40603 9.59893 9.40603 52026 0 1 0.0149314
64.3514 334488 333040 0.281189 9.59893 9.40686 9.59893 9.40686 52257 0 1 0.0138492
64.6278 335936 331592 0.278614 9.59856 9.40768 9.59856 9.40768 52486 0 1 0.0126039
64.9042 337384 333040 0.278828 9.68239 9.40885 9.68239 9.40885 52717 0 1 0.0136603
65.1805 338832 334488 0.278849 9.68239 9.41001 9.68239 9.41001 52948 0 1 0.0147484
65.4593 337384 335936 0.281169 9.68203 9.41117 9.68203 9.41117 53181 0 1 0.0160671
65.7381 335936 334488 0.281251 9.59893 9.41197 9.59893 9.41197 53412 0 1 0.0149408
66.0168 334488 333040 0.28118 9.59893 9.41276 9.59893 9.41276 53643 0 1 0.0138485
66.2932 335936 331592 0.278718 9.59856 9.41353 9.59856 9.41353 53872 0 1 0.0126118
66.5696 337384 333040 0.278754 9.68239 9.41465 9.68239 9.41465 54103 0 1 0.0136545
66.8459 338832 334488 0.278743 9.68239 9.41575 9.68239 9.41575 54334 0 1 0.0147401
67.1247 337384 335936 0.28115 9.68203 9.41686 9.68203 9.41686 54567 0 1 0.0160654
67.4035 335936 334488 0.281222 9.59893 9.41761 9.59893 9.41761 54798 0 1 0.0149384
67.6823 334488 333040 0.281165 9.59893 9.41836 9.59893 9.41836 55029 0 1 0.0138472
67.9586 335936 331592 0.278778 9.59856 9.41909 9.59856 9.41909 55258 0 1 0.0126165
68.235 337384 333040 0.278617 9.68239 9.42016 9.68239 9.42016 55489 0 1 0.0136439
68.5114 338832 334488 0.278775 9.68239 9.42122 9.68239 9.42122 55720 0 1 0.0147426
68.7901 337384 335936 0.281256 9.68203 9.42227 9.68203 9.42227 55953 0 1 0.0160742
69.0689 335936 334488 0.281195 9.59893 9.42299 9.59893 9.42299 56184 0 1 0.0149362
69.3477 334488 333040 0.281147 9.59893 9.42369 9.59893 9.42369 56415 0 1 0.0138457
69.624 335936 331592 0.278816 9.59856 9.42439 9.59856 9.42439 56644 0 1 0.0126195
69.9004 337384 333040 0.278755 9.68239 9.42541 9.68239 9.42541 56875 0 1 0.0136546
70.1768 338832 334488 0.278678 9.68239 9.42642 9.68239 9.42642 57106 0 1 0.0147351
70.4556 337384 335936 0.281224 9.68203 9.42743 9.68203 9.42743 57339 0 1 0.0160716
70.7343 335936 334488 0.281171 9.59893 9.42811 9.59893 9.42811 57570 0 1 0.0149342
71.0131 334488 333040 0.281255 9.59893 9.42878 9.59893 9.42878 57801 0 1 0.0138546
71.2895 335936 331592 0.278837 9.59856 9.42944 9.59856 9.42944 58030 0 1 0.0126211
71.5658 337384 333040 0.278709 9.68239 9.43041 9.68239 9.43041 58261 0 1 0.0136511
71.8422 338832 334488 0.278663 9.68239 9.43138 9.68239 9.43138 58492 0 1 0.0147339
72.121 337384 335936 0.281196 9.68203 9.43235 9.68203 9.43235 58725 0 1 0.0160693
72.3997 335936 334488 0.28115 9.59893 9.43299 9.59893 9.43299 58956 0 1 0.0149324
72.6785 334488 333040 0.281224 9.59893 9.43363 9.59893 9.43363 59187 0 1 0.0138521
72.9549 335936 331592 0.278738 9.59856 9.43425 9.59856 9.43425 59416 0 1 0.0126134
73.2313 337384 333040 0.27876 9.68239 9.43519 9.68239 9.43519 59647 0 1 0.013655
73.5076 338832 334488 0.278753 9.68239 9.43612 9.68239 9.43612 59878 0 1 0.0147409
73.7864 337384 335936 0.281088 9.68203 9.43705 9.68203 9.43705 60111 0 1 0.0160604
74.0652 335936 334488 0.281257 9.59893 9.43766 9.59893 9.43766 60342 0 1 0.0149412
74.3439 334488 333040 0.281196 9.59893 9.43826 9.59893 9.43826 60573 0 1 0.0138497
74.6203 335936 331592 0.278773 9.59856 9.43886 9.59856 9.43886 60802 0 1 0.0126162
74.8967 337384 333040 0.278797 9.68239 9.43976 9.68239 9.43976 61033 0 1 0.0136578
75.173 338832 334488 0.278805 9.68239 9.44065 9.68239 9.44065 61264 0 1 0.014745
75.4518 337384 335936 0.281135 9.68203 9.44154 9.68203 9.44154 61497 0 1 0.0160643
75.7306 335936 334488 0.281115 9.59893 9.44212 9.59893 9.44212 61728 0 1 0.0149296
76.0094 334488 333040 0.281172 9.59893 9.44269 9.59893 9.44269 61959 0 1 0.0138477
76.2857 335936 331592 0.278803 9.59856 9.44326 9.59856 9.44326 62188 0 1 0.0126184
76.5621 337384 333040 0.278825 9.68239 9.44412 9.68239 9.44412 62419 0 1 0.01366
76.8385 338832 334488 0.278839 9.68239 9.44498 9.68239 9.44498 62650 0 1 0.0147476
77.1172 337384 335936 0.281144 9.68203 9.44584 9.68203 9.44584 62883 0 1 0.016065
77.396 335936 334488 0.281052 9.59893 9.44639 9.59893 9.44639 63114 0 1 0.0149243
77.6748 334488 333040 0.28115 9.59893 9.44693 9.59893 9.44693 63345 0 1 0.013846
77.9511 335936 331592 0.278828 9.59856 9.44747 9.59856 9.44747 63574 0 1 0.0126204
78.2275 337384 333040 0.278848 9.68239 9.4483 9.68239 9.4483 63805 0 1 0.0136618
78.5039 338832 334488 0.278739 9.68239 9.44913 9.68239 9.44913 64036 0 1 0.0147398
78.7826 337384 335936 0.281119 9.68203 9.44995 9.68203 9.44995 64269 0 1 0.0160629
79.0614 335936 334488 0.281155 9.59893 9.45048 9.59893 9.45048 64500 0 1 0.0149328
79.3402 334488 333040 0.281132 9.59893 9.451 9.59893 9.451 64731 0 1 0.0138445
79.6166 335936 331592 0.278849 9.59856 9.45151 9.59856 9.45151 64960 0 1 0.0126221
79.8929 337384 333040 0.278743 9.68239 9.45231 9.68239 9.45231 65191 0 1 0.0136536
80.1693 338832 334488 0.278773 9.68239 9.4531 9.68239 9.4531 65422 0 1 0.0147425
80.4481 337384 335936 0.281242 9.68203 9.45389 9.68203 9.45389 65655 0 1 0.0160731
80.7268 335936 334488 0.281165 9.59893 9.4544 9.59893 9.4544 65886 0 1 0.0149337
81.0056 334488 333040 0.281059 9.59893 9.45489 9.59893 9.45489 66117 0 1 0.0138385
81.282 335936 331592 0.278743 9.59856 9.45538 9.59856 9.45538 66346 0 1 0.0126138
81.5583 337384 333040 0.278775 9.68239 9.45615 9.68239 9.45615 66577 0 1 0.0136562
81.8347 338832 334488 0.278801 9.68239 9.45692 9.68239 9.45692 66808 0 1 0.0147446
82.1135 337384 335936 0.28122 9.68203 9.45768 9.68203 9.45768 67041 0 1 0.0160712
82.3922 335936 334488 0.281158 9.59893 9.45816 9.59893 9.45816 67272 0 1 0.0149331
82.671 334488 333040 0.281216 9.59893 9.45863 9.59893 9.45863 67503 0 1 0.0138514
82.9474 335936 331592 0.278702 9.59856 9.4591 9.59856 9.4591 67732 0 1 0.0126106
83.2238 337384 333040 0.278803 9.68239 9.45984 9.68239 9.45984 67963 0 1 0.0136584
83.5001 338832 334488 0.278827 9.68239 9.46058 9.68239 9.46058 68194 0 1 0.0147466
83.7789 337384 335936 0.281194 9.68203 9.46131 9.68203 9.46131 68427 0 1 0.0160691
84.0577 335936 334488 0.281144 9.59893 9.46177 9.59893 9.46177 68658 0 1 0.0149319
84.3364 334488 333040 0.281206 9.59893 9.46222 9.59893 9.46222 68889 0 1 0.0138506
84.6128 335936 331592 0.278677 9.59856 9.46267 9.59856 9.46267 69118 0 1 0.0126087
84.8892 337384 333040 0.278719 9.68239 9.46338 9.68239 9.46338 69349 0 1 0.0136518
85.1655 338832 334488 0.278849 9.68239 9.46409 9.68239 9.46409 69580 0 1 0.0147484
85.4443 337384 335936 0.281171 9.68203 9.46481 9.68203 9.46481 69813 0 1 0.0160672
85.7231 335936 334488 0.281254 9.59893 9.46524 9.59893 9.46524 70044 0 1 0.014941
86.0019 334488 333040 0.281188 9.59893 9.46567 9.59893 9.46567 70275 0 1 0.0138491
86.2782 335936 331592 0.278703 9.59856 9.4661 9.59856 9.4661 70504 0 1 0.0126107
86.5546 337384 333040 0.278754 9.68239 9.46679 9.68239 9.46679 70735 0 1 0.0136545
86.831 338832 334488 0.278743 9.68239 9.46748 9.68239 9.46748 70966 0 1 0.0147401
87.1097 337384 335936 0.28115 9.68203 9.46816 9.68203 9.46816 71199 0 1 0.0160655
87.3885 335936 334488 0.281223 9.59893 9.46858 9.59893 9.46858 71430 0 1 0.0149385
87.6673 334488 333040 0.281168 9.59893 9.469 9.59893 9.469 71661 0 1 0.0138475
87.9436 335936 331592 0.278771 9.59856 9.4694 9.59856 9.4694 71890 0 1 0.012616
88.22 337384 333040 0.278742 9.68239 9.47007 9.68239 9.47007 72121 0 1 0.0136536
88.4964 338832 334488 0.278775 9.68239 9.47073 9.68239 9.47073 72352 0 1 0.0147426
88.7751 337384 335936 0.281256 9.68203 9.4714 9.68203 9.4714 72585 0 1 0.0160742
89.0539 335936 334488 0.281196 9.59893 9.4718 9.59893 9.4718 72816 0 1 0.0149362
89.3327 334488 333040 0.281146 9.59893 9.47219 9.59893 9.47219 73047 0 1 0.0138457
89.6091 335936 331592 0.278816 9.59856 9.47258 9.59856 9.47258 73276 0 1 0.0126195
89.8854 337384 333040 0.278811 9.68239 9.47323 9.68239 9.47323 73507 0 1 0.0136589
90.1618 338832 334488 0.278614 9.68239 9.47387 9.68239 9.47387 73738 0 1 0.0147302
90.4406 337384 335936 0.281224 9.68203 9.47451 9.68203 9.47451 73971 0 1 0.0160716
90.7193 335936 334488 0.281172 9.59893 9.47489 9.59893 9.47489 74202 0 1 0.0149342
90.9981 334488 333040 0.281255 9.59893 9.47527 9.59893 9.47527 74433 0 1 0.0138546
91.2745 335936 331592 0.278844 9.59856 9.47565 9.59856 9.47565 74662 0 1 0.0126217
91.5508 337384 333040 0.278726 9.68239 9.47627 9.68239 9.47627 74893 0 1 0.0136523
91.8272 338832 334488 0.278718 9.68239 9.47689 9.68239 9.47689 75124 0 1 0.0147381
92.106 337384 335936 0.281101 9.68203 9.47751 9.68203 9.47751 75357 0 1 0.0160614
92.3848 335936 334488 0.28115 9.59893 9.47788 9.59893 9.47788 75588 0 1 0.0149324
92.6635 334488 333040 0.281224 9.59893 9.47824 9.59893 9.47824 75819 0 1 0.0138521
92.9399 335936 331592 0.278741 9.59856 9.4786 9.59856 9.4786 76048 0 1 0.0126137
93.2163 337384 333040 0.278768 9.68239 9.4792 9.68239 9.4792 76279 0 1 0.0136556
93.4926 338832 334488 0.278778 9.68239 9.4798 9.68239 9.4798 76510 0 1 0.0147428
93.7714 337384 335936 0.281045 9.68203 9.48041 9.68203 9.48041 76743 0 1 0.0160569
94.0502 335936 334488 0.281256 9.59893 9.48076 9.59893 9.48076 76974 0 1 0.0149412
94.3289 334488 333040 0.281196 9.59893 9.48111 9.59893 9.48111 77205 0 1 0.0138498
94.6053 335936 331592 0.278774 9.59856 9.48145 9.59856 9.48145 77434 0 1 0.0126162
94.8817 337384 333040 0.2788 9.68239 9.48203 9.68239 9.48203 77665 0 1 0.0136581
95.158 338832 334488 0.278816 9.68239 9.48262 9.68239 9.48262 77896 0 1 0.0147458
95.4368 337384 335936 0.281116 9.68203 9.4832 9.68203 9.4832 78129 0 1 0.0160627
95.7156 335936 334488 0.281115 9.59893 9.48354 9.59893 9.48354 78360 0 1 0.0149296
95.9944 334488 333040 0.281172 9.59893 9.48387 9.59893 9.48387 78591 0 1 0.0138478
96.2707 335936 331592 0.278803 9.59856 9.4842 9.59856 9.4842 78820 0 1 0.0126185
96.5471 337384 333040 0.278827 9.68239 9.48477 9.68239 9.48477 79051 0 1 0.0136601
96.8235 338832 334488 0.278837 9.68239 9.48533 9.68239 9.48533 79282 0 1 0.0147474
97.1022 337384 335936 0.281144 9.68203 9.4859 9.68203 9.4859 79515 0 1 0.016065
97.381 335936 334488 0.281177 9.59893 9.48622 9.59893 9.48622 79746 0 1 0.0149346
97.6598 334488 333040 0.28115 9.59893 9.48654 9.59893 9.48654 79977 0 1 0.013846
97.9361 335936 331592 0.278828 9.59856 9.48686 9.59856 9.48686 80206 0 1 0.0126204
98.2125 337384 333040 0.278849 9.68239 9.48741 9.68239 9.48741 80437 0 1 0.0136619
98.4889 338832 334488 0.278738 9.68239 9.48796 9.68239 9.48796 80668 0 1 0.0147397
98.7677 337384 335936 0.281138 9.68203 9.4885 9.68203 9.4885 80901 0 1 0.0160645
99.0464 335936 334488 0.281189 9.59893 9.48881 9.59893 9.48881 81132 0 1 0.0149356
99.3252 334488 333040 0.281067 9.59893 9.48912 9.59893 9.48912 81363 0 1 0.0138392
99.6016 335936 331592 0.278849 9.59856 9.48943 9.59856 9.48943 81592 0 1 0.0126221
99.8779 337384 333040 0.278743 9.68239 9.48996 9.68239 9.48996 81823 0 1 0.0136536
100.154 338832 334488 0.278773 9.68239 9.49049 9.68239 9.49049 82054 0 1 0.0147425
100.433 337384 335936 0.281251 9.68203 9.49102 9.68203 9.49102 82287 0 1 0.0160738
100.712 335936 334488 0.28118 9.59893 9.49132 9.59893 9.49132 82518 0 1 0.0149349
100.991 334488 333040 0.281104 9.59893 9.49162 9.59893 9.49162 82749 0 1 0.0138422
101.267 335936 331592 0.27866 9.59856 9.49191 9.59856 9.49191 82978 0 1 0.0126074
101.543 337384 333040 0.278775 9.68239 9.49243 9.68239 9.49243 83209 0 1 0.0136562
101.82 338832 334488 0.278803 9.68239 9.49294 9.68239 9.49294 83440 0 1 0.0147447
102.098 337384 335936 0.281222 9.68203 9.49346 9.68203 9.49346 83673 0 1 0.0160714
102.377 335936 334488 0.281165 9.59893 9.49375 9.59893 9.49375 83904 0 1 0.0149336
102.656 334488 333040 0.281236 9.59893 9.49403 9.59893 9.49403 84135 0 1 0.013853
102.932 335936 331592 0.278665 9.59856 9.49431 9.59856 9.49431 84364 0 1 0.0126077
103.209 337384 333040 0.278803 9.68239 9.49482 9.68239 9.49482 84595 0 1 0.0136584
103.485 338832 334488 0.278828 9.68239 9.49532 9.68239 9.49532 84826 0 1 0.0147467
103.764 337384 335936 0.281195 9.68203 9.49582 9.68203 9.49582 85059 0 1 0.0160692
104.043 335936 334488 0.281147 9.59893 9.4961 9.59893 9.4961 85290 0 1 0.0149322
104.321 334488 333040 0.2812 9.59893 9.49637 9.59893 9.49637 85521 0 1 0.0138501
104.598 335936 331592 0.278677 9.59856 9.49664 9.59856 9.49664 85750 0 1 0.0126087
104.874 337384 333040 0.278719 9.68239 9.49713 9.68239 9.49713 85981 0 1 0.0136518
105.151 338832 334488 0.278849 9.68239 9.49762 9.68239 9.49762 86212 0 1 0.0147484
105.429 337384 335936 0.281171 9.68203 9.49811 9.68203 9.49811 86445 0 1 0.0160672
105.708 335936 334488 0.281255 9.59893 9.49837 9.59893 9.49837 86676 0 1 0.0149411
105.987 334488 333040 0.281186 9.59893 9.49864 9.59893 9.49864 86907 0 1 0.0138489
106.263 335936 331592 0.278746 9.59856 9.4989 9.59856 9.4989 87136 0 1 0.012614
106.54 337384 333040 0.278705 9.68239 9.49937 9.68239 9.49937 87367 0 1 0.0136507
106.816 338832 334488 0.278743 9.68239 9.49985 9.68239 9.49985 87598 0 1 0.0147401
107.095 337384 335936 0.28115 9.68203 9.50032 9.68203 9.50032 87831 0 1 0.0160655
107.374 335936 334488 0.281223 9.59893 9.50058 9.59893 9.50058 88062 0 1 0.0149384
107.652 334488 333040 0.281168 9.59893 9.50083 9.59893 9.50083 88293 0 1 0.0138475
107.929 335936 331592 0.27879 9.59856 9.50108 9.59856 9.50108 88522 0 1 0.0126175
108.205 337384 333040 0.278784 9.68239 9.50154 9.68239 9.50154 88753 0 1 0.0136568
108.481 338832 334488 0.278702 9.68239 9.502 9.68239 9.502 88984 0 1 0.014737
108.76 337384 335936 0.281257 9.68203 9.50247 9.68203 9.50247 89217 0 1 0.0160742
109.039 335936 334488 0.281196 9.59893 9.50271 9.59893 9.50271 89448 0 1 0.0149362
109.318 334488 333040 0.281149 9.59893 9.50296 9.59893 9.50296 89679 0 1 0.0138459
109.594 335936 331592 0.278822 9.59856 9.5032 9.59856 9.5032 89908 0 1 0.0126199
109.87 337384 333040 0.27883 9.68239 9.50365 9.68239 9.50365 90139 0 1 0.0136604
110.147 338832 334488 0.278677 9.68239 9.5041 9.68239 9.5041 90370 0 1 0.014735
110.426 337384 335936 0.281115 9.68203 9.50455 9.68203 9.50455 90603 0 1 0.0160626
110.704 335936 334488 0.281172 9.59893 9.50479 9.59893 9.50479 90834 0 1 0.0149342
110.983 334488 333040 0.281256 9.59893 9.50502 9.59893 9.50502 91065 0 1 0.0138547
111.259 335936 331592 0.278847 9.59856 9.50525 9.59856 9.50525 91294 0 1 0.0126219
111.536 337384 333040 0.278734 9.68239 9.50569 9.68239 9.50569 91525 0 1 0.013653
111.812 338832 334488 0.278703 9.68239 9.50613 9.68239 9.50613 91756 0 1 0.014737
112.091 337384 335936 0.281101 9.68203 9.50657 9.68203 9.50657 91989 0 1 0.0160614
112.37 335936 334488 0.28115 9.59893 9.5068 9.59893 9.5068 92220 0 1 0.0149324
112.649 334488 333040 0.281224 9.59893 9.50702 9.59893 9.50702 92451 0 1 0.0138521
112.925 335936 331592 0.278742 9.59856 9.50725 9.59856 9.50725 92680 0 1 0.0126137
113.201 337384 333040 0.278771 9.68239 9.50768 9.68239 9.50768 92911 0 1 0.0136559
113.478 338832 334488 0.278771 9.68239 9.5081 9.68239 9.5081 93142 0 1 0.0147423
113.756 337384 335936 0.281155 9.68203 9.50853 9.68203 9.50853 93375 0 1 0.0160658
114.035 335936 334488 0.281132 9.59893 9.50875 9.59893 9.50875 93606 0 1 0.0149309
114.314 334488 333040 0.281196 9.59893 9.50897 9.59893 9.50897 93837 0 1 0.0138498
114.59 335936 331592 0.278775 9.59856 9.50918 9.59856 9.50918 94066 0 1 0.0126163
114.867 337384 333040 0.278799 9.68239 9.5096 9.68239 9.5096 94297 0 1 0.013658
115.143 338832 334488 0.278816 9.68239 9.51002 9.68239 9.51002 94528 0 1 0.0147458
115.422 337384 335936 0.281165 9.68203 9.51043 9.68203 9.51043 94761 0 1 0.0160667
115.701 335936 334488 0.281059 9.59893 9.51064 9.59893 9.51064 94992 0 1 0.0149249
115.979 334488 333040 0.281172 9.59893 9.51086 9.59893 9.51086 95223 0 1 0.0138478
116.256 335936 331592 0.278803 9.59856 9.51107 9.59856 9.51107 95452 0 1 0.0126185
116.532 337384 333040 0.278826 9.68239 9.51147 9.68239 9.51147 95683 0 1 0.0136601
116.808 338832 334488 0.278844 9.68239 9.51188 9.68239 9.51188 95914 0 1 0.014748
117.087 337384 335936 0.281158 9.68203 9.51228 9.68203 9.51228 96147 0 1 0.0160661
117.366 335936 334488 0.281216 9.59893 9.51249 9.59893 9.51249 96378 0 1 0.0149378
117.645 334488 333040 0.281077 9.59893 9.51269 9.59893 9.51269 96609 0 1 0.01384
117.921 335936 331592 0.278828 9.59856 9.51289 9.59856 9.51289 96838 0 1 0.0126204
118.198 337384 333040 0.278849 9.68239 9.51329 9.68239 9.51329 97069 0 1 0.0136619
118.474 338832 334488 0.278741 9.68239 9.51368 9.68239 9.51368 97300 0 1 0.01474
118.753 337384 335936 0.281144 9.68203 9.51408 9.68203 9.51408 97533 0 1 0.016065
119.031 335936 334488 0.281206 9.59893 9.51428 9.59893 9.51428 97764 0 1 0.014937
119.31 334488 333040 0.281035 9.59893 9.51448 9.59893 9.51448 97995 0 1 0.0138365
119.587 335936 331592 0.278849 9.59856 9.51467 9.59856 9.51467 98224 0 1 0.0126221
119.863 337384 333040 0.278743 9.68239 9.51506 9.68239 9.51506 98455 0 1 0.0136537
120.139 338832 334488 0.278774 9.68239 9.51544 9.68239 9.51544 98686 0 1 0.0147426
120.418 337384 335936 0.281254 9.68203 9.51583 9.68203 9.51583 98919 0 1 0.016074
120.697 335936 334488 0.281188 9.59893 9.51602 9.59893 9.51602 99150 0 1 0.0149356
120.976 334488 333040 0.281089 9.59893 9.51621 9.59893 9.51621 99381 0 1 0.0138409
121.252 335936 331592 0.27866 9.59856 9.5164 9.59856 9.5164 99610 0 1 0.0126074
121.528 337384 333040 0.278775 9.68239 9.51678 9.68239 9.51678 99841 0 1 0.0136562
121.805 338832 334488 0.278803 9.68239 9.51715 9.68239 9.51715 100072 0 1 0.0147448
122.084 337384 335936 0.281223 9.68203 9.51753 9.68203 9.51753 100305 0 1 0.0160715
122.362 335936 334488 0.281162 9.59893 9.51771 9.59893 9.51771 100536 0 1 0.0149334
122.641 334488 333040 0.281236 9.59893 9.5179 9.59893 9.5179 100767 0 1 0.013853
122.917 335936 331592 0.278774 9.59856 9.51808 9.59856 9.51808 100996 0 1 0.0126162
123.194 337384 333040 0.278678 9.68239 9.51845 9.68239 9.51845 101227 0 1 0.0136487
123.47 338832 334488 0.278828 9.68239 9.51881 9.68239 9.51881 101458 0 1 0.0147467
123.749 337384 335936 0.281196 9.68203 9.51918 9.68203 9.51918 101691 0 1 0.0160692
124.028 335936 334488 0.281146 9.59893 9.51936 9.59893 9.51936 101922 0 1 0.0149321
124.306 334488 333040 0.281215 9.59893 9.51954 9.59893 9.51954 102153 0 1 0.0138513
124.583 335936 331592 0.278709 9.59856 9.51972 9.59856 9.51972 102382 0 1 0.0126112
124.859 337384 333040 0.278663 9.68239 9.52008 9.68239 9.52008 102613 0 1 0.0136474
125.136 338832 334488 0.278849 9.68239 9.52043 9.68239 9.52043 102844 0 1 0.0147484
125.414 337384 335936 0.281171 9.68203 9.52079 9.68203 9.52079 103077 0 1 0.0160672
125.693 335936 334488 0.281255 9.59893 9.52097 9.59893 9.52097 103308 0 1 0.0149411
125.972 334488 333040 0.281192 9.59893 9.52114 9.59893 9.52114 103539 0 1 0.0138494
126.248 335936 331592 0.27876 9.59856 9.52131 9.59856 9.52131 103768 0 1 0.0126151
126.525 337384 333040 0.278753 9.68239 9.52166 9.68239 9.52166 103999 0 1 0.0136544
126.801 338832 334488 0.27866 9.68239 9.52201 9.68239 9.52201 104230 0 1 0.0147337
127.08 337384 335936 0.28115 9.68203 9.52236 9.68203 9.52236 104463 0 1 0.0160655
127.359 335936 334488 0.281224 9.59893 9.52253 9.59893 9.52253 104694 0 1 0.0149385
127.637 334488 333040 0.28117 9.59893 9.5227 9.59893 9.5227 104925 0 1 0.0138476
127.914 335936 331592 0.278797 9.59856 9.52286 9.59856 9.52286 105154 0 1 0.012618
128.19 337384 333040 0.278805 9.68239 9.5232 9.68239 9.5232 105385 0 1 0.0136585
128.466 338832 334488 0.278665 9.68239 9.52355 9.68239 9.52355 105616 0 1 0.014734
128.745 337384 335936 0.281257 9.68203 9.52389 9.68203 9.52389 105849 0 1 0.0160742
129.024 335936 334488 0.281196 9.59893 9.52405 9.59893 9.52405 106080 0 1 0.0149362
129.303 334488 333040 0.28115 9.59893 9.52421 9.59893 9.52421 106311 0 1 0.0138459
129.579 335936 331592 0.278825 9.59856 9.52437 9.59856 9.52437 106540 0 1 0.0126202
129.855 337384 333040 0.278825 9.68239 9.52471 9.68239 9.52471 106771 0 1 0.01366
130.132 338832 334488 0.278677 9.68239 9.52504 9.68239 9.52504 107002 0 1 0.014735
130.411 337384 335936 0.281115 9.68203 9.52538 9.68203 9.52538 107235 0 1 0.0160626
130.689 335936 334488 0.281172 9.59893 9.52554 9.59893 9.52554 107466 0 1 0.0149342
130.968 334488 333040 0.281256 9.59893 9.52569 9.59893 9.52569 107697 0 1 0.0138547
131.244 335936 331592 0.278848 9.59856 9.52585 9.59856 9.52585 107926 0 1 0.012622
131.521 337384 333040 0.278732 9.68239 9.52617 9.68239 9.52617 108157 0 1 0.0136528
131.797 338832 334488 0.278746 9.68239 9.5265 9.68239 9.5265 108388 0 1 0.0147403
132.076 337384 335936 0.281177 9.68203 9.52683 9.68203 9.52683 108621 0 1 0.0160677
132.355 335936 334488 0.28115 9.59893 9.52698 9.59893 9.52698 108852 0 1 0.0149325
132.634 334488 333040 0.281224 9.59893 9.52713 9.59893 9.52713 109083 0 1 0.0138521
132.91 335936 331592 0.278742 9.59856 9.52728 9.59856 9.52728 109312 0 1 0.0126137
133.186 337384 333040 0.278771 9.68239 9.5276 9.68239 9.5276 109543 0 1 0.0136559
133.463 338832 334488 0.27879 9.68239 9.52792 9.68239 9.52792 109774 0 1 0.0147438
133.741 337384 335936 0.281189 9.68203 9.52825 9.68203 9.52825 110007 0 1 0.0160686
134.02 335936 334488 0.281067 9.59893 9.52839 9.59893 9.52839 110238 0 1 0.0149256
134.299 334488 333040 0.281196 9.59893 9.52854 9.59893 9.52854 110469 0 1 0.0138498
134.575 335936 331592 0.278775 9.59856 9.52868 9.59856 9.52868 110698 0 1 0.0126163
134.852 337384 333040 0.278802 9.68239 9.529 9.68239 9.529 110929 0 1 0.0136582
135.128 338832 334488 0.278822 9.68239 9.52931 9.68239 9.52931 111160 0 1 0.0147463
135.407 337384 335936 0.28118 9.68203 9.52963 9.68203 9.52963 111393 0 1 0.016068
135.686 335936 334488 0.281104 9.59893 9.52977 9.59893 9.52977 111624 0 1 0.0149286
135.964 334488 333040 0.281088 9.59893 9.52991 9.59893 9.52991 111855 0 1 0.0138409
136.241 335936 331592 0.278803 9.59856 9.53005 9.59856 9.53005 112084 0 1 0.0126185
136.517 337384 333040 0.278827 9.68239 9.53036 9.68239 9.53036 112315 0 1 0.0136602
136.793 338832 334488 0.278847 9.68239 9.53066 9.68239 9.53066 112546 0 1 0.0147482
137.072 337384 335936 0.281165 9.68203 9.53097 9.68203 9.53097 112779 0 1 0.0160667
137.351 335936 334488 0.281203 9.59893 9.53111 9.59893 9.53111 113010 0 1 0.0149368
137.63 334488 333040 0.281077 9.59893 9.53125 9.59893 9.53125 113241 0 1 0.01384
137.906 335936 331592 0.278828 9.59856 9.53138 9.59856 9.53138 113470 0 1 0.0126204
138.183 337384 333040 0.278849 9.68239 9.53168 9.68239 9.53168 113701 0 1 0.0136619
138.459 338832 334488 0.278742 9.68239 9.53199 9.68239 9.53199 113932 0 1 0.0147401
138.738 337384 335936 0.281147 9.68203 9.53229 9.68203 9.53229 114165 0 1 0.0160652
139.016 335936 334488 0.2812 9.59893 9.53242 9.59893 9.53242 114396 0 1 0.0149366
139.295 334488 333040 0.281118 9.59893 9.53255 9.59893 9.53255 114627 0 1 0.0138434
139.572 335936 331592 0.278754 9.59856 9.53268 9.59856 9.53268 114856 0 1 0.0126146
139.848 337384 333040 0.278743 9.68239 9.53298 9.68239 9.53298 115087 0 1 0.0136537
140.124 338832 334488 0.278775 9.68239 9.53328 9.68239 9.53328 115318 0 1 0.0147426
140.403 337384 335936 0.281253 9.68203 9.53357 9.68203 9.53357 115551 0 1 0.0160739
140.682 335936 334488 0.281188 9.59893 9.5337 9.59893 9.5337 115782 0 1 0.0149356
140.961 334488 333040 0.281126 9.59893 9.53383 9.59893 9.53383 116013 0 1 0.013844
141.237 335936 331592 0.278742 9.59856 9.53396 9.59856 9.53396 116242 0 1 0.0126137
141.513 337384 333040 0.278775 9.68239 9.53425 9.68239 9.53425 116473 0 1 0.0136562
141.79 338832 334488 0.278803 9.68239 9.53453 9.68239 9.53453 116704 0 1 0.0147448
142.069 337384 335936 0.281223 9.68203 9.53482 9.68203 9.53482 116937 0 1 0.0160715
142.347 335936 334488 0.281168 9.59893 9.53495 9.59893 9.53495 117168 0 1 0.0149339
142.626 334488 333040 0.281246 9.59893 9.53507 9.59893 9.53507 117399 0 1 0.0138539
142.902 335936 331592 0.278811 9.59856 9.5352 9.59856 9.5352 117628 0 1 0.0126191
143.179 337384 333040 0.278614 9.68239 9.53548 9.68239 9.53548 117859 0 1 0.0136437
143.455 338832 334488 0.278828 9.68239 9.53576 9.68239 9.53576 118090 0 1 0.0147467
143.734 337384 335936 0.281196 9.68203 9.53605 9.68203 9.53605 118323 0 1 0.0160692
144.013 335936 334488 0.281149 9.59893 9.53617 9.59893 9.53617 118554 0 1 0.0149323
144.291 334488 333040 0.28122 9.59893 9.53629 9.59893 9.53629 118785 0 1 0.0138517
144.568 335936 331592 0.278726 9.59856 9.53641 9.59856 9.53641 119014 0 1 0.0126125
144.844 337384 333040 0.278634 9.68239 9.53669 9.68239 9.53669 119245 0 1 0.0136452
145.121 338832 334488 0.278849 9.68239 9.53697 9.68239 9.53697 119476 0 1 0.0147484
145.399 337384 335936 0.281172 9.68203 9.53724 9.68203 9.53724 119709 0 1 0.0160672
145.678 335936 334488 0.281256 9.59893 9.53736 9.59893 9.53736 119940 0 1 0.0149411
145.957 334488 333040 0.281194 9.59893 9.53748 9.59893 9.53748 120171 0 1 0.0138496
146.233 335936 331592 0.278768 9.59856 9.5376 9.59856 9.5376 120400 0 1 0.0126157
146.51 337384 333040 0.27874 9.68239 9.53787 9.68239 9.53787 120631 0 1 0.0136534
146.786 338832 334488 0.27866 9.68239 9.53814 9.68239 9.53814 120862 0 1 0.0147337
147.065 337384 335936 0.28115 9.68203 9.53841 9.68203 9.53841 121095 0 1 0.0160655
147.344 335936 334488 0.281224 9.59893 9.53853 9.59893 9.53853 121326 0 1 0.0149385
147.622 334488 333040 0.281171 9.59893 9.53864 9.59893 9.53864 121557 0 1 0.0138477
147.899 335936 331592 0.278795 9.59856 9.53875 9.59856 9.53875 121786 0 1 0.0126178
148.175 337384 333040 0.278805 9.68239 9.53902 9.68239 9.53902 122017 0 1 0.0136585
148.451 338832 334488 0.278774 9.68239 9.53929 9.68239 9.53929 122248 0 1 0.0147425
148.73 337384 335936 0.281132 9.68203 9.53956 9.68203 9.53956 122481 0 1 0.0160639
149.009 335936 334488 0.281196 9.59893 9.53967 9.59893 9.53967 122712 0 1 0.0149362
149.288 334488 333040 0.28115 9.59893 9.53978 9.59893 9.53978 122943 0 1 0.013846
149.564 335936 331592 0.278824 9.59856 9.53989 9.59856 9.53989 123172 0 1 0.0126201
149.84 337384 333040 0.278839 9.68239 9.54015 9.68239 9.54015 123403 0 1 0.0136611
150.117 338832 334488 0.278709 9.68239 9.54041 9.68239 9.54041 123634 0 1 0.0147375
150.396 337384 335936 0.281059 9.68203 9.54067 9.68203 9.54067 123867 0 1 0.016058
150.674 335936 334488 0.281172 9.59893 9.54078 9.59893 9.54078 124098 0 1 0.0149342
150.953 334488 333040 0.281256 9.59893 9.54089 9.59893 9.54089 124329 0 1 0.0138547
151.23 335936 331592 0.278848 9.59856 9.54099 9.59856 9.54099 124558 0 1 0.012622
151.506 337384 333040 0.278739 9.68239 9.54125 9.68239 9.54125 124789 0 1 0.0136533
151.782 338832 334488 0.27876 9.68239 9.54151 9.68239 9.54151 125020 0 1 0.0147415
152.061 337384 335936 0.281216 9.68203 9.54177 9.68203 9.54177 125253 0 1 0.0160709
152.34 335936 334488 0.281077 9.59893 9.54187 9.59893 9.54187 125484 0 1 0.0149264
152.619 334488 333040 0.281224 9.59893 9.54198 9.59893 9.54198 125715 0 1 0.0138521
152.895 335936 331592 0.278743 9.59856 9.54208 9.59856 9.54208 125944 0 1 0.0126138
153.171 337384 333040 0.278773 9.68239 9.54233 9.68239 9.54233 126175 0 1 0.013656
153.448 338832 334488 0.278797 9.68239 9.54258 9.68239 9.54258 126406 0 1 0.0147443
153.726 337384 335936 0.281206 9.68203 9.54284 9.68203 9.54284 126639 0 1 0.0160701
154.005 335936 334488 0.281035 9.59893 9.54294 9.59893 9.54294 126870 0 1 0.0149229
154.284 334488 333040 0.281196 9.59893 9.54304 9.59893 9.54304 127101 0 1 0.0138498
154.56 335936 331592 0.278775 9.59856 9.54314 9.59856 9.54314 127330 0 1 0.0126163
154.837 337384 333040 0.278803 9.68239 9.54339 9.68239 9.54339 127561 0 1 0.0136583
155.113 338832 334488 0.278825 9.68239 9.54363 9.68239 9.54363 127792 0 1 0.0147465
155.392 337384 335936 0.281175 9.68203 9.54388 9.68203 9.54388 128025 0 1 0.0160675
155.671 335936 334488 0.281104 9.59893 9.54398 9.59893 9.54398 128256 0 1 0.0149286
155.949 334488 333040 0.281088 9.59893 9.54408 9.59893 9.54408 128487 0 1 0.0138409
156.226 335936 331592 0.278803 9.59856 9.54418 9.59856 9.54418 128716 0 1 0.0126185
156.502 337384 333040 0.278828 9.68239 9.54442 9.68239 9.54442 128947 0 1 0.0136602
156.778 338832 334488 0.278848 9.68239 9.54466 9.68239 9.54466 129178 0 1 0.0147483
157.057 337384 335936 0.281162 9.68203 9.54491 9.68203 9.54491 129411 0 1 0.0160665
157.336 335936 334488 0.281236 9.59893 9.545 9.59893 9.545 129642 0 1 0.0149395
157.615 334488 333040 0.281135 9.59893 9.5451 9.59893 9.5451 129873 0 1 0.0138448
157.891 335936 331592 0.278719 9.59856 9.54519 9.59856 9.54519 130102 0 1 0.0126119
158.168 337384 333040 0.278849 9.68239 9.54543 9.68239 9.54543 130333 0 1 0.0136619
158.444 338832 334488 0.278742 9.68239 9.54567 9.68239 9.54567 130564 0 1 0.01474
158.723 337384 335936 0.281147 9.68203 9.54591 9.68203 9.54591 130797 0 1 0.0160652
159.001 335936 334488 0.281215 9.59893 9.546 9.59893 9.546 131028 0 1 0.0149378
159.28 334488 333040 0.281144 9.59893 9.5461 9.59893 9.5461 131259 0 1 0.0138455
159.557 335936 331592 0.278705 9.59856 9.54619 9.59856 9.54619 131488 0 1 0.0126108
159.833 337384 333040 0.278743 9.68239 9.54642 9.68239 9.54642 131719 0 1 0.0136537
160.109 338832 334488 0.278775 9.68239 9.54666 9.68239 9.54666 131950 0 1 0.0147426
160.388 337384 335936 0.281255 9.68203 9.54689 9.68203 9.54689 132183 0 1 0.0160741
160.667 335936 334488 0.281192 9.59893 9.54698 9.59893 9.54698 132414 0 1 0.0149359
160.946 334488 333040 0.281138 9.59893 9.54707 9.59893 9.54707 132645 0 1 0.013845
161.222 335936 331592 0.278784 9.59856 9.54716 9.59856 9.54716 132874 0 1 0.012617
161.498 337384 333040 0.278702 9.68239 9.54739 9.68239 9.54739 133105 0 1 0.0136505
161.775 338832 334488 0.278803 9.68239 9.54762 9.68239 9.54762 133336 0 1 0.0147448
162.054 337384 335936 0.281224 9.68203 9.54785 9.68203 9.54785 133569 0 1 0.0160716
162.332 335936 334488 0.28117 9.59893 9.54794 9.59893 9.54794 133800 0 1 0.0149341
162.611 334488 333040 0.281251 9.59893 9.54803 9.59893 9.54803 134031 0 1 0.0138543
162.887 335936 331592 0.278801 9.59856 9.54811 9.59856 9.54811 134260 0 1 0.0126183
163.164 337384 333040 0.278614 9.68239 9.54834 9.68239 9.54834 134491 0 1 0.0136437
163.44 338832 334488 0.278828 9.68239 9.54857 9.68239 9.54857 134722 0 1 0.0147467
163.719 337384 335936 0.281196 9.68203 9.5488 9.68203 9.5488 134955 0 1 0.0160693
163.998 335936 334488 0.28115 9.59893 9.54888 9.59893 9.54888 135186 0 1 0.0149324
164.276 334488 333040 0.281222 9.59893 9.54897 9.59893 9.54897 135417 0 1 0.0138519
164.553 335936 331592 0.278722 9.59856 9.54905 9.59856 9.54905 135646 0 1 0.0126121
164.829 337384 333040 0.278718 9.68239 9.54927 9.68239 9.54927 135877 0 1 0.0136517
165.106 338832 334488 0.278754 9.68239 9.5495 9.68239 9.5495 136108 0 1 0.014741
165.384 337384 335936 0.281172 9.68203 9.54972 9.68203 9.54972 136341 0 1 0.0160673
165.663 335936 334488 0.281256 9.59893 9.5498 9.59893 9.5498 136572 0 1 0.0149412
165.942 334488 333040 0.281194 9.59893 9.54988 9.59893 9.54988 136803 0 1 0.0138496
166.218 335936 331592 0.278768 9.59856 9.54997 9.59856 9.54997 137032 0 1 0.0126157
166.495 337384 333040 0.278778 9.68239 9.55019 9.68239 9.55019 137263 0 1 0.0136563
166.771 338832 334488 0.278742 9.68239 9.5504 9.68239 9.5504 137494 0 1 0.01474
167.05 337384 335936 0.28115 9.68203 9.55062 9.68203 9.55062 137727 0 1 0.0160655
167.329 335936 334488 0.281224 9.59893 9.5507 9.59893 9.5507 137958 0 1 0.0149385
167.607 334488 333040 0.281171 9.59893 9.55078 9.59893 9.55078 138189 0 1 0.0138477
167.884 335936 331592 0.2788 9.59856 9.55086 9.59856 9.55086 138418 0 1 0.0126182
168.16 337384 333040 0.278816 9.68239 9.55108 9.68239 9.55108 138649 0 1 0.0136594
168.436 338832 334488 0.278811 9.68239 9.55129 9.68239 9.55129 138880 0 1 0.0147454
168.715 337384 335936 0.281067 9.68203 9.55151 9.68203 9.55151 139113 0 1 0.0160587
168.994 335936 334488 0.281196 9.59893 9.55159 9.59893 9.55159 139344 0 1 0.0149362
169.273 334488 333040 0.28115 9.59893 9.55167 9.59893 9.55167 139575 0 1 0.013846
169.549 335936 331592 0.278827 9.59856 9.55174 9.59856 9.55174 139804 0 1 0.0126203
169.825 337384 333040 0.278844 9.68239 9.55196 9.68239 9.55196 140035 0 1 0.0136615
170.102 338832 334488 0.278726 9.68239 9.55217 9.68239 9.55217 140266 0 1 0.0147388
170.381 337384 335936 0.28103 9.68203 9.55238 9.68203 9.55238 140499 0 1 0.0160556
170.659 335936 334488 0.281172 9.59893 9.55246 9.59893 9.55246 140730 0 1 0.0149342
170.938 334488 333040 0.281256 9.59893 9.55253 9.59893 9.55253 140961 0 1 0.0138547
171.215 335936 331592 0.278849 9.59856 9.55261 9.59856 9.55261 141190 0 1 0.012622
171.491 337384 333040 0.278741 9.68239 9.55282 9.68239 9.55282 141421 0 1 0.0136535
171.767 338832 334488 0.278768 9.68239 9.55302 9.68239 9.55302 141652 0 1 0.014742
172.046 337384 335936 0.281203 9.68203 9.55323 9.68203 9.55323 141885 0 1 0.0160698
172.325 335936 334488 0.281077 9.59893 9.55331 9.59893 9.55331 142116 0 1 0.0149264
172.604 334488 333040 0.281224 9.59893 9.55338 9.59893 9.55338 142347 0 1 0.0138521
172.88 335936 331592 0.278743 9.59856 9.55345 9.59856 9.55345 142576 0 1 0.0126138
173.156 337384 333040 0.278774 9.68239 9.55366 9.68239 9.55366 142807 0 1 0.0136561
173.433 338832 334488 0.278795 9.68239 9.55386 9.68239 9.55386 143038 0 1 0.0147441
173.711 337384 335936 0.281206 9.68203 9.55407 9.68203 9.55407 143271 0 1 0.0160701
173.99 335936 334488 0.281118 9.59893 9.55414 9.59893 9.55414 143502 0 1 0.0149298
174.269 334488 333040 0.281101 9.59893 9.55421 9.59893 9.55421 143733 0 1 0.0138419
174.545 335936 331592 0.278775 9.59856 9.55428 9.59856 9.55428 143962 0 1 0.0126163
174.822 337384 333040 0.278803 9.68239 9.55449 9.68239 9.55449 144193 0 1 0.0136583
175.098 338832 334488 0.278824 9.68239 9.55469 9.68239 9.55469 144424 0 1 0.0147464
175.377 337384 335936 0.281188 9.68203 9.55489 9.68203 9.55489 144657 0 1 0.0160686
175.656 335936 334488 0.281126 9.59893 9.55496 9.59893 9.55496 144888 0 1 0.0149305
175.934 334488 333040 0.281155 9.59893 9.55503 9.59893 9.55503 145119 0 1 0.0138463
176.211 335936 331592 0.278678 9.59856 9.5551 9.59856 9.5551 145348 0 1 0.0126088
176.487 337384 333040 0.278828 9.68239 9.5553 9.68239 9.5553 145579 0 1 0.0136602
176.764 338832 334488 0.278848 9.68239 9.5555 9.68239 9.5555 145810 0 1 0.0147483
177.042 337384 335936 0.281168 9.68203 9.5557 9.68203 9.5557 146043 0 1 0.016067
177.321 335936 334488 0.281246 9.59893 9.55576 9.59893 9.55576 146274 0 1 0.0149403
177.6 334488 333040 0.281165 9.59893 9.55583 9.59893 9.55583 146505 0 1 0.0138472
177.876 335936 331592 0.278663 9.59856 9.5559 9.59856 9.5559 146734 0 1 0.0126076
178.153 337384 333040 0.278849 9.68239 9.55609 9.68239 9.55609 146965 0 1 0.0136619
178.429 338832 334488 0.278743 9.68239 9.55629 9.68239 9.55629 147196 0 1 0.0147401
178.708 337384 335936 0.281149 9.68203 9.55649 9.68203 9.55649 147429 0 1 0.0160654
178.986 335936 334488 0.28122 9.59893 9.55655 9.59893 9.55655 147660 0 1 0.0149382
179.265 334488 333040 0.281158 9.59893 9.55662 9.59893 9.55662 147891 0 1 0.0138466
179.542 335936 331592 0.27868 9.59856 9.55668 9.59856 9.55668 148120 0 1 0.0126089
179.818 337384 333040 0.278743 9.68239 9.55688 9.68239 9.55688 148351 0 1 0.0136537
180.094 338832 334488 0.278775 9.68239 9.55707 9.68239 9.55707 148582 0 1 0.0147426
180.373 337384 335936 0.281256 9.68203 9.55726 9.68203 9.55726 148815 0 1 0.0160742
180.652 335936 334488 0.281194 9.59893 9.55733 9.59893 9.55733 149046 0 1 0.0149361
180.931 334488 333040 0.281134 9.59893 9.55739 9.59893 9.55739 149277 0 1 0.0138447
181.207 335936 331592 0.278784 9.59856 9.55745 9.59856 9.55745 149506 0 1 0.012617
181.483 337384 333040 0.278702 9.68239 9.55764 9.68239 9.55764 149737 0 1 0.0136505
181.76 338832 334488 0.278803 9.68239 9.55783 9.68239 9.55783 149968 0 1 0.0147448
182.039 337384 335936 0.281224 9.68203 9.55802 9.68203 9.55802 150201 0 1 0.0160716
182.317 335936 334488 0.281171 9.59893 9.55808 9.59893 9.55808 150432 0 1 0.0149341
182.596 334488 333040 0.281249 9.59893 9.55815 9.59893 9.55815 150663 0 1 0.0138542
182.872 335936 331592 0.27883 9.59856 9.55821 9.59856 9.55821 150892 0 1 0.0126205
183.149 337384 333040 0.278677 9.68239 9.5584 9.68239 9.5584 151123 0 1 0.0136486
183.425 338832 334488 0.278719 9.68239 9.55858 9.68239 9.55858 151354 0 1 0.0147382
183.704 337384 335936 0.281196 9.68203 9.55877 9.68203 9.55877 151587 0 1 0.0160693
183.983 335936 334488 0.281149 9.59893 9.55883 9.59893 9.55883 151818 0 1 0.0149324
184.261 334488 333040 0.281222 9.59893 9.55889 9.59893 9.55889 152049 0 1 0.0138519
184.538 335936 331592 0.278734 9.59856 9.55895 9.59856 9.55895 152278 0 1 0.0126131
184.814 337384 333040 0.278746 9.68239 9.55914 9.68239 9.55914 152509 0 1 0.0136539
185.091 338832 334488 0.278705 9.68239 9.55932 9.68239 9.55932 152740 0 1 0.0147372
185.369 337384 335936 0.281172 9.68203 9.5595 9.68203 9.5595 152973 0 1 0.0160673
185.648 335936 334488 0.281256 9.59893 9.55956 9.59893 9.55956 153204 0 1 0.0149412
185.927 334488 333040 0.281195 9.59893 9.55962 9.59893 9.55962 153435 0 1 0.0138497
186.203 335936 331592 0.278771 9.59856 9.55968 9.59856 9.55968 153664 0 1 0.012616
186.48 337384 333040 0.27879 9.68239 9.55986 9.68239 9.55986 153895 0 1 0.0136573
186.756 338832 334488 0.278784 9.68239 9.56004 9.68239 9.56004 154126 0 1 0.0147433
187.035 337384 335936 0.281077 9.68203 9.56023 9.68203 9.56023 154359 0 1 0.0160595
187.314 335936 334488 0.281224 9.59893 9.56028 9.59893 9.56028 154590 0 1 0.0149385
187.592 334488 333040 0.281171 9.59893 9.56034 9.59893 9.56034 154821 0 1 0.0138477
187.869 335936 331592 0.278802 9.59856 9.5604 9.59856 9.5604 155050 0 1 0.0126184
188.145 337384 333040 0.278822 9.68239 9.56058 9.68239 9.56058 155281 0 1 0.0136598
188.421 338832 334488 0.278801 9.68239 9.56075 9.68239 9.56075 155512 0 1 0.0147446
188.7 337384 335936 0.281067 9.68203 9.56093 9.68203 9.56093 155745 0 1 0.0160587
188.979 335936 334488 0.281196 9.59893 9.56099 9.59893 9.56099 155976 0 1 0.0149362
189.258 334488 333040 0.28115 9.59893 9.56105 9.59893 9.56105 156207 0 1 0.013846
189.534 335936 331592 0.278827 9.59856 9.5611 9.59856 9.5611 156436 0 1 0.0126203
189.81 337384 333040 0.278847 9.68239 9.56128 9.68239 9.56128 156667 0 1 0.0136617
190.087 338832 334488 0.278722 9.68239 9.56145 9.68239 9.56145 156898 0 1 0.0147385
190.366 337384 335936 0.281104 9.68203 9.56163 9.68203 9.56163 157131 0 1 0.0160616
190.644 335936 334488 0.281088 9.59893 9.56168 9.59893 9.56168 157362 0 1 0.0149273
190.923 334488 333040 0.281257 9.59893 9.56174 9.59893 9.56174 157593 0 1 0.0138547
191.2 335936 331592 0.278849 9.59856 9.56179 9.59856 9.56179 157822 0 1 0.0126221
191.476 337384 333040 0.27874 9.68239 9.56197 9.68239 9.56197 158053 0 1 0.0136535
191.752 338832 334488 0.278768 9.68239 9.56214 9.68239 9.56214 158284 0 1 0.014742
192.031 337384 335936 0.281236 9.68203 9.56231 9.68203 9.56231 158517 0 1 0.0160725
192.31 335936 334488 0.281135 9.59893 9.56237 9.59893 9.56237 158748 0 1 0.0149312
192.589 334488 333040 0.281115 9.59893 9.56242 9.59893 9.56242 158979 0 1 0.0138431
192.865 335936 331592 0.278743 9.59856 9.56247 9.59856 9.56247 159208 0 1 0.0126138
193.141 337384 333040 0.278774 9.68239 9.56264 9.68239 9.56264 159439 0 1 0.0136561
193.418 338832 334488 0.2788 9.68239 9.56281 9.68239 9.56281 159670 0 1 0.0147445
193.696 337384 335936 0.281215 9.68203 9.56299 9.68203 9.56299 159903 0 1 0.0160708
193.975 335936 334488 0.281144 9.59893 9.56304 9.59893 9.56304 160134 0 1 0.014932
194.254 334488 333040 0.281177 9.59893 9.56309 9.59893 9.56309 160365 0 1 0.0138482
194.53 335936 331592 0.278775 9.59856 9.56314 9.59856 9.56314 160594 0 1 0.0126163
194.807 337384 333040 0.278803 9.68239 9.56331 9.68239 9.56331 160825 0 1 0.0136583
195.083 338832 334488 0.278827 9.68239 9.56348 9.68239 9.56348 161056 0 1 0.0147466
195.362 337384 335936 0.281192 9.68203 9.56365 9.68203 9.56365 161289 0 1 0.0160689
195.641 335936 334488 0.281138 9.59893 9.5637 9.59893 9.5637 161520 0 1 0.0149314
195.919 334488 333040 0.281133 9.59893 9.56375 9.59893 9.56375 161751 0 1 0.0138445
196.196 335936 331592 0.278678 9.59856 9.5638 9.59856 9.5638 161980 0 1 0.0126088
196.472 337384 333040 0.278828 9.68239 9.56396 9.68239 9.56396 162211 0 1 0.0136603
196.749 338832 334488 0.278849 9.68239 9.56413 9.68239 9.56413 162442 0 1 0.0147483
197.027 337384 335936 0.28117 9.68203 9.5643 9.68203 9.5643 162675 0 1 0.0160671
197.306 335936 334488 0.281251 9.59893 9.56434 9.59893 9.56434 162906 0 1 0.0149408
197.585 334488 333040 0.281155 9.59893 9.56439 9.59893 9.56439 163137 0 1 0.0138464
197.861 335936 331592 0.278663 9.59856 9.56444 9.59856 9.56444 163366 0 1 0.0126076
198.138 337384 333040 0.278849 9.68239 9.56461 9.68239 9.56461 163597 0 1 0.0136619
198.414 338832 334488 0.278743 9.68239 9.56477 9.68239 9.56477 163828 0 1 0.0147401
198.693 337384 335936 0.28115 9.68203 9.56493 9.68203 9.56493 164061 0 1 0.0160654
198.971 335936 334488 0.281218 9.59893 9.56498 9.59893 9.56498 164292 0 1 0.014938
199.25 334488 333040 0.281158 9.59893 9.56503 9.59893 9.56503 164523 0 1 0.0138466
199.527 335936 331592 0.278753 9.59856 9.56508 9.59856 9.56508 164752 0 1 0.0126146
199.803 337384 333040 0.27866 9.68239 9.56524 9.68239 9.56524 164983 0 1 0.0136472
