0.500133 14480 0 0 0 0 0 0 0 0 0.120112
0.701462 15928 13032 0.200125 0.575376 0.165141 0.575376 0.165141 10 0 0.0434738
0.703866 17376 13032 0.200484 9.64048 0.197492 9.64048 0.197492 12 0 0.0434166
0.706269 57920 14480 0.201174 14.4607 0.246025 14.4607 0.246025 15 0 0.0563912
0.708672 59368 55024 0.202027 144.607 0.735573 144.607 0.735573 45 0 0.0345086
0.711075 60816 56472 0.203149 14.4607 0.78196 14.4607 0.78196 48 0 0.0340567
0.90275 62264 57920 0.228005 0.181307 0.654427 0.181307 0.654427 51 0 0.0305771
0.905153 63712 59368 0.225004 14.4607 0.691083 14.4607 0.691083 54 0 0.0306227
0.907556 76744 60816 0.222379 14.4607 0.727545 14.4607 0.727545 57 0 0.0320135
1.11004 91224 73848 0.221479 2.91761 1.12705 2.91761 1.12705 108 0 0.0300375
1.323 105704 88328 0.230855 3.37265 1.4885 3.37265 1.4885 170 0 0.0264851
1.56332 115840 102808 0.246763 3.47057 1.79319 3.47057 1.79319 242 0 0.0218957
1.84449 117288 112944 0.280072 3.25469 2.01599 3.25469 2.01599 321 0 0.0183667
2.14729 112944 114392 0.29461 3.02221 2.15788 3.02221 2.15788 400 0 0.0184936
2.44769 101360 110048 0.329071 2.93071 2.25273 2.93071 2.25273 476 0 0.022304
2.70724 92672 98464 0.320516 3.03497 2.32772 3.03497 2.32772 544 0 0.0229174
2.79375 98464 89776 0.257826 8.30152 2.51271 8.30152 2.51271 606 0 0.0228771
3.02927 111496 95568 0.238307 3.24628 2.56975 3.24628 2.56975 672 0 0.0242629
3.278 121632 108600 0.250794 3.49293 2.6398 3.49293 2.6398 747 0 0.0207199
3.55557 123080 118736 0.280015 3.4639 2.70413 3.4639 2.70413 830 0 0.017481
3.84515 120184 120184 0.291861 3.32017 2.75053 3.32017 2.75053 913 0 0.017455
4.13354 117288 117288 0.290646 3.29383 2.78843 3.29383 2.78843 995 0 0.017865
4.4051 118736 114392 0.275819 3.41256 2.82691 3.41256 2.82691 1075 0 0.0181607
4.67065 123080 115840 0.268596 3.53339 2.86707 3.53339 2.86707 1156 0 0.0181881
4.95423 121632 120184 0.285553 3.39051 2.89703 3.39051 2.89703 1239 0 0.0172938
5.24622 117288 118736 0.29403 3.29284 2.91906 3.29284 2.91906 1322 0 0.0178147
5.5358 114392 114392 0.291935 3.16016 2.93168 3.16016 2.93168 1401 0 0.018337
5.81698 112944 111496 0.285622 3.21349 2.9453 3.21349 2.9453 1479 0 0.0186231
6.09215 114392 110048 0.277467 3.24156 2.95868 3.24156 2.95868 1556 0 0.0188242
6.3565 57920 111496 0.268234 3.37417 2.97596 3.37417 2.97596 1633 0 0.0447462
6.3613 59368 108600 0.26833 0 2.97371 0 2.97371 1633 0 0.0191815
6.36371 60816 105704 0.268664 0 2.97259 0 2.97259 1633 0 0.0196331
6.36611 62264 102808 0.269081 0 2.97146 0 2.97146 1633 0 0.0200886
6.80349 60816 59368 0.290498 1.11236 2.85195 1.11236 2.85195 1675 0 0.0277084
7.05102 63712 57920 0.263448 1.91874 2.81919 1.91874 2.81919 1716 0 0.028199
7.09909 69504 60816 0.2487 10.1225 2.86863 10.1225 2.86863 1758 0 0.0285604
7.37065 70952 66608 0.272432 1.96222 2.83524 1.96222 2.83524 1804 0 0.0262984
7.66384 68056 68056 0.294054 1.85698 2.79781 1.85698 2.79781 1851 0 0.0262227
7.94141 66608 65160 0.283135 1.87802 2.76566 1.87802 2.76566 1896 0 0.0265196
8.19495 70952 63712 0.258075 2.05603 2.74371 2.05603 2.74371 1941 0 0.0273975
8.44608 76744 68056 0.253838 2.16795 2.72659 2.16795 2.72659 1988 0 0.026915
8.70923 79640 73848 0.267219 2.24504 2.71204 2.24504 2.71204 2039 0 0.025133
8.988 81088 76744 0.280025 2.2439 2.69752 2.2439 2.69752 2093 0 0.0243988
9.26797 79640 78192 0.285281 2.23427 2.68353 2.23427 2.68353 2147 0 0.024169
9.54314 78192 76744 0.281833 2.2312 2.67048 2.2312 2.67048 2200 0 0.0244021
9.80629 79640 75296 0.270839 2.33308 2.66143 2.33308 2.66143 2253 0 0.0247418
10.0694 82536 76744 0.265653 2.33308 2.65285 2.33308 2.65285 2306 0 0.024656
10.3386 83984 79640 0.274702 2.41012 2.64653 2.41012 2.64653 2362 0 0.0239128
10.6162 82536 81088 0.283127 2.37882 2.63953 2.37882 2.63953 2419 0 0.0236395
10.8829 83984 79640 0.27093 2.38841 2.63337 2.38841 2.63337 2474 0 0.023967
11.1473 85432 81088 0.271747 2.49776 2.63016 2.49776 2.63016 2531 0 0.0236978
11.4116 88328 82536 0.266687 2.49776 2.62709 2.49776 2.62709 2588 0 0.0236047
11.6868 86880 85432 0.280862 2.52589 2.62471 2.52589 2.62471 2648 0 0.0228738
11.9668 85432 83984 0.28716 2.44115 2.62041 2.44115 2.62041 2707 0 0.0231752
12.2455 83984 82536 0.281103 2.36857 2.61468 2.36857 2.61468 2764 0 0.0233773
12.5195 82536 81088 0.283455 2.41012 2.6102 2.41012 2.6102 2821 0 0.0236417
12.7899 83984 79640 0.273266 2.35656 2.60484 2.35656 2.60484 2876 0 0.0239301
13.0614 82536 81088 0.280491 2.43145 2.60124 2.43145 2.60124 2933 0 0.02363
13.3414 83984 79640 0.280101 2.27565 2.59441 2.27565 2.59441 2988 0 0.0238847
13.6226 81088 81088 0.291341 2.34832 2.58933 2.34832 2.58933 3045 0 0.0238097
13.9001 79640 78192 0.281238 2.25362 2.58262 2.25362 2.58262 3099 0 0.0241426
14.1705 81088 76744 0.274674 2.27087 2.57667 2.27087 2.57667 3152 0 0.0244271
14.4337 82536 78192 0.278672 2.42112 2.57384 2.42112 2.57384 3207 0 0.0241428
14.698 85432 79640 0.266611 2.41012 2.57089 2.41012 2.57089 3262 0 0.0241153
14.9732 83984 82536 0.285441 2.44169 2.56852 2.44169 2.56852 3320 0 0.0234057
15.2471 82536 81088 0.289668 2.41012 2.56567 2.41012 2.56567 3377 0 0.0237232
15.5187 83984 79640 0.274347 2.34613 2.56183 2.34613 2.56183 3432 0 0.0239167
15.7903 57920 81088 0.287088 2.43145 2.55959 2.43145 2.55959 3489 0 0.0292084
15.7927 59368 78192 0.285452 0 2.5592 0 2.5592 3489 0 0.0241708
16.0642 60816 56472 0.275494 1.66362 2.54406 1.66362 2.54406 3528 0 0.0281709
16.319 62264 57920 0.273581 1.86443 2.53345 1.86443 2.53345 3569 0 0.0279149
16.5845 65160 59368 0.262756 1.78851 2.52152 1.78851 2.52152 3610 0 0.0279469
16.8609 63712 62264 0.289232 1.80235 2.50973 1.80235 2.50973 3653 0 0.0271365
17.1324 62264 60816 0.281862 1.83425 2.49903 1.83425 2.49903 3696 0 0.0273275
17.398 63712 59368 0.271405 1.78851 2.48818 1.78851 2.48818 3737 0 0.027672
17.6624 62264 60816 0.29161 1.88428 2.47914 1.88428 2.47914 3780 0 0.0274588
17.8883 65160 59368 0.26544 2.10244 2.47439 2.10244 2.47439 3821 0 0.0278615
18.1382 66608 62264 0.269013 2.03933 2.46839 2.03933 2.46839 3865 0 0.027172
18.4049 68056 63712 0.279983 1.95415 2.46094 1.95415 2.46094 3910 0 0.0267798
18.477 69504 65160 0.269804 7.23036 2.47955 7.23036 2.47955 3955 0 0.0266138
18.7522 70952 66608 0.277374 1.97861 2.4722 1.97861 2.4722 4002 0 0.026248
19.031 69504 68056 0.281004 1.95303 2.46459 1.95303 2.46459 4049 0 0.0259748
19.3085 68056 66608 0.281595 1.91975 2.45676 1.91975 2.45676 4095 0 0.0262437
19.5753 69504 65160 0.271588 1.95415 2.44991 1.95415 2.44991 4140 0 0.0265806
19.8372 72400 66608 0.26687 2.07845 2.44501 2.07845 2.44501 4187 0 0.0264649
20.1016 57920 69504 0.266656 2.10338 2.44051 2.10338 2.44051 4235 0 0.0275804
20.3648 60816 55024 0.26523 1.67278 2.43059 1.67278 2.43059 4273 0 0.0286983
20.6099 57920 57920 0.249607 1.89029 2.42417 1.89029 2.42417 4313 0 0.0288488
20.8706 60816 55024 0.26161 1.68819 2.41497 1.68819 2.41497 4351 0 0.0288184
21.1422 57920 57920 0.272499 1.70628 2.40587 1.70628 2.40587 4391 0 0.0279813
21.421 59368 55024 0.280136 1.57904 2.39511 1.57904 2.39511 4429 0 0.0284288
21.6949 60816 56472 0.275968 1.64903 2.38569 1.64903 2.38569 4468 0 0.0281668
21.9665 62264 57920 0.279245 1.74894 2.37782 1.74894 2.37782 4509 0 0.0278743
22.2332 63712 59368 0.274056 1.78045 2.37065 1.78045 2.37065 4550 0 0.0276335
22.5108 57920 60816 0.284069 1.75281 2.36303 1.75281 2.36303 4592 0 0.0275973
22.7944 56472 55024 0.288515 1.59313 2.35345 1.59313 2.35345 4631 0 0.0285013
23.0599 55024 53576 0.280198 1.61402 2.34494 1.61402 2.34494 4668 0 0.0287085
23.3327 53576 52128 0.281662 1.57136 2.33589 1.57136 2.33589 4705 0 0.0289922
23.5959 55024 50680 0.268001 1.54072 2.32703 1.54072 2.32703 4740 0 0.0294158
23.853 56472 52128 0.271163 1.66681 2.31991 1.66681 2.31991 4777 0 0.0290675
24.1161 59368 53576 0.264736 1.62876 2.31237 1.62876 2.31237 4814 0 0.0289928
24.3889 60816 56472 0.279921 1.65629 2.30503 1.65629 2.30503 4853 0 0.0281506
24.6641 62264 57920 0.278947 1.72602 2.29857 1.72602 2.29857 4894 0 0.0278748
24.9392 63712 59368 0.277185 1.72602 2.29225 1.72602 2.29225 4935 0 0.0276061
25.2156 62264 60816 0.289247 1.76044 2.28642 1.76044 2.28642 4977 0 0.0274095
25.492 60816 59368 0.29188 1.76044 2.28072 1.76044 2.28072 5019 0 0.0277393
25.7419 63712 57920 0.264607 1.90029 2.27703 1.90029 2.27703 5060 0 0.028162
25.993 69504 60816 0.253021 1.93732 2.27375 1.93732 2.27375 5102 0 0.0283086
26.2442 73848 66608 0.26212 2.12183 2.27229 2.12183 2.27229 5148 0 0.0266977
26.5242 57920 70952 0.276192 2.0274 2.26971 2.0274 2.26971 5197 0 0.0275117
26.8246 55024 55024 0.306465 1.50391 2.26113 1.50391 2.26113 5236 0 0.0291806
27.0745 56472 52128 0.274846 1.66854 2.25566 1.66854 2.25566 5272 0 0.029016
27.3364 57920 53576 0.266574 1.63623 2.24972 1.63623 2.24972 5309 0 0.0288887
27.608 56472 55024 0.291891 1.66362 2.24396 1.66362 2.24396 5348 0 0.0285702
27.8772 57920 53576 0.27579 1.5924 2.23767 1.5924 2.23767 5385 0 0.0287262
28.228 59368 55024 0.278392 2.54218 2.24145 2.54218 2.24145 5462 0 0.0284314
28.5032 60816 56472 0.27761 1.64183 2.23567 1.64183 2.23567 5501 0 0.0281563
28.7808 59368 57920 0.282913 1.71108 2.23061 1.71108 2.23061 5542 0 0.0278822
29.0559 60816 56472 0.278045 1.64183 2.22503 1.64183 2.22503 5581 0 0.0281544
29.3287 62264 57920 0.278957 1.74123 2.22053 1.74123 2.22053 5622 0 0.0278748
29.6027 63712 59368 0.276494 1.73359 2.21602 1.73359 2.21602 5663 0 0.0276105
29.879 62264 60816 0.28262 1.80235 2.2122 1.80235 2.2122 5706 0 0.0273309
30.147 63712 59368 0.270927 1.77246 2.20829 1.77246 2.20829 5747 0 0.0276805
30.4149 65160 60816 0.274973 1.85893 2.20521 1.85893 2.20521 5790 0 0.0273493
30.6877 66608 62264 0.274847 1.82617 2.20184 1.82617 2.20184 5833 0 0.0270778
30.9617 65160 63712 0.281882 1.90273 2.1992 1.90273 2.1992 5878 0 0.0267834
31.232 66608 62264 0.274254 1.8424 2.19611 1.8424 2.19611 5921 0 0.0270843
31.5048 65160 63712 0.280257 1.91111 2.19364 1.91111 2.19364 5966 0 0.0267799
31.7763 66608 62264 0.279003 1.83425 2.19057 1.83425 2.19057 6009 0 0.0270522
32.0527 65160 63712 0.284926 1.88618 2.18794 1.88618 2.18794 6054 0 0.0268041
32.3135 57920 62264 0.269759 1.91033 2.1857 1.91033 2.1857 6097 0 0.0275669
32.835 60816 55024 0.26244 1.71041 2.17815 1.71041 2.17815 6174 0 0.0287885
33.1101 62264 57920 0.273074 1.68393 2.17405 1.68393 2.17405 6214 0 0.0279217
33.3973 57920 59368 0.285731 1.65381 2.16957 1.65381 2.16957 6255 0 0.0277679
33.6713 56472 55024 0.29271 1.60675 2.16499 1.60675 2.16499 6293 0 0.0285904
33.9212 57920 53576 0.271438 1.71489 2.16168 1.71489 2.16168 6330 0 0.0287818
34.1783 59368 55024 0.268323 1.75691 2.15863 1.75691 2.15863 6369 0 0.0285652
34.4487 62264 56472 0.266474 1.67102 2.15481 1.67102 2.15481 6408 0 0.0283849
34.7299 60816 59368 0.289788 1.68914 2.15104 1.68914 2.15104 6449 0 0.027694
35.0171 59368 57920 0.292132 1.65381 2.14696 1.65381 2.14696 6490 0 0.0280209
35.2562 60816 56472 0.272834 1.88934 2.14521 1.88934 2.14521 6529 0 0.0282019
35.5169 62264 57920 0.274298 1.82147 2.14283 1.82147 2.14283 6570 0 0.0279062
35.7789 65160 59368 0.266819 1.81312 2.14042 1.81312 2.14042 6611 0 0.0278232
36.0625 62264 62264 0.296047 1.79738 2.13772 1.79738 2.13772 6655 0 0.0273601
36.346 59368 59368 0.306186 1.71568 2.13443 1.71568 2.13443 6697 0 0.0283352
36.6308 56472 56472 0.301917 1.62709 2.13049 1.62709 2.13049 6737 0 0.0286823
36.8988 55024 53576 0.293686 1.64277 2.12694 1.64277 2.12694 6775 0 0.0288958
37.1643 53576 52128 0.287061 1.61402 2.12328 1.61402 2.12328 6812 0 0.0290393
37.4191 55024 50680 0.268799 1.59159 2.11966 1.59159 2.11966 6847 0 0.0293973
37.6918 53576 52128 0.289551 1.57136 2.11569 1.57136 2.11569 6884 0 0.0290807
37.9598 55024 50680 0.275608 1.51308 2.11144 1.51308 2.11144 6919 0 0.0292911
38.2241 53576 52128 0.28816 1.62135 2.10805 1.62135 2.10805 6956 0 0.029056
38.4921 55024 50680 0.269188 1.51308 2.10391 1.51308 2.10391 6991 0 0.0293887
38.7654 52128 53576 0.295714 1.56828 2.10013 1.56828 2.10013 7028 0 0.0290067
39.0208 50680 49232 0.303003 1.58743 2.09677 1.58743 2.09677 7063 0 0.0300847
39.0929 53576 47784 0.257568 5.30226 2.10269 5.30226 2.10269 7096 0 0.0303952
39.3464 57920 50680 0.256931 1.64482 2.09974 1.64482 2.09974 7132 0 0.0299409
39.6144 59368 55024 0.272294 1.686 2.09694 1.686 2.09694 7171 0 0.0284882
39.8968 57920 56472 0.28327 1.59991 2.09342 1.59991 2.09342 7210 0 0.0281613
40.1635 59368 55024 0.275434 1.6936 2.09076 1.6936 2.09076 7249 0 0.0284497
40.4219 62264 56472 0.262208 1.74874 2.08858 1.74874 2.08858 7288 0 0.0285185
40.6826 63712 59368 0.268111 1.8659 2.08715 1.8659 2.08715 7330 0 0.0277395
40.9434 57920 60816 0.267406 1.91033 2.08602 1.91033 2.08602 7373 0 0.0277394
41.2089 59368 55024 0.266813 1.65764 2.08326 1.65764 2.08326 7411 0 0.0286027
41.448 57920 56472 0.245421 1.88934 2.08215 1.88934 2.08215 7450 0 0.0293463
41.704 60816 55024 0.261436 1.76516 2.0802 1.76516 2.0802 7489 0 0.0288248
41.9755 62264 57920 0.270785 1.70628 2.07778 1.70628 2.07778 7529 0 0.0279586
42.2615 60816 59368 0.285166 1.66075 2.07496 1.66075 2.07496 7570 0 0.0276248
42.5415 59368 57920 0.292805 1.69639 2.07247 1.69639 2.07247 7611 0 0.0280377
42.8142 60816 56472 0.277405 1.65629 2.06982 1.65629 2.06982 7650 0 0.0281573
43.0834 59368 57920 0.281947 1.76455 2.06791 1.76455 2.06791 7691 0 0.0278775
43.3526 57920 56472 0.272331 1.67848 2.06549 1.67848 2.06549 7730 0 0.0282094
43.6313 56472 55024 0.288789 1.6206 2.06265 1.6206 2.06265 7769 0 0.0285061
43.8741 59368 53576 0.263831 1.76583 2.06101 1.76583 2.06101 7806 0 0.0290212
44.1384 60816 56472 0.273118 1.75281 2.05916 1.75281 2.05916 7846 0 0.0281979
44.416 59368 57920 0.287036 1.71108 2.05699 1.71108 2.05699 7887 0 0.0279232
44.7008 57920 56472 0.284498 1.58641 2.05399 1.58641 2.05399 7926 0 0.0281708
44.9831 55024 55024 0.29933 1.59991 2.05114 1.59991 2.05114 7965 0 0.0288538
45.2547 56472 52128 0.279277 1.53565 2.04804 1.53565 2.04804 8001 0 0.02899
45.5214 57920 53576 0.270945 1.60675 2.04546 1.60675 2.04546 8038 0 0.0287904
45.793 56472 55024 0.289356 1.66362 2.04319 1.66362 2.04319 8077 0 0.0285164
46.0694 57920 53576 0.276841 1.55086 2.04024 1.55086 2.04024 8114 0 0.0287184
46.3241 56472 55024 0.289444 1.77348 2.03877 1.77348 2.03877 8153 0 0.028518
46.5777 59368 53576 0.260085 1.69051 2.03688 1.69051 2.03688 8190 0 0.0291564
46.8444 57920 56472 0.283685 1.73702 2.03517 1.73702 2.03517 8230 0 0.0281641
47.122 55024 55024 0.296282 1.62761 2.03277 1.62761 2.03277 8269 0 0.0287453
47.3623 56472 52128 0.279313 1.73529 2.03126 1.73529 2.03126 8305 0 0.0289899
47.6351 57920 53576 0.276547 1.57136 2.02863 1.57136 2.02863 8342 0 0.0287204
47.9114 56472 55024 0.300726 1.63469 2.02635 1.63469 2.02635 8381 0 0.0288584
48.0076 55024 53576 0.280579 4.45872 2.03122 4.45872 2.03122 8418 0 0.0287088
48.2839 56472 52128 0.279819 1.55086 2.02847 1.55086 2.02847 8455 0 0.0289895
48.5591 57920 53576 0.277798 1.55763 2.02581 1.55763 2.02581 8492 0 0.0287133
48.8355 56472 55024 0.282163 1.63469 2.02359 1.63469 2.02359 8531 0 0.0284335
49.113 57920 53576 0.280107 1.54415 2.02088 1.54415 2.02088 8568 0 0.0287085
49.6093 63712 55024 0.249772 1.79738 2.01865 1.79738 2.01865 8645 0 0.0295993
49.8712 68056 60816 0.260775 1.85734 2.0178 1.85734 2.0178 8687 0 0.0278305
50.15 69504 65160 0.277767 1.86992 2.01698 1.86992 2.01698 8732 0 0.0265148
50.4324 68056 66608 0.291008 1.9281 2.01648 1.9281 2.01648 8779 0 0.0263623
50.7088 66608 65160 0.280958 1.88618 2.01577 1.88618 2.01577 8824 0 0.0265107
50.9767 68056 63712 0.27935 1.94539 2.0154 1.94539 2.0154 8869 0 0.0267803
51.2399 70952 65160 0.267087 1.98092 2.01522 1.98092 2.01522 8914 0 0.0267279
51.5078 72400 68056 0.275875 2.07508 2.01553 2.07508 2.01553 8962 0 0.0259908
51.7854 70952 69504 0.285587 2.04495 2.01569 2.04495 2.01569 9011 0 0.0257391
52.0678 69504 68056 0.283594 1.9281 2.01522 1.9281 2.01522 9058 0 0.0259867
52.3465 68056 66608 0.291107 1.95303 2.01489 1.95303 2.01489 9105 0 0.0263645
52.6181 69504 65160 0.275762 1.91956 2.01439 1.91956 2.01439 9150 0 0.0265278
52.8921 68056 66608 0.285617 1.98729 2.01425 1.98729 2.01425 9197 0 0.0262727
53.1696 57920 65160 0.279102 1.87802 2.01354 1.87802 2.01354 9242 0 0.0273322
53.4472 56472 55024 0.291362 1.62761 2.01154 1.62761 2.01154 9281 0 0.0285579
53.6995 57920 53576 0.271238 1.69856 2.01007 1.69856 2.01007 9318 0 0.0287852
53.9663 56472 55024 0.280211 1.6936 2.0085 1.6936 2.0085 9357 0 0.0284289
54.2391 57920 53576 0.273424 1.57136 2.00631 1.57136 2.00631 9394 0 0.0287517
54.5154 56472 55024 0.290304 1.63469 2.00442 1.63469 2.00442 9433 0 0.028535
54.793 55024 53576 0.280252 1.54415 2.00209 1.54415 2.00209 9470 0 0.0287085
55.0718 52128 52128 0.295697 1.53749 1.99974 1.53749 1.99974 9507 0 0.0292872
55.3457 53576 49232 0.279174 1.43762 1.99696 1.43762 1.99696 9541 0 0.0295562
55.6149 55024 50680 0.273401 1.50632 1.99458 1.50632 1.99458 9576 0 0.0293153
55.8864 53576 52128 0.293315 1.57831 1.99256 1.57831 1.99256 9613 0 0.0291667
56.152 55024 50680 0.276201 1.52677 1.99036 1.52677 1.99036 9648 0 0.0292862
56.4248 52128 52128 0.29668 1.57136 1.98833 1.57136 1.98833 9685 0 0.029319
56.6615 53576 49232 0.278008 1.66384 1.98697 1.66384 1.98697 9719 0 0.0295595
56.9354 55024 50680 0.276517 1.4799 1.98453 1.4799 1.98453 9754 0 0.0292839
57.213 53576 52128 0.301258 1.54415 1.9824 1.54415 1.9824 9791 0 0.0294413
57.3176 52128 50680 0.281922 3.87835 1.98586 3.87835 1.98586 9826 0 0.0292755
57.5939 50680 49232 0.280332 1.46703 1.98337 1.46703 1.98337 9861 0 0.0295556
57.8655 52128 47784 0.274654 1.40768 1.98066 1.40768 1.98066 9894 0 0.0298692
58.137 53576 49232 0.278009 1.49299 1.97839 1.49299 1.97839 9929 0 0.0295595
58.3738 57920 50680 0.243546 1.71278 1.97731 1.71278 1.97731 9964 0 0.0307376
58.6249 62264 55024 0.256133 1.79894 1.97655 1.79894 1.97655 10003 0 0.0291354
58.9013 63712 59368 0.275413 1.71852 1.97533 1.71852 1.97533 10044 0 0.0276192
59.1945 60816 60816 0.298779 1.69894 1.97397 1.69894 1.97397 10087 0 0.027728
59.4852 57920 57920 0.293756 1.59347 1.97211 1.59347 1.97211 10127 0 0.0281142
59.7532 59368 55024 0.27451 1.64277 1.97063 1.64277 1.97063 10165 0 0.028459
60.0103 62264 56472 0.261804 1.75691 1.96971 1.75691 1.96971 10204 0 0.028533
60.2627 65160 59368 0.263399 1.9281 1.96954 1.9281 1.96954 10246 0 0.0279251
60.5186 68056 62264 0.265419 1.99146 1.96963 1.99146 1.96963 10290 0 0.0273152
60.7914 69504 65160 0.279401 1.95358 1.96956 1.95358 1.96956 10336 0 0.0265102
61.0762 66608 66608 0.292927 1.91183 1.96929 1.91183 1.96929 10383 0 0.0264596
61.3549 65160 63712 0.282862 1.82837 1.96865 1.82837 1.96865 10427 0 0.026788
61.6181 57920 62264 0.269402 1.89288 1.96833 1.89288 1.96833 10470 0 0.0275744
61.8836 59368 55024 0.276027 1.70126 1.96718 1.70126 1.96718 10509 0 0.0284446
62.148 62264 56472 0.265532 1.70899 1.96608 1.70899 1.96608 10548 0 0.0284112
62.4244 60816 59368 0.285619 1.76044 1.96517 1.76044 1.96517 10590 0 0.0276297
62.7115 57920 57920 0.298367 1.65381 1.96375 1.65381 1.96375 10631 0 0.0282624
63.2499 59368 55024 0.27951 1.63544 1.96095 1.63544 1.96095 10707 0 0.0284291
63.519 60816 56472 0.274393 1.67848 1.95975 1.67848 1.95975 10746 0 0.028182
63.7882 59368 57920 0.286571 1.76455 1.95893 1.76455 1.95893 10787 0 0.0279169
64.0573 60816 56472 0.27269 1.67848 1.95775 1.67848 1.95775 10826 0 0.028204
64.3301 59368 57920 0.289106 1.74123 1.95683 1.74123 1.95683 10867 0 0.0279566
64.6041 60816 56472 0.276142 1.64903 1.95553 1.64903 1.95553 10906 0 0.0281655
64.878 57920 57920 0.295757 1.73359 1.95459 1.73359 1.95459 10947 0 0.0281733
65.1436 59368 55024 0.277639 1.65764 1.95338 1.65764 1.95338 10985 0 0.0284344
65.3719 60816 56472 0.27313 1.97884 1.95347 1.97884 1.95347 11024 0 0.0281978
65.6482 57920 57920 0.295423 1.71852 1.95248 1.71852 1.95248 11065 0 0.0281629
65.9138 59368 55024 0.278549 1.65764 1.95129 1.65764 1.95129 11103 0 0.0284309
66.028 60816 56472 0.266537 3.95767 1.95476 3.95767 1.95476 11142 0 0.0283318
66.2947 62264 57920 0.270254 1.78045 1.95406 1.78045 1.95406 11183 0 0.0279687
66.5627 63712 59368 0.272576 1.77246 1.95333 1.77246 1.95333 11224 0 0.0276533
66.8366 65160 60816 0.279017 1.81816 1.95278 1.81816 1.95278 11267 0 0.027325
67.1094 66608 62264 0.275359 1.82617 1.95226 1.82617 1.95226 11310 0 0.0270728
67.3846 65160 63712 0.28083 1.89442 1.95202 1.89442 1.95202 11355 0 0.0267805
67.6597 66608 62264 0.277731 1.81022 1.95145 1.81022 1.95145 11398 0 0.0270564
67.9325 57920 63712 0.279371 1.91111 1.95129 1.91111 1.95129 11443 0 0.0273793
68.18 62264 55024 0.253102 1.77834 1.95066 1.77834 1.95066 11481 0 0.0292893
68.4167 69504 59368 0.240524 2.00639 1.95085 2.00639 1.95085 11522 0 0.0295673
68.6727 73848 66608 0.260377 2.12724 1.95151 2.12724 1.95151 11569 0 0.0267631
68.9551 72400 70952 0.281088 2.01014 1.95175 2.01014 1.95175 11618 0 0.0254445
69.241 69504 69504 0.29451 1.9848 1.95188 1.9848 1.95188 11667 0 0.0259698
69.515 57920 66608 0.278331 1.94501 1.95186 1.94501 1.95186 11713 0 0.0273222
69.7818 59368 55024 0.27039 1.65017 1.9507 1.65017 1.9507 11751 0 0.0285212
70.0413 57920 56472 0.262186 1.74064 1.94993 1.74064 1.94993 11790 0 0.0284679
70.3081 59368 55024 0.276167 1.6936 1.94895 1.6936 1.94895 11829 0 0.0284435
70.5832 60816 56472 0.274383 1.64183 1.94776 1.64183 1.94776 11868 0 0.0281821
70.8536 59368 57920 0.284862 1.75671 1.94703 1.75671 1.94703 11909 0 0.0278973
71.1227 57920 56472 0.272846 1.67848 1.94601 1.67848 1.94601 11948 0 0.0282018
71.3871 56472 55024 0.282354 1.70899 1.94513 1.70899 1.94513 11987 0 0.0284344
71.6274 60816 53576 0.251635 1.78349 1.94459 1.78349 1.94459 12024 0 0.02965
71.8737 65160 57920 0.256384 1.9281 1.94453 1.9281 1.94453 12065 0 0.0285683
72.1237 69504 62264 0.260373 1.99298 1.9447 1.99298 1.9447 12108 0 0.0275734
72.4109 66608 66608 0.295481 1.89583 1.94451 1.89583 1.94451 12155 0 0.0265321
72.704 63712 63712 0.294651 1.73845 1.94368 1.73845 1.94368 12199 0 0.0270458
72.9864 62264 60816 0.289302 1.72298 1.94282 1.72298 1.94282 12241 0 0.0274105
73.2604 63712 59368 0.279398 1.73359 1.94204 1.73359 1.94204 12282 0 0.0275985
73.5259 57920 60816 0.292316 1.87575 1.9418 1.87575 1.9418 12325 0 0.0277324
74.0054 60816 55024 0.265847 1.83628 1.94112 1.83628 1.94112 12401 0 0.0286805
74.2697 63712 57920 0.264852 1.75281 1.94045 1.75281 1.94045 12441 0 0.0281545
74.3851 65160 60816 0.268963 4.21771 1.94398 4.21771 1.94398 12483 0 0.0274458
74.6566 66608 62264 0.273692 1.83425 1.94358 1.83425 1.94358 12526 0 0.027091
74.9342 65160 63712 0.282248 1.87802 1.94334 1.87802 1.94334 12571 0 0.0267849
75.2106 63712 62264 0.281069 1.80235 1.94282 1.80235 1.94282 12614 0 0.0270524
75.4882 62264 60816 0.282937 1.79455 1.94227 1.79455 1.94227 12657 0 0.0273326
75.7441 66608 59368 0.260436 1.85568 1.94198 1.85568 1.94198 12698 0 0.0281178
76.0036 57920 63712 0.264804 2.00843 1.94221 2.00843 1.94221 12743 0 0.0276098
76.2668 60816 55024 0.265301 1.67278 1.94128 1.67278 1.94128 12781 0 0.0286962
76.5299 63712 57920 0.265456 1.76082 1.94066 1.76082 1.94066 12821 0 0.0281366
76.8003 65160 60816 0.272006 1.79956 1.94016 1.79956 1.94016 12863 0 0.0273879
77.0755 66608 62264 0.277113 1.81022 1.9397 1.81022 1.9397 12906 0 0.0270596
77.3554 65160 63712 0.287193 1.8619 1.93942 1.8619 1.93942 12951 0 0.0268316
77.633 63712 62264 0.280559 1.79455 1.9389 1.79455 1.9389 12994 0 0.0270516
77.9082 62264 60816 0.284196 1.81022 1.93844 1.81022 1.93844 13037 0 0.0273416
78.1761 63712 59368 0.271844 1.77246 1.93787 1.77246 1.93787 13078 0 0.0276647
78.4465 65160 60816 0.279419 1.8424 1.93755 1.8424 1.93755 13121 0 0.0273244
78.7205 66608 62264 0.275726 1.81816 1.93713 1.81816 1.93713 13164 0 0.0270695
78.998 65160 63712 0.287546 1.87802 1.93692 1.87802 1.93692 13209 0 0.0268368
79.2732 66608 62264 0.279192 1.81022 1.93648 1.81022 1.93648 13252 0 0.0270519
79.5411 65160 63712 0.281559 1.94539 1.93651 1.94539 1.93651 13297 0 0.0267823
79.8103 66608 62264 0.271788 1.85063 1.93622 1.85063 1.93622 13340 0 0.0271187
80.0795 65160 63712 0.281396 1.9367 1.93622 1.9367 1.93622 13385 0 0.0267818
80.3522 66608 62264 0.274623 1.82617 1.93585 1.82617 1.93585 13428 0 0.0270802
80.6286 57920 63712 0.289067 1.88618 1.93568 1.88618 1.93568 13473 0 0.0274611
80.9074 56472 55024 0.280809 1.57904 1.93445 1.57904 1.93445 13511 0 0.0284295
81.1669 57920 53576 0.274489 1.65138 1.93355 1.65138 1.93355 13548 0 0.0287388
81.4385 56472 55024 0.288333 1.66362 1.93265 1.66362 1.93265 13587 0 0.0284983
81.7124 57920 53576 0.276807 1.56446 1.93141 1.56446 1.93141 13624 0 0.0287186
82.2556 59368 55024 0.280039 1.64229 1.9295 1.64229 1.9295 13701 0 0.0284288
82.467 60816 56472 0.270462 2.13624 1.93003 2.13624 1.93003 13740 0 0.0282415
82.7194 62264 57920 0.271148 1.88219 1.92989 1.88219 1.92989 13781 0 0.027952
82.9705 66608 59368 0.254733 1.89119 1.92977 1.89119 1.92977 13822 0 0.0283735
83.2325 68056 63712 0.27602 1.99001 1.92996 1.99001 1.92996 13867 0 0.0267957
83.5064 69504 65160 0.273423 1.90273 1.92987 1.90273 1.92987 13912 0 0.026553
83.778 68056 66608 0.290337 2.00488 1.93011 2.00488 1.93011 13959 0 0.026348
84.0423 70952 65160 0.267344 1.97192 1.93025 1.97192 1.93025 14004 0 0.0267213
84.3103 69504 68056 0.287586 2.07508 1.93071 2.07508 1.93071 14052 0 0.0260314
84.5855 66608 66608 0.294369 1.97861 1.93086 1.97861 1.93086 14099 0 0.026499
84.708 68056 63712 0.274988 4.15864 1.93408 4.15864 1.93408 14143 0 0.0268049
84.9772 57920 65160 0.271771 1.9367 1.93409 1.9367 1.93409 14188 0 0.0273991
85.4001 55024 55024 0.295888 1.06812 1.9298 1.06812 1.9298 14227 0 0.0287326
85.5083 56472 52128 0.266934 3.85619 1.93224 3.85619 1.93224 14263 0 0.0291602
85.7738 57920 53576 0.267668 1.61402 1.93126 1.61402 1.93126 14300 0 0.0288605
86.0466 59368 55024 0.278529 1.65629 1.93038 1.65629 1.93038 14339 0 0.028431
86.3206 60816 56472 0.276521 1.64903 1.92949 1.64903 1.92949 14378 0 0.0281627
86.5957 59368 57920 0.282007 1.72602 1.92884 1.72602 1.92884 14419 0 0.0278777
86.8709 60816 56472 0.277875 1.64183 1.92794 1.64183 1.92794 14458 0 0.0281551
87.1473 59368 57920 0.283797 1.71852 1.92727 1.71852 1.92727 14499 0 0.0278881
87.4212 60816 56472 0.277043 1.64903 1.9264 1.64903 1.9264 14538 0 0.0281593
87.6916 62264 57920 0.279196 1.75671 1.92588 1.75671 1.92588 14579 0 0.0278743
87.9632 63712 59368 0.274078 1.74894 1.92533 1.74894 1.92533 14620 0 0.0276332
88.2395 57920 60816 0.28494 1.80235 1.92494 1.80235 1.92494 14663 0 0.0276052
88.5159 59368 55024 0.279073 1.59277 1.92391 1.59277 1.92391 14701 0 0.0284297
88.7875 60816 56472 0.274866 1.66362 1.92311 1.66362 1.92311 14740 0 0.0281769
89.0614 57920 57920 0.285006 1.73359 1.92253 1.73359 1.92253 14781 0 0.0279501
89.5973 59368 55024 0.267253 1.64277 1.92085 1.64277 1.92085 14857 0 0.0285913
89.8413 62264 56472 0.260273 1.85211 1.92067 1.85211 1.92067 14896 0 0.0285911
90.0864 65160 59368 0.261419 1.9848 1.92084 1.9848 1.92084 14938 0 0.0279948
90.3447 66608 62264 0.268484 1.97294 1.92099 1.97294 1.92099 14982 0 0.0271839
90.6199 57920 63712 0.283276 1.89442 1.92091 1.89442 1.92091 15027 0 0.0273896
90.9023 56472 55024 0.282049 1.55889 1.91979 1.55889 1.91979 15065 0 0.028433
91.157 57920 53576 0.267431 1.68254 1.91912 1.68254 1.91912 15102 0 0.0288664
91.4166 59368 55024 0.274137 1.74064 1.91862 1.74064 1.91862 15141 0 0.0284632
91.6761 60816 56472 0.267779 1.74064 1.91811 1.74064 1.91811 15180 0 0.0282999
91.9308 62264 57920 0.279508 1.86443 1.91796 1.86443 1.91796 15221 0 0.0278739
92.1423 66608 59368 0.260496 2.24579 1.91872 2.24579 1.91872 15262 0 0.0281155
92.3959 68056 63712 0.272255 2.05603 1.91909 2.05603 1.91909 15307 0 0.0268398
92.6566 70952 65160 0.262775 1.99918 1.91932 1.99918 1.91932 15352 0 0.0268578
92.9282 69504 68056 0.283007 2.04754 1.91969 2.04754 1.91969 15400 0 0.0259829
93.2069 66608 66608 0.2921 1.95303 1.91979 1.95303 1.91979 15447 0 0.0264389
93.4773 68056 63712 0.272379 1.88525 1.91969 1.88525 1.91969 15491 0 0.0268379
93.7465 69504 65160 0.270818 1.9367 1.91974 1.9367 1.91974 15536 0 0.0265941
94.0204 68056 66608 0.291085 1.98729 1.91994 1.98729 1.91994 15583 0 0.026364
94.2812 69504 65160 0.275226 1.99918 1.92016 1.99918 1.92016 15628 0 0.0265326
94.5335 57920 66608 0.271147 2.15763 1.92079 2.15763 1.92079 15675 0 0.0273978
94.6537 62264 55024 0.257363 3.66338 1.923 3.66338 1.923 15713 0 0.0290782
94.9108 66608 59368 0.258752 1.84701 1.9228 1.84701 1.9228 15754 0 0.0281866
95.18 68056 63712 0.273394 1.9367 1.92284 1.9367 1.92284 15799 0 0.0268235
95.4599 66608 65160 0.281345 1.8619 1.92266 1.8619 1.92266 15844 0 0.0265116
95.7435 65160 63712 0.289853 1.83823 1.92241 1.83823 1.92241 15889 0 0.0268769
96.0175 66608 62264 0.277689 1.81816 1.92211 1.81816 1.92211 15932 0 0.0270566
96.2878 68056 63712 0.277777 1.9281 1.92213 1.9281 1.92213 15977 0 0.0267848
96.5414 72400 65160 0.257999 2.05603 1.92248 2.05603 1.92248 16022 0 0.0271308
96.8021 75296 69504 0.267017 2.17688 1.92316 2.17688 1.92316 16071 0 0.0259278
97.0677 78192 72400 0.267117 2.1811 1.92387 2.1811 1.92387 16121 0 0.0253975
97.3332 81088 75296 0.26905 2.26835 1.92481 2.26835 1.92481 16173 0 0.0248291
97.5952 83984 78192 0.265462 2.38801 1.92605 2.38801 1.92605 16227 0 0.0244038
97.8607 86880 81088 0.267531 2.44284 1.92746 2.44284 1.92746 16283 0 0.0238366
98.1299 88328 83984 0.271023 2.4962 1.92902 2.4962 1.92902 16341 0 0.0232045
98.4075 89776 85432 0.277889 2.46229 1.93052 2.46229 1.93052 16400 0 0.0228775
98.679 88328 86880 0.288447 2.60208 1.93237 2.60208 1.93237 16461 0 0.0226949
98.9362 89776 85432 0.276079 2.65789 1.93425 2.65789 1.93425 16520 0 0.0228884
99.2089 88328 86880 0.285354 2.59061 1.93606 2.59061 1.93606 16581 0 0.0226522
99.4853 89776 85432 0.277042 2.47299 1.93755 2.47299 1.93755 16640 0 0.0228818
99.7485 88328 86880 0.281609 2.68525 1.93952 2.68525 1.93952 16701 0 0.0226261
100.014 91224 85432 0.266566 2.5737 1.94121 2.5737 1.94121 16760 0 0.0231049
100.283 89776 88328 0.28253 2.66835 1.94316 2.66835 1.94316 16822 0 0.0223818
100.56 86880 86880 0.289552 2.55682 1.94484 2.55682 1.94484 16883 0 0.0227661
100.824 88328 83984 0.276579 2.54158 1.94641 2.54158 1.94641 16941 0 0.0231356
101.095 89776 85432 0.273844 2.51676 1.94794 2.51676 1.94794 17000 0 0.0229109
101.371 86880 86880 0.292581 2.56799 1.94962 2.56799 1.94962 17061 0 0.0228332
101.592 88328 83984 0.276831 3.03885 1.95199 3.03885 1.95199 17119 0 0.0231339
101.862 89776 85432 0.272937 2.52795 1.95352 2.52795 1.95352 17178 0 0.0229229
102.137 88328 86880 0.287956 2.56799 1.95518 2.56799 1.95518 17239 0 0.0226868
102.412 89776 85432 0.277719 2.48379 1.9566 2.48379 1.9566 17298 0 0.0228782
102.688 57920 86880 0.29156 2.56799 1.95824 2.56799 1.95824 17359 0 0.0310242
102.966 59368 55024 0.278301 1.57904 1.95721 1.57904 1.95721 17397 0 0.0284317
103.09 57920 56472 0.256683 3.65028 1.95924 3.65028 1.95924 17436 0 0.0286942
103.346 60816 55024 0.259165 1.76516 1.95876 1.76516 1.95876 17475 0 0.0289142
103.612 62264 57920 0.267123 1.74488 1.95821 1.74488 1.95821 17515 0 0.0280395
103.889 57920 59368 0.278813 1.71108 1.95755 1.71108 1.95755 17556 0 0.0277365
104.158 59368 55024 0.275465 1.67848 1.95683 1.67848 1.95683 17595 0 0.0284494
104.421 62264 56472 0.266458 1.7168 1.95623 1.7168 1.95623 17634 0 0.0283853
104.671 66608 59368 0.257274 1.94664 1.95621 1.94664 1.95621 17676 0 0.0282515
104.933 57920 63712 0.266531 1.99001 1.95629 1.99001 1.95629 17721 0 0.0275603
105.21 59368 55024 0.277238 1.59277 1.95533 1.59277 1.95533 17759 0 0.0284364
105.474 57920 56472 0.267906 1.70899 1.95472 1.70899 1.95472 17798 0 0.0282968
105.742 59368 55024 0.274686 1.686 1.95404 1.686 1.95404 17837 0 0.0284571
105.993 63712 56472 0.256586 1.79894 1.95367 1.79894 1.95367 17876 0 0.0288357
106.254 66608 60816 0.26677 1.91033 1.95356 1.91033 1.95356 17919 0 0.0275504
106.525 68056 63712 0.272441 1.87691 1.95337 1.87691 1.95337 17963 0 0.026837
106.804 69504 65160 0.279975 1.86992 1.95315 1.86992 1.95315 18008 0 0.0265098
107.085 68056 66608 0.290368 1.93634 1.95311 1.93634 1.95311 18055 0 0.0263486
107.358 69504 65160 0.277363 1.91111 1.953 1.91111 1.953 18100 0 0.0265168
107.623 70952 66608 0.276522 2.05956 1.95326 2.05956 1.95326 18147 0 0.0262532
107.884 57920 68056 0.265428 2.07845 1.95356 2.07845 1.95356 18194 0 0.0275554
108.407 60816 55024 0.259956 1.70648 1.95237 1.70648 1.95237 18271 0 0.0288819
108.673 63712 57920 0.264863 1.74488 1.95187 1.74488 1.95187 18311 0 0.0281541
108.948 57920 60816 0.274226 1.76812 1.9514 1.76812 1.9514 18353 0 0.0276141
109.216 59368 55024 0.274995 1.64277 1.95064 1.64277 1.95064 18391 0 0.0284539
109.475 62264 56472 0.264683 1.74064 1.95015 1.74064 1.95015 18430 0 0.0284365
109.74 60816 59368 0.281742 1.84046 1.94988 1.84046 1.94988 18472 0 0.0276012
110.014 59368 57920 0.290002 1.73359 1.94934 1.73359 1.94934 18513 0 0.0279737
110.288 60816 56472 0.275828 1.64903 1.9486 1.64903 1.9486 18552 0 0.028168
110.55 59368 57920 0.291313 1.81312 1.94828 1.81312 1.94828 18593 0 0.0280017
110.814 60816 56472 0.2669 1.70899 1.94771 1.70899 1.94771 18632 0 0.0283222
111.064 59368 57920 0.283634 1.90029 1.9476 1.90029 1.9476 18673 0 0.0278869
111.321 57920 56472 0.255491 1.75691 1.94716 1.75691 1.94716 18712 0 0.0287512
111.594 56472 55024 0.286725 1.65629 1.94645 1.65629 1.94645 18751 0 0.028474
111.766 57920 53576 0.273955 2.49439 1.94729 2.49439 1.94729 18788 0 0.028745
112.036 56472 55024 0.290566 1.67102 1.94662 1.67102 1.94662 18827 0 0.0285405
112.184 57920 53576 0.275225 2.89998 1.94788 2.89998 1.94788 18864 0 0.0287312
112.437 62264 55024 0.258966 1.78189 1.94751 1.78189 1.94751 18903 0 0.0290082
112.691 66608 59368 0.25626 1.87327 1.94734 1.87327 1.94734 18944 0 0.0282987
112.958 68056 63712 0.270847 1.95415 1.94735 1.95415 1.94735 18989 0 0.0268636
113.24 66608 65160 0.283308 1.84605 1.9471 1.84605 1.9471 19034 0 0.0265207
113.515 65160 63712 0.281958 1.89442 1.94697 1.89442 1.94697 19079 0 0.0267837
113.782 66608 62264 0.270281 1.8673 1.94679 1.8673 1.94679 19122 0 0.0271457
114.045 68056 63712 0.269939 1.98092 1.94687 1.98092 1.94687 19167 0 0.026881
114.314 69504 65160 0.271019 1.9367 1.94684 1.9367 1.94684 19212 0 0.0265905
114.583 70952 66608 0.27618 2.02278 1.94702 2.02278 1.94702 19259 0 0.0262557
114.854 72400 68056 0.272655 2.01379 1.94718 2.01379 1.94718 19306 0 0.0260278
115.125 73848 69504 0.279023 2.09019 1.94752 2.09019 1.94752 19355 0 0.0257088
115.394 75296 70952 0.272326 2.10885 1.94789 2.10885 1.94789 19404 0 0.0255022
115.665 57920 72400 0.278483 2.18518 1.94845 2.18518 1.94845 19455 0 0.02763
115.942 59368 55024 0.278674 1.58588 1.94758 1.58588 1.94758 19493 0 0.0284306
116.207 60816 56472 0.267426 1.70899 1.94704 1.70899 1.94704 19532 0 0.0283087
116.482 59368 57920 0.282836 1.72602 1.94651 1.72602 1.94651 19573 0 0.0278817
116.756 60816 56472 0.276996 1.64903 1.94582 1.64903 1.94582 19612 0 0.0281596
117.007 62264 57920 0.26848 1.89119 1.9457 1.89119 1.9457 19653 0 0.0280064
117.27 57920 59368 0.26278 1.80484 1.94538 1.80484 1.94538 19694 0 0.0280316
117.545 56472 55024 0.283993 1.64183 1.94467 1.64183 1.94467 19733 0 0.0284448
117.807 57920 53576 0.268758 1.63623 1.94399 1.63623 1.94399 19770 0 0.0288348
118.069 59368 55024 0.275936 1.72467 1.9435 1.72467 1.9435 19809 0 0.0284453
118.338 60816 56472 0.269553 1.67848 1.9429 1.67848 1.9429 19848 0 0.0282597
118.618 59368 57920 0.291708 1.69639 1.94231 1.69639 1.94231 19889 0 0.0280108
118.896 57920 56472 0.281859 1.62761 1.94158 1.62761 1.94158 19928 0 0.028154
119.16 56472 55024 0.288877 1.70899 1.94106 1.70899 1.94106 19967 0 0.0285076
119.419 59368 53576 0.264628 1.65906 1.94045 1.65906 1.94045 20004 0 0.0289961
119.661 60816 56472 0.269577 1.90901 1.94039 1.90901 1.94039 20044 0 0.0282592
119.919 62264 57920 0.269617 1.84701 1.94019 1.84701 1.94019 20085 0 0.0279815
120.192 57920 59368 0.266686 1.73359 1.93972 1.73359 1.93972 20126 0 0.0279124
120.478 55024 55024 0.301627 1.57974 1.93886 1.57974 1.93886 20165 0 0.0289479
120.757 53576 52128 0.284623 1.49594 1.93784 1.49594 1.93784 20201 0 0.0290108
121.025 55024 50680 0.277941 1.51308 1.9369 1.51308 1.9369 20236 0 0.029276
121.288 52128 52128 0.295733 1.62876 1.93623 1.62876 1.93623 20273 0 0.0292883
121.476 53576 49232 0.268528 2.10113 1.93649 2.10113 1.93649 20307 0 0.0296871
121.596 55024 50680 0.266919 3.37417 1.93791 3.37417 1.93791 20342 0 0.0294429
121.871 56472 52128 0.27777 1.55763 1.93705 1.55763 1.93705 20379 0 0.0289944
122.141 57920 53576 0.273366 1.58532 1.93627 1.58532 1.93627 20416 0 0.0287525
122.407 59368 55024 0.272046 1.70126 1.93576 1.70126 1.93576 20455 0 0.0284921
122.659 63712 56472 0.256537 1.79037 1.93546 1.79037 1.93546 20494 0 0.028838
122.927 65160 60816 0.272398 1.85893 1.93529 1.85893 1.93529 20537 0 0.0273818
123.199 66608 62264 0.27377 1.83425 1.93507 1.83425 1.93507 20580 0 0.02709
123.476 65160 63712 0.283873 1.87802 1.93494 1.87802 1.93494 20625 0 0.0267948
123.755 63712 62264 0.281171 1.78681 1.93461 1.78681 1.93461 20668 0 0.0270526
124.028 62264 60816 0.281267 1.82617 1.93437 1.82617 1.93437 20711 0 0.0273256
124.3 63712 59368 0.274245 1.74894 1.93397 1.74894 1.93397 20752 0 0.0276313
124.552 57920 60816 0.264506 1.974 1.93405 1.974 1.93405 20795 0 0.0278208
124.809 62264 55024 0.259142 1.71186 1.93359 1.71186 1.93359 20833 0 0.0290008
125.07 65160 59368 0.261325 1.82147 1.93336 1.82147 1.93336 20874 0 0.0279983
125.346 63712 62264 0.283056 1.84427 1.93316 1.84427 1.93316 20918 0 0.0270606
125.623 62264 60816 0.287458 1.80235 1.93287 1.80235 1.93287 20961 0 0.0273796
125.892 63712 59368 0.273674 1.76455 1.93251 1.76455 1.93251 21002 0 0.0276382
126.136 66608 60816 0.261671 2.04207 1.93272 2.04207 1.93272 21045 0 0.0277113
126.383 73848 63712 0.249662 2.05913 1.93297 2.05913 1.93297 21089 0 0.028111
126.644 78192 70952 0.258881 2.17688 1.93347 2.17688 1.93347 21138 0 0.0260263
126.926 76744 75296 0.29 2.17424 1.93401 2.17424 1.93401 21191 0 0.0247579
127.216 57920 73848 0.290137 2.0401 1.93425 2.0401 1.93425 21242 0 0.0278965
127.748 60816 55024 0.262553 1.67566 1.93317 1.67566 1.93317 21319 0 0.0287846
128 65160 57920 0.254328 1.83628 1.93298 1.83628 1.93298 21359 0 0.0286697
128.265 57920 62264 0.260563 1.88428 1.93288 1.88428 1.93288 21402 0 0.0278398
128.532 56472 55024 0.290033 1.6936 1.93239 1.6936 1.93239 21441 0 0.0285295
128.791 59368 53576 0.264302 1.65138 1.93182 1.65138 1.93182 21478 0 0.0290062
129.046 57920 56472 0.281403 1.81896 1.9316 1.81896 1.9316 21518 0 0.0281525
129.317 56472 55024 0.286156 1.66362 1.93103 1.66362 1.93103 21557 0 0.0284667
129.599 57920 53576 0.275001 1.52435 1.93015 1.52435 1.93015 21594 0 0.0287334
129.881 53576 55024 0.310355 1.59991 1.92943 1.59991 1.92943 21633 0 0.0294872
130.044 57920 50680 0.283803 2.48101 1.93013 2.48101 1.93013 21668 0 0.0294232
130.294 59368 55024 0.272637 1.80759 1.92989 1.80759 1.92989 21707 0 0.028483
130.436 63712 56472 0.25946 3.18626 1.93126 3.18626 1.93126 21746 0 0.0287094
130.708 65160 60816 0.27422 1.83425 1.93106 1.83425 1.93106 21789 0 0.0273574
130.994 63712 62264 0.287172 1.74177 1.93064 1.74177 1.93064 21832 0 0.0271027
131.282 60816 60816 0.293891 1.72725 1.9302 1.72725 1.9302 21875 0 0.0275683
131.554 57920 57920 0.274742 1.70628 1.92973 1.70628 1.92973 21915 0 0.0279527
131.818 59368 55024 0.268465 1.66517 1.9292 1.66517 1.9292 21953 0 0.0285619
132.084 60816 56472 0.267987 1.70126 1.92874 1.70126 1.92874 21992 0 0.0282949
132.357 62264 57920 0.279892 1.73359 1.92834 1.73359 1.92834 22033 0 0.0278737
132.634 63712 59368 0.278642 1.71852 1.9279 1.71852 1.9279 22074 0 0.0276
132.904 57920 60816 0.278901 1.8424 1.92773 1.8424 1.92773 22117 0 0.027582
133.176 59368 55024 0.274161 1.62097 1.9271 1.62097 1.9271 22155 0 0.0284629
133.447 60816 56472 0.273328 1.66362 1.92657 1.66362 1.92657 22194 0 0.0281951
133.721 59368 57920 0.283176 1.73359 1.92617 1.73359 1.92617 22235 0 0.0278838
133.998 60816 56472 0.278762 1.63469 1.92557 1.63469 1.92557 22274 0 0.0281521
134.273 59368 57920 0.285967 1.72602 1.92516 1.72602 1.92516 22315 0 0.0279093
134.548 60816 56472 0.278041 1.64183 1.92458 1.64183 1.92458 22354 0 0.0281544
134.822 59368 57920 0.285633 1.73359 1.92419 1.73359 1.92419 22395 0 0.0279054
135.095 60816 56472 0.276205 1.65629 1.92365 1.65629 1.92365 22434 0 0.028165
135.367 59368 57920 0.285635 1.74123 1.92329 1.74123 1.92329 22475 0 0.0279054
135.641 57920 56472 0.276882 1.64903 1.92273 1.64903 1.92273 22514 0 0.0281603
136.156 60816 55024 0.259725 1.73439 1.92202 1.73439 1.92202 22591 0 0.0288913
136.421 57920 57920 0.263234 1.74488 1.92168 1.74488 1.92168 22631 0 0.0282061
136.975 59368 55024 0.278544 1.58932 1.92033 1.58932 1.92033 22707 0 0.0284309
137.242 60816 56472 0.277354 1.6936 1.91989 1.6936 1.91989 22746 0 0.0281576
137.51 59368 57920 0.292899 1.77246 1.9196 1.77246 1.9196 22787 0 0.0280401
137.666 60816 56472 0.270515 2.89214 1.92071 2.89214 1.92071 22826 0 0.0282405
137.933 62264 57920 0.279351 1.78045 1.92044 1.78045 1.92044 22867 0 0.0278741
138.191 63712 59368 0.270318 1.83842 1.92028 1.83842 1.92028 22908 0 0.0276919
138.463 62264 60816 0.283836 1.83425 1.92011 1.83425 1.92011 22951 0 0.0273387
138.739 57920 59368 0.278263 1.71852 1.91971 1.71852 1.91971 22992 0 0.0277381
139.014 56472 55024 0.292644 1.64183 1.91916 1.64183 1.91916 23031 0 0.0285887
139.191 57920 53576 0.275325 2.42652 1.91981 2.42652 1.91981 23068 0 0.0287303
139.464 59368 55024 0.277496 1.65629 1.91929 1.65629 1.91929 23107 0 0.0284351
139.741 60816 56472 0.279661 1.62761 1.91871 1.62761 1.91871 23146 0 0.0281507
140.024 59368 57920 0.288363 1.68196 1.91823 1.68196 1.91823 23187 0 0.0279436
140.305 57920 56472 0.283973 1.60675 1.91761 1.60675 1.91761 23226 0 0.0281663
140.579 56472 55024 0.281683 1.64903 1.91709 1.64903 1.91709 23265 0 0.0284317
140.847 57920 53576 0.27127 1.59954 1.91648 1.59954 1.91648 23302 0 0.0287846
141.12 59368 55024 0.279707 1.65629 1.91598 1.65629 1.91598 23341 0 0.0284289
141.396 60816 56472 0.278579 1.63469 1.91543 1.63469 1.91543 23380 0 0.0281526
141.675 59368 57920 0.286693 1.70371 1.91501 1.70371 1.91501 23421 0 0.0279185
141.955 57920 56472 0.282573 1.61364 1.91442 1.61364 1.91442 23460 0 0.0281572
142.232 56472 55024 0.287041 1.62761 1.91386 1.62761 1.91386 23499 0 0.0284784
142.505 57920 53576 0.27632 1.57136 1.9132 1.57136 1.9132 23536 0 0.028722
142.784 56472 55024 0.287611 1.6206 1.91263 1.6206 1.91263 23575 0 0.0284867
143.054 55024 53576 0.281929 1.58532 1.91201 1.58532 1.91201 23612 0 0.0287122
143.286 59368 52128 0.254682 1.84817 1.91191 1.84817 1.91191 23649 0 0.0297674
143.516 68056 56472 0.234766 1.96847 1.912 1.96847 1.912 23688 0 0.0307958
143.774 72400 65160 0.260826 2.06261 1.91227 2.06261 1.91227 23734 0 0.0270143
144.061 57920 69504 0.291238 1.9765 1.9124 1.9765 1.9124 23783 0 0.0275287
144.617 59368 55024 0.273151 1.58245 1.91113 1.58245 1.91113 23859 0 0.0284757
144.877 57920 56472 0.26307 1.74064 1.91082 1.74064 1.91082 23898 0 0.0284372
145.132 59368 55024 0.271926 1.77348 1.91058 1.77348 1.91058 23937 0 0.028494
145.39 63712 56472 0.259435 1.74874 1.9103 1.74874 1.9103 23976 0 0.0287104
145.662 62264 60816 0.281811 1.83425 1.91015 1.83425 1.91015 24019 0 0.0273273
145.946 57920 59368 0.282011 1.66776 1.90968 1.66776 1.90968 24060 0 0.0277391
146.23 55024 55024 0.302935 1.59313 1.90907 1.59313 1.90907 24099 0 0.0290062
146.503 53576 52128 0.280455 1.52889 1.90836 1.52889 1.90836 24135 0 0.0289896
146.769 55024 50680 0.27218 1.5199 1.90765 1.5199 1.90765 24170 0 0.029333
147.034 53576 52128 0.289911 1.62135 1.90714 1.62135 1.90714 24207 0 0.0290877
147.295 57920 50680 0.265818 1.55492 1.90652 1.55492 1.90652 24242 0 0.0296099
147.561 56472 55024 0.288428 1.6936 1.90613 1.6936 1.90613 24281 0 0.0284998
147.738 57920 53576 0.274144 2.42652 1.90675 2.42652 1.90675 24318 0 0.0287427
148.011 56472 55024 0.288254 1.65629 1.90629 1.65629 1.90629 24357 0 0.028497
148.281 57920 53576 0.275322 1.58532 1.90571 1.58532 1.90571 24394 0 0.0287303
148.554 56472 55024 0.290624 1.65629 1.90525 1.65629 1.90525 24433 0 0.0285417
148.703 57920 53576 0.275666 2.87659 1.90622 2.87659 1.90622 24470 0 0.0287272
148.977 59368 55024 0.277989 1.64903 1.90575 1.64903 1.90575 24509 0 0.0284329
149.238 62264 56472 0.26485 1.73262 1.90545 1.73262 1.90545 24548 0 0.0284314
149.504 63712 59368 0.272216 1.82387 1.9053 1.82387 1.9053 24590 0 0.0276588
149.777 57920 60816 0.278437 1.82617 1.90516 1.82617 1.90516 24633 0 0.0275832
150.047 59368 55024 0.273287 1.62817 1.90466 1.62817 1.90466 24671 0 0.0284739
150.289 65160 56472 0.247218 1.87054 1.9046 1.87054 1.9046 24710 0 0.0294819
150.534 57920 62264 0.251725 2.07932 1.90489 2.07932 1.90489 24754 0 0.0282615
150.803 59368 55024 0.273377 1.67848 1.90448 1.67848 1.90448 24793 0 0.0284727
151.059 63712 56472 0.259512 1.76516 1.90425 1.76516 1.90425 24832 0 0.0287073
151.31 68056 60816 0.259467 1.98345 1.90438 1.98345 1.90438 24875 0 0.0278826
151.573 70952 65160 0.264257 1.98092 1.90451 1.98092 1.90451 24920 0 0.026809
151.846 72400 68056 0.279947 2.03852 1.90475 2.03852 1.90475 24968 0 0.0259738
152.127 70952 69504 0.288699 2.01873 1.90496 2.01873 1.90496 25017 0 0.0257836
152.409 69504 68056 0.283799 1.93634 1.90502 1.93634 1.90502 25064 0 0.0259883
152.686 68056 66608 0.287924 1.96148 1.90512 1.96148 1.90512 25111 0 0.0263039
152.948 69504 65160 0.273485 1.99001 1.90527 1.99001 1.90527 25156 0 0.0265522
153.208 70952 66608 0.271436 2.0977 1.90559 2.0977 1.90559 25203 0 0.0263145
153.471 73848 68056 0.264948 2.06896 1.90587 2.06896 1.90587 25250 0 0.0262517
153.74 75296 70952 0.277716 2.15189 1.9063 2.15189 1.9063 25300 0 0.0254485
154.02 57920 72400 0.287853 2.11015 1.90668 2.11015 1.90668 25351 0 0.0276894
154.303 56472 55024 0.285065 1.55228 1.90602 1.55228 1.90602 25389 0 0.0284545
154.563 57920 53576 0.2664 1.65138 1.9056 1.65138 1.9056 25426 0 0.0288934
154.83 59368 55024 0.277065 1.6936 1.90523 1.6936 1.90523 25465 0 0.0284374
155.101 60816 56472 0.27271 1.66362 1.90481 1.66362 1.90481 25504 0 0.0282037
155.38 59368 57920 0.291389 1.70371 1.90445 1.70371 1.90445 25545 0 0.0280034
155.659 57920 56472 0.281901 1.6206 1.90394 1.6206 1.90394 25584 0 0.0281542
155.928 56472 55024 0.290428 1.67848 1.90355 1.67848 1.90355 25623 0 0.0285376
156.189 57920 53576 0.268382 1.64377 1.90312 1.64377 1.90312 25660 0 0.0288434
156.451 59368 55024 0.279303 1.72467 1.90282 1.72467 1.90282 25699 0 0.0284293
156.721 60816 56472 0.269062 1.67102 1.90242 1.67102 1.90242 25738 0 0.0282702
157.001 57920 57920 0.295836 1.69639 1.90205 1.69639 1.90205 25779 0 0.0281758
157.28 56472 55024 0.282556 1.57904 1.90148 1.57904 1.90148 25817 0 0.0284354
157.554 57920 53576 0.278498 1.56446 1.90089 1.56446 1.90089 25854 0 0.0287107
157.827 56472 55024 0.300405 1.65629 1.90047 1.65629 1.90047 25893 0 0.0288452
157.995 57920 53576 0.277351 2.54784 1.90116 2.54784 1.90116 25930 0 0.0287155
158.264 56472 55024 0.288036 1.67848 1.90078 1.67848 1.90078 25969 0 0.0284934
158.532 57920 53576 0.272636 1.59954 1.90027 1.59954 1.90027 26006 0 0.0287627
158.8 56472 55024 0.285808 1.686 1.89991 1.686 1.89991 26045 0 0.0284625
158.954 57920 53576 0.267093 2.7867 1.90077 2.7867 1.90077 26082 0 0.028875
159.193 63712 55024 0.245914 1.88934 1.90075 1.88934 1.90075 26121 0 0.0298474
159.434 70952 60816 0.243949 2.01443 1.90092 2.01443 1.90092 26163 0 0.0290345
159.695 75296 68056 0.261494 2.08803 1.90123 2.08803 1.90123 26210 0 0.0264532
159.974 57920 72400 0.283052 2.11924 1.90161 2.11924 1.90161 26261 0 0.027637
160.251 56472 55024 0.280605 1.58588 1.90106 1.58588 1.90106 26299 0 0.0284292
160.513 59368 53576 0.265613 1.63623 1.90063 1.63623 1.90063 26336 0 0.0289668
160.765 62264 56472 0.260425 1.84507 1.90054 1.84507 1.90054 26376 0 0.0285851
161.028 63712 59368 0.269346 1.84886 1.90046 1.84886 1.90046 26418 0 0.0277117
161.274 68056 60816 0.256208 2.02215 1.90064 2.02215 1.90064 26461 0 0.028027
161.53 57920 65160 0.257296 2.03672 1.90086 2.03672 1.90086 26506 0 0.0278468
161.8 59368 55024 0.276419 1.67102 1.90047 1.67102 1.90047 26545 0 0.0284416
162.069 60816 56472 0.271143 1.67848 1.90011 1.67848 1.90011 26584 0 0.028229
162.348 59368 57920 0.28614 1.70371 1.89977 1.70371 1.89977 26625 0 0.0279114
162.617 60816 56472 0.273781 1.67848 1.8994 1.67848 1.8994 26664 0 0.0281892
162.887 62264 57920 0.27923 1.76455 1.89918 1.76455 1.89918 26705 0 0.0278743
163.151 63712 59368 0.268808 1.79663 1.89901 1.79663 1.89901 26746 0 0.0277234
163.424 62264 60816 0.282051 1.82617 1.89889 1.82617 1.89889 26789 0 0.0273282
163.688 63712 59368 0.269256 1.79663 1.89873 1.79663 1.89873 26830 0 0.0277136
163.957 57920 60816 0.279917 1.85063 1.89865 1.85063 1.89865 26873 0 0.0275808
164.193 62264 55024 0.253835 1.86907 1.89861 1.86907 1.89861 26911 0 0.0292504
164.444 68056 59368 0.248983 1.89119 1.89859 1.89119 1.89859 26952 0 0.0288169
164.721 66608 65160 0.281958 1.91975 1.89863 1.91975 1.89863 26998 0 0.0265136
165.016 63712 63712 0.304434 1.7707 1.8984 1.7707 1.8984 27043 0 0.0274282
165.302 62264 60816 0.291858 1.70126 1.89806 1.70126 1.89806 27085 0 0.0274646
165.579 60816 59368 0.283293 1.71108 1.89775 1.71108 1.89775 27126 0 0.027609
165.842 59368 57920 0.289814 1.80484 1.8976 1.80484 1.8976 27167 0 0.02797
166.092 63712 56472 0.259496 1.80759 1.89746 1.80759 1.89746 27206 0 0.0287079
166.351 65160 60816 0.272323 1.9281 1.89751 1.9281 1.89751 27249 0 0.027383
166.611 68056 62264 0.264733 1.91033 1.89753 1.91033 1.89753 27292 0 0.0273357
166.873 66608 65160 0.285148 2.03423 1.89775 2.03423 1.89775 27338 0 0.0265363
167.143 65160 63712 0.288014 1.9367 1.89781 1.9367 1.89781 27383 0 0.026844
167.413 57920 62264 0.270617 1.8424 1.89772 1.8424 1.89772 27426 0 0.0275501
167.674 55024 55024 0.294444 1.73262 1.89746 1.73262 1.89746 27465 0 0.0286888
167.852 57920 52128 0.25963 2.34498 1.89794 2.34498 1.89794 27501 0 0.0294557
168.089 62264 55024 0.253379 1.85019 1.89787 1.85019 1.89787 27539 0 0.0292744
168.224 69504 59368 0.246568 3.5291 1.89917 3.5291 1.89917 27580 0 0.0291266
168.481 73848 66608 0.2596 2.1173 1.89951 2.1173 1.89951 27627 0 0.0267942
168.744 76744 70952 0.266748 2.157 1.89991 2.157 1.89991 27676 0 0.0256703
169.016 78192 73848 0.276259 2.21816 1.90042 2.21816 1.90042 27728 0 0.0249323
169.284 79640 75296 0.273796 2.29124 1.90104 2.29124 1.90104 27781 0 0.0246963
169.554 81088 76744 0.272605 2.27087 1.90163 2.27087 1.90163 27834 0 0.0244535
169.828 82536 78192 0.279427 2.32555 1.90231 2.32555 1.90231 27889 0 0.0241414
170.103 83984 79640 0.277553 2.3154 1.90298 2.3154 1.90298 27944 0 0.0238907
170.38 82536 81088 0.282502 2.38916 1.90377 2.38916 1.90377 28001 0 0.023636
170.654 83984 79640 0.277149 2.32555 1.90445 2.32555 1.90445 28056 0 0.0238928
170.918 85432 81088 0.271896 2.49776 1.90536 2.49776 1.90536 28113 0 0.0236954
171.181 88328 82536 0.26611 2.50917 1.90629 2.50917 1.90629 28170 0 0.0236204
171.449 89776 85432 0.274476 2.59385 1.90737 2.59385 1.90737 28230 0 0.0229035
171.725 88328 86880 0.28239 2.55682 1.90841 2.55682 1.90841 28291 0 0.0226292
171.997 89776 85432 0.274719 2.51676 1.90937 2.51676 1.90937 28350 0 0.0229009
172.272 88328 86880 0.282192 2.56799 1.91042 2.56799 1.91042 28411 0 0.0226283
172.54 89776 85432 0.271594 2.55062 1.91142 2.55062 1.91142 28470 0 0.0229437
172.809 91224 86880 0.276888 2.62531 1.91253 2.62531 1.91253 28531 0 0.0226332
173.081 92672 88328 0.273654 2.60208 1.91361 2.60208 1.91361 28592 0 0.0224157
173.358 91224 89776 0.285794 2.62922 1.91476 2.62922 1.91476 28655 0 0.0221622
173.636 92672 88328 0.280092 2.54575 1.91577 2.54575 1.91577 28716 0 0.0223754
173.912 91224 89776 0.286811 2.64065 1.91692 2.64065 1.91692 28779 0 0.022175
174.189 92672 88328 0.278802 2.55682 1.91793 2.55682 1.91793 28840 0 0.0223768
174.465 91224 89776 0.287875 2.64065 1.91908 2.64065 1.91908 28903 0 0.0221906
174.727 94120 88328 0.270263 2.69757 1.92025 2.69757 1.92025 28964 0 0.0225216
174.994 95568 91224 0.277797 2.77924 1.92156 2.77924 1.92156 29028 0 0.0218881
175.267 94120 92672 0.282896 2.76049 1.92286 2.76049 1.92286 29093 0 0.0216476
175.543 95568 91224 0.277571 2.64065 1.92399 2.64065 1.92399 29156 0 0.0218891
175.815 94120 92672 0.286454 2.7727 1.9253 2.7727 1.9253 29221 0 0.0216809
176.084 95568 91224 0.273032 2.71138 1.9265 2.71138 1.9265 29284 0 0.0219318
176.353 94120 92672 0.283843 2.79746 1.92783 2.79746 1.92783 29349 0 0.021654
176.621 97016 91224 0.271313 2.72354 1.92904 2.72354 1.92904 29412 0 0.02201
176.892 95568 94120 0.285364 2.81536 1.9304 2.81536 1.9304 29478 0 0.0214253
177.166 57920 92672 0.290751 2.74838 1.93167 2.74838 1.93167 29543 0 0.0333081
177.438 59368 55024 0.274219 1.62097 1.93119 1.62097 1.93119 29581 0 0.0284622
177.678 66608 56472 0.245195 1.87989 1.93112 1.87989 1.93112 29620 0 0.0297728
177.929 69504 63712 0.265729 2.0757 1.93132 2.0757 1.93132 29665 0 0.0270348
178.101 73848 66608 0.262096 3.10113 1.93245 3.10113 1.93245 29711 0 0.0266986
178.372 75296 70952 0.270022 2.09948 1.93271 2.09948 1.93271 29760 0 0.0255429
178.653 72400 72400 0.29507 2.10113 1.93297 2.10113 1.93297 29811 0 0.0254586
178.935 70952 69504 0.285122 1.96912 1.93303 1.96912 1.93303 29859 0 0.0257341
179.205 72400 68056 0.275639 2.01379 1.93315 2.01379 1.93315 29906 0 0.0259928
179.47 70952 69504 0.282839 2.1472 1.93347 2.1472 1.93347 29955 0 0.025716
179.615 73848 68056 0.266213 3.74465 1.93493 3.74465 1.93493 30002 0 0.0262153
179.876 76744 70952 0.264254 2.22131 1.93535 2.22131 1.93535 30052 0 0.0257426
180.14 79640 73848 0.268183 2.27866 1.93585 2.27866 1.93585 30104 0 0.0251093
180.408 81088 76744 0.271913 2.33447 1.93644 2.33447 1.93644 30158 0 0.0244642
180.679 82536 78192 0.274305 2.35656 1.93707 2.35656 1.93707 30213 0 0.0241735
180.938 57920 79640 0.262696 2.45475 1.93781 2.45475 1.93781 30268 0 0.0291136
181.332 56472 55024 0.286517 1.14628 1.93609 1.14628 1.93609 30307 0 0.0284713
181.454 60816 53576 0.253939 3.53166 1.93716 3.53166 1.93716 30344 0 0.0295245
181.717 63712 57920 0.265412 1.80484 1.93697 1.80484 1.93697 30385 0 0.0281378
181.997 62264 60816 0.280849 1.73777 1.93666 1.73777 1.93666 30427 0 0.0273247
182.284 60816 59368 0.288786 1.65381 1.93622 1.65381 1.93622 30468 0 0.0276754
182.546 62264 57920 0.270605 1.81312 1.93604 1.81312 1.93604 30509 0 0.0279619
182.813 63712 59368 0.268764 1.78045 1.93581 1.78045 1.93581 30550 0 0.0277244
183.091 62264 60816 0.283687 1.78681 1.93559 1.78681 1.93559 30593 0 0.0273376
183.352 65160 59368 0.265647 1.82147 1.93542 1.82147 1.93542 30634 0 0.0278555
183.615 57920 62264 0.26963 1.9369 1.93543 1.9369 1.93543 30678 0 0.0275696
183.888 59368 55024 0.278626 1.65629 1.93501 1.65629 1.93501 30717 0 0.0284307
184.161 60816 56472 0.274843 1.65629 1.9346 1.65629 1.9346 30756 0 0.0281772
184.442 59368 57920 0.287744 1.68914 1.93423 1.68914 1.93423 30797 0 0.0279337
184.715 60816 56472 0.276885 1.65629 1.93381 1.65629 1.93381 30836 0 0.0281603
184.98 62264 57920 0.275596 1.78851 1.93361 1.78851 1.93361 30877 0 0.0278931
185.241 57920 59368 0.264967 1.82147 1.93345 1.82147 1.93345 30918 0 0.0279611
185.505 59368 55024 0.272955 1.70899 1.93313 1.70899 1.93313 30957 0 0.0284784
185.771 60816 56472 0.267198 1.70126 1.9328 1.70126 1.9328 30996 0 0.0283145
186.047 59368 57920 0.284105 1.71852 1.93248 1.71852 1.93248 31037 0 0.0278905
186.326 57920 56472 0.280887 1.6206 1.93201 1.6206 1.93201 31076 0 0.0281514
186.599 56472 55024 0.286206 1.65629 1.93161 1.65629 1.93161 31115 0 0.0284673
186.867 57920 53576 0.272184 1.59954 1.93113 1.59954 1.93113 31152 0 0.0287695
187.107 60816 55024 0.262336 1.87989 1.93107 1.87989 1.93107 31191 0 0.0287922
187.352 66608 57920 0.247269 1.89029 1.93101 1.89029 1.93101 31231 0 0.0292018
187.614 70952 63712 0.25803 1.94578 1.93103 1.94578 1.93103 31275 0 0.0273995
187.897 72400 68056 0.27668 1.9281 1.93103 1.9281 1.93103 31322 0 0.0259848
188.187 57920 69504 0.306617 1.952 1.93106 1.952 1.93106 31371 0 0.0281108
188.467 56472 55024 0.289115 1.57227 1.93053 1.57227 1.93053 31409 0 0.0285119
188.727 57920 53576 0.268829 1.65138 1.93015 1.65138 1.93015 31446 0 0.0288332
188.986 56472 55024 0.281287 1.74064 1.92989 1.74064 1.92989 31485 0 0.0284305
189.254 59368 53576 0.265797 1.59954 1.92942 1.59954 1.92942 31522 0 0.0289615
189.526 57920 56472 0.293295 1.70628 1.9291 1.70628 1.9291 31562 0 0.0283273
189.801 56472 55024 0.300679 1.64183 1.92868 1.64183 1.92868 31601 0 0.0288565
190.075 57920 53576 0.277397 1.56446 1.92816 1.56446 1.92816 31638 0 0.0287152
190.348 55024 55024 0.302942 1.65629 1.92777 1.65629 1.92777 31677 0 0.0290065
190.513 56472 52128 0.276816 2.53326 1.92829 2.53326 1.92829 31713 0 0.0289996
190.669 57920 53576 0.272754 2.74383 1.92896 2.74383 1.92896 31750 0 0.0287609
191.181 65160 55024 0.242121 1.74253 1.92846 1.74253 1.92846 31827 0 0.0302744
191.415 73848 62264 0.237122 2.12585 1.9287 2.12585 1.9287 31870 0 0.0294888
191.674 57920 70952 0.262928 2.23159 1.92911 2.23159 1.92911 31920 0 0.0277887
191.953 56472 55024 0.283168 1.6206 1.92866 1.6206 1.92866 31959 0 0.0284389
192.225 57920 53576 0.274279 1.57831 1.92817 1.57831 1.92817 31996 0 0.0287412
192.498 59368 55024 0.279497 1.65629 1.92778 1.65629 1.92778 32035 0 0.0284291
192.762 60816 56472 0.270365 1.70899 1.92748 1.70899 1.92748 32074 0 0.0282434
193.036 62264 57920 0.280169 1.73359 1.92721 1.73359 1.92721 32115 0 0.0278737
193.307 57920 59368 0.274602 1.74894 1.92696 1.74894 1.92696 32156 0 0.0277642
193.567 59368 55024 0.26951 1.74064 1.92671 1.74064 1.92671 32195 0 0.0285389
193.824 62264 56472 0.260118 1.75691 1.92648 1.75691 1.92648 32234 0 0.0285972
194.073 66608 59368 0.258636 1.95604 1.92652 1.95604 1.92652 32276 0 0.0281915
194.326 70952 63712 0.261248 2.05603 1.92669 2.05603 1.92669 32321 0 0.0272684
194.596 72400 68056 0.270787 2.02278 1.92682 2.02278 1.92682 32368 0 0.0260587
194.882 57920 69504 0.292527 1.9848 1.92691 1.9848 1.92691 32417 0 0.0275593
195.166 56472 55024 0.28775 1.54573 1.92635 1.54573 1.92635 32455 0 0.0284889
195.429 57920 53576 0.269377 1.62876 1.92595 1.62876 1.92595 32492 0 0.0288213
195.678 60816 55024 0.26414 1.81632 1.92581 1.81632 1.92581 32531 0 0.0287317
195.933 65160 57920 0.256332 1.81896 1.92567 1.81896 1.92567 32571 0 0.0285708
196.2 68056 62264 0.265453 1.8673 1.92559 1.8673 1.92559 32614 0 0.0273142
196.478 57920 65160 0.289314 1.91147 1.92557 1.91147 1.92557 32660 0 0.0274181
196.758 55024 55024 0.294592 1.61364 1.92513 1.61364 1.92513 32699 0 0.0286931
197.029 56472 52128 0.274303 1.54248 1.9246 1.54248 1.9246 32735 0 0.0290219
197.297 57920 53576 0.270594 1.59954 1.92416 1.59954 1.92416 32772 0 0.0287969
197.565 56472 55024 0.286578 1.686 1.92384 1.686 1.92384 32811 0 0.0284721
197.804 60816 53576 0.256875 1.79245 1.92368 1.79245 1.92368 32848 0 0.0293802
198.053 57920 57920 0.261846 1.90947 1.92366 1.90947 1.92366 32889 0 0.0282546
198.307 62264 55024 0.25726 1.72801 1.92341 1.72801 1.92341 32927 0 0.0290829
198.573 66608 59368 0.25818 1.78851 1.92323 1.78851 1.92323 32968 0 0.0282112
198.848 57920 63712 0.295091 1.89442 1.92319 1.89442 1.92319 33013 0 0.0276066
199.129 56472 55024 0.281503 1.56555 1.92269 1.56555 1.92269 33051 0 0.0284311
199.291 57920 53576 0.274881 2.64221 1.92327 2.64221 1.92327 33088 0 0.0287346
199.547 59368 55024 0.273723 1.76516 1.92307 1.76516 1.92307 33127 0 0.0284682
199.684 63712 56472 0.253047 3.29806 1.92401 3.29806 1.92401 33166 0 0.029014
199.946 66608 60816 0.264815 1.90156 1.92398 1.90156 1.92398 33209 0 0.027606
