0.400133 14480 0 0 0 0 0 0 0 0 0.120112
0.601462 15928 13032 0.200125 0.575376 0.192597 0.575376 0.192597 10 0 0.0434738
0.603866 17376 13032 0.200484 9.64048 0.230197 9.64048 0.230197 12 0 0.0434166
0.606269 21720 14480 0.201174 14.4607 0.286606 14.4607 0.286606 15 0 0.0431264
0.608672 23168 18824 0.202027 24.1012 0.380632 24.1012 0.380632 20 0 0.04191
0.611075 24616 20272 0.203149 14.4607 0.436005 14.4607 0.436005 23 0 0.0414238
0.812277 26064 23168 0.229255 0.172722 0.37079 0.172722 0.37079 26 0 0.0374719
0.81468 27512 23168 0.227223 9.64048 0.398134 9.64048 0.398134 28 0 0.0376822
0.817083 28960 24616 0.22557 14.4607 0.439495 14.4607 0.439495 31 0 0.0375511
0.819486 33304 26064 0.224374 14.4607 0.480613 14.4607 0.480613 34 0 0.0375126
1.03039 40544 30408 0.217698 1.15346 0.618331 1.15346 0.618331 55 0 0.0376609
1.25691 46336 37648 0.237986 1.32961 0.746518 1.32961 0.746518 81 0 0.0338966
1.48761 49232 43440 0.254179 1.50632 0.864353 1.50632 0.864353 111 0 0.0314222
1.76038 53576 46336 0.248925 1.35901 0.940998 1.35901 0.940998 143 0 0.0312297
2.05477 55024 50680 0.276761 1.37721 1.0035 1.37721 1.0035 178 0 0.0292823
2.29923 49232 53576 0.326179 1.75329 1.08322 1.75329 1.08322 215 0 0.0310977
2.60444 43440 47784 0.333926 1.2525 1.10305 1.2525 1.10305 248 0 0.0330054
2.87239 41992 41992 0.30171 1.25369 1.11711 1.25369 1.11711 277 0 0.0314661
3.11992 40544 40544 0.281661 1.31036 1.13244 1.31036 1.13244 305 0 0.0312894
3.16505 43440 37648 0.251967 6.67423 1.21145 6.67423 1.21145 331 0 0.0327119
3.43541 44888 40544 0.269097 1.1997 1.21053 1.1997 1.21053 359 0 0.0314055
3.72259 43440 41992 0.285622 1.16977 1.20738 1.16977 1.20738 388 0 0.0310263
4.01338 41992 40544 0.297704 1.11543 1.20072 1.11543 1.20072 416 0 0.0316001
4.28734 40544 39096 0.287589 1.14164 1.19694 1.14164 1.19694 443 0 0.0316376
4.5553 57920 37648 0.281801 1.16723 1.1952 1.16723 1.1952 470 0 0.0343255
4.82326 59368 55024 0.272049 1.64277 1.22006 1.64277 1.22006 508 0 0.028492
5.11164 57920 56472 0.287379 1.56658 1.23961 1.56658 1.23961 547 0 0.028205
5.39522 55024 55024 0.298656 1.59313 1.25819 1.59313 1.25819 586 0 0.0288282
5.68 53576 52128 0.287002 1.46438 1.26853 1.46438 1.26853 622 0 0.0290385
5.95516 52128 50680 0.280693 1.47344 1.278 1.47344 1.278 657 0 0.0292723
6.22552 50680 49232 0.287847 1.49963 1.28762 1.49963 1.28762 692 0 0.0296171
6.48988 57920 47784 0.270984 1.44607 1.29408 1.44607 1.29408 725 0 0.0303327
6.72419 60816 55024 0.266023 1.9281 1.31617 1.9281 1.31617 764 0 0.0286755
6.96451 68056 57920 0.243784 1.9281 1.33729 1.9281 1.33729 804 0 0.0295961
7.22165 73848 65160 0.250301 2.0272 1.36185 2.0272 1.36185 849 0 0.0276485
7.51003 70952 70952 0.293546 2.00843 1.38668 2.00843 1.38668 899 0 0.0256782
7.79481 66608 68056 0.312195 1.9525 1.40735 1.9525 1.40735 947 0 0.0271473
8.05316 63712 63712 0.29743 2.01777 1.42693 2.01777 1.42693 992 0 0.027135
8.30549 68056 60816 0.258506 1.9281 1.44216 1.9281 1.44216 1034 0 0.0279229
8.56264 73848 65160 0.254125 2.0272 1.45973 2.0272 1.45973 1079 0 0.0274361
8.8342 72400 70952 0.289064 2.13285 1.48042 2.13285 1.48042 1129 0 0.0255255
9.11777 68056 69504 0.304762 2.00162 1.49663 2.00162 1.49663 1178 0 0.026458
9.34728 66608 65160 0.284474 2.27132 1.51565 2.27132 1.51565 1223 0 0.0265298
9.62004 63712 63712 0.299611 1.91111 1.52687 1.91111 1.52687 1268 0 0.0272158
9.72338 65160 60816 0.271114 4.70814 1.56068 4.70814 1.56068 1310 0 0.027403
9.98172 69504 62264 0.261359 1.9281 1.57018 1.9281 1.57018 1353 0 0.0275357
10.2449 72400 66608 0.267097 2.02494 1.58187 2.02494 1.58187 1399 0 0.026459
10.5188 57920 69504 0.277599 2.07186 1.59463 2.07186 1.59463 1448 0 0.0274081
10.9959 53576 55024 0.308511 0.94705 1.56653 0.94705 1.56653 1487 0 0.0293786
11.0632 55024 50680 0.270012 6.0253 1.59365 6.0253 1.59365 1522 0 0.0293716
11.3239 57920 52128 0.263863 1.64377 1.59481 1.64377 1.59481 1559 0 0.0293012
11.8706 59368 55024 0.278101 1.61028 1.59552 1.61028 1.59552 1635 0 0.0284324
12.147 57920 56472 0.278671 1.63469 1.59641 1.63469 1.59641 1674 0 0.0281523
12.4246 56472 55024 0.283826 1.58588 1.59618 1.58588 1.59618 1712 0 0.0284435
12.6961 57920 53576 0.279645 1.57831 1.59579 1.57831 1.59579 1749 0 0.0287086
12.9677 59368 55024 0.279555 1.66362 1.59721 1.66362 1.59721 1788 0 0.028429
13.2429 60816 56472 0.277374 1.64183 1.59814 1.64183 1.59814 1827 0 0.0281575
13.5228 59368 57920 0.286564 1.65502 1.59932 1.65502 1.59932 1867 0 0.0279168
13.8016 57920 56472 0.287788 1.6206 1.59975 1.6206 1.59975 1906 0 0.0282112
14.078 56472 55024 0.286592 1.63469 1.60043 1.63469 1.60043 1945 0 0.0284723
14.3495 57920 53576 0.275271 1.57831 1.60002 1.57831 1.60002 1982 0 0.0287308
14.6127 59368 55024 0.275424 1.7168 1.60212 1.7168 1.60212 2021 0 0.0284498
14.8843 57920 56472 0.272417 1.66362 1.60324 1.66362 1.60324 2060 0 0.0282081
15.1606 56472 55024 0.286764 1.63469 1.60381 1.63469 1.60381 2099 0 0.0284746
15.4322 57920 53576 0.275536 1.57831 1.60337 1.57831 1.60337 2136 0 0.0287284
15.7037 56472 55024 0.28436 1.66362 1.60441 1.66362 1.60441 2175 0 0.0284478
15.9777 57920 53576 0.276361 1.56446 1.60372 1.56446 1.60372 2212 0 0.0287217
16.2324 59368 55024 0.275671 1.77348 1.60639 1.77348 1.60639 2251 0 0.0284476
16.4932 62264 56472 0.261866 1.73262 1.60838 1.73262 1.60838 2290 0 0.0285308
16.7684 60816 59368 0.285444 1.76812 1.611 1.76812 1.611 2332 0 0.0276278
17.0423 59368 57920 0.292259 1.73359 1.61297 1.73359 1.61297 2373 0 0.028024
17.3103 57920 56472 0.274547 1.686 1.6141 1.686 1.6141 2412 0 0.0281803
17.5758 56472 55024 0.284904 1.70126 1.61542 1.70126 1.61542 2451 0 0.0284529
17.8174 60816 53576 0.25648 1.77462 1.61758 1.77462 1.61758 2488 0 0.0293986
18.0625 63712 57920 0.261763 1.93755 1.62192 1.93755 1.62192 2529 0 0.0282576
18.3208 68056 60816 0.255052 1.88326 1.62561 1.88326 1.62561 2571 0 0.0280834
18.5864 70952 65160 0.264293 1.96299 1.63043 1.96299 1.63043 2616 0 0.0268078
18.8652 68056 68056 0.296465 1.99458 1.63581 1.99458 1.63581 2664 0 0.0262963
19.1487 63712 65160 0.306971 1.87908 1.63941 1.87908 1.63941 2710 0 0.0273742
19.4215 60816 60816 0.30409 1.82617 1.64203 1.82617 1.64203 2753 0 0.0279557
19.6522 62264 57920 0.271069 2.00843 1.64634 2.00843 1.64634 2793 0 0.0279535
19.9142 65160 59368 0.263003 1.81312 1.64853 1.81312 1.64853 2834 0 0.0279384
20.1749 63712 62264 0.288866 1.95475 1.65249 1.95475 1.65249 2878 0 0.0271298
20.426 62264 60816 0.287742 1.98345 1.65656 1.98345 1.65656 2921 0 0.027384
20.5101 68056 59368 0.253341 5.64657 1.67292 5.64657 1.67292 2962 0 0.0285656
20.7673 72400 65160 0.259586 2.07225 1.67786 2.07225 1.67786 3008 0 0.0270634
21.034 73848 69504 0.270485 2.12785 1.68357 2.12785 1.68357 3057 0 0.0257984
21.3128 72400 70952 0.28038 2.03614 1.68818 2.03614 1.68818 3106 0 0.0254435
21.5904 70952 69504 0.282381 2.04495 1.69277 2.04495 1.69277 3155 0 0.0257136
21.8595 72400 68056 0.272566 2.02278 1.69683 2.02278 1.69683 3202 0 0.0260291
22.1287 73848 69504 0.274229 2.10885 1.70184 2.10885 1.70184 3251 0 0.0257412
22.4051 75296 70952 0.278279 2.05384 1.70619 2.05384 1.70619 3300 0 0.0254463
22.6838 73848 72400 0.284048 2.11924 1.71126 2.11924 1.71126 3351 0 0.0251965
22.9542 75296 70952 0.273733 2.09948 1.71583 2.09948 1.71583 3400 0 0.0254826
23.2246 76744 72400 0.276105 2.18518 1.7213 2.18518 1.7213 3451 0 0.0251953
23.4853 81088 73848 0.264303 2.26573 1.72734 2.26573 1.72734 3502 0 0.0253016
23.7509 82536 78192 0.271179 2.39921 1.73485 2.39921 1.73485 3557 0 0.0242189
24.0104 86880 79640 0.263015 2.45475 1.74264 2.45475 1.74264 3612 0 0.0243101
24.2808 88328 83984 0.275392 2.52795 1.75138 2.52795 1.75138 3671 0 0.0231451
24.5499 89776 85432 0.272439 2.53923 1.76002 2.53923 1.76002 3730 0 0.0229302
24.8251 88328 86880 0.281756 2.56799 1.76897 2.56799 1.76897 3791 0 0.0226266
25.1027 89776 85432 0.279506 2.46229 1.77664 2.46229 1.77664 3850 0 0.0228733
25.379 57920 86880 0.284464 2.55682 1.78514 2.55682 1.78514 3911 0 0.0309105
25.653 59368 55024 0.276997 1.60675 1.78323 1.60675 1.78323 3949 0 0.0284378
25.8993 65160 56472 0.251162 1.83404 1.78371 1.83404 1.78371 3988 0 0.0292389
26.1577 68056 62264 0.26522 1.97294 1.78558 1.97294 1.78558 4032 0 0.027321
26.434 66608 65160 0.282949 1.9281 1.78707 1.9281 1.78707 4078 0 0.0265185
26.7212 63712 63712 0.29543 1.81515 1.78738 1.81515 1.78738 4123 0 0.0270693
26.9892 65160 60816 0.275457 1.8157 1.78766 1.8157 1.78766 4165 0 0.0273447
27.2499 68056 62264 0.265021 1.91033 1.78883 1.91033 1.78883 4208 0 0.0273269
27.5191 69504 65160 0.279256 1.97974 1.7907 1.97974 1.7907 4254 0 0.0265103
27.7918 68056 66608 0.284763 1.99605 1.79271 1.99605 1.79271 4301 0 0.0262638
28.0658 69504 65160 0.276395 1.90273 1.79379 1.90273 1.79379 4346 0 0.0265228
28.341 68056 66608 0.288366 1.97861 1.79558 1.97861 1.79558 4393 0 0.0263111
28.6197 66608 65160 0.280311 1.86992 1.79631 1.86992 1.79631 4438 0 0.0265099
28.8973 63712 63712 0.293457 1.87802 1.79709 1.87802 1.79709 4483 0 0.0270123
29.1701 65160 60816 0.277163 1.7837 1.79696 1.7837 1.79696 4525 0 0.0273321
29.4416 66608 62264 0.273608 1.83425 1.79731 1.83425 1.79731 4568 0 0.0270921
29.718 57920 63712 0.294451 1.88618 1.79814 1.88618 1.79814 4613 0 0.0275877
30.2575 59368 55024 0.269102 1.6318 1.79517 1.6318 1.79517 4689 0 0.0285476
30.4918 60816 56472 0.269058 1.9281 1.79619 1.9281 1.79619 4728 0 0.0282703
30.767 57920 57920 0.295138 1.72602 1.79556 1.72602 1.79556 4769 0 0.0281542
31.041 59368 55024 0.278662 1.60675 1.7939 1.60675 1.7939 4807 0 0.0284306
31.1215 57920 56472 0.274369 5.61162 1.80377 5.61162 1.80377 4846 0 0.0281823
31.393 59368 55024 0.274441 1.66362 1.80256 1.66362 1.80256 4885 0 0.0284597
31.6682 60816 56472 0.27719 1.64183 1.80116 1.64183 1.80116 4924 0 0.0281585
31.947 59368 57920 0.283582 1.70371 1.80031 1.70371 1.80031 4965 0 0.0278865
32.2149 60816 56472 0.271488 1.686 1.79936 1.686 1.79936 5004 0 0.028223
32.4769 62264 57920 0.267969 1.81312 1.79947 1.81312 1.79947 5045 0 0.0280184
32.7328 66608 59368 0.259093 1.85568 1.79991 1.85568 1.79991 5086 0 0.0281722
32.9996 68056 63712 0.27129 1.95415 1.80116 1.95415 1.80116 5131 0 0.0268557
33.2844 66608 65160 0.285264 1.83047 1.80141 1.83047 1.80141 5176 0 0.0265375
33.5727 63712 63712 0.294623 1.80759 1.80146 1.80759 1.80146 5221 0 0.027045
33.8395 65160 60816 0.272201 1.82387 1.80164 1.82387 1.80164 5263 0 0.0273848
34.0906 69504 62264 0.255721 1.98345 1.80298 1.98345 1.80298 5306 0 0.0277776
34.3538 70952 66608 0.268547 2.06896 1.80502 2.06896 1.80502 5353 0 0.0263723
34.6325 72400 68056 0.278745 1.95303 1.80621 1.95303 1.80621 5400 0 0.0259754
34.9185 69504 69504 0.293312 1.9848 1.80767 1.9848 1.80767 5449 0 0.0259365
35.1769 72400 66608 0.267336 2.06261 1.80954 2.06261 1.80954 5495 0 0.0264529
35.4304 78192 69504 0.256659 2.19309 1.81229 2.19309 1.81229 5543 0 0.0265094
35.6924 82536 75296 0.262445 2.29956 1.81586 2.29956 1.81586 5595 0 0.025103
35.9699 83984 79640 0.276255 2.29535 1.81956 2.29535 1.81956 5650 0 0.0238987
36.2547 81088 81088 0.295954 2.3186 1.82348 2.3186 1.82348 5707 0 0.0239356
36.5311 79640 78192 0.282031 2.26342 1.82681 2.26342 1.82681 5761 0 0.0241452
36.799 81088 76744 0.273166 2.29124 1.83019 2.29124 1.83019 5814 0 0.0244455
37.061 82536 78192 0.279037 2.43223 1.83445 2.43223 1.83445 5869 0 0.024142
37.3241 86880 79640 0.26536 2.42112 1.83859 2.42112 1.83859 5924 0 0.024236
37.5933 85432 83984 0.283393 2.53923 1.8436 2.53923 1.8436 5983 0 0.0231354
37.8697 86880 82536 0.27624 2.38916 1.84758 2.38916 1.84758 6040 0 0.0233903
38.1328 85432 83984 0.288357 2.59721 1.85276 2.59721 1.85276 6099 0 0.0231937
38.3996 88328 82536 0.26708 2.47526 1.85708 2.47526 1.85708 6156 0 0.0235944
38.6711 57920 85432 0.288471 2.55942 1.86201 2.55942 1.86201 6216 0 0.0304758
39.1986 62264 55024 0.256091 1.69093 1.85971 1.69093 1.85971 6293 0 0.0291374
39.4077 68056 59368 0.254038 2.27161 1.8619 2.27161 1.8619 6334 0 0.0285289
39.6793 66608 65160 0.285394 1.96222 1.86258 1.96222 1.86258 6380 0 0.0265389
39.9652 63712 63712 0.302835 1.82278 1.8623 1.82278 1.8623 6425 0 0.0273526
40.2296 62264 60816 0.284444 1.84046 1.86215 1.84046 1.86215 6467 0 0.0273438
40.3353 65160 59368 0.264096 4.49159 1.86905 4.49159 1.86905 6508 0 0.0279025
40.5973 57920 62264 0.264819 1.94578 1.86954 1.94578 1.86954 6552 0 0.0276925
41.0118 56472 55024 0.285626 1.08979 1.86166 1.08979 1.86166 6591 0 0.0284605
41.1236 57920 53576 0.26815 3.83546 1.86702 3.83546 1.86702 6628 0 0.0288489
41.3627 65160 55024 0.244733 1.88934 1.86715 1.88934 1.86715 6667 0 0.0300834
41.6126 72400 62264 0.248763 1.99298 1.86791 1.99298 1.86791 6710 0 0.0284378
41.8794 75296 69504 0.26852 2.12785 1.86956 2.12785 1.86956 6759 0 0.025891
42.163 73848 72400 0.283277 2.04247 1.87073 2.04247 1.87073 6809 0 0.0251909
42.4345 72400 70952 0.283588 2.09019 1.87213 2.09019 1.87213 6858 0 0.0254562
42.7109 70952 69504 0.284125 2.05384 1.87331 2.05384 1.87331 6907 0 0.0257249
42.9789 72400 68056 0.272755 2.03185 1.8743 2.03185 1.8743 6954 0 0.0260263
43.248 73848 69504 0.275982 2.10885 1.87576 2.10885 1.87576 7003 0 0.025724
43.522 75296 70952 0.27562 2.07186 1.87699 2.07186 1.87699 7052 0 0.0254625
43.7743 79640 72400 0.263738 2.34126 1.87967 2.34126 1.87967 7103 0 0.0255815
44.0243 85432 76744 0.25695 2.45647 1.88294 2.45647 1.88294 7156 0 0.0251868
44.2946 86880 82536 0.27541 2.4851 1.88662 2.4851 1.88662 7214 0 0.0233972
44.577 85432 83984 0.288381 2.42038 1.89 2.42038 1.89 7273 0 0.0231941
44.8618 83984 82536 0.286737 2.3186 1.89272 2.3186 1.89272 7330 0 0.0234215
45.1369 82536 81088 0.285642 2.3996 1.89581 2.3996 1.89581 7387 0 0.0236616
45.4037 83984 79640 0.270808 2.38841 1.8987 2.38841 1.8987 7442 0 0.0239692
45.6753 85432 81088 0.279256 2.43145 1.90187 2.43145 1.90187 7499 0 0.0236303
45.9468 57920 82536 0.274151 2.43145 1.905 2.43145 1.905 7556 0 0.0295721
46.2304 56472 55024 0.287948 1.59313 1.90309 1.59313 1.90309 7595 0 0.028492
46.4803 59368 53576 0.259631 1.71489 1.90208 1.71489 1.90208 7632 0 0.0291747
46.7411 60816 56472 0.270307 1.77705 1.90138 1.77705 1.90138 7672 0 0.0282445
47.0138 59368 57920 0.281579 1.74123 1.90045 1.74123 1.90045 7713 0 0.0278762
47.2902 60816 56472 0.277897 1.63469 1.8989 1.63469 1.8989 7752 0 0.028155
47.5642 59368 57920 0.288169 1.73359 1.89794 1.73359 1.89794 7793 0 0.0279404
47.8405 60816 56472 0.278676 1.63469 1.89642 1.63469 1.89642 7832 0 0.0281523
48.1169 59368 57920 0.291169 1.71852 1.8954 1.71852 1.8954 7873 0 0.0279984
48.3933 60816 56472 0.279648 1.63469 1.89391 1.63469 1.89391 7912 0 0.0281507
48.6708 57920 57920 0.293752 1.71108 1.89287 1.71108 1.89287 7953 0 0.0281141
48.9484 56472 55024 0.280805 1.58588 1.89113 1.58588 1.89113 7991 0 0.0284295
49.2248 57920 53576 0.278182 1.55086 1.88922 1.55086 1.88922 8028 0 0.0287117
49.4723 56472 55024 0.284942 1.82514 1.8889 1.82514 1.8889 8067 0 0.0284532
49.7258 57920 53576 0.254335 1.69051 1.88789 1.69051 1.88789 8104 0 0.0293671
50.2822 56472 55024 0.280279 1.60328 1.88474 1.60328 1.88474 8181 0 0.0284289
50.5213 55024 53576 0.284609 1.79245 1.8843 1.79245 1.8843 8218 0 0.0287297
50.7977 52128 52128 0.304201 1.55086 1.88249 1.55086 1.88249 8255 0 0.0296265
50.895 53576 49232 0.275864 4.04662 1.88662 4.04662 1.88662 8289 0 0.0295726
51.157 55024 50680 0.265839 1.54778 1.88489 1.54778 1.88489 8324 0 0.0294723
51.4213 56472 52128 0.269622 1.57753 1.88331 1.57753 1.88331 8360 0 0.0290971
51.6941 57920 53576 0.278308 1.61382 1.88189 1.61382 1.88189 8398 0 0.0287113
51.9716 56472 55024 0.280781 1.62761 1.88053 1.62761 1.88053 8437 0 0.0284294
52.254 55024 53576 0.28415 1.51786 1.87857 1.51786 1.87857 8474 0 0.0287257
52.5268 57920 52128 0.280454 1.52889 1.87675 1.52889 1.87675 8510 0 0.029041
52.7995 56472 55024 0.280587 1.65629 1.87562 1.65629 1.87562 8549 0 0.0284292
53.0771 55024 53576 0.284828 1.58588 1.8741 1.58588 1.8741 8587 0 0.0287318
53.3559 53576 52128 0.282467 1.53749 1.87234 1.53749 1.87234 8624 0 0.0289955
53.6226 55024 50680 0.271118 1.5199 1.87059 1.5199 1.87059 8659 0 0.0293507
53.8882 56472 52128 0.273343 1.57039 1.86911 1.57039 1.86911 8695 0 0.0290338
54.1585 57920 53576 0.278964 1.62817 1.86791 1.62817 1.86791 8733 0 0.0287095
54.7101 59368 55024 0.278633 1.61725 1.86538 1.61725 1.86538 8810 0 0.0284307
54.9865 60816 56472 0.278822 1.63469 1.86422 1.63469 1.86422 8849 0 0.028152
55.2496 59368 57920 0.284146 1.76082 1.86373 1.76082 1.86373 8889 0 0.0278909
55.5212 57920 56472 0.284131 1.66362 1.86275 1.66362 1.86275 8928 0 0.0281676
55.7939 56472 55024 0.284156 1.61382 1.86153 1.61382 1.86153 8966 0 0.0284461
56.0691 55024 53576 0.28708 1.59973 1.86025 1.59973 1.86025 9004 0 0.0287586
56.3431 56472 52128 0.278185 1.56446 1.85881 1.56446 1.85881 9041 0 0.0289927
56.6146 57920 53576 0.275776 1.57831 1.85746 1.57831 1.85746 9078 0 0.0287263
56.8886 56472 55024 0.288411 1.60675 1.85626 1.60675 1.85626 9116 0 0.0284996
57.1686 55024 53576 0.293979 1.57227 1.85486 1.57227 1.85486 9154 0 0.0289039
57.4461 53576 52128 0.282494 1.54415 1.85336 1.54415 1.85336 9191 0 0.0289957
57.7189 55024 50680 0.27685 1.48642 1.85163 1.48642 1.85163 9226 0 0.0292817
57.9892 57920 52128 0.289121 1.54248 1.85019 1.54248 1.85019 9262 0 0.029124
58.2236 59368 55024 0.277401 1.87866 1.8503 1.87866 1.8503 9300 0 0.0284356
58.4687 66608 56472 0.243841 1.84303 1.85027 1.84303 1.85027 9339 0 0.0298688
58.7342 68056 63712 0.272809 1.96299 1.85078 1.96299 1.85078 9384 0 0.0268315
58.9926 69504 65160 0.276312 2.01777 1.85151 2.01777 1.85151 9429 0 0.0265234
59.287 63712 66608 0.316843 1.8494 1.8515 1.8494 1.8515 9476 0 0.0278553
59.573 60816 60816 0.294074 1.70126 1.85078 1.70126 1.85078 9518 0 0.0275734
59.6595 62264 57920 0.27989 5.35582 1.85586 5.35582 1.85586 9558 0 0.0278737
59.9154 66608 59368 0.259995 1.85568 1.85586 1.85568 1.85586 9599 0 0.0281353
60.1653 72400 63712 0.255023 2.08568 1.85682 2.08568 1.85682 9644 0 0.0276604
60.4141 78192 69504 0.251003 2.23547 1.85838 2.23547 1.85838 9692 0 0.0268055
60.6796 81088 75296 0.266176 2.26835 1.86017 2.26835 1.86017 9744 0 0.0249003
60.962 79640 78192 0.282725 2.21526 1.86182 2.21526 1.86182 9798 0 0.0241485
61.2408 78192 76744 0.28305 2.20235 1.86337 2.20235 1.86337 9851 0 0.0244081
61.5087 79640 75296 0.276299 2.29124 1.86523 2.29124 1.86523 9904 0 0.0246716
61.7683 83984 76744 0.263455 2.36549 1.86733 2.36549 1.86733 9957 0 0.0248094
62.0278 86880 81088 0.266331 2.54402 1.87016 2.54402 1.87016 10014 0 0.0238679
62.297 89776 83984 0.270323 2.4962 1.87287 2.4962 1.87287 10072 0 0.0232689
62.5758 91224 86880 0.279758 2.49323 1.87563 2.49323 1.87563 10132 0 0.0226236
62.8593 89776 88328 0.285423 2.49182 1.87841 2.49182 1.87841 10193 0 0.0224048
63.1369 88328 86880 0.287585 2.50402 1.88116 2.50402 1.88116 10253 0 0.0226811
63.4061 86880 85432 0.284035 2.53923 1.88396 2.53923 1.88396 10312 0 0.0228893
63.6776 85432 83984 0.281132 2.51676 1.88665 2.51676 1.88665 10371 0 0.0231252
63.9468 86880 82536 0.271675 2.45316 1.88904 2.45316 1.88904 10428 0 0.0234454
64.2159 88328 83984 0.278891 2.53923 1.89176 2.53923 1.89176 10487 0 0.0231251
64.4875 89776 85432 0.273399 2.51676 1.8944 2.51676 1.8944 10546 0 0.0229166
64.7615 88328 86880 0.28479 2.57925 1.89729 2.57925 1.89729 10607 0 0.0226465
65.0354 89776 85432 0.276557 2.49469 1.89981 2.49469 1.89981 10666 0 0.0228849
65.307 88328 86880 0.284346 2.60208 1.90273 2.60208 1.90273 10727 0 0.0226424
65.5834 89776 85432 0.277059 2.47299 1.90513 2.47299 1.90513 10786 0 0.0228817
65.8489 88328 86880 0.28341 2.66095 1.90818 2.66095 1.90818 10847 0 0.0226352
66.1145 91224 85432 0.268193 2.5737 1.91085 2.5737 1.91085 10906 0 0.0230638
66.3824 89776 88328 0.281442 2.68031 1.91396 2.68031 1.91396 10968 0 0.0223775
66.6588 88328 86880 0.288387 2.55682 1.91663 2.55682 1.91663 11029 0 0.0226939
66.9328 89776 85432 0.276593 2.49469 1.91899 2.49469 1.91899 11088 0 0.0228846
67.2067 86880 86880 0.290839 2.57925 1.92168 2.57925 1.92168 11149 0 0.0227924
67.4831 88328 83984 0.27762 2.43108 1.92377 2.43108 1.92377 11207 0 0.0231296
67.7547 57920 85432 0.275566 2.51676 1.92615 2.51676 1.92615 11266 0 0.0304237
68.0322 55024 55024 0.295559 1.62761 1.92493 1.62761 1.92493 11305 0 0.0287222
68.2689 59368 52128 0.251272 1.76171 1.92436 1.76171 1.92436 11341 0 0.0299517
68.5165 66608 56472 0.243367 1.82514 1.924 1.82514 1.924 11380 0 0.0299034
68.7681 68056 65160 0.278853 2.07129 1.92454 2.07129 1.92454 11425 0 0.0265111
69.0469 63712 66608 0.305864 1.91147 1.92449 1.91147 1.92449 11471 0 0.027047
69.1413 60816 60816 0.296076 5.15434 1.9289 5.15434 1.9289 11513 0 0.0276338
69.4165 62264 57920 0.278843 1.68393 1.92793 1.68393 1.92793 11553 0 0.027875
69.682 63712 59368 0.268859 1.78851 1.9274 1.78851 1.9274 11594 0 0.0277223
69.9404 66608 60816 0.263401 1.88326 1.92723 1.88326 1.92723 11636 0 0.0276509
70.2047 68056 63712 0.268568 1.97192 1.9274 1.97192 1.9274 11681 0 0.0269105
70.4763 57920 65160 0.275102 1.96222 1.92754 1.96222 1.92754 11727 0 0.0273553
70.7538 56472 55024 0.280422 1.62761 1.92636 1.62761 1.92636 11766 0 0.028429
71.023 57920 53576 0.272198 1.5924 1.92509 1.5924 1.92509 11803 0 0.0287693
71.2922 59368 55024 0.273691 1.63544 1.924 1.63544 1.924 11841 0 0.0284686
71.5313 65160 56472 0.247478 1.88934 1.92388 1.88934 1.92388 11880 0 0.029465
71.7728 72400 62264 0.247046 2.11035 1.92451 2.11035 1.92451 11924 0 0.028548
72.0275 76744 69504 0.259316 2.22822 1.92559 2.22822 1.92559 11973 0 0.0262726
72.3063 78192 73848 0.278669 2.11924 1.92633 2.11924 1.92633 12024 0 0.0249201
72.5983 75296 75296 0.296423 2.06298 1.92688 2.06298 1.92688 12076 0 0.0249789
72.8879 72400 72400 0.295764 2.0001 1.92717 2.0001 1.92717 12126 0 0.02548
73.1643 70952 69504 0.281829 2.01193 1.92749 2.01193 1.92749 12174 0 0.0257112
73.4322 72400 68056 0.273941 2.03185 1.92787 2.03185 1.92787 12221 0 0.0260105
73.6978 73848 69504 0.274186 2.13748 1.92863 2.13748 1.92863 12270 0 0.0257417
73.9633 76744 70952 0.26824 2.13748 1.92938 2.13748 1.92938 12319 0 0.025633
74.2277 78192 73848 0.273495 2.27866 1.93062 2.27866 1.93062 12371 0 0.0249606
74.498 79640 75296 0.278148 2.27087 1.93186 2.27087 1.93186 12424 0 0.0246613
74.772 81088 76744 0.275591 2.24099 1.93299 2.24099 1.93299 12477 0 0.0244182
75.0496 79640 78192 0.286685 2.29535 1.93433 2.29535 1.93433 12532 0 0.0241857
75.3283 78192 76744 0.280995 2.20235 1.93532 2.20235 1.93532 12585 0 0.0243998
75.5891 79640 75296 0.276117 2.35459 1.93677 2.35459 1.93677 12638 0 0.0246729
75.8462 83984 76744 0.260434 2.3876 1.9383 2.3876 1.9383 12691 0 0.0249185
76.107 85432 81088 0.271138 2.53229 1.94033 2.53229 1.94033 12748 0 0.0237083
76.3677 89776 82536 0.264113 2.53229 1.94235 2.53229 1.94235 12805 0 0.0237655
76.6381 88328 86880 0.280569 2.61364 1.94472 2.61364 1.94472 12866 0 0.0226239
76.9132 89776 85432 0.276326 2.48379 1.94665 2.48379 1.94665 12925 0 0.0228865
77.1908 86880 86880 0.290964 2.54575 1.9488 2.54575 1.9488 12986 0 0.0227951
77.4708 85432 83984 0.281712 2.39978 1.95043 2.39978 1.95043 13044 0 0.0231268
77.746 86880 82536 0.278467 2.3996 1.95202 2.3996 1.95202 13101 0 0.0233785
78.0139 85432 83984 0.289149 2.55062 1.95408 2.55062 1.95408 13160 0 0.0232076
78.2843 86880 82536 0.271432 2.44225 1.95577 2.44225 1.95577 13217 0 0.0234495
78.5558 83984 83984 0.289802 2.51676 1.95771 2.51676 1.95771 13276 0 0.0232713
78.8346 85432 81088 0.276639 2.32701 1.95901 2.32701 1.95901 13332 0 0.023641
79.093 86880 82536 0.278662 2.55585 1.96096 2.55585 1.96096 13389 0 0.0233779
79.3645 82536 83984 0.299915 2.51676 1.96286 2.51676 1.96286 13448 0 0.0236574
79.6193 83984 79640 0.272154 2.50107 1.96458 2.50107 1.96458 13503 0 0.0239463
79.886 81088 81088 0.291787 2.47526 1.96629 2.47526 1.96629 13560 0 0.02382
79.9929 83984 78192 0.269721 5.84928 1.97148 5.84928 1.97148 13614 0 0.0242981
80.2621 85432 81088 0.271532 2.41012 1.97295 2.41012 1.97295 13670 0 0.0237014
80.5337 86880 82536 0.273927 2.43145 1.9745 2.43145 1.9745 13727 0 0.023413
80.8124 85432 83984 0.282201 2.45167 1.97614 2.45167 1.97614 13786 0 0.0231287
81.0852 86880 82536 0.275292 2.42074 1.97764 2.42074 1.97764 13843 0 0.0233983
81.3568 88328 83984 0.275404 2.51676 1.97944 2.51676 1.97944 13902 0 0.023145
81.6283 89776 85432 0.274025 2.51676 1.98123 2.51676 1.98123 13961 0 0.0229087
81.9047 88328 86880 0.280218 2.55682 1.98317 2.55682 1.98317 14022 0 0.0226236
82.1811 57920 85432 0.278864 2.47299 1.98482 2.47299 1.98482 14081 0 0.0304053
82.6574 55024 56472 0.306573 0.948376 1.97884 0.948376 1.97884 14120 0 0.028908
82.911 53576 53576 0.284615 1.69051 1.97796 1.69051 1.97796 14157 0 0.0287297
83.1633 52128 52128 0.282493 1.65265 1.97697 1.65265 1.97697 14193 0 0.0289957
83.2265 53576 49232 0.266044 6.23679 1.98021 6.23679 1.98021 14227 0 0.0297503
83.498 55024 50680 0.273104 1.49299 1.97862 1.49299 1.97862 14262 0 0.0293194
83.7684 56472 52128 0.275745 1.54248 1.97721 1.54248 1.97721 14298 0 0.0290075
84.0315 57920 53576 0.27025 1.62876 1.97612 1.62876 1.97612 14335 0 0.0288035
84.2995 59368 55024 0.274674 1.686 1.9752 1.686 1.9752 14374 0 0.0284572
84.571 60816 56472 0.273835 1.66362 1.9742 1.66362 1.9742 14413 0 0.0281886
84.8426 62264 57920 0.279122 1.74894 1.97348 1.74894 1.97348 14454 0 0.0278745
85.107 63712 59368 0.274354 1.79663 1.97293 1.79663 1.97293 14495 0 0.02763
85.3725 65160 60816 0.273934 1.87575 1.97263 1.87575 1.97263 14538 0 0.0273608
85.6357 68056 62264 0.266345 1.89288 1.97238 1.89288 1.97238 14581 0 0.027289
85.9072 69504 65160 0.278113 1.96222 1.97235 1.96222 1.97235 14627 0 0.0265134
86.1824 68056 66608 0.283087 1.97861 1.97237 1.97861 1.97237 14674 0 0.0262507
86.4588 69504 65160 0.278685 1.88618 1.9721 1.88618 1.9721 14719 0 0.0265115
86.7327 68056 66608 0.282999 1.98729 1.97214 1.98729 1.97214 14766 0 0.0262501
87.0091 69504 65160 0.278715 1.88618 1.97187 1.88618 1.97187 14811 0 0.0265114
87.2855 68056 66608 0.286054 1.97001 1.97186 1.97001 1.97186 14858 0 0.0262778
87.5582 69504 65160 0.276027 1.91111 1.97167 1.91111 1.97167 14903 0 0.0265256
87.8298 68056 66608 0.282055 2.00488 1.97178 2.00488 1.97178 14950 0 0.0262453
88.1062 69504 65160 0.277538 1.88618 1.97151 1.88618 1.97151 14995 0 0.0265159
88.3813 68056 66608 0.28744 1.97861 1.97153 1.97861 1.97153 15042 0 0.0262965
88.6553 69504 65160 0.277544 1.90273 1.97132 1.90273 1.97132 15087 0 0.0265158
88.9292 68056 66608 0.287571 1.98729 1.97137 1.98729 1.97137 15134 0 0.0262984
89.2032 57920 65160 0.276904 1.90273 1.97116 1.90273 1.97116 15179 0 0.0273409
89.476 56472 55024 0.287853 1.65629 1.9702 1.65629 1.9702 15218 0 0.0284905
89.7331 59368 53576 0.264449 1.66681 1.96933 1.66681 1.96933 15255 0 0.0290016
89.9746 62264 56472 0.264685 1.9185 1.96919 1.9185 1.96919 15295 0 0.0284365
90.2306 65160 59368 0.266308 1.90094 1.969 1.90094 1.969 15337 0 0.027837
90.4997 66608 62264 0.280067 1.89367 1.96877 1.89367 1.96877 15381 0 0.0270512
90.7809 63712 63712 0.293481 1.85394 1.96842 1.85394 1.96842 15426 0 0.0270129
91.0429 65160 60816 0.274856 1.85734 1.9681 1.85734 1.9681 15468 0 0.0273505
91.2976 69504 62264 0.260709 1.95538 1.96806 1.95538 1.96806 15511 0 0.0275603
91.5632 70952 66608 0.279928 2.05024 1.9683 2.05024 1.9683 15558 0 0.0262411
91.8143 73848 68056 0.26729 2.16795 1.96885 2.16795 1.96885 15605 0 0.0261867
92.0714 57920 70952 0.276052 2.25245 1.96964 2.25245 1.96964 15655 0 0.0275128
92.3394 56472 55024 0.283837 1.686 1.96882 1.686 1.96882 15694 0 0.0284435
92.6001 59368 53576 0.260077 1.64377 1.9679 1.64377 1.9679 15731 0 0.0291567
92.8525 57920 56472 0.285778 1.79037 1.96742 1.79037 1.96742 15770 0 0.0281839
93.1312 59368 55024 0.27616 1.6206 1.96638 1.6206 1.96638 15809 0 0.0284436
93.1985 60816 56472 0.278621 6.71391 1.96981 6.71391 1.96981 15848 0 0.0281525
93.4677 62264 57920 0.272451 1.76455 1.96922 1.76455 1.96922 15889 0 0.0279307
93.7356 63712 59368 0.270454 1.77246 1.96865 1.77246 1.96865 15930 0 0.0276893
94.0084 65160 60816 0.277009 1.7837 1.96812 1.7837 1.96812 15972 0 0.027333
94.268 68056 62264 0.26582 1.91917 1.96798 1.91917 1.96798 16015 0 0.0273037
94.5191 72400 65160 0.257745 2.12183 1.96839 2.12183 1.96839 16061 0 0.027142
94.7786 75296 69504 0.264406 2.18696 1.96899 2.18696 1.96899 16110 0 0.0260024
95.043 78192 72400 0.266396 2.19102 1.96961 2.19102 1.96961 16160 0 0.0254166
95.3158 79640 75296 0.274356 2.20839 1.97029 2.20839 1.97029 16212 0 0.0246897
95.5969 78192 76744 0.282587 2.18353 1.97092 2.18353 1.97092 16265 0 0.0244055
95.8757 76744 75296 0.28736 2.20235 1.97159 2.20235 1.97159 16318 0 0.024712
96.1473 57920 73848 0.276004 2.17551 1.97217 2.17551 1.97217 16369 0 0.0278098
96.6712 60816 55024 0.259163 1.70256 1.97071 1.70256 1.97071 16446 0 0.0289143
96.9259 65160 57920 0.259251 1.81896 1.97031 1.81896 1.97031 16486 0 0.0284411
97.1963 57920 62264 0.270012 1.8424 1.96995 1.8424 1.96995 16529 0 0.0275618
97.4666 56472 55024 0.280943 1.67102 1.96912 1.67102 1.96912 16568 0 0.0284297
97.7322 57920 53576 0.268484 1.61402 1.96816 1.61402 1.96816 16605 0 0.0288411
98.0001 59368 55024 0.277201 1.64277 1.96727 1.64277 1.96727 16643 0 0.0284367
98.2765 57920 56472 0.285966 1.67661 1.96645 1.67661 1.96645 16683 0 0.0281862
99.1008 59368 55024 0.274537 1.61612 1.96354 1.61612 1.96354 16798 0 0.0284587
99.3724 60816 56472 0.274043 1.66362 1.96272 1.66362 1.96272 16837 0 0.0281861
99.6355 59368 57920 0.284993 1.80484 1.9623 1.80484 1.9623 16878 0 0.0278986
99.8987 60816 56472 0.266576 1.7168 1.96165 1.7168 1.96165 16917 0 0.0283308
100.167 59368 57920 0.283471 1.77246 1.96115 1.77246 1.96115 16958 0 0.0278857
100.441 60816 56472 0.273644 1.64903 1.9603 1.64903 1.9603 16997 0 0.028191
100.715 57920 57920 0.295554 1.73359 1.95968 1.73359 1.95968 17038 0 0.028167
100.989 59368 55024 0.27756 1.60675 1.95872 1.60675 1.95872 17076 0 0.0284348
101.238 60816 56472 0.274516 1.80759 1.95835 1.80759 1.95835 17115 0 0.0281806
101.512 57920 57920 0.299305 1.73359 1.95774 1.73359 1.95774 17156 0 0.0282977
101.782 59368 55024 0.276782 1.63544 1.95689 1.63544 1.95689 17194 0 0.0284392
101.855 60816 56472 0.273042 6.16359 1.95992 6.16359 1.95992 17233 0 0.028199
102.129 62264 57920 0.276475 1.73359 1.95931 1.73359 1.95931 17274 0 0.0278861
102.402 63712 59368 0.275172 1.74123 1.95873 1.74123 1.95873 17315 0 0.0276215
102.677 65160 60816 0.280096 1.81022 1.95833 1.81022 1.95833 17358 0 0.027324
102.953 66608 62264 0.278812 1.80235 1.95791 1.80235 1.95791 17401 0 0.0270527
103.207 70952 63712 0.261294 2.05603 1.95815 2.05603 1.95815 17446 0 0.0272667
103.463 75296 68056 0.258204 2.12724 1.95857 2.12724 1.95857 17493 0 0.0265858
103.734 57920 72400 0.275938 2.17551 1.95914 2.17551 1.95914 17544 0 0.0276442
104.015 56472 55024 0.282707 1.56555 1.95808 1.56555 1.95808 17582 0 0.0284361
104.278 57920 53576 0.267237 1.62876 1.95724 1.62876 1.95724 17619 0 0.0288713
104.534 60816 55024 0.263969 1.76516 1.95677 1.76516 1.95677 17658 0 0.0287372
104.787 65160 57920 0.255586 1.83628 1.95648 1.83628 1.95648 17698 0 0.0286067
105.052 57920 62264 0.265944 1.87575 1.95628 1.87575 1.95628 17741 0 0.0276596
105.324 59368 55024 0.279196 1.66362 1.95553 1.66362 1.95553 17780 0 0.0284295
105.591 60816 56472 0.269669 1.6936 1.95486 1.6936 1.95486 17819 0 0.0282573
105.857 62264 57920 0.276277 1.78045 1.95442 1.78045 1.95442 17860 0 0.0278875
106.11 66608 59368 0.26042 1.88219 1.95425 1.88219 1.95425 17901 0 0.0281185
106.374 68056 63712 0.272151 1.97192 1.9543 1.97192 1.9543 17946 0 0.0268414
106.652 69504 65160 0.277291 1.87802 1.9541 1.87802 1.9541 17991 0 0.0265171
106.933 68056 66608 0.291636 1.93634 1.95405 1.93634 1.95405 18038 0 0.0263765
107.212 66608 65160 0.282488 1.86992 1.95383 1.86992 1.95383 18083 0 0.026516
107.481 65160 63712 0.283491 1.9367 1.95379 1.9367 1.95379 18128 0 0.026792
107.743 68056 62264 0.266781 1.90156 1.95366 1.90156 1.95366 18171 0 0.0272773
108.006 69504 65160 0.275913 2.02494 1.95384 2.02494 1.95384 18217 0 0.0265265
108.261 70952 66608 0.271837 2.13728 1.95427 2.13728 1.95427 18264 0 0.0263078
108.521 75296 68056 0.261808 2.08803 1.95459 2.08803 1.95459 18311 0 0.0264417
108.794 73848 72400 0.282893 2.16592 1.95512 2.16592 1.95512 18362 0 0.0251885
109.073 75296 70952 0.279783 2.03614 1.95533 2.03614 1.95533 18411 0 0.0254434
109.335 73848 72400 0.286661 2.25534 1.95604 2.25534 1.95604 18462 0 0.0252245
109.598 76744 70952 0.265095 2.157 1.95653 2.157 1.95653 18511 0 0.0257168
109.867 75296 73848 0.28383 2.23797 1.95722 2.23797 1.95722 18563 0 0.024933
110.142 57920 72400 0.292034 2.14701 1.95769 2.14701 1.95769 18614 0 0.0277725
110.417 59368 55024 0.276478 1.59973 1.9568 1.59973 1.9568 18652 0 0.0284412
110.678 62264 56472 0.26418 1.73262 1.95627 1.73262 1.95627 18691 0 0.0284522
110.925 57920 59368 0.281567 1.97512 1.95631 1.97512 1.95631 18733 0 0.0277375
111.182 59368 55024 0.274364 1.75691 1.95585 1.75691 1.95585 18772 0 0.0284606
111.409 63712 56472 0.257917 1.98931 1.95592 1.98931 1.95592 18811 0 0.0287752
111.673 57920 60816 0.28859 1.88428 1.95575 1.88428 1.95575 18854 0 0.0276545
112.035 59368 55024 0.271676 2.43414 1.95729 2.43414 1.95729 18930 0 0.0284981
112.308 60816 56472 0.274812 1.65629 1.95656 1.65629 1.95656 18969 0 0.0281775
112.565 63712 57920 0.262478 1.84701 1.95631 1.84701 1.95631 19010 0 0.028232
112.824 66608 60816 0.262994 1.87454 1.95613 1.87454 1.95613 19052 0 0.0276646
113.099 57920 63712 0.276086 1.85232 1.95587 1.85232 1.95587 19096 0 0.0273942
113.384 56472 55024 0.28596 1.54573 1.95484 1.54573 1.95484 19134 0 0.0284643
113.653 57920 53576 0.273211 1.5924 1.95398 1.5924 1.95398 19171 0 0.0287545
113.92 59368 55024 0.273706 1.6936 1.95337 1.6936 1.95337 19210 0 0.0284684
114.186 57920 56472 0.267805 1.70126 1.95279 1.70126 1.95279 19249 0 0.0282993
114.46 56472 55024 0.280684 1.64903 1.95206 1.64903 1.95206 19288 0 0.0284293
114.729 57920 53576 0.272649 1.5924 1.95122 1.5924 1.95122 19325 0 0.0287625
115 56472 55024 0.28063 1.66362 1.95054 1.66362 1.95054 19364 0 0.0284292
115.271 57920 53576 0.274273 1.58532 1.94968 1.58532 1.94968 19401 0 0.0287412
115.542 56472 55024 0.280805 1.66362 1.94901 1.66362 1.94901 19440 0 0.0284295
115.819 57920 53576 0.275054 1.55086 1.94806 1.55086 1.94806 19477 0 0.0287329
116.084 59368 55024 0.278658 1.70126 1.94749 1.70126 1.94749 19516 0 0.0284306
116.352 60816 56472 0.270698 1.686 1.94689 1.686 1.94689 19555 0 0.0282371
116.626 59368 57920 0.284792 1.73359 1.94639 1.73359 1.94639 19596 0 0.0278966
116.875 62264 56472 0.260065 1.81632 1.94611 1.81632 1.94611 19635 0 0.0285993
117.132 65160 59368 0.267012 1.89206 1.946 1.89206 1.946 19677 0 0.0278182
117.402 66608 62264 0.279601 1.88525 1.94586 1.88525 1.94586 19721 0 0.0270514
117.678 65160 63712 0.287551 1.89442 1.94574 1.89442 1.94574 19766 0 0.0268368
117.932 66608 62264 0.269366 1.95538 1.94576 1.95538 1.94576 19809 0 0.0271643
118.198 68056 63712 0.277426 1.96299 1.9458 1.96299 1.9458 19854 0 0.0267865
118.473 69504 65160 0.273774 1.89442 1.94568 1.89442 1.94568 19899 0 0.0265486
118.753 66608 66608 0.294337 1.94465 1.94567 1.94465 1.94567 19946 0 0.026498
119.029 65160 63712 0.281333 1.84427 1.94544 1.84427 1.94544 19990 0 0.0267816
119.289 66608 62264 0.269879 1.91917 1.94538 1.91917 1.94538 20033 0 0.0271537
119.529 68056 63712 0.271908 2.16911 1.94583 2.16911 1.94583 20078 0 0.0268453
119.776 75296 65160 0.246461 2.1162 1.94618 2.1162 1.94618 20123 0 0.0280454
120.039 76744 72400 0.272524 2.24504 1.94684 2.24504 1.94684 20174 0 0.025236
120.319 78192 73848 0.273516 2.11015 1.94722 2.11015 1.94722 20225 0 0.0249604
120.602 73848 75296 0.306786 2.16502 1.94773 2.16502 1.94773 20278 0 0.0255123
120.822 72400 70952 0.285005 2.58133 1.94888 2.58133 1.94888 20327 0 0.0254684
121.09 69504 69504 0.291895 2.11831 1.94926 2.11831 1.94926 20376 0 0.0259007
121.354 72400 66608 0.266743 2.01574 1.9494 2.01574 1.9494 20422 0 0.0264682
121.473 75296 69504 0.266709 4.67417 1.95207 4.67417 1.95207 20470 0 0.0259359
121.743 57920 72400 0.271417 2.15189 1.95251 2.15189 1.95251 20520 0 0.0277014
122.02 59368 55024 0.279601 1.58588 1.95168 1.58588 1.95168 20558 0 0.028429
122.283 60816 56472 0.266723 1.7168 1.95117 1.7168 1.95117 20597 0 0.0283269
122.533 65160 57920 0.256011 1.90029 1.95107 1.90029 1.95107 20638 0 0.0285861
122.793 69504 62264 0.261385 1.91917 1.951 1.91917 1.951 20681 0 0.0275347
123.059 70952 66608 0.271167 1.99758 1.9511 1.99758 1.9511 20727 0 0.0263192
123.337 69504 68056 0.282211 2.00322 1.95122 2.00322 1.95122 20775 0 0.0259787
123.617 68056 66608 0.282781 1.94465 1.9512 1.94465 1.9512 20822 0 0.0262489
123.891 69504 65160 0.276957 1.90273 1.9511 1.90273 1.9511 20867 0 0.0265191
124.16 70952 66608 0.27563 1.97974 1.95116 1.97974 1.95116 20913 0 0.0262602
124.432 72400 68056 0.277913 2.04754 1.95137 2.04754 1.95137 20961 0 0.0259782
124.685 76744 69504 0.259134 2.23878 1.95195 2.23878 1.95195 21010 0 0.0262802
124.938 82536 73848 0.25499 2.34126 1.95274 2.34126 1.95274 21061 0 0.0258006
125.206 83984 79640 0.273145 2.42093 1.95374 2.42093 1.95374 21117 0 0.0239317
125.484 82536 81088 0.284443 2.32701 1.95457 2.32701 1.95457 21173 0 0.0236495
125.757 57920 79640 0.281717 2.3358 1.9554 2.3358 1.9554 21228 0 0.0288171
126.025 59368 55024 0.277086 1.686 1.95483 1.686 1.95483 21267 0 0.0284373
126.267 65160 56472 0.247134 1.87054 1.95466 1.87054 1.95466 21306 0 0.0294875
126.518 69504 62264 0.25818 2.02957 1.95481 2.02957 1.95481 21350 0 0.0276643
126.794 70952 66608 0.277225 1.9281 1.95475 1.9281 1.95475 21396 0 0.0262488
127.082 68056 68056 0.29704 1.9281 1.95469 1.9281 1.95469 21444 0 0.0263155
127.368 65160 65160 0.29245 1.86329 1.95449 1.86329 1.95449 21490 0 0.0267161
127.624 66608 62264 0.275148 1.99146 1.95456 1.99146 1.95456 21534 0 0.0270748
127.876 69504 63712 0.263527 2.0757 1.9548 2.0757 1.9548 21579 0 0.0271025
128.134 73848 66608 0.259322 2.06261 1.95502 2.06261 1.95502 21625 0 0.0268056
128.404 75296 70952 0.27135 2.09948 1.95532 2.09948 1.95532 21674 0 0.0255181
128.664 57920 72400 0.276212 2.27622 1.95597 2.27622 1.95597 21725 0 0.0276421
128.927 60816 55024 0.265189 1.67278 1.95539 1.67278 1.95539 21763 0 0.0286995
129.185 65160 57920 0.257683 1.79358 1.95507 1.79358 1.95507 21803 0 0.0285086
129.457 66608 62264 0.268744 1.83425 1.95481 1.83425 1.95481 21846 0 0.0271779
129.738 63712 63712 0.293165 1.81274 1.95451 1.81274 1.95451 21890 0 0.0270045
129.999 62264 60816 0.291091 1.8659 1.95433 1.8659 1.95433 21932 0 0.027447
130.249 66608 59368 0.258977 1.90029 1.95423 1.90029 1.95423 21973 0 0.0281771
130.511 68056 63712 0.274444 1.99001 1.9543 1.99001 1.9543 22018 0 0.0268107
130.793 69504 65160 0.273089 1.84605 1.95406 1.84605 1.95406 22063 0 0.0265576
131.081 57920 66608 0.306395 1.84776 1.95383 1.84776 1.95383 22109 0 0.0280161
131.603 59368 55024 0.2777 1.68819 1.95278 1.68819 1.95278 22185 0 0.0284341
131.677 60816 56472 0.268658 6.06417 1.9551 6.06417 1.9551 22224 0 0.0282792
131.943 62264 57920 0.268418 1.78851 1.95477 1.78851 1.95477 22265 0 0.0280078
132.212 63712 59368 0.271377 1.76455 1.95438 1.76455 1.95438 22306 0 0.0276725
132.487 65160 60816 0.27935 1.76812 1.95399 1.76812 1.95399 22348 0 0.0273244
132.755 66608 62264 0.273695 1.85893 1.9538 1.85893 1.9538 22391 0 0.027091
133.027 68056 63712 0.276899 1.91956 1.95373 1.91956 1.95373 22436 0 0.0267895
133.295 69504 65160 0.27091 1.94539 1.95372 1.94539 1.95372 22481 0 0.0265924
133.569 70952 66608 0.279308 1.98729 1.95378 1.98729 1.95378 22528 0 0.0262416
133.843 72400 68056 0.276514 1.98729 1.95385 1.98729 1.95385 22575 0 0.025986
134.118 70952 69504 0.281493 2.06281 1.95408 2.06281 1.95408 22624 0 0.0257101
134.393 72400 68056 0.277599 1.97861 1.95413 1.97861 1.95413 22671 0 0.0259796
134.667 70952 69504 0.280985 2.07186 1.95437 2.07186 1.95437 22720 0 0.0257089
134.941 72400 68056 0.276549 1.98729 1.95443 1.98729 1.95443 22767 0 0.0259857
135.212 73848 69504 0.279442 2.09019 1.95471 2.09019 1.95471 22816 0 0.0257082
135.484 57920 70952 0.274221 2.09019 1.95498 2.09019 1.95498 22865 0 0.0275306
135.757 56472 55024 0.280894 1.65629 1.95438 1.65629 1.95438 22904 0 0.0284296
136.01 60816 53576 0.258561 1.69051 1.95388 1.69051 1.95388 22941 0 0.029305
136.269 63712 57920 0.266488 1.83842 1.95367 1.83842 1.95367 22982 0 0.0281076
136.54 65160 60816 0.271709 1.79159 1.95334 1.79159 1.95334 23024 0 0.0273928
136.817 66608 62264 0.277798 1.80235 1.95304 1.80235 1.95304 23067 0 0.0270561
137.094 65160 63712 0.288457 1.87802 1.95289 1.87802 1.95289 23112 0 0.0268514
137.357 66608 62264 0.272873 1.89288 1.95277 1.89288 1.95277 23155 0 0.027102
137.623 68056 63712 0.277633 1.96299 1.95279 1.96299 1.95279 23200 0 0.0267854
137.887 57920 65160 0.267689 1.97192 1.95283 1.97192 1.95283 23245 0 0.0274829
138.158 56472 55024 0.280863 1.67102 1.95228 1.67102 1.95228 23284 0 0.0284296
138.427 57920 53576 0.270423 1.5924 1.95158 1.5924 1.95158 23321 0 0.0288002
138.702 56472 55024 0.286504 1.59973 1.95088 1.59973 1.95088 23359 0 0.0284711
138.978 57920 53576 0.292609 1.55086 1.95008 1.55086 1.95008 23396 0 0.0288674
139.792 59368 55024 0.278896 1.6376 1.94827 1.6376 1.94827 23511 0 0.02843
140.061 57920 56472 0.283921 1.67848 1.94775 1.67848 1.94775 23550 0 0.0281659
140.34 55024 55024 0.30279 1.6206 1.9471 1.6206 1.9471 23589 0 0.0289996
140.611 56472 52128 0.279467 1.53565 1.9463 1.53565 1.9463 23625 0 0.0289897
140.873 57920 53576 0.270105 1.63623 1.94573 1.63623 1.94573 23662 0 0.0288064
141.148 55024 55024 0.298589 1.64183 1.94513 1.64183 1.94513 23701 0 0.0288257
141.226 56472 52128 0.279341 5.33934 1.94701 5.33934 1.94701 23737 0 0.0289899
141.5 57920 53576 0.276647 1.56446 1.94627 1.56446 1.94627 23774 0 0.0287197
141.778 56472 55024 0.282246 1.58588 1.94556 1.58588 1.94556 23812 0 0.0284339
142.058 55024 53576 0.285502 1.57227 1.94483 1.57227 1.94483 23850 0 0.0287387
142.332 56472 52128 0.277907 1.56446 1.9441 1.56446 1.9441 23887 0 0.0289938
142.604 57920 53576 0.274353 1.57831 1.9434 1.57831 1.9434 23924 0 0.0287403
142.881 56472 55024 0.282677 1.58588 1.94271 1.58588 1.94271 23962 0 0.028436
143.16 57920 53576 0.285695 1.57904 1.942 1.57904 1.942 24000 0 0.0287409
143.391 65160 55024 0.240613 1.95822 1.94202 1.95822 1.94202 24039 0 0.0303909
143.628 73848 62264 0.239643 2.09364 1.94227 2.09364 1.94227 24082 0 0.029279
143.899 75296 70952 0.272704 2.14233 1.94265 2.14233 1.94265 24132 0 0.0254966
144.192 72400 72400 0.29796 2.01502 1.9428 2.01502 1.9428 24183 0 0.0255541
144.474 70952 69504 0.286873 1.96912 1.94285 1.96912 1.94285 24231 0 0.0257551
144.734 73848 68056 0.2662 2.0977 1.94313 2.0977 1.94313 24278 0 0.0262156
144.996 75296 70952 0.270229 2.21112 1.94361 2.21112 1.94361 24328 0 0.0255388
145.251 78192 72400 0.265547 2.31917 1.94427 2.31917 1.94427 24379 0 0.0254404
145.513 82536 75296 0.2629 2.29956 1.94491 2.29956 1.94491 24431 0 0.0250872
145.788 83984 79640 0.274576 2.3154 1.94561 2.3154 1.94561 24486 0 0.0239141
146.073 81088 81088 0.294214 2.3186 1.94634 2.3186 1.94634 24543 0 0.0238831
146.35 79640 78192 0.282291 2.25362 1.94692 2.25362 1.94692 24597 0 0.0241463
146.619 81088 76744 0.273886 2.28101 1.94753 2.28101 1.94753 24650 0 0.0244362
146.886 79640 78192 0.280899 2.38841 1.94833 2.38841 1.94833 24705 0 0.0241419
147.142 83984 76744 0.26423 2.3988 1.94912 2.3988 1.94912 24758 0 0.0247844
147.404 85432 81088 0.274339 2.52068 1.95013 2.52068 1.95013 24815 0 0.0236618
147.674 88328 82536 0.27022 2.44225 1.95103 2.44225 1.95103 24872 0 0.0235231
147.946 86880 85432 0.288035 2.55942 1.95215 2.55942 1.95215 24932 0 0.0229376
148.219 85432 83984 0.289276 2.50568 1.95317 2.50568 1.95317 24991 0 0.0232099
148.491 86880 82536 0.273959 2.42074 1.95403 2.42074 1.95403 25048 0 0.0234126
148.765 83984 83984 0.290769 2.49469 1.95502 2.49469 1.95502 25107 0 0.0232912
149.04 85432 81088 0.27729 2.3575 1.95577 2.3575 1.95577 25163 0 0.0236371
149.287 86880 82536 0.271487 2.68052 1.95696 2.68052 1.95696 25220 0 0.0234486
149.555 85432 83984 0.285466 2.55062 1.95802 2.55062 1.95802 25279 0 0.0231538
149.816 57920 82536 0.272666 2.53229 1.95902 2.53229 1.95902 25336 0 0.0295917
150.317 63712 55024 0.251264 1.78014 1.95843 1.78014 1.95843 25413 0 0.0295113
150.408 70952 60816 0.247859 5.32763 1.96047 5.32763 1.96047 25455 0 0.0287678
150.665 75296 68056 0.258685 2.1173 1.96074 2.1173 1.96074 25502 0 0.0265651
150.911 57920 72400 0.251787 2.39836 1.96146 2.39836 1.96146 25553 0 0.0284237
151.173 60816 55024 0.263432 1.68045 1.96097 1.68045 1.96097 25591 0 0.0287547
151.429 57920 57920 0.258778 1.81042 1.96071 1.81042 1.96071 25631 0 0.0283754
151.702 59368 55024 0.273684 1.61382 1.96009 1.61382 1.96009 25669 0 0.0284687
151.978 60816 56472 0.278031 1.63469 1.9595 1.63469 1.9595 25708 0 0.0281544
152.26 59368 57920 0.286869 1.68914 1.959 1.68914 1.959 25749 0 0.0279209
152.538 57920 56472 0.281814 1.6206 1.95838 1.6206 1.95838 25788 0 0.0281539
152.814 56472 55024 0.282331 1.64183 1.95781 1.64183 1.95781 25827 0 0.0284343
153.083 57920 53576 0.272613 1.5924 1.95717 1.5924 1.95717 25864 0 0.028763
153.345 59368 55024 0.269897 1.72467 1.95677 1.72467 1.95677 25903 0 0.0285309
153.605 62264 56472 0.264072 1.73262 1.95639 1.73262 1.95639 25942 0 0.0284556
153.878 63712 59368 0.27861 1.7837 1.95608 1.7837 1.95608 25984 0 0.0276001
154.159 57920 60816 0.2881 1.77154 1.95575 1.77154 1.95575 26027 0 0.0276464
154.428 59368 55024 0.274123 1.63544 1.95519 1.63544 1.95519 26065 0 0.0284634
154.688 62264 56472 0.263345 1.74064 1.95483 1.74064 1.95483 26104 0 0.0284793
154.956 63712 59368 0.275658 1.8157 1.95459 1.8157 1.95459 26146 0 0.027617
155.232 62264 60816 0.284463 1.80235 1.95432 1.80235 1.95432 26189 0 0.0273439
155.511 60816 59368 0.281054 1.70371 1.95387 1.70371 1.95387 26230 0 0.0275993
155.787 59368 57920 0.287839 1.71852 1.95345 1.71852 1.95345 26271 0 0.0279351
156.054 60816 56472 0.271821 1.6936 1.95301 1.6936 1.95301 26310 0 0.0282175
156.315 62264 57920 0.273821 1.82147 1.95279 1.82147 1.95279 26351 0 0.0279119
156.579 65160 59368 0.266068 1.79663 1.95252 1.79663 1.95252 26392 0 0.0278436
156.853 63712 62264 0.284021 1.86044 1.95236 1.86044 1.95236 26436 0 0.0270674
157.133 62264 60816 0.292266 1.77914 1.95205 1.77914 1.95205 26479 0 0.0274745
157.41 63712 59368 0.28016 1.71852 1.95164 1.71852 1.95164 26520 0 0.0275982
157.681 62264 60816 0.287714 1.83425 1.95144 1.83425 1.95144 26563 0 0.0273835
157.955 57920 59368 0.27633 1.73359 1.95106 1.73359 1.95106 26604 0 0.0277486
158.229 56472 55024 0.290048 1.64903 1.95054 1.64903 1.95054 26643 0 0.0285298
158.497 57920 53576 0.272557 1.59954 1.94995 1.59954 1.94995 26680 0 0.0287638
159.267 62264 55024 0.25603 1.72957 1.94888 1.72957 1.94888 26795 0 0.0291403
159.473 57920 59368 0.244841 2.31146 1.94935 2.31146 1.94935 26836 0 0.0289713
159.794 56472 55024 0.284097 1.40816 1.94826 1.40816 1.94826 26875 0 0.0284456
160.024 57920 53576 0.276008 1.8578 1.94813 1.8578 1.94813 26912 0 0.0287244
160.287 55024 55024 0.302392 1.7168 1.94775 1.7168 1.94775 26951 0 0.0289816
160.546 56472 52128 0.266675 1.61422 1.94722 1.61422 1.94722 26987 0 0.029167
160.644 59368 53576 0.260251 4.34997 1.94869 4.34997 1.94869 27024 0 0.0291498
160.904 57920 56472 0.262567 1.78527 1.94843 1.78527 1.94843 27064 0 0.0284545
161.153 62264 55024 0.255078 1.81632 1.94822 1.81632 1.94822 27103 0 0.0291869
161.404 68056 59368 0.253425 1.89119 1.94813 1.89119 1.94813 27144 0 0.0285611
161.671 69504 65160 0.270658 1.99758 1.94822 1.99758 1.94822 27190 0 0.0265971
161.938 70952 66608 0.273384 2.03185 1.94835 2.03185 1.94835 27237 0 0.0262849
162.212 57920 68056 0.275854 1.98729 1.94842 1.98729 1.94842 27284 0 0.0273603
162.494 56472 55024 0.286277 1.60675 1.94783 1.60675 1.94783 27323 0 0.0284682
162.76 57920 53576 0.270634 1.60675 1.94727 1.60675 1.94727 27360 0 0.0287962
163.301 59368 55024 0.272103 1.64959 1.94628 1.64959 1.94628 27437 0 0.0284912
163.563 62264 56472 0.266134 1.72467 1.94593 1.72467 1.94593 27476 0 0.0283942
163.829 57920 59368 0.272628 1.83213 1.94574 1.83213 1.94574 27518 0 0.0277894
164.321 63712 55024 0.245683 1.81053 1.94534 1.81053 1.94534 27595 0 0.0298632
164.582 68056 60816 0.258965 1.8659 1.94521 1.8659 1.94521 27637 0 0.0279034
164.867 66608 65160 0.281727 1.83047 1.94501 1.83047 1.94501 27682 0 0.0265128
165.16 63712 63712 0.302379 1.77796 1.94472 1.77796 1.94472 27727 0 0.027332
165.442 62264 60816 0.287669 1.72298 1.94434 1.72298 1.94434 27769 0 0.0273828
165.716 63712 59368 0.278757 1.73359 1.94399 1.73359 1.94399 27810 0 0.0275997
165.965 65160 60816 0.270392 2.00261 1.94408 2.00261 1.94408 27853 0 0.0274163
166.215 70952 62264 0.25297 1.99298 1.94415 1.99298 1.94415 27896 0 0.0280386
166.478 72400 68056 0.272275 2.11298 1.94442 2.11298 1.94442 27944 0 0.0260335
166.745 70952 69504 0.280492 2.12785 1.94471 2.12785 1.94471 27993 0 0.0257081
167.009 73848 68056 0.268193 2.05956 1.94489 2.05956 1.94489 28040 0 0.0261646
167.275 75296 70952 0.279784 2.1811 1.94527 2.1811 1.94527 28090 0 0.0254434
167.546 73848 72400 0.285173 2.17551 1.94564 2.17551 1.94564 28141 0 0.0252069
167.8 57920 70952 0.26439 2.23878 1.94609 2.23878 1.94609 28190 0 0.0277409
168.053 59368 55024 0.269501 1.78189 1.94584 1.78189 1.94584 28229 0 0.028539
168.299 65160 56472 0.246617 1.84303 1.94569 1.84303 1.94569 28268 0 0.0295217
168.562 66608 62264 0.272708 1.9369 1.94567 1.9369 1.94567 28312 0 0.0271044
168.831 57920 63712 0.287654 1.9367 1.94566 1.9367 1.94566 28357 0 0.0274375
169.105 59368 55024 0.274096 1.60675 1.94511 1.60675 1.94511 28395 0 0.0284637
169.374 60816 56472 0.269848 1.67848 1.94469 1.67848 1.94469 28434 0 0.0282536
169.648 57920 57920 0.29667 1.73359 1.94435 1.73359 1.94435 28475 0 0.0282029
170.155 59368 55024 0.27683 1.7362 1.94373 1.7362 1.94373 28551 0 0.0284389
170.245 60816 56472 0.277561 5.01305 1.94535 5.01305 1.94535 28590 0 0.0281565
170.524 59368 57920 0.281483 1.70371 1.94496 1.70371 1.94496 28631 0 0.0278759
170.789 60816 56472 0.269216 1.70126 1.94458 1.70126 1.94458 28670 0 0.0282669
171.056 62264 57920 0.271553 1.78045 1.94432 1.78045 1.94432 28711 0 0.027945
171.322 63712 59368 0.268278 1.78851 1.94408 1.78851 1.94408 28752 0 0.0277356
171.596 65160 60816 0.278565 1.81816 1.94388 1.81816 1.94388 28795 0 0.0273261
171.865 66608 62264 0.272203 1.85063 1.94373 1.85063 1.94373 28838 0 0.027112
172.14 68056 63712 0.279782 1.89442 1.94365 1.89442 1.94365 28883 0 0.0267799
172.406 69504 65160 0.269512 1.96299 1.94368 1.96299 1.94368 28928 0 0.0266198
172.672 70952 66608 0.273864 2.041 1.94383 2.041 1.94383 28975 0 0.0262788
172.942 72400 68056 0.27154 2.02278 1.94396 2.02278 1.94396 29022 0 0.0260454
173.217 70952 69504 0.2812 2.06281 1.94415 2.06281 1.94415 29071 0 0.0257093
173.494 72400 68056 0.279831 1.96148 1.94417 1.96148 1.94417 29118 0 0.0259739
173.772 70952 69504 0.28505 2.04495 1.94433 2.04495 1.94433 29167 0 0.0257334
174.048 72400 68056 0.278993 1.97001 1.94438 1.97001 1.94438 29214 0 0.0259748
174.325 57920 69504 0.284602 2.05384 1.94455 2.05384 1.94455 29263 0 0.0274235
174.601 59368 55024 0.279158 1.59277 1.94399 1.59277 1.94399 29301 0 0.0284295
174.864 60816 56472 0.266829 1.7168 1.94365 1.7168 1.94365 29340 0 0.028324
175.132 62264 57920 0.277503 1.77246 1.94339 1.77246 1.94339 29381 0 0.0278799
175.405 57920 59368 0.274269 1.74123 1.94307 1.74123 1.94307 29422 0 0.0277679
175.681 56472 55024 0.287111 1.63469 1.94259 1.63469 1.94259 29461 0 0.0284794
175.953 57920 53576 0.275002 1.57831 1.94203 1.57831 1.94203 29498 0 0.0287334
176.222 56472 55024 0.282467 1.67848 1.94162 1.67848 1.94162 29537 0 0.0284349
176.491 57920 53576 0.272612 1.5924 1.94109 1.5924 1.94109 29574 0 0.028763
176.759 56472 55024 0.282197 1.686 1.9407 1.686 1.9407 29613 0 0.0284336
177.032 57920 53576 0.274196 1.57136 1.94014 1.57136 1.94014 29650 0 0.0287421
177.303 56472 55024 0.287632 1.66362 1.93971 1.66362 1.93971 29689 0 0.0284871
177.545 60816 53576 0.258486 1.77462 1.93949 1.77462 1.93949 29726 0 0.0293082
177.788 65160 57920 0.258886 1.95673 1.93951 1.95673 1.93951 29767 0 0.0284564
178.047 69504 62264 0.255366 1.91917 1.93948 1.91917 1.93948 29810 0 0.027795
178.316 68056 66608 0.284605 2.02278 1.93961 2.02278 1.93961 29857 0 0.0262623
178.597 69504 65160 0.278514 1.85394 1.93947 1.85394 1.93947 29902 0 0.026512
178.879 66608 66608 0.30301 1.93634 1.93947 1.93634 1.93947 29949 0 0.0268219
179.151 65160 63712 0.282495 1.86864 1.93936 1.86864 1.93936 29993 0 0.0267861
179.38 66608 62264 0.271644 2.18179 1.93967 2.18179 1.93967 30036 0 0.0271211
179.643 65160 63712 0.285849 1.98092 1.93973 1.98092 1.93973 30081 0 0.026814
179.907 68056 62264 0.266713 1.88428 1.93965 1.88428 1.93965 30124 0 0.0272791
180.174 66608 65160 0.288979 1.99758 1.93973 1.99758 1.93973 30170 0 0.0265904
180.444 63712 63712 0.294772 1.9281 1.93972 1.9281 1.93972 30215 0 0.0270494
180.54 65160 60816 0.274725 5.06125 1.94138 5.06125 1.94138 30257 0 0.0273518
180.805 68056 62264 0.267417 1.88428 1.94129 1.88428 1.94129 30300 0 0.0272609
181.069 69504 65160 0.268927 2.01574 1.9414 2.01574 1.9414 30346 0 0.0266324
181.324 73848 66608 0.259911 2.13728 1.94168 2.13728 1.94168 30393 0 0.0267816
181.579 79640 70952 0.257121 2.22822 1.94208 2.22822 1.94208 30442 0 0.0262235
181.854 81088 76744 0.278317 2.2733 1.94258 2.2733 1.94258 30496 0 0.0244016
182.141 78192 78192 0.291245 2.21852 1.94302 2.21852 1.94302 30551 0 0.0243189
182.407 79640 75296 0.27025 2.26835 1.94349 2.26835 1.94349 30603 0 0.0247529
182.662 85432 76744 0.259234 2.3988 1.94413 2.3988 1.94413 30656 0 0.0250867
182.933 57920 82536 0.274277 2.4851 1.94493 2.4851 1.94493 30714 0 0.0295706
183.215 56472 55024 0.286801 1.59991 1.9444 1.59991 1.9444 30753 0 0.0284751
183.475 59368 53576 0.263937 1.65138 1.94398 1.65138 1.94398 30790 0 0.0290178
183.74 60816 56472 0.271003 1.74488 1.94369 1.74488 1.94369 30830 0 0.0282315
184.008 62264 57920 0.273953 1.77246 1.94344 1.77246 1.94344 30871 0 0.0279103
184.286 63712 59368 0.278928 1.71108 1.94309 1.71108 1.94309 30912 0 0.0275993
184.561 57920 60816 0.281762 1.81022 1.9429 1.81022 1.9429 30955 0 0.0275839
184.834 59368 55024 0.275177 1.61382 1.94241 1.61382 1.94241 30993 0 0.0284521
185.097 57920 56472 0.266795 1.7168 1.94209 1.7168 1.94209 31032 0 0.0283249
185.36 59368 55024 0.271301 1.7168 1.94177 1.7168 1.94177 31071 0 0.0285045
185.617 62264 56472 0.262761 1.75691 1.94151 1.75691 1.94151 31110 0 0.0284991
185.888 63712 59368 0.276897 1.79956 1.94131 1.79956 1.94131 31152 0 0.0276078
186.162 57920 60816 0.28317 1.77588 1.94106 1.77588 1.94106 31194 0 0.0275908
186.443 56472 55024 0.287389 1.60675 1.94056 1.60675 1.94056 31233 0 0.0284834
186.711 55024 53576 0.280311 1.59954 1.94007 1.59954 1.94007 31270 0 0.0287085
186.981 56472 52128 0.279855 1.58532 1.93956 1.58532 1.93956 31307 0 0.0289895
187.221 62264 53576 0.250157 1.78349 1.93936 1.78349 1.93936 31344 0 0.0298558
187.472 66608 59368 0.258588 1.93732 1.93935 1.93732 1.93935 31386 0 0.0281936
187.745 68056 63712 0.278246 1.91111 1.93931 1.91111 1.93931 31431 0 0.0267829
188.034 66608 65160 0.287281 1.80759 1.93911 1.80759 1.93911 31476 0 0.0265628
188.321 63712 63712 0.297867 1.77482 1.93886 1.77482 1.93886 31520 0 0.0271504
188.586 62264 60816 0.283628 1.83213 1.93871 1.83213 1.93871 31562 0 0.0273372
188.843 65160 59368 0.263021 1.84701 1.93858 1.84701 1.93858 31603 0 0.0279378
189.104 66608 62264 0.272593 1.95475 1.93861 1.95475 1.93861 31647 0 0.0271061
189.373 65160 63712 0.280867 1.9367 1.9386 1.9367 1.9386 31692 0 0.0267806
189.646 66608 62264 0.274336 1.82617 1.93844 1.82617 1.93844 31735 0 0.0270833
189.919 65160 63712 0.288215 1.91111 1.9384 1.91111 1.9384 31780 0 0.0268473
190.193 66608 62264 0.27653 1.81816 1.93823 1.81816 1.93823 31823 0 0.0270633
190.464 65160 63712 0.290087 1.91956 1.9382 1.91956 1.9382 31868 0 0.0268816
190.737 57920 62264 0.274868 1.82617 1.93804 1.82617 1.93804 31911 0 0.0274884
191.016 55024 55024 0.294377 1.6206 1.93758 1.6206 1.93758 31950 0 0.0286869
191.227 57920 52128 0.261302 1.97192 1.93762 1.97192 1.93762 31986 0 0.0293904
191.473 65160 55024 0.240951 1.79578 1.93744 1.79578 1.93744 32024 0 0.0303644
191.731 69504 62264 0.256271 1.9281 1.93742 1.9281 1.93742 32067 0 0.0277512
191.998 66608 66608 0.292653 2.041 1.93757 2.041 1.93757 32114 0 0.0264526
192.266 57920 63712 0.27478 1.90216 1.93752 1.90216 1.93752 32158 0 0.0274061
192.368 59368 55024 0.273843 4.30986 1.93878 4.30986 1.93878 32196 0 0.0284667
192.632 60816 56472 0.267361 1.70899 1.93846 1.70899 1.93846 32235 0 0.0283103
192.904 62264 57920 0.276411 1.74894 1.9382 1.74894 1.9382 32276 0 0.0278866
193.173 57920 59368 0.271977 1.76455 1.93795 1.76455 1.93795 32317 0 0.0277995
193.449 56472 55024 0.281518 1.63469 1.93752 1.63469 1.93752 32356 0 0.0284311
193.703 60816 53576 0.258359 1.69051 1.9372 1.69051 1.9372 32393 0 0.0293137
193.944 57920 57920 0.251181 1.96647 1.93723 1.96647 1.93723 32434 0 0.0287556
194.197 62264 55024 0.253748 1.74447 1.93698 1.74447 1.93698 32472 0 0.0292549
194.456 65160 59368 0.260817 1.82991 1.93684 1.82991 1.93684 32513 0 0.0280175
194.736 63712 62264 0.283422 1.77914 1.93661 1.77914 1.93661 32556 0 0.0270629
195.026 62264 60816 0.292094 1.72009 1.93629 1.72009 1.93629 32599 0 0.0274703
195.291 63712 59368 0.276014 1.78851 1.93609 1.78851 1.93609 32640 0 0.0276141
195.552 65160 60816 0.271602 1.91033 1.93606 1.91033 1.93606 32683 0 0.0273945
195.802 70952 62264 0.254937 1.99298 1.93613 1.99298 1.93613 32726 0 0.0279361
196.064 73848 68056 0.268724 2.12267 1.93638 2.12267 1.93638 32774 0 0.0261523
196.338 72400 70952 0.281481 2.11414 1.93663 2.11414 1.93663 32824 0 0.0254455
196.619 70952 69504 0.289895 2.01873 1.93674 2.01873 1.93674 32873 0 0.0258058
196.889 72400 68056 0.27517 2.01379 1.93685 2.01379 1.93685 32920 0 0.0259972
197.157 73848 69504 0.278382 2.11831 1.9371 2.11831 1.9371 32969 0 0.0257105
197.429 57920 70952 0.273147 2.09019 1.93731 2.09019 1.93731 33018 0 0.0275442
197.68 59368 55024 0.26823 1.79894 1.93713 1.79894 1.93713 33057 0 0.0285673
197.918 57920 56472 0.242541 1.89888 1.93709 1.89888 1.93709 33096 0 0.0295537
198.179 60816 55024 0.264637 1.73262 1.93682 1.73262 1.93682 33135 0 0.0287162
198.436 57920 57920 0.258731 1.80196 1.93664 1.80196 1.93664 33175 0 0.0283774
198.709 59368 55024 0.268287 1.61382 1.9362 1.61382 1.9362 33213 0 0.028566
198.986 60816 56472 0.275923 1.62761 1.93577 1.62761 1.93577 33252 0 0.0281672
199.246 57920 57920 0.29441 1.82991 1.93563 1.82991 1.93563 33293 0 0.0281327
199.475 60816 55024 0.262371 1.918 1.93561 1.918 1.93561 33331 0 0.0287909
199.723 65160 57920 0.254583 1.87194 1.93553 1.87194 1.93553 33371 0 0.0286566
199.987 69504 62264 0.258676 1.88428 1.93546 1.88428 1.93546 33414 0 0.0276429
