0.300133 14480 0 0 0 0 0 0 0 0 0.120112
0.501462 15928 13032 0.200125 0.575376 0.231004 0.575376 0.231004 10 0 0.0434738
0.503866 17376 13032 0.200484 9.64048 0.275883 9.64048 0.275883 12 0 0.0434166
0.506269 21720 14480 0.201174 14.4607 0.343217 14.4607 0.343217 15 0 0.0431264
0.508672 23168 18824 0.202027 24.1012 0.455461 24.1012 0.455461 20 0 0.04191
0.511075 24616 20272 0.203149 14.4607 0.521317 14.4607 0.521317 23 0 0.0414238
0.712277 26064 23168 0.229255 0.172722 0.422847 0.172722 0.422847 26 0 0.0374719
0.71468 27512 23168 0.227223 9.64048 0.453842 9.64048 0.453842 28 0 0.0376822
0.717083 28960 24616 0.22557 14.4607 0.500784 14.4607 0.500784 31 0 0.0375511
0.719486 33304 26064 0.224374 14.4607 0.547413 14.4607 0.547413 34 0 0.0375126
0.960426 39096 30408 0.230222 1.00965 0.663372 1.00965 0.663372 55 0 0.0361032
1.17493 41992 36200 0.249103 1.40409 0.798603 1.40409 0.798603 81 0 0.0331767
1.3999 57920 39096 0.244373 1.44178 0.901963 1.44178 0.901963 109 0 0.0349032
1.65103 62264 55024 0.256538 1.75281 1.03138 1.75281 1.03138 147 0 0.0291162
1.94062 60816 59368 0.292916 1.68008 1.12819 1.68008 1.12819 189 0 0.027765
2.24703 57920 57920 0.303489 1.55004 1.18571 1.55004 1.18571 230 0 0.0284768
2.54262 55024 55024 0.3039 1.48918 1.22099 1.48918 1.22099 268 0 0.0290514
2.79616 53576 52128 0.29222 1.64482 1.25942 1.64482 1.25942 304 0 0.0291388
2.83941 57920 50680 0.255974 9.37269 1.38302 9.37269 1.38302 339 0 0.029986
3.07973 65160 55024 0.243865 1.87989 1.4218 1.87989 1.4218 378 0 0.0301453
3.33928 69504 62264 0.260131 1.91917 1.46045 1.91917 1.46045 421 0 0.0275829
3.62406 68056 66608 0.286835 1.87115 1.49273 1.87115 1.49273 467 0 0.0262878
3.91725 57920 65160 0.298877 1.81747 1.51703 1.81747 1.51703 513 0 0.0276877
4.46878 59368 55024 0.271978 1.61725 1.5294 1.61725 1.5294 590 0 0.0284932
4.73314 60816 56472 0.267537 1.70899 1.53943 1.70899 1.53943 629 0 0.0283059
5.02032 59368 57920 0.290307 1.61347 1.54367 1.61347 1.54367 669 0 0.0279799
5.31111 56472 56472 0.29828 1.59347 1.54639 1.59347 1.54639 709 0 0.0285361
5.59829 55024 53576 0.291359 1.5328 1.5457 1.5328 1.5457 747 0 0.0288375
5.87586 53576 52128 0.286838 1.50241 1.54365 1.50241 1.54365 783 0 0.0290362
6.14862 52128 50680 0.282237 1.48642 1.54111 1.48642 1.54111 818 0 0.0292768
6.41898 53576 49232 0.280078 1.49963 1.53936 1.49963 1.53936 853 0 0.0295555
6.64849 59368 50680 0.242893 1.76658 1.54721 1.76658 1.54721 888 0 0.0309055
6.8804 66608 56472 0.241239 1.99803 1.5624 1.99803 1.5624 928 0 0.0300638
7.12672 72400 63712 0.252938 2.1162 1.58154 2.1162 1.58154 973 0 0.0277689
7.40429 57920 69504 0.272894 2.00322 1.59735 2.00322 1.59735 1021 0 0.0274529
7.69868 56472 55024 0.292777 1.49526 1.59345 1.49526 1.59345 1059 0 0.0285921
7.97265 57920 53576 0.279812 1.56446 1.59245 1.56446 1.59245 1096 0 0.0287085
8.22138 59368 55024 0.272571 1.76975 1.59782 1.76975 1.59782 1134 0 0.028484
8.47852 60816 56472 0.26933 1.80196 1.60401 1.80196 1.60401 1174 0 0.0282644
8.74768 62264 57920 0.267758 1.76455 1.60895 1.76455 1.60895 1215 0 0.0280235
9.02765 63712 59368 0.277244 1.69639 1.61166 1.69639 1.61166 1256 0 0.0276058
9.30763 60816 60816 0.296034 1.73777 1.61545 1.73777 1.61545 1298 0 0.0276324
9.58159 57920 57920 0.296128 1.69131 1.61762 1.69131 1.61762 1338 0 0.0281852
10.1067 60816 55024 0.264122 1.67661 1.62069 1.67661 1.62069 1414 0 0.0287323
10.3758 62264 57920 0.267656 1.72151 1.6233 1.72151 1.6233 1454 0 0.0280261
10.6258 63712 59368 0.274041 1.90029 1.62982 1.90029 1.62982 1495 0 0.0276337
10.8925 60816 60816 0.304004 1.8673 1.63563 1.8673 1.63563 1538 0 0.0279516
10.973 62264 57920 0.270372 5.75551 1.66586 5.75551 1.66586 1578 0 0.0279664
11.2338 65160 59368 0.263702 1.82147 1.66947 1.82147 1.66947 1619 0 0.0279151
11.5017 66608 62264 0.271918 1.90216 1.67489 1.90216 1.67489 1663 0 0.0271166
11.7781 65160 63712 0.280747 1.88618 1.67985 1.88618 1.67985 1708 0 0.0267804
12.0557 66608 62264 0.280005 1.79455 1.68249 1.79455 1.68249 1751 0 0.0270512
12.3345 65160 63712 0.283765 1.86992 1.68673 1.86992 1.68673 1796 0 0.026794
12.606 66608 62264 0.274771 1.83425 1.68991 1.83425 1.68991 1839 0 0.0270786
12.8764 68056 63712 0.275742 1.9281 1.69491 1.9281 1.69491 1884 0 0.026798
13.1479 69504 65160 0.274023 1.91956 1.69955 1.91956 1.69955 1929 0 0.0265455
13.4279 68056 66608 0.284954 1.94465 1.70466 1.94465 1.70466 1976 0 0.0262657
13.7091 66608 65160 0.283622 1.85394 1.70772 1.85394 1.70772 2021 0 0.0265229
13.9855 65160 63712 0.283324 1.88618 1.71125 1.88618 1.71125 2066 0 0.0267909
14.2558 66608 62264 0.273574 1.8424 1.71373 1.8424 1.71373 2109 0 0.0270925
14.519 68056 63712 0.270777 1.98092 1.71858 1.98092 1.71858 2154 0 0.0268649
14.7857 69504 65160 0.268857 1.95415 1.72283 1.95415 1.72283 2199 0 0.026634
15.0621 68056 66608 0.282514 1.97001 1.72736 1.97001 1.72736 2246 0 0.0262474
15.3337 69504 65160 0.274997 1.91956 1.73076 1.91956 1.73076 2291 0 0.0265348
15.6052 70952 66608 0.279629 2.00488 1.73553 2.00488 1.73553 2338 0 0.0262413
15.8768 72400 68056 0.274165 2.00488 1.74014 2.00488 1.74014 2385 0 0.0260079
16.1315 75296 69504 0.267511 2.22822 1.74785 2.22822 1.74785 2434 0 0.0259152
16.3863 81088 72400 0.257484 2.2737 1.75602 2.2737 1.75602 2484 0 0.0259438
16.653 83984 78192 0.266573 2.34498 1.76546 2.34498 1.76546 2538 0 0.0243727
16.9306 85432 81088 0.277961 2.33709 1.77483 2.33709 1.77483 2594 0 0.0236339
17.1973 86880 82536 0.275201 2.47526 1.78569 2.47526 1.78569 2651 0 0.0233992
17.4629 57920 83984 0.279988 2.5737 1.79768 2.5737 1.79768 2710 0 0.0299532
17.7272 59368 55024 0.267533 1.66517 1.7957 1.66517 1.7957 2748 0 0.0285843
17.9688 66608 56472 0.245296 1.87054 1.79671 1.87054 1.79671 2787 0 0.0297657
18.2199 69504 63712 0.26286 2.0757 1.80055 2.0757 1.80055 2832 0 0.027125
18.4866 72400 66608 0.26373 1.99758 1.8034 1.99758 1.8034 2878 0 0.0265572
18.7618 73848 69504 0.273544 2.02071 1.80658 2.02071 1.80658 2926 0 0.0257496
19.0418 72400 70952 0.280195 2.0274 1.80983 2.0274 1.80983 2975 0 0.0254434
19.3182 68056 69504 0.304429 2.05384 1.81332 2.05384 1.81332 3024 0 0.0264416
19.5837 69504 65160 0.276585 1.96299 1.81535 1.96299 1.81535 3069 0 0.0265215
19.8457 57920 66608 0.289239 2.07845 1.81882 2.07845 1.81882 3116 0 0.0274048
20.0848 59368 55024 0.266665 1.8409 1.81909 1.8409 1.81909 3154 0 0.0286066
20.1665 57920 56472 0.262257 5.5291 1.83412 5.5291 1.83412 3193 0 0.0284654
20.4176 62264 55024 0.25482 1.79894 1.83369 1.79894 1.83369 3232 0 0.0291998
20.6664 68056 59368 0.251333 1.90947 1.8346 1.90947 1.8346 3273 0 0.0286767
20.9247 70952 65160 0.262701 2.06261 1.83741 2.06261 1.83741 3319 0 0.0268604
21.2011 72400 68056 0.280015 2.01193 1.83969 2.01193 1.83969 3367 0 0.0259738
21.4786 70952 69504 0.282311 2.00322 1.8418 2.00322 1.8418 3415 0 0.0257132
21.7538 69504 68056 0.28039 1.97861 1.84353 1.97861 1.84353 3462 0 0.025974
22.0254 70952 66608 0.277439 2.00488 1.84552 2.00488 1.84552 3509 0 0.0262477
22.2993 72400 68056 0.276104 1.98729 1.84726 1.98729 1.84726 3556 0 0.025989
22.5781 70952 69504 0.284373 2.03614 1.84959 2.03614 1.84959 3605 0 0.025727
22.8509 72400 68056 0.276033 1.99605 1.85134 1.99605 1.85134 3652 0 0.0259896
23.12 57920 69504 0.27596 2.10885 1.85434 2.10885 1.85434 3701 0 0.0274187
23.3904 59368 55024 0.272746 1.62817 1.85173 1.62817 1.85173 3739 0 0.0284814
23.6523 62264 56472 0.264839 1.72467 1.85032 1.72467 1.85032 3778 0 0.0284318
23.9095 65160 59368 0.265654 1.89206 1.85077 1.89206 1.85077 3820 0 0.0278553
24.1762 66608 62264 0.273178 1.91073 1.85143 1.91073 1.85143 3864 0 0.0270978
24.4514 65160 63712 0.280864 1.85232 1.85144 1.85232 1.85144 3908 0 0.0267806
24.729 63712 62264 0.28538 1.83628 1.85127 1.83628 1.85127 3952 0 0.0270802
25.0077 62264 60816 0.281815 1.78681 1.85055 1.78681 1.85055 3995 0 0.0273273
25.2841 63712 59368 0.278997 1.71852 1.84911 1.71852 1.84911 4036 0 0.0275992
25.5569 62264 60816 0.281748 1.7837 1.84841 1.7837 1.84841 4078 0 0.0273271
25.8056 65160 59368 0.263953 1.90947 1.849 1.90947 1.849 4119 0 0.027907
26.0615 68056 62264 0.264678 1.99146 1.8504 1.99146 1.8504 4163 0 0.0273374
26.3343 69504 65160 0.279422 1.95358 1.85147 1.95358 1.85147 4209 0 0.0265101
26.6191 68056 66608 0.291364 1.87115 1.85168 1.87115 1.85168 4255 0 0.0263703
26.8858 66608 65160 0.285689 1.95415 1.85269 1.95415 1.85269 4300 0 0.0265422
27.1502 68056 63712 0.277576 1.97192 1.85385 1.97192 1.85385 4345 0 0.0267857
27.4169 69504 65160 0.268481 1.95415 1.85483 1.95415 1.85483 4390 0 0.0266425
27.6885 68056 66608 0.282612 2.00488 1.8563 2.00488 1.8563 4437 0 0.0262479
27.9625 69504 65160 0.276028 1.90273 1.85676 1.90273 1.85676 4482 0 0.0265256
28.2364 68056 66608 0.287518 1.98729 1.85802 1.98729 1.85802 4529 0 0.0262976
28.514 69504 65160 0.278757 1.87802 1.85822 1.87802 1.85822 4574 0 0.0265113
28.7916 66608 66608 0.293033 1.96148 1.85921 1.96148 1.85921 4621 0 0.0264623
29.0667 68056 63712 0.279201 1.85232 1.85915 1.85232 1.85915 4665 0 0.0267805
29.3383 69504 65160 0.274743 1.91956 1.85971 1.91956 1.85971 4710 0 0.0265374
29.6147 66608 66608 0.292904 1.97001 1.86074 1.97001 1.86074 4757 0 0.026459
29.8706 68056 63712 0.279422 1.99146 1.86186 1.99146 1.86186 4801 0 0.0267802
30.1362 69504 65160 0.27316 1.96299 1.86275 1.96299 1.86275 4846 0 0.0265566
30.4041 68056 66608 0.289088 2.03185 1.86424 2.03185 1.86424 4893 0 0.0263237
30.6745 69504 65160 0.272247 1.9281 1.8648 1.9281 1.8648 4938 0 0.0265699
30.9484 66608 66608 0.298348 1.98729 1.86589 1.98729 1.86589 4985 0 0.0266291
31.2128 68056 63712 0.277083 1.9281 1.86641 1.9281 1.86641 5029 0 0.0267883
31.3005 69504 65160 0.271931 5.94276 1.87784 5.94276 1.87784 5074 0 0.0265749
31.5733 70952 66608 0.275397 1.99605 1.87886 1.99605 1.87886 5121 0 0.0262623
31.8496 57920 68056 0.278616 1.97001 1.87965 1.97001 1.87965 5168 0 0.027345
32.3147 55024 55024 0.304116 0.971521 1.86658 0.971521 1.86658 5207 0 0.0290617
32.388 56472 52128 0.267507 5.68946 1.87523 5.68946 1.87523 5243 0 0.0291455
32.6391 60816 53576 0.254867 1.70669 1.87393 1.70669 1.87393 5280 0 0.029477
32.901 63712 57920 0.266368 1.81312 1.87345 1.81312 1.87345 5321 0 0.0281108
33.1798 65160 60816 0.279587 1.74526 1.87237 1.74526 1.87237 5363 0 0.0273242
33.4682 63712 62264 0.289637 1.72725 1.87112 1.72725 1.87112 5406 0 0.0271441
33.7386 65160 60816 0.279211 1.8424 1.87089 1.8424 1.87089 5449 0 0.0273246
33.9873 70952 62264 0.254315 2.00261 1.87186 2.00261 1.87186 5492 0 0.0279677
34.2444 75296 68056 0.26288 2.16235 1.87404 2.16235 1.87404 5540 0 0.0264039
34.5184 76744 72400 0.27866 2.15642 1.87628 2.15642 1.87628 5591 0 0.0251819
34.802 57920 73848 0.284864 2.08332 1.87797 2.08332 1.87797 5642 0 0.0278175
35.0868 56472 55024 0.291624 1.54573 1.87527 1.54573 1.87527 5680 0 0.0285639
35.3415 57920 53576 0.266522 1.68254 1.87388 1.68254 1.87388 5717 0 0.0288901
35.6022 59368 55024 0.268497 1.73262 1.87285 1.73262 1.87285 5756 0 0.0285611
35.8762 60816 56472 0.274086 1.64903 1.87114 1.64903 1.87114 5795 0 0.0281855
36.1598 59368 57920 0.289701 1.63398 1.86928 1.63398 1.86928 5835 0 0.0279678
36.441 57920 56472 0.290477 1.60675 1.86725 1.60675 1.86725 5874 0 0.0282603
36.7149 56472 55024 0.286261 1.64903 1.86562 1.64903 1.86562 5913 0 0.028468
36.9745 57920 53576 0.269738 1.65138 1.86412 1.65138 1.86412 5950 0 0.0288138
37.2376 59368 55024 0.274737 1.7168 1.86308 1.7168 1.86308 5989 0 0.0284565
37.5044 60816 56472 0.268723 1.6936 1.86187 1.6936 1.86187 6028 0 0.0282777
37.7771 59368 57920 0.284035 1.74123 1.861 1.74123 1.861 6069 0 0.02789
38.0403 60816 56472 0.270091 1.7168 1.86 1.7168 1.86 6108 0 0.0282488
38.3046 62264 57920 0.277764 1.79663 1.85957 1.79663 1.85957 6149 0 0.0278787
38.5726 63712 59368 0.269687 1.77246 1.85896 1.77246 1.85896 6190 0 0.0277045
38.8478 62264 60816 0.288444 1.81022 1.85862 1.81022 1.85862 6233 0 0.0273953
39.0977 65160 59368 0.264413 1.90029 1.85888 1.90029 1.85888 6274 0 0.0278925
39.3536 66608 62264 0.269006 1.99146 1.85974 1.99146 1.85974 6318 0 0.0271721
39.6252 65160 63712 0.281397 1.91956 1.86015 1.91956 1.86015 6363 0 0.0267818
39.91 66608 62264 0.28 1.74912 1.85936 1.74912 1.85936 6406 0 0.0270512
40.1743 63712 63712 0.296026 1.97192 1.8601 1.97192 1.8601 6451 0 0.027088
40.405 57920 60816 0.265742 2.10885 1.86152 2.10885 1.86152 6493 0 0.027784
40.667 60816 55024 0.262295 1.68045 1.86036 1.68045 1.86036 6531 0 0.0287936
40.9229 63712 57920 0.260256 1.81042 1.86004 1.81042 1.86004 6571 0 0.0283149
41.1729 66608 60816 0.262045 1.94664 1.86057 1.94664 1.86057 6613 0 0.0276978
41.2714 69504 63712 0.263146 5.17294 1.86848 5.17294 1.86848 6657 0 0.0271153
41.5117 76744 66608 0.243755 2.21731 1.8705 2.21731 1.8705 6703 0 0.0279656
41.764 82536 73848 0.254339 2.34126 1.87334 2.34126 1.87334 6754 0 0.0258335
42.0392 83984 79640 0.278437 2.3575 1.87651 2.3575 1.87651 6810 0 0.0238872
42.3288 81088 81088 0.293644 2.28011 1.87927 2.28011 1.87927 6867 0 0.0238673
42.6064 79640 78192 0.281069 2.25362 1.88171 2.25362 1.88171 6921 0 0.0241422
42.8779 81088 76744 0.274368 2.26082 1.88411 2.26082 1.88411 6974 0 0.0244305
43.1471 82536 78192 0.275003 2.36708 1.88712 2.36708 1.88712 7029 0 0.024166
43.4162 57920 79640 0.271775 2.36708 1.8901 2.36708 1.8901 7084 0 0.0288818
43.6926 56472 55024 0.282088 1.63469 1.88848 1.63469 1.88848 7123 0 0.0284332
43.9449 60816 53576 0.257006 1.69856 1.88739 1.69856 1.88739 7160 0 0.0293741
44.2105 62264 57920 0.27106 1.78851 1.8868 1.78851 1.8868 7201 0 0.0279536
44.4893 63712 59368 0.279164 1.70371 1.88565 1.70371 1.88565 7242 0 0.0275989
44.7741 62264 60816 0.292105 1.74912 1.88478 1.74912 1.88478 7285 0 0.0274705
45.0528 60816 59368 0.282823 1.70371 1.88366 1.70371 1.88366 7326 0 0.0276061
45.3232 62264 57920 0.279865 1.75671 1.88291 1.75671 1.88291 7367 0 0.0278737
45.5851 63712 59368 0.272037 1.81312 1.88251 1.81312 1.88251 7408 0 0.0276616
45.8579 65160 60816 0.279764 1.82617 1.88217 1.82617 1.88217 7451 0 0.0273241
46.1355 66608 62264 0.278634 1.79455 1.88164 1.79455 1.88164 7494 0 0.0270531
46.3902 68056 63712 0.268057 2.04633 1.88255 2.04633 1.88255 7539 0 0.0269225
46.6485 72400 65160 0.260689 2.01777 1.8833 2.01777 1.8833 7584 0 0.0270196
46.9165 73848 69504 0.275905 2.11831 1.88464 2.11831 1.88464 7633 0 0.0257247
47.1893 75296 70952 0.276914 2.08098 1.88577 2.08098 1.88577 7682 0 0.0254529
47.4644 73848 72400 0.285928 2.14701 1.88729 2.14701 1.88729 7733 0 0.0252153
47.7396 75296 70952 0.277686 2.06281 1.8883 2.06281 1.8883 7782 0 0.0254487
48.016 73848 72400 0.287769 2.13767 1.88974 2.13767 1.88974 7833 0 0.0252405
48.2911 75296 70952 0.278735 2.06281 1.89072 2.06281 1.89072 7882 0 0.0254449
48.5687 73848 72400 0.288993 2.12842 1.89208 2.12842 1.89208 7933 0 0.025261
48.8451 75296 70952 0.279217 2.05384 1.893 2.05384 1.893 7982 0 0.0254439
49.1226 72400 72400 0.2914 2.12842 1.89433 2.12842 1.89433 8033 0 0.0253614
49.3726 75296 69504 0.263569 2.22473 1.896 2.22473 1.896 8081 0 0.0260292
49.5901 82536 72400 0.249644 2.66312 1.89936 2.66312 1.89936 8131 0 0.0265124
49.846 88328 79640 0.255072 2.48933 1.90239 2.48933 1.90239 8186 0 0.0247628
50.1224 86880 85432 0.286055 2.51491 1.90577 2.51491 1.90577 8246 0 0.0229097
50.4072 82536 83984 0.299864 2.39995 1.90856 2.39995 1.90856 8305 0 0.0236554
50.6859 81088 79640 0.283667 2.28546 1.91063 2.28546 1.91063 8360 0 0.0238982
50.9563 78192 78192 0.290641 2.35656 1.913 2.35656 1.913 8415 0 0.0243056
51.2206 81088 75296 0.268187 2.27866 1.91489 2.27866 1.91489 8467 0 0.0248488
51.473 83984 78192 0.26668 2.47898 1.91765 2.47898 1.91765 8521 0 0.0243698
51.7457 85432 81088 0.270773 2.37827 1.92008 2.37827 1.92008 8577 0 0.0237149
51.8767 86880 82536 0.278549 5.04135 1.92796 5.04135 1.92796 8634 0 0.0233782
52.1591 85432 83984 0.285734 2.42038 1.93063 2.42038 1.93063 8693 0 0.0231568
52.4355 86880 82536 0.279141 2.38916 1.93304 2.38916 1.93304 8750 0 0.0233769
52.707 88328 83984 0.275741 2.51676 1.93605 2.51676 1.93605 8809 0 0.023142
52.981 89776 85432 0.276268 2.49469 1.93894 2.49469 1.93894 8868 0 0.022887
53.2586 88328 86880 0.281787 2.54575 1.9421 2.54575 1.9421 8929 0 0.0226267
53.5265 89776 85432 0.27144 2.55062 1.94515 2.55062 1.94515 8988 0 0.0229463
53.7933 91224 86880 0.27125 2.64896 1.94864 2.64896 1.94864 9049 0 0.0227001
54.06 94120 88328 0.269273 2.64896 1.95209 2.64896 1.95209 9110 0 0.0225418
54.3328 95568 91224 0.27724 2.71802 1.95594 2.71802 1.95594 9174 0 0.0218909
54.6104 94120 92672 0.282254 2.71269 1.95979 2.71269 1.95979 9239 0 0.0216443
54.8879 95568 91224 0.280026 2.62922 1.96317 2.62922 1.96317 9302 0 0.0218832
55.1643 94120 92672 0.281507 2.72448 1.96699 2.72448 1.96699 9367 0 0.0216415
55.4371 95568 91224 0.275523 2.67555 1.97047 2.67555 1.97047 9430 0 0.0219033
55.7086 97016 92672 0.276916 2.7727 1.97438 2.7727 1.97438 9495 0 0.0216487
55.9706 98464 94120 0.274041 2.87445 1.97859 2.87445 1.97859 9560 0 0.0214321
56.2433 99912 95568 0.277299 2.84543 1.9828 2.84543 1.9828 9627 0 0.0211626
56.5161 101360 97016 0.275319 2.84543 1.98696 2.84543 1.98696 9694 0 0.0209373
56.7913 102808 98464 0.279938 2.90477 1.99141 2.90477 1.99141 9763 0 0.0206768
57.0676 104256 99912 0.278693 2.89214 1.99577 2.89214 1.99577 9832 0 0.0204414
57.3452 102808 101360 0.282704 2.96309 2.00045 2.96309 2.00045 9903 0 0.0202112
57.6204 104256 99912 0.277955 2.90477 2.00477 2.90477 2.00477 9972 0 0.0204438
57.8931 57920 101360 0.277552 3.0153 2.00953 3.0153 2.00953 10043 0 0.0377195
58.1635 59368 55024 0.273914 1.62817 2.00776 1.62817 2.00776 10081 0 0.0284659
58.399 66608 56472 0.242184 1.91826 2.0074 1.91826 2.0074 10120 0 0.0299914
58.6525 70952 63712 0.25774 2.05603 2.00761 2.05603 2.00761 10165 0 0.0274123
58.9337 72400 68056 0.279366 1.93634 2.00727 1.93634 2.00727 10212 0 0.0259742
59.2281 69504 69504 0.29977 1.9281 2.00688 1.9281 2.00688 10261 0 0.0261501
59.5177 66608 66608 0.293254 1.84009 2.00606 1.84009 2.00606 10307 0 0.0264681
59.782 68056 63712 0.27227 1.9281 2.00572 1.9281 2.00572 10351 0 0.0268396
60.0404 57920 65160 0.261373 2.01777 2.00577 2.01777 2.00577 10396 0 0.0276783
60.2939 60816 55024 0.26375 1.78189 2.00483 1.78189 2.00483 10435 0 0.0287442
60.5511 65160 57920 0.257095 1.80196 2.00397 1.80196 2.00397 10475 0 0.0285352
60.8238 66608 62264 0.270521 1.82617 2.00317 1.82617 2.00317 10518 0 0.0271411
61.1086 57920 63712 0.294933 1.83047 2.00237 1.83047 2.00237 10563 0 0.0276019
61.3862 56472 55024 0.282824 1.58588 2.00048 1.58588 2.00048 10601 0 0.0284368
61.6109 57920 53576 0.268757 1.90747 2.00014 1.90747 2.00014 10638 0 0.0288348
62.1384 60816 55024 0.264627 1.69093 1.99752 1.69093 1.99752 10715 0 0.0287165
62.4111 62264 57920 0.272106 1.69876 1.99621 1.69876 1.99621 10755 0 0.027936
62.6947 60816 59368 0.282248 1.67483 1.99476 1.67483 1.99476 10796 0 0.0276032
62.9783 57920 57920 0.299791 1.67483 1.99332 1.67483 1.99332 10837 0 0.0283167
63.2547 56472 55024 0.282342 1.59277 1.99157 1.59277 1.99157 10875 0 0.0284343
63.525 57920 53576 0.27554 1.58532 1.98984 1.58532 1.98984 10912 0 0.0287283
63.7942 56472 55024 0.289388 1.67848 1.98853 1.67848 1.98853 10951 0 0.028517
64.0525 57920 53576 0.273067 1.65906 1.9872 1.65906 1.9872 10988 0 0.0287565
64.3241 56472 55024 0.290096 1.66362 1.98583 1.66362 1.98583 11027 0 0.0285308
64.598 57920 53576 0.275829 1.56446 1.98404 1.56446 1.98404 11064 0 0.0287258
64.872 55024 55024 0.297073 1.64903 1.98263 1.64903 1.98263 11103 0 0.0287716
65.146 57920 52128 0.277927 1.52218 1.98069 1.52218 1.98069 11139 0 0.0290451
65.2445 59368 55024 0.273359 4.46754 1.98445 4.46754 1.98445 11177 0 0.0284729
65.5185 60816 56472 0.276073 1.64903 1.98305 1.64903 1.98305 11216 0 0.028166
65.7948 59368 57920 0.283458 1.71852 1.98193 1.71852 1.98193 11257 0 0.0278856
66.052 60816 56472 0.267996 1.75691 1.98106 1.75691 1.98106 11296 0 0.0282947
66.3199 62264 57920 0.274194 1.77246 1.98022 1.77246 1.98022 11337 0 0.0279074
66.5903 63712 59368 0.274187 1.75671 1.97931 1.75671 1.97931 11378 0 0.027632
66.8643 62264 60816 0.281288 1.81816 1.97865 1.81816 1.97865 11421 0 0.0273257
67.1394 63712 59368 0.277 1.72602 1.97761 1.72602 1.97761 11462 0 0.0276072
67.4146 62264 60816 0.28332 1.81022 1.97693 1.81022 1.97693 11505 0 0.027335
67.6886 63712 59368 0.27737 1.73359 1.97594 1.73359 1.97594 11546 0 0.0276051
67.9613 62264 60816 0.281965 1.82617 1.97534 1.82617 1.97534 11589 0 0.0273279
68.2028 68056 59368 0.251711 1.96647 1.97531 1.96647 1.97531 11630 0 0.0286552
68.4432 75296 65160 0.248778 2.21731 1.97616 2.21731 1.97616 11676 0 0.0278954
68.7051 78192 72400 0.266369 2.25534 1.97723 2.25534 1.97723 11727 0 0.0254173
68.9923 76744 75296 0.283477 2.09751 1.97773 2.09751 1.97773 11779 0 0.02467
69.2747 75296 73848 0.287373 2.09219 1.97819 2.09219 1.97819 11830 0 0.0249727
69.5474 73848 72400 0.287816 2.16592 1.97893 2.16592 1.97893 11881 0 0.0252412
69.8058 75296 70952 0.270154 2.19713 1.97974 2.19713 1.97974 11930 0 0.0255403
70.0677 76744 72400 0.272923 2.25534 1.98077 2.25534 1.98077 11981 0 0.0252302
70.2996 79640 73848 0.268116 2.54748 1.98264 2.54748 1.98264 12032 0 0.0251109
70.5724 78192 76744 0.280212 2.29333 1.98384 2.29333 1.98384 12086 0 0.0243988
70.8452 76744 75296 0.283351 2.25086 1.98487 2.25086 1.98487 12139 0 0.0246691
71.1143 57920 73848 0.272292 2.19493 1.98566 2.19493 1.98566 12190 0 0.0278532
71.4171 56472 55024 0.284326 1.49198 1.98357 1.49198 1.98357 12229 0 0.0284475
71.625 62264 53576 0.248822 2.06184 1.9838 2.06184 1.9838 12266 0 0.0299373
71.8665 68056 59368 0.25229 2.01443 1.9839 2.01443 1.9839 12308 0 0.0286228
72.1321 69504 65160 0.270648 2.00662 1.98398 2.00662 1.98398 12354 0 0.0265973
72.4241 66608 66608 0.296711 1.86462 1.9835 1.86462 1.9835 12401 0 0.0265717
72.7161 63712 63712 0.294574 1.7456 1.98255 1.7456 1.98255 12445 0 0.0270436
72.996 62264 60816 0.287627 1.73777 1.98161 1.73777 1.98161 12487 0 0.0273822
73.2688 63712 59368 0.278472 1.74123 1.98071 1.74123 1.98071 12528 0 0.0276005
73.5343 62264 60816 0.286277 1.87575 1.98033 1.87575 1.98033 12571 0 0.0273634
73.7927 57920 59368 0.269508 1.83842 1.97984 1.83842 1.97984 12612 0 0.0278452
74.0655 56472 55024 0.283103 1.65629 1.97864 1.65629 1.97864 12651 0 0.0284384
74.3286 57920 53576 0.268423 1.62876 1.97741 1.62876 1.97741 12688 0 0.0288425
74.8777 59368 55024 0.277971 1.62433 1.97482 1.62433 1.97482 12765 0 0.0284329
75.1541 60816 56472 0.2788 1.63469 1.97357 1.63469 1.97357 12804 0 0.028152
75.4317 57920 57920 0.30488 1.71108 1.9726 1.71108 1.9726 12845 0 0.0285441
75.5314 59368 55024 0.27991 4.41371 1.97582 4.41371 1.97582 12883 0 0.0284288
75.7861 57920 56472 0.259001 1.77348 1.97514 1.77348 1.97514 12922 0 0.0285915
76.0505 59368 55024 0.268156 1.70899 1.97422 1.70899 1.97422 12961 0 0.0285691
76.298 62264 56472 0.261564 1.82514 1.97373 1.82514 1.97373 13000 0 0.0285418
76.5648 63712 59368 0.271848 1.82387 1.97321 1.82387 1.97321 13042 0 0.0276646
76.84 62264 60816 0.280629 1.81022 1.97263 1.81022 1.97263 13085 0 0.0273244
77.1175 63712 59368 0.279652 1.71108 1.97169 1.71108 1.97169 13126 0 0.0275983
77.3975 62264 60816 0.287095 1.77914 1.97099 1.77914 1.97099 13169 0 0.0273743
77.6727 60816 59368 0.280535 1.72602 1.97012 1.72602 1.97012 13210 0 0.0275984
77.9454 59368 57920 0.28181 1.74123 1.96932 1.74123 1.96932 13251 0 0.027877
78.2146 60816 56472 0.271692 1.67848 1.96832 1.67848 1.96832 13290 0 0.0282196
78.4837 62264 57920 0.277947 1.76455 1.96762 1.76455 1.96762 13331 0 0.0278779
78.7601 63712 59368 0.27727 1.71852 1.96675 1.71852 1.96675 13372 0 0.0276056
79.0377 57920 60816 0.287014 1.79455 1.96614 1.79455 1.96614 13415 0 0.02763
79.3128 59368 55024 0.27833 1.59973 1.96487 1.59973 1.96487 13453 0 0.0284316
79.5796 57920 56472 0.27029 1.6936 1.96396 1.6936 1.96396 13492 0 0.0282449
79.8488 56472 55024 0.280466 1.67848 1.963 1.67848 1.963 13531 0 0.028429
80.1179 57920 53576 0.271875 1.5924 1.96175 1.5924 1.96175 13568 0 0.0287745
80.3907 56472 55024 0.284789 1.65629 1.96072 1.65629 1.96072 13607 0 0.0284517
80.667 57920 53576 0.278535 1.55086 1.95931 1.55086 1.95931 13644 0 0.0287106
80.9398 56472 55024 0.291897 1.65629 1.95829 1.65629 1.95829 13683 0 0.0285704
81.1789 57920 53576 0.27654 1.79245 1.9578 1.79245 1.9578 13720 0 0.0287204
81.4517 56472 55024 0.283034 1.65629 1.95679 1.65629 1.95679 13759 0 0.028438
81.7257 57920 53576 0.276251 1.56446 1.95548 1.56446 1.95548 13796 0 0.0287225
82.002 56472 55024 0.288165 1.63469 1.9544 1.63469 1.9544 13835 0 0.0284955
82.2796 57920 53576 0.279863 1.54415 1.95301 1.54415 1.95301 13872 0 0.0287085
82.5379 59368 55024 0.280126 1.74874 1.95238 1.74874 1.95238 13911 0 0.0284288
82.7867 63712 56472 0.256951 1.81632 1.95197 1.81632 1.95197 13950 0 0.0288188
83.0438 65160 60816 0.268608 1.93711 1.95192 1.93711 1.95192 13993 0 0.0274538
83.3118 57920 62264 0.266473 1.85893 1.95162 1.85893 1.95162 14036 0 0.027645
83.5893 56472 55024 0.290311 1.62761 1.95055 1.62761 1.95055 14075 0 0.0285351
83.8453 57920 53576 0.271239 1.67464 1.9497 1.67464 1.9497 14112 0 0.0287852
84.1108 56472 55024 0.282408 1.70126 1.94892 1.70126 1.94892 14151 0 0.0284346
84.3812 57920 53576 0.270681 1.58532 1.94775 1.58532 1.94775 14188 0 0.0287953
84.6528 56472 55024 0.291442 1.66362 1.94684 1.66362 1.94684 14227 0 0.0285597
84.9231 57920 53576 0.275126 1.58532 1.94569 1.58532 1.94569 14264 0 0.0287322
85.1947 55024 55024 0.294968 1.66362 1.94479 1.66362 1.94479 14303 0 0.0287042
85.4578 56472 52128 0.270601 1.58474 1.94368 1.58474 1.94368 14339 0 0.0290778
85.5467 59368 53576 0.263837 4.82024 1.94667 4.82024 1.94667 14376 0 0.029021
85.8147 60816 56472 0.27204 1.72923 1.94599 1.72923 1.94599 14416 0 0.0282139
86.0887 59368 57920 0.280463 1.73359 1.94532 1.73359 1.94532 14457 0 0.0278739
86.365 60816 56472 0.278387 1.63469 1.94432 1.63469 1.94432 14496 0 0.0281532
86.6402 59368 57920 0.282858 1.72602 1.94363 1.72602 1.94363 14537 0 0.0278818
86.9034 60816 56472 0.277984 1.7168 1.94294 1.7168 1.94294 14576 0 0.0281546
87.1797 59368 57920 0.283019 1.71852 1.94223 1.71852 1.94223 14617 0 0.0278828
87.4537 60816 56472 0.276959 1.64903 1.94131 1.64903 1.94131 14656 0 0.0281598
87.724 62264 57920 0.27819 1.75671 1.94075 1.75671 1.94075 14697 0 0.027877
87.998 63712 59368 0.275581 1.73359 1.9401 1.73359 1.9401 14738 0 0.0276177
88.2744 62264 60816 0.284407 1.80235 1.93967 1.80235 1.93967 14781 0 0.0273434
88.5471 63712 59368 0.277337 1.74123 1.93906 1.74123 1.93906 14822 0 0.0276053
88.8223 62264 60816 0.282993 1.81022 1.93866 1.81022 1.93866 14865 0 0.027333
89.0951 63712 59368 0.276398 1.74123 1.93805 1.74123 1.93805 14906 0 0.0276111
89.3678 62264 60816 0.283091 1.82617 1.93771 1.82617 1.93771 14949 0 0.0273336
89.631 63712 59368 0.267886 1.80484 1.93732 1.80484 1.93732 14990 0 0.0277449
89.8869 65160 60816 0.268573 1.9462 1.93735 1.9462 1.93735 15033 0 0.0274546
90.1333 70952 62264 0.25088 2.02215 1.93758 2.02215 1.93758 15076 0 0.028156
90.3928 73848 68056 0.267719 2.14233 1.93817 2.14233 1.93817 15124 0 0.026176
90.6692 57920 70952 0.284886 2.09576 1.93865 2.09576 1.93865 15174 0 0.0275211
90.9467 56472 55024 0.291006 1.62761 1.9377 1.62761 1.9377 15213 0 0.02855
91.2015 59368 53576 0.261636 1.68254 1.93699 1.68254 1.93699 15250 0 0.029097
91.461 60816 56472 0.271544 1.78527 1.93656 1.78527 1.93656 15290 0 0.0282221
91.7338 59368 57920 0.282797 1.74123 1.93597 1.74123 1.93597 15331 0 0.0278815
91.9621 62264 56472 0.26336 1.97884 1.93608 1.97884 1.93608 15370 0 0.0284788
92.2252 63712 59368 0.271456 1.84886 1.93583 1.84886 1.93583 15412 0 0.0276712
92.4848 65160 60816 0.272388 1.91917 1.93579 1.91917 1.93579 15455 0 0.027382
92.7503 68056 62264 0.266822 1.87575 1.93561 1.87575 1.93561 15498 0 0.0272763
93.0243 57920 65160 0.284062 1.94501 1.93564 1.94501 1.93564 15544 0 0.0273479
93.3007 56472 55024 0.2891 1.63469 1.93475 1.63469 1.93475 15583 0 0.0285116
93.5698 57920 53576 0.272037 1.5924 1.93377 1.5924 1.93377 15620 0 0.0287719
93.8414 56472 55024 0.284388 1.66362 1.93298 1.66362 1.93298 15659 0 0.0284481
94.1154 57920 53576 0.276209 1.56446 1.93191 1.56446 1.93191 15696 0 0.0287228
94.3641 59368 55024 0.276043 1.81632 1.93161 1.81632 1.93161 15735 0 0.0284445
94.6164 63712 56472 0.254837 1.79037 1.93123 1.79037 1.93123 15774 0 0.0289207
94.8724 65160 60816 0.271371 1.9462 1.93127 1.9462 1.93127 15817 0 0.0273985
95.1319 68056 62264 0.266544 1.91917 1.93124 1.91917 1.93124 15860 0 0.0272837
95.4107 66608 65160 0.291586 1.91147 1.93118 1.91147 1.93118 15906 0 0.026644
95.6967 63712 63712 0.303048 1.82278 1.93086 1.82278 1.93086 15951 0 0.0273624
95.9718 62264 60816 0.283397 1.76812 1.93039 1.76812 1.93039 15993 0 0.0273356
96.2422 63712 59368 0.275148 1.75671 1.9299 1.75671 1.9299 16034 0 0.0276217
96.4957 62264 60816 0.288572 1.96465 1.92999 1.96465 1.92999 16077 0 0.0273975
96.7565 66608 59368 0.260416 1.82147 1.9297 1.82147 1.9297 16118 0 0.0281186
97.0196 65160 63712 0.28656 1.98092 1.92984 1.98092 1.92984 16163 0 0.0268229
97.1254 66608 62264 0.271778 4.71069 1.93287 4.71069 1.93287 16206 0 0.0271188
97.3945 68056 63712 0.272944 1.9367 1.93288 1.9367 1.93288 16251 0 0.0268296
97.6613 69504 65160 0.268411 1.95415 1.93293 1.95415 1.93293 16296 0 0.0266441
97.9316 70952 66608 0.275209 2.01379 1.93316 2.01379 1.93316 16343 0 0.0262641
98.2056 72400 68056 0.274981 1.98729 1.93331 1.98729 1.93331 16390 0 0.025999
98.4844 70952 69504 0.28584 2.03614 1.9336 2.03614 1.9336 16439 0 0.025742
98.7583 72400 68056 0.275586 1.98729 1.93375 1.98729 1.93375 16486 0 0.0259933
99.0311 70952 69504 0.280928 2.08098 1.93415 2.08098 1.93415 16535 0 0.0257088
99.3039 57920 68056 0.275863 1.99605 1.93432 1.99605 1.93432 16582 0 0.0273602
99.579 56472 55024 0.28388 1.64183 1.93352 1.64183 1.93352 16621 0 0.0284439
99.841 57920 53576 0.266636 1.63623 1.93274 1.63623 1.93274 16658 0 0.028887
100.105 59368 55024 0.273971 1.70899 1.93215 1.70899 1.93215 16697 0 0.0284652
100.371 60816 56472 0.272448 1.70126 1.93153 1.70126 1.93153 16736 0 0.0282076
100.645 59368 57920 0.282772 1.73359 1.931 1.73359 1.931 16777 0 0.0278814
100.919 60816 56472 0.276291 1.64903 1.93023 1.64903 1.93023 16816 0 0.0281643
101.193 59368 57920 0.284011 1.73359 1.9297 1.73359 1.9297 16857 0 0.0278898
101.467 60816 56472 0.277617 1.64903 1.92894 1.64903 1.92894 16896 0 0.0281562
101.738 59368 57920 0.283149 1.74894 1.92846 1.74894 1.92846 16937 0 0.0278836
102.011 57920 56472 0.275582 1.65629 1.92773 1.65629 1.92773 16976 0 0.0281701
102.287 56472 55024 0.287312 1.63469 1.92694 1.63469 1.92694 17015 0 0.0284823
102.561 57920 53576 0.278369 1.56446 1.92597 1.56446 1.92597 17052 0 0.0287111
102.837 56472 55024 0.289093 1.64183 1.92521 1.64183 1.92521 17091 0 0.0285115
103.044 57920 53576 0.266606 2.06184 1.92549 2.06184 1.92549 17128 0 0.0288878
103.299 60816 55024 0.262882 1.77348 1.92511 1.77348 1.92511 17167 0 0.0287732
103.561 63712 57920 0.262785 1.7689 1.92472 1.7689 1.92472 17207 0 0.0282214
103.836 65160 60816 0.27481 1.76812 1.9243 1.76812 1.9243 17249 0 0.027351
104.103 66608 62264 0.273054 1.8673 1.92416 1.8673 1.92416 17292 0 0.0270995
104.366 57920 63712 0.275515 1.98092 1.9243 1.98092 1.9243 17337 0 0.027399
104.622 60816 55024 0.262106 1.7199 1.9238 1.7199 1.9238 17375 0 0.0288004
104.879 65160 57920 0.25707 1.80196 1.9235 1.80196 1.9235 17415 0 0.0285364
105.151 66608 62264 0.268652 1.83425 1.92327 1.83425 1.92327 17458 0 0.02718
105.416 65160 63712 0.284788 1.96299 1.92337 1.96299 1.92337 17503 0 0.0268028
105.684 66608 62264 0.270488 1.85893 1.92321 1.85893 1.92321 17546 0 0.0271417
105.935 68056 63712 0.277321 2.0757 1.92357 2.0757 1.92357 17591 0 0.026787
106.194 72400 65160 0.25822 2.01777 1.9238 2.01777 1.9238 17636 0 0.0271211
106.463 70952 69504 0.283111 2.10885 1.92427 2.10885 1.92427 17685 0 0.0257176
106.743 72400 68056 0.278083 1.94465 1.92432 1.94465 1.92432 17732 0 0.0259775
107.024 68056 69504 0.303359 2.01873 1.92457 2.01873 1.92457 17781 0 0.0263905
107.299 66608 65160 0.284442 1.89442 1.92449 1.89442 1.92449 17826 0 0.0265295
107.566 63712 63712 0.297267 1.95415 1.92456 1.95415 1.92456 17871 0 0.0271293
107.678 65160 60816 0.268109 4.35376 1.92708 4.35376 1.92708 17913 0 0.0274654
107.941 68056 62264 0.26489 1.89288 1.927 1.89288 1.927 17956 0 0.0273309
108.195 70952 65160 0.265315 2.10172 1.92741 2.10172 1.92741 18002 0 0.0267768
108.454 73848 68056 0.265873 2.14233 1.92792 2.14233 1.92792 18050 0 0.0262247
108.727 75296 70952 0.276475 2.12345 1.92841 2.12345 1.92841 18100 0 0.0254558
109.006 73848 72400 0.285485 2.11924 1.9289 2.11924 1.9289 18151 0 0.0252102
109.268 76744 70952 0.268865 2.1669 1.92947 2.1669 1.92947 18200 0 0.0256187
109.528 79640 73848 0.268096 2.31016 1.93038 2.31016 1.93038 18252 0 0.0251114
109.795 81088 76744 0.273373 2.34498 1.93139 2.34498 1.93139 18306 0 0.0244427
110.068 79640 78192 0.280283 2.3358 1.93239 2.3358 1.93239 18361 0 0.0241411
110.343 81088 76744 0.276464 2.2312 1.93313 2.2312 1.93313 18414 0 0.0244113
110.605 57920 78192 0.271244 2.43223 1.93432 2.43223 1.93432 18469 0 0.0285823
110.866 59368 55024 0.266422 1.68819 1.93374 1.68819 1.93374 18507 0 0.0286132
111.114 65160 56472 0.252198 1.81632 1.93347 1.81632 1.93347 18546 0 0.0291802
111.372 57920 62264 0.265735 1.98215 1.93359 1.98215 1.93359 18590 0 0.0276655
111.643 56472 55024 0.281226 1.66362 1.93293 1.66362 1.93293 18629 0 0.0284303
111.916 57920 53576 0.275203 1.57136 1.93205 1.57136 1.93205 18666 0 0.0287315
112.187 56472 55024 0.282892 1.66362 1.9314 1.66362 1.9314 18705 0 0.0284372
112.442 57920 53576 0.259289 1.68254 1.93084 1.68254 1.93084 18742 0 0.0291374
112.701 60816 55024 0.265535 1.74874 1.93042 1.74874 1.93042 18781 0 0.0286894
112.918 62264 57920 0.26812 2.13049 1.9308 2.13049 1.9308 18821 0 0.0280148
113.198 57920 59368 0.280444 1.69639 1.93022 1.69639 1.93022 18862 0 0.0277353
113.478 56472 55024 0.287799 1.61364 1.92944 1.61364 1.92944 18901 0 0.0284896
113.745 57920 53576 0.271343 1.60675 1.92869 1.60675 1.92869 18938 0 0.0287834
114.008 59368 55024 0.2719 1.7168 1.9282 1.7168 1.9282 18977 0 0.0284944
114.275 57920 56472 0.268714 1.6936 1.92765 1.6936 1.92765 19016 0 0.0282779
114.546 59368 55024 0.279798 1.66362 1.92702 1.66362 1.92702 19055 0 0.0284289
114.814 60816 56472 0.271385 1.686 1.92646 1.686 1.92646 19094 0 0.0282248
115.086 59368 57920 0.281064 1.74894 1.92604 1.74894 1.92604 19135 0 0.0278748
115.355 60816 56472 0.272715 1.67848 1.92546 1.67848 1.92546 19174 0 0.0282036
115.625 59368 57920 0.280855 1.75671 1.92507 1.75671 1.92507 19215 0 0.0278744
115.903 60816 56472 0.278064 1.62761 1.92436 1.62761 1.92436 19254 0 0.0281543
116.168 62264 57920 0.278703 1.78851 1.92405 1.78851 1.92405 19295 0 0.0278754
116.441 63712 59368 0.273442 1.74123 1.92362 1.74123 1.92362 19336 0 0.0276412
116.715 62264 60816 0.28758 1.81816 1.92337 1.81816 1.92337 19379 0 0.0273815
116.966 65160 59368 0.264488 1.89119 1.9233 1.89119 1.9233 19420 0 0.0278901
117.228 66608 62264 0.271389 1.94578 1.92335 1.94578 1.92335 19464 0 0.0271254
117.503 65160 63712 0.285179 1.89442 1.92328 1.89442 1.92328 19509 0 0.0268067
117.765 66608 62264 0.270288 1.90156 1.92324 1.90156 1.92324 19552 0 0.0271456
118.027 68056 63712 0.277648 1.99001 1.92338 1.99001 1.92338 19597 0 0.0267854
118.294 70952 65160 0.267124 1.95415 1.92345 1.95415 1.92345 19642 0 0.0267269
118.573 68056 68056 0.291669 1.99458 1.92362 1.99458 1.92362 19690 0 0.0261613
118.854 57920 65160 0.300245 1.89514 1.92355 1.89514 1.92355 19736 0 0.0277412
119.128 55024 55024 0.29652 1.64903 1.92292 1.64903 1.92292 19775 0 0.0287531
119.387 56472 52128 0.26689 1.60675 1.92223 1.60675 1.92223 19811 0 0.0291613
119.628 60816 53576 0.25617 1.78349 1.92196 1.78349 1.92196 19848 0 0.0294133
119.881 62264 57920 0.267479 1.87327 1.92185 1.87327 1.92185 19889 0 0.0280305
120.153 65160 59368 0.261586 1.74894 1.92146 1.74894 1.92146 19930 0 0.0279886
120.438 62264 62264 0.302139 1.78979 1.92115 1.78979 1.92115 19974 0 0.0275927
120.72 57920 59368 0.313216 1.72298 1.92069 1.72298 1.92069 20016 0 0.0288384
120.994 55024 55024 0.307125 1.64903 1.92007 1.64903 1.92007 20055 0 0.029216
121.086 56472 52128 0.273721 4.50724 1.92205 4.50724 1.92205 20091 0 0.0290289
121.348 59368 53576 0.265043 1.63623 1.92143 1.63623 1.92143 20128 0 0.0289835
121.614 60816 56472 0.273636 1.74488 1.92105 1.74488 1.92105 20168 0 0.0281911
121.892 59368 57920 0.28424 1.71108 1.92057 1.71108 1.92057 20209 0 0.0278917
122.163 60816 56472 0.275268 1.66362 1.92 1.66362 1.92 20248 0 0.028173
122.43 62264 57920 0.275071 1.78045 1.91969 1.78045 1.91969 20289 0 0.027898
122.68 57920 59368 0.257798 1.90029 1.91965 1.90029 1.91965 20330 0 0.028228
123.225 59368 55024 0.2751 1.63506 1.91839 1.63506 1.91839 20407 0 0.0284528
123.502 57920 56472 0.278417 1.63469 1.91776 1.63469 1.91776 20446 0 0.0281531
123.779 56472 55024 0.290207 1.62761 1.91711 1.62761 1.91711 20485 0 0.028533
124.05 57920 53576 0.276325 1.58532 1.91639 1.58532 1.91639 20522 0 0.028722
124.322 56472 55024 0.284796 1.65629 1.91581 1.65629 1.91581 20561 0 0.0284518
124.524 59368 53576 0.259631 2.1232 1.91615 2.1232 1.91615 20598 0 0.0291747
124.779 62264 56472 0.261323 1.81896 1.91595 1.81896 1.91595 20638 0 0.0285507
125.04 65160 59368 0.266995 1.8659 1.91585 1.8659 1.91585 20680 0 0.0278186
125.315 57920 62264 0.280871 1.85232 1.91571 1.85232 1.91571 20724 0 0.0274628
125.597 56472 55024 0.28972 1.59991 1.915 1.59991 1.915 20763 0 0.0285233
125.866 57920 53576 0.273728 1.5924 1.91431 1.5924 1.91431 20800 0 0.0287478
126.11 62264 55024 0.258166 1.85211 1.91419 1.85211 1.91419 20839 0 0.0290425
126.353 69504 59368 0.246246 1.95673 1.91427 1.95673 1.91427 20880 0 0.0291483
126.61 72400 66608 0.263535 2.1173 1.91468 2.1173 1.91468 20927 0 0.0265636
126.889 73848 69504 0.277689 1.99458 1.91486 1.99458 1.91486 20975 0 0.0257132
127.176 72400 70952 0.288299 1.9765 1.915 1.9765 1.915 21024 0 0.0255122
127.46 69504 69504 0.297052 2.00162 1.91519 2.00162 1.91519 21073 0 0.02605
127.712 72400 66608 0.262967 2.11172 1.91558 2.11172 1.91558 21119 0 0.0265826
127.962 78192 69504 0.252975 2.22473 1.91618 2.22473 1.91618 21167 0 0.026695
128.222 57920 75296 0.258815 2.32086 1.917 2.32086 1.917 21219 0 0.0284443
128.762 60816 55024 0.263195 1.62817 1.91579 1.62817 1.91579 21295 0 0.0287626
129.013 65160 57920 0.259399 1.84507 1.91565 1.84507 1.91565 21335 0 0.028435
129.279 69504 62264 0.258112 1.87575 1.91557 1.87575 1.91557 21378 0 0.0276673
129.558 66608 66608 0.295355 1.95303 1.91565 1.95303 1.91565 21425 0 0.0265283
129.667 65160 63712 0.284157 4.66133 1.91796 4.66133 1.91796 21469 0 0.0267971
129.948 63712 62264 0.283642 1.77154 1.91765 1.77154 1.91765 21512 0 0.0270645
130.202 66608 60816 0.26315 1.96465 1.91774 1.96465 1.91774 21555 0 0.0276593
130.458 70952 63712 0.25916 1.99146 1.91788 1.99146 1.91788 21599 0 0.0273511
130.732 72400 68056 0.273375 1.98729 1.91803 1.98729 1.91803 21646 0 0.0260177
131.02 69504 69504 0.294791 1.96826 1.91814 1.96826 1.91814 21695 0 0.025978
131.306 68056 66608 0.29018 1.86329 1.91802 1.86329 1.91802 21741 0 0.0263448
131.575 69504 65160 0.273102 1.9367 1.91806 1.9367 1.91806 21786 0 0.0265574
131.841 70952 66608 0.277323 2.05024 1.91832 2.05024 1.91832 21833 0 0.0262483
132.102 72400 68056 0.269575 2.08803 1.91866 2.08803 1.91866 21880 0 0.0260825
132.375 57920 69504 0.284059 2.07186 1.91898 2.07186 1.91898 21929 0 0.0274188
132.605 59368 55024 0.278752 1.918 1.91898 1.918 1.91898 21967 0 0.0284304
132.873 60816 56472 0.270953 1.686 1.91851 1.686 1.91851 22006 0 0.0282324
133.145 62264 57920 0.277507 1.74894 1.91816 1.74894 1.91816 22047 0 0.0278799
133.415 63712 59368 0.272934 1.75671 1.91783 1.75671 1.91783 22088 0 0.0276481
133.689 62264 60816 0.280489 1.81816 1.91763 1.81816 1.91763 22131 0 0.0273243
133.965 63712 59368 0.278565 1.71852 1.91722 1.71852 1.91722 22172 0 0.0276002
134.24 62264 60816 0.282911 1.81022 1.917 1.81022 1.917 22215 0 0.0273325
134.516 63712 59368 0.277987 1.72602 1.91661 1.72602 1.91661 22256 0 0.0276022
134.79 62264 60816 0.282369 1.81816 1.91641 1.81816 1.91641 22299 0 0.0273296
135.062 63712 59368 0.275908 1.74123 1.91605 1.74123 1.91605 22340 0 0.0276149
135.335 62264 60816 0.281738 1.82617 1.91587 1.82617 1.91587 22383 0 0.027327
135.609 63712 59368 0.276321 1.73359 1.9155 1.73359 1.9155 22424 0 0.0276117
135.866 65160 60816 0.271443 1.93711 1.91555 1.93711 1.91555 22467 0 0.0273972
136.121 69504 62264 0.258174 1.95538 1.91562 1.95538 1.91562 22510 0 0.0276645
136.385 70952 66608 0.272572 2.05956 1.9159 2.05956 1.9159 22557 0 0.0262963
136.662 72400 68056 0.276232 1.97001 1.91601 1.97001 1.91601 22604 0 0.025988
136.939 57920 69504 0.289781 2.04495 1.91627 2.04495 1.91627 22653 0 0.027498
137.75 59368 55024 0.268188 1.62817 1.91457 1.62817 1.91457 22767 0 0.0285683
138.019 60816 56472 0.268903 1.67848 1.91411 1.67848 1.91411 22806 0 0.0282737
138.281 59368 57920 0.285813 1.81312 1.91392 1.81312 1.91392 22847 0 0.0279075
138.558 60816 56472 0.273214 1.63469 1.91336 1.63469 1.91336 22886 0 0.0281966
138.834 57920 57920 0.297962 1.71852 1.91298 1.71852 1.91298 22927 0 0.0282477
139.378 59368 55024 0.273475 1.61739 1.91182 1.61739 1.91182 23003 0 0.0284714
139.476 60816 56472 0.274372 4.64171 1.91373 4.64171 1.91373 23042 0 0.0281822
139.756 59368 57920 0.284872 1.69639 1.91329 1.69639 1.91329 23083 0 0.0278974
140.038 57920 56472 0.284773 1.59991 1.91266 1.59991 1.91266 23122 0 0.0281733
140.319 56472 55024 0.290823 1.60675 1.91205 1.60675 1.91205 23161 0 0.028546
140.591 57920 53576 0.277057 1.57831 1.9114 1.57831 1.9114 23198 0 0.0287171
140.859 59368 55024 0.278835 1.686 1.91097 1.686 1.91097 23237 0 0.0284302
141.132 57920 56472 0.275363 1.65629 1.91048 1.65629 1.91048 23276 0 0.0281721
141.41 56472 55024 0.28781 1.6206 1.90991 1.6206 1.90991 23315 0 0.0284898
141.635 57920 53576 0.28165 1.90747 1.90991 1.90747 1.90991 23352 0 0.0287112
141.914 56472 55024 0.284127 1.6206 1.90934 1.6206 1.90934 23391 0 0.0284459
142.191 57920 53576 0.280397 1.54415 1.90862 1.54415 1.90862 23428 0 0.0287086
142.464 59368 55024 0.279938 1.65629 1.90814 1.65629 1.90814 23467 0 0.0284288
142.741 60816 56472 0.278678 1.63469 1.90761 1.63469 1.90761 23506 0 0.0281523
143.019 59368 57920 0.285669 1.70371 1.90721 1.70371 1.90721 23547 0 0.0279058
143.251 57920 56472 0.242915 1.94808 1.90728 1.94808 1.90728 23586 0 0.0295259
143.484 65160 55024 0.240035 1.93803 1.90733 1.93803 1.90733 23625 0 0.0304368
143.735 70952 62264 0.250299 1.98345 1.90746 1.98345 1.90746 23668 0 0.0281901
144.018 69504 68056 0.284902 1.96912 1.90758 1.96912 1.90758 23716 0 0.0259978
144.315 66608 66608 0.303322 1.83442 1.90743 1.83442 1.90743 23763 0 0.0268364
144.579 68056 63712 0.273217 1.9281 1.90747 1.9281 1.90747 23807 0 0.0268258
144.837 57920 65160 0.262054 2.01777 1.90767 2.01777 1.90767 23852 0 0.0276534
145.102 59368 55024 0.272968 1.70899 1.90731 1.70899 1.90731 23891 0 0.0284783
145.358 63712 56472 0.25893 1.76516 1.90706 1.76516 1.90706 23930 0 0.0287314
145.627 65160 60816 0.276666 1.85063 1.90695 1.85063 1.90695 23973 0 0.0273351
145.909 63712 62264 0.281523 1.764 1.90668 1.764 1.90668 24016 0 0.0270536
146.195 60816 60816 0.298188 1.74177 1.90635 1.74177 1.90635 24059 0 0.0277062
146.469 59368 57920 0.280345 1.69131 1.90595 1.69131 1.90595 24099 0 0.0278738
146.737 57920 56472 0.272322 1.686 1.90555 1.686 1.90555 24138 0 0.0282095
147.004 56472 55024 0.282779 1.6936 1.90516 1.6936 1.90516 24177 0 0.0284365
147.265 59368 53576 0.26566 1.64377 1.9047 1.64377 1.9047 24214 0 0.0289654
147.53 57920 56472 0.280513 1.74488 1.90441 1.74488 1.90441 24254 0 0.0281508
147.805 56472 55024 0.290146 1.64183 1.90393 1.64183 1.90393 24293 0 0.0285318
148.079 57920 53576 0.276714 1.56446 1.9033 1.56446 1.9033 24330 0 0.0287192
148.35 56472 55024 0.292187 1.67102 1.90287 1.67102 1.90287 24369 0 0.0285773
148.622 57920 53576 0.275266 1.57136 1.90227 1.57136 1.90227 24406 0 0.0287309
148.896 55024 55024 0.295534 1.64903 1.9018 1.64903 1.9018 24445 0 0.0287215
149.158 56472 52128 0.275434 1.59201 1.90126 1.59201 1.90126 24481 0 0.0290103
149.423 59368 53576 0.264417 1.62135 1.90076 1.62135 1.90076 24518 0 0.0290026
149.693 56472 56472 0.295044 1.71386 1.90042 1.71386 1.90042 24558 0 0.0284282
149.967 53576 53576 0.302879 1.60675 1.89989 1.60675 1.89989 24596 0 0.0292833
150.213 50680 50680 0.298048 1.69296 1.89955 1.69296 1.89955 24632 0 0.0296489
150.462 52128 47784 0.2749 1.58346 1.89902 1.58346 1.89902 24666 0 0.0298666
150.73 57920 49232 0.278728 1.51308 1.89834 1.51308 1.89834 24701 0 0.0298139
150.82 59368 55024 0.269316 4.88451 1.90012 4.88451 1.90012 24739 0 0.028543
151.077 63712 56472 0.258596 1.75691 1.89988 1.75691 1.89988 24778 0 0.0287456
151.331 66608 60816 0.262024 1.96465 1.89999 1.96465 1.89999 24821 0 0.0276985
151.599 69504 63712 0.265653 1.90216 1.89999 1.90216 1.89999 24865 0 0.027037
151.811 70952 66608 0.273373 2.50544 1.90084 2.50544 1.90084 24911 0 0.026285
152.089 72400 68056 0.279508 1.96148 1.90095 1.96148 1.90095 24958 0 0.0259741
152.37 70952 69504 0.286561 2.01873 1.90117 2.01873 1.90117 25007 0 0.0257509
152.648 69504 68056 0.280603 1.96148 1.90128 1.96148 1.90128 25054 0 0.0259742
152.919 70952 66608 0.278142 2.00488 1.90146 2.00488 1.90146 25101 0 0.0262446
153.176 75296 68056 0.26161 2.1173 1.90182 2.1173 1.90182 25148 0 0.026449
153.437 78192 72400 0.266687 2.26573 1.90244 2.26573 1.90244 25199 0 0.0254087
153.703 81088 75296 0.267857 2.26835 1.90307 2.26835 1.90307 25251 0 0.0248567
153.978 82536 78192 0.27617 2.2733 1.90374 2.2733 1.90374 25305 0 0.0241557
154.259 81088 79640 0.282844 2.26592 1.9044 2.26592 1.9044 25360 0 0.0238928
154.522 82536 78192 0.274088 2.42112 1.90528 2.42112 1.90528 25415 0 0.024176
154.787 85432 79640 0.265987 2.41012 1.90614 2.41012 1.90614 25470 0 0.0241324
155.057 86880 82536 0.278092 2.4851 1.90715 2.4851 1.90715 25528 0 0.0233798
155.336 85432 83984 0.286507 2.45167 1.90812 2.45167 1.90812 25587 0 0.0231662
155.614 83984 82536 0.281333 2.36857 1.90895 2.36857 1.90895 25644 0 0.0233779
155.886 82536 81088 0.2837 2.43145 1.90986 2.43145 1.90986 25701 0 0.0236434
156.147 85432 79640 0.265806 2.44344 1.91075 2.44344 1.91075 25756 0 0.0241375
156.407 86880 82536 0.27131 2.57672 1.91186 2.57672 1.91186 25814 0 0.0234516
156.678 88328 83984 0.278414 2.52795 1.91292 2.52795 1.91292 25873 0 0.0231264
156.955 89776 85432 0.277807 2.46229 1.9139 2.46229 1.9139 25932 0 0.0228778
157.234 86880 86880 0.291362 2.53478 1.915 2.53478 1.915 25993 0 0.022804
157.511 88328 83984 0.279783 2.43108 1.9159 2.43108 1.9159 26051 0 0.0231239
157.781 89776 85432 0.274329 2.52795 1.91695 2.52795 1.91695 26110 0 0.0229052
158.055 88328 86880 0.288166 2.57925 1.9181 2.57925 1.9181 26171 0 0.0226902
158.325 89776 85432 0.275096 2.52795 1.91914 2.52795 1.91914 26230 0 0.0228971
158.593 88328 86880 0.285467 2.63708 1.92035 2.63708 1.92035 26291 0 0.0226534
158.855 57920 85432 0.268722 2.60912 1.92149 2.60912 1.92149 26350 0 0.0305312
159.361 63712 55024 0.245629 1.76322 1.92099 1.76322 1.92099 26427 0 0.0298669
159.618 70952 60816 0.248234 1.89206 1.92094 1.89206 1.92094 26469 0 0.0287439
159.73 73848 68056 0.266186 4.87207 1.923 4.87207 1.923 26516 0 0.026216
160.011 72400 70952 0.285387 2.05993 1.92325 2.05993 1.92325 26566 0 0.0254723
160.277 57920 69504 0.277852 2.13748 1.9236 2.13748 1.9236 26615 0 0.027407
160.539 60816 55024 0.265314 1.68045 1.9232 1.68045 1.9232 26653 0 0.0286959
160.79 65160 57920 0.253997 1.84507 1.92308 1.84507 1.92308 26693 0 0.0286868
161.053 68056 62264 0.263242 1.89288 1.92303 1.89288 1.92303 26736 0 0.0273834
161.299 73848 65160 0.256263 2.16323 1.9234 2.16323 1.9234 26782 0 0.02733
161.561 76744 70952 0.267292 2.21112 1.92387 2.21112 1.92387 26832 0 0.0256562
161.823 78192 73848 0.276366 2.29956 1.92447 2.29956 1.92447 26884 0 0.0249315
162.096 79640 75296 0.279573 2.25086 1.92502 2.25086 1.92502 26937 0 0.024658
162.375 78192 76744 0.280614 2.20235 1.9255 2.20235 1.9255 26990 0 0.0243992
162.644 79640 75296 0.280048 2.28101 1.92609 2.28101 1.92609 27043 0 0.0246579
162.913 81088 76744 0.271666 2.28101 1.92667 2.28101 1.92667 27096 0 0.0244682
163.18 82536 78192 0.276336 2.38841 1.92743 2.38841 1.92743 27151 0 0.0241545
163.452 83984 79640 0.274525 2.3358 1.92811 2.3358 1.92811 27206 0 0.0239147
163.717 57920 81088 0.277766 2.49776 1.92903 2.49776 1.92903 27263 0 0.0291632
163.932 59368 55024 0.271097 2.04658 1.92918 2.04658 1.92918 27301 0 0.0285081
164.172 66608 56472 0.245708 1.87989 1.92911 1.87989 1.92911 27340 0 0.0297373
164.42 72400 63712 0.252795 2.10593 1.92938 2.10593 1.92938 27385 0 0.0277767
164.691 73848 69504 0.27035 2.04754 1.92957 2.04754 1.92957 27433 0 0.025801
164.982 72400 70952 0.290041 1.952 1.92961 1.952 1.92961 27482 0 0.0255442
165.271 69504 69504 0.298194 1.96826 1.92968 1.96826 1.92968 27531 0 0.0260903
165.55 57920 66608 0.284196 1.90327 1.92963 1.90327 1.92963 27577 0 0.027337
165.822 59368 55024 0.275775 1.62097 1.92913 1.62097 1.92913 27615 0 0.0284467
166.07 63712 56472 0.255324 1.82514 1.92897 1.82514 1.92897 27654 0 0.0288964
166.326 66608 60816 0.264987 1.9462 1.929 1.9462 1.929 27697 0 0.0276008
166.583 57920 63712 0.260772 1.98215 1.92908 1.98215 1.92908 27741 0 0.0277486
166.851 59368 55024 0.266983 1.64277 1.92862 1.64277 1.92862 27779 0 0.0285983
167.116 62264 56472 0.266153 1.70126 1.92826 1.70126 1.92826 27818 0 0.0283936
167.385 57920 59368 0.284128 1.80759 1.92807 1.80759 1.92807 27860 0 0.0277521
167.651 56472 55024 0.285629 1.70126 1.92771 1.70126 1.92771 27899 0 0.0284605
167.906 57920 53576 0.260412 1.68254 1.92734 1.68254 1.92734 27936 0 0.0290921
168.148 59368 55024 0.267208 1.86128 1.92724 1.86128 1.92724 27975 0 0.0285925
168.401 65160 56472 0.250956 1.79037 1.92704 1.79037 1.92704 28014 0 0.0292508
168.67 63712 62264 0.281596 1.89367 1.92698 1.89367 1.92698 28058 0 0.0270538
168.944 62264 60816 0.292677 1.81816 1.92681 1.81816 1.92681 28101 0 0.0274847
169.212 63712 59368 0.274798 1.77246 1.92656 1.77246 1.92656 28142 0 0.0276252
169.482 62264 60816 0.29154 1.8424 1.92643 1.8424 1.92643 28185 0 0.0274572
169.756 63712 59368 0.275686 1.73359 1.92612 1.73359 1.92612 28226 0 0.0276168
170.031 60816 60816 0.30041 1.81022 1.92593 1.81022 1.92593 28269 0 0.0277919
170.143 62264 57920 0.280125 4.14644 1.92739 4.14644 1.92739 28309 0 0.0278737
170.418 63712 59368 0.277764 1.72602 1.92706 1.72602 1.92706 28350 0 0.0276032
170.692 62264 60816 0.28267 1.81816 1.92689 1.81816 1.92689 28393 0 0.0273311
170.956 63712 59368 0.267955 1.79663 1.92669 1.79663 1.92669 28434 0 0.0277433
171.222 65160 60816 0.273563 1.87575 1.92661 1.87575 1.92661 28477 0 0.0273655
171.491 57920 62264 0.270969 1.85063 1.92649 1.85063 1.92649 28520 0 0.0275436
171.768 56472 55024 0.285673 1.63469 1.92602 1.63469 1.92602 28559 0 0.028461
172.039 57920 53576 0.274814 1.57831 1.92547 1.57831 1.92547 28596 0 0.0287353
172.314 56472 55024 0.2868 1.64183 1.92502 1.64183 1.92502 28635 0 0.0284751
172.582 57920 53576 0.272038 1.59954 1.92451 1.59954 1.92451 28672 0 0.0287718
172.851 56472 55024 0.282495 1.67848 1.92413 1.67848 1.92413 28711 0 0.028435
173.057 57920 53576 0.274534 2.08595 1.92432 2.08595 1.92432 28748 0 0.0287383
173.333 56472 55024 0.281341 1.63469 1.92386 1.63469 1.92386 28787 0 0.0284306
173.611 57920 53576 0.279967 1.54415 1.92325 1.54415 1.92325 28824 0 0.0287084
173.887 56472 55024 0.283397 1.63469 1.92279 1.63469 1.92279 28863 0 0.0284404
174.164 57920 53576 0.279209 1.55086 1.9222 1.55086 1.9222 28900 0 0.0287091
174.44 56472 55024 0.28388 1.63469 1.92175 1.63469 1.92175 28939 0 0.0284439
174.704 57920 53576 0.269587 1.62135 1.92129 1.62135 1.92129 28976 0 0.0288169
174.971 59368 55024 0.274435 1.6936 1.92095 1.6936 1.92095 29015 0 0.0284598
175.24 60816 56472 0.271491 1.67848 1.92057 1.67848 1.92057 29054 0 0.028223
175.517 59368 57920 0.284032 1.71852 1.92025 1.71852 1.92025 29095 0 0.0278899
175.788 57920 56472 0.275634 1.66362 1.91986 1.66362 1.91986 29134 0 0.0281696
176.06 56472 55024 0.281427 1.66362 1.91946 1.66362 1.91946 29173 0 0.0284309
176.329 57920 53576 0.272329 1.5924 1.91896 1.5924 1.91896 29210 0 0.0287673
176.597 59368 55024 0.278936 1.686 1.91861 1.686 1.91861 29249 0 0.02843
176.866 60816 56472 0.271856 1.67848 1.91824 1.67848 1.91824 29288 0 0.0282169
177.139 59368 57920 0.284241 1.74123 1.91797 1.74123 1.91797 29329 0 0.0278917
177.41 60816 56472 0.274899 1.66362 1.91758 1.66362 1.91758 29368 0 0.0281766
177.652 63712 57920 0.261747 1.96647 1.91765 1.96647 1.91765 29409 0 0.0282582
177.899 69504 60816 0.248757 1.96553 1.91772 1.96553 1.91772 29451 0 0.0285569
178.158 73848 66608 0.257217 2.06261 1.91793 2.06261 1.91793 29497 0 0.0268971
178.434 75296 70952 0.271426 2.05384 1.91814 2.05384 1.91814 29546 0 0.0255168
178.715 72400 72400 0.299891 2.10113 1.91842 2.10113 1.91842 29597 0 0.0256271
178.993 70952 69504 0.283334 2.00322 1.91856 2.00322 1.91856 29645 0 0.025719
179.258 72400 68056 0.274813 2.05024 1.91875 2.05024 1.91875 29692 0 0.0260007
179.521 70952 69504 0.287906 2.157 1.9191 2.157 1.9191 29741 0 0.0257704
179.782 73848 68056 0.266142 2.08803 1.91935 2.08803 1.91935 29788 0 0.0262172
180.044 72400 70952 0.287643 2.21112 1.91977 2.21112 1.91977 29838 0 0.0255017
180.313 69504 69504 0.292308 2.10885 1.92005 2.10885 1.92005 29887 0 0.0259107
180.429 57920 66608 0.270986 4.6194 1.92178 4.6194 1.92178 29933 0 0.0274007
180.698 59368 55024 0.270815 1.63544 1.92135 1.63544 1.92135 29971 0 0.0285132
180.96 62264 56472 0.26238 1.72467 1.92107 1.72467 1.92107 30010 0 0.0285124
181.212 63712 59368 0.273856 1.9281 1.92108 1.9281 1.92108 30052 0 0.0276359
181.462 68056 60816 0.26072 1.99298 1.92118 1.99298 1.92118 30095 0 0.0278327
181.729 70952 65160 0.265291 1.95415 1.92122 1.95415 1.92122 30140 0 0.0267775
182.012 69504 68056 0.290232 1.96078 1.92129 1.96078 1.92129 30188 0 0.0260785
182.301 66608 66608 0.300717 1.88793 1.92123 1.88793 1.92123 30235 0 0.0267217
182.509 69504 63712 0.267428 2.45191 1.92184 2.45191 1.92184 30279 0 0.0269892
182.772 72400 66608 0.265094 2.02494 1.92199 2.02494 1.92199 30325 0 0.0265147
183.047 73848 69504 0.276319 2.02071 1.92213 2.02071 1.92213 30373 0 0.0257214
183.305 78192 70952 0.263673 2.19713 1.92252 2.19713 1.92252 30422 0 0.0258468
183.566 81088 75296 0.266895 2.35459 1.92314 2.35459 1.92314 30475 0 0.024881
183.834 83984 78192 0.269714 2.33447 1.92373 2.33447 1.92373 30529 0 0.0242982
184.103 85432 81088 0.271005 2.41012 1.92445 2.41012 1.92445 30585 0 0.0237107
184.382 86880 82536 0.279744 2.36857 1.92512 2.36857 1.92512 30642 0 0.0233762
184.655 85432 83984 0.283005 2.50568 1.92598 2.50568 1.92598 30701 0 0.0231329
184.92 88328 82536 0.270245 2.48646 1.92678 2.48646 1.92678 30758 0 0.0235226
185.18 91224 85432 0.269989 2.67791 1.92783 2.67791 1.92783 30818 0 0.0230246
185.443 92672 88328 0.271619 2.72927 1.92897 2.72927 1.92897 30880 0 0.0224456
185.709 94120 89776 0.273347 2.74819 1.93014 2.74819 1.93014 30943 0 0.0221729
185.982 95568 91224 0.274345 2.66382 1.93122 2.66382 1.93122 31006 0 0.0219152
186.261 94120 92672 0.28766 2.701 1.93237 2.701 1.93237 31071 0 0.0216979
186.534 95568 91224 0.277566 2.67555 1.93346 2.67555 1.93346 31134 0 0.0218892
186.802 57920 92672 0.279675 2.81001 1.93472 2.81001 1.93472 31199 0 0.0331926
187.072 59368 55024 0.27166 1.62817 1.93428 1.62817 1.93428 31237 0 0.0284984
187.315 65160 56472 0.246042 1.86128 1.93418 1.86128 1.93418 31276 0 0.0295605
187.575 68056 62264 0.266936 1.9638 1.93422 1.9638 1.93422 31320 0 0.0272732
187.857 66608 65160 0.289435 1.88707 1.93415 1.88707 1.93415 31366 0 0.0265988
188.15 62264 63712 0.305408 1.77796 1.93391 1.77796 1.93391 31411 0 0.0275623
188.433 60816 59368 0.29007 1.68196 1.93353 1.68196 1.93353 31452 0 0.0276996
188.696 59368 57920 0.285843 1.80484 1.93335 1.80484 1.93335 31493 0 0.0279078
188.955 62264 56472 0.263439 1.74064 1.93309 1.74064 1.93309 31532 0 0.0284762
189.222 60816 59368 0.280285 1.82387 1.93293 1.82387 1.93293 31574 0 0.0275982
189.496 59368 57920 0.289962 1.73359 1.93264 1.73359 1.93264 31615 0 0.0279729
189.77 60816 56472 0.276663 1.64903 1.93223 1.64903 1.93223 31654 0 0.0281617
190.044 57920 57920 0.294707 1.73359 1.93195 1.73359 1.93195 31695 0 0.0281413
190.588 59368 55024 0.27343 1.61739 1.93105 1.61739 1.93105 31771 0 0.028472
190.686 57920 56472 0.272911 4.64171 1.93243 4.64171 1.93243 31810 0 0.0282008
190.963 56472 55024 0.282799 1.62761 1.93199 1.62761 1.93199 31849 0 0.0284367
191.2 63712 53576 0.242029 1.81065 1.93184 1.81065 1.93184 31886 0 0.030561
191.441 57920 60816 0.246575 2.06239 1.932 2.06239 1.932 31929 0 0.028698
191.707 60816 55024 0.263048 1.65764 1.93162 1.65764 1.93162 31967 0 0.0287675
191.97 62264 57920 0.272778 1.76082 1.93139 1.76082 1.93139 32007 0 0.0279258
192.24 63712 59368 0.272551 1.75671 1.93114 1.75671 1.93114 32048 0 0.0276537
192.513 62264 60816 0.283495 1.82617 1.931 1.82617 1.931 32091 0 0.0273362
192.782 57920 59368 0.270848 1.76455 1.93076 1.76455 1.93076 32132 0 0.0278189
193.056 56472 55024 0.285631 1.64903 1.93036 1.64903 1.93036 32171 0 0.0284605
193.274 57920 53576 0.274597 1.97071 1.93041 1.97071 1.93041 32208 0 0.0287376
193.532 59368 55024 0.266875 1.74874 1.93017 1.74874 1.93017 32247 0 0.0286011
193.787 63712 56472 0.25791 1.77348 1.92996 1.77348 1.92996 32286 0 0.0287754
194.033 68056 60816 0.255211 2.02215 1.93008 2.02215 1.93008 32329 0 0.0280754
194.281 73848 65160 0.250592 2.10593 1.9303 2.10593 1.9303 32374 0 0.0276314
194.549 75296 70952 0.272226 2.16154 1.93062 2.16154 1.93062 32424 0 0.0255038
194.835 72400 72400 0.29133 2.06582 1.93082 2.06582 1.93082 32475 0 0.0253599
195.121 70952 69504 0.288454 1.9443 1.93084 1.9443 1.93084 32523 0 0.0257794
195.385 57920 68056 0.270531 2.05956 1.93101 2.05956 1.93101 32570 0 0.0274328
195.646 59368 55024 0.270882 1.73262 1.93075 1.73262 1.93075 32609 0 0.028512
195.898 63712 56472 0.255276 1.79037 1.93057 1.79037 1.93057 32648 0 0.0288988
196.164 65160 60816 0.272893 1.87575 1.93049 1.87575 1.93049 32691 0 0.0273745
196.44 66608 62264 0.276617 1.80235 1.93031 1.80235 1.93031 32734 0 0.0270627
196.719 65160 63712 0.290752 1.86992 1.93023 1.86992 1.93023 32779 0 0.0268954
196.989 66608 62264 0.275035 1.8424 1.93011 1.8424 1.93011 32822 0 0.0270759
197.258 57920 63712 0.282745 1.9367 1.93012 1.9367 1.93012 32867 0 0.0273864
197.532 59368 55024 0.2754 1.60675 1.92967 1.60675 1.92967 32905 0 0.02845
197.769 63712 56472 0.253433 1.90852 1.92964 1.90852 1.92964 32944 0 0.0289933
198.015 68056 60816 0.258179 2.02215 1.92976 2.02215 1.92976 32987 0 0.0279371
198.265 73848 65160 0.253856 2.08568 1.92995 2.08568 1.92995 33032 0 0.0274501
198.528 75296 70952 0.274193 2.20102 1.93031 2.20102 1.93031 33082 0 0.0254771
198.804 73848 72400 0.289883 2.14701 1.93061 2.14701 1.93061 33133 0 0.0252778
199.085 72400 70952 0.280706 2.01873 1.93074 2.01873 1.93074 33182 0 0.0254438
199.344 69504 69504 0.292928 2.18696 1.93107 2.18696 1.93107 33231 0 0.0259264
199.595 73848 66608 0.259191 2.12183 1.93131 2.12183 1.93131 33277 0 0.0268111
199.853 79640 70952 0.251925 2.2074 1.93167 2.2074 1.93167 33326 0 0.0264883
