0.240049 14480 0 0 0 0 0 0 0 0 0.0428864
0.2807 15928 11584 0.04 3.70453 0.536487 3.70453 0.536487 13 0 0.0385402
0.280941 17376 13032 0.04 144.607 0.659727 144.607 0.659727 16 0 0.0383511
0.281181 18824 14480 0.040125 144.607 0.782756 144.607 0.782756 19 0 0.0381605
0.320387 20272 15928 0.0451094 0.886402 0.795439 0.886402 0.795439 22 0 0.0379186
0.320747 21720 17376 0.0444707 96.4048 0.902892 96.4048 0.902892 25 0 0.037735
0.320987 23168 18824 0.0439119 144.607 1.01048 144.607 1.01048 28 0 0.037552
0.321228 24616 20272 0.0435479 144.607 1.11791 144.607 1.11791 31 0 0.0373684
0.321468 26064 21720 0.0432294 144.607 1.22518 144.607 1.22518 34 0 0.037185
0.321708 27512 23168 0.0428257 144.607 1.33229 144.607 1.33229 37 0 0.0370032
0.360554 28960 24616 0.0473475 0.894628 1.28514 0.894628 1.28514 40 0 0.0367914
0.360794 30408 26064 0.0464291 144.607 1.3806 144.607 1.3806 43 0 0.0366086
0.361034 31856 27512 0.0457504 144.607 1.47594 144.607 1.47594 46 0 0.0364267
0.361274 33304 28960 0.0451566 144.607 1.57115 144.607 1.57115 49 0 0.0362458
0.361515 34752 30408 0.044637 144.607 1.66623 144.607 1.66623 52 0 0.0360655
0.361755 36200 31856 0.0440574 144.607 1.76119 144.607 1.76119 55 0 0.0358867
0.361995 37648 33304 0.0435502 144.607 1.85602 144.607 1.85602 58 0 0.0357083
0.362236 39096 34752 0.0432315 144.607 1.95073 144.607 1.95073 61 0 0.0355292
0.362476 40544 36200 0.0429525 144.607 2.04531 144.607 2.04531 64 0 0.0353502
0.400721 41992 37648 0.0474585 0.908682 1.93683 0.908682 1.93683 67 0 0.0351439
0.400961 43440 39096 0.0465262 144.607 2.02234 144.607 2.02234 70 0 0.034965
0.401201 44888 40544 0.0458354 144.607 2.10775 144.607 2.10775 73 0 0.0347873
0.401441 46336 41992 0.045231 144.607 2.19306 144.607 2.19306 76 0 0.0346105
0.401682 47784 43440 0.0445771 144.607 2.27826 144.607 2.27826 79 0 0.0344352
0.401922 49232 44888 0.044005 144.607 2.36336 144.607 2.36336 82 0 0.0342606
0.402162 50680 46336 0.0436293 144.607 2.44836 144.607 2.44836 85 0 0.0340854
0.402403 52128 47784 0.0433007 144.607 2.53326 144.607 2.53326 88 0 0.0339104
0.402643 53576 49232 0.0430131 144.607 2.61806 144.607 2.61806 91 0 0.0337357
0.402883 55024 50680 0.0427614 144.607 2.70276 144.607 2.70276 94 0 0.0335613
0.403124 56472 52128 0.0426663 144.607 2.78735 144.607 2.78735 97 0 0.0333858
0.403364 57920 53576 0.042458 144.607 2.87185 144.607 2.87185 100 0 0.033212
0.403604 59368 55024 0.0422757 144.607 2.95624 144.607 2.95624 103 0 0.0330385
0.403845 60816 56472 0.0421163 144.607 3.04054 144.607 3.04054 106 0 0.0328652
0.447347 62264 57920 0.0427267 0.79885 2.82254 0.79885 2.82254 109 0 0.0326837
0.447588 63712 59368 0.0432609 144.607 2.89867 144.607 2.89867 112 0 0.0325042
0.447828 65160 60816 0.0437283 144.607 2.97471 144.607 2.97471 115 0 0.0323262
0.448068 66608 62264 0.0441372 144.607 3.05068 144.607 3.05068 118 0 0.0321496
0.448309 68056 63712 0.0444951 144.607 3.12656 144.607 3.12656 121 0 0.0319742
0.448549 69504 65160 0.0448082 144.607 3.20236 144.607 3.20236 124 0 0.0317998
0.448789 70952 66608 0.0450822 144.607 3.27808 144.607 3.27808 127 0 0.0316262
0.449029 72400 68056 0.0454469 144.607 3.35372 144.607 3.35372 130 0 0.0314528
0.44927 73848 69504 0.045766 144.607 3.42928 144.607 3.42928 133 0 0.0312804
0.44951 75296 70952 0.0459203 144.607 3.50476 144.607 3.50476 136 0 0.0311092
0.44975 76744 72400 0.0460552 144.607 3.58015 144.607 3.58015 139 0 0.0309387
0.449991 78192 73848 0.0461733 144.607 3.65547 144.607 3.65547 142 0 0.0307687
0.450231 79640 75296 0.0464017 144.607 3.73071 144.607 3.73071 145 0 0.0305989
0.450471 81088 76744 0.0466015 144.607 3.80586 144.607 3.80586 148 0 0.0304297
0.450712 82536 78192 0.0467763 144.607 3.88094 144.607 3.88094 151 0 0.0302611
0.450952 83984 79640 0.0468042 144.607 3.95593 144.607 3.95593 154 0 0.0300933
0.451192 85432 81088 0.0469537 144.607 4.03085 144.607 4.03085 157 0 0.0299258
0.451433 86880 82536 0.0470845 144.607 4.10568 144.607 4.10568 160 0 0.0297588
0.451673 88328 83984 0.0471989 144.607 4.18044 144.607 4.18044 163 0 0.0295923
0.451913 89776 85432 0.0472991 144.607 4.25512 144.607 4.25512 166 0 0.0294263
0.452154 91224 86880 0.0475117 144.607 4.32971 144.607 4.32971 169 0 0.0292607
0.514281 73848 88328 0.0617352 11.3739 5.18067 11.3739 5.18067 230 0 0.0301171
0.614374 60816 70952 0.0617906 5.7866 5.27939 5.7866 5.27939 280 0 0.031761
0.658593 53576 57920 0.0557005 10.7408 5.64607 10.7408 5.64607 321 0 0.032855
0.660515 55024 50680 0.0475158 66.2783 5.82256 66.2783 5.82256 332 0 0.0335341
0.700682 60816 52128 0.041945 10.6707 6.10048 10.6707 6.10048 369 0 0.0334814
0.744935 66608 57920 0.0424812 10.4708 6.3601 10.4708 6.3601 409 0 0.0327737
0.794681 68056 63712 0.0468948 10.2459 6.60334 10.2459 6.60334 453 0 0.0319631
0.847551 63712 65160 0.0512746 9.85958 6.80647 9.85958 6.80647 498 0 0.0318469
0.898259 55024 60816 0.0569303 9.82324 6.97677 9.82324 6.97677 541 0 0.0325916
0.944521 53576 52128 0.0498844 9.01447 7.07657 9.01447 7.07657 577 0 0.0333609
0.988259 55024 50680 0.0459597 9.26969 7.17364 9.26969 7.17364 612 0 0.033538
1.03284 56472 52128 0.0491603 9.61449 7.27899 9.61449 7.27899 649 0 0.0333587
1.03716 59368 53576 0.0452026 99.0827 7.66188 99.0827 7.66188 686 0 0.0332066
1.08547 60816 56472 0.0483426 9.59252 7.74779 9.59252 7.74779 726 0 0.0328307
1.13642 56472 57920 0.0514451 9.32216 7.81838 9.32216 7.81838 767 0 0.0327144
1.18724 53576 53576 0.0512043 8.43257 7.84467 8.43257 7.84467 804 0 0.033209
1.23603 52128 50680 0.049791 8.54821 7.87244 8.54821 7.87244 840 0 0.0335371
1.28205 53576 49232 0.047192 8.80984 7.90609 8.80984 7.90609 875 0 0.0337115
1.32711 55024 50680 0.0455076 8.99778 7.94315 8.99778 7.94315 910 0 0.0335401
1.37433 56472 52128 0.0479439 9.07628 7.98209 9.07628 7.98209 947 0 0.0333574
1.4236 55024 53576 0.0492862 8.69994 8.00693 8.69994 8.00693 984 0 0.0331829
1.47467 50680 52128 0.0518228 8.39289 8.0203 8.39289 8.0203 1021 0 0.0334186
1.52525 47784 47784 0.0510222 7.55667 8.00492 7.55667 8.00492 1054 0 0.0339149
1.57428 46336 44888 0.0503751 7.56116 7.9911 7.56116 7.9911 1086 0 0.0342503
1.62078 47784 43440 0.0480332 7.72235 7.98339 7.72235 7.98339 1117 0 0.0344235
1.66872 49232 44888 0.0481468 7.4901 7.96922 7.4901 7.96922 1148 0 0.0342447
1.71907 46336 46336 0.0511255 7.59274 7.95819 7.59274 7.95819 1181 0 0.0340935
1.77038 43440 43440 0.0514703 6.77317 7.92385 6.77317 7.92385 1211 0 0.034453
1.82049 41992 40544 0.0506858 6.47322 7.88392 6.47322 7.88392 1239 0 0.0347898
1.86951 43440 39096 0.0495206 6.37973 7.84448 6.37973 7.84448 1266 0 0.0349652
1.9189 41992 40544 0.0509064 6.80228 7.81765 6.80228 7.81765 1295 0 0.0347911
1.96888 40544 39096 0.0502397 6.25704 7.77803 6.25704 7.77803 1322 0 0.0349679
2.01947 37648 37648 0.0524666 6.18273 7.73807 6.18273 7.73807 1349 0 0.035181
2.06898 36200 34752 0.0503161 5.61581 7.68729 5.61581 7.68729 1373 0 0.0355118
2.1174 37648 33304 0.0490421 5.50201 7.63731 5.50201 7.63731 1396 0 0.0356896
2.16643 36200 34752 0.0514071 5.90716 7.59816 5.90716 7.59816 1421 0 0.035518
2.21738 34752 33304 0.0509105 5.22951 7.54374 5.22951 7.54374 1444 0 0.035697
2.26856 31856 31856 0.0540376 5.20495 7.49096 5.20495 7.49096 1467 0 0.035925
2.31951 30408 28960 0.0518325 4.5474 7.42631 4.5474 7.42631 1487 0 0.0362524
2.36938 28960 27512 0.050689 4.41371 7.36291 4.41371 7.36291 1506 0 0.0364289
2.41792 26064 26064 0.0530621 4.53389 7.30611 4.53389 7.30611 1525 0 0.0366492
2.46647 27512 23168 0.0500054 3.81801 7.23745 3.81801 7.23745 1541 0 0.0369804
2.5179 28960 24616 0.0500218 3.82916 7.16784 3.82916 7.16784 1558 0 0.0367951
2.57185 26064 26064 0.0568505 4.07949 7.10305 4.07949 7.10305 1577 0 0.0367019
2.62556 23168 23168 0.0549733 3.45073 7.02834 3.45073 7.02834 1593 0 0.0370425
2.67843 20272 20272 0.0540766 3.06743 6.95015 3.06743 6.95015 1607 0 0.0374029
2.68011 18824 17376 0.0532493 82.6327 6.99765 82.6327 6.99765 1619 0 0.0377501
2.73082 17376 15928 0.0520095 2.51292 6.91438 2.51292 6.91438 1630 0 0.0379264
2.77972 15928 14480 0.0535759 2.60553 6.83857 2.60553 6.83857 1641 0 0.0381295
2.82887 17376 13032 0.0514308 2.12138 6.75662 2.12138 6.75662 1650 0 0.0382989
2.88318 14480 14480 0.0564813 2.34613 6.67354 2.34613 6.67354 1661 0 0.0381879
2.93834 13032 11584 0.0559942 1.68026 6.57981 1.68026 6.57981 1669 0 0.0385401
2.99181 11584 10136 0.0551277 1.51648 6.48932 1.51648 6.48932 1676 0 0.0387166
3.04384 10136 8688 0.0590731 1.55851 6.40503 1.55851 6.40503 1683 0 0.0389784
3.09526 11584 7240 0.0567384 1.12622 6.31733 1.12622 6.31733 1688 0 0.0391227
3.14765 10136 8688 0.0607525 1.54778 6.23794 1.54778 6.23794 1695 0 0.0390184
3.2004 11584 7240 0.0580979 1.098 6.15322 1.098 6.15322 1700 0 0.0391483
3.25448 10136 8688 0.0630402 1.49963 6.0759 1.49963 6.0759 1707 0 0.039082
3.2552 11584 7240 0.0601812 80.3373 6.09235 80.3373 6.09235 1712 0 0.0391947
3.30927 10136 8688 0.0583753 1.49963 6.01731 1.49963 6.01731 1719 0 0.0389635
3.36214 11584 7240 0.0566967 1.09551 5.93991 1.09551 5.93991 1724 0 0.0391219
3.41477 10136 8688 0.061164 1.54072 5.87211 1.54072 5.87211 1731 0 0.0390291
3.46716 11584 7240 0.0584693 1.10556 5.80009 1.10556 5.80009 1736 0 0.0391559
3.52039 10136 8688 0.0630546 1.52333 5.73542 1.52333 5.73542 1743 0 0.0390825
3.52111 11584 7240 0.0598608 80.3373 5.75069 80.3373 5.75069 1748 0 0.039187
3.5747 10136 8688 0.0579263 1.51308 5.68716 1.51308 5.68716 1755 0 0.0389543
3.62889 11584 7240 0.0565346 1.06879 5.6182 1.06879 5.6182 1760 0 0.0391192
3.68261 10136 8688 0.0616999 1.50969 5.55827 1.50969 5.55827 1767 0 0.0390435
3.73572 11584 7240 0.0590334 1.09055 5.49475 1.09055 5.49475 1772 0 0.039168
3.78847 10136 8688 0.0636512 1.53721 5.43965 1.53721 5.43965 1779 0 0.0391008
3.78919 11584 7240 0.0601355 80.3373 5.4539 80.3373 5.4539 1784 0 0.0391936
3.84194 10136 8688 0.0577802 1.53721 5.40012 1.53721 5.40012 1791 0 0.0389515
3.89493 11584 7240 0.0562024 1.09302 5.34153 1.09302 5.34153 1796 0 0.0391136
3.94864 10136 8688 0.0611629 1.50969 5.2894 1.50969 5.2894 1803 0 0.0390291
4.00247 11584 7240 0.0587986 1.07595 5.23273 1.07595 5.23273 1808 0 0.0391629
4.05642 10136 8688 0.0638397 1.50297 5.18313 1.50297 5.18313 1815 0 0.0391067
4.05715 11584 7240 0.0607168 80.3373 5.19648 80.3373 5.19648 1820 0 0.039208
4.11074 10136 8688 0.0584997 1.51308 5.14846 1.51308 5.14846 1827 0 0.0389661
4.16385 11584 7240 0.0566844 1.09055 5.0967 1.09055 5.0967 1832 0 0.0391217
4.21672 10136 8688 0.0613608 1.53371 5.05203 1.53371 5.05203 1839 0 0.0390343
4.26983 11584 7240 0.0586011 1.09055 5.00275 1.09055 5.00275 1844 0 0.0391587
4.32342 10136 8688 0.0635824 1.51308 4.9595 1.51308 4.9595 1851 0 0.0390986
4.32414 11584 7240 0.0603101 80.3373 4.97206 80.3373 4.97206 1856 0 0.0391979
4.37797 10136 8688 0.0582273 1.50632 4.92945 1.50632 4.92945 1863 0 0.0389604
4.43132 11584 7240 0.0568319 1.08564 4.88317 1.08564 4.88317 1868 0 0.0391243
4.48431 10136 8688 0.0614597 1.53023 4.84355 1.53023 4.84355 1875 0 0.039037
4.53742 11584 7240 0.0586673 1.09055 4.79962 1.09055 4.79962 1880 0 0.0391601
4.59102 10136 8688 0.0635467 1.51308 4.76126 1.51308 4.76126 1887 0 0.0390975
4.59174 11584 7240 0.0603955 80.3373 4.77312 80.3373 4.77312 1892 0 0.0392
4.64557 10136 8688 0.0582845 1.50632 4.73527 1.50632 4.73527 1899 0 0.0389616
4.6988 11584 7240 0.0566359 1.08809 4.69395 1.08809 4.69395 1904 0 0.0391209
4.75179 10136 8688 0.0613283 1.53023 4.65867 1.53023 4.65867 1911 0 0.0390335
4.8049 11584 7240 0.058675 1.09055 4.61923 1.09055 4.61923 1916 0 0.0391603
4.85849 10136 8688 0.0635225 1.51308 4.58497 1.51308 4.58497 1923 0 0.0390968
4.85921 11584 7240 0.06027 80.3373 4.59621 80.3373 4.59621 1928 0 0.0391969
4.91304 10136 8688 0.0583254 1.50632 4.56235 1.50632 4.56235 1935 0 0.0389624
4.96628 11584 7240 0.0568977 1.08809 4.52511 1.08809 4.52511 1940 0 0.0391255
5.01927 10136 8688 0.061408 1.53023 4.4935 1.53023 4.4935 1947 0 0.0390356
5.07238 11584 7240 0.0586327 1.09055 4.45786 1.09055 4.45786 1952 0 0.0391594
5.12597 10136 8688 0.0633985 1.51308 4.42708 1.51308 4.42708 1959 0 0.0390929
5.12669 11584 7240 0.0602962 80.3373 4.43775 80.3373 4.43775 1964 0 0.0391975
5.18052 10136 8688 0.0583137 1.50632 4.40729 1.50632 4.40729 1971 0 0.0389622
5.23375 11584 7240 0.0566555 1.08809 4.37353 1.08809 4.37353 1976 0 0.0391212
5.28674 10136 8688 0.0612457 1.53023 4.34503 1.53023 4.34503 1983 0 0.0390313
5.33985 11584 7240 0.0586334 1.09055 4.31266 1.09055 4.31266 1988 0 0.0391594
5.39344 10136 8688 0.063604 1.51308 4.28485 1.51308 4.28485 1995 0 0.0390993
5.39417 11584 7240 0.0603246 80.3373 4.29501 80.3373 4.29501 2000 0 0.0391982
5.448 10136 8688 0.058237 1.50632 4.26746 1.50632 4.26746 2007 0 0.0389606
5.50123 11584 7240 0.0567291 1.08809 4.23669 1.08809 4.23669 2012 0 0.0391225
5.55422 10136 8688 0.0614064 1.53023 4.21087 1.53023 4.21087 2019 0 0.0390355
5.60709 11584 7240 0.0587566 1.09551 4.1815 1.09551 4.1815 2024 0 0.039162
5.66044 10136 8688 0.0634815 1.5199 4.15641 1.5199 4.15641 2031 0 0.0390955
5.66116 11584 7240 0.0601468 80.3373 4.16611 80.3373 4.16611 2036 0 0.0391939
5.71487 10136 8688 0.0581179 1.50969 4.14114 1.50969 4.14114 2043 0 0.0389582
5.76846 11584 7240 0.0567586 1.08077 4.11271 1.08077 4.11271 2048 0 0.039123
5.82206 10136 8688 0.0615356 1.51308 4.08878 1.51308 4.08878 2055 0 0.039039
5.87553 11584 7240 0.0590482 1.0832 4.06143 1.0832 4.06143 2060 0 0.0391684
5.929 10136 8688 0.0637862 1.51648 4.03848 1.51648 4.03848 2067 0 0.039105
5.92972 11584 7240 0.060431 80.3373 4.04775 80.3373 4.04775 2072 0 0.0392008
5.98331 10136 8688 0.0583083 1.51308 4.02505 1.51308 4.02505 2079 0 0.0389621
6.03666 11584 7240 0.0567612 1.08564 3.99907 1.08564 3.99907 2084 0 0.0391231
6.09001 10136 8688 0.0614416 1.5199 3.97736 1.5199 3.97736 2091 0 0.0390365
6.14336 11584 7240 0.0589853 1.08564 3.95224 1.08564 3.95224 2096 0 0.039167
6.19683 10136 8688 0.0636347 1.51648 3.93123 1.51648 3.93123 2103 0 0.0391003
6.19756 11584 7240 0.0604545 80.3373 3.94011 80.3373 3.94011 2108 0 0.0392014
6.25115 10136 8688 0.0582146 1.51308 3.91931 1.51308 3.91931 2115 0 0.0389601
6.30426 11584 7240 0.0568235 1.09055 3.89548 1.09055 3.89548 2120 0 0.0391242
6.35737 10136 8688 0.0613583 1.52677 3.87569 1.52677 3.87569 2127 0 0.0390343
6.41048 11584 7240 0.0585994 1.09055 3.85261 1.09055 3.85261 2132 0 0.0391587
6.46407 10136 8688 0.0635012 1.51308 3.83322 1.51308 3.83322 2139 0 0.0390961
6.46479 11584 7240 0.060365 80.3373 3.84175 80.3373 3.84175 2144 0 0.0391992
6.51862 10136 8688 0.0582641 1.50632 3.82246 1.50632 3.82246 2151 0 0.0389612
6.57197 11584 7240 0.0566222 1.08564 3.80024 1.08564 3.80024 2156 0 0.0391207
6.6252 10136 8688 0.0614442 1.52333 3.78195 1.52333 3.78195 2163 0 0.0390366
6.67832 11584 7240 0.0588776 1.09055 3.76055 1.09055 3.76055 2168 0 0.0391646
6.73167 10136 8688 0.0635626 1.5199 3.74279 1.5199 3.74279 2175 0 0.039098
6.73239 11584 7240 0.0603105 80.3373 3.75099 80.3373 3.75099 2180 0 0.0391979
6.78598 10136 8688 0.0581025 1.51308 3.73332 1.51308 3.73332 2187 0 0.0389579
6.83933 11584 7240 0.0567484 1.08564 3.71266 1.08564 3.71266 2192 0 0.0391228
6.89268 10136 8688 0.0614037 1.5199 3.69569 1.5199 3.69569 2199 0 0.0390355
6.94627 11584 7240 0.0588642 1.08077 3.67552 1.08077 3.67552 2204 0 0.0391643
6.99998 10136 8688 0.0637586 1.50969 3.6589 1.50969 3.6589 2211 0 0.0391041
7.0007 11584 7240 0.0605375 80.3373 3.66679 80.3373 3.66679 2216 0 0.0392035
7.0543 10136 8688 0.0583796 1.51308 3.65043 1.51308 3.65043 2223 0 0.0389635
7.10717 11584 7240 0.0566996 1.09551 3.63143 1.09551 3.63143 2228 0 0.039122
7.16004 10136 8688 0.061291 1.53371 3.61594 1.53371 3.61594 2235 0 0.0390325
7.21315 11584 7240 0.0586793 1.09055 3.59734 1.09055 3.59734 2240 0 0.0391604
7.26698 10136 8688 0.0634297 1.50632 3.58185 1.50632 3.58185 2247 0 0.0390939
7.2677 11584 7240 0.0603171 80.3373 3.58947 80.3373 3.58947 2252 0 0.039198
7.32177 10136 8688 0.0583277 1.49963 3.57403 1.49963 3.57403 2259 0 0.0389625
7.37512 11584 7240 0.0568855 1.08564 3.55603 1.08564 3.55603 2264 0 0.0391253
7.42811 10136 8688 0.0615112 1.53023 3.54158 1.53023 3.54158 2271 0 0.0390384
7.48122 11584 7240 0.0588268 1.09055 3.52418 1.09055 3.52418 2276 0 0.0391635
7.53482 10136 8688 0.0635285 1.51308 3.50988 1.51308 3.50988 2283 0 0.0390969
7.53554 11584 7240 0.0603834 80.3373 3.51723 80.3373 3.51723 2288 0 0.0391997
7.58937 10136 8688 0.0582764 1.50632 3.50296 1.50632 3.50296 2295 0 0.0389614
7.64272 11584 7240 0.0567398 1.08564 3.48609 1.08564 3.48609 2300 0 0.0391227
7.69571 10136 8688 0.0613023 1.53023 3.47262 1.53023 3.47262 2307 0 0.0390328
7.74882 11584 7240 0.0586712 1.09055 3.45629 1.09055 3.45629 2312 0 0.0391602
7.80241 10136 8688 0.0636294 1.51308 3.44295 1.51308 3.44295 2319 0 0.0391001
7.80313 11584 7240 0.0603415 80.3373 3.45005 80.3373 3.45005 2324 0 0.0391986
7.85696 10136 8688 0.0582483 1.50632 3.43673 1.50632 3.43673 2331 0 0.0389608
7.91032 11584 7240 0.0568461 1.08564 3.42088 1.08564 3.42088 2336 0 0.0391246
7.96355 10136 8688 0.0614691 1.52333 3.40819 1.52333 3.40819 2343 0 0.0390372
8.0169 11584 7240 0.058783 1.08564 3.39274 1.08564 3.39274 2348 0 0.0391626
8.07049 10136 8688 0.0637043 1.51308 3.38026 1.51308 3.38026 2355 0 0.0391024
8.07121 11584 7240 0.0603917 80.3373 3.38713 80.3373 3.38713 2360 0 0.0391999
8.1248 10136 8688 0.0582819 1.51308 3.37477 1.51308 3.37477 2367 0 0.0389615
8.17791 11584 7240 0.0566342 1.09055 3.35993 1.09055 3.35993 2372 0 0.0391209
8.23078 10136 8688 0.0612178 1.53371 3.3482 1.53371 3.3482 2379 0 0.0390305
8.28401 11584 7240 0.058726 1.08809 3.33368 1.08809 3.33368 2384 0 0.0391614
8.33773 10136 8688 0.0635567 1.50969 3.32193 1.50969 3.32193 2391 0 0.0390978
8.33845 11584 7240 0.0603065 80.3373 3.32859 80.3373 3.32859 2396 0 0.0391978
8.39228 10136 8688 0.0583343 1.50632 3.3169 1.50632 3.3169 2403 0 0.0389626
8.44563 11584 7240 0.0567786 1.08564 3.30281 1.08564 3.30281 2408 0 0.0391234
8.4985 10136 8688 0.0613282 1.53371 3.2918 1.53371 3.2918 2415 0 0.0390335
8.55161 11584 7240 0.0585793 1.09055 3.27813 1.09055 3.27813 2420 0 0.0391582
8.60508 10136 8688 0.0635971 1.51648 3.26718 1.51648 3.26718 2427 0 0.0390991
8.6058 11584 7240 0.0603043 80.3373 3.27364 80.3373 3.27364 2432 0 0.0391977
8.65963 10136 8688 0.0582234 1.50632 3.26265 1.50632 3.26265 2439 0 0.0389603
8.71298 11584 7240 0.056595 1.08564 3.24932 1.08564 3.24932 2444 0 0.0391202
8.76622 10136 8688 0.0614259 1.52333 3.23884 1.52333 3.23884 2451 0 0.0390361
8.81957 11584 7240 0.0588654 1.08564 3.22582 1.08564 3.22582 2456 0 0.0391644
8.87304 10136 8688 0.0637887 1.51648 3.21552 1.51648 3.21552 2463 0 0.0391051
8.87376 11584 7240 0.0604327 80.3373 3.22178 80.3373 3.22178 2468 0 0.0392009
8.92759 10136 8688 0.0583094 1.50632 3.21144 1.50632 3.21144 2475 0 0.0389621
8.98094 11584 7240 0.0566526 1.08564 3.19881 1.08564 3.19881 2480 0 0.0391212
9.03405 10136 8688 0.0614645 1.52677 3.18898 1.52677 3.18898 2487 0 0.0390371
9.08716 11584 7240 0.0588913 1.09055 3.17672 1.09055 3.17672 2492 0 0.0391649
9.14075 10136 8688 0.0635717 1.51308 3.16696 1.51308 3.16696 2499 0 0.0390983
9.14148 11584 7240 0.0603166 80.3373 3.17305 80.3373 3.17305 2504 0 0.039198
9.19531 10136 8688 0.058341 1.50632 3.16329 1.50632 3.16329 2511 0 0.0389627
9.24866 11584 7240 0.0567831 1.08564 3.15131 1.08564 3.15131 2516 0 0.0391235
9.30177 10136 8688 0.0613313 1.52677 3.14203 1.52677 3.14203 2523 0 0.0390335
9.35488 11584 7240 0.0587864 1.09055 3.13038 1.09055 3.13038 2528 0 0.0391627
9.40847 10136 8688 0.0635971 1.51308 3.12117 1.51308 3.12117 2535 0 0.0390991
9.40919 11584 7240 0.0603199 80.3373 3.12709 80.3373 3.12709 2540 0 0.0391981
9.46302 10136 8688 0.0583589 1.50632 3.11787 1.50632 3.11787 2547 0 0.0389631
9.51637 11584 7240 0.0569201 1.08564 3.10647 1.08564 3.10647 2552 0 0.0391259
9.56949 10136 8688 0.061423 1.52677 3.09771 1.52677 3.09771 2559 0 0.039036
9.6226 11584 7240 0.0586428 1.09055 3.08663 1.09055 3.08663 2564 0 0.0391596
9.67619 10136 8688 0.0636396 1.51308 3.07791 1.51308 3.07791 2571 0 0.0391004
9.67691 11584 7240 0.0603328 80.3373 3.08367 80.3373 3.08367 2576 0 0.0391984
9.73074 10136 8688 0.0582425 1.50632 3.07494 1.50632 3.07494 2583 0 0.0389607
9.78409 11584 7240 0.0567327 1.08564 3.0641 1.08564 3.0641 2588 0 0.0391226
9.8372 10136 8688 0.0615182 1.52677 3.0558 1.52677 3.0558 2595 0 0.0390386
9.89031 11584 7240 0.0588315 1.09055 3.04524 1.09055 3.04524 2600 0 0.0391636
9.94378 10136 8688 0.0635317 1.51648 3.03702 1.51648 3.03702 2607 0 0.039097
9.9445 11584 7240 0.0603855 80.3373 3.04263 80.3373 3.04263 2612 0 0.0391997
9.9981 10136 8688 0.0581684 1.51308 3.03443 1.51308 3.03443 2619 0 0.0389592
10.0512 5792 7240 0.0571914 0.654331 3.02185 0.654331 3.02185 2622 0 0.0391774
10.1355 8688 2896 0.0664036 0.41241 3.00016 0.41241 3.00016 2625 0 0.0399768
10.1879 10136 5792 0.0647118 1.7689 2.99382 1.7689 2.99382 2633 0 0.0395166
10.2281 11584 7240 0.0579241 2.01275 2.98996 2.01275 2.98996 2640 0 0.0391448
10.2689 13032 8688 0.0566035 1.99066 2.986 1.99066 2.986 2647 0 0.0389298
10.3157 14480 10136 0.0522031 1.73034 2.98029 1.73034 2.98029 2654 0 0.0386834
10.3701 15928 11584 0.0568957 1.91956 2.97474 1.91956 2.97474 2663 0 0.0385553
10.371 17376 13032 0.0560018 108.455 2.98451 108.455 2.98451 2672 0 0.0383511
10.425 18824 14480 0.0550268 2.36181 2.98129 2.36181 2.98129 2683 0 0.0381478
10.4768 20272 15928 0.053699 2.46045 2.97872 2.46045 2.97872 2694 0 0.0379428
10.5235 21720 17376 0.0550178 3.22175 2.9798 3.22175 2.9798 2707 0 0.0377718
10.5694 24616 18824 0.050195 3.28079 2.9811 3.28079 2.9811 2720 0 0.0375576
10.6181 26064 21720 0.0530055 3.80858 2.9849 3.80858 2.9849 2736 0 0.0371873
10.6689 27512 23168 0.0556078 3.87442 2.98913 3.87442 2.98913 2753 0 0.0370343
10.7191 28960 24616 0.0524739 3.92077 2.9935 3.92077 2.9935 2770 0 0.036811
10.7683 30408 26064 0.056307 4.47846 3.00028 4.47846 3.00028 2789 0 0.0366751
10.8161 33304 27512 0.0512454 4.60224 3.00736 4.60224 3.00736 2808 0 0.0364497
10.8634 34752 30408 0.0548041 5.38301 3.01771 5.38301 3.01771 2830 0 0.0361005
10.9116 36200 31856 0.0549473 5.52945 3.0288 5.52945 3.0288 2853 0 0.0359194
10.9143 40544 33304 0.0500515 100.787 3.05248 100.787 3.05248 2876 0 0.0357393
10.963 46336 37648 0.0492118 6.41116 3.06743 6.41116 3.06743 2903 0 0.0352324
11.012 53576 43440 0.0490803 7.106 3.08536 7.106 3.08536 2933 0 0.0345644
11.0619 60816 50680 0.0499073 8.11098 3.10807 8.11098 3.10807 2968 0 0.0336773
11.1122 66608 57920 0.0522556 9.45597 3.13677 9.45597 3.13677 3009 0 0.0327614
11.1632 73848 63712 0.0513493 9.98073 3.16807 9.98073 3.16807 3053 0 0.0321129
11.2153 81088 70952 0.0521923 10.9095 3.20399 10.9095 3.20399 3102 0 0.0312623
11.2666 85432 78192 0.0542734 12.4175 3.24595 12.4175 3.24595 3157 0 0.0303455
11.3179 94120 82536 0.0516937 12.869 3.28957 12.869 3.28957 3214 0 0.0299754
11.3701 99912 91224 0.0548149 14.1837 3.33965 14.1837 3.33965 3278 0 0.0289011
11.4223 104256 97016 0.0554088 15.1049 3.39337 15.1049 3.39337 3346 0 0.0282176
11.4752 108600 101360 0.0554717 15.5562 3.44941 15.5562 3.44941 3417 0 0.0277351
11.5277 117288 105704 0.0530905 16.1042 3.50705 16.1042 3.50705 3490 0 0.0273832
11.5799 121632 114392 0.0555782 17.7296 3.57125 17.7296 3.57125 3570 0 0.0263115
11.6328 125976 118736 0.0559736 18.1854 3.63767 18.1854 3.63767 3653 0 0.025851
11.6859 136112 123080 0.0532859 18.5394 3.7054 18.5394 3.7054 3738 0 0.0255858
11.7393 139008 133216 0.0569808 20.1929 3.78033 20.1929 3.78033 3831 0 0.0243137
11.7942 147696 136112 0.0545915 19.8294 3.85505 19.8294 3.85505 3925 0 0.0241633
11.849 154936 144800 0.0552651 21.1414 3.93499 21.1414 3.93499 4025 0 0.0232214
11.9039 162176 152040 0.0556064 22.1499 4.01901 22.1499 4.01901 4130 0 0.0224999
11.9586 157832 159280 0.0603011 23.5185 4.10816 23.5185 4.10816 4241 0 0.0217853
12.0126 165072 154936 0.0552762 22.9229 4.19285 22.9229 4.19285 4348 0 0.0222077
12.0664 163624 162176 0.0591536 24.3708 4.28267 24.3708 4.28267 4461 0 0.0214291
12.0798 173760 160728 0.0544096 95.544 4.38434 95.544 4.38434 4572 0 0.0217665
12.134 185344 170864 0.0544861 25.4372 4.47837 25.4372 4.47837 4691 0 0.0208768
12.1892 194032 182448 0.0553494 26.4641 4.57785 26.4641 4.57785 4817 0 0.0196359
12.246 198376 191136 0.0571195 26.9037 4.68147 26.9037 4.68147 4949 0 0.01871
12.3039 199824 195480 0.0580552 27.0013 4.78653 27.0013 4.78653 5084 0 0.0182888
12.3611 202720 196928 0.0574708 27.7468 4.89277 27.7468 4.89277 5221 0 0.0181649
12.4183 205616 199824 0.0575459 27.9493 4.99896 27.9493 4.99896 5359 0 0.0179078
12.4757 207064 202720 0.0576863 28.2357 5.10594 28.2357 5.10594 5499 0 0.0176365
12.5331 209960 204168 0.0575154 28.497 5.21291 28.497 5.21291 5640 0 0.0175231
12.5907 211408 207064 0.0579928 28.9214 5.32152 28.9214 5.32152 5784 0 0.0172611
12.6491 212856 208512 0.0585579 28.7627 5.42974 28.7627 5.42974 5929 0 0.0171465
12.7068 214304 209960 0.0579591 29.1223 5.53728 29.1223 5.53728 6074 0 0.0170085
12.7652 215752 211408 0.058646 29.1595 5.64535 29.1595 5.64535 6221 0 0.0168974
12.8238 214304 212856 0.0588551 29.04 5.75232 29.04 5.75232 6368 0 0.016777
12.8831 211408 211408 0.0594908 28.7454 5.85805 28.7454 5.85805 6515 0 0.0169335
12.9414 212856 208512 0.0585744 28.6233 5.96057 28.6233 5.96057 6659 0 0.0171468
12.9995 214304 209960 0.0584714 28.8816 6.06311 28.8816 6.06311 6804 0 0.0170189
13.0579 215752 211408 0.0584998 29.1595 6.1664 29.1595 6.1664 6951 0 0.0168943
13.1168 214304 212856 0.0591415 28.9214 6.26855 28.9214 6.26855 7098 0 0.0167833
13.1758 212856 211408 0.0592154 28.8625 6.36972 28.8625 6.36972 7245 0 0.0169098
13.2342 214304 209960 0.058585 28.7627 6.46853 28.7627 6.46853 7390 0 0.0170213
13.2923 215752 211408 0.0585039 29.28 6.56834 29.28 6.56834 7537 0 0.0168944
13.3507 217200 212856 0.0586724 29.1595 6.66715 29.1595 6.66715 7684 0 0.0167731
13.4096 215752 214304 0.0590513 29.3149 6.76659 29.3149 6.76659 7833 0 0.016657
13.4684 214304 212856 0.0590007 28.9806 6.86351 28.9806 6.86351 7980 0 0.0167802
13.5269 215752 211408 0.0587284 29.0996 6.9597 29.0996 6.9597 8127 0 0.0168991
13.5848 217200 212856 0.0581534 29.4015 7.05538 29.4015 7.05538 8274 0 0.0167623
13.6432 218648 214304 0.0586634 29.5562 7.15169 29.5562 7.15169 8423 0 0.0166486
13.7019 217200 215752 0.0588517 29.4351 7.24705 29.4351 7.24705 8572 0 0.0165288
13.7609 214304 214304 0.0592249 29.2552 7.34141 29.2552 7.34141 8721 0 0.0166783
13.8191 215752 211408 0.0585197 29.0208 7.43284 29.0208 7.43284 8867 0 0.0168947
13.877 217200 212856 0.0582597 29.4015 7.52452 29.4015 7.52452 9014 0 0.0167645
13.9354 218648 214304 0.0587169 29.5562 7.61685 29.5562 7.61685 9163 0 0.0166497
13.9941 217200 215752 0.0588597 29.4351 7.70827 29.4351 7.70827 9312 0 0.0165289
14.0531 214304 214304 0.0593401 29.2552 7.79873 29.2552 7.79873 9461 0 0.0166809
14.1115 215752 211408 0.0586883 28.9611 7.88631 28.9611 7.88631 9607 0 0.0168983
14.1692 217200 212856 0.0578982 29.524 7.97439 29.524 7.97439 9754 0 0.0167572
14.2276 218648 214304 0.0587991 29.5562 8.06297 29.5562 8.06297 9903 0 0.0166515
14.2862 220096 215752 0.0588093 29.4351 8.15069 29.4351 8.15069 10052 0 0.0165278
14.3454 215752 217200 0.0595998 29.5276 8.23897 29.5276 8.23897 10203 0 0.0164687
14.4038 217200 212856 0.0586377 29.1595 8.32379 29.1595 8.32379 10350 0 0.0167724
14.4617 218648 214304 0.0582571 29.8015 8.4098 29.8015 8.4098 10499 0 0.0166401
14.5199 220096 215752 0.0582522 29.6783 8.49499 29.6783 8.49499 10648 0 0.0165161
14.5788 217200 217200 0.0592175 29.7084 8.58066 29.7084 8.58066 10799 0 0.0164309
14.6378 215752 214304 0.0591985 29.0589 8.6632 29.0589 8.6632 10947 0 0.0166603
14.6961 217200 212856 0.058519 29.2196 8.74472 29.2196 8.74472 11094 0 0.0167699
14.7542 218648 214304 0.0585456 29.6783 8.82723 29.6783 8.82723 11243 0 0.0166461
14.8126 220096 215752 0.0586546 29.5562 8.90896 29.5562 8.90896 11392 0 0.0165245
14.8717 217200 217200 0.0595011 29.5877 8.99116 29.5877 8.99116 11543 0 0.0164373
14.9306 215752 214304 0.0590431 29.1182 9.07053 29.1182 9.07053 11691 0 0.0166568
14.9888 217200 212856 0.0584043 29.28 9.14894 29.28 9.14894 11838 0 0.0167675
15.0467 218648 214304 0.0582761 29.8015 9.22844 29.8015 9.22844 11987 0 0.0166405
15.1048 220096 215752 0.058308 29.6783 9.30718 29.6783 9.30718 12136 0 0.0165172
15.1637 217200 217200 0.0593453 29.7084 9.38639 29.7084 9.38639 12287 0 0.0164338
15.2224 218648 214304 0.058802 29.2375 9.46286 29.2375 9.46286 12435 0 0.0166516
15.2804 220096 215752 0.0582949 29.7398 9.53987 29.7398 9.53987 12584 0 0.016517
15.3386 221544 217200 0.0586913 30.0767 9.61774 30.0767 9.61774 12735 0 0.0164019
15.397 222992 218648 0.0585161 29.9529 9.69487 29.9529 9.69487 12886 0 0.0162752
15.4556 221544 220096 0.0591654 30.2253 9.77276 30.2253 9.77276 13039 0 0.0161668
15.5142 220096 218648 0.0588742 29.8302 9.84857 29.8302 9.84857 13190 0 0.0162829
15.5726 218648 217200 0.0589693 29.9529 9.92396 29.9529 9.92396 13341 0 0.0164079
15.6305 220096 215752 0.0582066 29.8015 9.99762 29.8015 9.99762 13490 0 0.0165152
15.6885 221544 217200 0.0584784 30.2015 10.0722 30.2015 10.0722 13641 0 0.0163974
15.7466 222992 218648 0.0583558 30.0767 10.1461 30.0767 10.1461 13792 0 0.0162719
15.8051 221544 220096 0.0591311 30.2873 10.2207 30.2873 10.2207 13945 0 0.0161661
15.8638 220096 218648 0.0589364 29.8302 10.2931 29.8302 10.2931 14096 0 0.0162842
15.9222 218648 217200 0.0590654 29.9529 10.3652 29.9529 10.3652 14247 0 0.01641
15.9801 220096 215752 0.058241 29.8015 10.4357 29.8015 10.4357 14396 0 0.0165159
16.0379 221544 217200 0.0585573 30.2643 10.5071 30.2643 10.5071 14547 0 0.016399
16.0962 222992 218648 0.058437 30.0147 10.5778 30.0147 10.5778 14698 0 0.0162736
16.1546 220096 220096 0.0593632 30.3497 10.6493 30.3497 10.6493 14851 0 0.0161888
16.2124 221544 217200 0.0580696 30.0639 10.7185 30.0639 10.7185 15001 0 0.016389
16.27 222992 218648 0.057977 30.3273 10.788 30.3273 10.788 15152 0 0.0162642
16.3282 221544 220096 0.0591117 30.4751 10.8581 30.4751 10.8581 15305 0 0.0161656
16.3861 222992 218648 0.058262 30.2015 10.9265 30.2015 10.9265 15456 0 0.01627
16.444 221544 220096 0.0591682 30.6015 10.9958 30.6015 10.9958 15609 0 0.0161669
16.5019 222992 218648 0.0580826 30.2015 11.0632 30.2015 11.0632 15760 0 0.0162663
16.5597 221544 220096 0.0591035 30.6651 11.1316 30.6651 11.1316 15913 0 0.0161655
16.6177 222992 218648 0.0580315 30.2015 11.1981 30.2015 11.1981 16064 0 0.0162653
16.6759 220096 220096 0.0595342 30.4122 11.2652 30.4122 11.2652 16217 0 0.0161927
16.7335 221544 217200 0.0580658 30.1894 11.3303 30.1894 11.3303 16367 0 0.0163889
16.7909 224440 218648 0.057465 30.4542 11.3957 30.4542 11.3957 16518 0 0.0162717
16.8486 221544 221544 0.0594102 30.9299 11.4626 30.9299 11.4626 16672 0 0.0160678
16.9063 218648 218648 0.0595319 30.5282 11.5276 30.5282 11.5276 16824 0 0.0163151
16.9637 217200 215752 0.0590488 30.2526 11.591 30.2526 11.591 16974 0 0.0165331
17.0214 214304 214304 0.0592865 29.9257 11.6531 29.9257 11.6531 17123 0 0.0166797
17.079 215752 211408 0.0577171 29.3843 11.7129 29.3843 11.7129 17269 0 0.0168784
17.1365 217200 212856 0.0577822 29.5856 11.7729 29.5856 11.7729 17416 0 0.0167549
17.1947 211408 214304 0.060122 29.6783 11.8335 29.6783 11.8335 17565 0 0.0167692
17.2532 212856 208512 0.0585884 28.5057 11.89 28.5057 11.89 17709 0 0.0171471
17.3107 214304 209960 0.0581372 29.1831 11.9475 29.1831 11.9475 17854 0 0.0170121
17.3689 208512 211408 0.0606523 29.28 12.0056 29.28 12.0056 18001 0 0.0170315
17.4268 209960 205616 0.0583101 28.4014 12.0601 28.4014 12.0601 18143 0 0.0173942
17.4844 211408 207064 0.0576701 28.7806 12.1151 28.7806 12.1151 18286 0 0.0172547
17.5422 202720 208512 0.0614632 29.0617 12.1709 29.0617 12.1709 18431 0 0.0174201
17.6001 204168 199824 0.0581834 27.6014 12.2217 27.6014 12.2217 18569 0 0.017903
17.6569 207064 201272 0.0572977 28.3304 12.2736 28.3304 12.2736 18708 0 0.0177746
17.7146 196928 204168 0.061968 28.5198 12.3265 28.5198 12.3265 18850 0 0.0178897
17.7728 186792 194032 0.0625482 26.8898 12.3741 26.8898 12.3741 18985 0 0.0188093
17.8302 189688 183896 0.0575139 25.6138 12.4168 25.6138 12.4168 19112 0 0.0193519
17.8863 179552 186792 0.0621073 26.8365 12.462 26.8365 12.462 19242 0 0.0194556
17.943 170864 176656 0.0617627 25.1224 12.502 25.1224 12.502 19365 0 0.0203124
17.9577 178104 167968 0.0559526 91.6636 12.5667 91.6636 12.5667 19481 0 0.0209479
18.0138 183896 175208 0.0563638 24.9785 12.6053 24.9785 12.6053 19602 0 0.0202129
18.0715 185344 181000 0.0578968 25.3063 12.6459 25.3063 12.6459 19728 0 0.0196105
18.13 186792 182448 0.0587232 25.1405 12.6862 25.1405 12.6862 19855 0 0.019493
18.1879 188240 183896 0.0580559 25.4013 12.7267 25.4013 12.7267 19982 0 0.019345
18.2465 186792 185344 0.0589452 25.4841 12.7677 25.4841 12.7677 20111 0 0.01923
18.3046 188240 183896 0.0582398 25.3487 12.8076 25.3487 12.8076 20238 0 0.0193487
18.3632 189688 185344 0.0588711 25.4841 12.848 25.4841 12.848 20367 0 0.0192284
18.422 188240 186792 0.0589999 25.4319 12.8882 25.4319 12.8882 20496 0 0.019098
18.48 189688 185344 0.0583103 25.7479 12.9286 25.7479 12.9286 20625 0 0.0192165
18.5377 191136 186792 0.057908 25.9088 12.9689 25.9088 12.9689 20754 0 0.0190752
18.5961 192584 188240 0.0586311 25.9857 13.0098 25.9857 13.0098 20885 0 0.0189573
18.6536 194032 189688 0.057833 26.3654 13.051 26.3654 13.051 21016 0 0.0188087
18.7122 195480 191136 0.0587516 26.3282 13.0926 26.3282 13.0926 21149 0 0.0186958
18.7706 196928 192584 0.0587062 26.3824 13.1339 26.3824 13.1339 21282 0 0.0185635
18.8297 194032 194032 0.0593412 26.4525 13.1757 26.4525 13.1757 21417 0 0.0184641
18.8883 192584 191136 0.0588786 26.0767 13.2158 26.0767 13.2158 21549 0 0.0186986
18.9465 194032 189688 0.0583862 26.093 13.2553 26.093 13.2553 21680 0 0.0188199
19.005 195480 191136 0.0587281 26.3282 13.2955 26.3282 13.2955 21813 0 0.0186953
19.0636 196928 192584 0.0588323 26.2743 13.3355 26.2743 13.3355 21946 0 0.0185663
19.1228 194032 194032 0.059401 26.4525 13.376 26.4525 13.376 22081 0 0.0184655
19.1813 195480 191136 0.058771 26.1303 13.4149 26.1303 13.4149 22213 0 0.0186963
19.2392 196928 192584 0.0580838 26.6013 13.4546 26.6013 13.4546 22346 0 0.0185506
19.2977 198376 194032 0.0588235 26.7241 13.4949 26.7241 13.4949 22481 0 0.0184352
19.3563 196928 195480 0.0588875 26.6694 13.5348 26.6694 13.5348 22616 0 0.0183062
19.4153 195480 194032 0.0592729 26.5064 13.5742 26.5064 13.5742 22751 0 0.0184451
19.4736 196928 192584 0.0585069 26.4368 13.6127 26.4368 13.6127 22884 0 0.0185593
19.532 198376 194032 0.0587128 26.7791 13.6521 26.7791 13.6521 23019 0 0.0184328
19.5904 199824 195480 0.0586365 26.7791 13.6912 26.7791 13.6912 23154 0 0.0183008
19.6495 196928 196928 0.0594312 26.8444 13.7308 26.8444 13.7308 23291 0 0.0182059
19.7082 198376 194032 0.0588151 26.4718 13.7687 26.4718 13.7687 23425 0 0.018435
19.7662 199824 195480 0.0583561 26.9454 13.8074 26.9454 13.8074 23560 0 0.0182949
19.8246 201272 196928 0.0586771 27.1758 13.8467 27.1758 13.8467 23697 0 0.0181717
19.8832 199824 198376 0.0589574 27.0645 13.8857 27.0645 13.8857 23834 0 0.0180483
19.9421 198376 196928 0.0590507 26.954 13.9243 26.954 13.9243 23971 0 0.0181798
20.0003 199824 195480 0.0585418 26.8898 13.962 26.8898 13.962 24106 0 0.0182988
20.0512 5792 196928 0.0591946 18.417 13.9733 18.417 13.9733 24187 0 0.122756
20.1428 176656 2896 0.045253 0.505877 13.9121 0.505877 13.9121 24191 0 0.120718
20.2005 191136 173760 0.0488863 24.8901 13.9434 24.8901 13.9434 24315 0 0.0207699
20.2554 156384 188240 0.0684542 27.4237 13.98 27.4237 13.98 24445 0 0.0226116
20.2711 149144 153488 0.0564024 78.607 14.0298 78.607 14.0298 24551 0 0.0223688
20.3226 152040 146248 0.0518222 22.6967 14.0518 22.6967 14.0518 24652 0 0.0229147
20.3721 162176 149144 0.0497221 24.3352 14.0768 24.3352 14.0768 24756 0 0.022874
20.4224 169416 159280 0.0505627 25.6003 14.1051 25.6003 14.1051 24867 0 0.0217337
20.4769 165072 166520 0.0547235 24.4197 14.1326 24.4197 14.1326 24982 0 0.0209759
20.5333 156384 162176 0.0567117 23.2276 14.1575 23.2276 14.1575 25095 0 0.0215844
20.5883 152040 153488 0.055271 22.312 14.1793 22.312 14.1793 25201 0 0.0222578
20.6418 153488 149144 0.053689 22.3139 14.2004 22.3139 14.2004 25304 0 0.0226239
20.6956 152040 150592 0.054025 22.5949 14.2222 22.5949 14.2222 25409 0 0.022483
20.7504 147696 149144 0.0550181 21.7756 14.2422 21.7756 14.2422 25512 0 0.0226874
20.8058 143352 144800 0.0556656 21.1212 14.2605 21.1212 14.2605 25613 0 0.0231342
20.8606 139008 140456 0.0550109 20.5072 14.2769 20.5072 14.2769 25710 0 0.0235661
20.9152 134664 136112 0.0549912 20.1285 14.2922 20.1285 14.2922 25805 0 0.0240115
20.9698 131768 131768 0.0547041 19.3234 14.3053 19.3234 14.3053 25896 0 0.0244284
21.0248 127424 128872 0.0552232 18.9442 14.3174 18.9442 14.3174 25986 0 0.024767
21.1248 114392 124528 0.0610012 10.0808 14.2974 10.0808 14.2974 26073 0 0.0257601
21.1351 110048 111496 0.0553679 86.3159 14.3326 86.3159 14.3326 26150 0 0.0266218
21.2345 98464 107152 0.0603883 8.74288 14.3064 8.74288 14.3064 26225 0 0.027515
21.2434 99912 95568 0.0540978 85.9827 14.3364 85.9827 14.3364 26291 0 0.0283154
21.2975 98464 97016 0.054309 14.3536 14.3365 14.3536 14.3365 26358 0 0.028156
21.3527 95568 95568 0.0556106 14.0416 14.3357 14.0416 14.3357 26425 0 0.0283536
21.4089 91224 92672 0.0562191 13.2118 14.3328 13.2118 14.3328 26489 0 0.0287179
21.4656 86880 88328 0.0569722 12.4591 14.3278 12.4591 14.3278 26550 0 0.0292227
21.571 76744 83984 0.062841 6.48561 14.2895 6.48561 14.2895 26609 0 0.0300915
21.5779 73848 73848 0.0562252 84.7697 14.3123 84.7697 14.3123 26660 0 0.0308505
21.684 63712 70952 0.0629637 5.45894 14.269 5.45894 14.269 26710 0 0.0316084
21.7415 56472 60816 0.0625421 8.6724 14.2542 8.6724 14.2542 26753 0 0.0326592
21.7465 53576 53576 0.0571473 84.928 14.2706 84.928 14.2706 26790 0 0.0332824
21.8547 47784 50680 0.0628229 3.85619 14.219 3.85619 14.219 26826 0 0.033841
21.912 41992 44888 0.0637611 6.46741 14.1988 6.46741 14.1988 26858 0 0.0345804
21.971 36200 39096 0.0646733 5.49763 14.1754 5.49763 14.1754 26886 0 0.0353282
22.0337 30408 33304 0.0670652 4.4324 14.1477 4.4324 14.1477 26910 0 0.0361394
22.0967 24616 27512 0.070916 3.67957 14.1178 3.67957 14.1178 26930 0 0.0370342
22.159 18824 21720 0.0723714 2.97202 14.0865 2.97202 14.0865 26946 0 0.0378436
22.2207 14480 15928 0.0730637 2.25508 14.0537 2.25508 14.0537 26958 0 0.0385851
22.2827 11584 11584 0.0741961 1.68148 14.0192 1.68148 14.0192 26967 0 0.0391799
22.2836 10136 8688 0.0690654 72.3036 14.0217 72.3036 14.0217 26973 0 0.0392996
22.3468 11584 7240 0.0671591 0.916395 13.9847 0.916395 13.9847 26978 0 0.0394134
22.4105 10136 8688 0.0721456 1.27327 13.9486 1.27327 13.9486 26985 0 0.0394388
22.4744 11584 7240 0.0694569 0.90606 13.9115 0.90606 13.9115 26990 0 0.0395067
22.538 10136 8688 0.0745463 1.27568 13.8758 1.27568 13.8758 26997 0 0.0395605
22.6018 11584 7240 0.0710652 0.907766 13.8392 0.907766 13.8392 27002 0 0.0395783
22.6657 10136 8688 0.0766081 1.26848 13.8038 1.26848 13.8038 27009 0 0.0396742
22.6665 11584 7240 0.0724465 80.3373 13.8059 80.3373 13.8059 27014 0 0.0396439
22.7309 10136 8688 0.0698636 1.25902 13.7703 1.25902 13.7703 27021 0 0.0393338
22.7948 11584 7240 0.0680238 0.90606 13.7342 0.90606 13.7342 27026 0 0.0394473
22.8593 10136 8688 0.0739164 1.25667 13.699 1.25667 13.699 27033 0 0.0395275
22.9237 11584 7240 0.0707389 0.899298 13.6631 0.899298 13.6631 27038 0 0.0395634
22.9876 10136 8688 0.0766239 1.26848 13.6286 1.26848 13.6286 27045 0 0.0396751
22.9884 11584 7240 0.0725664 80.3373 13.6307 80.3373 13.6307 27050 0 0.0396498
23.0524 10136 8688 0.0698482 1.2661 13.5963 1.2661 13.5963 27057 0 0.0393332
23.1165 11584 7240 0.0680272 0.90436 13.5612 0.90436 13.5612 27062 0 0.0394474
23.1809 10136 8688 0.0736979 1.25902 13.527 1.25902 13.527 27069 0 0.0395162
23.245 11584 7240 0.0708269 0.902667 13.4921 0.902667 13.4921 27074 0 0.0395674
23.3093 10136 8688 0.0766692 1.26137 13.4584 1.26137 13.4584 27081 0 0.0396777
23.31 11584 7240 0.0726124 80.3373 13.4605 80.3373 13.4605 27086 0 0.0396521
23.3742 10136 8688 0.0698946 1.26373 13.427 1.26373 13.427 27093 0 0.0393352
23.4384 11584 7240 0.0681833 0.902667 13.3927 0.902667 13.3927 27098 0 0.0394537
23.503 10136 8688 0.0739275 1.25434 13.3593 1.25434 13.3593 27105 0 0.039528
23.5671 11584 7240 0.0709807 0.90436 13.3255 0.90436 13.3255 27110 0 0.0395744
23.6311 10136 8688 0.0766765 1.2661 13.2928 1.2661 13.2928 27117 0 0.0396782
23.6318 11584 7240 0.0724923 80.3373 13.2948 80.3373 13.2948 27122 0 0.0396462
23.696 10136 8688 0.0696892 1.26373 13.2623 1.26373 13.2623 27129 0 0.0393262
23.7603 11584 7240 0.0681414 0.900979 13.2288 0.900979 13.2288 27134 0 0.039452
23.8247 10136 8688 0.0738701 1.25902 13.1965 1.25902 13.1965 27141 0 0.0395251
23.8885 11584 7240 0.0707216 0.907766 13.1636 0.907766 13.1636 27146 0 0.0395626
23.9523 10136 8688 0.0763779 1.27087 13.132 1.27087 13.132 27153 0 0.0396611
23.953 11584 7240 0.0724172 80.3373 13.134 80.3373 13.134 27158 0 0.0396425
24.0168 10136 8688 0.0696389 1.27087 13.1025 1.27087 13.1025 27165 0 0.0393241
24.0809 11584 7240 0.0677776 0.90436 13.07 0.90436 13.07 27170 0 0.0394375
24.1453 10136 8688 0.0737514 1.25902 13.0385 1.25902 13.0385 27177 0 0.0395189
24.2094 11584 7240 0.0706284 0.902667 13.0063 0.902667 13.0063 27182 0 0.0395584
24.2737 10136 8688 0.0764405 1.26137 12.9752 1.26137 12.9752 27189 0 0.0396647
24.2744 11584 7240 0.0725685 80.3373 12.9772 80.3373 12.9772 27194 0 0.0396499
24.3386 10136 8688 0.0699453 1.26373 12.9464 1.26373 12.9464 27201 0 0.0393374
24.4028 11584 7240 0.0679829 0.902667 12.9147 0.902667 12.9147 27206 0 0.0394456
24.4674 10136 8688 0.0739983 1.25434 12.8839 1.25434 12.8839 27213 0 0.0395317
24.5313 11584 7240 0.0707938 0.90606 12.8527 0.90606 12.8527 27218 0 0.0395659
24.5954 10136 8688 0.0765513 1.2661 12.8225 1.2661 12.8225 27225 0 0.039671
24.5961 11584 7240 0.0725334 80.3373 12.8245 80.3373 12.8245 27230 0 0.0396482
24.66 10136 8688 0.0698417 1.26848 12.7945 1.26848 12.7945 27237 0 0.0393329
24.7242 11584 7240 0.0680385 0.902667 12.7637 0.902667 12.7637 27242 0 0.0394479
24.7886 10136 8688 0.0738305 1.25902 12.7338 1.25902 12.7338 27249 0 0.039523
24.8526 11584 7240 0.070695 0.90436 12.7033 0.90436 12.7033 27254 0 0.0395614
24.9167 10136 8688 0.0764695 1.2661 12.6739 1.2661 12.6739 27261 0 0.0396663
24.9174 11584 7240 0.072463 80.3373 12.6758 80.3373 12.6758 27266 0 0.0396448
24.9813 10136 8688 0.0697789 1.26848 12.6467 1.26848 12.6467 27273 0 0.0393301
25.0455 11584 7240 0.0679808 0.902667 12.6166 0.902667 12.6166 27278 0 0.0394455
25.1099 10136 8688 0.0736668 1.25902 12.5874 1.25902 12.5874 27285 0 0.0395146
25.1741 11584 7240 0.0708061 0.902667 12.5577 0.902667 12.5577 27290 0 0.0395664
25.2384 10136 8688 0.0766552 1.26137 12.5289 1.26137 12.5289 27297 0 0.0396769
25.2391 11584 7240 0.072603 80.3373 12.5308 80.3373 12.5308 27302 0 0.0396516
25.3032 10136 8688 0.0699977 1.26373 12.5022 1.26373 12.5022 27309 0 0.0393397
25.3672 11584 7240 0.068018 0.90606 12.473 0.90606 12.473 27314 0 0.039447
25.4313 10136 8688 0.0738168 1.26373 12.4447 1.26373 12.4447 27321 0 0.0395223
25.4953 11584 7240 0.0705765 0.90606 12.4158 0.90606 12.4158 27326 0 0.039556
25.5597 10136 8688 0.0764057 1.25902 12.3877 1.25902 12.3877 27333 0 0.0396627
25.5604 11584 7240 0.0725452 80.3373 12.3896 80.3373 12.3896 27338 0 0.0396488
25.6248 10136 8688 0.0699297 1.25902 12.3616 1.25902 12.3616 27345 0 0.0393367
25.6892 11584 7240 0.0681931 0.899298 12.3329 0.899298 12.3329 27350 0 0.0394541
25.7536 10136 8688 0.0740298 1.25902 12.3052 1.25902 12.3052 27357 0 0.0395334
25.8172 11584 7240 0.0708285 0.911198 12.2772 0.911198 12.2772 27362 0 0.0395675
25.881 10136 8688 0.0763246 1.27087 12.25 1.27087 12.25 27369 0 0.0396581
25.8817 11584 7240 0.0722565 80.3373 12.2519 80.3373 12.2519 27374 0 0.0396347
25.9456 10136 8688 0.0696269 1.26848 12.2249 1.26848 12.2249 27381 0 0.0393235
26.0098 11584 7240 0.0677696 0.902667 12.1969 0.902667 12.1969 27386 0 0.0394372
26.0744 10136 8688 0.0738554 1.25434 12.1698 1.25434 12.1698 27393 0 0.0395243
26.1386 11584 7240 0.0706981 0.902667 12.1421 0.902667 12.1421 27398 0 0.0395615
26.2026 10136 8688 0.0765965 1.2661 12.1156 1.2661 12.1156 27405 0 0.0396736
26.2034 11584 7240 0.0725481 80.3373 12.1174 80.3373 12.1174 27410 0 0.0396489
26.2673 10136 8688 0.0698359 1.26848 12.091 1.26848 12.091 27417 0 0.0393326
26.3315 11584 7240 0.068019 0.902667 12.0638 0.902667 12.0638 27422 0 0.0394471
26.3959 10136 8688 0.0736924 1.25902 12.0374 1.25902 12.0374 27429 0 0.0395159
26.4599 11584 7240 0.0706982 0.90436 12.0105 0.90436 12.0105 27434 0 0.0395615
26.5242 10136 8688 0.076583 1.26137 11.9844 1.26137 11.9844 27441 0 0.0396728
26.5249 11584 7240 0.0725253 80.3373 11.9863 80.3373 11.9863 27446 0 0.0396478
26.5891 10136 8688 0.0698363 1.26373 11.9604 1.26373 11.9604 27453 0 0.0393326
26.6535 11584 7240 0.0682399 0.899298 11.9337 0.899298 11.9337 27458 0 0.039456
26.7181 10136 8688 0.0739654 1.25434 11.9078 1.25434 11.9078 27465 0 0.03953
26.7822 11584 7240 0.0710061 0.90436 11.8815 0.90436 11.8815 27470 0 0.0395756
26.8462 10136 8688 0.0766936 1.2661 11.8562 1.2661 11.8562 27477 0 0.0396791
26.8469 11584 7240 0.0725037 80.3373 11.858 80.3373 11.858 27482 0 0.0396467
26.9109 10136 8688 0.0696968 1.26848 11.8329 1.26848 11.8329 27489 0 0.0393266
26.9752 11584 7240 0.0680371 0.900979 11.8068 0.900979 11.8068 27494 0 0.0394478
27.0398 10136 8688 0.0739253 1.25434 11.7816 1.25434 11.7816 27501 0 0.0395279
27.1038 11584 7240 0.0708542 0.90436 11.7559 0.90436 11.7559 27506 0 0.0395686
27.1678 10136 8688 0.0765625 1.26848 11.7312 1.26848 11.7312 27513 0 0.0396716
27.1685 11584 7240 0.0725116 80.3373 11.733 80.3373 11.733 27518 0 0.0396471
27.2322 10136 8688 0.0695927 1.27327 11.7086 1.27327 11.7086 27525 0 0.0393221
27.2961 11584 7240 0.0678717 0.90606 11.6833 0.90606 11.6833 27530 0 0.0394412
27.3604 10136 8688 0.0737187 1.26137 11.6588 1.26137 11.6588 27537 0 0.0395173
27.4246 11584 7240 0.0705108 0.902667 11.6336 0.902667 11.6336 27542 0 0.0395531
27.4891 10136 8688 0.0765961 1.25667 11.6093 1.25667 11.6093 27549 0 0.0396735
27.4898 11584 7240 0.0726435 80.3373 11.6111 80.3373 11.6111 27554 0 0.0396536
27.554 10136 8688 0.0697905 1.26373 11.587 1.26373 11.587 27561 0 0.0393306
27.618 11584 7240 0.0680999 0.90436 11.5622 0.90436 11.5622 27566 0 0.0394503
27.6822 10136 8688 0.0738579 1.26373 11.5383 1.26373 11.5383 27573 0 0.0395244
27.7459 11584 7240 0.070604 0.909479 11.5139 0.909479 11.5139 27578 0 0.0395573
27.81 10136 8688 0.0764242 1.26373 11.4903 1.26373 11.4903 27585 0 0.0396637
27.8107 11584 7240 0.0724189 80.3373 11.4921 80.3373 11.4921 27590 0 0.0396426
27.875 10136 8688 0.069765 1.26137 11.4685 1.26137 11.4685 27597 0 0.0393295
27.9396 11584 7240 0.0681922 0.897624 11.444 0.897624 11.444 27602 0 0.039454
28.0042 10136 8688 0.0739334 1.25434 11.4205 1.25434 11.4205 27609 0 0.0395284
28.068 11584 7240 0.0709847 0.907766 11.3966 0.907766 11.3966 27614 0 0.0395746
28.1317 10136 8688 0.0765542 1.27327 11.3737 1.27327 11.3737 27621 0 0.0396712
28.1324 11584 7240 0.0723146 80.3373 11.3755 80.3373 11.3755 27626 0 0.0396375
28.1961 10136 8688 0.0695702 1.27327 11.3527 1.27327 11.3527 27633 0 0.0393211
28.2603 11584 7240 0.0679659 0.902667 11.3289 0.902667 11.3289 27638 0 0.039445
28.3248 10136 8688 0.0736569 1.25667 11.306 1.25667 11.306 27645 0 0.0395141
28.389 11584 7240 0.0706744 0.902667 11.2825 0.902667 11.2825 27650 0 0.0395604
28.4531 10136 8688 0.076567 1.26373 11.2599 1.26373 11.2599 27657 0 0.0396719
28.4538 11584 7240 0.0725146 80.3373 11.2616 80.3373 11.2616 27662 0 0.0396473
28.518 10136 8688 0.0698291 1.26373 11.2391 1.26373 11.2391 27669 0 0.0393323
28.5822 11584 7240 0.0681258 0.902667 11.2159 0.902667 11.2159 27674 0 0.0394514
28.6466 10136 8688 0.0738889 1.25902 11.1935 1.25902 11.1935 27681 0 0.039526
28.7103 11584 7240 0.0707342 0.909479 11.1707 0.909479 11.1707 27686 0 0.0395632
28.7743 10136 8688 0.0763864 1.2661 11.1487 1.2661 11.1487 27693 0 0.0396616
28.775 11584 7240 0.0724229 80.3373 11.1504 80.3373 11.1504 27698 0 0.0396428
28.8391 10136 8688 0.0697677 1.2661 11.1285 1.2661 11.1285 27705 0 0.0393296
28.9032 11584 7240 0.0680983 0.902667 11.1058 0.902667 11.1058 27710 0 0.0394503
28.9676 10136 8688 0.0737455 1.25902 11.0839 1.25902 11.0839 27717 0 0.0395186
29.0315 11584 7240 0.0706381 0.907766 11.0615 0.907766 11.0615 27722 0 0.0395588
29.0955 10136 8688 0.076322 1.2661 11.0399 1.2661 11.0399 27729 0 0.0396579
29.0962 11584 7240 0.0723798 80.3373 11.0417 80.3373 11.0417 27734 0 0.0396407
29.1604 10136 8688 0.0698482 1.26373 11.0201 1.26373 11.0201 27741 0 0.0393332
29.2246 11584 7240 0.0680272 0.902667 10.9979 0.902667 10.9979 27746 0 0.0394474
29.2888 10136 8688 0.0736979 1.26137 10.9766 1.26137 10.9766 27753 0 0.0395162
29.3528 11584 7240 0.0707019 0.90606 10.9546 0.90606 10.9546 27758 0 0.0395617
29.4168 10136 8688 0.0764605 1.2661 10.9335 1.2661 10.9335 27765 0 0.0396658
29.4175 11584 7240 0.0724432 80.3373 10.9352 80.3373 10.9352 27770 0 0.0396438
29.4817 10136 8688 0.069752 1.26373 10.9142 1.26373 10.9142 27777 0 0.039329
29.5459 11584 7240 0.0678534 0.902667 10.8924 0.902667 10.8924 27782 0 0.0394405
29.6103 10136 8688 0.0739116 1.25902 10.8715 1.25902 10.8715 27789 0 0.0395272
29.6739 11584 7240 0.0706107 0.909479 10.8501 0.909479 10.8501 27794 0 0.0395576
29.738 10136 8688 0.0763036 1.2661 10.8295 1.2661 10.8295 27801 0 0.0396569
29.7387 11584 7240 0.0723382 80.3373 10.8312 80.3373 10.8312 27806 0 0.0396387
29.8028 10136 8688 0.0696816 1.2661 10.8106 1.2661 10.8106 27813 0 0.0393259
29.8669 11584 7240 0.0679019 0.902667 10.7893 0.902667 10.7893 27818 0 0.0394424
29.9313 10136 8688 0.0738347 1.25902 10.7688 1.25902 10.7688 27825 0 0.0395232
29.9951 11584 7240 0.0706842 0.907766 10.7478 0.907766 10.7478 27830 0 0.0395609
30.0592 5792 8688 0.0764779 1.2661 10.7276 1.2661 10.7276 27837 0 0.0397542
30.1123 10136 2896 0.0699393 0.872442 10.7102 0.872442 10.7102 27841 0 0.0401485
30.2067 11584 7240 0.0739574 1.10489 10.6802 1.10489 10.6802 27850 0 0.0397201
30.2715 13032 8688 0.0840574 1.24969 10.66 1.24969 10.66 27857 0 0.0401559
30.317 14480 10136 0.0753763 1.78527 10.6467 1.78527 10.6467 27864 0 0.0394152
30.3571 15928 11584 0.0680949 2.59557 10.6361 2.59557 10.6361 27873 0 0.03888
30.3581 17376 13032 0.0566774 108.455 10.6392 108.455 10.6392 27882 0 0.0383624
30.4116 20272 14480 0.0552163 2.38304 10.6247 2.38304 10.6247 27893 0 0.038168
30.4666 23168 17376 0.0550601 2.52589 10.61 2.52589 10.61 27905 0 0.0377899
30.5186 26064 20272 0.0542894 3.11701 10.5973 3.11701 10.5973 27919 0 0.0374056
30.5666 30408 23168 0.0520989 3.86586 10.5867 3.86586 10.5867 27935 0 0.0370398
30.6139 34752 27512 0.0496087 4.64896 10.5775 4.64896 10.5775 27954 0 0.0364708
30.6599 36200 31856 0.0537982 5.78932 10.5703 5.78932 10.5703 27977 0 0.0359047
30.6626 41992 33304 0.0481908 100.787 10.5781 100.787 10.5781 28000 0 0.0357759
30.7112 47784 39096 0.0487276 6.66502 10.5719 6.66502 10.5719 28028 0 0.0350507
30.7619 52128 44888 0.0518055 7.31032 10.5665 7.31032 10.5665 28060 0 0.0343057
30.8125 56472 49232 0.0523984 8.01465 10.5623 8.01465 10.5623 28095 0 0.0337768
30.8617 63712 53576 0.0498064 8.72122 10.5594 8.72122 10.5594 28132 0 0.0333243
30.9118 69504 60816 0.0517514 9.94102 10.5584 9.94102 10.5584 28175 0 0.0324094
30.9604 78192 66608 0.049436 10.9497 10.559 10.9497 10.559 28221 0 0.0318236
31.0084 89776 75296 0.0485245 12.564 10.5621 12.564 10.5621 28273 0 0.0309635
31.0573 102808 86880 0.0491204 14.212 10.5679 14.212 10.5679 28333 0 0.0297277
31.1106 111496 99912 0.0521585 14.9818 10.5754 14.9818 10.5754 28402 0 0.0280145
31.1669 112944 108600 0.0583103 15.6555 10.5846 15.6555 10.5846 28478 0 0.0269426
31.2211 114392 110048 0.0582525 16.4594 10.5948 16.4594 10.5948 28555 0 0.0267835
31.2713 124528 111496 0.052376 17.7588 10.6063 17.7588 10.6063 28632 0 0.0268197
31.321 134664 121632 0.0529314 19.7933 10.6209 19.7933 10.6209 28717 0 0.0257359
31.3737 147696 131768 0.0517153 20.0293 10.6367 20.0293 10.6367 28808 0 0.0248457
31.4286 149144 144800 0.0576717 21.3061 10.6553 21.3061 10.6553 28909 0 0.0231224
31.4841 153488 146248 0.0559254 21.0755 10.6737 21.0755 10.6737 29010 0 0.022992
31.5395 149144 150592 0.0595815 21.9577 10.6935 21.9577 10.6935 29115 0 0.0226274
31.5939 154936 146248 0.0554131 21.4942 10.7121 21.4942 10.7121 29216 0 0.0230249
31.6486 153488 152040 0.0586146 22.4591 10.7324 22.4591 10.7324 29322 0 0.022415
31.7042 149144 150592 0.0594957 21.8629 10.7519 21.8629 10.7519 29427 0 0.0226254
31.7599 153488 146248 0.0558017 21.03 10.77 21.03 10.77 29528 0 0.02299
31.8166 147696 150592 0.0605975 21.446 10.789 21.446 10.789 29633 0 0.0226927
31.8743 149144 144800 0.0572751 20.0843 10.8058 20.0843 10.8058 29733 0 0.0231149
31.8863 150592 146248 0.0575393 97.3688 10.8384 97.3688 10.8384 29834 0 0.0229736
31.9438 152040 147696 0.0577082 20.73 10.8562 20.73 10.8562 29937 0 0.0228311
32.0016 153488 149144 0.0580171 20.6439 10.8739 20.6439 10.8739 30040 0 0.0226918
32.0596 154936 150592 0.0582055 21.001 10.8922 21.001 10.8922 30145 0 0.0225508
32.1173 156384 152040 0.0580121 21.0447 10.9105 21.0447 10.9105 30250 0 0.0224025
32.1756 154936 153488 0.0585143 21.2687 10.9293 21.2687 10.9293 30357 0 0.0222689
32.2337 156384 152040 0.0582553 20.9576 10.9473 20.9576 10.9473 30462 0 0.0224075
32.2913 157832 153488 0.0579572 21.4902 10.9661 21.4902 10.9661 30569 0 0.0222575
32.3493 159280 154936 0.0582413 21.4011 10.9848 21.4011 10.9848 30676 0 0.0221198
32.4077 157832 156384 0.0585678 21.6217 11.004 21.6217 11.004 30785 0 0.0219836
32.4661 156384 154936 0.0586723 21.2249 11.0224 21.2249 11.0224 30892 0 0.0221288
32.5253 152040 153488 0.0595733 20.9236 11.0404 20.9236 11.0404 30999 0 0.0223389
32.5849 147696 149144 0.0597411 20.0195 11.0568 20.0195 11.0568 31102 0 0.022776
32.6439 144800 144800 0.05921 19.8307 11.0727 19.8307 11.0727 31203 0 0.023172
32.7026 141904 141904 0.059 19.3204 11.0875 19.3204 11.0875 31301 0 0.0234612
32.7618 139008 139008 0.0593634 18.8107 11.1014 18.8107 11.1014 31397 0 0.023765
32.8204 137560 136112 0.0588367 18.5698 11.1148 18.5698 11.1148 31491 0 0.0240335
32.8795 134664 134664 0.0594087 18.2229 11.1276 18.2229 11.1276 31584 0 0.0242132
32.9383 133216 131768 0.0590302 18.1375 11.1401 18.1375 11.1401 31676 0 0.0244876
32.9975 130320 130320 0.0595194 17.7948 11.152 17.7948 11.152 31767 0 0.024667
33.0569 127424 127424 0.0594592 17.1733 11.1628 17.1733 11.1628 31855 0 0.0249688
33.1159 124528 124528 0.0591982 16.8856 11.173 16.8856 11.173 31941 0 0.025268
33.175 121632 121632 0.0593429 16.4594 11.1824 16.4594 11.1824 32025 0 0.0255782
33.2344 118736 118736 0.0595837 16.0024 11.1911 16.0024 11.1911 32107 0 0.0258925
33.2942 114392 115840 0.0600569 15.4867 11.1988 15.4867 11.1988 32187 0 0.0262434
33.3536 111496 111496 0.0597082 15.0267 11.2056 15.0267 11.2056 32264 0 0.0266755
33.4132 108600 108600 0.059838 14.7717 11.2119 14.7717 11.2119 32340 0 0.0269939
33.4728 105704 105704 0.0600098 14.383 11.2176 14.383 11.2176 32414 0 0.0273151
33.5322 102808 102808 0.0597266 14.0225 11.2226 14.0225 11.2226 32486 0 0.0276275
33.592 99912 99912 0.0599886 13.5781 11.2268 13.5781 11.2268 32556 0 0.0279546
33.7027 89776 97016 0.0659239 7.11011 11.2132 7.11011 11.2132 32624 0 0.028717
33.7632 79640 86880 0.0666437 11.6912 11.2141 11.6912 11.2141 32685 0 0.0298877
33.7704 78192 76744 0.0598716 85.1576 11.2299 85.1576 11.2299 32738 0 0.0305686
33.8287 79640 75296 0.058549 10.535 11.2287 10.535 11.2287 32791 0 0.0307076
33.8877 78192 76744 0.0591991 10.4062 11.2272 10.4062 11.2272 32844 0 0.0305531
33.9477 75296 75296 0.0605555 10.2189 11.2255 10.2189 11.2255 32897 0 0.0307714
34.0082 72400 72400 0.0605864 9.58298 11.2225 9.58298 11.2225 32947 0 0.0311108
34.0683 69504 69504 0.0604777 9.25486 11.2191 9.25486 11.2191 32995 0 0.0314485
34.1277 68056 66608 0.0597296 8.95883 11.2151 8.95883 11.2151 33041 0 0.0317553
34.1876 66608 65160 0.0599907 8.71128 11.2107 8.71128 11.2107 33086 0 0.0319334
34.2475 63712 63712 0.0606199 8.69382 11.2063 8.69382 11.2063 33131 0 0.0321386
34.3076 62264 60816 0.0602749 8.098 11.2009 8.098 11.2009 33173 0 0.0324587
34.3672 60816 59368 0.0598767 7.96894 11.1953 7.96894 11.1953 33214 0 0.0326228
34.4273 57920 57920 0.0609073 7.90519 11.1895 7.90519 11.1895 33255 0 0.03284
34.487 56472 55024 0.0600628 7.37099 11.1829 7.37099 11.1829 33293 0 0.0331512
34.547 55024 53576 0.0601611 7.14825 11.1759 7.14825 11.1759 33330 0 0.0333292
34.6068 53576 52128 0.060723 7.16261 11.169 7.16261 11.169 33367 0 0.0335192
34.6668 52128 50680 0.0602438 6.76186 11.1614 6.76186 11.1614 33402 0 0.0336838
34.7266 50680 49232 0.0608635 6.77544 11.1538 6.77544 11.1538 33437 0 0.0338763
34.7868 49232 47784 0.0604376 6.35002 11.1455 6.35002 11.1455 33470 0 0.034043
34.8467 47784 46336 0.0610501 6.38827 11.1373 6.38827 11.1373 33503 0 0.0342366
34.9064 46336 44888 0.0600742 6.01318 11.1286 6.01318 11.1286 33534 0 0.0343904
34.9665 44888 43440 0.0614076 5.9771 11.1197 5.9771 11.1197 33565 0 0.0346033
35.0268 43440 41992 0.0606456 5.5692 11.1102 5.5692 11.1102 33594 0 0.0347627
35.0872 40544 40544 0.0619138 5.55813 11.1006 5.55813 11.1006 33623 0 0.0349937
35.1472 39096 37648 0.0604577 5.0231 11.0902 5.0231 11.0902 33649 0 0.0352988
35.2067 40544 36200 0.0599049 4.86893 11.0797 4.86893 11.0797 33674 0 0.0354665
35.2666 39096 37648 0.0617212 5.21629 11.0697 5.21629 11.0697 33701 0 0.0353318
35.3268 37648 36200 0.0606496 4.81062 11.0591 4.81062 11.0591 33726 0 0.0354848
35.387 34752 34752 0.0624169 4.81062 11.0484 4.81062 11.0484 33751 0 0.0357317
35.4467 33304 31856 0.0604868 4.26742 11.037 4.26742 11.037 33773 0 0.036027
35.5066 34752 30408 0.0600792 4.06526 11.0253 4.06526 11.0253 33794 0 0.0362001
35.5664 33304 31856 0.062504 4.45243 11.0142 4.45243 11.0142 33817 0 0.0360815
35.6267 31856 30408 0.0610345 4.03287 11.0024 4.03287 11.0024 33838 0 0.0362241
35.6869 28960 28960 0.0632495 4.04092 10.9906 4.04092 10.9906 33859 0 0.0364877
35.7469 27512 26064 0.0609762 3.47753 10.978 3.47753 10.978 33877 0 0.0367745
35.8065 28960 24616 0.0602935 3.3042 10.9653 3.3042 10.9653 33894 0 0.0369421
35.8663 26064 26064 0.0637577 3.67809 10.9531 3.67809 10.9531 33913 0 0.0368719
35.9263 24616 23168 0.0612953 3.09114 10.94 3.09114 10.94 33929 0 0.0371532
35.9863 26064 21720 0.0605544 2.89794 10.9266 2.89794 10.9266 33944 0 0.0373199
36.0463 23168 23168 0.0651568 3.27776 10.9138 3.27776 10.9138 33961 0 0.0372882
36.1062 21720 20272 0.0619093 2.71017 10.9002 2.71017 10.9002 33975 0 0.037542
36.166 23168 18824 0.0608015 2.51659 10.8864 2.51659 10.8864 33988 0 0.0376992
36.2262 20272 20272 0.0667835 2.88637 10.8731 2.88637 10.8731 34003 0 0.0377188
36.2867 18824 17376 0.0629683 2.29992 10.8588 2.29992 10.8588 34015 0 0.0379466
36.2881 20272 15928 0.0616142 88.3711 10.8619 88.3711 10.8619 34026 0 0.0380956
36.3482 21720 17376 0.0609227 2.50652 10.8481 2.50652 10.8481 34039 0 0.0378896
36.4079 23168 18824 0.0604141 2.52165 10.8344 2.52165 10.8344 34052 0 0.0376894
36.468 21720 20272 0.0645694 2.89214 10.8213 2.89214 10.8213 34067 0 0.0376231
36.5281 20272 18824 0.0619755 2.50652 10.8077 2.50652 10.8077 34080 0 0.0377306
36.5884 18824 17376 0.0660069 2.49654 10.794 2.49654 10.794 34093 0 0.0380468
36.648 17376 15928 0.0626546 2.13801 10.7799 2.13801 10.7799 34104 0 0.038125
36.7077 15928 14480 0.0667422 2.13371 10.7658 2.13371 10.7658 34115 0 0.0384497
36.7675 14480 13032 0.0633848 1.74226 10.7511 1.74226 10.7511 34124 0 0.0385238
36.828 13032 11584 0.068273 1.72494 10.7363 1.72494 10.7363 34133 0 0.0388872
36.8883 11584 10136 0.0650582 1.34429 10.721 1.34429 10.721 34140 0 0.0389568
36.9486 10136 8688 0.0706581 1.34429 10.7056 1.34429 10.7056 34147 0 0.0393692
36.9493 11584 7240 0.0672495 80.3373 10.707 80.3373 10.707 34152 0 0.0394169
37.0089 13032 8688 0.0647316 1.36055 10.692 1.36055 10.692 34159 0 0.0391358
37.0688 14480 10136 0.0631698 1.35509 10.6769 1.35509 10.6769 34166 0 0.0388959
37.1292 13032 11584 0.0686156 1.72494 10.6623 1.72494 10.6623 34175 0 0.0389012
37.1897 11584 10136 0.0652591 1.34162 10.6472 1.34162 10.6472 34182 0 0.0389636
37.2495 10136 8688 0.0707878 1.35509 10.6322 1.35509 10.6322 34189 0 0.0393751
37.2502 11584 7240 0.0671176 80.3373 10.6336 80.3373 10.6336 34194 0 0.0394118
37.3097 13032 8688 0.0647683 1.3633 10.6188 1.3633 10.6188 34201 0 0.039137
37.3695 14480 10136 0.0630987 1.35509 10.604 1.35509 10.604 34208 0 0.0388937
37.43 13032 11584 0.0684746 1.72494 10.5896 1.72494 10.5896 34217 0 0.0388954
37.4905 11584 10136 0.0652721 1.33896 10.5747 1.33896 10.5747 34224 0 0.0389641
37.5505 10136 8688 0.0708792 1.35237 10.56 1.35237 10.56 34231 0 0.0393793
37.5512 11584 7240 0.0671788 80.3373 10.5613 80.3373 10.5613 34236 0 0.0394141
37.6106 13032 8688 0.0648093 1.36606 10.5468 1.36606 10.5468 34243 0 0.0391384
37.6702 14480 10136 0.0630168 1.36055 10.5323 1.36055 10.5323 34250 0 0.0388913
37.7307 13032 11584 0.0684559 1.72151 10.5181 1.72151 10.5181 34259 0 0.0388946
37.7914 11584 10136 0.0652867 1.3363 10.5034 1.3363 10.5034 34266 0 0.0389646
37.8515 10136 8688 0.0708878 1.34967 10.4888 1.34967 10.4888 34273 0 0.0393797
37.8522 11584 7240 0.067294 80.3373 10.4902 80.3373 10.4902 34278 0 0.0394186
37.9118 13032 8688 0.0648864 1.36055 10.4758 1.36055 10.4758 34285 0 0.039141
37.9715 14480 10136 0.0632735 1.35781 10.4615 1.35781 10.4615 34292 0 0.0388991
38.0316 13032 11584 0.0684677 1.73529 10.4477 1.73529 10.4477 34301 0 0.0388951
38.0919 11584 10136 0.0650593 1.34429 10.4333 1.34429 10.4333 34308 0 0.0389568
38.152 10136 8688 0.0706451 1.34967 10.419 1.34967 10.419 34315 0 0.0393686
38.1527 11584 7240 0.0671314 80.3373 10.4203 80.3373 10.4203 34320 0 0.0394123
38.2126 13032 8688 0.0647775 1.35509 10.4061 1.35509 10.4061 34327 0 0.0391373
38.2722 14480 10136 0.0630912 1.36055 10.392 1.36055 10.392 34334 0 0.0388935
38.3325 13032 11584 0.0684995 1.72837 10.3784 1.72837 10.3784 34343 0 0.0388964
38.3931 11584 10136 0.0652166 1.33896 10.3641 1.33896 10.3641 34350 0 0.0389622
38.4533 10136 8688 0.0708467 1.34697 10.35 1.34697 10.35 34357 0 0.0393778
38.454 11584 7240 0.0672664 80.3373 10.3513 80.3373 10.3513 34362 0 0.0394175
38.5139 13032 8688 0.0648679 1.35237 10.3373 1.35237 10.3373 34369 0 0.0391403
38.5741 14480 10136 0.0634818 1.34697 10.3233 1.34697 10.3233 34376 0 0.0389055
38.6347 13032 11584 0.0689079 1.72151 10.3098 1.72151 10.3098 34385 0 0.0389133
38.6949 11584 10136 0.0654267 1.34697 10.2958 1.34697 10.2958 34392 0 0.0389695
38.7547 10136 8688 0.0707355 1.35509 10.282 1.35509 10.282 34399 0 0.0393727
38.7555 11584 7240 0.0670962 80.3373 10.2833 80.3373 10.2833 34404 0 0.039411
38.8152 13032 8688 0.0647539 1.35781 10.2696 1.35781 10.2696 34411 0 0.0391365
38.8748 14480 10136 0.0631848 1.36055 10.256 1.36055 10.256 34418 0 0.0388963
38.935 13032 11584 0.06832 1.73182 10.2428 1.73182 10.2428 34427 0 0.0388891
38.9954 11584 10136 0.0650858 1.34162 10.229 1.34162 10.229 34434 0 0.0389577
39.0551 10136 8688 0.0706743 1.35781 10.2154 1.35781 10.2154 34441 0 0.0393699
39.0559 11584 7240 0.0670259 80.3373 10.2167 80.3373 10.2167 34446 0 0.0394083
39.1152 13032 8688 0.0645017 1.36606 10.2033 1.36606 10.2033 34453 0 0.0391281
39.1751 14480 10136 0.0631408 1.35509 10.1898 1.35509 10.1898 34460 0 0.038895
39.2348 13032 11584 0.0682942 1.74576 10.1769 1.74576 10.1769 34469 0 0.0388881
39.2952 11584 10136 0.0649869 1.34162 10.1633 1.34162 10.1633 34476 0 0.0389543
39.3558 10136 8688 0.070507 1.33896 10.1497 1.33896 10.1497 34483 0 0.0393624
39.3565 11584 7240 0.0673689 80.3373 10.151 80.3373 10.151 34488 0 0.0394215
39.4162 13032 8688 0.0648272 1.35781 10.1377 1.35781 10.1377 34495 0 0.039139
39.4763 14480 10136 0.0634682 1.34967 10.1243 1.34967 10.1243 34502 0 0.038905
39.5366 13032 11584 0.0685955 1.72837 10.1115 1.72837 10.1115 34511 0 0.0389004
39.5968 11584 10136 0.0652436 1.34697 10.0982 1.34697 10.0982 34518 0 0.0389631
39.6569 10136 8688 0.0706282 1.34967 10.0849 1.34967 10.0849 34525 0 0.0393678
39.6576 11584 7240 0.06712 80.3373 10.0862 80.3373 10.0862 34530 0 0.0394119
39.7175 13032 8688 0.0647699 1.35509 10.0731 1.35509 10.0731 34537 0 0.039137
39.7773 14480 10136 0.0633048 1.35509 10.0599 1.35509 10.0599 34544 0 0.0389
39.8379 13032 11584 0.0684997 1.72151 10.0473 1.72151 10.0473 34553 0 0.0388964
39.8982 11584 10136 0.0653962 1.34429 10.0341 1.34429 10.0341 34560 0 0.0389684
39.9585 10136 8688 0.0707469 1.34429 10.021 1.34429 10.021 34567 0 0.0393732
39.9592 11584 7240 0.0673246 80.3373 10.0223 80.3373 10.0223 34572 0 0.0394198
40.019 13032 8688 0.0649069 1.35781 10.0093 1.35781 10.0093 34579 0 0.0391417
40.0786 5792 10136 0.0637568 0.971823 9.9959 0.971823 9.9959 34584 0 0.0390538
40.2013 11584 2896 0.0664739 0.660773 9.9674 0.660773 9.9674 34591 0 0.0400493
40.2576 13032 8688 0.0652179 2.05554 9.95633 2.05554 9.95633 34601 0 0.0391523
40.3077 14480 10136 0.0615346 1.61831 9.94596 1.61831 9.94596 34608 0 0.038849
40.3554 15928 11584 0.0628415 2.1855 9.93679 2.1855 9.93679 34617 0 0.0386965
40.3564 17376 13032 0.0566998 108.455 9.93913 108.455 9.93913 34626 0 0.0383628
40.4067 20272 14480 0.0537252 2.53091 9.9299 2.53091 9.9299 34637 0 0.0381487
40.4642 21720 17376 0.0550162 2.4202 9.91924 2.4202 9.91924 34649 0 0.0377718
40.5228 23168 18824 0.0569909 2.56816 9.90861 2.56816 9.90861 34662 0 0.0376162
40.5795 24616 20272 0.0631017 3.06371 9.89904 3.06371 9.89904 34677 0 0.0375766
40.6342 26064 21720 0.058818 3.17818 9.89 3.17818 9.89 34692 0 0.0372793
40.6878 27512 23168 0.0618744 3.67462 9.88181 3.67462 9.88181 34709 0 0.0371689
40.7417 30408 24616 0.056622 3.65007 9.87356 3.65007 9.87356 34726 0 0.0368828
40.7967 31856 27512 0.0616418 4.21903 9.86595 4.21903 9.86595 34746 0 0.0366078
40.8528 33304 28960 0.0637464 4.33512 9.85835 4.33512 9.85835 34767 0 0.0364856
40.8552 36200 30408 0.0583167 101.225 9.86372 101.225 9.86372 34788 0 0.0361781
40.9119 39096 33304 0.0572601 4.90194 9.85685 4.90194 9.85685 34812 0 0.0357918
40.9691 40544 36200 0.0592022 5.26581 9.85044 5.26581 9.85044 34838 0 0.0354503
41.0257 43440 37648 0.0591341 5.52639 9.84447 5.52639 9.84447 34865 0 0.035285
41.0816 47784 40544 0.0567097 5.80502 9.83898 5.80502 9.83898 34893 0 0.0349051
41.1364 53576 44888 0.0554641 6.55383 9.8346 6.55383 9.8346 34924 0 0.0343877
41.1923 57920 50680 0.0582459 7.44758 9.83136 7.44758 9.83136 34960 0 0.0336854
41.2497 60816 55024 0.0596185 7.88215 9.82865 7.88215 9.82865 34999 0 0.0331582
41.3081 65160 57920 0.0585475 7.93455 9.82597 7.93455 9.82597 35039 0 0.0328137
41.3662 69504 62264 0.0585556 8.56489 9.8242 8.56489 9.8242 35082 0 0.0322927
41.4241 70952 66608 0.0614244 9.40047 9.8236 9.40047 9.8236 35129 0 0.0317979
41.4801 76744 68056 0.0574297 9.72323 9.82347 9.72323 9.82347 35176 0 0.0316226
41.5353 81088 73848 0.0592935 10.9217 9.82493 10.9217 9.82493 35228 0 0.0309395
41.5926 85432 78192 0.0599992 11.1159 9.82671 11.1159 9.82671 35283 0 0.0304501
41.6521 91224 82536 0.0587849 11.1012 9.82853 11.1012 9.82853 35340 0 0.0299616
41.7125 92672 88328 0.0643417 11.8829 9.8315 11.8829 9.8315 35402 0 0.0293627
41.7728 94120 89776 0.0647829 12.0986 9.83478 12.0986 9.83478 35465 0 0.0292129
41.831 99912 91224 0.0596662 12.5486 9.83855 12.5486 9.83855 35528 0 0.0289907
41.8894 101360 97016 0.0629131 13.4887 9.84364 13.4887 9.84364 35596 0 0.0283385
41.9495 102808 98464 0.0638568 13.3039 9.84859 13.3039 9.84859 35665 0 0.028206
42.0094 107152 99912 0.0603255 13.3305 9.85356 13.3305 9.85356 35734 0 0.0279919
42.0693 105704 104256 0.0653778 14.1316 9.85965 14.1316 9.85965 35807 0 0.0276147
42.1279 111496 102808 0.0599475 14.0261 9.86545 14.0261 9.86545 35878 0 0.0277026
42.1856 112944 108600 0.0641375 15.2641 9.87283 15.2641 9.87283 35954 0 0.0270967
42.2455 114392 110048 0.0642853 14.8761 9.87993 14.8761 9.87993 36031 0 0.0269436
42.3071 120184 111496 0.0603425 14.4984 9.88665 14.4984 9.88665 36108 0 0.0267607
42.3688 112944 117288 0.068547 15.3798 9.89465 15.3798 9.89465 36190 0 0.0264579
42.4304 105704 110048 0.0689828 14.4984 9.90133 14.4984 9.90133 36267 0 0.0272584
42.4395 110048 102808 0.0611476 90.0624 9.91858 90.0624 9.91858 36338 0 0.0276919
42.498 118736 107152 0.0587559 14.8467 9.92536 14.8467 9.92536 36413 0 0.0273142
42.5568 127424 115840 0.0589983 15.7717 9.93344 15.7717 9.93344 36493 0 0.0263763
42.6177 131768 124528 0.0610904 16.3527 9.94261 16.3527 9.94261 36579 0 0.0253431
42.68 133216 128872 0.0626053 16.5318 9.95224 16.5318 9.95224 36668 0 0.0248815
42.7428 134664 130320 0.0630815 16.8062 9.9623 16.8062 9.9623 36759 0 0.0247443
42.8062 136112 131768 0.0636393 16.6152 9.97216 16.6152 9.97216 36850 0 0.0246105
42.8686 137560 133216 0.0627644 17.2748 9.98278 17.2748 9.98278 36943 0 0.0244335
42.9308 140456 134664 0.0624276 17.3082 9.9934 17.3082 9.9934 37036 0 0.0242912
42.9926 143352 137560 0.0621277 18.0056 10.0049 18.0056 10.0049 37132 0 0.0239841
43.0541 147696 140456 0.0618622 18.4525 10.017 18.4525 10.017 37230 0 0.0237091
43.1172 149144 144800 0.0634512 18.5464 10.0295 18.5464 10.0295 37331 0 0.0232676
43.1805 150592 146248 0.0636975 18.4761 10.0419 18.4761 10.0419 37432 0 0.023129
43.2432 152040 147696 0.0630363 19.0224 10.0549 19.0224 10.0549 37535 0 0.0229629
43.305 154936 149144 0.0621458 19.3185 10.0681 19.3185 10.0681 37638 0 0.0228091
43.3687 156384 152040 0.0640249 19.281 10.0816 19.281 10.0816 37744 0 0.0225591
43.4339 153488 153488 0.065526 18.9969 10.095 18.9969 10.095 37851 0 0.022483
43.5001 147696 150592 0.0664114 18.1962 10.1073 18.1962 10.1073 37955 0 0.022873
43.5661 143352 144800 0.0662731 17.5601 10.1186 17.5601 10.1186 38055 0 0.0234093
43.6309 141904 140456 0.0650218 17.3493 10.1294 17.3493 10.1294 38152 0 0.0237601
43.6949 143352 139008 0.064475 17.5446 10.1402 17.5446 10.1402 38249 0 0.0238899
43.7593 141904 140456 0.0646919 17.4464 10.151 17.4464 10.151 38346 0 0.023749
43.8248 137560 139008 0.0659397 17.1583 10.1615 17.1583 10.1615 38443 0 0.0239869
43.8903 134664 134664 0.0657491 16.4507 10.1708 16.4507 10.1708 38536 0 0.0243981
43.9552 131768 131768 0.0654032 16.4245 10.1801 16.4245 10.1801 38628 0 0.0246863
44.0198 130320 128872 0.0652267 16.1272 10.1888 16.1272 10.1888 38718 0 0.024965
44.0847 127424 127424 0.0653919 15.8889 10.1972 15.8889 10.1972 38807 0 0.02514
44.15 124528 124528 0.0654489 15.2685 10.2047 15.2685 10.2047 38893 0 0.0254471
44.2155 121632 121632 0.0656797 14.8587 10.2116 14.8587 10.2116 38977 0 0.0257621
44.2807 118736 118736 0.0654597 14.5584 10.218 14.5584 10.218 39059 0 0.0260631
44.3459 117288 115840 0.0653819 14.2033 10.2238 14.2033 10.2238 39139 0 0.0263536
44.4112 115840 114392 0.0654523 14.0257 10.2294 14.0257 10.2294 39218 0 0.0265121
44.4763 112944 112944 0.0661129 14.0516 10.235 14.0516 10.235 39297 0 0.0267095
44.5416 111496 110048 0.0654687 13.4931 10.2398 13.4931 10.2398 39373 0 0.0269835
44.6065 110048 108600 0.065133 13.3896 10.2444 13.3896 10.2444 39448 0 0.0271298
44.6718 107152 107152 0.0663382 13.2911 10.2488 13.2911 10.2488 39523 0 0.0273484
44.7372 105704 104256 0.065539 12.7595 10.2525 12.7595 10.2525 39595 0 0.0276203
44.8023 104256 102808 0.0654902 12.6287 10.256 12.6287 10.256 39666 0 0.0277784
44.8677 99912 101360 0.0666009 12.5822 10.2594 12.5822 10.2594 39737 0 0.0280253
44.9328 98464 97016 0.0653888 11.9172 10.2618 11.9172 10.2618 39804 0 0.0284185
44.9981 95568 95568 0.066692 11.8953 10.2641 11.8953 10.2641 39871 0 0.0286451
45.0631 94120 92672 0.0653181 11.4046 10.2658 11.4046 10.2658 39935 0 0.0289037
45.1279 92672 91224 0.0650474 11.2472 10.2672 11.2472 10.2672 39998 0 0.0290579
45.1932 88328 89776 0.0670646 11.1851 10.2685 11.1851 10.2685 40061 0 0.0293413
45.2584 86880 85432 0.0655398 10.4749 10.2688 10.4749 10.2688 40120 0 0.0297335
45.3238 82536 83984 0.06744 10.4557 10.2691 10.4557 10.2691 40179 0 0.0300162
45.3892 81088 79640 0.0655352 9.74681 10.2683 9.74681 10.2683 40234 0 0.0303994
45.4544 76744 78192 0.067711 9.76476 10.2676 9.76476 10.2676 40289 0 0.0306947
45.5199 75296 73848 0.0655855 9.02137 10.2658 9.02137 10.2658 40340 0 0.0310746
45.5852 70952 72400 0.068027 9.05459 10.2641 9.05459 10.2641 40391 0 0.0313826
45.6504 69504 68056 0.0656023 8.34443 10.2613 8.34443 10.2613 40438 0 0.0317562
45.7157 65160 66608 0.0683259 8.34443 10.2586 8.34443 10.2586 40485 0 0.0320775
45.7805 63712 62264 0.0653861 7.67668 10.2549 7.67668 10.2549 40528 0 0.032437
45.8458 59368 60816 0.068483 7.63427 10.2512 7.63427 10.2512 40571 0 0.0327741
45.9109 60816 56472 0.065398 6.93688 10.2465 6.93688 10.2465 40610 0 0.0331333
45.9763 56472 57920 0.0694246 7.2658 10.2423 7.2658 10.2423 40651 0 0.0331615
46.0419 55024 53576 0.0657825 6.53293 10.237 6.53293 10.237 40688 0 0.0334975
46.1073 50680 52128 0.070262 6.55694 10.2318 6.55694 10.2318 40725 0 0.0338995
46.1725 49232 47784 0.065789 5.85885 10.2256 5.85885 10.2256 40758 0 0.0342048
46.2376 44888 46336 0.0703936 5.86966 10.2194 5.86966 10.2194 40791 0 0.0346143
46.3028 46336 41992 0.0658408 5.15819 10.2123 5.15819 10.2123 40820 0 0.0349211
46.3678 43440 43440 0.071047 5.52412 10.2058 5.52412 10.2058 40851 0 0.0349721
46.4329 44888 40544 0.0659397 4.98032 10.1984 4.98032 10.1984 40879 0 0.0351044
46.498 46336 41992 0.065503 5.15819 10.1914 5.15819 10.1914 40908 0 0.0349092
46.5634 41992 43440 0.0732549 5.49366 10.1848 5.49366 10.1848 40939 0 0.0351079
46.567 40544 39096 0.0666016 86.7643 10.1907 86.7643 10.1907 40966 0 0.0353089
46.6322 41992 37648 0.0656371 4.79361 10.1831 4.79361 10.1831 40993 0 0.0354546
46.6972 43440 39096 0.065339 4.81133 10.1757 4.81133 10.1757 41020 0 0.0352635
46.7626 41992 40544 0.067134 5.13923 10.1686 5.13923 10.1686 41049 0 0.0351487
46.8281 43440 39096 0.0659418 4.77602 10.1611 4.77602 10.1611 41076 0 0.0352848
46.8935 41992 40544 0.0675177 5.13923 10.1541 5.13923 10.1541 41105 0 0.0351635
46.9589 43440 39096 0.0658869 4.77602 10.1466 4.77602 10.1466 41132 0 0.0352828
47.0243 41992 40544 0.0677876 5.13923 10.1396 5.13923 10.1396 41161 0 0.0351742
47.0894 43440 39096 0.0657246 4.80245 10.1322 4.80245 10.1322 41188 0 0.035277
47.1547 41992 40544 0.067845 5.14869 10.1254 5.14869 10.1254 41217 0 0.0351764
47.2201 43440 39096 0.0659624 4.7848 10.118 4.7848 10.118 41244 0 0.0352855
47.2855 40544 40544 0.0684956 5.1298 10.111 5.1298 10.111 41273 0 0.0352201
47.351 41992 37648 0.0661088 4.59913 10.1034 4.59913 10.1034 41299 0 0.0354715
47.4158 43440 39096 0.0653126 4.82918 10.0962 4.82918 10.0962 41326 0 0.0352626
47.481 40544 40544 0.0688513 5.14869 10.0894 5.14869 10.0894 41355 0 0.0352349
47.5464 41992 37648 0.0661011 4.60758 10.0819 4.60758 10.0819 41381 0 0.0354712
47.6117 43440 39096 0.0655522 4.79361 10.0746 4.79361 10.0746 41408 0 0.0352709
47.6771 40544 40544 0.0702408 5.1298 10.0678 5.1298 10.0678 41437 0 0.0352947
47.7425 39096 37648 0.0664924 4.60758 10.0604 4.60758 10.0604 41463 0 0.0354855
47.808 40544 36200 0.0654477 4.42224 10.0526 4.42224 10.0526 41488 0 0.0356292
47.8734 37648 37648 0.0717346 4.7848 10.0455 4.7848 10.0455 41515 0 0.0357244
47.9391 36200 34752 0.0668491 4.22983 10.0375 4.22983 10.0375 41539 0 0.0358617
48.0042 37648 33304 0.0659599 4.09098 10.0294 4.09098 10.0294 41562 0 0.0360111
48.069 34752 34752 0.0730596 4.47147 10.0219 4.47147 10.0219 41587 0 0.0361519
48.0719 33304 31856 0.0666233 88.3711 10.0266 88.3711 10.0266 41609 0 0.0362179
48.1366 34752 30408 0.0653737 3.75603 10.0182 3.75603 10.0182 41630 0 0.036356
48.2015 33304 31856 0.0673095 4.10613 10.0102 4.10613 10.0102 41653 0 0.036244
48.267 34752 30408 0.0660575 3.71468 10.0017 3.71468 10.0017 41674 0 0.0363802
48.3327 33304 31856 0.0683809 4.05358 9.9936 4.05358 9.9936 41697 0 0.0362865
48.3981 34752 30408 0.0661899 3.72151 9.98513 3.72151 9.98513 41718 0 0.036385
48.4635 33304 31856 0.0684781 4.07594 9.97716 4.07594 9.97716 41741 0 0.0362905
48.5285 34752 30408 0.0660091 3.74215 9.96881 3.74215 9.96881 41762 0 0.0363785
48.5937 33304 31856 0.0687126 4.08344 9.9609 4.08344 9.9609 41785 0 0.0363001
48.659 34752 30408 0.0660922 3.72836 9.95255 3.72836 9.95255 41806 0 0.0363815
48.7243 33304 31856 0.0692279 4.07594 9.94466 4.07594 9.94466 41829 0 0.0363217
48.7898 34752 30408 0.0665072 3.71468 9.9363 3.71468 9.9363 41850 0 0.0363967
48.8551 31856 31856 0.0698376 4.08344 9.92848 4.08344 9.92848 41873 0 0.0363655
48.9206 33304 28960 0.066655 3.53779 9.91993 3.53779 9.91993 41893 0 0.0365857
48.9858 34752 30408 0.0657069 3.72836 9.91168 3.72836 9.91168 41914 0 0.0363677
49.0512 31856 31856 0.070954 4.07594 9.90391 4.07594 9.90391 41937 0 0.0364155
49.1167 30408 28960 0.0669224 3.53779 9.89542 3.53779 9.89542 41957 0 0.0365957
49.1818 31856 27512 0.0657548 3.3795 9.88679 3.3795 9.88679 41976 0 0.0367369
49.247 28960 28960 0.072368 3.72836 9.87863 3.72836 9.87863 41997 0 0.0368489
49.3125 27512 26064 0.0673477 3.18401 9.86974 3.18401 9.86974 42015 0 0.0369804
49.3147 28960 24616 0.0660802 91.049 9.8733 91.049 9.8733 42032 0 0.0371179
49.3798 30408 26064 0.0655533 3.3795 9.86474 3.3795 9.86474 42051 0 0.0369142
49.4453 31856 27512 0.0657139 3.3609 9.85612 3.3609 9.85612 42070 0 0.0367354
49.5107 30408 28960 0.0686861 3.72151 9.84802 3.72151 9.84802 42091 0 0.0366656
49.576 31856 27512 0.0664956 3.36708 9.83948 3.36708 9.83948 42110 0 0.0367637
49.6413 30408 28960 0.06938 3.72836 9.83145 3.72836 9.83145 42131 0 0.0366948
49.7064 31856 27512 0.0663819 3.3795 9.82299 3.3795 9.82299 42150 0 0.0367596
49.7719 28960 28960 0.0697967 3.71468 9.81495 3.71468 9.81495 42171 0 0.0367302
49.8373 30408 26064 0.066847 3.18986 9.80627 3.18986 9.80627 42189 0 0.0369613
49.9027 31856 27512 0.0659082 3.3609 9.79781 3.3609 9.79781 42208 0 0.0367424
49.9685 28960 28960 0.0711182 3.7011 9.78979 3.7011 9.78979 42229 0 0.0367896
50.0338 27512 26064 0.0672215 3.18986 9.78117 3.18986 9.78117 42247 0 0.0369756
50.0984 5792 24616 0.0660479 2.69287 9.77204 2.69287 9.77204 42262 0 0.0384214
50.2308 24616 2896 0.0697295 0.612217 9.74788 0.612217 9.74788 42269 0 0.0410713
50.2945 26064 21720 0.0706137 3.45602 9.73992 3.45602 9.73992 42288 0 0.0376736
50.3409 28960 23168 0.0692886 4.24581 9.73485 4.24581 9.73485 42305 0 0.0374471
50.3816 33304 26064 0.0537259 5.11884 9.73112 5.11884 9.73112 42323 0 0.0366855
50.3941 37648 30408 0.045709 19.4664 9.73354 19.4664 9.73354 42344 0 0.036106
50.4476 40544 34752 0.0489606 5.416 9.72896 5.416 9.72896 42369 0 0.0355248
50.4847 41992 37648 0.0530053 8.11173 9.72777 8.11173 9.72777 42395 0 0.0351686
50.5412 43440 39096 0.055942 5.53815 9.72309 5.53815 9.72309 42422 0 0.0350259
50.5944 44888 40544 0.05587 6.31092 9.7195 6.31092 9.7195 42451 0 0.0348445
50.6428 47784 41992 0.0499366 6.93732 9.71684 6.93732 9.71684 42480 0 0.034624
50.6892 52128 44888 0.0491807 7.99211 9.71526 7.99211 9.71526 42512 0 0.0342926
50.7367 56472 49232 0.0497237 8.5422 9.71416 8.5422 9.71416 42547 0 0.0337604
50.7866 60816 53576 0.049669 8.59513 9.71306 8.59513 9.71306 42584 0 0.0332307
50.8383 62264 57920 0.0538443 9.17076 9.71251 9.17076 9.71251 42625 0 0.0326901
50.8895 65160 59368 0.0517761 9.2784 9.71207 9.2784 9.71207 42666 0 0.0325134
50.9398 66608 62264 0.0533613 10.1479 9.7125 10.1479 9.7125 42710 0 0.0321635
50.9891 68056 63712 0.0525904 10.5553 9.71332 10.5553 9.71332 42755 0 0.031983
51.0385 73848 65160 0.0498332 10.5553 9.71414 10.5553 9.71414 42800 0 0.0318803
51.0886 75296 70952 0.0530777 11.5593 9.71595 11.5593 9.71595 42850 0 0.0311307
51.1408 76744 72400 0.0548838 11.3287 9.71759 11.3287 9.71759 42901 0 0.0309823
51.1935 78192 73848 0.0526387 11.1996 9.71912 11.1996 9.71912 42952 0 0.0307869
51.245 76744 75296 0.0562891 11.938 9.72134 11.938 9.72134 43005 0 0.030665
51.2952 81088 73848 0.0514581 11.7623 9.72334 11.7623 9.72334 43056 0 0.0308239
51.3465 82536 78192 0.0550255 12.4175 9.72603 12.4175 9.72603 43111 0 0.0303089
51.4002 85432 79640 0.0521737 11.8619 9.72827 11.8619 9.72827 43166 0 0.0301268
51.4549 79640 82536 0.0594018 12.289 9.73099 12.289 9.73099 43224 0 0.0299753
51.51 73848 76744 0.0604045 11.3417 9.73271 11.3417 9.73271 43278 0 0.0306689
51.5639 69504 70952 0.0599615 10.7595 9.73378 10.7595 9.73378 43328 0 0.0312946
51.617 65160 66608 0.0588084 10.2512 9.73432 10.2512 9.73432 43375 0 0.0317811
51.6703 66608 62264 0.0532838 9.3365 9.73391 9.3365 9.73391 43418 0 0.0321626
51.7257 62264 63712 0.0594036 9.41045 9.73356 9.41045 9.73356 43463 0 0.0321386
51.7327 63712 59368 0.0556874 68.1482 9.74143 68.1482 9.74143 43504 0 0.0325408
51.7898 60816 60816 0.0574964 8.72717 9.74031 8.72717 9.74031 43547 0 0.0324156
51.8474 57920 57920 0.0579975 8.03373 9.73841 8.03373 9.73841 43587 0 0.0327733
51.9048 55024 55024 0.0575303 7.68005 9.73614 7.68005 9.73614 43625 0 0.033114
51.9609 53576 52128 0.056566 7.43163 9.73365 7.43163 9.73365 43661 0 0.0334307
52.0159 52128 50680 0.0562239 7.36718 9.73115 7.36718 9.73115 43696 0 0.0336015
52.0721 50680 49232 0.0572071 7.20976 9.72842 7.20976 9.72842 43731 0 0.0337956
52.129 49232 47784 0.0571229 6.72592 9.72515 6.72592 9.72515 43764 0 0.0339716
52.1869 46336 46336 0.0587969 6.60033 9.72168 6.60033 9.72168 43797 0 0.0342003
52.2455 43440 43440 0.0589304 5.92652 9.71742 5.92652 9.71742 43827 0 0.0345604
52.3042 40544 40544 0.0588171 5.53142 9.71273 5.53142 9.71273 43855 0 0.0349171
52.3626 37648 37648 0.05872 5.15746 9.70765 5.15746 9.70765 43881 0 0.035276
52.4204 36200 34752 0.0581521 4.81022 9.70225 4.81022 9.70225 43905 0 0.0356095
52.4783 34752 33304 0.0582129 4.60023 9.69662 4.60023 9.69662 43928 0 0.0357928
52.5362 31856 31856 0.0599532 4.60023 9.691 4.60023 9.691 43951 0 0.0360315
52.5936 30408 28960 0.0582006 4.03367 9.68482 4.03367 9.68482 43971 0 0.0363417
52.6511 28960 27512 0.0578417 3.83199 9.67844 3.83199 9.67844 43990 0 0.0365185
52.7091 26064 26064 0.0605619 3.79232 9.67196 3.79232 9.67196 44009 0 0.0367814
52.7682 24616 23168 0.059689 3.13512 9.66463 3.13512 9.66463 44025 0 0.037113
52.828 23168 21720 0.0597708 2.9096 9.657 2.9096 9.657 44040 0 0.0373008
52.8864 20272 20272 0.0624159 2.97546 9.64962 2.97546 9.64962 44055 0 0.0375738
52.9439 18824 17376 0.0595358 2.41515 9.64175 2.41515 9.64175 44067 0 0.0378556
53.0022 17376 15928 0.0589713 2.1865 9.63356 2.1865 9.63356 44078 0 0.0380306
53.06 15928 14480 0.0626766 2.20468 9.62546 2.20468 9.62546 44089 0 0.0383139
53.1185 14480 13032 0.0607287 1.78161 9.61682 1.78161 9.61682 44098 0 0.0384491
53.1776 13032 11584 0.0647556 1.7635 9.60809 1.7635 9.60809 44107 0 0.038757
53.2373 11584 10136 0.0627039 1.35781 9.59884 1.35781 9.59884 44114 0 0.038882
53.296 10136 8688 0.0667764 1.38286 9.5898 1.38286 9.5898 44121 0 0.0392084
53.3532 11584 7240 0.0638658 1.01266 9.5806 1.01266 9.5806 44126 0 0.039298
53.4113 10136 8688 0.068289 1.39428 9.57169 1.39428 9.57169 44133 0 0.0392675
53.4713 11584 7240 0.0651428 0.96598 9.56204 0.96598 9.56204 44138 0 0.0393402
53.5315 10136 8688 0.0709453 1.34697 9.5528 1.34697 9.5528 44145 0 0.0393823
53.5322 11584 7240 0.0674575 80.3373 9.55375 80.3373 9.55375 44150 0 0.0394249
53.5915 10136 8688 0.0649002 1.36883 9.54471 1.36883 9.54471 44157 0 0.0391414
53.6498 11584 7240 0.0628277 0.991819 9.5354 0.991819 9.5354 44162 0 0.0392662
53.7087 10136 8688 0.067908 1.37721 9.52645 1.37721 9.52645 44169 0 0.0392521
53.7677 11584 7240 0.0649677 0.981719 9.51708 0.981719 9.51708 44174 0 0.0393342
53.8276 10136 8688 0.0704822 1.35509 9.508 1.35509 9.508 44181 0 0.0393613
53.8283 11584 7240 0.0671317 80.3373 9.50895 80.3373 9.50895 44186 0 0.0394123
53.8885 10136 8688 0.0649827 1.34697 9.49983 1.34697 9.49983 44193 0 0.0391442
53.9487 11584 7240 0.063338 0.962124 9.49031 0.962124 9.49031 44198 0 0.0392816
54.0083 10136 8688 0.0687987 1.36055 9.48134 1.36055 9.48134 44205 0 0.0392884
54.0663 11584 7240 0.0656445 0.997979 9.47223 0.997979 9.47223 44210 0 0.0393576
54.1254 10136 8688 0.0704962 1.37161 9.46338 1.37161 9.46338 44217 0 0.0393619
54.1262 11584 7240 0.0668265 80.3373 9.46433 80.3373 9.46433 44222 0 0.0394008
54.1864 10136 8688 0.0648076 1.34697 9.45531 1.34697 9.45531 44229 0 0.0391383
54.2469 11584 7240 0.0633301 0.956397 9.44582 0.956397 9.44582 44234 0 0.0392813
54.3069 10136 8688 0.0688891 1.35237 9.43688 1.35237 9.43688 44241 0 0.0392922
54.3665 11584 7240 0.0660507 0.971823 9.4276 0.971823 9.4276 44246 0 0.0393721
54.4261 10136 8688 0.0713191 1.36055 9.41877 1.36055 9.41877 44253 0 0.0393996
54.4268 11584 7240 0.0675829 80.3373 9.41971 80.3373 9.41971 44258 0 0.0394298
54.4866 10136 8688 0.06508 1.35509 9.41085 1.35509 9.41085 44265 0 0.0391475
54.5462 11584 7240 0.0634032 0.971823 9.40163 0.971823 9.40163 44270 0 0.0392836
54.6063 10136 8688 0.0688424 1.34967 9.39277 1.34967 9.39277 44277 0 0.0392902
54.6662 11584 7240 0.0659237 0.96792 9.38355 0.96792 9.38355 44282 0 0.0393676
54.7265 10136 8688 0.0714684 1.34429 9.37469 1.34429 9.37469 44289 0 0.0394066
54.7272 11584 7240 0.0678079 80.3373 9.37562 80.3373 9.37562 44294 0 0.0394387
54.7873 10136 8688 0.0654651 1.34967 9.36682 1.34967 9.36682 44301 0 0.0391608
54.847 11584 7240 0.0636612 0.969867 9.35768 0.969867 9.35768 44306 0 0.0392916
54.9065 10136 8688 0.0689058 1.3633 9.34902 1.3633 9.34902 44313 0 0.0392929
54.9663 11584 7240 0.0657611 0.96792 9.3399 0.96792 9.3399 44318 0 0.0393618
