0.240049 14480 0 0 0 0 0 0 0 0 0.0439727
0.28022 15928 13032 0.04 2.88373 0.41339 2.88373 0.41339 10 0 0.0390257
0.28046 18824 13032 0.04 96.4048 0.495643 96.4048 0.495643 12 0 0.0390369
0.2807 21720 15928 0.04 192.81 0.660292 192.81 0.660292 16 0 0.038734
0.280941 24616 18824 0.04 192.81 0.824658 192.81 0.824658 20 0 0.0384322
0.281181 27512 21720 0.040125 192.81 0.988744 192.81 0.988744 24 0 0.0381267
0.324679 30408 24616 0.0456094 1.06525 0.998993 1.06525 0.998993 28 0 0.0376394
0.324919 33304 27512 0.0454082 192.81 1.14086 192.81 1.14086 32 0 0.037347
0.325159 36200 30408 0.0453572 192.81 1.28252 192.81 1.28252 36 0 0.0370516
0.3254 39096 33304 0.0453125 192.81 1.42397 192.81 1.42397 40 0 0.0367571
0.32564 41992 36200 0.0452735 192.81 1.56521 192.81 1.56521 44 0 0.0364636
0.32588 44888 39096 0.0452393 192.81 1.70625 192.81 1.70625 48 0 0.0361712
0.326121 47784 41992 0.0453344 192.81 1.84707 192.81 1.84707 52 0 0.0358762
0.326361 50680 44888 0.0454176 192.81 1.98769 192.81 1.98769 56 0 0.0355828
0.326601 53576 47784 0.0453654 192.81 2.1281 192.81 2.1281 60 0 0.0352945
0.413362 56472 50680 0.0561947 0.53407 1.79353 0.53407 1.79353 64 0 0.0348062
0.413602 59368 53576 0.0602954 192.81 1.90452 192.81 1.90452 68 0 0.0345043
0.413842 62264 56472 0.0638834 192.81 2.01538 192.81 2.01538 72 0 0.0342331
0.414082 65160 59368 0.067148 192.81 2.12611 192.81 2.12611 76 0 0.0339841
0.414323 68056 62264 0.0700045 192.81 2.23671 192.81 2.23671 80 0 0.0337492
0.414563 70952 65160 0.0723789 192.81 2.34718 192.81 2.34718 84 0 0.0335197
0.414803 73848 68056 0.0744566 192.81 2.45753 192.81 2.45753 88 0 0.033294
0.415044 76744 70952 0.0763995 192.81 2.56775 192.81 2.56775 92 0 0.0330736
0.415284 79640 73848 0.0780996 192.81 2.67784 192.81 2.67784 96 0 0.0328532
0.415524 82536 76744 0.0795871 192.81 2.7878 192.81 2.7878 100 0 0.0326314
0.415765 85432 79640 0.0808887 192.81 2.89764 192.81 2.89764 104 0 0.0324073
0.416005 88328 82536 0.0821526 192.81 3.00735 192.81 3.00735 108 0 0.0321862
0.416245 91224 85432 0.0832586 192.81 3.11693 192.81 3.11693 112 0 0.0319621
0.416486 94120 88328 0.0841012 192.81 3.22639 192.81 3.22639 116 0 0.0317289
0.416726 97016 91224 0.0848386 192.81 3.33572 192.81 3.33572 120 0 0.0314931
0.416966 99912 94120 0.0854838 192.81 3.44492 192.81 3.44492 124 0 0.0312548
0.417207 102808 97016 0.0861733 192.81 3.554 192.81 3.554 128 0 0.0310209
0.417447 105704 99912 0.0867766 192.81 3.66295 192.81 3.66295 132 0 0.0307845
0.564291 108600 102808 0.10568 0.315545 2.79186 0.315545 2.79186 136 0 0.031887
0.564532 111496 105704 0.111345 192.81 2.87275 192.81 2.87275 140 0 0.0321706
0.564772 114392 108600 0.116302 192.81 2.95357 192.81 2.95357 144 0 0.0324395
0.565012 117288 111496 0.120764 192.81 3.03433 192.81 3.03433 148 0 0.0326983
0.565253 120184 114392 0.124668 192.81 3.11501 192.81 3.11501 152 0 0.0329256
0.565493 123080 117288 0.128085 192.81 3.19563 192.81 3.19563 156 0 0.033118
0.565733 125976 120184 0.131074 192.81 3.27617 192.81 3.27617 160 0 0.033274
0.565974 128872 123080 0.133565 192.81 3.35665 192.81 3.35665 164 0 0.0333754
0.566214 131768 125976 0.135869 192.81 3.43706 192.81 3.43706 168 0 0.0334622
0.568617 133216 128872 0.14828 106.045 3.87072 106.045 3.87072 190 0 0.0352317
0.57102 134664 130320 0.152519 101.225 4.28045 101.225 4.28045 211 0 0.0358703
0.731438 136112 131768 0.172281 1.51644 3.67425 1.51644 3.67425 232 0 0.0397901
0.733842 137560 133216 0.168908 101.225 3.99371 101.225 3.99371 253 0 0.038917
0.736245 139008 134664 0.169085 101.225 4.31109 101.225 4.31109 274 0 0.0388287
0.738648 140456 136112 0.169022 101.225 4.6264 101.225 4.6264 295 0 0.0386884
0.741051 141904 137560 0.169131 101.225 4.93966 101.225 4.93966 316 0 0.0385858
0.912399 143352 139008 0.18479 1.41971 4.27862 1.41971 4.27862 337 0 0.0421227
0.914802 144800 140456 0.181489 101.225 4.5333 101.225 4.5333 358 0 0.0411841
0.917206 146248 141904 0.180735 101.225 4.78664 101.225 4.78664 379 0 0.0408761
0.919609 147696 143352 0.180681 101.225 5.03866 101.225 5.03866 400 0 0.0407381
0.922012 149144 144800 0.180705 101.225 5.28937 101.225 5.28937 421 0 0.0406191
1.10586 150592 146248 0.188932 1.3232 4.63001 1.3232 4.63001 442 0 0.0425483
1.10826 152040 147696 0.192382 101.225 4.83947 101.225 4.83947 463 0 0.0433257
1.11066 153488 149144 0.193099 101.225 5.04803 101.225 5.04803 484 0 0.0433921
1.11307 154936 150592 0.193552 101.225 5.25568 101.225 5.25568 505 0 0.0433893
1.11547 156384 152040 0.193654 101.225 5.46244 101.225 5.46244 526 0 0.0432932
1.31241 157832 153488 0.211877 1.2352 4.82809 1.2352 4.82809 547 0 0.0483737
1.31482 159280 154936 0.208283 101.225 5.00429 101.225 5.00429 568 0 0.0471721
1.31722 160728 156384 0.2076 101.225 5.17984 101.225 5.17984 589 0 0.0468476
1.31962 162176 157832 0.20731 101.225 5.35475 101.225 5.35475 610 0 0.0466399
1.32202 163624 159280 0.207406 101.225 5.52902 101.225 5.52902 631 0 0.0465466
1.53711 165072 160728 0.213487 1.13101 4.91361 1.13101 4.91361 652 0 0.0482547
1.53951 166520 162176 0.222659 101.225 5.06396 101.225 5.06396 673 0 0.0510332
1.54192 167968 163624 0.22488 101.225 5.21383 101.225 5.21383 694 0 0.0516397
1.54432 169416 165072 0.225815 101.225 5.36324 101.225 5.36324 715 0 0.0518282
1.54672 170864 166520 0.226084 101.225 5.51218 101.225 5.51218 736 0 0.0517973
1.54913 172312 167968 0.226147 101.225 5.66066 101.225 5.66066 757 0 0.0516983
1.78572 173760 169416 0.249172 1.07715 5.05338 1.07715 5.05338 779 0 0.0597596
1.78765 172312 170864 0.248308 108.419 5.16459 108.419 5.16459 797 0 0.0593143
1.78777 171410 170864 0.248308 96.4048 5.17072 0 5.16424 798 1 0.059312
1.78789 170959 169416 0.248308 0 5.17037 0 5.16389 798 1 0.0594303
1.78801 170508 169416 0.248308 96.4048 5.1765 0 5.16354 799 2 0.0594303
1.78813 170057 167968 0.248308 0 5.17615 0 5.1632 799 2 0.0595501
1.78825 169606 167968 0.248308 96.4048 5.18228 0 5.16285 800 3 0.0595501
1.78837 169155 167968 0.248308 96.4048 5.18841 0 5.1625 801 4 0.0595501
1.78849 168704 166520 0.248308 0 5.18806 0 5.16216 801 4 0.0596701
1.78861 168253 166520 0.248308 96.4048 5.19419 0 5.16181 802 5 0.0596701
1.78873 167802 166520 0.248308 96.4048 5.20032 0 5.16146 803 6 0.0596701
1.78885 167351 165072 0.248308 0 5.19997 0 5.16112 803 6 0.0597904
1.78897 166900 165072 0.248308 96.4048 5.2061 0 5.16077 804 7 0.0597904
1.78909 166449 165072 0.248308 96.4048 5.21222 0 5.16042 805 8 0.0597904
1.78921 165998 163624 0.248308 0 5.21187 0 5.16008 805 8 0.059911
1.78933 165547 163624 0.248308 96.4048 5.218 0 5.15973 806 9 0.059911
1.78945 165096 163624 0.248308 96.4048 5.22412 0 5.15938 807 10 0.059911
1.78957 164645 163624 0.248308 96.4048 5.23024 0 5.15904 808 11 0.059911
1.78969 164194 162176 0.248308 0 5.22989 0 5.15869 808 11 0.0600319
1.78981 163743 162176 0.248308 95.8845 5.23601 0 5.15834 809 12 0.0600319
1.78993 163292 162176 0.248308 96.4048 5.24213 0 5.158 810 13 0.0600319
1.79005 161393 159280 0.248308 0 5.24178 0 5.15765 810 13 0.0602806
1.79017 160942 159280 0.248308 96.4048 5.2479 0 5.1573 811 14 0.0602746
1.79029 160491 159280 0.248308 96.4048 5.25401 0 5.15696 812 15 0.0602746
1.79041 160040 157832 0.248308 0 5.25366 0 5.15661 812 15 0.0603964
1.79053 157832 157832 0.248308 96.4048 5.25978 0 5.15627 813 16 0.0604047
1.79065 156384 156384 0.248308 0 5.25943 0 5.15592 813 16 0.0605219
1.79077 154936 154936 0.248308 0 5.25907 0 5.15557 813 16 0.0606443
1.79089 153488 153488 0.248308 0 5.25872 0 5.15523 813 16 0.060767
1.79101 152040 152040 0.248308 0 5.25837 0 5.15488 813 16 0.0608899
1.79113 150592 150592 0.248308 0 5.25802 0 5.15454 813 16 0.0610132
1.79125 149144 149144 0.248308 0 5.25766 0 5.15419 813 16 0.0611368
1.79137 147696 147696 0.248308 0 5.25731 0 5.15384 813 16 0.0612607
1.79149 146248 146248 0.248308 0 5.25696 0 5.1535 813 16 0.0613849
1.79161 144800 144800 0.248308 0 5.2566 0 5.15315 813 16 0.0615094
1.79173 143352 143352 0.248308 0 5.25625 0 5.15281 813 16 0.0616342
1.79185 141904 141904 0.248308 0 5.2559 0 5.15246 813 16 0.0617592
1.79197 140456 140456 0.248308 0 5.25555 0 5.15212 813 16 0.0618846
1.79209 139008 139008 0.248308 0 5.25519 0 5.15177 813 16 0.0620103
1.79221 137560 137560 0.248308 0 5.25484 0 5.15142 813 16 0.0621363
1.79233 136112 136112 0.248308 0 5.25449 0 5.15108 813 16 0.0622626
1.79245 133216 133216 0.248308 0 5.25414 0 5.15073 813 16 0.0625272
1.79257 131768 131768 0.248308 0 5.25378 0 5.15039 813 16 0.0626432
1.79269 130320 130320 0.248308 0 5.25343 0 5.15004 813 16 0.0627706
1.79281 128872 128872 0.248308 0 5.25308 0 5.1497 813 16 0.0628984
1.79293 127424 127424 0.248308 0 5.25273 0 5.14935 813 16 0.0630265
1.79305 125976 125976 0.248308 0 5.25238 0 5.14901 813 16 0.0631548
1.79317 124528 124528 0.248308 0 5.25202 0 5.14866 813 16 0.0632835
1.79329 123455 123080 0.248308 0 5.25167 0 5.14832 813 16 0.0634108
1.79341 121632 121632 0.248308 0 5.25132 0 5.14797 813 16 0.0635439
1.79486 120184 118736 0.248308 88.3711 5.31809 0 5.14384 824 27 0.0638011
1.79726 118736 117288 0.248308 96.4048 5.43989 0 5.13696 844 47 0.0639312
2.01823 121632 117288 0.248308 1.83478 5.04517 0 4.57452 879 82 0.0639424
2.02388 123080 120184 0.248308 100.542 5.31156 0 4.56176 928 131 0.0636712
2.20172 124528 120184 0.231049 0.78166 4.94567 0.78166 4.25643 940 131 0.0574692
2.20412 125976 121632 0.198093 101.225 5.05065 101.225 4.36216 961 131 0.0471513
2.20772 127424 123080 0.188208 99.6183 5.20506 99.6183 4.51769 992 131 0.0443898
2.38304 128872 124528 0.20847 1.78405 4.95338 1.78405 4.31659 1019 131 0.0498668
2.40539 130320 125976 0.208379 4.66475 4.9507 4.66475 4.31982 1028 131 0.0497111
2.40803 131768 127424 0.205008 100.787 5.05591 100.787 4.42572 1051 131 0.0485938
2.41164 133216 128872 0.204136 99.6183 5.19726 99.6183 4.56801 1082 131 0.0482136
2.59067 134664 130320 0.204537 1.87633 4.96775 1.87633 4.38199 1111 131 0.0482017
2.6135 136112 131768 0.207934 4.56654 4.96425 4.56654 4.38361 1120 131 0.0490676
2.61615 137560 133216 0.208226 100.787 5.06107 100.787 4.48102 1143 131 0.0490269
2.61999 139008 134664 0.208514 99.4174 5.19955 99.4174 4.62035 1176 131 0.0489856
2.80396 140456 136112 0.209131 1.95202 4.98648 1.95202 4.44528 1207 131 0.0490427
2.82787 141904 137560 0.213226 6.2978 4.99757 6.2978 4.46095 1220 131 0.0501543
2.83171 143352 139008 0.214099 99.4174 5.12578 99.4174 4.58989 1253 131 0.0502968
2.83772 144800 140456 0.214402 98.3329 5.32312 98.3329 4.78836 1304 131 0.0502645
3.04848 146248 141904 0.219667 1.15422 5.0349 1.15422 4.53711 1325 131 0.0517928
3.05137 147696 143352 0.220042 100.422 5.12505 100.422 4.62773 1350 131 0.0517877
3.05545 149144 144800 0.220346 99.2402 5.25089 99.2402 4.75423 1385 131 0.0517601
3.27198 150592 146248 0.221417 1.44447 4.99899 1.44447 4.5352 1412 131 0.0519805
3.27511 152040 147696 0.224814 100.113 5.08972 100.113 4.62638 1439 131 0.0529645
3.27919 153488 149144 0.2255 99.2402 5.20702 99.2402 4.74425 1474 131 0.0530671
3.47866 154936 150592 0.250169 2.38108 5.04498 2.38108 4.60875 1515 131 0.0617175
3.50533 156384 152040 0.23638 9.98788 5.0826 9.98788 4.64968 1538 131 0.0565398
3.51182 157832 153488 0.231533 98.1901 5.25463 98.1901 4.82252 1593 131 0.0547305
3.73988 159280 154936 0.23581 1.87933 5.0488 1.87933 4.64304 1630 131 0.0560935
3.74637 160728 156384 0.236722 98.1901 5.21012 98.1901 4.80506 1685 131 0.0562924
3.95202 162176 159280 0.261933 2.76014 5.08263 2.76014 4.69865 1734 131 0.065595
3.98633 163624 159280 0.243045 15.53 5.17255 15.53 4.79188 1780 131 0.0583234
4.19817 165072 160728 0.24273 3.66371 5.09642 3.66371 4.73495 1847 131 0.0580867
4.23086 166520 162176 0.246016 10.2785 5.13645 10.2785 4.77777 1876 131 0.059177
4.44083 167968 165072 0.271789 4.68936 5.11531 4.68936 4.77359 1961 131 0.0691883
4.47562 166520 165072 0.26869 1.99763 5.09107 1.99763 4.75201 1967 131 0.0678854
4.47574 165612 165072 0.26869 96.4048 5.09352 0 4.75188 1968 132 0.0678831
4.47586 165158 163624 0.26869 0 5.09339 0 4.75176 1968 132 0.0680026
4.47599 164704 163624 0.26869 96.4048 5.09584 0 4.75163 1969 133 0.0680026
4.47611 164250 162176 0.26869 0 5.0957 0 4.7515 1969 133 0.0681235
4.47623 163796 162176 0.26869 96.4048 5.09815 0 4.75137 1970 134 0.0681235
4.47635 163342 162176 0.26869 96.4048 5.1006 0 4.75125 1971 135 0.0681235
4.47647 162888 160728 0.26869 0 5.10047 0 4.75112 1971 135 0.0682448
4.47659 162434 160728 0.26869 96.4048 5.10292 0 4.75099 1972 136 0.0682448
4.47671 161980 160728 0.26869 96.4048 5.10537 0 4.75086 1973 137 0.0682448
4.47683 161526 159280 0.26869 0 5.10523 0 4.75074 1973 137 0.0683663
4.47695 161072 159280 0.26869 96.4048 5.10768 0 4.75061 1974 138 0.0683663
4.47707 160618 159280 0.26869 96.4048 5.11013 0 4.75048 1975 139 0.0683663
4.47719 160164 157832 0.26869 0 5.10999 0 4.75035 1975 139 0.0684881
4.47731 159710 157832 0.26869 96.4048 5.11244 0 4.75023 1976 140 0.0684881
4.47743 159256 157832 0.26869 96.4048 5.11489 0 4.7501 1977 141 0.0684881
4.47755 158802 156384 0.26869 0 5.11476 0 4.74997 1977 141 0.0686102
4.47767 158348 156384 0.26869 96.4048 5.11721 0 4.74984 1978 142 0.0686102
4.47779 157894 156384 0.26869 96.4048 5.11966 0 4.74972 1979 143 0.0686102
4.47791 157440 156384 0.26869 96.4048 5.12211 0 4.74959 1980 144 0.0686102
4.47803 156986 154936 0.26869 0 5.12197 0 4.74946 1980 144 0.0687326
4.47815 156532 154936 0.26869 96.4048 5.12442 0 4.74933 1981 145 0.0687326
4.47827 156078 154936 0.26869 96.4048 5.12687 0 4.74921 1982 146 0.0687326
4.47839 155624 153488 0.26869 0 5.12673 0 4.74908 1982 146 0.0688552
4.47851 155170 153488 0.26869 96.4048 5.12918 0 4.74895 1983 147 0.0688552
4.47863 153488 153488 0.26869 96.4048 5.13163 0 4.74883 1984 148 0.0688599
4.47875 152040 152040 0.26869 0 5.13149 0 4.7487 1984 148 0.0689816
4.47887 150592 150592 0.26869 0 5.13135 0 4.74857 1984 148 0.0691049
4.47899 147696 147696 0.26869 0 5.13121 0 4.74844 1984 148 0.0693636
4.47911 146248 146248 0.26869 0 5.13108 0 4.74831 1984 148 0.0694766
4.47923 144800 144800 0.26869 0 5.13094 0 4.74819 1984 148 0.069601
4.47935 143352 143352 0.26869 0 5.1308 0 4.74806 1984 148 0.0697258
4.47947 141904 141904 0.26869 0 5.13066 0 4.74793 1984 148 0.0698509
4.47959 140456 140456 0.26869 0 5.13053 0 4.74781 1984 148 0.0699763
4.47971 139008 139008 0.26869 0 5.13039 0 4.74768 1984 148 0.070102
4.47983 137560 137560 0.26869 0 5.13025 0 4.74755 1984 148 0.0702279
4.47995 136112 136112 0.26869 0 5.13011 0 4.74742 1984 148 0.0703542
4.48007 134664 134664 0.26869 0 5.12998 0 4.7473 1984 148 0.0704808
4.48019 133216 133216 0.26869 0 5.12984 0 4.74717 1984 148 0.0706077
4.48031 131768 131768 0.26869 0 5.1297 0 4.74704 1984 148 0.0707348
4.48043 130320 130320 0.26869 0 5.12956 0 4.74691 1984 148 0.0708623
4.48055 128872 128872 0.26869 0 5.12943 0 4.74679 1984 148 0.0709901
4.48067 127424 127424 0.26869 0 5.12929 0 4.74666 1984 148 0.0711181
4.48079 125976 125976 0.26869 0 5.12915 0 4.74653 1984 148 0.0712465
4.48091 124528 124528 0.26869 0 5.12901 0 4.7464 1984 148 0.0713751
4.48103 123080 123080 0.26869 0 5.12888 0 4.74628 1984 148 0.0715041
4.48115 121632 121632 0.26869 0 5.12874 0 4.74615 1984 148 0.0716333
4.48127 120184 120184 0.26869 0 5.1286 0 4.74602 1984 148 0.0717629
4.48139 118736 118736 0.26869 0 5.12846 0 4.7459 1984 148 0.0718928
4.48151 117288 117288 0.26869 0 5.12833 0 4.74577 1984 148 0.0720229
4.65586 118736 115840 0.26869 5.3817 5.13781 0 4.56805 2065 229 0.0721534
4.79561 120184 115840 0.19281 4.80781 5.1282 4.80781 4.57504 2123 229 0.0462401
4.8319 121632 117288 0.185717 4.78832 5.12564 4.78832 4.57664 2138 229 0.044276
4.97417 123080 118736 0.177515 5.61818 5.13973 5.61818 4.60643 2207 229 0.0421509
5.01118 124528 120184 0.180705 5.32104 5.14107 5.32104 4.61171 2224 229 0.0427809
5.15537 125976 121632 0.179538 5.54328 5.15232 5.54328 4.63776 2293 229 0.0423711
5.19298 127424 123080 0.183005 5.85205 5.15739 5.85205 4.64656 2312 229 0.0430826
5.33921 128872 124528 0.182026 5.46584 5.16584 5.46584 4.669 2381 229 0.0427137
5.38295 130320 125976 0.184347 17.7448 5.26804 17.7448 4.77524 2448 229 0.0431571
5.56463 131768 127424 0.188022 2.86919 5.18972 2.86919 4.71301 2493 229 0.0439561
5.71507 133216 128872 0.187574 5.31304 5.19297 5.31304 4.72881 2562 229 0.0437136
5.76025 134664 130320 0.190188 18.2041 5.29502 18.2041 4.8345 2633 229 0.0442597
5.95143 136112 131768 0.192573 5.02929 5.28649 5.02929 4.84075 2716 229 0.0447589
6.14164 137560 133216 0.198133 3.5931 5.23404 3.5931 4.80211 2775 229 0.0461368
6.33846 139008 134664 0.196556 5.59124 5.24513 5.59124 4.82662 2870 229 0.0455767
6.53745 140456 136112 0.202242 5.6469 5.25736 5.6469 4.85159 2967 229 0.0470355
6.89817 141904 137560 0.220032 5.2345 5.25617 5.2345 4.87161 3130 229 0.0522865
9.62388 143352 139008 0.213185 5.41013 5.29977 5.41013 5.02413 4403 229 0.0500158
9.83764 144800 140456 0.213568 5.36485 5.30118 5.36485 5.03153 4502 229 0.0500079
10.0633 146248 141904 0.224611 5.59538 5.30778 5.59538 5.04418 4611 229 0.053396
10.2665 147696 143352 0.214452 5.18796 5.30541 5.18796 5.04702 4702 229 0.0500295
10.4815 149144 144800 0.235259 5.44264 5.30822 5.44264 5.05514 4803 229 0.056765
10.697 150592 146248 0.215385 5.53495 5.31279 5.53495 5.06481 4906 229 0.0500693
10.704 152040 147696 0.2162 18.2837 5.32124 18.2837 5.07341 4917 229 0.0501992
10.9128 153488 149144 0.236117 5.1586 5.31813 5.1586 5.07504 5010 229 0.056694
10.9554 154936 150592 0.227514 4.62961 5.31545 4.62961 5.07331 5027 229 0.0536141
11.1294 156384 152040 0.236769 5.92543 5.32499 5.92543 5.08663 5116 229 0.0566774
11.1296 157832 153488 0.234298 144.607 5.328 144.607 5.08965 5119 229 0.0556868
11.3464 159280 154936 0.237516 5.61114 5.33341 5.61114 5.09961 5224 229 0.0566962
11.3466 160728 156384 0.234952 144.607 5.33636 144.607 5.10257 5227 229 0.0556699
11.3895 162176 157832 0.227678 5.13079 5.33558 5.13079 5.10267 5246 229 0.0530557
11.5643 163624 159280 0.238142 5.89693 5.34407 5.89693 5.11468 5335 229 0.0565525
11.5646 165072 160728 0.235624 144.607 5.34696 144.607 5.11758 5338 229 0.0555403
11.6076 166520 162176 0.227882 5.65503 5.3481 5.65503 5.11957 5359 229 0.0527595
11.7832 167968 163624 0.218476 6.00468 5.35789 6.00468 5.13276 5450 229 0.0495691
11.7834 169416 165072 0.218542 144.607 5.36073 144.607 5.1356 5453 229 0.0494692
11.7913 170864 166520 0.218862 27.7529 5.37579 27.7529 5.15081 5472 229 0.0494506
12.0033 172312 167968 0.24006 5.19187 5.37254 5.19187 5.15154 5567 229 0.056515
12.0035 173760 169416 0.237552 144.607 5.37533 144.607 5.15433 5570 229 0.0554985
12.0038 175208 170864 0.235358 144.607 5.37811 144.607 5.15712 5573 229 0.0546048
12.0473 176656 172312 0.22394 6.65779 5.38273 6.65779 5.16254 5598 229 0.0506116
12.2245 178104 173760 0.220622 5.94769 5.39093 5.94769 5.17392 5689 229 0.0494158
12.2247 179552 175208 0.220669 144.607 5.39366 144.607 5.17666 5692 229 0.0493125
12.225 181000 176656 0.220711 144.607 5.3964 144.607 5.17941 5695 229 0.0492075
12.2271 182448 178104 0.221383 101.761 5.41344 101.761 5.19649 5714 229 0.0493061
12.4472 183896 179552 0.221952 5.3178 5.41175 5.3178 5.19863 5815 229 0.0493725
12.4474 185344 181000 0.222083 144.607 5.41444 144.607 5.20133 5818 229 0.0492976
12.4613 186792 182448 0.223018 25.7634 5.4372 25.7634 5.22433 5849 229 0.0494845
12.4968 188240 183896 0.223189 14.0522 5.46164 14.0522 5.24937 5892 229 0.0494238
12.6709 189688 185344 0.223175 3.52619 5.43504 3.52619 5.22569 5945 229 0.0493027
12.6711 191136 186792 0.223278 144.607 5.43768 144.607 5.22833 5948 229 0.0492202
12.6743 192584 188240 0.223873 100.113 5.46102 100.113 5.25172 5975 229 0.0492989
12.7193 194032 189688 0.225147 8.99778 5.47355 8.99778 5.26499 6010 229 0.0496026
12.7246 195480 191136 0.224514 98.5958 5.51224 98.5958 5.30377 6055 229 0.0492786
12.8964 196928 192584 0.224749 1.6854 5.46125 1.6854 5.25556 6080 229 0.0492412
12.8988 198376 194032 0.22543 101.225 5.4791 101.225 5.27344 6101 229 0.0493512
12.9427 199824 195480 0.22959 6.07482 5.48111 6.07482 5.27615 6124 229 0.0506306
12.9458 201272 196928 0.226794 100.113 5.50395 100.113 5.29904 6151 229 0.0495761
12.9499 202720 198376 0.226255 99.2402 5.53352 99.2402 5.32868 6186 229 0.0492827
13.1238 204168 199824 0.247643 2.19859 5.48934 2.19859 5.28721 6219 229 0.0567386
13.1245 205616 201272 0.241159 112.472 5.49522 112.472 5.2931 6226 229 0.0542342
13.1271 207064 202720 0.230729 100.787 5.51441 100.787 5.31233 6249 229 0.050451
13.1715 208512 204168 0.230726 6.53149 5.51783 6.53149 5.31643 6274 229 0.0503373
13.1739 209960 205616 0.228717 101.225 5.53529 101.225 5.33393 6295 229 0.0495432
13.1775 211408 207064 0.228474 99.6183 5.56103 99.6183 5.35972 6326 229 0.0493494
13.1818 212856 208512 0.228221 99.0827 5.59172 99.0827 5.39048 6363 229 0.0491526
13.3553 214304 209960 0.229409 1.26848 5.53555 1.26848 5.33692 6382 229 0.0494423
13.3636 215752 211408 0.230595 29.3406 5.55032 29.3406 5.35182 6403 229 0.0497342
13.4015 217200 212856 0.232646 5.2028 5.54934 5.2028 5.35139 6420 229 0.0503275
13.4039 218648 214304 0.230981 101.225 5.56649 101.225 5.36858 6441 229 0.0496449
13.407 220096 215752 0.230661 100.113 5.58852 100.113 5.39066 6468 229 0.0494253
13.4106 221544 217200 0.230767 99.6183 5.6138 99.6183 5.41599 6499 229 0.049352
13.5854 222992 218648 0.252439 1.25889 5.55775 1.25889 5.36249 6518 229 0.0571136
13.5871 224440 220096 0.240225 103.291 5.56986 103.291 5.37462 6533 229 0.0524525
13.5893 225888 221544 0.234646 101.761 5.58517 101.761 5.38996 6552 229 0.0503639
13.6334 227336 222992 0.23614 4.99098 5.58324 4.99098 5.38867 6571 229 0.0507793
13.6355 228784 224440 0.233811 101.761 5.5985 101.761 5.40395 6590 229 0.0498559
13.6382 230232 225888 0.23298 100.787 5.61695 100.787 5.42244 6613 229 0.0494597
13.6413 231680 227336 0.232964 100.113 5.63859 100.113 5.44413 6640 229 0.0493461
13.6452 233128 228784 0.232958 99.4174 5.66502 99.4174 5.47061 6673 229 0.0492367
13.8213 234576 230232 0.245178 0.986406 5.60539 0.986406 5.41346 6688 229 0.0535058
13.8232 236024 231680 0.238497 102.43 5.61885 102.43 5.42695 6705 229 0.0509693
13.8309 237472 233128 0.236202 25.6075 5.62997 25.6075 5.43817 6722 229 0.0500486
13.8694 238920 234576 0.235841 5.1215 5.62856 5.1215 5.43729 6739 229 0.0498152
13.8715 240368 236024 0.235819 101.761 5.64355 101.761 5.45231 6758 229 0.0497017
13.8739 241816 237472 0.235717 101.225 5.6601 101.225 5.4689 6779 229 0.0495599
13.8768 243264 238920 0.235943 100.422 5.6798 100.422 5.48863 6804 229 0.0495341
13.8797 244712 240368 0.235988 100.422 5.69948 100.422 5.50836 6829 229 0.049445
14.0579 246160 241816 0.257996 1.10511 5.64124 1.10511 5.45254 6846 229 0.0575707
14.0591 247608 243264 0.248256 106.045 5.64983 106.045 5.46114 6857 229 0.0537041
14.061 249056 244712 0.241649 102.43 5.66306 102.43 5.4744 6874 229 0.0511559
14.0629 250504 246160 0.239338 102.43 5.67629 102.43 5.48765 6891 229 0.0502176
14.1074 251952 247608 0.239094 4.42941 5.67236 4.42941 5.48432 6908 229 0.0500266
14.1093 253400 249056 0.238831 102.43 5.68554 102.43 5.49753 6925 229 0.0498293
14.1117 254848 250504 0.238839 101.225 5.70181 101.225 5.51383 6946 229 0.0497292
14.1144 256296 251952 0.23893 100.787 5.71962 100.787 5.53168 6969 229 0.049659
14.1173 257744 253400 0.238986 100.422 5.73897 100.422 5.55106 6994 229 0.0495765
14.1204 259192 254848 0.239171 100.113 5.75985 100.113 5.57198 7021 229 0.0495407
14.3005 260640 256296 0.251931 0.836066 5.69783 0.836066 5.51233 7034 229 0.054174
14.3019 262088 257744 0.246194 104.439 5.70779 104.439 5.5223 7047 229 0.0519034
14.3039 263536 259192 0.243368 102.43 5.72079 102.43 5.53533 7064 229 0.0507577
14.3164 264984 260640 0.243597 15.7585 5.72955 15.7585 5.54425 7081 229 0.050741
14.3501 266432 262088 0.244621 5.14616 5.72817 5.14616 5.54332 7096 229 0.0510171
14.3521 267880 263536 0.243099 102.43 5.74113 102.43 5.5563 7113 229 0.0503571
14.3542 269328 264984 0.242636 101.761 5.7556 101.761 5.57079 7132 229 0.0500877
14.3566 270776 266432 0.24253 101.225 5.77158 101.225 5.5868 7153 229 0.0499494
14.3595 272224 267880 0.242744 100.422 5.79059 100.422 5.60585 7178 229 0.0499281
14.3626 273672 269328 0.242768 100.113 5.8111 100.113 5.62641 7205 229 0.0498378
14.5449 275120 270776 0.258649 0.826145 5.74863 0.826145 5.56625 7218 229 0.0557962
14.5464 276568 272224 0.251235 104.439 5.75841 104.439 5.57605 7231 229 0.0528071
14.548 278016 273672 0.24773 103.291 5.76969 103.291 5.58735 7246 229 0.0513807
14.5497 279464 275120 0.246224 103.291 5.78097 103.291 5.59864 7261 229 0.0507195
14.5945 280912 276568 0.249743 3.87687 5.77512 3.87687 5.59336 7276 229 0.0519448
14.5962 282360 278016 0.247534 103.291 5.78636 103.291 5.60462 7291 229 0.0510141
14.5981 283808 279464 0.246527 102.43 5.79909 102.43 5.61737 7308 229 0.0505404
14.6001 285256 280912 0.246379 102.43 5.81181 102.43 5.63012 7325 229 0.0503885
14.6025 286704 282360 0.246367 101.225 5.82751 101.225 5.64585 7346 229 0.0502875
14.6051 288152 283808 0.246459 100.787 5.8447 100.787 5.66307 7369 229 0.0502254
14.608 289600 285256 0.246522 100.422 5.86337 100.422 5.68178 7394 229 0.0501533
14.792 291048 286704 0.269323 1.07046 5.80376 1.07046 5.62443 7411 229 0.0590835
14.7923 289600 288152 0.269323 160.384 5.80754 160.384 5.6282 7416 229 0.0589883
14.7924 288702 288152 0.269323 96.4048 5.80827 0 5.62816 7417 230 0.058986
14.7926 288252 286704 0.269323 0 5.80822 0 5.62811 7417 230 0.0590801
14.7927 287803 286704 0.269323 96.4048 5.80896 0 5.62807 7418 231 0.0590801
14.7928 287354 285256 0.269323 0 5.80891 0 5.62802 7418 231 0.0591757
14.7929 286904 285256 0.269323 96.4048 5.80965 0 5.62798 7419 232 0.0591757
14.793 285007 283808 0.269323 96.4048 5.81039 0 5.62793 7420 233 0.0592776
14.7932 284557 282360 0.269323 0 5.81034 0 5.62788 7420 233 0.0593677
14.7933 284108 282360 0.269323 96.4048 5.81107 0 5.62784 7421 234 0.0593677
14.7934 283659 282360 0.269323 96.4048 5.81181 0 5.62779 7422 235 0.0593677
14.7935 283209 280912 0.269323 0 5.81176 0 5.62775 7422 235 0.0594642
14.7936 282760 280912 0.269323 96.4048 5.8125 0 5.6277 7423 236 0.0594642
14.7938 282311 280912 0.269323 96.4048 5.81323 0 5.62766 7424 237 0.0594642
14.7939 281861 279464 0.269323 0 5.81319 0 5.62761 7424 237 0.0595609
14.794 279464 279464 0.269323 96.4048 5.81392 0 5.62756 7425 238 0.0595708
14.7941 278016 278016 0.269323 0 5.81388 0 5.62752 7425 238 0.0596613
14.7942 276568 276568 0.269323 0 5.81383 0 5.62747 7425 238 0.0597587
14.7944 275120 275120 0.269323 0 5.81378 0 5.62743 7425 238 0.0598563
14.7945 272224 272224 0.269323 0 5.81373 0 5.62738 7425 238 0.0600637
14.7946 270776 270776 0.269323 0 5.81369 0 5.62734 7425 238 0.0601511
14.7947 269328 269328 0.269323 0 5.81364 0 5.62729 7425 238 0.0602499
14.7948 267880 267880 0.269323 0 5.81359 0 5.62724 7425 238 0.060349
14.795 266432 266432 0.269323 0 5.81354 0 5.6272 7425 238 0.0604485
14.7951 264984 264984 0.269323 0 5.8135 0 5.62715 7425 238 0.0605482
14.7952 263536 263536 0.269323 0 5.81345 0 5.62711 7425 238 0.0606482
14.7953 262088 262088 0.269323 0 5.8134 0 5.62706 7425 238 0.0607486
14.7954 260640 260640 0.269323 0 5.81336 0 5.62702 7425 238 0.0608492
14.7956 259510 259192 0.269323 0 5.81331 0 5.62697 7425 238 0.0609487
14.7957 259061 257744 0.269323 0 5.81326 0 5.62692 7425 238 0.061048
14.7958 256296 256296 0.269323 0 5.81321 0 5.62688 7425 238 0.0611627
14.7959 254848 254848 0.269323 0 5.81317 0 5.62683 7425 238 0.0612547
14.796 253400 253400 0.269323 0 5.81312 0 5.62679 7425 238 0.0613568
14.7962 250504 250504 0.269323 0 5.81307 0 5.62674 7425 238 0.0615731
14.7963 249056 249056 0.269323 0 5.81303 0 5.6267 7425 238 0.061665
14.7964 247608 247608 0.269323 0 5.81298 0 5.62665 7425 238 0.0617683
14.7965 246160 246160 0.269323 0 5.81293 0 5.6266 7425 238 0.0618719
14.7966 244712 244712 0.269323 0 5.81288 0 5.62656 7425 238 0.0619758
14.7968 243264 243264 0.269323 0 5.81284 0 5.62651 7425 238 0.06208
14.7969 241816 241816 0.269323 0 5.81279 0 5.62647 7425 238 0.0621845
14.797 240368 240368 0.269323 0 5.81274 0 5.62642 7425 238 0.0622893
14.7971 238920 238920 0.269323 0 5.81269 0 5.62638 7425 238 0.0623944
14.7972 237472 237472 0.269323 0 5.81265 0 5.62633 7425 238 0.0624998
14.7974 236710 236024 0.269323 0 5.8126 0 5.62628 7425 238 0.0626028
14.7975 234576 234576 0.269323 0 5.81255 0 5.62624 7425 238 0.0627159
14.7976 233128 233128 0.269323 0 5.81251 0 5.62619 7425 238 0.0628178
14.7977 231680 231680 0.269323 0 5.81246 0 5.62615 7425 238 0.0629244
14.7979 228784 228784 0.269323 0 5.81241 0 5.6261 7425 238 0.0631497
14.798 227336 227336 0.269323 0 5.81236 0 5.62606 7425 238 0.063246
14.8039 225888 225888 0.269323 0 5.81005 0 5.62382 7425 238 0.0633537
14.804 224440 224440 0.269323 0 5.81001 0 5.62377 7425 238 0.0634618
14.8041 222992 222992 0.269323 0 5.80996 0 5.62373 7425 238 0.0635702
14.8042 221544 221544 0.269323 0 5.80991 0 5.62368 7425 238 0.0636789
14.8043 220096 220096 0.269323 0 5.80986 0 5.62364 7425 238 0.0637879
14.8045 218648 218648 0.269323 0 5.80982 0 5.62359 7425 238 0.0638971
14.8094 217200 217200 0.269323 0 5.80788 0 5.62172 7425 238 0.0640067
14.8095 215752 215752 0.269323 0 5.80784 0 5.62167 7425 238 0.0641166
14.8423 214359 214304 0.269323 0 5.795 0 5.60925 7425 238 0.0642265
14.8424 213910 212856 0.269323 0 5.79495 0 5.6092 7425 238 0.0643339
14.8426 211408 211408 0.269323 0 5.79491 0 5.60916 7425 238 0.0644554
14.8427 207064 207064 0.269323 0 5.79486 0 5.60911 7425 238 0.0648119
14.8428 205616 205616 0.269323 0 5.79481 0 5.60907 7425 238 0.0648941
14.8429 204168 204168 0.269323 0 5.79477 0 5.60902 7425 238 0.0650063
14.843 202720 202720 0.269323 0 5.79472 0 5.60898 7425 238 0.0651189
14.8444 201272 199824 0.269323 87.6407 5.80201 0 5.60848 7435 248 0.0653449
14.8463 199824 198376 0.269323 96.4048 5.81374 0 5.60775 7451 264 0.0654583
14.8482 198376 196928 0.269323 96.4048 5.82547 0 5.60702 7467 280 0.0655721
14.8506 196928 195480 0.269323 96.4048 5.84013 0 5.60612 7487 300 0.0656861
14.8532 195480 194032 0.269323 96.4048 5.85625 0 5.60512 7509 322 0.0658005
14.8561 194032 192584 0.269323 96.4048 5.87382 0 5.60403 7533 346 0.0659151
15.0193 202720 192584 0.269323 1.20683 5.82312 0 5.54315 7550 363 0.0660456
15.064 204168 201272 0.269323 31.8772 5.90043 0 5.5267 7673 486 0.0652317
15.1947 205616 201272 0.251647 1.06329 5.85881 1.06329 5.4883 7685 486 0.0581439
15.195 207064 202720 0.242191 144.607 5.861 144.607 5.4905 7688 486 0.0544961
15.229 208512 204168 0.192511 8.51632 5.86693 8.51632 5.49725 7713 486 0.0387492
15.2348 209960 205616 0.178008 98.4132 5.90197 98.4132 5.53243 7762 486 0.0350037
15.2405 211408 207064 0.177436 98.4132 5.93698 98.4132 5.56758 7811 486 0.0347571
15.3755 212856 208512 0.189541 2.14614 5.90371 2.14614 5.53755 7836 486 0.0376351
15.4102 214304 209960 0.185023 8.33952 5.9092 8.33952 5.54387 7861 486 0.0363736
15.4135 215752 211408 0.181805 99.8478 5.9297 99.8478 5.56445 7890 486 0.0354682
15.4181 217200 212856 0.181451 98.9418 5.95725 98.9418 5.5921 7929 486 0.0352712
15.5592 218648 214304 0.181839 4.18794 5.94121 4.18794 5.57937 7980 486 0.0352553
15.5594 220096 215752 0.182234 144.607 5.94335 144.607 5.58152 7983 486 0.0352415
15.5946 221544 217200 0.188119 6.90956 5.94553 6.90956 5.58452 8004 486 0.0366048
15.598 222992 218648 0.185969 99.8478 5.96578 99.8478 5.60485 8033 486 0.035949
15.6026 224440 220096 0.185937 98.9418 5.99299 98.9418 5.63217 8072 486 0.0358318
15.6088 225888 221544 0.185958 98.2587 6.02993 98.2587 5.66925 8125 486 0.0357281
15.75 227336 222992 0.188164 2.21526 5.99573 2.21526 5.63828 8152 486 0.0361799
15.7868 228784 224440 0.189722 8.50631 6.00158 8.50631 5.64496 8179 486 0.0364735
15.7904 230232 225888 0.190193 99.6183 6.02295 99.6183 5.66642 8210 486 0.0364877
15.7952 231680 227336 0.190327 98.8149 6.05119 98.8149 5.69476 8251 486 0.0364148
15.9414 233128 228784 0.190765 3.56468 6.02838 3.56468 5.67522 8296 486 0.0364218
15.9419 234576 230232 0.191289 120.506 6.03183 120.506 5.67868 8301 486 0.0364519
15.9795 236024 231680 0.196411 8.31607 6.03721 8.31607 5.68489 8328 486 0.0377161
15.9833 237472 233128 0.194716 99.4174 6.05967 99.4174 5.70744 8361 486 0.0371499
15.9884 238920 234576 0.194586 98.7001 6.08891 98.7001 5.73679 8404 486 0.0370087
15.9949 240368 236024 0.194574 98.1901 6.12628 98.1901 5.7743 8459 486 0.0368993
16.1782 241816 237472 0.198209 1.83207 6.0776 1.83207 5.72962 8488 486 0.0377854
16.1821 243264 238920 0.199519 99.4174 6.09978 99.4174 5.75188 8521 486 0.0380438
16.1871 244712 240368 0.199696 98.7001 6.12865 98.7001 5.78086 8564 486 0.0379881
16.1939 246160 241816 0.199963 98.1263 6.16688 98.1263 5.81923 8621 486 0.0379579
16.3459 247608 243264 0.202467 2.66733 6.13434 2.66733 5.78992 8656 486 0.0385607
16.3859 249056 244712 0.203842 10.1326 6.1441 10.1326 5.80052 8691 486 0.03885
16.3912 250504 246160 0.204029 98.5958 6.17392 98.5958 5.83046 8736 486 0.0388
16.3979 251952 247608 0.204216 98.1263 6.21166 98.1263 5.86833 8793 486 0.0387503
16.5533 253400 249056 0.207072 2.60957 6.17785 2.60957 5.83774 8828 486 0.0394788
16.5942 254848 250504 0.209123 10.4603 6.18842 10.4603 5.84916 8865 486 0.0399834
16.5995 256296 251952 0.208727 98.5958 6.21785 98.5958 5.8787 8910 486 0.0397626
16.6065 257744 253400 0.20893 98.0669 6.2564 98.0669 5.91739 8969 486 0.0397207
16.7656 259192 254848 0.211534 2.69409 6.2226 2.69409 5.8868 9006 486 0.040401
16.8084 260640 256296 0.213636 12.186 6.23777 12.186 5.90283 9051 486 0.0409408
16.8137 262088 257744 0.213414 98.5958 6.26682 98.5958 5.93198 9096 486 0.0407709
16.8209 263536 259192 0.213572 98.0115 6.30614 98.0115 5.97145 9157 486 0.0407181
17.0207 264984 260640 0.220364 2.14491 6.25728 2.14491 5.92652 9194 486 0.0427495
17.0262 266432 262088 0.21728 98.5005 6.28723 98.5005 5.95657 9241 486 0.0416692
17.0334 267880 263536 0.21728 98.0115 6.32605 98.0115 5.99554 9302 486 0.0415689
17.1994 269328 264984 0.217623 3.42059 6.29802 3.42059 5.97069 9351 486 0.0415768
17.2451 270776 266432 0.220665 15.4349 6.32228 15.4349 5.99582 9412 486 0.0424455
17.2564 272224 267880 0.221034 97.4304 6.38191 97.4304 6.05567 9507 486 0.0424647
17.4659 273672 269328 0.226711 3.26327 6.34451 3.26327 6.02218 9566 486 0.0442261
17.4721 275120 270776 0.225009 98.2587 6.37738 98.2587 6.05517 9619 486 0.0435627
17.4834 276568 272224 0.225035 97.4304 6.43621 97.4304 6.1142 9714 486 0.0434727
17.6965 278016 273672 0.227879 3.5343 6.40127 3.5343 6.08314 9779 486 0.0443213
17.708 279464 275120 0.228286 97.409 6.46056 97.409 6.14263 9876 486 0.0443604
17.9248 280912 276568 0.238767 3.90108 6.42961 3.90108 6.11552 9949 486 0.0479
17.9353 282360 278016 0.231259 97.5003 6.4833 97.5003 6.1694 10038 486 0.0451746
18.1173 283808 279464 0.238102 6.30388 6.4815 6.30388 6.17075 10137 486 0.0474682
18.3506 285256 280912 0.255685 8.58807 6.50828 8.58807 6.20149 10310 486 0.0539437
18.4063 286704 282360 0.236769 25.6108 6.56602 25.6108 6.26016 10433 486 0.046802
18.6454 288152 283808 0.239046 9.64048 6.60545 9.64048 6.30351 10632 486 0.0475163
18.8867 289600 285256 0.24103 9.65008 6.64435 9.65008 6.34626 10833 486 0.0481347
19.1299 291048 286704 0.243179 9.5738 6.68159 9.5738 6.38729 11034 486 0.0488216
21.761 292496 288152 0.250895 9.25877 6.9932 9.25877 6.73449 13137 486 0.0516129
22.2079 293944 289600 0.244058 9.66899 7.04704 9.66899 6.79354 13510 486 0.0489545
22.4529 295392 291048 0.244602 9.59793 7.07488 9.59793 6.82414 13713 486 0.0490601
22.6982 296840 292496 0.268482 9.58383 7.102 9.58383 6.85397 13916 486 0.0583525
22.6985 298288 293944 0.265671 144.607 7.10346 144.607 6.85543 13919 486 0.0570946
22.9447 299736 295392 0.24572 9.55108 7.12972 9.55108 6.88435 14122 486 0.0491921
22.9874 301184 296840 0.246712 9.5047 7.13413 9.5047 6.88922 14157 486 0.0494679
23.1916 302632 298288 0.246979 9.81061 7.1577 9.81061 6.91495 14330 486 0.0494747
23.1919 304080 299736 0.246982 144.607 7.15913 144.607 6.91638 14333 486 0.0493828
23.4393 305528 301184 0.247461 9.69198 7.18586 9.69198 6.94567 14540 486 0.0494695
23.4395 306976 302632 0.247528 144.607 7.18727 144.607 6.94708 14543 486 0.0494025
23.44 305528 304080 0.247587 144.411 7.19009 144.411 6.94991 14549 486 0.0493327
23.4401 304635 304080 0.247587 96.4048 7.19054 0 6.94987 14550 487 0.0493304
23.4402 304189 302632 0.247587 0 7.19051 0 6.94984 14550 487 0.0494213
23.4404 303742 302632 0.247587 96.4048 7.19096 0 6.9498 14551 488 0.0494213
23.4405 303296 301184 0.247587 0 7.19093 0 6.94976 14551 488 0.0495136
23.4406 302849 301184 0.247587 96.4048 7.19139 0 6.94973 14552 489 0.0495136
23.4407 302402 301184 0.247587 96.4048 7.19184 0 6.94969 14553 490 0.0495136
23.4408 301956 299736 0.247587 0 7.19181 0 6.94966 14553 490 0.0496062
23.441 301509 299736 0.247587 96.4048 7.19226 0 6.94962 14554 491 0.0496062
23.4411 301063 299736 0.247587 96.4048 7.19272 0 6.94959 14555 492 0.0496062
23.4412 300616 298288 0.247587 0 7.19268 0 6.94955 14555 492 0.049699
23.4413 300170 298288 0.247587 96.4048 7.19314 0 6.94951 14556 493 0.049699
23.4414 299723 298288 0.247587 96.4048 7.1936 0 6.94948 14557 494 0.049699
23.4416 296840 296840 0.247587 0 7.19356 0 6.94944 14557 494 0.0498066
23.4417 295392 295392 0.247587 0 7.19352 0 6.94941 14557 494 0.049889
23.4418 293944 293944 0.247587 0 7.19349 0 6.94937 14557 494 0.0499828
23.4419 292496 292496 0.247587 0 7.19345 0 6.94934 14557 494 0.0500769
23.442 291048 291048 0.247587 0 7.19341 0 6.9493 14557 494 0.0501713
23.4422 289600 289600 0.247587 0 7.19338 0 6.94927 14557 494 0.0502659
23.4423 288152 288152 0.247587 0 7.19334 0 6.94923 14557 494 0.0503609
23.4424 286704 286704 0.247587 0 7.1933 0 6.94919 14557 494 0.0504561
23.4425 285256 285256 0.247587 0 7.19327 0 6.94916 14557 494 0.0505517
23.4426 283808 283808 0.247587 0 7.19323 0 6.94912 14557 494 0.0506476
23.4428 282360 282360 0.247587 0 7.19319 0 6.94909 14557 494 0.0507437
23.4429 280912 280912 0.247587 0 7.19316 0 6.94905 14557 494 0.0508402
23.443 280057 279464 0.247587 0 7.19312 0 6.94902 14557 494 0.0509345
23.4431 279610 278016 0.247587 0 7.19308 0 6.94898 14557 494 0.0510306
23.4432 278016 278016 0.247587 96.4048 7.19354 0 6.94894 14558 495 0.0510348
23.4823 276568 276568 0.247587 0 7.18158 0 6.93739 14558 495 0.0511313
23.4824 275120 275120 0.247587 0 7.18154 0 6.93735 14558 495 0.051229
23.4825 273672 273672 0.247587 0 7.1815 0 6.93732 14558 495 0.0513269
23.4827 270776 270776 0.247587 0 7.18147 0 6.93728 14558 495 0.0515349
23.4828 269328 269328 0.247587 0 7.18143 0 6.93725 14558 495 0.0516225
23.4829 267880 267880 0.247587 0 7.18139 0 6.93721 14558 495 0.0517217
23.483 266432 266432 0.247587 0 7.18136 0 6.93718 14558 495 0.0518211
23.4831 264984 264984 0.247587 0 7.18132 0 6.93714 14558 495 0.0519208
23.4833 263536 263536 0.247587 0 7.18128 0 6.9371 14558 495 0.0520209
23.4834 262088 262088 0.247587 0 7.18125 0 6.93707 14558 495 0.0521212
23.4835 260640 260640 0.247587 0 7.18121 0 6.93703 14558 495 0.0522218
23.4836 259192 259192 0.247587 0 7.18117 0 6.937 14558 495 0.0523228
23.4837 258050 257744 0.247587 0 7.18113 0 6.93696 14558 495 0.0524226
23.4839 256296 256296 0.247587 0 7.1811 0 6.93693 14558 495 0.0525272
23.484 254848 254848 0.247587 0 7.18106 0 6.93689 14558 495 0.0526273
23.4841 253400 253400 0.247587 0 7.18102 0 6.93686 14558 495 0.0527294
23.4842 251952 251952 0.247587 0 7.18099 0 6.93682 14558 495 0.0528319
23.4843 250504 250504 0.247587 0 7.18095 0 6.93678 14558 495 0.0529346
23.4845 249056 249056 0.247587 0 7.18091 0 6.93675 14558 495 0.0530376
23.4846 247608 247608 0.247587 0 7.18088 0 6.93671 14558 495 0.0531409
23.4847 246160 246160 0.247587 0 7.18084 0 6.93668 14558 495 0.0532445
23.4848 244712 244712 0.247587 0 7.1808 0 6.93664 14558 495 0.0533484
23.4849 243264 243264 0.247587 0 7.18077 0 6.93661 14558 495 0.0534526
23.4851 241816 241816 0.247587 0 7.18073 0 6.93657 14558 495 0.0535571
23.4852 240368 240368 0.247587 0 7.18069 0 6.93654 14558 495 0.0536619
23.4853 238920 238920 0.247587 0 7.18066 0 6.9365 14558 495 0.053767
23.4854 237937 237472 0.247587 0 7.18062 0 6.93647 14558 495 0.0538704
23.4855 236024 236024 0.247587 0 7.18058 0 6.93643 14558 495 0.0539809
23.4857 234576 234576 0.247587 0 7.18055 0 6.93639 14558 495 0.0540841
23.4858 233128 233128 0.247587 0 7.18051 0 6.93636 14558 495 0.0541904
23.4859 231680 231680 0.247587 0 7.18047 0 6.93632 14558 495 0.054297
23.486 230232 230232 0.247587 0 7.18044 0 6.93629 14558 495 0.0544039
23.4861 228784 228784 0.247587 0 7.1804 0 6.93625 14558 495 0.0545111
23.4863 227336 227336 0.247587 0 7.18036 0 6.93622 14558 495 0.0546186
23.4864 225888 225888 0.247587 0 7.18033 0 6.93618 14558 495 0.0547264
23.4865 224440 224440 0.247587 0 7.18029 0 6.93615 14558 495 0.0548345
23.4866 222992 222992 0.247587 0 7.18025 0 6.93611 14558 495 0.0549428
23.4867 221544 221544 0.247587 0 7.18022 0 6.93608 14558 495 0.0550515
23.4869 220096 220096 0.247587 0 7.18018 0 6.93604 14558 495 0.0551605
23.487 218648 218648 0.247587 0 7.18014 0 6.936 14558 495 0.0552698
23.4871 217825 217200 0.247587 0 7.18011 0 6.93597 14558 495 0.0553768
23.4872 215752 215752 0.247587 0 7.18007 0 6.93593 14558 495 0.0554931
23.4873 214304 214304 0.247587 0 7.18003 0 6.9359 14558 495 0.0555994
23.6876 212856 211408 0.247587 7.92286 7.18631 0 6.87725 14695 632 0.0558206
23.6878 214304 211408 0.247587 96.9307 7.18677 0 6.87721 14696 633 0.0558206
23.8771 215752 212856 0.247587 8.99213 7.20109 0 6.82267 14843 780 0.0557099
23.8774 217200 212856 0.240389 96.4048 7.20198 96.4048 6.82357 14845 780 0.053061
23.9169 218648 214304 0.215636 3.22326 7.19541 3.22326 6.81762 14856 780 0.0446331
23.9234 220096 215752 0.190506 98.1901 7.22009 98.1901 6.8424 14911 780 0.0373322
24.068 221544 217200 0.190072 6.17055 7.21378 6.17055 6.83837 14988 780 0.0371091
24.0682 222992 218648 0.190313 144.607 7.21516 144.607 6.83974 14991 780 0.0370623
24.0684 224440 220096 0.190524 144.607 7.21653 144.607 6.84112 14994 780 0.037008
24.0687 225888 221544 0.190583 144.607 7.2179 144.607 6.84249 14997 780 0.0369146
24.1088 227336 222992 0.191292 4.32956 7.21309 4.32956 6.83831 15012 780 0.0369915
24.109 228784 224440 0.191505 144.607 7.21446 144.607 6.83968 15015 780 0.0369392
24.2626 230232 225888 0.192433 9.88187 7.23134 9.88187 6.85894 15146 780 0.0370759
24.2629 231680 227336 0.192754 144.607 7.2327 144.607 6.8603 15149 780 0.0370532
24.2631 233128 228784 0.193034 144.607 7.23406 144.607 6.86167 15152 780 0.0370204
24.2633 234576 230232 0.19328 144.607 7.23542 144.607 6.86303 15155 780 0.0369786
24.3043 236024 231680 0.19476 5.37153 7.23228 5.37153 6.86052 15174 780 0.0372683
24.3045 237472 233128 0.194915 144.607 7.23364 144.607 6.86188 15177 780 0.0372035
24.4609 238920 234576 0.196028 9.85537 7.2504 9.85537 6.88101 15310 780 0.0373988
24.4611 240368 236024 0.196399 144.607 7.25175 144.607 6.88236 15313 780 0.037394
24.4614 241816 237472 0.196724 144.607 7.2531 144.607 6.88372 15316 780 0.0373771
24.4616 243264 238920 0.196884 144.607 7.25444 144.607 6.88507 15319 780 0.0373153
24.5033 244712 240368 0.198219 6.38994 7.25297 6.38994 6.88423 15342 780 0.0375775
24.6631 246160 241816 0.199692 9.93042 7.27032 9.93042 6.90397 15479 780 0.0378822
24.6633 247608 243264 0.200106 144.607 7.27166 144.607 6.90531 15482 780 0.0378933
24.6653 249056 244712 0.201805 102.43 7.27908 102.43 6.91275 15499 780 0.0382681
24.7119 250504 246160 0.203409 14.6595 7.293 14.6595 6.92737 15558 780 0.0386217
24.7222 251952 247608 0.203593 97.5258 7.33072 97.5258 6.96524 15645 780 0.0385709
24.8722 253400 249056 0.20859 2.70366 7.30282 2.70366 6.93954 15680 780 0.0399278
24.9163 254848 250504 0.206767 9.19392 7.30617 9.19392 6.94353 15715 780 0.0392863
24.9216 256296 251952 0.206786 98.5958 7.32554 98.5958 6.96298 15760 780 0.039189
24.9288 257744 253400 0.206829 98.0115 7.35176 98.0115 6.98931 15821 780 0.0390992
25.0816 259192 254848 0.20929 2.65265 7.32313 2.65265 6.96288 15856 780 0.0397259
25.1264 260640 256296 0.21107 9.56294 7.32712 9.56294 6.96752 15893 780 0.0401588
25.1317 262088 257744 0.210449 98.5958 7.34632 98.5958 6.9868 15938 780 0.03987
25.1389 263536 259192 0.210521 98.0115 7.37232 98.0115 7.0129 15999 780 0.0397903
25.2944 264984 260640 0.212601 2.75655 7.34395 2.75655 6.98674 16036 780 0.04032
25.3397 266432 262088 0.214769 9.46148 7.34774 9.46148 6.99116 16073 780 0.0408857
25.3453 267880 263536 0.213814 98.5005 7.36762 98.5005 7.01112 16120 780 0.0404906
25.3513 269328 264984 0.213993 98.3329 7.38917 98.3329 7.03276 16171 780 0.0404459
25.5093 270776 266432 0.215365 2.56591 7.3593 2.56591 7.00509 16206 780 0.0407705
25.5547 272224 267880 0.219811 9.43645 7.36299 9.43645 7.00941 16243 780 0.0420722
25.5605 273672 269328 0.217222 98.4132 7.38353 98.4132 7.03004 16292 780 0.0411525
25.5679 275120 270776 0.21724 97.9597 7.40993 97.9597 7.05653 16355 780 0.0410594
25.729 276568 272224 0.218504 2.80372 7.38108 2.80372 7.0299 16394 780 0.0413597
25.7763 278016 273672 0.222129 12.0199 7.38958 12.0199 7.03904 16443 780 0.042424
25.7808 279464 275120 0.220672 98.9418 7.40579 98.9418 7.05532 16482 780 0.0418554
25.7885 280912 276568 0.220934 97.9111 7.43278 97.9111 7.08241 16547 780 0.0418422
25.9529 282360 278016 0.222173 3.4531 7.40757 3.4531 7.05942 16596 780 0.0421453
26.0006 283808 279464 0.224439 11.8988 7.41581 11.8988 7.0683 16645 780 0.0427883
26.0085 285256 280912 0.223931 97.8655 7.44339 97.8655 7.09599 16712 780 0.0425248
26.1776 286704 282360 0.224118 4.5907 7.42497 4.5907 7.07981 16779 780 0.0424894
26.2257 288152 283808 0.229087 11.8096 7.43301 11.8096 7.08848 16828 780 0.0440492
26.2377 289600 285256 0.227097 97.3688 7.47419 97.3688 7.12982 16929 780 0.0432841
26.4088 291048 286704 0.234729 4.5359 7.45516 4.5359 7.11302 16996 780 0.0457976
26.4593 292496 288152 0.229797 15.3789 7.47027 15.3789 7.12878 17063 780 0.044003
26.4715 293944 289600 0.229799 97.3499 7.51188 97.3499 7.17055 17166 780 0.0439086
26.6874 295392 291048 0.234336 3.59439 7.48019 3.59439 7.14162 17233 780 0.0453755
26.6997 296840 292496 0.232274 97.3499 7.52144 97.3499 7.18303 17336 780 0.0445664
26.9226 298288 293944 0.237414 5.35293 7.50349 5.35293 7.16788 17439 780 0.0462698
27.1106 299736 295392 0.256619 9.30168 7.51596 9.30168 7.18268 17590 780 0.053359
27.1606 301184 296840 0.239947 13.2093 7.52644 13.2093 7.19377 17647 780 0.0469878
27.3506 302632 298288 0.23828 9.20754 7.53812 9.20754 7.20776 17798 780 0.0462972
27.4136 304080 299736 0.240209 30.3565 7.59053 30.3565 7.26093 17963 780 0.046896
27.6567 305528 301184 0.243048 10.0551 7.61219 10.0551 7.28548 18174 780 0.0478345
28.0845 306976 302632 0.267425 6.90346 7.60139 6.90346 7.27966 18429 780 0.057261
28.3327 305528 304080 0.266956 10.084 7.62313 10.084 7.30422 18645 780 0.0569745
28.3328 304635 304080 0.266956 96.4048 7.62351 0 7.30419 18646 781 0.0569722
28.3329 304189 302632 0.266956 0 7.62348 0 7.30416 18646 781 0.0570631
28.333 303742 302632 0.266956 96.4048 7.62385 0 7.30413 18647 782 0.0570631
28.3332 303296 301184 0.266956 0 7.62382 0 7.3041 18647 782 0.0571554
28.3333 302849 301184 0.266956 96.4048 7.6242 0 7.30407 18648 783 0.0571554
28.3334 302402 301184 0.266956 96.4048 7.62457 0 7.30404 18649 784 0.0571554
28.3335 301956 299736 0.266956 0 7.62454 0 7.30401 18649 784 0.057248
28.3336 301509 299736 0.266956 96.4048 7.62492 0 7.30398 18650 785 0.057248
28.3338 301063 299736 0.266956 96.4048 7.62529 0 7.30394 18651 786 0.057248
28.3339 300616 298288 0.266956 0 7.62526 0 7.30391 18651 786 0.0573409
28.334 300170 298288 0.266956 96.4048 7.62564 0 7.30388 18652 787 0.0573409
28.3341 299723 298288 0.266956 96.4048 7.62601 0 7.30385 18653 788 0.0573409
28.3342 296840 296840 0.266956 0 7.62598 0 7.30382 18653 788 0.0574485
28.3344 295392 295392 0.266956 0 7.62595 0 7.30379 18653 788 0.0575309
28.3345 293944 293944 0.266956 0 7.62592 0 7.30376 18653 788 0.0576247
28.3346 292496 292496 0.266956 0 7.62588 0 7.30373 18653 788 0.0577187
28.3347 291048 291048 0.266956 0 7.62585 0 7.3037 18653 788 0.0578131
28.3348 289600 289600 0.266956 0 7.62582 0 7.30367 18653 788 0.0579078
28.335 288152 288152 0.266956 0 7.62579 0 7.30363 18653 788 0.0580027
28.3351 286704 286704 0.266956 0 7.62576 0 7.3036 18653 788 0.058098
28.3352 285256 285256 0.266956 0 7.62572 0 7.30357 18653 788 0.0581935
28.3353 283808 283808 0.266956 0 7.62569 0 7.30354 18653 788 0.0582894
28.3354 282360 282360 0.266956 0 7.62566 0 7.30351 18653 788 0.0583856
28.3356 280912 280912 0.266956 0 7.62563 0 7.30348 18653 788 0.058482
28.3357 280057 279464 0.266956 0 7.62559 0 7.30345 18653 788 0.0585763
28.3358 279610 278016 0.266956 0 7.62556 0 7.30342 18653 788 0.0586724
28.3359 278016 278016 0.266956 96.4048 7.62594 0 7.30339 18654 789 0.0586766
28.336 276568 276568 0.266956 0 7.62591 0 7.30336 18654 789 0.0587732
28.3362 275120 275120 0.266956 0 7.62587 0 7.30333 18654 789 0.0588708
28.3363 273672 273672 0.266956 0 7.62584 0 7.30329 18654 789 0.0589687
28.3364 272224 272224 0.266956 0 7.62581 0 7.30326 18654 789 0.059067
28.3365 270776 270776 0.266956 0 7.62578 0 7.30323 18654 789 0.0591655
28.3366 269328 269328 0.266956 0 7.62574 0 7.3032 18654 789 0.0592644
28.381 267880 267880 0.266956 0 7.61383 0 7.29179 18654 789 0.0593635
28.3811 266432 266432 0.266956 0 7.6138 0 7.29176 18654 789 0.0594629
28.3812 264984 264984 0.266956 0 7.61377 0 7.29173 18654 789 0.0595627
28.3813 263536 263536 0.266956 0 7.61373 0 7.2917 18654 789 0.0596627
28.3815 262088 262088 0.266956 0 7.6137 0 7.29167 18654 789 0.059763
28.3816 260640 260640 0.266956 0 7.61367 0 7.29164 18654 789 0.0598637
28.3817 259498 259192 0.266956 0 7.61364 0 7.29161 18654 789 0.0599632
28.3818 257744 257744 0.266956 0 7.6136 0 7.29158 18654 789 0.0600676
28.3819 256296 256296 0.266956 0 7.61357 0 7.29154 18654 789 0.0601673
28.3821 254848 254848 0.266956 0 7.61354 0 7.29151 18654 789 0.0602692
28.3822 253400 253400 0.266956 0 7.61351 0 7.29148 18654 789 0.0603713
28.3823 251952 251952 0.266956 0 7.61348 0 7.29145 18654 789 0.0604737
28.3824 250504 250504 0.266956 0 7.61344 0 7.29142 18654 789 0.0605764
28.3825 249056 249056 0.266956 0 7.61341 0 7.29139 18654 789 0.0606794
28.3827 247608 247608 0.266956 0 7.61338 0 7.29136 18654 789 0.0607827
28.3828 246160 246160 0.266956 0 7.61335 0 7.29133 18654 789 0.0608864
28.3829 244712 244712 0.266956 0 7.61331 0 7.2913 18654 789 0.0609903
28.383 243264 243264 0.266956 0 7.61328 0 7.29127 18654 789 0.0610945
28.3831 241816 241816 0.266956 0 7.61325 0 7.29124 18654 789 0.061199
28.3833 240368 240368 0.266956 0 7.61322 0 7.29121 18654 789 0.0613038
28.3834 239385 238920 0.266956 0 7.61319 0 7.29117 18654 789 0.0614069
28.3835 237472 237472 0.266956 0 7.61315 0 7.29114 18654 789 0.0615171
28.3836 236024 236024 0.266956 0 7.61312 0 7.29111 18654 789 0.06162
28.3837 234576 234576 0.266956 0 7.61309 0 7.29108 18654 789 0.061726
28.3839 233128 233128 0.266956 0 7.61306 0 7.29105 18654 789 0.0618323
28.384 231680 231680 0.266956 0 7.61302 0 7.29102 18654 789 0.0619389
28.3841 230232 230232 0.266956 0 7.61299 0 7.29099 18654 789 0.0620458
28.3842 228784 228784 0.266956 0 7.61296 0 7.29096 18654 789 0.0621529
28.3843 227336 227336 0.266956 0 7.61293 0 7.29093 18654 789 0.0622604
28.3845 225888 225888 0.266956 0 7.6129 0 7.2909 18654 789 0.0623682
28.3846 224440 224440 0.266956 0 7.61286 0 7.29087 18654 789 0.0624763
28.3847 222992 222992 0.266956 0 7.61283 0 7.29083 18654 789 0.0625847
28.3848 221544 221544 0.266956 0 7.6128 0 7.2908 18654 789 0.0626934
28.3849 220096 220096 0.266956 0 7.61277 0 7.29077 18654 789 0.0628023
28.3851 219273 218648 0.266956 0 7.61273 0 7.29074 18654 789 0.0629091
28.3852 217200 217200 0.266956 0 7.6127 0 7.29071 18654 789 0.0630251
28.3853 215752 215752 0.266956 0 7.61267 0 7.29068 18654 789 0.0631311
28.3854 214304 214304 0.266956 0 7.61264 0 7.29065 18654 789 0.0632412
28.5301 215752 212856 0.266956 11.1298 7.63047 0 7.25368 18793 928 0.0633517
28.5303 217200 212856 0.258336 96.4048 7.63122 96.4048 7.25443 18795 928 0.0598583
28.5756 218648 214304 0.232189 2.30144 7.62277 2.30144 7.24658 18804 928 0.0500594
28.5812 220096 215752 0.191991 98.5005 7.64035 98.5005 7.26423 18851 928 0.0377219
28.7137 221544 217200 0.189423 7.77881 7.64099 7.77881 7.2666 18940 928 0.0369407
28.7139 222992 218648 0.188745 144.607 7.64213 144.607 7.26775 18943 928 0.0366562
28.763 224440 220096 0.184894 9.21516 7.64481 9.21516 7.27107 18982 928 0.03557
28.769 225888 221544 0.184618 98.3329 7.66375 98.3329 7.29009 19033 928 0.0353922
28.9007 227336 222992 0.184892 5.54152 7.65408 5.54152 7.28212 19096 928 0.0353519
28.9009 228784 224440 0.185155 144.607 7.65522 144.607 7.28326 19099 928 0.0353094
28.9485 230232 225888 0.186911 6.08616 7.65264 6.08616 7.28129 19124 928 0.035644
28.9526 231680 227336 0.187647 99.2402 7.66556 99.2402 7.29427 19159 928 0.0357235
28.9571 233128 228784 0.187641 98.9418 7.67996 98.9418 7.30872 19198 928 0.0356145
28.9634 234576 230232 0.187694 98.2587 7.6995 98.2587 7.32834 19251 928 0.0355207
29.1381 236024 231680 0.189736 1.79019 7.66407 1.79019 7.29514 19278 928 0.0359395
29.141 237472 233128 0.19055 100.422 7.67325 100.422 7.30435 19303 928 0.0360448
29.1448 238920 234576 0.19068 99.4174 7.68535 99.4174 7.3165 19336 928 0.0359726
29.1499 240368 236024 0.190913 98.7001 7.70111 98.7001 7.33232 19379 928 0.0359273
29.2845 241816 237472 0.19143 3.87341 7.68352 3.87341 7.31643 19424 928 0.0359574
29.2852 243264 238920 0.192073 112.472 7.6861 112.472 7.31902 19431 928 0.0360215
29.3337 244712 240368 0.193758 6.92015 7.68483 6.92015 7.31836 19460 928 0.0363642
29.3376 246160 241816 0.194156 99.4174 7.69685 99.4174 7.33043 19493 928 0.0363661
29.3426 247608 243264 0.194414 98.7001 7.7125 98.7001 7.34614 19536 928 0.0363308
29.4813 249056 244712 0.194802 4.92884 7.69941 4.92884 7.33477 19595 928 0.0363311
29.4815 250504 246160 0.195077 144.607 7.70053 144.607 7.33589 19598 928 0.0363013
29.5293 251952 247608 0.196537 5.08669 7.69629 5.08669 7.33225 19619 928 0.0365944
29.5334 253400 249056 0.197457 99.2402 7.70896 99.2402 7.34496 19654 928 0.036743
29.5387 254848 250504 0.197518 98.5958 7.72522 98.5958 7.3613 19699 928 0.0366568
29.5457 256296 251952 0.197845 98.0669 7.74653 98.0669 7.38269 19758 928 0.0366443
29.6841 257744 253400 0.203809 2.92897 7.72407 2.92897 7.36192 19793 928 0.0382216
29.7342 259192 254848 0.201912 8.5539 7.72547 8.5539 7.36393 19830 928 0.0375775
29.7395 260640 256296 0.201373 98.5958 7.74162 98.5958 7.38015 19875 928 0.0373229
29.7467 262088 257744 0.201216 98.0115 7.7635 98.0115 7.40212 19936 928 0.0371771
29.8877 263536 259192 0.207224 3.0409 7.74123 3.0409 7.38155 19973 928 0.0388087
29.938 264984 260640 0.204403 8.51307 7.74253 8.51307 7.38345 20010 928 0.0378853
29.9433 266432 262088 0.204267 98.5958 7.75857 98.5958 7.39956 20055 928 0.0377454
29.9505 267880 263536 0.204343 98.0115 7.78029 98.0115 7.42137 20116 928 0.037667
30.0924 269328 264984 0.216822 2.04074 7.75323 2.04074 7.396 20141 928 0.0413249
30.1434 270776 266432 0.20826 8.41268 7.75434 8.41268 7.39771 20178 928 0.0386131
30.1489 272224 267880 0.207691 98.5005 7.77098 98.5005 7.41442 20225 928 0.0383454
30.1563 273672 269328 0.207772 97.9597 7.79326 97.9597 7.43679 20288 928 0.0382702
30.3019 275120 270776 0.22191 3.1047 7.77074 3.1047 7.41598 20327 928 0.0425496
30.354 276568 272224 0.210677 10.4402 7.77533 10.4402 7.42118 20374 928 0.0389399
30.3617 278016 273672 0.210114 97.9111 7.79816 97.9111 7.4441 20439 928 0.0386722
30.3694 279464 275120 0.210379 97.9111 7.82098 97.9111 7.46701 20504 928 0.0386538
30.5654 280912 276568 0.214113 2.89628 7.7894 2.89628 7.4377 20553 928 0.0396934
30.5719 282360 278016 0.213223 98.1901 7.80859 98.1901 7.45696 20608 928 0.0393225
30.5788 283808 279464 0.21321 98.0669 7.82916 98.0669 7.47761 20667 928 0.0392212
30.7303 285256 280912 0.225025 3.899 7.80978 3.899 7.45997 20718 928 0.0428847
30.7851 286704 282360 0.21641 13.7419 7.82034 13.7419 7.47115 20783 928 0.040019
30.7972 288152 283808 0.216173 97.3688 7.85528 97.3688 7.50622 20884 928 0.0398487
30.9984 289600 285256 0.223789 3.28064 7.82558 3.28064 7.47879 20941 928 0.0421897
31.0054 291048 286704 0.218408 98.0669 7.84586 98.0669 7.49915 21000 928 0.0403602
31.0174 292496 288152 0.218525 97.3688 7.88054 97.3688 7.53396 21101 928 0.0403021
31.2224 293944 289600 0.221976 3.89914 7.8544 3.89914 7.5101 21170 928 0.0413132
31.2344 295392 291048 0.221064 97.3688 7.88884 97.3688 7.54467 21271 928 0.0409241
31.4454 296840 292496 0.222967 5.65472 7.87385 5.65472 7.53199 21374 928 0.0414462
31.4577 298288 293944 0.223221 97.3499 7.90871 97.3499 7.56698 21477 928 0.0414349
31.6708 299736 295392 0.225098 5.70603 7.89388 5.70603 7.55446 21582 928 0.0419577
31.8416 301184 296840 0.225437 9.83722 7.9043 9.83722 7.5667 21727 928 0.0419759
31.9103 302632 298288 0.227249 28.1462 7.9479 28.1462 7.61102 21894 928 0.0424856
32.1395 304080 299736 0.228895 10.6667 7.96729 10.6667 7.63281 22105 928 0.0429461
32.37 305528 301184 0.230615 10.6 7.98604 10.6 7.65395 22316 928 0.0434374
32.6023 306976 302632 0.232262 10.5232 8.00412 10.5232 7.67439 22527 928 0.04391
35.4062 308424 304080 0.245826 9.7954 8.14598 9.7954 7.84236 24898 928 0.0486752
35.6539 309872 305528 0.247356 9.96323 8.1586 9.96323 7.85709 25111 928 0.0491542
35.9014 311320 306976 0.268186 9.96807 8.17107 9.96807 7.87164 25324 928 0.0573023
36.1105 312768 308424 0.215381 11.9121 8.19273 11.9121 7.89504 25539 928 0.0380129
36.3232 314216 309872 0.230971 11.7102 8.21333 11.7102 7.91738 25754 928 0.0430099
36.5385 315664 311320 0.213576 11.674 8.23372 11.674 7.93952 25971 928 0.037274
36.5388 317112 312768 0.213754 144.607 8.23462 144.607 7.94041 25974 928 0.0372385
36.757 318560 314216 0.23681 11.4136 8.25349 11.4136 7.96103 26189 928 0.0447701
36.7572 320008 315664 0.234584 144.607 8.25438 144.607 7.96193 26192 928 0.0438982
36.9787 321456 317112 0.240526 11.351 8.27293 11.351 7.98222 26409 928 0.0459191
36.9789 322904 318560 0.23821 144.607 8.27381 144.607 7.98311 26412 928 0.0449994
37.0264 324352 320008 0.223599 28.5553 8.29981 28.5553 8.00948 26529 928 0.0399164
37.2036 325800 321456 0.244108 6.732 8.29234 6.732 8.0034 26632 928 0.0469592
37.2038 327248 322904 0.24172 144.607 8.29322 144.607 8.00428 26635 928 0.0459973
37.4319 328696 324352 0.227088 11.3268 8.31171 11.3268 8.02452 26858 928 0.0408057
37.4321 330144 325800 0.227327 144.607 8.31258 144.607 8.0254 26861 928 0.0407981
37.4324 331592 327248 0.227536 144.607 8.31346 144.607 8.02627 26864 928 0.0407809
37.4759 333040 328696 0.229303 16.245 8.32266 16.245 8.03581 26925 928 0.0412893
37.663 334488 330144 0.229917 10.0925 8.33146 10.0925 8.04603 27088 928 0.0414109
37.6632 335936 331592 0.230177 144.607 8.33232 144.607 8.0469 27091 928 0.0414132
37.6635 337384 333040 0.23028 144.607 8.33319 144.607 8.04777 27094 928 0.0413622
37.722 338832 334488 0.23285 34.6424 8.37401 34.6424 8.08903 27269 928 0.0421581
37.8973 340280 335936 0.233118 3.50202 8.35147 3.50202 8.06781 27322 928 0.0421655
37.8975 341728 337384 0.233353 144.607 8.35233 144.607 8.06868 27325 928 0.0421619
37.8978 343176 338832 0.233434 144.607 8.3532 144.607 8.06954 27328 928 0.0421051
37.9397 344624 340280 0.237943 14.6403 8.36015 14.6403 8.0768 27381 928 0.0436049
38.1344 346072 341728 0.236125 10.6521 8.37185 10.6521 8.08995 27560 928 0.0428769
38.1346 347520 343176 0.236234 144.607 8.37271 144.607 8.09081 27563 928 0.0428316
38.1774 348968 344624 0.241711 14.3524 8.37941 14.3524 8.09783 27616 928 0.0447083
38.195 350416 346072 0.238508 79.3536 8.41223 79.3536 8.13078 27737 928 0.0434712
38.3747 351864 347520 0.238795 4.19151 8.39247 4.19151 8.11234 27802 928 0.0434906
38.38 353312 348968 0.240441 98.5958 8.4049 98.5958 8.1248 27847 928 0.0439993
38.4272 354760 350416 0.24105 14.9636 8.41296 14.9636 8.13321 27908 928 0.0441368
38.437 356208 351864 0.241005 97.5805 8.43581 97.5805 8.15614 27991 928 0.0440384
38.6174 357656 353312 0.241255 3.66094 8.41351 3.66094 8.13514 28048 928 0.0440473
38.6198 359104 354760 0.242541 101.225 8.41929 101.225 8.14093 28069 928 0.0444335
38.6619 360552 356208 0.243035 11.2931 8.42241 11.2931 8.14436 28110 928 0.0445329
38.6712 362000 357656 0.243571 63.0339 8.43565 63.0339 8.15767 28161 928 0.0446486
38.6772 363448 359104 0.243915 98.3329 8.44961 98.3329 8.17167 28212 928 0.0446941
38.6847 364896 360552 0.243858 97.9597 8.46685 97.9597 8.18897 28275 928 0.044593
38.8634 366344 362000 0.244521 2.00978 8.43717 2.00978 8.16056 28306 928 0.044757
38.8677 367792 363448 0.245365 99.0827 8.44725 99.0827 8.17068 28343 928 0.0449894
38.9131 369240 364896 0.246348 9.43645 8.44841 9.43645 8.17215 28380 928 0.0452756
38.9182 370688 366344 0.246292 98.7001 8.46011 98.7001 8.18389 28423 928 0.0451754
38.9232 372136 367792 0.246154 98.7001 8.47181 98.7001 8.19563 28466 928 0.0450453
38.9295 373584 369240 0.246385 98.2587 8.48622 98.2587 8.21008 28519 928 0.0450525
39.1104 375032 370688 0.246615 2.49654 8.45851 2.49654 8.18365 28558 928 0.0450602
39.1115 373584 372136 0.246963 117.757 8.46153 117.757 8.18668 28569 928 0.0451121
39.1116 372697 372136 0.246963 96.4048 8.4618 0 8.18665 28570 929 0.0451098
39.1117 372253 370688 0.246963 0 8.46178 0 8.18663 28570 929 0.0451867
39.1119 371809 370688 0.246963 96.4048 8.46205 0 8.1866 28571 930 0.0451867
39.112 371365 369240 0.246963 0 8.46202 0 8.18658 28571 930 0.045265
39.1121 370922 369240 0.246963 96.4048 8.46229 0 8.18655 28572 931 0.045265
39.1122 370478 369240 0.246963 96.4048 8.46256 0 8.18653 28573 932 0.045265
39.1123 370034 367792 0.246963 0 8.46254 0 8.1865 28573 932 0.0453436
39.1125 369590 367792 0.246963 96.4048 8.46281 0 8.18648 28574 933 0.0453436
39.1126 369146 367792 0.246963 96.4048 8.46308 0 8.18645 28575 934 0.0453436
39.1127 368702 366344 0.246963 0 8.46305 0 8.18643 28575 934 0.0454224
39.1128 366344 366344 0.246963 96.4048 8.46332 0 8.1864 28576 935 0.045432
39.1129 364896 364896 0.246963 0 8.46329 0 8.18638 28576 935 0.045505
39.1131 363448 363448 0.246963 0 8.46327 0 8.18635 28576 935 0.0455844
39.1132 362000 362000 0.246963 0 8.46324 0 8.18633 28576 935 0.0456642
39.1133 360552 360552 0.246963 0 8.46322 0 8.1863 28576 935 0.0457442
39.1134 359104 359104 0.246963 0 8.46319 0 8.18628 28576 935 0.0458246
39.1135 357656 357656 0.246963 0 8.46316 0 8.18625 28576 935 0.0459052
39.1137 356208 356208 0.246963 0 8.46314 0 8.18623 28576 935 0.0459862
39.1138 354760 354760 0.246963 0 8.46311 0 8.1862 28576 935 0.0460674
39.1139 353312 353312 0.246963 0 8.46309 0 8.18618 28576 935 0.046149
39.114 352456 351864 0.246963 0 8.46306 0 8.18615 28576 935 0.0462284
39.1141 350416 350416 0.246963 0 8.46303 0 8.18613 28576 935 0.0463166
39.1143 348968 348968 0.246963 0 8.46301 0 8.1861 28576 935 0.0463954
39.1144 347520 347520 0.246963 0 8.46298 0 8.18608 28576 935 0.0464781
39.1145 346072 346072 0.246963 0 8.46296 0 8.18605 28576 935 0.0465612
39.1146 344624 344624 0.246963 0 8.46293 0 8.18603 28576 935 0.0466445
39.1147 343176 343176 0.246963 0 8.4629 0 8.186 28576 935 0.0467281
39.1149 341728 341728 0.246963 0 8.46288 0 8.18598 28576 935 0.046812
39.115 340280 340280 0.246963 0 8.46285 0 8.18595 28576 935 0.0468963
39.1151 338832 338832 0.246963 0 8.46283 0 8.18592 28576 935 0.0469808
39.1152 337384 337384 0.246963 0 8.4628 0 8.1859 28576 935 0.0470656
39.1153 336209 335936 0.246963 0 8.46277 0 8.18587 28576 935 0.0471495
39.1155 334488 334488 0.246963 0 8.46275 0 8.18585 28576 935 0.0472377
39.1156 333040 333040 0.246963 0 8.46272 0 8.18582 28576 935 0.0473219
39.1157 331592 331592 0.246963 0 8.4627 0 8.1858 28576 935 0.0474079
39.1158 328696 328696 0.246963 0 8.46267 0 8.18577 28576 935 0.047592
39.116 327248 327248 0.246963 0 8.46264 0 8.18575 28576 935 0.0476677
39.1161 325800 325800 0.246963 0 8.46262 0 8.18572 28576 935 0.047755
39.1162 324352 324352 0.246963 0 8.46259 0 8.1857 28576 935 0.0478425
39.1163 322904 322904 0.246963 0 8.46257 0 8.18567 28576 935 0.0479303
39.1164 321456 321456 0.246963 0 8.46254 0 8.18565 28576 935 0.0480184
39.1166 320008 320008 0.246963 0 8.46251 0 8.18562 28576 935 0.0481068
39.1167 318560 318560 0.246963 0 8.46249 0 8.1856 28576 935 0.0481955
39.1168 318071 317112 0.246963 0 8.46246 0 8.18557 28576 935 0.0482812
39.1169 315664 315664 0.246963 0 8.46244 0 8.18555 28576 935 0.0483803
39.117 314216 314216 0.246963 0 8.46241 0 8.18552 28576 935 0.0484634
39.1172 312768 312768 0.246963 0 8.46238 0 8.1855 28576 935 0.0485533
39.1549 311320 311320 0.246963 0 8.45423 0 8.17761 28576 935 0.0486435
39.155 309872 309872 0.246963 0 8.4542 0 8.17758 28576 935 0.0487339
39.1551 308424 308424 0.246963 0 8.45418 0 8.17756 28576 935 0.0488247
39.1552 306976 306976 0.246963 0 8.45415 0 8.17753 28576 935 0.0489158
39.1554 305528 305528 0.246963 0 8.45413 0 8.17751 28576 935 0.0490072
39.1555 304080 304080 0.246963 0 8.4541 0 8.17748 28576 935 0.0490989
39.1556 302632 302632 0.246963 0 8.45407 0 8.17746 28576 935 0.0491909
39.1557 301824 301184 0.246963 0 8.45405 0 8.17743 28576 935 0.0492806
39.1558 299736 299736 0.246963 0 8.45402 0 8.17741 28576 935 0.0493797
39.156 298288 298288 0.246963 0 8.454 0 8.17738 28576 935 0.0494686
39.1561 296840 296840 0.246963 0 8.45397 0 8.17736 28576 935 0.0495618
39.1562 295392 295392 0.246963 0 8.45394 0 8.17733 28576 935 0.0496552
39.1563 293944 293944 0.246963 0 8.45392 0 8.17731 28576 935 0.049749
39.1564 292496 292496 0.246963 0 8.45389 0 8.17728 28576 935 0.0498431
39.16 291048 291048 0.246963 0 8.45311 0 8.17653 28576 935 0.0499374
39.1602 289600 289600 0.246963 0 8.45309 0 8.17651 28576 935 0.0500321
39.1603 288152 288152 0.246963 0 8.45306 0 8.17648 28576 935 0.0501271
39.1604 286704 286704 0.246963 0 8.45304 0 8.17646 28576 935 0.0502223
39.1605 285577 285256 0.246963 0 8.45301 0 8.17643 28576 935 0.0503164
39.1607 283808 283808 0.246963 0 8.45298 0 8.17641 28576 935 0.0504156
39.1608 282360 282360 0.246963 0 8.45296 0 8.17638 28576 935 0.0505099
39.1609 280912 280912 0.246963 0 8.45293 0 8.17635 28576 935 0.0506064
39.161 279464 279464 0.246963 0 8.45291 0 8.17633 28576 935 0.0507031
39.1611 278016 278016 0.246963 0 8.45288 0 8.1763 28576 935 0.0508002
39.1613 275120 275120 0.246963 0 8.45286 0 8.17628 28576 935 0.0510063
39.1614 273672 273672 0.246963 0 8.45283 0 8.17625 28576 935 0.0510931
39.1615 272224 272224 0.246963 0 8.4528 0 8.17623 28576 935 0.0511913
39.1616 270776 270776 0.246963 0 8.45278 0 8.1762 28576 935 0.0512899
39.1617 269328 269328 0.246963 0 8.45275 0 8.17618 28576 935 0.0513887
39.1619 267883 267880 0.246963 0 8.45273 0 8.17615 28576 935 0.0514878
39.162 267439 266432 0.246963 0 8.4527 0 8.17613 28576 935 0.0515839
39.1621 264984 264984 0.246963 0 8.45267 0 8.1761 28576 935 0.051694
39.1622 263536 263536 0.246963 0 8.45265 0 8.17608 28576 935 0.0517871
39.1623 262088 262088 0.246963 0 8.45262 0 8.17605 28576 935 0.0518874
39.1663 260640 259192 0.246963 93.4834 8.46123 0 8.17523 28608 967 0.052089
39.1713 259192 257744 0.246963 96.4048 8.47256 0 8.17417 28650 1009 0.0521902
39.1776 257744 256296 0.246963 96.4048 8.48658 0 8.17287 28702 1061 0.0522917
39.3443 262088 256296 0.246963 3.12777 8.46388 0 8.13825 28747 1106 0.0523215
39.3862 263536 260640 0.246963 37.5692 8.49487 0 8.12958 28883 1242 0.051988
39.5176 264984 260640 0.228593 2.99613 8.47658 2.99613 8.11251 28917 1242 0.0454565
39.5179 266432 262088 0.221769 144.607 8.47741 144.607 8.11334 28920 1242 0.0431015
39.5181 267880 263536 0.215923 144.607 8.47824 144.607 8.11417 28923 1242 0.0411439
39.5465 269328 264984 0.187357 7.7614 8.47772 7.7614 8.11392 28942 1242 0.0329517
39.552 270776 266432 0.176041 98.5005 8.4903 98.5005 8.12655 28989 1242 0.0300978
39.5595 272224 267880 0.175403 97.9597 8.50715 97.9597 8.14346 29052 1242 0.0298505
39.695 273672 269328 0.17572 4.52966 8.49357 4.52966 8.13112 29105 1242 0.0298247
39.6955 275120 270776 0.176254 120.506 8.49493 120.506 8.13249 29110 1242 0.0298498
39.7256 276568 272224 0.179183 12.6747 8.4981 12.6747 8.13593 29143 1242 0.0304409
39.7302 278016 273672 0.177984 98.9418 8.5085 98.9418 8.14637 29182 1242 0.0300583
39.736 279464 275120 0.178164 98.4132 8.52155 98.4132 8.15947 29231 1242 0.0300028
39.7437 280912 276568 0.178163 97.9111 8.53884 97.9111 8.17684 29296 1242 0.0299048
39.879 282360 278016 0.180749 2.31166 8.51771 2.31166 8.15694 29323 1242 0.0304254
39.9091 283808 279464 0.181769 11.1384 8.51969 11.1384 8.15919 29352 1242 0.0305758
39.913 285256 280912 0.182046 99.4174 8.52845 99.4174 8.16798 29385 1242 0.0305465
39.9175 286704 282360 0.182004 98.9418 8.53879 98.9418 8.17837 29424 1242 0.0304397
39.9223 288152 283808 0.182258 98.8149 8.54966 98.8149 8.18928 29465 1242 0.0304056
40.0606 289600 285256 0.182456 2.76399 8.52969 2.76399 8.17055 29498 1242 0.0303583
40.0631 291048 286704 0.183968 101.225 8.53525 101.225 8.17613 29519 1242 0.0306353
40.0933 292496 288152 0.185585 11.0942 8.53718 11.0942 8.17834 29548 1242 0.0309435
40.0972 293944 289600 0.184896 99.4174 8.5459 99.4174 8.18708 29581 1242 0.0306759
40.102 295392 291048 0.185149 98.8149 8.55672 98.8149 8.19795 29622 1242 0.0306446
40.1082 296840 292496 0.185266 98.2587 8.57069 98.2587 8.21198 29675 1242 0.0305796
40.2481 298288 293944 0.202581 2.23619 8.54868 2.23619 8.19121 29702 1242 0.0351233
40.279 299736 295392 0.193366 10.8784 8.55046 10.8784 8.19327 29731 1242 0.0324867
40.2823 301184 296840 0.189327 99.8478 8.55809 99.8478 8.20093 29760 1242 0.0313322
40.2864 302632 298288 0.188664 99.2402 8.56728 99.2402 8.21016 29795 1242 0.0310678
40.2915 304080 299736 0.188779 98.7001 8.57857 98.7001 8.22149 29838 1242 0.0310047
40.2977 305528 301184 0.188897 98.2587 8.59248 98.2587 8.23545 29891 1242 0.0309424
40.4407 306976 302632 0.199077 2.51139 8.57098 2.51139 8.21521 29922 1242 0.0335782
40.4723 308424 304080 0.19319 11.3633 8.57316 11.3633 8.21767 29953 1242 0.0318833
40.4764 309872 305528 0.192375 99.2402 8.58231 99.2402 8.22686 29988 1242 0.0315753
40.4814 311320 306976 0.19263 98.7001 8.59354 98.7001 8.23814 30031 1242 0.0315513
40.4879 312768 308424 0.192523 98.1901 8.6079 98.1901 8.25255 30086 1242 0.031432
40.6348 314216 309872 0.210642 3.23453 8.58849 3.23453 8.23442 30127 1242 0.0364719
40.6379 315664 311320 0.198128 100.113 8.59552 100.113 8.24148 30154 1242 0.0327678
40.6706 317112 312768 0.196242 13.1139 8.59915 13.1139 8.2454 30191 1242 0.0321602
40.6756 318560 314216 0.196041 98.7001 8.61033 98.7001 8.25662 30234 1242 0.0320155
40.6824 320008 315664 0.196265 98.1263 8.62514 98.1263 8.27149 30291 1242 0.0319868
40.8335 321456 317112 0.196563 4.3681 8.60938 4.3681 8.25704 30348 1242 0.0319789
40.8364 322904 318560 0.198476 100.422 8.61586 100.422 8.26355 30373 1242 0.0324161
40.8698 324352 320008 0.199532 12.8309 8.61931 12.8309 8.26728 30410 1242 0.0326209
40.8765 325800 321456 0.199979 98.1263 8.63404 98.1263 8.28207 30467 1242 0.0326574
40.8833 327248 322904 0.200102 98.1263 8.64877 98.1263 8.29686 30524 1242 0.0326038
41.0354 328696 324352 0.218535 3.73131 8.63054 3.73131 8.27993 30573 1242 0.0380208
41.0395 330144 325800 0.203926 99.2402 8.63956 99.2402 8.28899 30608 1242 0.0335145
41.0746 331592 327248 0.203047 15.5172 8.64544 15.5172 8.29516 30655 1242 0.033175
41.0813 333040 328696 0.20304 98.1263 8.66009 98.1263 8.30988 30712 1242 0.0330863
41.0904 334488 330144 0.203054 97.6733 8.67988 97.6733 8.32974 30789 1242 0.0330035
41.2442 335936 331592 0.205045 3.53986 8.66071 3.53986 8.31188 30836 1242 0.0334907
41.2814 337384 333040 0.205865 18.4074 8.66948 18.4074 8.32096 30895 1242 0.0336435
41.2883 338832 334488 0.206008 98.0669 8.68457 98.0669 8.33611 30954 1242 0.0335993
41.2977 340280 335936 0.206176 97.6408 8.70475 97.6408 8.35637 31033 1242 0.0335632
41.4844 341728 337384 0.209429 3.03979 8.67925 3.03979 8.33244 31082 1242 0.0344395
41.4914 343176 338832 0.208911 98.0669 8.69427 98.0669 8.34751 31141 1242 0.0342001
41.501 344624 340280 0.209202 97.6099 8.71486 97.6099 8.36819 31222 1242 0.0342024
41.6596 346072 341728 0.228305 3.8708 8.69642 3.8708 8.35107 31275 1242 0.0401834
41.6969 347520 343176 0.213321 17.1041 8.70393 17.1041 8.35889 31330 1242 0.0352802
41.7065 348968 344624 0.211674 97.6099 8.72442 97.6099 8.37946 31411 1242 0.0346943
41.873 350416 346072 0.211983 7.30339 8.71877 7.30339 8.37518 31516 1242 0.0347047
41.8749 351864 347520 0.212935 102.43 8.72308 102.43 8.3795 31533 1242 0.0349121
41.9158 353312 348968 0.214221 22.967 8.73696 22.967 8.39371 31614 1242 0.0352245
41.9305 354760 350416 0.214372 97.195 8.76788 97.195 8.42476 31737 1242 0.0351885
42.1267 356208 351864 0.217929 4.6638 8.74877 4.6638 8.40724 31816 1242 0.0362172
42.1346 357656 353312 0.216213 97.8655 8.76554 97.8655 8.42408 31883 1242 0.0355965
42.3064 359104 354760 0.236108 8.29216 8.76362 8.29216 8.42354 32006 1242 0.0421263
42.343 360552 356208 0.223187 13.6362 8.76782 13.6362 8.42804 32049 1242 0.037661
42.3579 362000 357656 0.218376 97.1823 8.79892 97.1823 8.45926 32174 1242 0.0360331
42.5631 363448 359104 0.220908 7.05539 8.79052 7.05539 8.45249 32299 1242 0.036761
42.5732 364896 360552 0.220377 97.5525 8.81156 97.5525 8.47362 32384 1242 0.0365098
42.7483 366344 362000 0.220817 8.40316 8.80989 8.40316 8.47333 32511 1242 0.0365711
42.9707 367792 363448 0.222101 12.9686 8.83141 12.9686 8.4966 32760 1242 0.0369061
43.0078 369240 364896 0.227101 14.0395 8.83591 14.0395 8.50138 32805 1242 0.0384726
43.1693 370688 366344 0.222737 15.5654 8.86108 15.5654 8.52781 33022 1242 0.0369541
43.3678 372136 367792 0.206904 14.9976 8.88917 14.9976 8.55742 33279 1242 0.0319727
43.5674 373584 369240 0.199187 14.9163 8.91678 14.9163 8.58655 33536 1242 0.0296864
43.8047 375032 370688 0.201403 14.4973 8.94702 14.4973 8.61857 33833 1242 0.0302297
46.5024 376480 372136 0.211371 14.707 9.28116 14.707 8.97178 37258 1242 0.0330702
46.8794 377928 373584 0.212411 12.2619 9.30513 12.2619 8.99823 37657 1242 0.0333084
47.1327 379376 375032 0.217874 14.2229 9.33156 14.2229 9.02631 37968 1242 0.0349261
47.3073 380824 376480 0.23275 13.9996 9.34879 13.9996 9.04466 38179 1242 0.0397675
47.5228 382272 377928 0.215121 14.1329 9.37049 14.1329 9.06774 38442 1242 0.0339106
47.7396 383720 379376 0.234931 14.0546 9.39176 14.0546 9.09039 38705 1242 0.0403724
47.7415 385168 380824 0.223161 102.43 9.39551 102.43 9.09415 38722 1242 0.0363171
47.9576 386616 382272 0.217513 13.3508 9.41332 13.3508 9.11332 38971 1242 0.03443
47.9995 388064 383720 0.21828 15.1927 9.41837 15.1927 9.11863 39026 1242 0.0345966
48.1769 389512 385168 0.218732 13.9121 9.43492 13.9121 9.13628 39239 1242 0.0346648
48.1771 390960 386616 0.218891 144.607 9.43559 144.607 9.13696 39242 1242 0.0346401
48.3979 392408 388064 0.220125 14.0044 9.45644 14.0044 9.15917 39509 1242 0.0349592
48.3982 393856 389512 0.220359 144.607 9.45711 144.607 9.15984 39512 1242 0.0349599
48.4408 395304 390960 0.221248 14.936 9.46193 14.936 9.16493 39567 1242 0.0351715
48.6206 396752 392408 0.221754 13.855 9.47818 13.855 9.18227 39782 1242 0.0352611
48.6208 398200 393856 0.221909 144.607 9.47884 144.607 9.18294 39785 1242 0.035238
48.6643 399648 395304 0.223053 15.1798 9.48394 15.1798 9.1883 39842 1242 0.0355366
48.8449 401096 396752 0.242988 13.7904 9.49986 13.7904 9.20531 40057 1242 0.0423619
48.8452 402544 398200 0.24074 144.607 9.50053 144.607 9.20598 40060 1242 0.0414715
48.8454 403992 399648 0.238772 144.607 9.50119 144.607 9.20664 40063 1242 0.0406918
48.8895 405440 401096 0.22972 14.973 9.50613 14.973 9.21185 40120 1242 0.0374651
49.0712 406888 402544 0.225636 13.8359 9.52216 13.8359 9.22897 40337 1242 0.0360239
49.0714 408336 403992 0.225806 144.607 9.52282 144.607 9.22963 40340 1242 0.036009
49.0717 409784 405440 0.225831 144.607 9.52348 144.607 9.23029 40343 1242 0.0359459
49.1169 411232 406888 0.231536 15.1273 9.52864 15.1273 9.23572 40402 1242 0.0378
49.2999 412680 408336 0.227614 13.8625 9.54472 13.8625 9.25289 40621 1242 0.0363993
49.3001 414128 409784 0.227787 144.607 9.54538 144.607 9.25355 40624 1242 0.0363872
49.3004 415576 411232 0.227939 144.607 9.54604 144.607 9.25421 40627 1242 0.0363682
49.3466 417024 412680 0.234017 15.2745 9.55141 15.2745 9.25985 40688 1242 0.0383769
49.3625 418472 414128 0.229905 97.1351 9.57955 97.1351 9.28809 40821 1242 0.0368934
49.5311 419920 415576 0.23025 6.11549 9.56776 6.11549 9.27729 40910 1242 0.0369417
49.5313 421368 417024 0.230469 144.607 9.56842 144.607 9.27795 40913 1242 0.0369475
49.5846 422816 418472 0.23299 24.1012 9.58406 24.1012 9.2939 41024 1242 0.0377453
49.5971 424264 419920 0.232916 97.3318 9.60616 97.3318 9.31608 41129 1242 0.0376515
49.7651 425712 421368 0.252991 5.03401 9.59073 5.03401 9.30163 41202 1242 0.0449291
49.7721 427160 422816 0.234903 98.0669 9.60312 98.0669 9.31406 41261 1242 0.0382073
49.8222 428608 424264 0.235696 17.339 9.6109 17.339 9.32213 41336 1242 0.0384179
49.8311 430056 425712 0.235628 97.7076 9.62662 97.7076 9.3379 41411 1242 0.0383271
50.0021 431504 427160 0.255959 5.89404 9.61386 5.89404 9.32612 41498 1242 0.0458153
50.0026 432952 428608 0.251516 120.506 9.61492 120.506 9.32719 41503 1242 0.0440272
50.0086 434400 430056 0.237716 98.3329 9.62558 98.3329 9.33788 41554 1242 0.0388658
50.057 435848 431504 0.23903 12.2001 9.62807 12.2001 9.34065 41605 1242 0.039269
50.0642 437296 432952 0.238646 98.0115 9.6408 98.0115 9.35342 41666 1242 0.0390663
50.0731 438744 434400 0.238826 97.7076 9.65644 97.7076 9.36911 41741 1242 0.0390653
50.2423 440192 435848 0.259174 4.03969 9.63752 4.03969 9.35116 41800 1242 0.046692
50.2444 441640 437296 0.246193 101.761 9.64149 101.761 9.35514 41819 1242 0.0416249
50.2495 443088 438744 0.241117 98.7001 9.65043 98.7001 9.36412 41862 1242 0.0396965
50.2985 444536 440192 0.241844 10.6329 9.65139 10.6329 9.36535 41907 1242 0.0398964
50.3045 445984 441640 0.242222 98.3329 9.66198 98.3329 9.37598 41958 1242 0.0399703
50.3108 447432 443088 0.2422 98.2587 9.67299 98.2587 9.38702 42011 1242 0.039899
50.318 448880 444536 0.242309 98.0115 9.68564 98.0115 9.39971 42072 1242 0.0398755
50.4861 450328 445984 0.263055 2.54966 9.66188 2.54966 9.37691 42109 1242 0.0478076
50.4899 451776 447432 0.246376 99.4174 9.66872 99.4174 9.38376 42142 1242 0.04125
50.4947 453224 448880 0.244449 98.8149 9.6772 98.8149 9.39228 42183 1242 0.0404729
50.5445 454672 450328 0.245663 9.08161 9.67662 9.08161 9.39197 42222 1242 0.0408606
50.5493 456120 451776 0.245965 98.8149 9.68509 98.8149 9.40047 42263 1242 0.0409113
50.5546 457568 453224 0.245981 98.5958 9.69439 98.5958 9.4098 42308 1242 0.040856
50.5608 459016 454672 0.246161 98.2587 9.70534 98.2587 9.42078 42361 1242 0.0408619
50.7339 460464 456120 0.246348 4.35161 9.68708 4.35161 9.40349 42426 1242 0.0408708
50.7342 459016 457568 0.246348 160.384 9.68815 160.384 9.40457 42431 1242 0.0408104
50.7343 458130 457568 0.246348 96.4048 9.68835 0 9.40454 42432 1243 0.0408081
50.7345 457686 456120 0.246348 0 9.68833 0 9.40452 42432 1243 0.0408674
50.7346 457243 456120 0.246348 96.4048 9.68854 0 9.4045 42433 1244 0.0408674
50.7347 456799 454672 0.246348 0 9.68851 0 9.40448 42433 1244 0.0409281
50.7348 456356 454672 0.246348 96.4048 9.68872 0 9.40446 42434 1245 0.0409281
50.7349 455912 454672 0.246348 96.4048 9.68892 0 9.40443 42435 1246 0.0409281
50.7351 455469 453224 0.246348 0 9.6889 0 9.40441 42435 1246 0.0409891
50.7352 455025 453224 0.246348 96.4048 9.68911 0 9.40439 42436 1247 0.0409891
50.7353 453224 453224 0.246348 96.4048 9.68931 0 9.40437 42437 1248 0.0409945
50.7354 451776 451776 0.246348 0 9.68929 0 9.40434 42437 1248 0.0410537
50.7355 450328 450328 0.246348 0 9.68927 0 9.40432 42437 1248 0.0411153
50.7357 448880 448880 0.246348 0 9.68924 0 9.4043 42437 1248 0.0411771
50.7358 447432 447432 0.246348 0 9.68922 0 9.40428 42437 1248 0.0412393
50.7359 445984 445984 0.246348 0 9.6892 0 9.40426 42437 1248 0.0413018
50.736 444536 444536 0.246348 0 9.68918 0 9.40423 42437 1248 0.0413645
50.7361 443088 443088 0.246348 0 9.68915 0 9.40421 42437 1248 0.0414276
50.7363 441765 441640 0.246348 0 9.68913 0 9.40419 42437 1248 0.0414903
50.7364 440192 440192 0.246348 0 9.68911 0 9.40417 42437 1248 0.0415553
50.7365 438744 438744 0.246348 0 9.68908 0 9.40414 42437 1248 0.0416185
50.7366 437296 437296 0.246348 0 9.68906 0 9.40412 42437 1248 0.0416828
50.7367 435848 435848 0.246348 0 9.68904 0 9.4041 42437 1248 0.0417473
50.7369 434400 434400 0.246348 0 9.68901 0 9.40408 42437 1248 0.0418122
50.737 432952 432952 0.246348 0 9.68899 0 9.40405 42437 1248 0.0418773
50.7371 431504 431504 0.246348 0 9.68897 0 9.40403 42437 1248 0.0419428
50.7372 430056 430056 0.246348 0 9.68895 0 9.40401 42437 1248 0.0420085
50.7373 428608 428608 0.246348 0 9.68892 0 9.40399 42437 1248 0.0420745
50.7375 427160 427160 0.246348 0 9.6889 0 9.40397 42437 1248 0.0421409
50.7376 425712 425712 0.246348 0 9.68888 0 9.40394 42437 1248 0.0422075
50.7377 424264 424264 0.246348 0 9.68885 0 9.40392 42437 1248 0.0422744
50.7378 422816 422816 0.246348 0 9.68883 0 9.4039 42437 1248 0.0423417
50.7379 421368 421368 0.246348 0 9.68881 0 9.40388 42437 1248 0.0424092
50.7381 418472 418472 0.246348 0 9.68878 0 9.40385 42437 1248 0.0425563
50.7382 417024 417024 0.246348 0 9.68876 0 9.40383 42437 1248 0.0426136
50.7383 415576 415576 0.246348 0 9.68874 0 9.40381 42437 1248 0.0426823
50.7384 414128 414128 0.246348 0 9.68872 0 9.40379 42437 1248 0.0427513
50.7385 412680 412680 0.246348 0 9.68869 0 9.40377 42437 1248 0.0428206
50.7387 411232 411232 0.246348 0 9.68867 0 9.40374 42437 1248 0.0428902
50.7388 409784 409784 0.246348 0 9.68865 0 9.40372 42437 1248 0.0429602
50.7389 408336 408336 0.246348 0 9.68862 0 9.4037 42437 1248 0.0430304
50.739 406888 406888 0.246348 0 9.6886 0 9.40368 42437 1248 0.0431009
50.7391 405440 405440 0.246348 0 9.68858 0 9.40365 42437 1248 0.0431717
50.7393 403992 403992 0.246348 0 9.68856 0 9.40363 42437 1248 0.0432428
50.7394 402544 402544 0.246348 0 9.68853 0 9.40361 42437 1248 0.0433142
50.7395 401096 401096 0.246348 0 9.68851 0 9.40359 42437 1248 0.0433859
50.7396 400093 399648 0.246348 0 9.68849 0 9.40356 42437 1248 0.043456
50.7397 398200 398200 0.246348 0 9.68846 0 9.40354 42437 1248 0.0435328
50.7399 396752 396752 0.246348 0 9.68844 0 9.40352 42437 1248 0.0436028
50.74 395304 395304 0.246348 0 9.68842 0 9.4035 42437 1248 0.0436757
50.7401 393856 393856 0.246348 0 9.68839 0 9.40348 42437 1248 0.0437489
50.7402 392408 392408 0.246348 0 9.68837 0 9.40345 42437 1248 0.0438224
50.7403 390960 390960 0.246348 0 9.68835 0 9.40343 42437 1248 0.0438962
50.7405 389512 389512 0.246348 0 9.68833 0 9.40341 42437 1248 0.0439703
50.7406 388064 388064 0.246348 0 9.6883 0 9.40339 42437 1248 0.0440447
50.7407 386833 386616 0.246348 0 9.68828 0 9.40336 42437 1248 0.0441183
50.7408 385168 385168 0.246348 0 9.68826 0 9.40334 42437 1248 0.0441955
50.741 383720 383720 0.246348 0 9.68823 0 9.40332 42437 1248 0.0442696
50.7411 382272 382272 0.246348 0 9.68821 0 9.4033 42437 1248 0.0443452
50.7412 380824 380824 0.246348 0 9.68819 0 9.40328 42437 1248 0.0444211
50.7413 379376 379376 0.246348 0 9.68817 0 9.40325 42437 1248 0.0444972
50.7414 377928 377928 0.246348 0 9.68814 0 9.40323 42437 1248 0.0445737
50.7416 376480 376480 0.246348 0 9.68812 0 9.40321 42437 1248 0.0446505
50.7417 375032 375032 0.246348 0 9.6881 0 9.40319 42437 1248 0.0447276
50.7418 373584 373584 0.246348 0 9.68807 0 9.40316 42437 1248 0.0448049
50.7419 372136 372136 0.246348 0 9.68805 0 9.40314 42437 1248 0.0448826
50.742 370688 370688 0.246348 0 9.68803 0 9.40312 42437 1248 0.0449606
50.7422 369240 369240 0.246348 0 9.688 0 9.4031 42437 1248 0.0450388
50.7423 367792 367792 0.246348 0 9.68798 0 9.40307 42437 1248 0.0451174
50.7424 366344 366344 0.246348 0 9.68796 0 9.40305 42437 1248 0.0451962
50.7425 364896 364896 0.246348 0 9.68794 0 9.40303 42437 1248 0.0452754
50.7426 363448 363448 0.246348 0 9.68791 0 9.40301 42437 1248 0.0453549
50.7428 362000 362000 0.246348 0 9.68789 0 9.40299 42437 1248 0.0454346
50.7429 359104 359104 0.246348 0 9.68787 0 9.40296 42437 1248 0.0456062
50.743 357656 357656 0.246348 0 9.68784 0 9.40294 42437 1248 0.0456757
50.7882 356208 356208 0.246348 0 9.67923 0 9.39458 42437 1248 0.0457566
50.7883 354760 354760 0.246348 0 9.6792 0 9.39455 42437 1248 0.0458379
50.7884 353312 353312 0.246348 0 9.67918 0 9.39453 42437 1248 0.0459194
50.7885 351864 351864 0.246348 0 9.67916 0 9.39451 42437 1248 0.0460012
50.7887 350416 350416 0.246348 0 9.67913 0 9.39449 42437 1248 0.0460834
50.7888 348968 348968 0.246348 0 9.67911 0 9.39447 42437 1248 0.0461658
50.7889 347520 347520 0.246348 0 9.67909 0 9.39444 42437 1248 0.0462486
50.789 346072 346072 0.246348 0 9.67907 0 9.39442 42437 1248 0.0463316
50.7891 345161 344624 0.246348 0 9.67904 0 9.3944 42437 1248 0.0464127
50.7893 343176 343176 0.246348 0 9.67902 0 9.39438 42437 1248 0.0465018
50.7894 341728 341728 0.246348 0 9.679 0 9.39435 42437 1248 0.0465825
50.7895 340280 340280 0.246348 0 9.67897 0 9.39433 42437 1248 0.0466667
50.7896 338832 338832 0.246348 0 9.67895 0 9.39431 42437 1248 0.0467512
50.7897 337384 337384 0.246348 0 9.67893 0 9.39429 42437 1248 0.0468361
50.7899 335936 335936 0.246348 0 9.67891 0 9.39427 42437 1248 0.0469212
50.79 334488 334488 0.246348 0 9.67888 0 9.39424 42437 1248 0.0470066
50.7901 333040 333040 0.246348 0 9.67886 0 9.39422 42437 1248 0.0470923
50.7902 331900 331592 0.246348 0 9.67884 0 9.3942 42437 1248 0.0471769
50.7903 330144 330144 0.246348 0 9.67881 0 9.39418 42437 1248 0.0472664
50.7905 328696 328696 0.246348 0 9.67879 0 9.39415 42437 1248 0.0473513
50.7906 327248 327248 0.246348 0 9.67877 0 9.39413 42437 1248 0.0474382
50.7907 325800 325800 0.246348 0 9.67875 0 9.39411 42437 1248 0.0475254
50.7908 324352 324352 0.246348 0 9.67872 0 9.39409 42437 1248 0.0476129
50.7909 322904 322904 0.246348 0 9.6787 0 9.39407 42437 1248 0.0477007
50.7911 321456 321456 0.246348 0 9.67868 0 9.39404 42437 1248 0.0477888
50.7974 320008 318560 0.246348 94.5858 9.68932 0 9.39287 42489 1300 0.0479659
50.8027 318560 317112 0.246348 96.4048 9.69835 0 9.39189 42533 1344 0.0480549
50.809 317112 315664 0.246348 96.4048 9.70901 0 9.39073 42585 1396 0.0481442
50.9652 321456 315664 0.246348 4.82024 9.69402 0 9.36195 42650 1461 0.048174
51.0054 322904 320008 0.246348 45.183 9.72203 0 9.35456 42807 1618 0.0478772
51.009 324352 320008 0.203317 96.4048 9.72816 96.4048 9.36071 42837 1618 0.0336915
51.1394 325800 321456 0.213299 2.75442 9.71038 2.75442 9.34387 42868 1618 0.036564
51.1396 327248 322904 0.208512 144.607 9.71101 144.607 9.34451 42871 1618 0.035031
51.1662 328696 324352 0.183299 11.778 9.71208 11.778 9.34577 42898 1618 0.02809
51.1717 330144 325800 0.177292 98.5005 9.72168 98.5005 9.3554 42945 1618 0.0265573
51.1785 331592 327248 0.177007 98.1263 9.7333 98.1263 9.36707 43002 1618 0.0264033
51.1876 333040 328696 0.177106 97.6733 9.74899 97.6733 9.38283 43079 1618 0.0263395
51.3198 334488 330144 0.178366 2.54158 9.73043 2.54158 9.36521 43108 1618 0.0265497
51.3472 335936 331592 0.179851 12.262 9.73178 12.262 9.36675 43137 1618 0.0268171
51.3512 337384 333040 0.180218 99.2402 9.7389 99.2402 9.3739 43172 1618 0.0268191
51.3558 338832 334488 0.180196 98.9418 9.74683 98.9418 9.38187 43211 1618 0.0267281
51.3604 340280 335936 0.180455 98.9418 9.75476 98.9418 9.38983 43250 1618 0.0267052
51.3661 341728 337384 0.180484 98.4132 9.76471 98.4132 9.39982 43299 1618 0.0266268
51.5025 343176 338832 0.18083 2.97284 9.74673 2.97284 9.38281 43334 1618 0.0266256
51.5291 344624 340280 0.185893 8.28819 9.74598 8.28819 9.38224 43353 1618 0.0277901
51.5324 346072 341728 0.18488 99.8478 9.75186 99.8478 9.38815 43382 1618 0.0274521
51.536 347520 343176 0.184547 99.6183 9.75814 99.6183 9.39446 43413 1618 0.0272849
51.5401 348968 344624 0.184742 99.2402 9.76524 99.2402 9.40158 43448 1618 0.02725
51.5449 350416 346072 0.184749 98.8149 9.77354 98.8149 9.40992 43489 1618 0.0271684
51.5507 351864 347520 0.185039 98.4132 9.78346 98.4132 9.41988 43538 1618 0.0271578
51.6914 353312 348968 0.185612 3.21075 9.76557 3.21075 9.40297 43577 1618 0.0272188
51.7182 354760 350416 0.19107 7.34924 9.76432 7.34924 9.40191 43594 1618 0.0285373
51.7218 356208 351864 0.189754 99.6183 9.77058 99.6183 9.4082 43625 1618 0.0281119
51.7254 357656 353312 0.189815 99.6183 9.77684 99.6183 9.41449 43656 1618 0.0280458
51.7295 359104 354760 0.189935 99.2402 9.7839 99.2402 9.42158 43691 1618 0.0279955
51.7346 360552 356208 0.190082 98.7001 9.79258 98.7001 9.43029 43734 1618 0.0279524
51.7403 362000 357656 0.190119 98.4132 9.80246 98.4132 9.44021 43783 1618 0.0278812
51.8845 363448 359104 0.207659 3.45451 9.78482 3.45451 9.42357 43826 1618 0.0326726
51.8864 364896 360552 0.19821 102.43 9.78825 102.43 9.42702 43843 1618 0.0298912
51.9161 366344 362000 0.194925 12.88 9.79002 12.88 9.42899 43876 1618 0.0289139
51.9204 367792 363448 0.194623 99.0827 9.79746 99.0827 9.43646 43913 1618 0.0287527
51.9255 369240 364896 0.194873 98.7001 9.8061 98.7001 9.44514 43956 1618 0.0287405
51.9305 370688 366344 0.194888 98.7001 9.81473 98.7001 9.45381 43999 1618 0.0286654
51.9365 372136 367792 0.195002 98.3329 9.82497 98.3329 9.46409 44050 1618 0.0286173
52.0825 373584 369240 0.195375 2.6184 9.80477 2.6184 9.4449 44083 1618 0.0286397
52.1129 375032 370688 0.198365 11.0504 9.8055 11.0504 9.44584 44112 1618 0.0293798
52.1168 376480 372136 0.199417 99.4174 9.81211 99.4174 9.45248 44145 1618 0.0295941
52.1213 377928 373584 0.199733 98.9418 9.81992 98.9418 9.46032 44184 1618 0.0296047
52.1264 379376 375032 0.19979 98.7001 9.82853 98.7001 9.46896 44227 1618 0.0295433
52.1326 380824 376480 0.199916 98.2587 9.83912 98.2587 9.4796 44280 1618 0.0295013
52.2855 382272 377928 0.218335 4.92635 9.82476 4.92635 9.46629 44345 1618 0.0349181
52.2857 383720 379376 0.216418 144.607 9.82538 144.607 9.46691 44348 1618 0.0342383
52.317 385168 380824 0.205035 12.236 9.82682 12.236 9.46856 44381 1618 0.0307308
52.3213 386616 382272 0.20389 99.0827 9.8342 99.0827 9.47597 44418 1618 0.0303239
52.3266 388064 383720 0.203899 98.5958 9.84317 98.5958 9.48498 44463 1618 0.0302511
52.3328 389512 385168 0.204006 98.2587 9.85373 98.2587 9.49558 44516 1618 0.0302064
52.341 390960 386616 0.204159 97.8225 9.86746 97.8225 9.50937 44585 1618 0.0301756
52.4943 392408 388064 0.215743 2.94654 9.84724 2.94654 9.4902 44624 1618 0.0335749
52.527 393856 389512 0.210118 13.8227 9.84972 13.8227 9.49289 44663 1618 0.0317802
52.5323 395304 390960 0.209105 98.5958 9.85865 98.5958 9.50186 44708 1618 0.031403
52.5383 396752 392408 0.20912 98.3329 9.86877 98.3329 9.51202 44759 1618 0.0313335
52.5443 398200 393856 0.209347 98.3329 9.87888 98.3329 9.52218 44810 1618 0.0313279
52.5525 399648 395304 0.209445 97.8225 9.89256 97.8225 9.5359 44879 1618 0.0312839
52.7379 401096 396752 0.214885 2.43667 9.86634 2.43667 9.51095 44918 1618 0.0328665
52.7427 402544 398200 0.213624 98.8149 9.87445 98.8149 9.51908 44959 1618 0.0324049
52.7482 403992 399648 0.213691 98.5005 9.88374 98.5005 9.52841 45006 1618 0.0323534
52.7547 405440 401096 0.213811 98.1901 9.8946 98.1901 9.53931 45061 1618 0.0323183
52.7631 406888 402544 0.213984 97.782 9.90861 97.782 9.55338 45132 1618 0.0322998
52.9226 408336 403992 0.214702 2.9786 9.88773 2.9786 9.53357 45173 1618 0.03245
52.9577 409784 405440 0.21712 16.1775 9.8919 16.1775 9.53797 45222 1618 0.0331329
52.9632 411232 406888 0.217367 98.5005 9.90114 98.5005 9.54726 45269 1618 0.0331397
52.9699 412680 408336 0.217455 98.1263 9.91235 98.1263 9.55851 45326 1618 0.0330968
52.9786 414128 409784 0.217714 97.7437 9.92669 97.7437 9.57291 45399 1618 0.0331084
53.1431 415576 411232 0.237605 4.01393 9.90839 4.01393 9.5557 45456 1618 0.0397081
53.1777 417024 412680 0.222735 13.0548 9.91044 13.0548 9.55798 45495 1618 0.0345777
53.1844 418472 414128 0.221919 98.1263 9.9216 98.1263 9.56919 45552 1618 0.0342436
53.1931 419920 415576 0.222185 97.7437 9.93588 97.7437 9.58353 45625 1618 0.0342606
53.2046 421368 417024 0.222174 97.409 9.95485 97.409 9.60257 45722 1618 0.0341883
53.4017 422816 418472 0.228485 2.99795 9.92918 2.99795 9.5782 45773 1618 0.036207
53.4084 424264 419920 0.225761 98.1263 9.94029 98.1263 9.58935 45830 1618 0.0352281
53.4173 425712 421368 0.225958 97.7076 9.9549 97.7076 9.60402 45905 1618 0.0352257
53.429 427160 422816 0.225963 97.3885 9.97417 97.3885 9.62337 46004 1618 0.03516
53.599 428608 424264 0.232615 4.02255 9.9553 4.02255 9.60561 46063 1618 0.0373447
53.6372 430056 425712 0.229196 18.4927 9.96138 18.4927 9.61195 46124 1618 0.0361091
53.6461 431504 427160 0.229307 97.7076 9.97593 97.7076 9.62655 46199 1618 0.0360803
53.6578 432952 428608 0.2292 97.3885 9.99511 97.3885 9.64581 46298 1618 0.0359775
53.8547 434400 430056 0.233522 4.06101 9.97342 4.06101 9.6254 46367 1618 0.0373929
53.8626 435848 431504 0.224431 97.8655 9.98637 97.8655 9.63839 46434 1618 0.0342549
53.8746 437296 432952 0.224465 97.3688 10.0059 97.3688 9.65796 46535 1618 0.0342005
54.0521 438744 434400 0.245331 6.85342 9.9955 6.85342 9.64875 46640 1618 0.0414342
54.0816 440192 435848 0.226767 18.4188 10.0001 18.4188 9.65354 46687 1618 0.0348331
54.0939 441640 437296 0.225235 97.3499 10.0199 97.3499 9.67341 46790 1618 0.03426
54.1122 443088 438744 0.22532 97.039 10.0493 97.039 9.7029 46943 1618 0.0342238
54.3156 444536 440192 0.227781 5.86515 10.0336 5.86515 9.68853 47046 1618 0.0349796
54.3339 445984 441640 0.227973 97.039 10.0628 97.039 9.71789 47199 1618 0.0349804
54.5399 447432 443088 0.230326 5.78991 10.0467 5.78991 9.70305 47302 1618 0.0357129
54.5584 448880 444536 0.230826 97.0308 10.0762 97.0308 9.73267 47457 1618 0.0358205
54.7419 450328 445984 0.230925 6.75528 10.0651 6.75528 9.72269 47564 1618 0.0357916
54.7849 451776 447432 0.232711 41.2009 10.0895 41.2009 9.7474 47717 1618 0.0363429
54.9766 453224 448880 0.233043 9.61026 10.0879 9.61026 9.74692 47876 1618 0.0363956
55.0256 454672 450328 0.235133 47.4935 10.1212 47.4935 9.78056 48077 1618 0.0370613
55.2419 456120 451776 0.239594 7.55171 10.1111 7.55171 9.77183 48218 1618 0.0385821
55.4515 457568 453224 0.237505 15.8648 10.1329 15.8648 9.79485 48505 1618 0.037775
55.6914 459016 454672 0.258375 15.3031 10.1551 15.3031 9.81859 48822 1618 0.0455586
55.9328 460464 456120 0.240214 15.3077 10.1774 15.3077 9.84228 49141 1618 0.0386225
58.6233 461912 457568 0.245356 15.0392 10.4005 15.0392 10.0808 52634 1618 0.0404417
58.8983 463360 459016 0.248934 14.7894 10.421 14.7894 10.1028 52985 1618 0.041721
59.1436 464808 460464 0.251406 15.0603 10.4402 15.0603 10.1233 53304 1618 0.0426012
59.3597 466256 461912 0.245498 15.4955 10.4586 15.4955 10.1429 53593 1618 0.040315
59.6054 467704 463360 0.268674 15.1325 10.4779 15.1325 10.1635 53914 1618 0.0493912
59.6462 469152 464808 0.245963 36.01 10.4954 36.01 10.1812 54041 1618 0.0403696
59.8515 470600 466256 0.245905 11.1193 10.4975 11.1193 10.1844 54238 1618 0.0402896
59.8945 472048 467704 0.246413 39.0466 10.518 39.0466 10.2051 54383 1618 0.0404206
