0.340049 14480 0 0 0 0 0 0 0 0 0.0439727
0.385551 18824 11584 0.0416504 3.30959 0.390589 3.30959 0.390589 13 0 0.0391442
0.43809 21720 15928 0.0498197 2.42532 0.634609 2.42532 0.634609 24 0 0.0384376
0.50983 23168 18824 0.0616997 2.2606 0.863409 2.2606 0.863409 38 0 0.0380239
0.601156 18824 20272 0.0802852 1.90264 1.02129 1.90264 1.02129 53 0 0.0383119
0.67926 15928 15928 0.0855279 1.63147 1.09145 1.63147 1.09145 64 0 0.0389856
0.743185 13032 13032 0.0892535 1.81212 1.15343 1.81212 1.15343 74 0 0.0394927
0.796657 11584 10136 0.0834527 1.73312 1.19234 1.73312 1.19234 82 0 0.0394799
0.849647 10136 8688 0.0775559 1.53023 1.21342 1.53023 1.21342 89 0 0.0393906
0.850368 11584 7240 0.0694505 80.3373 1.2805 80.3373 1.2805 94 0 0.0393245
0.908766 13032 8688 0.065876 1.38855 1.28744 1.38855 1.28744 101 0 0.0391169
0.97197 14480 10136 0.0645439 1.28295 1.28715 1.28295 1.28715 108 0 0.0389505
1.03662 13032 11584 0.0713345 1.61272 1.30745 1.61272 1.30745 117 0 0.0389061
1.10006 11584 10136 0.0685881 1.27809 1.30576 1.27809 1.30576 124 0 0.0390036
1.16146 10136 8688 0.0740801 1.32061 1.30655 1.32061 1.30655 131 0 0.0392806
1.16218 11584 7240 0.0698876 80.3373 1.35557 80.3373 1.35557 136 0 0.039333
1.22298 13032 8688 0.066954 1.33366 1.35448 1.33366 1.35448 143 0 0.0391307
1.28439 14480 10136 0.0652231 1.32061 1.35286 1.32061 1.35286 150 0 0.0389571
1.34807 13032 11584 0.0709206 1.63706 1.36629 1.63706 1.36629 159 0 0.0388969
1.41332 11584 10136 0.0683067 1.24279 1.36059 1.24279 1.36059 166 0 0.0389989
1.47844 10136 8688 0.0751727 1.24508 1.3555 1.24508 1.3555 173 0 0.0393126
1.47917 11584 7240 0.0718149 80.3373 1.394 80.3373 1.394 178 0 0.0393748
1.54333 10136 8688 0.0694698 1.26373 1.38858 1.26373 1.38858 185 0 0.0391721
1.60738 11584 7240 0.0677737 0.90436 1.36929 0.90436 1.36929 190 0 0.0392956
1.67238 10136 8688 0.0737624 1.24738 1.36455 1.24738 1.36455 197 0 0.0392718
1.74484 11584 7240 0.0717452 0.799376 1.34108 0.799376 1.34108 202 0 0.0393731
1.81994 13032 8688 0.0814094 1.07973 1.33029 1.07973 1.33029 209 0 0.0395407
1.82066 11584 10136 0.0793895 112.472 1.37431 112.472 1.37431 216 0 0.0393058
1.8972 10136 8688 0.0782913 1.05939 1.3616 1.05939 1.3616 223 0 0.0394169
1.97374 11584 7240 0.0778651 0.75671 1.33814 0.75671 1.33814 228 0 0.0395543
2.05101 13032 8688 0.084978 1.04951 1.32727 1.04951 1.32727 235 0 0.0397063
2.12995 11584 10136 0.0829091 1.02714 1.31615 1.02714 1.31615 242 0 0.0394547
2.21034 13032 8688 0.0902914 1.00872 1.30497 1.00872 1.30497 249 0 0.0399999
2.29085 11584 10136 0.0868944 1.00721 1.2945 1.00721 1.2945 256 0 0.0396532
2.37183 13032 8688 0.0944552 1.00124 1.28449 1.00124 1.28449 263 0 0.0402695
2.37256 11584 10136 0.0900139 112.472 1.31827 112.472 1.31827 270 0 0.0398307
2.45462 13032 8688 0.0867933 0.988043 1.30723 0.988043 1.30723 277 0 0.0398003
2.53753 11584 10136 0.0856369 0.97802 1.29648 0.97802 1.29648 284 0 0.0395871
2.62069 13032 8688 0.0924891 0.975193 1.28628 0.975193 1.28628 291 0 0.0401379
2.70336 11584 10136 0.0893569 0.980863 1.27694 0.980863 1.27694 298 0 0.0397917
2.78603 13032 8688 0.0956951 0.980863 1.26816 0.980863 1.26816 305 0 0.0403565
2.86894 11584 10136 0.0915047 0.97802 1.25977 0.97802 1.25977 312 0 0.0399224
2.95245 13032 8688 0.0983603 0.970984 1.2516 0.970984 1.2516 319 0 0.0405539
2.95317 11584 10136 0.0934152 112.472 1.27876 112.472 1.27876 326 0 0.0400464
3.03704 13032 8688 0.089644 0.96681 1.27014 0.96681 1.27014 333 0 0.0399611
3.12091 11584 10136 0.087781 0.96681 1.26199 0.96681 1.26199 340 0 0.0397016
3.20454 13032 8688 0.0941597 0.969588 1.25436 0.969588 1.25436 347 0 0.0402493
3.28817 11584 10136 0.0906012 0.969588 1.24712 0.969588 1.24712 354 0 0.0398663
3.37181 13032 8688 0.0969476 0.969588 1.24023 0.969588 1.24023 361 0 0.0404475
3.45568 11584 10136 0.0926739 0.96681 1.2336 0.96681 1.2336 368 0 0.0399974
3.53955 13032 8688 0.0995552 0.96681 1.22728 0.96681 1.22728 375 0 0.040647
3.54027 11584 10136 0.0944207 112.472 1.24993 112.472 1.24993 382 0 0.0401146
3.62414 13032 8688 0.0901084 0.96681 1.24338 0.96681 1.24338 389 0 0.0399889
3.70789 11584 10136 0.0880922 0.968197 1.23716 0.968197 1.23716 396 0 0.039719
3.79152 13032 8688 0.0943421 0.969588 1.23126 0.969588 1.23126 403 0 0.0402618
3.87492 11584 10136 0.0905983 0.972383 1.22569 0.972383 1.22569 410 0 0.0398661
3.95855 13032 8688 0.0969459 0.969588 1.22028 0.969588 1.22028 417 0 0.0404474
4.0423 11584 10136 0.0925771 0.968197 1.21506 0.968197 1.21506 424 0 0.0399911
4.12617 13032 8688 0.0995121 0.96681 1.21001 0.96681 1.21001 431 0 0.0406436
4.12689 11584 10136 0.0942669 112.472 1.22945 112.472 1.22945 438 0 0.0401041
4.21076 13032 8688 0.0900183 0.96681 1.22422 0.96681 1.22422 445 0 0.0399835
4.29451 11584 10136 0.0880318 0.968197 1.21922 0.968197 1.21922 452 0 0.0397156
4.37815 13032 8688 0.0941973 0.969588 1.21445 0.969588 1.21445 459 0 0.0402518
4.46154 11584 10136 0.0908314 0.972383 1.20993 0.972383 1.20993 466 0 0.0398804
4.54517 13032 8688 0.0968895 0.969588 1.20551 0.969588 1.20551 473 0 0.0404432
4.6288 11584 10136 0.0925256 0.969588 1.20124 0.969588 1.20124 480 0 0.0399878
4.71267 13032 8688 0.0993725 0.96681 1.19707 0.96681 1.19707 487 0 0.0406326
4.71339 11584 10136 0.0942027 112.472 1.21409 112.472 1.21409 494 0 0.0400997
4.79726 13032 8688 0.09009 0.96681 1.20977 0.96681 1.20977 501 0 0.0399878
4.88126 11584 10136 0.0881892 0.965427 1.20557 0.965427 1.20557 508 0 0.0397245
4.96489 13032 8688 0.094274 0.969588 1.20159 0.969588 1.20159 515 0 0.0402571
5.04852 11584 10136 0.0908828 0.969588 1.19775 0.969588 1.19775 522 0 0.0398836
5.13215 13032 8688 0.0970033 0.969588 1.19403 0.969588 1.19403 529 0 0.0404516
5.21602 11584 10136 0.0928362 0.96681 1.19038 0.96681 1.19038 536 0 0.0400081
5.29989 13032 8688 0.0995546 0.96681 1.18684 0.96681 1.18684 543 0 0.0406469
5.30061 11584 10136 0.0944204 112.472 1.20197 112.472 1.20197 550 0 0.0401146
5.38449 13032 8688 0.0902039 0.96681 1.19831 0.96681 1.19831 557 0 0.0399947
5.46824 11584 10136 0.0880468 0.968197 1.19479 0.968197 1.19479 564 0 0.0397165
5.55187 13032 8688 0.0943155 0.969588 1.19139 0.969588 1.19139 571 0 0.0402599
5.63526 11584 10136 0.0909106 0.972383 1.18815 0.972383 1.18815 578 0 0.0398853
5.71889 13032 8688 0.0968946 0.969588 1.18496 0.969588 1.18496 585 0 0.0404436
5.80264 11584 10136 0.0926384 0.968197 1.18183 0.968197 1.18183 592 0 0.0399951
5.88651 13032 8688 0.0995344 0.96681 1.17876 0.96681 1.17876 599 0 0.0406453
5.88724 11584 10136 0.0942974 112.472 1.19239 112.472 1.19239 606 0 0.0401062
5.97111 13032 8688 0.0901612 0.96681 1.18923 0.96681 1.18923 613 0 0.0399921
6.05486 11584 10136 0.0881275 0.968197 1.18617 0.968197 1.18617 620 0 0.039721
6.13849 13032 8688 0.0943628 0.969588 1.18322 0.969588 1.18322 627 0 0.0402632
6.22188 11584 10136 0.0906122 0.972383 1.18039 0.972383 1.18039 634 0 0.039867
6.30551 13032 8688 0.0969541 0.969588 1.1776 0.969588 1.1776 641 0 0.040448
6.38914 11584 10136 0.0924731 0.969588 1.17487 0.969588 1.17487 648 0 0.0399844
6.47302 13032 8688 0.0994668 0.96681 1.17218 0.96681 1.17218 655 0 0.04064
6.47374 11584 10136 0.0943615 112.472 1.18457 112.472 1.18457 662 0 0.0401106
6.55761 13032 8688 0.08999 0.96681 1.18179 0.96681 1.18179 669 0 0.0399818
6.6416 11584 10136 0.0881085 0.965427 1.17905 0.965427 1.17905 676 0 0.0397199
6.72523 13032 8688 0.0942423 0.969588 1.17645 0.969588 1.17645 683 0 0.0402549
6.80886 11584 10136 0.0908616 0.969588 1.17391 0.969588 1.17391 690 0 0.0398823
6.89249 13032 8688 0.0971002 0.969588 1.17143 0.969588 1.17143 697 0 0.0404588
6.97637 11584 10136 0.0925711 0.96681 1.16897 0.96681 1.16897 704 0 0.0399907
7.06024 13032 8688 0.0996336 0.96681 1.16656 0.96681 1.16656 711 0 0.0406532
7.06096 11584 10136 0.0943483 112.472 1.17793 112.472 1.17793 718 0 0.0401097
7.14483 13032 8688 0.090066 0.96681 1.17545 0.96681 1.17545 725 0 0.0399863
7.22858 11584 10136 0.0880637 0.968197 1.17305 0.968197 1.17305 732 0 0.0397174
7.31209 13032 8688 0.0942161 0.970984 1.17074 0.970984 1.17074 739 0 0.0402531
7.39548 11584 10136 0.090844 0.972383 1.16851 0.972383 1.16851 746 0 0.0398812
7.47899 13032 8688 0.0966761 0.970984 1.1663 0.970984 1.1663 753 0 0.0404275
7.56263 11584 10136 0.092492 0.969588 1.16412 0.969588 1.16412 760 0 0.0399856
7.6465 13032 8688 0.0994486 0.96681 1.16196 0.96681 1.16196 767 0 0.0406386
7.64722 11584 10136 0.09424 112.472 1.17245 112.472 1.17245 774 0 0.0401022
7.73109 13032 8688 0.0901275 0.96681 1.17022 0.96681 1.17022 781 0 0.03999
7.81508 11584 10136 0.0882299 0.965427 1.16802 0.965427 1.16802 788 0 0.0397268
7.89871 13032 8688 0.0944229 0.969588 1.16592 0.969588 1.16592 795 0 0.0402673
7.98234 11584 10136 0.0908868 0.969588 1.16386 0.969588 1.16386 802 0 0.0398839
8.06598 13032 8688 0.09699 0.969588 1.16185 0.969588 1.16185 809 0 0.0404506
8.14985 11584 10136 0.0927023 0.96681 1.15984 0.96681 1.15984 816 0 0.0399993
8.23372 13032 8688 0.0996556 0.96681 1.15788 0.96681 1.15788 823 0 0.0406549
8.23444 11584 10136 0.0943923 112.472 1.16762 112.472 1.16762 830 0 0.0401127
8.31831 13032 8688 0.0902012 0.96681 1.1656 0.96681 1.1656 837 0 0.0399945
8.4023 11584 10136 0.0882637 0.965427 1.1636 0.965427 1.1636 844 0 0.0397287
8.48618 13032 8688 0.0944426 0.96681 1.16165 0.96681 1.16165 851 0 0.0402687
8.56981 11584 10136 0.0909958 0.969588 1.15978 0.969588 1.15978 858 0 0.0398906
8.65344 13032 8688 0.0971789 0.969588 1.15794 0.969588 1.15794 865 0 0.0404646
8.73707 11584 10136 0.0926238 0.969588 1.15614 0.969588 1.15614 872 0 0.0399942
8.82094 13032 8688 0.0994301 0.96681 1.15434 0.96681 1.15434 879 0 0.0406371
8.82166 11584 10136 0.094337 112.472 1.16343 112.472 1.16343 886 0 0.0401089
8.90553 13032 8688 0.090155 0.96681 1.16158 0.96681 1.16158 893 0 0.0399917
8.98953 11584 10136 0.0882191 0.965427 1.15975 0.965427 1.15975 900 0 0.0397262
9.07316 13032 8688 0.0943071 0.969588 1.158 0.969588 1.158 907 0 0.0402594
9.15679 11584 10136 0.090905 0.969588 1.15628 0.969588 1.15628 914 0 0.039885
9.24042 13032 8688 0.0971257 0.969588 1.15459 0.969588 1.15459 921 0 0.0404607
9.32429 11584 10136 0.0925881 0.96681 1.1529 0.96681 1.1529 928 0 0.0399918
9.40816 13032 8688 0.0996436 0.96681 1.15124 0.96681 1.15124 935 0 0.040654
9.40888 11584 10136 0.094355 112.472 1.15977 112.472 1.15977 942 0 0.0401101
9.49276 13032 8688 0.0900699 0.96681 1.15806 0.96681 1.15806 949 0 0.0399866
9.57675 11584 10136 0.0880664 0.965427 1.15637 0.965427 1.15637 956 0 0.0397176
9.66062 13032 8688 0.0944227 0.96681 1.15473 0.96681 1.15473 963 0 0.0402673
9.74413 11584 10136 0.090873 0.970984 1.15315 0.970984 1.15315 970 0 0.039883
9.82752 13032 8688 0.097107 0.972383 1.15162 0.972383 1.15162 977 0 0.0404593
9.91115 11584 10136 0.0926849 0.969588 1.15008 0.969588 1.15008 984 0 0.0399982
9.99478 13032 8688 0.0993409 0.969588 1.14857 0.969588 1.14857 991 0 0.0406301
9.99551 11584 10136 0.0942772 112.472 1.1566 112.472 1.1566 998 0 0.0401048
10.0787 5792 8688 0.0929926 0.139313 1.14821 0.139313 1.14821 999 0 0.0402268
10.1194 10136 2896 0.0837713 1.13658 1.14816 1.13658 1.14816 1003 0 0.0402903
10.197 13032 7240 0.0781202 1.3431 1.14965 1.3431 1.14965 1012 0 0.0395747
10.2958 14480 10136 0.0914243 0.938246 1.14762 0.938246 1.14762 1020 0 0.0399173
10.3736 15928 11584 0.100356 1.34102 1.14907 1.34102 1.14907 1029 0 0.0404063
10.4376 18824 13032 0.0893547 1.62785 1.15201 1.62785 1.15201 1038 0 0.0394986
10.4986 23168 15928 0.0846841 2.27728 1.15855 2.27728 1.15855 1050 0 0.0389619
10.5651 28960 20272 0.0800363 2.61496 1.16771 2.61496 1.16771 1065 0 0.038328
10.5668 37648 26064 0.0721193 123.949 1.18726 123.949 1.18726 1083 0 0.0375492
10.642 49232 34752 0.0742909 3.69603 1.20499 3.69603 1.20499 1107 0 0.0368218
10.723 62264 46336 0.079011 4.57708 1.23046 4.57708 1.23046 1139 0 0.0358735
10.8064 75296 59368 0.082704 5.69538 1.26491 5.69538 1.26491 1180 0 0.0347354
10.8872 88328 72400 0.0870185 7.30556 1.30978 7.30556 1.30978 1231 0 0.033682
10.9644 110048 85432 0.0795781 8.85963 1.3629 8.85963 1.3629 1290 0 0.0326283
11.0421 131768 107152 0.0827972 11.1752 1.43198 11.1752 1.43198 1365 0 0.0307453
11.122 162176 128872 0.0800377 12.9023 1.51439 12.9023 1.51439 1454 0 0.02948
11.2059 186792 159280 0.0881892 15.3308 1.6178 15.3308 1.6178 1565 0 0.0266861
11.296 214304 183896 0.0881702 16.3245 1.73513 16.3245 1.73513 1692 0 0.0249284
11.3904 225888 211408 0.0998599 18.0529 1.87026 18.0529 1.87026 1839 0 0.0224554
11.486 243264 222992 0.0964631 18.6512 2.01 18.6512 2.01 1993 0 0.0216165
11.5794 263536 240368 0.0962333 20.5961 2.15986 20.5961 2.15986 2159 0 0.0205128
11.6712 288152 260640 0.0946319 22.7132 2.32153 22.7132 2.32153 2339 0 0.0193058
11.6928 318560 285256 0.0936917 105.51 2.5124 105.51 2.5124 2536 0 0.018138
11.7887 346072 315664 0.0961066 26.457 2.70717 26.457 2.70717 2755 0 0.0160643
11.8867 369240 343176 0.0983026 27.9999 2.9158 27.9999 2.9158 2992 0 0.0141906
11.9883 385168 366344 0.10177 28.9785 3.13654 28.9785 3.13654 3246 0 0.0126627
12.0904 399648 382272 0.102334 30.0556 3.36394 30.0556 3.36394 3511 0 0.0117809
12.1918 417024 396752 0.101627 31.2973 3.5963 31.2973 3.5963 3785 0 0.0111431
12.2937 434400 414128 0.102098 32.5139 3.83598 32.5139 3.83598 4071 0 0.0103311
12.3963 448880 431504 0.102888 33.6401 4.0827 33.6401 4.0827 4369 0 0.0094256
12.4999 461912 445984 0.103729 34.4463 4.3343 34.4463 4.3343 4677 0 0.00878662
12.6036 474944 459016 0.10397 35.4117 4.58999 35.4117 4.58999 4994 0 0.00825634
12.7076 487976 472048 0.104198 36.4444 4.85054 36.4444 4.85054 5321 0 0.00774926
12.8118 499560 485080 0.104453 37.2069 5.11395 37.2069 5.11395 5656 0 0.00720543
12.9165 509696 496664 0.104967 38.0749 5.38102 38.0749 5.38102 6000 0 0.00676852
13.0215 519832 506800 0.105236 38.7163 5.64987 38.7163 5.64987 6351 0 0.00643489
13.1263 529968 516936 0.105 39.4685 5.91983 39.4685 5.91983 6708 0 0.00607034
13.232 537208 527072 0.106 39.9861 6.19206 39.9861 6.19206 7073 0 0.00574317
13.3365 548792 534312 0.104686 40.936 6.46409 40.936 6.46409 7442 0 0.00554354
13.4412 558928 545896 0.105109 41.7902 6.73947 41.7902 6.73947 7820 0 0.00517988
13.5455 571960 556032 0.104504 42.7602 7.01682 42.7602 7.01682 8205 0 0.00495795
13.6495 586440 569064 0.10422 43.8001 7.29692 43.8001 7.29692 8598 0 0.00465615
13.7539 599472 583544 0.104491 44.8188 7.58179 44.8188 7.58179 9002 0 0.0042517
13.8583 612504 596576 0.104713 45.8172 7.86988 45.8172 7.86988 9415 0 0.00397508
13.9641 621192 609608 0.106 46.1209 8.15953 46.1209 8.15953 9836 0 0.00365178
14.0699 629880 618296 0.106084 46.8346 8.45052 46.8346 8.45052 10264 0 0.00349145
14.1761 637120 626984 0.106439 47.33 8.74184 47.33 8.74184 10698 0 0.00332584
14.2824 644360 634224 0.106551 47.8752 9.03289 47.8752 9.03289 11137 0 0.00321336
14.3877 654496 641464 0.105651 48.6971 9.3234 48.6971 9.3234 11580 0 0.00310435
14.4936 663184 651600 0.106033 49.3514 9.61576 49.3514 9.61576 12031 0 0.00294178
14.5989 674768 660288 0.105423 50.1833 9.90826 50.1833 9.90826 12487 0 0.00287413
14.7044 684904 671872 0.105774 50.9474 10.2027 50.9474 10.2027 12951 0 0.00271197
14.81 695040 682008 0.105827 51.6572 10.4983 51.6572 10.4983 13422 0 0.00261151
14.9166 702280 692144 0.106815 52.0608 10.7953 52.0608 10.7953 13901 0 0.00252283
15.0233 708072 699384 0.106982 52.4364 11.0911 52.4364 11.0911 14384 0 0.00244912
15.1302 712416 705176 0.10715 52.8602 11.3863 52.8602 11.3863 14872 0 0.0023995
15.2374 716760 709520 0.107431 53.0659 11.6795 53.0659 11.6795 15363 0 0.0023998
15.3439 724000 713864 0.10668 53.6428 11.9706 53.6428 11.9706 15856 0 0.00236504
15.4506 729792 721104 0.106972 54.1734 12.2621 54.1734 12.2621 16355 0 0.00232542
15.5573 735584 726896 0.106993 54.4991 12.5518 54.4991 12.5518 16857 0 0.00230595
15.6642 739928 732688 0.107147 54.8099 12.8403 54.8099 12.8403 17363 0 0.00227771
15.771 744272 737032 0.107132 55.1969 13.1272 55.1969 13.1272 17872 0 0.00226696
15.878 748616 741376 0.107171 55.5682 13.413 55.5682 13.413 18385 0 0.00226394
15.9848 754408 745720 0.107005 55.8475 13.6966 55.8475 13.6966 18900 0 0.00227045
16.0914 761648 751512 0.106803 56.5169 13.9802 56.5169 13.9802 19420 0 0.00228384
16.1983 765992 758752 0.107226 56.868 14.2634 56.868 14.2634 19945 0 0.00226928
16.305 771784 763096 0.106992 57.2132 14.5445 57.2132 14.5445 20472 0 0.0022801
16.4122 776128 768888 0.107448 57.497 14.825 57.497 14.825 21004 0 0.00231022
16.5189 783368 773232 0.106882 58.0817 15.1044 58.0817 15.1044 21539 0 0.00232953
16.6257 789160 780472 0.107135 58.4502 15.3829 58.4502 15.3829 22078 0 0.00234734
16.7332 793504 786264 0.107555 58.6624 15.6607 58.6624 15.6607 22622 0 0.00238853
16.8403 797848 790608 0.107531 59.1182 15.9373 59.1182 15.9373 23169 0 0.00241005
16.9475 802192 794952 0.107472 59.3343 16.2118 59.3343 16.2118 23718 0 0.00243085
17.0545 807984 799296 0.107131 59.901 16.4857 59.901 16.4857 24271 0 0.00245379
17.1615 812328 805088 0.107343 60.1583 16.7582 60.1583 16.7582 24827 0 0.00249075
17.2685 818120 809432 0.107131 60.5509 17.0294 60.5509 17.0294 25386 0 0.00253213
17.3755 822464 815224 0.107344 61.0239 17.3005 61.0239 17.3005 25950 0 0.0025775
17.4827 826808 819568 0.107345 61.2797 17.5701 61.2797 17.5701 26517 0 0.00261924
17.5895 832600 823912 0.107105 61.7034 17.8381 61.7034 17.8381 27086 0 0.002667
17.6966 836944 829704 0.10724 62.1059 18.1059 62.1059 18.1059 27660 0 0.00271692
17.8035 842736 834048 0.107218 62.5006 18.3726 62.5006 18.3726 28237 0 0.0027915
17.9106 848528 839840 0.107239 62.7551 18.6379 62.7551 18.6379 28817 0 0.00286516
18.0178 852872 845632 0.107418 63.117 18.9025 63.117 18.9025 29401 0 0.00293236
18.1252 855768 849976 0.107648 63.2993 19.1656 63.2993 19.1656 29988 0 0.00299603
18.2329 857216 852872 0.107857 63.4808 19.4273 63.4808 19.4273 30578 0 0.00304653
18.3401 861560 854320 0.107481 63.8736 19.6871 63.8736 19.6871 31169 0 0.00306191
18.4474 865904 858664 0.107573 64.018 19.9449 64.018 19.9449 31762 0 0.00313644
18.5548 868800 863008 0.107679 64.3777 20.2022 64.3777 20.2022 32359 0 0.00319634
18.6624 870248 865904 0.107837 64.3416 20.4568 64.3416 20.4568 32957 0 0.00324736
18.7696 874592 867352 0.107444 64.7382 20.7097 64.7382 20.7097 33556 0 0.00326376
18.8767 878936 871696 0.107305 65.2436 20.9623 65.2436 20.9623 34159 0 0.00332446
18.984 883280 876040 0.107479 65.3134 21.2129 65.3134 21.2129 34764 0 0.00341745
19.0914 887624 880384 0.107641 65.6717 21.4631 65.6717 21.4631 35373 0 0.0035121
19.1991 889072 884728 0.107926 65.7403 21.7114 65.7403 21.7114 35984 0 0.00359143
19.3066 891968 886176 0.107819 66.0292 21.9583 66.0292 21.9583 36597 0 0.00362027
19.414 894864 889072 0.107699 66.2109 22.2031 66.2109 22.2031 37211 0 0.00366543
19.5211 899208 891968 0.107322 66.6502 22.4469 66.6502 22.4469 37827 0 0.00370614
19.6284 903552 896312 0.107611 66.8248 22.6895 66.8248 22.6895 38446 0 0.00382261
19.7359 906448 900656 0.107714 67.1064 22.9315 67.1064 22.9315 39069 0 0.00390558
19.8431 910792 903552 0.107436 67.4401 23.1719 67.4401 23.1719 39693 0 0.0039604
19.9504 915136 907896 0.107587 67.6885 23.4114 67.6885 23.4114 40320 0 0.00407091
20.0044 913688 912240 0.108005 97.0477 23.61 97.0477 23.61 40772 0 0.00417994
20.0045 912240 912240 0.108005 96.4048 23.6104 0 23.6098 40773 1 0.00417994
20.0046 911503 910792 0.108005 0 23.6103 0 23.6097 40773 1 0.00414392
20.0047 910774 909344 0.108005 0 23.6101 0 23.6095 40773 1 0.00411093
20.0049 910046 907896 0.108005 0 23.61 0 23.6094 40773 1 0.00407827
20.005 909317 907896 0.108005 96.4048 23.6104 0 23.6093 40774 2 0.00407827
20.0051 906448 906448 0.108005 0 23.6103 0 23.6091 40774 2 0.00405959
20.0052 905000 905000 0.108005 0 23.6101 0 23.609 40774 2 0.00401661
20.0053 903552 903552 0.108005 0 23.61 0 23.6088 40774 2 0.00398484
20.0055 902104 902104 0.108005 0 23.6098 0 23.6087 40774 2 0.00395337
20.0056 900996 900656 0.108005 0 23.6097 0 23.6085 40774 2 0.00392065
20.0057 900267 899208 0.108005 0 23.6096 0 23.6084 40774 2 0.00388853
20.0058 899539 897760 0.108005 0 23.6094 0 23.6083 40774 2 0.00385795
20.0059 897760 897760 0.108005 96.4048 23.6099 0 23.6081 40775 3 0.00386264
20.0061 896312 896312 0.108005 0 23.6097 0 23.608 40775 3 0.00383046
20.0062 894864 894864 0.108005 0 23.6096 0 23.6078 40775 3 0.00380048
20.0063 893416 893416 0.108005 0 23.6094 0 23.6077 40775 3 0.00377079
20.0064 891968 891968 0.108005 0 23.6093 0 23.6076 40775 3 0.00374141
20.0065 890520 890520 0.108005 0 23.6091 0 23.6074 40775 3 0.00371232
20.0067 889072 889072 0.108005 0 23.609 0 23.6073 40775 3 0.00368353
20.0068 887624 887624 0.108005 0 23.6089 0 23.6071 40775 3 0.00365504
20.0069 886176 886176 0.108005 0 23.6087 0 23.607 40775 3 0.00362685
20.007 884728 884728 0.108005 0 23.6086 0 23.6068 40775 3 0.00359895
20.0072 883280 883280 0.108005 0 23.6084 0 23.6067 40775 3 0.00357136
20.0073 881832 881832 0.108005 0 23.6083 0 23.6066 40775 3 0.00354406
20.0074 880710 880384 0.108005 0 23.6082 0 23.6064 40775 3 0.00351557
20.0075 878936 878936 0.108005 0 23.608 0 23.6063 40775 3 0.00349222
20.0076 877488 877488 0.108005 0 23.6079 0 23.6061 40775 3 0.00346395
20.0078 876040 876040 0.108005 0 23.6077 0 23.606 40775 3 0.00343785
20.0079 874592 874592 0.108005 0 23.6076 0 23.6059 40775 3 0.00341204
20.008 873144 873144 0.108005 0 23.6074 0 23.6057 40775 3 0.00338653
20.0081 871696 871696 0.108005 0 23.6073 0 23.6056 40775 3 0.00336132
20.0082 870248 870248 0.108005 0 23.6072 0 23.6054 40775 3 0.00333641
20.0084 868800 868800 0.108005 0 23.607 0 23.6053 40775 3 0.00331179
20.0085 867352 867352 0.108005 0 23.6069 0 23.6051 40775 3 0.00328747
20.0086 865904 865904 0.108005 0 23.6067 0 23.605 40775 3 0.00326346
20.0087 864456 864456 0.108005 0 23.6066 0 23.6049 40775 3 0.00323974
20.0088 863008 863008 0.108005 0 23.6065 0 23.6047 40775 3 0.00321632
20.009 861882 861560 0.108005 0 23.6063 0 23.6046 40775 3 0.00319172
20.0091 860112 860112 0.108005 0 23.6062 0 23.6044 40775 3 0.00317221
20.0092 858664 858664 0.108005 0 23.606 0 23.6043 40775 3 0.00314784
20.0093 857216 857216 0.108005 0 23.6059 0 23.6042 40775 3 0.00312561
20.0094 855768 855768 0.108005 0 23.6057 0 23.604 40775 3 0.00310368
20.0096 854320 854320 0.108005 0 23.6056 0 23.6039 40775 3 0.00308205
20.0097 852872 852872 0.108005 0 23.6055 0 23.6037 40775 3 0.00306071
20.0098 851424 851424 0.108005 0 23.6053 0 23.6036 40775 3 0.00303968
20.0099 849976 849976 0.108005 0 23.6052 0 23.6034 40775 3 0.00301894
20.01 848528 848528 0.108005 0 23.605 0 23.6033 40775 3 0.0029985
20.0102 847080 847080 0.108005 0 23.6049 0 23.6032 40775 3 0.00297836
20.0103 845632 845632 0.108005 0 23.6048 0 23.603 40775 3 0.00295851
20.0104 844184 844184 0.108005 0 23.6046 0 23.6029 40775 3 0.00293897
20.0105 843054 842736 0.108005 0 23.6045 0 23.6027 40775 3 0.00291826
20.0106 841288 841288 0.108005 0 23.6043 0 23.6026 40775 3 0.00290259
20.0108 839840 839840 0.108005 0 23.6042 0 23.6024 40775 3 0.00288212
20.0109 838392 838392 0.108005 0 23.604 0 23.6023 40775 3 0.00286377
20.011 836944 836944 0.108005 0 23.6039 0 23.6022 40775 3 0.00284572
20.0111 835496 835496 0.108005 0 23.6038 0 23.602 40775 3 0.00282796
20.0112 834048 834048 0.108005 0 23.6036 0 23.6019 40775 3 0.0028105
20.0114 832600 832600 0.108005 0 23.6035 0 23.6017 40775 3 0.00279334
20.0115 831152 831152 0.108005 0 23.6033 0 23.6016 40775 3 0.00277648
20.0116 829704 829704 0.108005 0 23.6032 0 23.6015 40775 3 0.00275992
20.0117 828256 828256 0.108005 0 23.6031 0 23.6013 40775 3 0.00274365
20.0118 826808 826808 0.108005 0 23.6029 0 23.6012 40775 3 0.00272769
20.0438 825360 825360 0.108005 0 23.5653 0 23.5635 40775 3 0.00271202
20.0439 824226 823912 0.108005 0 23.5651 0 23.5634 40775 3 0.00269521
20.044 822464 822464 0.108005 0 23.565 0 23.5633 40775 3 0.00268337
20.0442 821016 821016 0.108005 0 23.5648 0 23.5631 40775 3 0.0026668
20.0443 819568 819568 0.108005 0 23.5647 0 23.563 40775 3 0.00265233
20.0444 818120 818120 0.108005 0 23.5646 0 23.5628 40775 3 0.00263815
20.0445 816672 816672 0.108005 0 23.5644 0 23.5627 40775 3 0.00262427
20.0446 815224 815224 0.108005 0 23.5643 0 23.5626 40775 3 0.00261069
20.0448 813776 813776 0.108005 0 23.5641 0 23.5624 40775 3 0.0025974
20.0449 812328 812328 0.108005 0 23.564 0 23.5623 40775 3 0.00258442
20.045 810880 810880 0.108005 0 23.5639 0 23.5621 40775 3 0.00257173
20.0451 809432 809432 0.108005 0 23.5637 0 23.562 40775 3 0.00255934
20.0452 807984 807984 0.108005 0 23.5636 0 23.5618 40775 3 0.00254725
20.0454 806536 806536 0.108005 0 23.5634 0 23.5617 40775 3 0.00253546
20.0455 805397 805088 0.108005 0 23.5633 0 23.5616 40775 3 0.00252255
20.0456 803640 803640 0.108005 0 23.5632 0 23.5614 40775 3 0.00251453
20.0457 802192 802192 0.108005 0 23.563 0 23.5613 40775 3 0.00250188
20.0458 800744 800744 0.108005 0 23.5629 0 23.5611 40775 3 0.00249128
20.046 799296 799296 0.108005 0 23.5627 0 23.561 40775 3 0.00248098
20.0461 797848 797848 0.108005 0 23.5626 0 23.5609 40775 3 0.00247097
20.0462 796400 796400 0.108005 0 23.5624 0 23.5607 40775 3 0.00246127
20.0463 794952 794952 0.108005 0 23.5623 0 23.5606 40775 3 0.00245186
20.0464 793504 793504 0.108005 0 23.5622 0 23.5604 40775 3 0.00244275
20.0466 792056 792056 0.108005 0 23.562 0 23.5603 40775 3 0.00243394
20.0467 790608 790608 0.108005 0 23.5619 0 23.5601 40775 3 0.00242543
20.0468 789160 789160 0.108005 0 23.5617 0 23.56 40775 3 0.00241722
20.0469 787712 787712 0.108005 0 23.5616 0 23.5599 40775 3 0.0024093
20.047 786569 786264 0.108005 0 23.5615 0 23.5597 40775 3 0.00240028
20.0472 784816 784816 0.108005 0 23.5613 0 23.5596 40775 3 0.0023961
20.0473 783368 783368 0.108005 0 23.5612 0 23.5594 40775 3 0.00238735
20.0474 781920 781920 0.108005 0 23.561 0 23.5593 40775 3 0.00238062
20.0475 780472 780472 0.108005 0 23.5609 0 23.5592 40775 3 0.0023742
20.0476 779024 779024 0.108005 0 23.5608 0 23.559 40775 3 0.00236807
20.0478 777576 777576 0.108005 0 23.5606 0 23.5589 40775 3 0.00236224
20.0479 776128 776128 0.108005 0 23.5605 0 23.5587 40775 3 0.00235671
20.048 774680 774680 0.108005 0 23.5603 0 23.5586 40775 3 0.00235148
20.0481 773232 773232 0.108005 0 23.5602 0 23.5585 40775 3 0.00234655
20.0482 771784 771784 0.108005 0 23.56 0 23.5583 40775 3 0.00234191
20.0484 770336 770336 0.108005 0 23.5599 0 23.5582 40775 3 0.00233758
20.0485 768888 768888 0.108005 0 23.5598 0 23.558 40775 3 0.00233354
20.0486 767741 767440 0.108005 0 23.5596 0 23.5579 40775 3 0.00232841
20.0487 765992 765992 0.108005 0 23.5595 0 23.5577 40775 3 0.00232807
20.0488 764544 764544 0.108005 0 23.5593 0 23.5576 40775 3 0.00232321
20.049 763096 763096 0.108005 0 23.5592 0 23.5575 40775 3 0.00232036
20.0491 761648 761648 0.108005 0 23.5591 0 23.5573 40775 3 0.00231782
20.0492 760200 760200 0.108005 0 23.5589 0 23.5572 40775 3 0.00231557
20.0493 758752 758752 0.108005 0 23.5588 0 23.557 40775 3 0.00231362
20.0494 757304 757304 0.108005 0 23.5586 0 23.5569 40775 3 0.00231196
20.0496 755856 755856 0.108005 0 23.5585 0 23.5568 40775 3 0.00231061
20.0497 754408 754408 0.108005 0 23.5584 0 23.5566 40775 3 0.00230955
20.0498 752960 752960 0.108005 0 23.5582 0 23.5565 40775 3 0.00230879
20.0499 751512 751512 0.108005 0 23.5581 0 23.5563 40775 3 0.00230833
20.05 750064 750064 0.108005 0 23.5579 0 23.5562 40775 3 0.00230817
20.0502 748912 748616 0.108005 0 23.5578 0 23.5561 40775 3 0.00230694
20.0503 747168 747168 0.108005 0 23.5576 0 23.5559 40775 3 0.00231042
20.0504 745720 745720 0.108005 0 23.5575 0 23.5558 40775 3 0.00230947
20.0505 744272 744272 0.108005 0 23.5574 0 23.5556 40775 3 0.0023105
20.0506 742824 742824 0.108005 0 23.5572 0 23.5555 40775 3 0.00231183
20.0508 741376 741376 0.108005 0 23.5571 0 23.5553 40775 3 0.00231346
20.0509 739928 739928 0.108005 0 23.5569 0 23.5552 40775 3 0.00231538
20.051 738480 738480 0.108005 0 23.5568 0 23.5551 40775 3 0.00231761
20.0511 737032 737032 0.108005 0 23.5567 0 23.5549 40775 3 0.00232013
20.0512 735584 735584 0.108005 0 23.5565 0 23.5548 40775 3 0.00232295
20.0514 734136 734136 0.108005 0 23.5564 0 23.5546 40775 3 0.00232607
20.0515 732688 732688 0.108005 0 23.5562 0 23.5545 40775 3 0.00232948
20.0516 731240 731240 0.108005 0 23.5561 0 23.5544 40775 3 0.0023332
20.0517 730084 729792 0.108005 0 23.556 0 23.5542 40775 3 0.00233586
20.0519 728344 728344 0.108005 0 23.5558 0 23.5541 40775 3 0.00234317
20.052 726896 726896 0.108005 0 23.5557 0 23.5539 40775 3 0.00234613
20.0521 725448 725448 0.108005 0 23.5555 0 23.5538 40775 3 0.00235103
20.0522 724000 724000 0.108005 0 23.5554 0 23.5537 40775 3 0.00235624
20.0523 722552 722552 0.108005 0 23.5552 0 23.5535 40775 3 0.00236174
20.0525 721104 721104 0.108005 0 23.5551 0 23.5534 40775 3 0.00236755
20.0526 719656 719656 0.108005 0 23.555 0 23.5532 40775 3 0.00237365
20.0527 718208 718208 0.108005 0 23.5548 0 23.5531 40775 3 0.00238004
20.0528 716760 716760 0.108005 0 23.5547 0 23.5529 40775 3 0.00238674
20.0529 715312 715312 0.108005 0 23.5545 0 23.5528 40775 3 0.00239373
20.0531 713864 713864 0.108005 0 23.5544 0 23.5527 40775 3 0.00240103
20.0532 712416 712416 0.108005 0 23.5543 0 23.5525 40775 3 0.00240862
20.0533 711256 710968 0.108005 0 23.5541 0 23.5524 40775 3 0.00241517
20.0534 709520 709520 0.108005 0 23.554 0 23.5522 40775 3 0.00242632
20.0535 708072 708072 0.108005 0 23.5538 0 23.5521 40775 3 0.00243318
20.0537 706624 706624 0.108005 0 23.5537 0 23.552 40775 3 0.00244196
20.0538 705176 705176 0.108005 0 23.5536 0 23.5518 40775 3 0.00245104
20.0539 703728 703728 0.108005 0 23.5534 0 23.5517 40775 3 0.00246042
20.054 702280 702280 0.108005 0 23.5533 0 23.5515 40775 3 0.0024701
20.0541 700832 700832 0.108005 0 23.5531 0 23.5514 40775 3 0.00248008
20.0543 699384 699384 0.108005 0 23.553 0 23.5513 40775 3 0.00249035
20.0544 697936 697936 0.108005 0 23.5528 0 23.5511 40775 3 0.00250093
20.0545 696488 696488 0.108005 0 23.5527 0 23.551 40775 3 0.0025118
20.0546 695040 695040 0.108005 0 23.5526 0 23.5508 40775 3 0.00252297
20.0547 693592 693592 0.108005 0 23.5524 0 23.5507 40775 3 0.00253443
20.0549 692428 692144 0.108005 0 23.5523 0 23.5506 40775 3 0.00254488
20.055 690696 690696 0.108005 0 23.5521 0 23.5504 40775 3 0.00255987
20.0551 689248 689248 0.108005 0 23.552 0 23.5503 40775 3 0.00257063
20.0552 687800 687800 0.108005 0 23.5519 0 23.5501 40775 3 0.00258329
20.0553 686352 686352 0.108005 0 23.5517 0 23.55 40775 3 0.00259624
20.0555 684904 684904 0.108005 0 23.5516 0 23.5498 40775 3 0.0026095
20.0556 683456 683456 0.108005 0 23.5514 0 23.5497 40775 3 0.00262306
20.0557 682008 682008 0.108005 0 23.5513 0 23.5496 40775 3 0.00263691
20.0558 680560 680560 0.108005 0 23.5512 0 23.5494 40775 3 0.00265106
20.0559 679112 679112 0.108005 0 23.551 0 23.5493 40775 3 0.00266551
20.0561 677664 677664 0.108005 0 23.5509 0 23.5491 40775 3 0.00268026
20.0562 676216 676216 0.108005 0 23.5507 0 23.549 40775 3 0.0026953
20.0563 674768 674768 0.108005 0 23.5506 0 23.5489 40775 3 0.00271065
20.0564 673599 673320 0.108005 0 23.5504 0 23.5487 40775 3 0.00272499
20.0565 671872 671872 0.108005 0 23.5503 0 23.5486 40775 3 0.0027438
20.0567 670424 670424 0.108005 0 23.5502 0 23.5484 40775 3 0.00275847
20.0568 668976 668976 0.108005 0 23.55 0 23.5483 40775 3 0.00277501
20.0569 667528 667528 0.108005 0 23.5499 0 23.5482 40775 3 0.00279184
20.057 666080 666080 0.108005 0 23.5497 0 23.548 40775 3 0.00280897
20.0571 664632 664632 0.108005 0 23.5496 0 23.5479 40775 3 0.00282641
20.0573 663184 663184 0.108005 0 23.5495 0 23.5477 40775 3 0.00284413
20.0574 661736 661736 0.108005 0 23.5493 0 23.5476 40775 3 0.00286216
20.0575 660288 660288 0.108005 0 23.5492 0 23.5474 40775 3 0.00288049
20.0576 658840 658840 0.108005 0 23.549 0 23.5473 40775 3 0.00289911
20.0577 657392 657392 0.108005 0 23.5489 0 23.5472 40775 3 0.00291803
20.0579 655944 655944 0.108005 0 23.5488 0 23.547 40775 3 0.00293726
20.058 654771 654496 0.108005 0 23.5486 0 23.5469 40775 3 0.00295549
20.0581 653048 653048 0.108005 0 23.5485 0 23.5467 40775 3 0.00297814
20.0582 651600 651600 0.108005 0 23.5483 0 23.5466 40775 3 0.00299671
20.0583 650152 650152 0.108005 0 23.5482 0 23.5465 40775 3 0.00301712
20.0585 648704 648704 0.108005 0 23.5481 0 23.5463 40775 3 0.00303783
20.0586 647256 647256 0.108005 0 23.5479 0 23.5462 40775 3 0.00305884
20.0587 645808 645808 0.108005 0 23.5478 0 23.546 40775 3 0.00308015
20.0588 644360 644360 0.108005 0 23.5476 0 23.5459 40775 3 0.00310176
20.0589 642912 642912 0.108005 0 23.5475 0 23.5458 40775 3 0.00312366
20.0591 641464 641464 0.108005 0 23.5473 0 23.5456 40775 3 0.00314586
20.0592 640016 640016 0.108005 0 23.5472 0 23.5455 40775 3 0.00316836
20.0593 638568 638568 0.108005 0 23.5471 0 23.5453 40775 3 0.00319116
20.0594 637120 637120 0.108005 0 23.5469 0 23.5452 40775 3 0.00321426
20.0595 635943 635672 0.108005 0 23.5468 0 23.545 40775 3 0.00323639
20.0597 634224 634224 0.108005 0 23.5466 0 23.5449 40775 3 0.00326287
20.0598 632776 632776 0.108005 0 23.5465 0 23.5448 40775 3 0.00328534
20.0599 631328 631328 0.108005 0 23.5464 0 23.5446 40775 3 0.00330963
20.06 629880 629880 0.108005 0 23.5462 0 23.5445 40775 3 0.00333422
20.0601 628432 628432 0.108005 0 23.5461 0 23.5443 40775 3 0.0033591
20.0603 626984 626984 0.108005 0 23.5459 0 23.5442 40775 3 0.00338429
20.0604 625536 625536 0.108005 0 23.5458 0 23.5441 40775 3 0.00340977
20.0605 624088 624088 0.108005 0 23.5457 0 23.5439 40775 3 0.00343555
20.0606 622640 622640 0.108005 0 23.5455 0 23.5438 40775 3 0.00346163
20.0607 621192 621192 0.108005 0 23.5454 0 23.5436 40775 3 0.00348801
20.0609 619744 619744 0.108005 0 23.5452 0 23.5435 40775 3 0.00351468
20.061 618296 618296 0.108005 0 23.5451 0 23.5434 40775 3 0.00354166
20.0611 617114 616848 0.108005 0 23.5449 0 23.5432 40775 3 0.00356769
20.0612 615400 615400 0.108005 0 23.5448 0 23.5431 40775 3 0.003598
20.0613 613952 613952 0.108005 0 23.5447 0 23.5429 40775 3 0.00362437
20.0615 612504 612504 0.108005 0 23.5445 0 23.5428 40775 3 0.00365254
20.0616 611056 611056 0.108005 0 23.5444 0 23.5427 40775 3 0.003681
20.0617 609608 609608 0.108005 0 23.5442 0 23.5425 40775 3 0.00370976
20.0618 608160 608160 0.108005 0 23.5441 0 23.5424 40775 3 0.00373882
20.0619 606712 606712 0.108005 0 23.544 0 23.5422 40775 3 0.00376818
20.0621 605264 605264 0.108005 0 23.5438 0 23.5421 40775 3 0.00379784
20.0622 603816 603816 0.108005 0 23.5437 0 23.5419 40775 3 0.0038278
20.0623 602368 602368 0.108005 0 23.5435 0 23.5418 40775 3 0.00385805
20.0624 600920 600920 0.108005 0 23.5434 0 23.5417 40775 3 0.0038886
20.0625 599472 599472 0.108005 0 23.5433 0 23.5415 40775 3 0.00391945
20.0627 598286 598024 0.108005 0 23.5431 0 23.5414 40775 3 0.00394937
20.0628 596576 596576 0.108005 0 23.543 0 23.5412 40775 3 0.00398352
20.0629 595128 595128 0.108005 0 23.5428 0 23.5411 40775 3 0.00401379
20.063 593680 593680 0.108005 0 23.5427 0 23.541 40775 3 0.00404584
20.0631 592232 592232 0.108005 0 23.5425 0 23.5408 40775 3 0.00407818
20.0633 590784 590784 0.108005 0 23.5424 0 23.5407 40775 3 0.00411082
20.0634 589336 589336 0.108005 0 23.5423 0 23.5405 40775 3 0.00414375
20.0635 587888 587888 0.108005 0 23.5421 0 23.5404 40775 3 0.00417699
20.0636 586440 586440 0.108005 0 23.542 0 23.5403 40775 3 0.00421052
20.0637 584992 584992 0.108005 0 23.5418 0 23.5401 40775 3 0.00424436
20.0639 583544 583544 0.108005 0 23.5417 0 23.54 40775 3 0.00427849
20.064 582096 582096 0.108005 0 23.5416 0 23.5398 40775 3 0.00431292
20.0641 580648 580648 0.108005 0 23.5414 0 23.5397 40775 3 0.00434764
20.0642 579458 579200 0.108005 0 23.5413 0 23.5395 40775 3 0.00438146
20.0643 577752 577752 0.108005 0 23.5411 0 23.5394 40775 3 0.00441944
20.0645 576304 576304 0.108005 0 23.541 0 23.5393 40775 3 0.00445361
20.0646 574856 574856 0.108005 0 23.5409 0 23.5391 40775 3 0.00448953
20.0647 573408 573408 0.108005 0 23.5407 0 23.539 40775 3 0.00452575
20.0648 571960 571960 0.108005 0 23.5406 0 23.5388 40775 3 0.00456227
20.0649 570512 570512 0.108005 0 23.5404 0 23.5387 40775 3 0.00459908
20.0651 569064 569064 0.108005 0 23.5403 0 23.5386 40775 3 0.00463619
20.0652 567616 567616 0.108005 0 23.5402 0 23.5384 40775 3 0.0046736
20.0653 566168 566168 0.108005 0 23.54 0 23.5383 40775 3 0.00471131
20.0654 564720 564720 0.108005 0 23.5399 0 23.5381 40775 3 0.00474932
20.0655 563272 563272 0.108005 0 23.5397 0 23.538 40775 3 0.00478762
20.0657 561824 561824 0.108005 0 23.5396 0 23.5379 40775 3 0.00482623
20.0658 560630 560376 0.108005 0 23.5394 0 23.5377 40775 3 0.00486394
20.0659 558928 558928 0.108005 0 23.5393 0 23.5376 40775 3 0.00490575
20.066 557480 557480 0.108005 0 23.5392 0 23.5374 40775 3 0.00494383
20.0661 556032 556032 0.108005 0 23.539 0 23.5373 40775 3 0.00498362
20.0663 554584 554584 0.108005 0 23.5389 0 23.5372 40775 3 0.00502372
20.0664 553136 553136 0.108005 0 23.5387 0 23.537 40775 3 0.00506411
20.0665 551688 551688 0.108005 0 23.5386 0 23.5369 40775 3 0.0051048
20.0666 550240 550240 0.108005 0 23.5385 0 23.5367 40775 3 0.00514579
20.0668 548792 548792 0.108005 0 23.5383 0 23.5366 40775 3 0.00518708
20.0669 547344 547344 0.108005 0 23.5382 0 23.5364 40775 3 0.00522866
20.067 545896 545896 0.108005 0 23.538 0 23.5363 40775 3 0.00527055
20.0671 544448 544448 0.108005 0 23.5379 0 23.5362 40775 3 0.00531273
20.0672 543000 543000 0.108005 0 23.5378 0 23.536 40775 3 0.00535521
20.0674 541801 541552 0.108005 0 23.5376 0 23.5359 40775 3 0.00539682
20.0675 540104 540104 0.108005 0 23.5375 0 23.5357 40775 3 0.00544246
20.0676 538656 538656 0.108005 0 23.5373 0 23.5356 40775 3 0.00548444
20.0677 537208 537208 0.108005 0 23.5372 0 23.5355 40775 3 0.00552811
20.0678 535760 535760 0.108005 0 23.5371 0 23.5353 40775 3 0.00557208
20.068 534312 534312 0.108005 0 23.5369 0 23.5352 40775 3 0.00561635
20.0681 532864 532864 0.108005 0 23.5368 0 23.535 40775 3 0.00566092
20.0682 531416 531416 0.108005 0 23.5366 0 23.5349 40775 3 0.00570578
20.0683 529968 529968 0.108005 0 23.5365 0 23.5348 40775 3 0.00575095
20.0684 528520 528520 0.108005 0 23.5363 0 23.5346 40775 3 0.00579641
20.0686 527072 527072 0.108005 0 23.5362 0 23.5345 40775 3 0.00584217
20.0687 525624 525624 0.108005 0 23.5361 0 23.5343 40775 3 0.00588823
20.0688 524176 524176 0.108005 0 23.5359 0 23.5342 40775 3 0.00593459
20.0689 522973 522728 0.108005 0 23.5358 0 23.5341 40775 3 0.00598009
20.069 521280 521280 0.108005 0 23.5356 0 23.5339 40775 3 0.00602956
20.0692 519832 519832 0.108005 0 23.5355 0 23.5338 40775 3 0.00607544
20.0693 518384 518384 0.108005 0 23.5354 0 23.5336 40775 3 0.00612299
20.0694 516936 516936 0.108005 0 23.5352 0 23.5335 40775 3 0.00617084
20.0695 515488 515488 0.108005 0 23.5351 0 23.5333 40775 3 0.00621899
20.0696 514040 514040 0.108005 0 23.5349 0 23.5332 40775 3 0.00626743
20.0698 512592 512592 0.108005 0 23.5348 0 23.5331 40775 3 0.00631617
20.0699 511144 511144 0.108005 0 23.5347 0 23.5329 40775 3 0.00636521
20.07 509696 509696 0.108005 0 23.5345 0 23.5328 40775 3 0.00641455
20.0701 508248 508248 0.108005 0 23.5344 0 23.5326 40775 3 0.00646419
20.0702 506800 506800 0.108005 0 23.5342 0 23.5325 40775 3 0.00651412
20.0704 505352 505352 0.108005 0 23.5341 0 23.5324 40775 3 0.00656436
20.0705 504145 503904 0.108005 0 23.534 0 23.5322 40775 3 0.00661375
20.0706 502456 502456 0.108005 0 23.5338 0 23.5321 40775 3 0.00666706
20.0707 501008 501008 0.108005 0 23.5337 0 23.5319 40775 3 0.00671685
20.0708 499560 499560 0.108005 0 23.5335 0 23.5318 40775 3 0.00676827
20.071 498112 498112 0.108005 0 23.5334 0 23.5317 40775 3 0.00682
20.0711 496664 496664 0.108005 0 23.5332 0 23.5315 40775 3 0.00687202
20.0712 495216 495216 0.108005 0 23.5331 0 23.5314 40775 3 0.00692434
20.0713 493768 493768 0.108005 0 23.533 0 23.5312 40775 3 0.00697696
20.0714 492320 492320 0.108005 0 23.5328 0 23.5311 40775 3 0.00702987
20.0716 490872 490872 0.108005 0 23.5327 0 23.531 40775 3 0.00708309
20.0717 489424 489424 0.108005 0 23.5325 0 23.5308 40775 3 0.0071366
20.0718 487976 487976 0.108005 0 23.5324 0 23.5307 40775 3 0.00719041
20.0719 486528 486528 0.108005 0 23.5323 0 23.5305 40775 3 0.00724452
20.072 485316 485080 0.108005 0 23.5321 0 23.5304 40775 3 0.00729782
20.0722 483632 483632 0.108005 0 23.532 0 23.5302 40775 3 0.00735495
20.0723 482184 482184 0.108005 0 23.5318 0 23.5301 40775 3 0.00740864
20.0724 480736 480736 0.108005 0 23.5317 0 23.53 40775 3 0.00746395
20.0725 479288 479288 0.108005 0 23.5316 0 23.5298 40775 3 0.00751955
20.0726 477840 477840 0.108005 0 23.5314 0 23.5297 40775 3 0.00757544
20.0728 476392 476392 0.108005 0 23.5313 0 23.5295 40775 3 0.00763164
20.0729 474944 474944 0.108005 0 23.5311 0 23.5294 40775 3 0.00768814
20.073 473496 473496 0.108005 0 23.531 0 23.5293 40775 3 0.00774493
20.0731 472048 472048 0.108005 0 23.5309 0 23.5291 40775 3 0.00780202
20.0732 470600 470600 0.108005 0 23.5307 0 23.529 40775 3 0.00785941
20.0734 469152 469152 0.108005 0 23.5306 0 23.5288 40775 3 0.0079171
20.0735 467704 467704 0.108005 0 23.5304 0 23.5287 40775 3 0.00797509
20.0736 466488 466256 0.108005 0 23.5303 0 23.5286 40775 3 0.00803227
20.0737 464808 464808 0.108005 0 23.5301 0 23.5284 40775 3 0.00809324
20.0738 463360 463360 0.108005 0 23.53 0 23.5283 40775 3 0.00815083
20.074 461912 461912 0.108005 0 23.5299 0 23.5281 40775 3 0.00821001
20.0741 460464 460464 0.108005 0 23.5297 0 23.528 40775 3 0.00826949
20.0742 459016 459016 0.108005 0 23.5296 0 23.5279 40775 3 0.00832927
20.0743 457568 457568 0.108005 0 23.5294 0 23.5277 40775 3 0.00838934
20.0744 456120 456120 0.108005 0 23.5293 0 23.5276 40775 3 0.00844971
20.112 5792 454672 0.108005 96.0985 23.665 0 23.4836 41087 315 0.369032
20.2212 411232 2896 0.0657939 0.42456 23.5396 0.42456 23.3591 41091 315 0.331959
20.2617 547344 408336 0.0572799 81.7477 23.656 81.7477 23.4759 41377 315 0.0412445
20.3256 525624 544448 0.0711559 68.1357 23.7959 68.1357 23.6164 41753 315 0.0039677
20.3708 486528 522728 0.075427 92.5589 23.9484 92.5589 23.7693 42114 315 0.00662839
20.5098 402544 483632 0.090214 27.9132 23.9753 27.9132 23.7974 42449 315 0.0184976
20.55 321456 399648 0.0963443 79.6638 24.084 79.6638 23.9065 42725 315 0.0217389
20.6509 249056 318560 0.101056 25.2489 24.0897 25.2489 23.913 42945 315 0.0242409
20.7541 191136 246160 0.103487 19.0789 24.0648 19.0789 23.889 43115 315 0.0259069
20.859 144800 188240 0.105251 14.3558 24.016 14.3558 23.841 43245 315 0.0283054
20.9662 108600 141904 0.10745 10.5916 23.9474 10.5916 23.7733 43343 315 0.0308766
21.0765 79640 105704 0.110618 7.66618 23.8621 7.66618 23.689 43416 315 0.0335726
21.2979 55024 76744 0.126612 2.8262 23.6435 2.8262 23.4722 43470 315 0.0377472
21.4153 39096 52128 0.129322 3.65095 23.5339 3.65095 23.3635 43507 315 0.0398894
21.4196 27512 36200 0.116732 66.9478 23.5427 66.9478 23.3723 43532 315 0.0396889
21.6486 21720 24616 0.130043 0.910434 23.3033 0.910434 23.1347 43550 315 0.042383
21.7656 18824 18824 0.134597 1.3857 23.1854 1.3857 23.0178 43564 315 0.0435969
21.883 15928 15928 0.138259 1.18409 23.0674 1.18409 22.9006 43576 315 0.0444584
22.001 14480 13032 0.141339 0.981719 22.9489 0.981719 22.7831 43586 315 0.0452418
22.1189 13032 11584 0.144471 0.884448 22.8313 0.884448 22.6664 43595 315 0.045913
22.1199 11584 10136 0.133517 84.3542 22.834 84.3542 22.6691 43602 315 0.0443346
22.2374 13032 8688 0.127 0.690014 22.717 0.690014 22.5529 43609 315 0.0435714
22.3542 11584 10136 0.123699 0.694273 22.6019 0.694273 22.4387 43616 315 0.0429874
22.4718 13032 8688 0.132359 0.689309 22.4872 0.689309 22.3248 43623 315 0.0443181
22.589 11584 10136 0.127385 0.692137 22.3742 0.692137 22.2126 43630 315 0.0434706
22.7069 13032 8688 0.136189 0.687904 22.2616 0.687904 22.1009 43637 315 0.0448871
22.8242 11584 10136 0.130185 0.69072 22.1507 0.69072 21.9908 43644 315 0.0438558
22.9421 13032 8688 0.139658 0.687904 22.0404 0.687904 21.8813 43651 315 0.0454278
22.9428 11584 10136 0.132509 112.472 22.0432 112.472 21.8842 43658 315 0.0441875
23.0606 13032 8688 0.126421 0.688606 21.9342 0.688606 21.7759 43665 315 0.0434942
23.1782 11584 10136 0.123532 0.689309 21.8264 0.689309 21.6689 43672 315 0.0429662
23.2961 13032 8688 0.132565 0.687904 21.7194 0.687904 21.5628 43679 315 0.0443481
23.4139 11584 10136 0.127758 0.688606 21.6136 0.688606 21.4578 43686 315 0.0435209
23.5315 13032 8688 0.136517 0.689309 21.509 0.689309 21.354 43693 315 0.0449372
23.6494 11584 10136 0.1302 0.687904 21.4052 0.687904 21.2509 43700 315 0.0438578
23.7675 13032 8688 0.140011 0.686504 21.3023 0.686504 21.1487 43707 315 0.0454841
23.7682 11584 10136 0.132745 112.472 21.305 112.472 21.1515 43714 315 0.0442217
23.8862 13032 8688 0.126768 0.687203 21.2032 0.687203 21.0504 43721 315 0.0435404
24.0042 11584 10136 0.123999 0.687203 21.1023 0.687203 20.9503 43728 315 0.0430258
24.1223 13032 8688 0.132948 0.686504 21.0024 0.686504 20.8511 43735 315 0.0444038
24.2401 11584 10136 0.128014 0.688606 20.9037 0.688606 20.7532 43742 315 0.0435558
24.3585 13032 8688 0.136901 0.68511 20.8054 0.68511 20.6556 43749 315 0.0449962
24.4767 11584 10136 0.130662 0.685806 20.7083 0.685806 20.5592 43756 315 0.043923
24.5949 13032 8688 0.140378 0.685806 20.612 0.685806 20.4636 43763 315 0.0455429
24.5956 11584 10136 0.133087 112.472 20.6147 112.472 20.4663 43770 315 0.0442716
24.7139 13032 8688 0.127023 0.685806 20.5193 0.685806 20.3717 43777 315 0.0435745
24.8319 11584 10136 0.124045 0.687203 20.4251 0.687203 20.2782 43784 315 0.0430316
24.9501 13032 8688 0.133045 0.685806 20.3316 0.685806 20.1853 43791 315 0.044418
25.068 11584 10136 0.128079 0.687904 20.2392 0.687904 20.0936 43798 315 0.0435646
25.1862 13032 8688 0.13683 0.685806 20.1474 0.685806 20.0025 43805 315 0.0449852
25.3044 11584 10136 0.13074 0.686504 20.0566 0.686504 19.9124 43812 315 0.043934
25.4226 13032 8688 0.140327 0.685806 19.9665 0.685806 19.8229 43819 315 0.0455348
25.4233 11584 10136 0.133067 112.472 19.9691 112.472 19.8256 43826 315 0.0442686
25.5418 13032 8688 0.127121 0.684415 19.8796 0.684415 19.7368 43833 315 0.0435876
25.6601 11584 10136 0.124235 0.68511 19.7911 0.68511 19.6489 43840 315 0.043056
25.779 13032 8688 0.133362 0.682339 19.703 0.682339 19.5615 43847 315 0.0444643
25.8973 11584 10136 0.128621 0.68511 19.6161 0.68511 19.4752 43854 315 0.0436387
26.0161 13032 8688 0.137437 0.68303 19.5297 0.68303 19.3894 43861 315 0.0450788
26.1344 11584 10136 0.131351 0.68511 19.4444 0.68511 19.3047 43868 315 0.0440208
26.2527 13032 8688 0.140686 0.685806 19.3599 0.685806 19.2209 43875 315 0.0455925
26.2534 11584 10136 0.133307 112.472 19.3624 112.472 19.2234 43882 315 0.0443038
26.3719 13032 8688 0.127261 0.684415 19.2785 0.684415 19.1402 43889 315 0.0436065
26.4909 11584 10136 0.124535 0.680962 19.1949 0.680962 19.0572 43896 315 0.0430946
26.6107 13032 8688 0.134047 0.676864 19.1116 0.676864 18.9744 43903 315 0.0445653
26.7294 11584 10136 0.12908 0.68303 19.0297 0.68303 18.8932 43910 315 0.0437019
26.8467 13032 8688 0.137456 0.691428 18.9496 0.691428 18.8137 43917 315 0.0450818
26.9642 11584 10136 0.130938 0.690014 18.87 0.690014 18.7347 43924 315 0.0439621
27.0822 13032 8688 0.140209 0.687203 18.7908 0.687203 18.6561 43931 315 0.0455159
27.083 11584 10136 0.132878 112.472 18.7933 112.472 18.6586 43938 315 0.0442411
27.202 13032 8688 0.12726 0.680962 18.714 0.680962 18.5799 43945 315 0.0436063
27.3223 11584 10136 0.125098 0.674159 18.6346 0.674159 18.501 43952 315 0.0431676
27.4434 13032 8688 0.134817 0.669478 18.5553 0.669478 18.4223 43959 315 0.0446799
27.5642 11584 10136 0.130256 0.671476 18.4769 0.671476 18.3446 43966 315 0.0438658
27.6847 13032 8688 0.139551 0.672815 18.3994 0.672815 18.2676 43973 315 0.0454107
27.8051 11584 10136 0.133332 0.673487 18.3227 0.673487 18.1914 43980 315 0.0443074
27.9259 13032 8688 0.143104 0.671476 18.2464 0.671476 18.1157 43987 315 0.0459886
27.9266 14480 10136 0.135808 112.472 18.2488 112.472 18.1181 43994 315 0.0446767
28.0476 13032 11584 0.129776 0.861612 18.1738 0.861612 18.0437 44003 315 0.0436463
28.169 11584 10136 0.12624 0.668152 18.0984 0.668152 17.9688 44010 315 0.0433176
28.2907 13032 8688 0.136065 0.666173 18.0233 0.666173 17.8944 44017 315 0.0448683
28.4125 11584 10136 0.131327 0.665516 17.9489 0.665516 17.8205 44024 315 0.0440174
28.5345 13032 8688 0.140907 0.664861 17.875 0.664861 17.7472 44031 315 0.0456283
28.6562 14480 10136 0.134557 0.666173 17.8019 0.666173 17.6746 44038 315 0.0444886
28.7787 13032 11584 0.144611 0.851465 17.7298 0.851465 17.603 44047 315 0.0459366
28.7796 14480 10136 0.135584 84.3542 17.732 84.3542 17.6053 44054 315 0.0446428
28.9027 13032 11584 0.130472 0.847308 17.6602 0.847308 17.5339 44063 315 0.043744
29.0255 11584 10136 0.12738 0.660307 17.5882 0.660307 17.4625 44070 315 0.0434699
29.1486 13032 8688 0.137448 0.658374 17.5167 0.658374 17.3915 44077 315 0.0450806
29.2717 11584 10136 0.132679 0.659017 17.4458 0.659017 17.3212 44084 315 0.0442121
29.3956 13032 8688 0.142457 0.654543 17.3751 0.654543 17.2509 44091 315 0.0458815
29.5199 14480 10136 0.136365 0.652013 17.3046 0.652013 17.181 44098 315 0.0447614
29.6446 13032 11584 0.147037 0.83588 17.2353 0.83588 17.1122 44107 315 0.046353
29.6456 14480 10136 0.137918 84.3542 17.2375 84.3542 17.1144 44114 315 0.045001
29.7703 13032 11584 0.132572 0.83588 17.1688 0.83588 17.0462 44123 315 0.0440443
29.8952 11584 10136 0.129439 0.649503 17.0998 0.649503 16.9778 44130 315 0.0437516
30.0198 13032 8688 0.139469 0.650756 17.0315 0.650756 16.91 44137 315 0.0453977
30.1444 5792 10136 0.136078 0.464825 16.9631 0.464825 16.842 44142 315 0.0448072
30.2679 11584 2896 0.146853 0.281337 16.895 0.281337 16.7744 44145 315 0.0472948
30.3564 14480 8688 0.130902 1.30935 16.8495 1.30935 16.7293 44155 315 0.0441206
30.4851 18824 11584 0.123618 0.720111 16.7815 0.720111 16.6618 44163 315 0.0428547
30.4995 24616 15928 0.125954 8.83711 16.7777 8.83711 16.6581 44174 315 0.0427287
30.6259 31856 21720 0.12781 1.46623 16.7145 1.46623 16.5954 44190 315 0.0424081
30.7488 39096 28960 0.133975 1.97898 16.6556 1.97898 16.5369 44211 315 0.042536
30.8573 50680 36200 0.125411 2.66901 16.6064 2.66901 16.4882 44236 315 0.040749
30.9942 62264 47784 0.137861 2.87776 16.5458 2.87776 16.4281 44270 315 0.0413663
31.1517 69504 59368 0.156855 3.08848 16.4777 3.08848 16.3606 44312 315 0.0433921
31.3262 70952 66608 0.176955 3.12054 16.4033 3.12054 16.2869 44359 315 0.0468928
31.5049 73848 68056 0.175887 3.04709 16.3276 3.04709 16.2118 44406 315 0.0465147
31.6795 72400 70952 0.190127 3.31744 16.2559 3.31744 16.1407 44456 315 0.0497265
31.8497 73848 69504 0.186816 3.33369 16.1868 3.33369 16.0722 44505 315 0.0490157
32.0178 78192 70952 0.169662 3.37658 16.1196 3.37658 16.0056 44554 315 0.0448492
32.1868 79640 75296 0.183664 3.63404 16.054 3.63404 15.9407 44607 315 0.047668
32.3577 83984 76744 0.169895 3.59315 15.9882 3.59315 15.8755 44660 315 0.0443432
32.5296 82536 81088 0.189131 3.84002 15.924 3.84002 15.8118 44717 315 0.0484968
32.7018 86880 79640 0.172514 3.70011 15.8596 3.70011 15.7481 44772 315 0.044649
32.8733 85432 83984 0.192674 3.9859 15.7977 3.9859 15.6867 44831 315 0.0491494
32.8817 89776 82536 0.17222 78.501 15.8138 78.501 15.7028 44888 315 0.0443075
33.0529 94120 86880 0.171537 4.1268 15.7532 4.1268 15.6428 44949 315 0.0437435
33.224 98464 91224 0.17156 4.2651 15.694 4.2651 15.5842 45012 315 0.0433404
33.396 102808 95568 0.172629 4.51371 15.6365 4.51371 15.5272 45079 315 0.0431744
33.568 107152 99912 0.172471 4.6452 15.5801 4.6452 15.4714 45148 315 0.0427357
33.7406 111496 104256 0.173366 4.9008 15.5255 4.9008 15.4174 45221 315 0.0425378
33.9128 115840 108600 0.172595 5.04561 15.4723 5.04561 15.3647 45296 315 0.041966
34.0851 120184 112944 0.173213 5.311 15.4209 5.311 15.3139 45375 315 0.0417106
34.2573 125976 117288 0.172625 5.44926 15.3708 5.44926 15.2643 45456 315 0.0412116
34.4286 131768 123080 0.1724 5.81403 15.3233 5.81403 15.2173 45542 315 0.0406422
34.5994 137560 128872 0.17207 6.10586 15.2778 6.10586 15.1723 45632 315 0.0400541
34.7714 143352 134664 0.173131 6.32825 15.2335 6.32825 15.1285 45726 315 0.0397837
34.9446 149144 140456 0.174364 6.55633 15.1905 6.55633 15.0861 45824 315 0.0395597
35.118 154936 146248 0.174402 6.81448 15.1491 6.81448 15.0452 45926 315 0.0390686
35.2903 162176 152040 0.173435 7.12616 15.11 7.12616 15.0066 46032 315 0.0383868
35.4625 169416 159280 0.17347 7.4675 15.0729 7.4675 14.97 46143 315 0.0377828
35.6353 176656 166520 0.172984 7.7097 15.0371 7.7097 14.9348 46258 315 0.0370682
35.8084 183896 173760 0.174568 8.09506 15.0036 8.09506 14.9017 46379 315 0.0368317
35.9808 191136 181000 0.172545 8.39763 14.9719 8.39763 14.8705 46504 315 0.0357825
36.1538 198376 188240 0.174438 8.77625 14.9423 8.77625 14.8414 46635 315 0.03563
36.3262 207064 195480 0.172716 9.06944 14.9144 9.06944 14.814 46770 315 0.0347051
36.4989 214304 204168 0.174322 9.52643 14.8889 9.52643 14.7889 46912 315 0.0343489
36.6722 221544 211408 0.174854 9.82086 14.865 9.82086 14.7655 47059 315 0.0339126
36.8438 231680 218648 0.173031 10.1941 14.8432 10.1941 14.7442 47210 315 0.0330358
37.0163 240368 228784 0.174156 10.6818 14.8238 10.6818 14.7252 47369 315 0.0324843
37.1888 251952 237472 0.172732 11.01 14.8061 11.01 14.708 47533 315 0.0316269
37.3617 263536 249056 0.173156 11.523 14.7909 11.523 14.6933 47705 315 0.0308877
37.535 275120 260640 0.173501 12.0339 14.7782 12.0339 14.681 47885 315 0.0301502
37.7086 286704 272224 0.173909 12.5426 14.7679 12.5426 14.6711 48073 315 0.0294463
37.882 298288 283808 0.173826 13.0945 14.7603 13.0945 14.6639 48269 315 0.02865
38.0556 309872 295392 0.173926 13.6101 14.755 13.6101 14.6591 48473 315 0.0279142
38.229 321456 306976 0.173872 14.1634 14.7523 14.1634 14.6569 48685 315 0.0271623
38.4023 334488 318560 0.173772 14.7081 14.7521 14.7081 14.6571 48905 315 0.0264826
38.5759 347520 331592 0.173941 15.278 14.7545 15.278 14.6599 49134 315 0.0257335
38.7497 354760 344624 0.178383 15.9341 14.7598 15.9341 14.6656 49373 315 0.0257935
38.9242 367792 351864 0.174739 16.1339 14.7659 16.1339 14.6722 49616 315 0.0247389
39.0974 375032 364896 0.178727 16.9143 14.7755 16.9143 14.6821 49869 315 0.0247355
39.2714 389512 372136 0.174378 17.1105 14.7858 17.1105 14.6929 50126 315 0.0236084
39.4445 396752 386616 0.179056 17.942 14.7997 17.942 14.7071 50394 315 0.0236577
39.6187 403992 393856 0.179786 18.1507 14.8144 18.1507 14.7223 50667 315 0.0234614
39.7915 419920 401096 0.173562 18.5703 14.8307 18.5703 14.739 50944 315 0.022004
39.9641 427160 417024 0.179116 19.3883 14.8504 19.3883 14.7591 51233 315 0.0221662
40.1384 443088 424264 0.17449 19.4804 14.8705 19.4804 14.7796 51526 315 0.0211042
40.1446 5792 440192 0.175153 116.798 14.8864 116.798 14.7955 51589 315 0.360046
40.3149 395304 5792 0.171137 0 14.8235 0 14.733 51589 315 0.32146
40.3552 527072 392408 0.154842 78.4973 14.887 78.4973 14.7966 51862 315 0.0489553
40.5297 461912 524176 0.0891361 24.1012 14.9267 24.1012 14.8367 52225 315 0.0120235
40.5731 344624 459016 0.185517 84.4208 15.0012 84.4208 14.9113 52542 315 0.0462317
40.9537 279464 341728 0.244441 7.21438 14.9289 7.21438 14.8398 52779 315 0.0534199
40.9821 209960 276568 0.184518 78.0225 14.9725 78.0225 14.8835 52970 315 0.0400316
41.2301 150592 207064 0.16041 6.72592 14.9229 6.72592 14.8344 53114 315 0.0373101
41.3388 107152 147696 0.129416 10.972 14.9125 10.972 14.8242 53217 315 0.0339703
41.3511 85432 104256 0.103993 68.0504 14.9283 68.0504 14.84 53289 315 0.0324263
41.4552 68056 82536 0.104547 6.33803 14.9067 6.33803 14.8187 53346 315 0.0342018
41.7059 47784 65160 0.135223 2.1259 14.8299 2.1259 14.7424 53392 315 0.0397406
41.8551 36200 44888 0.155366 2.48386 14.7858 2.48386 14.6987 53424 315 0.0446885
42.0026 28960 33304 0.166685 1.88567 14.7406 1.88567 14.6537 53448 315 0.0480013
42.146 23168 26064 0.168333 1.53408 14.6956 1.53408 14.609 53467 315 0.0490637
42.1482 18824 20272 0.150616 74.9815 14.6987 74.9815 14.6121 53481 315 0.0461118
42.2906 15928 15928 0.145834 0.894897 14.6522 0.894897 14.5659 53492 315 0.0457014
42.5749 14480 13032 0.161566 0.407459 14.5571 0.407459 14.4714 53502 315 0.0489414
42.719 13032 11584 0.170651 0.723639 14.5105 0.723639 14.425 53511 315 0.0510212
42.7199 14480 10136 0.159622 84.3542 14.512 84.3542 14.4266 53518 315 0.0488544
42.8651 13032 11584 0.15378 0.718248 14.4653 0.718248 14.3802 53527 315 0.0475723
43.0111 14480 10136 0.150685 0.555419 14.4181 0.555419 14.3333 53534 315 0.0471537
43.1572 13032 11584 0.162748 0.713522 14.3717 0.713522 14.2871 53543 315 0.0493349
43.3025 14480 10136 0.155818 0.558175 14.3254 0.558175 14.2411 53550 315 0.0481109
43.448 13032 11584 0.1672 0.716468 14.2798 0.716468 14.1958 53559 315 0.0502696
43.5936 14480 10136 0.158427 0.556793 14.2339 0.556793 14.1502 53566 315 0.0486178
43.7396 13032 11584 0.17141 0.71411 14.1888 0.71411 14.1054 53575 315 0.0511898
43.7406 14480 10136 0.16099 84.3542 14.1903 84.3542 14.1069 53582 315 0.0491289
43.8874 13032 11584 0.155201 0.710019 14.1452 0.710019 14.0621 53591 315 0.0478409
44.0332 14480 10136 0.151477 0.556334 14.1003 0.556334 14.0174 53598 315 0.0472979
44.1789 13032 11584 0.163088 0.715287 14.0561 0.715287 13.9735 53607 315 0.0494047
44.3262 14480 10136 0.156376 0.550435 14.0112 0.550435 13.9289 53614 315 0.0482182
44.4743 13032 11584 0.169017 0.704256 13.9669 0.704256 13.8849 53623 315 0.0506624
44.6221 14480 10136 0.16032 0.548645 13.9225 0.548645 13.8407 53630 315 0.0489939
44.7712 13032 11584 0.173847 0.699148 13.8784 0.699148 13.7969 53639 315 0.0517387
44.7721 14480 10136 0.16369 84.3542 13.88 84.3542 13.7985 53646 315 0.0496814
44.922 13032 11584 0.158025 0.695784 13.836 0.695784 13.7547 53655 315 0.0483865
45.0717 14480 10136 0.154704 0.5416 13.7918 0.5416 13.7109 53662 315 0.0478987
45.2214 13032 11584 0.166921 0.696343 13.7485 0.696343 13.6678 53671 315 0.0502098
45.3684 14480 10136 0.159325 0.551785 13.7057 0.551785 13.6253 53678 315 0.0487954
45.5132 13032 11584 0.169725 0.720036 13.6644 0.720036 13.5842 53687 315 0.0508172
45.6574 14480 10136 0.159493 0.562361 13.623 0.562361 13.5431 53694 315 0.0488288
45.8032 13032 11584 0.171441 0.714698 13.5819 0.714698 13.5022 53703 315 0.0511968
45.8042 14480 10136 0.160913 84.3542 13.5834 84.3542 13.5037 53710 315 0.0491133
45.9538 13032 11584 0.156397 0.696902 13.5414 0.696902 13.462 53719 315 0.04807
46.1065 14480 10136 0.15474 0.530947 13.4984 0.530947 13.4192 53726 315 0.0479055
46.261 13032 11584 0.169022 0.674684 13.4555 0.674684 13.3766 53735 315 0.0506634
46.4112 14480 10136 0.162282 0.539867 13.4137 0.539867 13.3351 53742 315 0.0493915
46.5602 13032 11584 0.173371 0.699712 13.373 0.699712 13.2947 53751 315 0.0516307
46.707 14480 10136 0.162911 0.552689 13.3328 0.552689 13.2546 53758 315 0.0495205
46.856 13032 11584 0.174827 0.699712 13.2926 0.699712 13.2147 53767 315 0.0519628
46.8569 14480 10136 0.164223 84.3542 13.294 84.3542 13.2162 53774 315 0.0497923
47.0094 13032 11584 0.159483 0.683722 13.2531 0.683722 13.1755 53783 315 0.0486745
47.1614 14480 10136 0.156579 0.533465 13.2121 0.533465 13.1348 53790 315 0.0482575
47.3111 13032 11584 0.168475 0.696343 13.1725 0.696343 13.0954 53799 315 0.0505446
47.461 14480 10136 0.16083 0.541166 13.1327 0.541166 13.0558 53806 315 0.0490965
47.6107 13032 11584 0.172645 0.696343 13.0936 0.696343 13.0169 53815 315 0.0514666
47.7627 14480 10136 0.163524 0.533465 13.0536 0.533465 12.9772 53822 315 0.0496471
47.9167 13032 11584 0.177976 0.676789 13.0138 0.676789 12.9376 53831 315 0.052696
47.9177 14480 10136 0.16815 84.3542 13.0152 84.3542 12.9391 53838 315 0.0506263
48.0696 13032 11584 0.161563 0.686427 12.9763 0.686427 12.9004 53847 315 0.0490926
48.2189 14480 10136 0.156711 0.542907 12.9378 0.542907 12.8621 53854 315 0.0482828
48.37 13032 11584 0.168524 0.690249 12.8995 0.690249 12.8241 53863 315 0.050555
48.521 14480 10136 0.161481 0.53686 12.861 0.53686 12.7858 53870 315 0.0492282
48.6739 13032 11584 0.174102 0.682109 12.8228 0.682109 12.7478 53879 315 0.051797
48.8267 14480 10136 0.16537 0.53053 12.7843 0.53053 12.7096 53886 315 0.0500327
48.9815 13032 11584 0.179501 0.673636 12.746 0.673636 12.6715 53895 315 0.0530581
48.9824 14480 10136 0.169362 84.3542 12.7474 84.3542 12.6729 53902 315 0.0508899
49.1365 13032 11584 0.163114 0.676789 12.7096 0.676789 12.6353 53911 315 0.0494102
49.2882 14480 10136 0.158682 0.53431 12.6721 0.53431 12.5981 53918 315 0.0486681
49.4394 13032 11584 0.170273 0.6897 12.6355 0.6897 12.5617 53927 315 0.0509377
49.5896 14480 10136 0.162172 0.539867 12.5988 0.539867 12.5253 53934 315 0.049369
49.7432 13032 11584 0.174465 0.678907 12.562 0.678907 12.4887 53943 315 0.0518799
49.8985 14480 10136 0.166137 0.521913 12.5246 0.521913 12.4514 53950 315 0.0501949
50.0561 13032 11584 0.181483 0.661818 12.4872 0.661818 12.4143 53959 315 0.0535358
50.057 14480 10136 0.171656 84.3542 12.4886 84.3542 12.4157 53966 315 0.051397
50.2126 5792 11584 0.169699 0.223332 12.4506 0.223332 12.3779 53969 315 0.050942
50.3363 13032 2896 0.159081 0.374751 12.4209 0.374751 12.3484 53973 315 0.0496019
50.4321 17376 10136 0.140734 1.33009 12.3999 1.33009 12.3275 53984 315 0.0454776
50.5938 20272 14480 0.148082 0.787855 12.3627 0.787855 12.2906 53995 315 0.0462436
50.7686 23168 17376 0.156486 0.795091 12.3229 0.795091 12.251 54007 315 0.0474925
50.7701 26064 20272 0.166889 112.472 12.3257 112.472 12.2539 54021 315 0.0493071
50.922 30408 23168 0.15792 1.22031 12.2926 1.22031 12.221 54037 315 0.0471888
51.0502 37648 27512 0.141004 1.71667 12.2661 1.71667 12.1946 54056 315 0.043774
51.1632 49232 34752 0.131789 2.56123 12.2446 2.56123 12.1733 54081 315 0.0417712
51.2744 65160 46336 0.116068 3.33508 12.2253 3.33508 12.1541 54113 315 0.0388048
51.4132 81088 62264 0.123835 3.5891 12.202 3.5891 12.131 54156 315 0.0381601
51.5687 85432 78192 0.157192 4.09758 12.1776 4.09758 12.1068 54211 315 0.0415741
51.7288 89776 82536 0.15796 4.12234 12.1526 4.12234 12.0821 54268 315 0.0413102
51.8842 88328 86880 0.173771 4.5481 12.1298 4.5481 12.0595 54329 315 0.0442171
52.0334 94120 85432 0.154756 4.57962 12.1082 4.57962 12.0381 54388 315 0.0404447
52.1797 97016 91224 0.164397 5.06977 12.0885 5.06977 12.0185 54452 315 0.0417748
52.3281 99912 94120 0.16277 5.152 12.0688 5.152 11.9991 54518 315 0.0411671
52.4796 101360 97016 0.165246 5.19867 12.049 5.19867 11.9794 54586 315 0.0414014
52.633 102808 98464 0.168249 5.20903 12.029 5.20903 11.9597 54655 315 0.0419082
52.7868 110048 99912 0.153812 5.19682 12.0091 5.19682 11.94 54724 315 0.0389464
52.9396 108600 107152 0.172387 5.68872 11.9909 5.68872 11.9219 54799 315 0.0420216
52.9485 117288 105704 0.153529 95.102 12.0048 95.102 11.9359 54872 315 0.0384013
53.0994 125976 114392 0.151169 6.14043 11.9882 6.14043 11.9194 54952 315 0.0371746
53.2505 136112 123080 0.1516 6.59047 11.9728 6.59047 11.9043 55038 315 0.0365218
53.4031 146248 133216 0.15291 7.05956 11.9588 7.05956 11.8905 55131 315 0.0358672
53.5566 156384 143352 0.153758 7.47383 11.9459 7.47383 11.8778 55230 315 0.0351437
53.711 166520 153488 0.154751 8.02748 11.9347 8.02748 11.8667 55337 315 0.0344637
53.8652 178104 163624 0.154359 8.49084 11.9248 8.49084 11.8571 55450 315 0.0335928
54.0188 191136 175208 0.154175 9.19577 11.9171 9.19577 11.8495 55572 315 0.032665
54.1727 204168 188240 0.154223 9.86643 11.9112 9.86643 11.8439 55703 315 0.0316208
54.3273 217200 201272 0.154936 10.412 11.907 10.412 11.8398 55842 315 0.0307266
54.4821 230232 214304 0.155223 11.1524 11.9048 11.1524 11.8379 55991 315 0.0297762
54.6363 246160 227336 0.15459 11.7878 11.9045 11.7878 11.8377 56148 315 0.0288242
54.7461 327248 243264 0.110784 17.8449 11.9164 17.8449 11.8498 56317 315 0.0325284
54.8466 435848 324352 0.100964 25.8001 11.9419 25.8001 11.8753 56541 315 0.0355287
54.9792 477840 432952 0.132377 26.1333 11.9761 26.1333 11.9097 56840 315 0.0155213
55.1414 456120 474944 0.162422 23.4942 12.01 23.4942 11.9438 57169 315 0.0167089
55.3072 430056 453224 0.166034 21.8657 12.0395 21.8657 11.9735 57482 315 0.0187141
55.4604 425712 427160 0.154068 22.381 12.0681 22.381 12.0023 57778 315 0.016294
55.6029 441640 422816 0.143123 23.8167 12.0982 23.8167 12.0326 58071 315 0.0149728
55.7427 464808 438744 0.140048 25.1166 12.1308 25.1166 12.0654 58374 315 0.0142512
55.8851 482184 461912 0.142957 26.0334 12.1662 26.0334 12.101 58694 315 0.0133205
56.031 492320 479288 0.146572 26.3427 12.2032 26.3427 12.1381 59026 315 0.0128888
56.1782 499560 489424 0.147881 26.6786 12.2411 26.6786 12.1762 59365 315 0.0126447
56.3252 509696 496664 0.147112 27.0375 12.2797 27.0375 12.2149 59708 315 0.0123351
56.4711 519832 506800 0.146617 27.8732 12.32 27.8732 12.2554 60059 315 0.0118911
56.6165 532864 516936 0.145719 28.4434 12.3614 28.4434 12.297 60416 315 0.0115123
56.7617 545896 529968 0.145972 29.2643 12.4047 29.2643 12.3404 60783 315 0.0111359
56.9074 558928 543000 0.145832 29.8282 12.4493 29.8282 12.3851 61158 315 0.010716
57.0535 570512 556032 0.14692 30.5229 12.4955 30.5229 12.4316 61543 315 0.0104692
57.1994 583544 567616 0.146063 31.1291 12.5431 31.1291 12.4793 61935 315 0.0100741
57.3456 596576 580648 0.146515 31.7653 12.5921 31.7653 12.5284 62336 315 0.00982616
57.4917 608160 593680 0.146955 32.5842 12.6429 32.5842 12.5794 62747 315 0.00953741
57.6379 621192 605264 0.146438 33.1119 12.6948 33.1119 12.6315 63165 315 0.00926314
57.7842 634224 618296 0.146526 33.8249 12.7483 33.8249 12.6851 63592 315 0.00902209
57.9305 644360 631328 0.147485 34.5886 12.8035 34.5886 12.7405 64029 315 0.00883767
58.0769 657392 641464 0.14654 35.0635 12.8596 35.0635 12.7967 64472 315 0.00862883
58.2231 668976 654496 0.147365 35.8844 12.9174 35.8844 12.8547 64925 315 0.00851981
58.3696 682008 666080 0.146812 36.3792 12.9763 36.3792 12.9138 65385 315 0.00833911
58.5158 696488 679112 0.14652 37.1519 13.0367 37.1519 12.9743 65854 315 0.00821585
58.6623 706624 693592 0.147867 37.9609 13.0989 37.9609 13.0367 66334 315 0.00812957
58.8089 718208 703728 0.147842 38.4829 13.1622 38.4829 13.1002 66821 315 0.0081071
58.9553 732688 715312 0.146799 39.1001 13.2266 39.1001 13.1647 67315 315 0.00799233
59.1015 748616 729792 0.146605 39.9244 13.2926 39.9244 13.2309 67819 315 0.00798054
59.2482 763096 745720 0.146967 40.6621 13.3604 40.6621 13.2988 68334 315 0.00793734
59.3952 771784 760200 0.148804 41.4627 13.43 41.4627 13.3685 68860 315 0.0080278
59.542 780472 768888 0.148803 41.97 13.5003 41.97 13.4391 69392 315 0.00804555
59.6882 792056 777576 0.148013 42.6177 13.5717 42.6177 13.5105 69930 315 0.00803891
59.8341 805088 789160 0.147661 43.3583 13.6443 43.3583 13.5833 70476 315 0.00809535
59.9803 818120 802192 0.147987 43.9644 13.7182 43.9644 13.6574 71031 315 0.00823728
