0.453955 14480 0 0 0 0 0 0 0 0 0.0439727
0.533266 18824 13032 0.056375 1.46058 0.217227 1.46058 0.217227 10 0 0.0386687
0.533506 20272 15928 0.0593281 192.81 0.303981 192.81 0.303981 14 0 0.0383232
0.533747 21720 17376 0.0619121 144.607 0.368954 144.607 0.368954 17 0 0.0381754
0.533987 23168 18824 0.0641731 144.607 0.433868 144.607 0.433868 20 0 0.0380384
0.534227 24616 20272 0.0662765 144.607 0.498724 144.607 0.498724 23 0 0.03791
0.624347 26064 21720 0.0793669 0.385619 0.482398 0.385619 0.482398 26 0 0.0380956
0.624588 27512 23168 0.080821 144.607 0.537853 144.607 0.537853 29 0 0.0380042
0.624828 28960 24616 0.0820934 144.607 0.593264 144.607 0.593264 32 0 0.0379092
0.625068 30408 26064 0.0833317 144.607 0.648633 144.607 0.648633 35 0 0.0378162
0.625309 31856 27512 0.0844153 144.607 0.70396 144.607 0.70396 38 0 0.037719
0.700529 33304 28960 0.0848251 3.23403 0.975629 3.23403 0.975629 59 0 0.0375906
0.760008 39096 30408 0.0692352 4.0899 1.21936 4.0899 1.21936 80 0 0.0369672
0.811797 49232 36200 0.0613216 5.8156 1.51258 5.8156 1.51258 106 0 0.0364162
0.866109 63712 46336 0.058274 7.0384 1.85909 7.0384 1.85909 139 0 0.0355859
0.925949 82536 60816 0.0579392 8.13052 2.26438 8.13052 2.26438 181 0 0.0344102
0.989513 101360 79640 0.0621547 10.0232 2.7628 10.0232 2.7628 236 0 0.0325907
1.05368 114392 98464 0.0697729 12.4568 3.35313 12.4568 3.35313 305 0 0.030584
1.11628 136112 111496 0.064897 14.2479 3.96413 14.2479 3.96413 382 0 0.0298538
1.17684 156384 133216 0.0680847 17.789 4.67556 17.789 4.67556 475 0 0.0278482
1.23764 192584 153488 0.0621888 20.1955 5.438 20.1955 5.438 581 0 0.0276377
1.29905 236024 189688 0.0626189 24.7143 6.34913 24.7143 6.34913 712 0 0.0256869
1.36237 264984 233128 0.0707047 29.6349 7.43147 29.6349 7.43147 874 0 0.0206034
1.42726 291048 262088 0.0729018 32.492 8.57078 32.492 8.57078 1056 0 0.0183027
1.49154 320008 288152 0.072784 36.0392 9.75467 36.0392 9.75467 1256 0 0.0168227
1.55523 356208 317112 0.0717599 40.0171 10.9939 40.0171 10.9939 1476 0 0.0157936
1.61891 399648 353312 0.0709005 44.5645 12.3145 44.5645 12.3145 1721 0 0.0146637
1.64823 467704 396752 0.0668139 108.258 14.0211 108.258 14.0211 1995 0 0.017154
1.71636 538656 464808 0.0684111 54.5784 15.6311 54.5784 15.6311 2316 0 0.0148042
1.78822 596576 535760 0.0721282 59.8097 17.4063 59.8097 17.4063 2687 0 0.00937496
1.86224 647256 593680 0.0742792 64.1655 19.2648 64.1655 19.2648 3097 0 0.00650772
1.93734 695040 644360 0.0754111 68.6402 21.1788 68.6402 21.1788 3542 0 0.00509031
2.01292 744272 692144 0.0757287 73.4148 23.1402 73.4148 23.1402 4021 0 0.00479438
2.08982 787712 741376 0.0771519 77.1238 25.1267 77.1238 25.1267 4533 0 0.0036542
2.16804 823912 784816 0.0784908 80.2633 27.1161 80.2633 27.1161 5075 0 0.00275778
2.24699 855768 821016 0.0791709 83.1987 29.0865 83.1987 29.0865 5642 0 0.00253025
2.32665 884728 852872 0.0798622 85.7901 31.028 85.7901 31.028 6232 0 0.00263804
2.40692 909344 881832 0.0804144 88.0343 32.9291 88.0343 32.9291 6842 0 0.00272987
2.48863 923824 906448 0.0819702 88.8909 34.7665 88.8909 34.7665 7469 0 0.00259595
2.5713 931064 920928 0.0829683 89.1184 36.514 89.1184 36.514 8105 0 0.00269834
2.65361 941200 928168 0.0825183 90.2124 38.1796 90.2124 38.1796 8746 0 0.00294706
2.73628 948440 938304 0.0829621 90.94 39.7736 90.94 39.7736 9395 0 0.00314193
2.81847 960024 945544 0.0823937 92.0356 41.2976 92.0356 41.2976 10048 0 0.00345915
2.9015 964368 957128 0.0833434 92.3589 42.7588 92.3589 42.7588 10710 0 0.00362927
2.98501 965816 961472 0.0837369 92.2434 44.1432 92.2434 44.1432 11375 0 0.00374729
3.06888 964368 962920 0.0840245 91.847 45.447 91.847 45.447 12040 0 0.00380472
3.15275 962920 961472 0.0841675 91.847 46.6813 91.847 46.6813 12705 0 0.00376792
3.23639 964368 960024 0.0838085 91.8339 47.8481 91.8339 47.8481 13368 0 0.00370729
3.32002 965816 961472 0.0839559 92.1109 48.9631 92.1109 48.9631 14033 0 0.00375773
3.40365 967264 962920 0.083856 92.1109 50.0233 92.1109 50.0233 14698 0 0.00379665
3.48752 965816 964368 0.0841586 92.1232 51.0357 92.1232 51.0357 15365 0 0.00385518
3.57127 964368 962920 0.084 91.9787 51.9959 91.9787 51.9959 16030 0 0.00380354
3.65514 962920 961472 0.0840441 91.847 52.9103 91.847 52.9103 16695 0 0.00376196
3.73889 961472 960024 0.084 91.7021 53.7793 91.7021 53.7793 17358 0 0.00371644
3.82253 962920 958576 0.0839365 91.8339 54.6119 91.8339 54.6119 18021 0 0.0036703
3.90592 965816 960024 0.083487 92.0985 55.4122 92.0985 55.4122 18684 0 0.00370326
3.98955 967264 962920 0.0839424 92.2494 56.1844 92.2494 56.1844 19350 0 0.00380078
4.07342 965816 964368 0.0840658 92.1232 56.9244 92.1232 56.9244 20017 0 0.0038507
4.15717 964368 962920 0.084 91.9787 57.6306 91.9787 57.6306 20682 0 0.00380354
4.24104 962920 961472 0.0842056 91.847 58.3073 91.847 58.3073 21347 0 0.00376976
4.32479 961472 960024 0.084 91.7021 58.954 91.7021 58.954 22010 0 0.00371644
4.40843 962920 958576 0.0838366 91.8339 59.5777 91.8339 59.5777 22673 0 0.00366552
4.49182 964368 960024 0.0836254 92.0985 60.1815 92.0985 60.1815 23336 0 0.00369861
4.57545 965816 961472 0.0838825 92.1109 60.7651 92.1109 60.7651 24001 0 0.00375422
4.65908 967264 962920 0.0838607 92.1109 61.3278 92.1109 61.3278 24666 0 0.00379688
4.74283 965816 964368 0.084 92.2554 61.8739 92.2554 61.8739 25333 0 0.00384754
4.8267 964368 962920 0.0840982 91.847 62.3947 91.847 62.3947 25998 0 0.00380827
4.91069 962920 961472 0.0842136 91.7156 62.8962 91.7156 62.8962 26663 0 0.00377015
4.99433 964368 960024 0.0838874 91.8339 63.3808 91.8339 63.3808 27326 0 0.00371105
5.07796 965816 961472 0.0837737 92.1109 63.854 92.1109 63.854 27991 0 0.00374903
5.16159 967264 962920 0.0839018 92.1109 64.3118 92.1109 64.3118 28656 0 0.00379884
5.24546 965816 964368 0.0841122 92.1232 64.7565 92.1232 64.7565 29323 0 0.00385294
5.32921 964368 962920 0.0839999 91.9787 65.1843 91.9787 65.1843 29988 0 0.00380354
5.41308 962920 961472 0.0841375 91.847 65.5974 91.847 65.5974 30653 0 0.00376647
5.49684 961472 960024 0.084 91.7021 65.9952 91.7021 65.9952 31316 0 0.00371644
5.58047 962920 958576 0.0838845 91.8339 66.3824 91.8339 66.3824 31979 0 0.00366781
5.66386 965816 960024 0.0835743 92.0985 66.761 92.0985 66.761 32642 0 0.00370737
5.74749 967264 962920 0.0839661 92.2494 67.1319 92.2494 67.1319 33308 0 0.00380192
5.83136 965816 964368 0.0840187 92.1232 67.4913 92.1232 67.4913 33975 0 0.00384844
5.91511 964368 962920 0.084 91.9787 67.8381 91.9787 67.8381 34640 0 0.00380354
5.99898 962920 961472 0.0841466 91.847 68.1737 91.847 68.1737 35305 0 0.0037669
6.08274 961472 960024 0.0839999 91.7021 68.4977 91.7021 68.4977 35968 0 0.00371644
6.16637 962920 958576 0.0838079 91.8339 68.8142 91.8339 68.8142 36631 0 0.00366416
6.24976 964368 960024 0.083651 92.0985 69.1249 92.0985 69.1249 37294 0 0.00369981
6.33339 965816 961472 0.0838085 92.1109 69.4284 92.1109 69.4284 37959 0 0.00375069
6.41702 967264 962920 0.0839559 92.1109 69.724 92.1109 69.724 38624 0 0.00380143
6.50077 965816 964368 0.0839998 92.2554 70.0143 92.2554 70.0143 39291 0 0.00384753
6.58464 964368 962920 0.0840567 91.847 70.2924 91.847 70.2924 39956 0 0.00380627
6.66864 962920 961472 0.0841923 91.7156 70.5622 91.7156 70.5622 40621 0 0.00376911
6.75227 964368 960024 0.0839614 91.8339 70.8257 91.8339 70.8257 41284 0 0.00371459
6.8359 965816 961472 0.0837499 92.1109 71.0861 92.1109 71.0861 41949 0 0.0037479
6.91953 967264 962920 0.0839422 92.1109 71.3402 92.1109 71.3402 42614 0 0.00380078
7.0034 965816 964368 0.0840319 92.1232 71.5891 92.1232 71.5891 43281 0 0.00384908
7.08739 964368 960024 0.084 91.7156 71.8276 91.7156 71.8276 43946 0 0.00371644
7.17102 961472 961472 0.0842501 92.1109 72.0642 92.1109 72.0642 44611 0 0.00378309
7.25478 960024 958576 0.084 91.5638 72.2893 91.5638 72.2893 45273 0 0.00367334
7.33817 962920 957128 0.0835827 91.8207 72.5112 91.8207 72.5112 45934 0 0.00362186
7.42156 964368 960024 0.0837061 92.2374 72.7329 92.2374 72.7329 46598 0 0.00370242
7.50519 965816 961472 0.0838133 92.1109 72.9488 92.1109 72.9488 47263 0 0.00375092
7.58882 967264 962920 0.083914 92.1109 73.16 92.1109 73.16 47928 0 0.00379943
7.67257 965816 964368 0.0839996 92.2554 73.3684 92.2554 73.3684 48595 0 0.00384752
7.75644 964368 962920 0.0841106 91.847 73.5682 91.847 73.5682 49260 0 0.00380887
7.84044 962920 961472 0.0841884 91.7156 73.7626 91.7156 73.7626 49925 0 0.00376892
7.92407 964368 960024 0.0839248 91.8339 73.9534 91.8339 73.9534 50588 0 0.00371284
8.0077 965816 961472 0.0838989 92.1109 74.143 92.1109 74.143 51253 0 0.003755
8.09133 967264 962920 0.0838873 92.1109 74.3287 92.1109 74.3287 51918 0 0.00379815
8.1752 965816 964368 0.0841264 92.1232 74.5113 92.1232 74.5113 52585 0 0.00385362
8.25895 967264 962920 0.0839267 91.9787 74.6884 91.9787 74.6884 53250 0 0.00380003
8.34282 965816 964368 0.084101 92.1232 74.8637 92.1232 74.8637 53917 0 0.0038524
8.42682 964368 962920 0.0841992 91.7156 75.0316 91.7156 75.0316 54582 0 0.00381315
8.51069 962920 961472 0.0840964 91.847 75.1974 91.847 75.1974 55247 0 0.00376448
8.59432 964368 960024 0.0838781 91.8339 75.3592 91.8339 75.3592 55910 0 0.00371061
8.67795 965816 961472 0.0837866 92.1109 75.5207 92.1109 75.5207 56575 0 0.00374965
8.76158 967264 962920 0.0839018 92.1109 75.679 92.1109 75.679 57240 0 0.00379884
8.84533 965816 964368 0.084 92.2554 75.836 92.2554 75.836 57907 0 0.00384754
8.92921 964368 962920 0.0841259 91.847 75.9864 91.847 75.9864 58572 0 0.00380961
9.0132 962920 961472 0.0842153 91.7156 76.133 91.7156 76.133 59237 0 0.00377023
9.09683 964368 960024 0.0839141 91.8339 76.2773 91.8339 76.2773 59900 0 0.00371233
9.18046 965816 961472 0.0838845 92.1109 76.4215 92.1109 76.4215 60565 0 0.00375432
9.26409 967264 962920 0.0838712 92.1109 76.5632 92.1109 76.5632 61230 0 0.00379738
9.34796 965816 964368 0.0841445 92.1232 76.7028 92.1232 76.7028 61897 0 0.0038545
9.43171 967264 962920 0.0839163 91.9787 76.8384 91.9787 76.8384 62562 0 0.00379953
9.51559 965816 964368 0.0841155 92.1232 76.9732 92.1232 76.9732 63229 0 0.0038531
9.59958 962920 962920 0.0842277 91.7156 77.1021 91.7156 77.1021 63894 0 0.00382571
9.68345 961472 960024 0.0841122 91.7089 77.2287 91.7089 77.2287 64558 0 0.00372184
9.76708 962920 958576 0.0838584 91.8339 77.3537 91.8339 77.3537 65221 0 0.00366657
9.85047 964368 960024 0.0836852 92.0985 77.4785 92.0985 77.4785 65884 0 0.00370144
9.9341 965816 961472 0.0838717 92.1109 77.6017 92.1109 77.6017 66549 0 0.0037537
10.0001 5792 962920 0.0837629 91.1368 77.691 91.1368 77.691 67068 0 1.64227
10.0835 861560 4344 0.0841897 0 77.0485 0 77.0485 67068 0 1.34206
10.1239 1148264 858664 0.0830021 170.862 77.4229 170.862 77.4229 67664 0 0.147501
10.1987 884728 1145368 0.105859 122.556 77.7542 122.556 77.7542 68456 0 0.136688
10.298 706624 881832 0.099317 71.1948 77.691 71.1948 77.691 69066 0 0.0591747
10.3766 653048 703728 0.0783783 71.7877 77.6463 71.7877 77.6463 69553 0 0.00559293
10.4415 687800 650152 0.0641177 80.1588 77.6619 80.1588 77.6619 70002 0 0.00287293
10.5035 744272 684904 0.0618018 88.5579 77.7262 88.5579 77.7262 70476 0 0.00597407
10.5713 765992 741376 0.0664464 87.5321 77.7892 87.5321 77.7892 70989 0 0.000885527
10.6329 742824 763096 0.0726421 99.2292 77.9133 99.2292 77.9133 71516 0 0.00112625
10.7324 666080 739928 0.0820563 59.6126 77.7436 59.6126 77.7436 72028 0 0.0109642
10.8182 583544 663184 0.0850544 61.9745 77.6185 61.9745 77.6185 72487 0 0.0132743
10.8732 534312 580648 0.0795563 84.4068 77.6529 84.4068 77.6529 72888 0 0.00673088
10.9794 487976 531416 0.0796361 40.1323 77.2899 40.1323 77.2899 73256 0 0.00760012
11.0599 445984 485080 0.0796923 48.3463 77.0792 48.3463 77.0792 73592 0 0.00851336
11.1427 399648 443088 0.0822181 42.9554 76.8257 42.9554 76.8257 73899 0 0.0110089
11.1795 366344 396752 0.0793862 86.3232 76.8569 86.3232 76.8569 74173 0 0.0112212
11.2648 320008 363448 0.08555 34.0811 76.533 34.0811 76.533 74424 0 0.0150953
11.4224 256296 317112 0.099369 16.1654 75.6998 16.1654 75.6998 74644 0 0.022092
11.5194 201272 253400 0.102336 21.0251 75.2395 21.0251 75.2395 74820 0 0.0247116
11.6145 159280 198376 0.101222 16.819 74.7614 16.819 74.7614 74958 0 0.0264724
11.7085 125976 156384 0.100356 13.4203 74.2685 13.4203 74.2685 75067 0 0.0286586
11.7215 105704 123080 0.0908005 75.8741 74.2703 75.8741 74.2703 75152 0 0.029628
11.9078 81088 102808 0.107524 4.47816 73.1787 4.47816 73.1787 75224 0 0.0331212
12.011 60816 78192 0.110821 6.1726 72.6029 6.1726 72.6029 75279 0 0.0354076
12.0175 47784 57920 0.10157 71.411 72.6022 71.411 72.6022 75319 0 0.0360905
12.1184 37648 44888 0.101212 3.5578 72.0272 3.5578 72.0272 75350 0 0.0372363
12.319 28960 34752 0.113956 1.44405 70.8781 1.44405 70.8781 75375 0 0.0394244
12.3218 23168 26064 0.10457 72.3036 70.8784 72.3036 70.8784 75393 0 0.0393142
12.4249 18824 20272 0.103648 1.57304 70.3034 1.57304 70.3034 75407 0 0.0398055
12.5289 14480 15928 0.103945 1.22596 69.7303 1.22596 69.7303 75418 0 0.0402838
12.7361 13032 11584 0.117059 0.502982 68.6037 0.502982 68.6037 75427 0 0.0420334
12.7371 11584 10136 0.111864 84.3542 68.6048 84.3542 68.6048 75434 0 0.0416197
12.842 13032 8688 0.109148 0.773005 68.0508 0.773005 68.0508 75441 0 0.0414979
12.9468 11584 10136 0.107779 0.773892 67.5063 0.773892 67.5063 75448 0 0.0412127
13.0522 13032 8688 0.116707 0.76948 66.9675 0.76948 66.9675 75455 0 0.0422981
13.1574 11584 10136 0.113077 0.770358 66.4379 0.770358 66.4379 75462 0 0.0417471
13.2634 13032 8688 0.121454 0.765117 65.9131 0.765117 65.9131 75469 0 0.0428589
13.3683 11584 10136 0.116228 0.773005 65.402 0.773005 65.402 75476 0 0.0420914
13.4735 13032 8688 0.124816 0.771238 64.8976 0.771238 64.8976 75483 0 0.0432835
13.4742 11584 10136 0.118275 112.472 64.9002 112.472 64.9002 75490 0 0.0423258
13.5791 13032 8688 0.112907 0.773005 64.4048 0.773005 64.4048 75497 0 0.0418815
13.6839 11584 10136 0.110297 0.773892 63.9176 0.773892 63.9176 75504 0 0.0414596
13.7884 13032 8688 0.117962 0.775671 63.4388 0.775671 63.4388 75511 0 0.042442
13.8935 11584 10136 0.113697 0.771238 62.9646 0.771238 62.9646 75518 0 0.0418133
13.9996 13032 8688 0.121913 0.764251 62.4932 0.764251 62.4932 75525 0 0.0429156
14.1057 11584 10136 0.11666 0.764251 62.0289 0.764251 62.0289 75532 0 0.0421402
14.2123 13032 8688 0.125704 0.760804 61.5694 0.760804 61.5694 75539 0 0.0433994
14.213 11584 10136 0.119421 112.472 61.572 112.472 61.572 75546 0 0.0424607
14.3193 13032 8688 0.114101 0.763386 61.1209 0.763386 61.1209 75553 0 0.0420093
14.425 11584 10136 0.111302 0.766856 60.6785 0.766856 60.6785 75560 0 0.0415618
14.531 13032 8688 0.119157 0.765117 60.2415 0.765117 60.2415 75567 0 0.0425819
14.637 11584 10136 0.114814 0.765117 59.8109 0.765117 59.8109 75574 0 0.0419344
14.7433 13032 8688 0.123065 0.762524 59.385 0.762524 59.385 75581 0 0.0430596
14.8498 11584 10136 0.117432 0.761663 58.9647 0.761663 58.9647 75588 0 0.0422283
14.9569 13032 8688 0.126365 0.75654 58.5475 0.75654 58.5475 75595 0 0.0434867
14.9577 11584 10136 0.119973 112.472 58.5501 112.472 58.5501 75602 0 0.0425266
15.0651 13032 8688 0.114909 0.754847 58.138 0.754847 58.138 75609 0 0.0420974
15.1722 11584 10136 0.112423 0.757389 57.7331 0.757389 57.7331 75616 0 0.0416781
15.2795 13032 8688 0.120558 0.755693 57.333 0.755693 57.333 75623 0 0.0427496
15.3862 11584 10136 0.116083 0.759948 56.9407 0.759948 56.9407 75630 0 0.0420751
15.4933 13032 8688 0.124152 0.75654 56.552 0.75654 56.552 75637 0 0.0431979
15.6004 11584 10136 0.118491 0.757389 56.1691 0.757389 56.1691 75644 0 0.042351
15.7079 13032 8688 0.12722 0.754004 55.7897 0.754004 55.7897 75651 0 0.0436009
15.7087 11584 10136 0.120751 112.472 55.7923 112.472 55.7923 75658 0 0.0426205
15.816 13032 8688 0.11524 0.755693 55.4189 0.755693 55.4189 75665 0 0.0421338
15.923 11584 10136 0.112645 0.757389 55.0514 0.757389 55.0514 75672 0 0.0417014
16.0301 13032 8688 0.120758 0.757389 54.6887 0.757389 54.6887 75679 0 0.0427739
16.137 11584 10136 0.116342 0.75824 54.3313 0.75824 54.3313 75686 0 0.0421043
16.2442 13032 8688 0.124195 0.75654 53.9778 0.75654 53.9778 75693 0 0.0432033
16.3514 11584 10136 0.118644 0.75654 53.629 0.75654 53.629 75700 0 0.042369
16.4587 13032 8688 0.12731 0.755693 53.2843 0.755693 53.2843 75707 0 0.043613
16.4594 11584 10136 0.120715 112.472 53.2869 112.472 53.2869 75714 0 0.0426162
16.5666 13032 8688 0.115245 0.75654 52.947 0.75654 52.947 75721 0 0.0421344
16.674 11584 10136 0.112744 0.754847 52.6107 0.754847 52.6107 75728 0 0.0417118
16.7818 13032 8688 0.121021 0.752323 52.2777 0.752323 52.2777 75735 0 0.042806
16.8892 11584 10136 0.116614 0.754847 51.95 0.754847 51.95 75742 0 0.042135
16.9969 13032 8688 0.124643 0.753162 51.6257 0.753162 51.6257 75749 0 0.0432611
17.1041 11584 10136 0.119149 0.75654 51.3069 0.75654 51.3069 75756 0 0.0424285
17.2119 13032 8688 0.127676 0.752323 50.9903 0.752323 50.9903 75763 0 0.0436625
17.2126 11584 10136 0.121182 112.472 50.9929 112.472 50.9929 75770 0 0.042673
17.3201 13032 8688 0.115617 0.754004 50.681 0.754004 50.681 75777 0 0.0421757
17.4274 11584 10136 0.113007 0.755693 50.3736 0.755693 50.3736 75784 0 0.0417396
17.5349 13032 8688 0.120871 0.754847 50.0696 0.754847 50.0696 75791 0 0.0427877
17.6422 11584 10136 0.116513 0.755693 49.7696 0.755693 49.7696 75798 0 0.0421236
17.7496 13032 8688 0.124584 0.754847 49.473 0.754847 49.473 75805 0 0.0432535
17.8568 11584 10136 0.118889 0.75654 49.1806 0.75654 49.1806 75812 0 0.0423978
17.9646 13032 8688 0.127633 0.752323 48.89 0.752323 48.89 75819 0 0.0436566
17.9653 11584 10136 0.121057 112.472 48.8926 112.472 48.8926 75826 0 0.0426578
18.0732 13032 8688 0.115654 0.751485 48.6052 0.751485 48.6052 75833 0 0.0421797
18.181 11584 10136 0.113127 0.752323 48.3215 0.752323 48.3215 75840 0 0.0417524
18.2887 13032 8688 0.121246 0.752323 48.0411 0.752323 48.0411 75847 0 0.0428334
18.3959 11584 10136 0.116544 0.75654 47.7656 0.75654 47.7656 75854 0 0.042127
18.5038 13032 8688 0.124711 0.751485 47.4915 0.751485 47.4915 75861 0 0.0432699
18.6114 11584 10136 0.119195 0.754004 47.2214 0.754004 47.2214 75868 0 0.0424339
18.7194 13032 8688 0.127937 0.750649 46.9532 0.750649 46.9532 75875 0 0.0436979
18.7201 11584 10136 0.121357 112.472 46.9557 112.472 46.9557 75882 0 0.0426945
18.8278 13032 8688 0.115829 0.753162 46.6915 0.753162 46.6915 75889 0 0.0421993
18.935 11584 10136 0.112915 0.75654 46.4315 0.75654 46.4315 75896 0 0.0417299
19.0429 13032 8688 0.121121 0.751485 46.1727 0.751485 46.1727 75903 0 0.0428182
19.1504 11584 10136 0.11679 0.754004 45.9176 0.754004 45.9176 75910 0 0.042155
19.2586 13032 8688 0.124856 0.749815 45.664 0.749815 45.664 75917 0 0.0432887
19.3661 11584 10136 0.119401 0.754004 45.4146 0.754004 45.4146 75924 0 0.0424584
19.4739 13032 8688 0.127933 0.752323 45.1674 0.752323 45.1674 75931 0 0.0436973
19.4746 11584 10136 0.121354 112.472 45.1699 112.472 45.1699 75938 0 0.0426941
19.5824 13032 8688 0.115828 0.752323 44.9254 0.752323 44.9254 75945 0 0.0421991
19.6899 11584 10136 0.113119 0.754004 44.6842 0.754004 44.6842 75952 0 0.0417515
19.7977 13032 8688 0.121241 0.752323 44.445 0.752323 44.445 75959 0 0.0428328
19.9053 11584 10136 0.116775 0.754004 44.2089 0.754004 44.2089 75966 0 0.0421532
20.0128 5792 8688 0.127253 0.538574 43.9743 0.538574 43.9743 75971 0 0.0436613
20.1135 11584 2896 0.118286 0.460166 43.7564 0.460166 43.7564 75975 0 0.0431486
20.1821 14480 8688 0.104875 1.68835 43.6134 1.68835 43.6134 75985 0 0.0411073
20.2225 18824 11584 0.0895335 2.29345 43.5308 2.29345 43.5308 75993 0 0.0396797
20.2235 24616 15928 0.06927 132.557 43.5351 132.557 43.5351 76004 0 0.0384646
20.2978 31856 21720 0.072166 2.49479 43.3849 2.49479 43.3849 76020 0 0.0379579
20.3733 39096 28960 0.079162 3.2186 43.2359 3.2186 43.2359 76041 0 0.0374309
20.4565 47784 36200 0.0804956 3.48283 43.0743 3.48283 43.0743 76066 0 0.0367861
20.5531 50680 44888 0.0954863 3.83701 42.8898 3.83701 42.8898 76098 0 0.0366294
20.6544 52128 47784 0.106127 3.88821 42.6986 3.88821 42.6986 76132 0 0.0371968
20.7579 50680 49232 0.110273 3.91889 42.5053 3.91889 42.5053 76167 0 0.0374521
20.8628 52128 47784 0.104949 3.64417 42.3099 3.64417 42.3099 76200 0 0.0370895
20.9703 49232 49232 0.114598 3.77002 42.1122 3.77002 42.1122 76235 0 0.0379168
21.0807 47784 46336 0.109458 3.35686 41.9092 3.35686 41.9092 76267 0 0.03766
21.1937 46336 44888 0.110945 3.17931 41.7028 3.17931 41.7028 76298 0 0.0379543
21.3087 41992 43440 0.125352 3.12283 41.4946 3.12283 41.4946 76329 0 0.039805
21.4241 39096 39096 0.116522 2.70856 41.2856 2.70856 41.2856 76356 0 0.0391481
21.5396 34752 36200 0.129652 2.60825 41.0782 2.60825 41.0782 76382 0 0.0411169
21.6556 30408 31856 0.132054 2.29773 40.8706 2.29773 40.8706 76405 0 0.0418995
21.6582 27512 27512 0.119401 83.2587 40.8757 83.2587 40.8757 76424 0 0.0406626
21.8898 23168 24616 0.131758 0.900512 40.4529 0.900512 40.4529 76442 0 0.0426001
22.0078 20272 20272 0.136265 1.47258 40.2439 1.47258 40.2439 76457 0 0.0436981
22.0094 18824 17376 0.125077 82.6327 40.2471 82.6327 40.2471 76469 0 0.0424067
22.1271 17376 15928 0.121112 1.0832 40.0389 1.0832 40.0389 76480 0 0.0420574
22.2446 15928 14480 0.12675 1.08431 39.8331 1.08431 39.8331 76491 0 0.0429297
22.3618 14480 13032 0.12218 0.88989 39.6291 0.88989 39.6291 76500 0 0.0424921
22.479 13032 11584 0.128439 0.888979 39.427 0.888979 39.427 76509 0 0.0434615
22.5964 11584 10136 0.12394 0.69072 39.2257 0.69072 39.2257 76516 0 0.0430181
22.7141 10136 8688 0.131196 0.689309 39.0262 0.689309 39.0262 76523 0 0.0441512
22.8317 11584 7240 0.12684 0.492364 38.8276 0.492364 38.8276 76528 0 0.0437028
22.9495 10136 8688 0.135024 0.688606 38.6319 0.688606 38.6319 76535 0 0.0447109
23.0672 11584 7240 0.129405 0.491861 38.4372 0.491861 38.4372 76540 0 0.0440522
23.1853 13032 8688 0.138671 0.686504 38.2449 0.686504 38.2449 76547 0 0.0452716
23.3031 11584 10136 0.131848 0.688606 38.0551 0.688606 38.0551 76554 0 0.044092
23.4212 13032 8688 0.140868 0.686504 37.8667 0.686504 37.8667 76561 0 0.0456219
23.4219 11584 10136 0.133319 112.472 37.869 112.472 37.869 76568 0 0.0443056
23.5398 10136 8688 0.12698 0.687904 37.6828 0.687904 37.6828 76575 0 0.0435687
23.6579 11584 7240 0.124016 0.49036 37.4971 0.49036 37.4971 76580 0 0.0433332
23.7759 10136 8688 0.133323 0.687203 37.3144 0.687203 37.3144 76587 0 0.0444587
23.894 11584 7240 0.128486 0.49036 37.1324 0.49036 37.1324 76592 0 0.0439255
24.0124 10136 8688 0.138152 0.68511 36.9527 0.68511 36.9527 76599 0 0.0451901
24.1304 11584 7240 0.1315 0.490859 36.7744 0.490859 36.7744 76604 0 0.0443475
24.2486 13032 8688 0.141794 0.685806 36.5984 0.685806 36.5984 76611 0 0.0457726
24.2493 11584 10136 0.134175 112.472 36.6007 112.472 36.6007 76618 0 0.0444317
24.3678 10136 8688 0.12777 0.684415 36.4261 0.684415 36.4261 76625 0 0.0436751
24.4863 11584 7240 0.12478 0.488868 36.2522 0.488868 36.2522 76630 0 0.0434316
24.6045 10136 8688 0.13404 0.685806 36.0813 0.685806 36.0813 76637 0 0.0445643
24.7228 11584 7240 0.128745 0.489862 35.9111 0.489862 35.9111 76642 0 0.0439611
24.8411 10136 8688 0.138326 0.68511 35.7432 0.68511 35.7432 76649 0 0.0452173
24.9594 11584 7240 0.131837 0.489862 35.5762 0.489862 35.5762 76654 0 0.0443958
25.0776 13032 8688 0.14202 0.685806 35.4117 0.685806 35.4117 76661 0 0.0458096
25.0783 11584 10136 0.134326 112.472 35.4139 112.472 35.4139 76668 0 0.0444542
25.1967 10136 8688 0.127775 0.68511 35.2508 0.68511 35.2508 76675 0 0.0436758
25.3152 11584 7240 0.124769 0.488868 35.0881 0.488868 35.0881 76680 0 0.0434302
25.4333 10136 8688 0.134062 0.686504 34.9283 0.686504 34.9283 76687 0 0.0445676
25.5518 11584 7240 0.12887 0.488868 34.7686 0.488868 34.7686 76692 0 0.0439782
25.6706 10136 8688 0.138518 0.682339 34.6108 0.682339 34.6108 76699 0 0.0452475
25.7893 11584 7240 0.132076 0.487879 34.4538 0.487879 34.4538 76704 0 0.0444301
25.908 13032 8688 0.14251 0.68303 34.299 0.68303 34.299 76711 0 0.0458902
25.9088 11584 10136 0.13475 112.472 34.3012 112.472 34.3012 76718 0 0.0445174
26.0277 10136 8688 0.128148 0.68165 34.1475 0.68165 34.1475 76725 0 0.0437266
26.1463 11584 7240 0.125129 0.488373 33.9949 0.488373 33.9949 76730 0 0.0434769
26.2644 10136 8688 0.134178 0.686504 33.8451 0.686504 33.8451 76737 0 0.0445848
26.383 11584 7240 0.129072 0.488373 33.6951 0.488373 33.6951 76742 0 0.0440062
26.5026 13032 8688 0.138888 0.678225 33.5462 0.678225 33.5462 76749 0 0.0453057
26.6224 11584 10136 0.132558 0.676864 33.3983 0.676864 33.3983 76756 0 0.0441945
26.7415 13032 8688 0.142221 0.680962 33.2526 0.680962 33.2526 76763 0 0.0458426
26.7422 11584 10136 0.134556 112.472 33.2547 112.472 33.2547 76770 0 0.0444885
26.8596 10136 8688 0.127621 0.69072 33.1124 0.69072 33.1124 76777 0 0.043655
26.9775 11584 7240 0.124445 0.49136 32.9698 0.49136 32.9698 76782 0 0.0433884
27.0955 10136 8688 0.133625 0.687203 32.8293 0.687203 32.8293 76789 0 0.0445029
27.2147 11584 7240 0.128811 0.485911 32.6876 0.485911 32.6876 76794 0 0.0439701
27.3354 13032 8688 0.139057 0.671476 32.5462 0.671476 32.5462 76801 0 0.0453324
27.4563 11584 10136 0.133097 0.670809 32.4058 0.670809 32.4058 76808 0 0.044273
27.5773 13032 8688 0.143325 0.670143 32.2666 0.670143 32.2666 76815 0 0.0460255
27.578 11584 10136 0.135956 112.472 32.2687 112.472 32.2687 76822 0 0.0446992
27.6985 10136 8688 0.129683 0.672815 32.1312 0.672815 32.1312 76829 0 0.0439381
27.8191 11584 7240 0.126708 0.480582 31.9941 0.480582 31.9941 76834 0 0.0436851
27.9396 10136 8688 0.136308 0.672815 31.859 0.672815 31.859 76841 0 0.0449053
28.0607 11584 7240 0.13116 0.478198 31.7235 0.478198 31.7235 76846 0 0.0442989
28.1819 13032 8688 0.14104 0.668814 31.5899 0.668814 31.5899 76853 0 0.0456499
28.3035 11584 10136 0.134756 0.666832 31.4571 0.666832 31.4571 76860 0 0.0445183
28.4256 13032 8688 0.144698 0.664206 31.3248 0.664206 31.3248 76867 0 0.0462561
28.4263 11584 10136 0.137206 112.472 31.3269 112.472 31.3269 76874 0 0.0448906
28.5479 10136 8688 0.130788 0.666832 31.1963 0.666832 31.1963 76881 0 0.0440934
28.6699 11584 7240 0.127887 0.4749 31.0656 0.4749 31.0656 76886 0 0.0438439
28.7924 10136 8688 0.137854 0.662251 30.9363 0.662251 30.9363 76893 0 0.0451437
28.915 11584 7240 0.132951 0.47211 30.807 0.47211 30.807 76898 0 0.0445571
29.0378 13032 8688 0.14301 0.660307 30.6795 0.660307 30.6795 76905 0 0.0459731
29.1602 11584 10136 0.136405 0.662901 30.5536 0.662901 30.5536 76912 0 0.0447676
29.2837 13032 8688 0.145999 0.656453 30.4275 0.656453 30.4275 76919 0 0.0464781
29.2844 11584 10136 0.138642 112.472 30.4295 112.472 30.4295 76926 0 0.0451144
29.4084 10136 8688 0.132692 0.653908 30.304 0.653908 30.304 76933 0 0.0443665
29.5329 11584 7240 0.130028 0.465274 30.1782 0.465274 30.1782 76938 0 0.0441391
29.6576 13032 8688 0.140236 0.650129 30.054 0.650129 30.054 76945 0 0.0455201
29.7822 11584 10136 0.135097 0.650756 29.931 0.650756 29.931 76952 0 0.0445695
29.9071 13032 8688 0.144606 0.649503 29.8088 0.649503 29.8088 76959 0 0.0462406
30.0312 5792 10136 0.138135 0.653275 29.6883 0.653275 29.6883 76966 0 0.0451244
30.1563 11584 2896 0.147911 0.277824 29.5663 0.277824 29.5663 76969 0 0.0474796
30.269 14480 8688 0.137426 1.02777 29.46 1.02777 29.46 76979 0 0.0450884
30.3793 18824 11584 0.129114 0.839874 29.356 0.839874 29.356 76987 0 0.0435842
30.3803 24616 15928 0.121439 132.557 29.3593 132.557 29.3593 76998 0 0.0421534
30.5126 31856 21720 0.127465 1.40098 29.2381 1.40098 29.2381 77014 0 0.0423615
30.6427 39096 28960 0.137974 1.86935 29.1219 1.86935 29.1219 77035 0 0.0431437
30.7672 49232 36200 0.129605 2.32637 29.0134 2.32637 29.0134 77060 0 0.0412594
30.8941 60816 46336 0.136068 3.01265 28.9067 3.01265 28.9067 77093 0 0.0412351
31.0357 75296 57920 0.134531 3.27351 28.7897 3.27351 28.7897 77133 0 0.039988
31.1964 86880 72400 0.148202 3.60257 28.6599 3.60257 28.6599 77183 0 0.0406682
31.369 92672 83984 0.164016 3.89379 28.5237 3.89379 28.5237 77241 0 0.0424222
31.5439 95568 89776 0.173749 4.10515 28.3883 4.10515 28.3883 77303 0 0.0439508
31.5514 98464 92672 0.175666 99.5146 28.4051 99.5146 28.4051 77367 0 0.0441191
31.7229 102808 95568 0.171735 4.45881 28.2756 4.45881 28.2756 77433 0 0.0429738
31.8905 108600 99912 0.167929 4.76841 28.1521 4.76841 28.1521 77502 0 0.0417609
32.0571 115840 105704 0.167277 5.14344 28.0325 5.14344 28.0325 77576 0 0.041121
32.2252 121632 112944 0.168744 5.44387 27.9146 5.44387 27.9146 77655 0 0.0407446
32.395 127424 118736 0.170105 5.59462 27.7976 5.59462 27.7976 77737 0 0.0405202
32.5659 133216 124528 0.171034 5.83039 27.6824 5.83039 27.6824 77823 0 0.040208
32.7368 139008 130320 0.171148 6.10157 27.5697 6.10157 27.5697 77913 0 0.0397204
32.9073 144800 136112 0.170791 6.38622 27.46 6.38622 27.46 78007 0 0.0391332
33.0779 152040 141904 0.170761 6.65329 27.3527 6.65329 27.3527 78105 0 0.0386567
33.2486 159280 149144 0.17098 6.98782 27.2481 6.98782 27.2481 78208 0 0.038083
33.4201 165072 156384 0.172525 7.36379 27.1461 7.36379 27.1461 78317 0 0.0377796
33.5919 172312 162176 0.172078 7.55059 27.0458 7.55059 27.0458 78429 0 0.0372261
33.7639 179552 169416 0.172153 7.88215 26.9482 7.88215 26.9482 78546 0 0.0366414
33.9361 185344 176656 0.173528 8.2748 26.8535 8.2748 26.8535 78669 0 0.0363242
34.1084 192584 182448 0.172613 8.47071 26.7606 8.47071 26.7606 78795 0 0.0356808
34.2794 199824 189688 0.171363 8.87493 26.6714 8.87493 26.6714 78926 0 0.0348201
34.4495 207064 196928 0.171893 9.3273 26.5857 9.3273 26.5857 79063 0 0.0343653
34.6201 215752 204168 0.170784 9.57259 26.5019 9.57259 26.5019 79204 0 0.0335936
34.7922 222992 212856 0.173874 9.96362 26.4201 9.96362 26.4201 79352 0 0.0335778
34.9656 228784 220096 0.175146 10.2217 26.3398 10.2217 26.3398 79505 0 0.033286
35.138 237472 225888 0.172817 10.4802 26.2619 10.4802 26.2619 79661 0 0.0323957
35.3101 246160 234576 0.172396 10.9061 26.1871 10.9061 26.1871 79823 0 0.0316585
35.4823 254848 243264 0.172613 11.3022 26.1149 11.3022 26.1149 79991 0 0.0310758
35.6554 263536 251952 0.173346 11.6408 26.0446 11.6408 26.0446 80165 0 0.0306207
35.828 273672 260640 0.172909 12.0842 25.9774 12.0842 25.9774 80345 0 0.0299603
36.0008 283808 270776 0.173088 12.5366 25.9128 12.5366 25.9128 80532 0 0.0293025
36.1733 291048 280912 0.176296 13.0912 25.8517 13.0912 25.8517 80727 0 0.0292655
36.3461 302632 288152 0.173087 13.3411 25.7922 13.3411 25.7922 80926 0 0.0281955
36.5193 308424 299736 0.177359 13.9155 25.7359 13.9155 25.7359 81134 0 0.0282496
36.6927 314216 305528 0.177413 14.1634 25.6812 14.1634 25.6812 81346 0 0.0278938
36.8657 320008 311320 0.177176 14.4607 25.6285 14.4607 25.6285 81562 0 0.0274745
37.0386 327248 317112 0.176938 14.7387 25.5777 14.7387 25.5777 81782 0 0.0270932
37.2119 334488 324352 0.177132 15.0424 25.5287 15.0424 25.5287 82007 0 0.0266967
37.3853 344624 331592 0.173815 15.2992 25.4812 15.2992 25.4812 82236 0 0.0255857
37.5595 348968 341728 0.178715 15.7572 25.4361 15.7572 25.4361 82473 0 0.02598
37.7339 359104 346072 0.174582 15.8792 25.3919 15.8792 25.3919 82712 0 0.024914
37.9082 363448 356208 0.179539 16.4107 25.3506 16.4107 25.3506 82959 0 0.0253504
38.0828 373584 360552 0.174956 16.5208 25.3102 16.5208 25.3102 83208 0 0.0241829
38.257 376480 370688 0.180169 17.0869 25.2727 17.0869 25.2727 83465 0 0.0246869
38.4316 386616 373584 0.174925 17.118 25.2357 17.118 25.2357 83723 0 0.023466
38.6059 396752 383720 0.174656 17.6188 25.2013 17.6188 25.2013 83988 0 0.022869
38.7808 398200 393856 0.182275 18.0759 25.1691 18.0759 25.1691 84261 0 0.0239744
38.9555 408336 395304 0.175376 18.1008 25.1374 18.1008 25.1374 84534 0 0.0224408
39.13 409784 405440 0.18274 18.6569 25.1085 18.6569 25.1085 84815 0 0.0235114
39.3042 421368 406888 0.174886 18.6826 25.0801 18.6826 25.0801 85096 0 0.0218089
39.4785 419920 418472 0.183616 19.281 25.0545 19.281 25.0545 85386 0 0.0231006
39.6529 418472 417024 0.183952 19.188 25.0286 19.188 25.0286 85675 0 0.0232521
39.8264 431504 415576 0.17419 19.1608 25.0031 19.1608 25.0031 85962 0 0.0212944
40.0003 428608 428608 0.184141 19.7873 24.9804 19.7873 24.9804 86259 0 0.0227713
40.0313 5792 425712 0.175011 95.6575 25.0351 95.6575 25.0351 86515 0 0.338525
40.2053 382272 5792 0.174761 0 24.9268 0 24.9268 86515 0 0.304532
40.3165 509696 379376 0.16673 27.5144 24.9339 27.5144 24.9339 86779 0 0.0500249
40.3479 595128 506800 0.140691 128.785 25.015 128.785 25.015 87129 0 0.0236923
40.4318 765992 592232 0.0841011 56.4668 25.0802 56.4668 25.0802 87538 0 0.0542522
40.6176 584992 763096 0.186017 32.9248 25.1161 32.9248 25.1161 88066 0 0.0741342
40.8431 402544 582096 0.225743 20.6985 25.0917 20.6985 25.0917 88469 0 0.088653
41.028 308424 399648 0.185045 17.3002 25.0566 17.3002 25.0566 88745 0 0.0401134
41.1666 280912 305528 0.138919 17.6269 25.0316 17.6269 25.0316 88956 0 0.0216222
41.3574 279464 278016 0.121192 11.7167 24.9702 11.7167 24.9702 89149 0 0.0195895
41.3805 309872 276568 0.10323 95.9027 25.0097 95.9027 25.0097 89340 0 0.0194513
41.4865 337384 306976 0.106227 23.2814 25.0053 23.2814 25.0053 89553 0 0.0174395
41.6078 335936 334488 0.121464 22.049 24.9967 22.049 24.9967 89784 0 0.0160589
41.7482 304080 333040 0.140557 19.0664 24.9767 19.0664 24.9767 90015 0 0.0206566
41.8979 263536 301184 0.149955 16.0933 24.945 16.0933 24.945 90223 0 0.0253386
42.0459 230232 260640 0.148238 14.0851 24.9068 14.0851 24.9068 90403 0 0.026787
42.1891 205616 227336 0.1434 12.7083 24.8654 12.7083 24.8654 90560 0 0.0274588
42.4549 173760 202720 0.157054 6.14515 24.7482 6.14515 24.7482 90701 0 0.0325225
42.4717 156384 170864 0.141558 81.2555 24.7706 81.2555 24.7706 90819 0 0.031039
42.6141 140456 153488 0.142672 8.62355 24.7166 8.62355 24.7166 90925 0 0.0325889
42.758 124528 137560 0.14429 7.64479 24.6591 7.64479 24.6591 91020 0 0.0342284
43.04 102808 121632 0.163172 3.49144 24.5204 3.49144 24.5204 91105 0 0.0395612
43.0501 91224 99912 0.146548 79.1897 24.5333 79.1897 24.5333 91174 0 0.0377817
43.3349 75296 88328 0.163762 2.52198 24.3886 2.52198 24.3886 91236 0 0.0423507
43.4823 62264 72400 0.164065 4.00705 24.3195 4.00705 24.3195 91287 0 0.0437815
43.4884 55024 59368 0.146892 79.0519 24.3271 79.0519 24.3271 91328 0 0.0415615
43.7783 44888 52128 0.164856 1.47823 24.1757 1.47823 24.1757 91365 0 0.0458102
43.7805 43440 41992 0.154494 58.8962 24.1774 58.8962 24.1774 91376 0 0.0445791
43.7806 41992 41992 0.154494 96.4048 24.1776 0 24.1774 91377 1 0.0445791
43.7807 41005 40544 0.154494 0 24.1776 0 24.1773 91377 1 0.0447231
43.7808 40193 39096 0.154494 0 24.1775 0 24.1772 91377 1 0.0448688
43.7809 39382 37648 0.154494 0 24.1774 0 24.1772 91377 1 0.0450153
43.7811 38570 37648 0.154494 96.4048 24.1776 0 24.1771 91378 2 0.0450153
43.7812 37758 36200 0.154494 0 24.1776 0 24.177 91378 2 0.0451622
43.7813 36946 36200 0.154494 96.4048 24.1778 0 24.177 91379 3 0.0451622
43.7814 36135 34752 0.154494 0 24.1777 0 24.1769 91379 3 0.0453093
43.7815 35323 33304 0.154494 0 24.1776 0 24.1768 91379 3 0.0454568
43.7817 34511 33304 0.154494 96.4048 24.1778 0 24.1768 91380 4 0.0454568
43.7818 33699 31856 0.154494 0 24.1778 0 24.1767 91380 4 0.0456045
43.7819 32888 31856 0.154494 96.4048 24.178 0 24.1766 91381 5 0.0456045
43.782 32076 30408 0.154494 0 24.1779 0 24.1766 91381 5 0.0457525
43.7821 31264 30408 0.154494 96.4048 24.1781 0 24.1765 91382 6 0.0457525
43.7823 30452 28960 0.154494 0 24.178 0 24.1764 91382 6 0.0459009
43.7824 29641 28960 0.154494 96.4048 24.1782 0 24.1764 91383 7 0.0459009
43.7825 28829 27512 0.154494 0 24.1782 0 24.1763 91383 7 0.0460495
43.7826 28017 26064 0.154494 0 24.1781 0 24.1762 91383 7 0.0461985
43.9275 27205 26064 0.154494 0.0799376 24.0986 0 24.0965 91384 8 0.0461985
43.9277 26394 24616 0.154494 0 24.0985 0 24.0964 91384 8 0.0463477
43.9278 25582 24616 0.154494 96.4048 24.0987 0 24.0964 91385 9 0.0463477
43.9279 24770 23168 0.154494 0 24.0987 0 24.0963 91385 9 0.0464972
43.928 23958 23168 0.154494 96.4048 24.0989 0 24.0962 91386 10 0.0464972
43.9281 23147 21720 0.154494 0 24.0988 0 24.0962 91386 10 0.0466471
43.9283 20996 20272 0.154494 0 24.0987 0 24.0961 91386 10 0.0468042
43.9284 20272 18824 0.154494 0 24.0987 0 24.096 91386 10 0.0469474
43.9289 20996 18824 0.154494 96.5361 24.0995 0 24.0958 91390 14 0.0469474
43.9289 17376 18824 0.154494 96.5361 24.0995 0 24.0958 91390 14 0.0469697
44.0761 14480 14480 0.162566 0.865676 24.0219 0.865676 24.0182 91401 14 0.0490051
44.2242 13032 11584 0.155439 0.625497 23.9435 0.625497 23.9398 91409 14 0.0478862
44.3738 11584 10136 0.152829 0.542035 23.8646 0.542035 23.8609 91416 14 0.0475472
44.5239 13032 8688 0.167955 0.540299 23.786 0.540299 23.7823 91423 14 0.0507367
44.6738 11584 10136 0.162029 0.540732 23.7079 0.540732 23.7043 91430 14 0.0493397
44.8251 13032 8688 0.176105 0.536008 23.6297 0.536008 23.6261 91437 14 0.0525629
44.8259 11584 10136 0.167819 112.472 23.6312 112.472 23.6276 91444 14 0.0505547
44.9781 13032 8688 0.161398 0.532623 23.553 0.532623 23.5494 91451 14 0.0493639
45.1296 11584 10136 0.158296 0.535157 23.4757 0.535157 23.4721 91458 14 0.0485919
45.2816 13032 8688 0.170058 0.533465 23.3987 0.533465 23.3951 91465 14 0.0511951
45.4307 11584 10136 0.163394 0.543782 23.3237 0.543782 23.3201 91472 14 0.0496202
45.5787 13032 8688 0.173596 0.548199 23.2498 0.548199 23.2462 91479 14 0.0519864
45.7266 11584 10136 0.165147 0.548199 23.1763 0.548199 23.1728 91486 14 0.0499858
45.8765 13032 8688 0.176881 0.540732 23.1023 0.540732 23.0988 91493 14 0.0527436
45.8773 11584 10136 0.168008 112.472 23.1037 112.472 23.1002 91500 14 0.0505957
46.0311 13032 8688 0.162212 0.527214 23.0283 0.527214 23.0248 91507 14 0.0495296
46.1862 11584 10136 0.159956 0.522722 22.9527 0.522722 22.9492 91514 14 0.0489211
46.3424 13032 8688 0.173208 0.519103 22.8771 0.519103 22.8736 91521 14 0.0518984
46.4938 11584 10136 0.166465 0.535582 22.8043 0.535582 22.8009 91528 14 0.0502648
46.6452 13032 8688 0.176886 0.535582 22.7321 0.535582 22.7286 91535 14 0.0527446
46.795 11584 10136 0.168341 0.541166 22.661 0.541166 22.6575 91542 14 0.0506677
46.9481 13032 8688 0.179876 0.529697 22.5888 0.529697 22.5854 91549 14 0.0534527
46.9488 11584 10136 0.171005 112.472 22.5902 112.472 22.5868 91556 14 0.051252
47.105 13032 8688 0.164921 0.519103 22.517 0.519103 22.5136 91563 14 0.0500907
47.2591 11584 10136 0.161441 0.526391 22.4454 0.526391 22.4419 91570 14 0.0492201
47.4106 13032 8688 0.172344 0.535157 22.3753 0.535157 22.3719 91577 14 0.0517036
47.5638 11584 10136 0.165768 0.529281 22.305 0.529281 22.3016 91584 14 0.0501167
47.7171 13032 8688 0.177523 0.528866 22.235 0.528866 22.2316 91591 14 0.052894
47.8718 11584 10136 0.169678 0.524346 22.1649 0.524346 22.1615 91598 14 0.0509592
48.0276 13032 8688 0.182979 0.520303 22.0946 0.520303 22.0912 91605 14 0.0542063
48.0284 11584 10136 0.173978 112.472 22.096 112.472 22.0926 91612 14 0.0519209
48.1818 13032 8688 0.165586 0.528452 22.0273 0.528452 22.0239 91619 14 0.0502308
48.3336 11584 10136 0.161101 0.53431 21.9598 0.53431 21.9564 91626 14 0.0491514
48.4877 13032 8688 0.172542 0.525981 21.8917 0.525981 21.8883 91633 14 0.0517481
48.6411 11584 10136 0.166312 0.528866 21.8243 0.528866 21.821 91640 14 0.0502322
48.797 13032 8688 0.178545 0.519903 21.7562 0.519903 21.7529 91647 14 0.0531354
48.9524 11584 10136 0.171104 0.521913 21.6888 0.521913 21.6855 91654 14 0.0512739
49.1093 13032 8688 0.184174 0.516718 21.6212 0.516718 21.6179 91661 14 0.0545016
49.11 11584 10136 0.175204 112.472 21.6225 112.472 21.6192 91668 14 0.0522019
49.2647 13032 8688 0.16676 0.524346 21.5563 0.524346 21.553 91675 14 0.05048
49.4179 11584 10136 0.162314 0.529281 21.4911 0.529281 21.4878 91682 14 0.0493979
49.5704 13032 8688 0.17309 0.531784 21.4266 0.531784 21.4233 91689 14 0.0518717
49.7242 11584 10136 0.166597 0.527214 21.362 0.527214 21.3587 91696 14 0.0502929
49.8801 13032 8688 0.178713 0.519903 21.2968 0.519903 21.2936 91703 14 0.053175
50.038 5792 10136 0.171591 0.513572 21.2312 0.513572 21.228 91710 14 0.0514718
50.1969 11584 2896 0.185717 0.21877 21.1647 0.21877 21.1615 91713 14 0.055556
50.3283 14480 8688 0.17057 0.881214 21.1117 0.881214 21.1085 91723 14 0.0513193
50.4186 18824 11584 0.152479 1.02657 21.0758 1.02657 21.0726 91731 14 0.0473599
50.4196 24616 15928 0.126954 132.557 21.0779 132.557 21.0747 91742 14 0.0428616
50.5722 30408 21720 0.141137 1.21455 21.018 1.21455 21.0148 91758 14 0.0443597
50.7486 33304 27512 0.17175 1.31342 20.9495 1.31342 20.9463 91778 14 0.0496222
50.9031 34752 30408 0.174501 1.64923 20.8909 1.64923 20.8877 91800 14 0.0499365
51.0321 40544 31856 0.155101 2.06453 20.8433 2.06453 20.8401 91823 14 0.0457781
51.1447 53576 37648 0.127264 2.67505 20.8033 2.67505 20.8001 91849 14 0.0409114
51.2529 70952 50680 0.113552 3.74908 20.7673 3.74908 20.7641 91884 14 0.0381814
51.3878 83984 68056 0.12939 4.1206 20.7236 4.1206 20.7204 91932 14 0.038187
51.5425 88328 81088 0.154651 4.26968 20.6742 4.26968 20.6711 91989 14 0.0408105
51.7037 91224 85432 0.157734 4.23836 20.623 4.23836 20.6198 92048 14 0.0409731
51.8609 88328 88328 0.175103 4.56965 20.5743 4.56965 20.5712 92110 14 0.0443968
52.0119 86880 85432 0.170095 4.60166 20.5279 4.60166 20.5248 92170 14 0.043531
52.1594 88328 83984 0.164065 4.6356 20.483 4.6356 20.4799 92229 14 0.0423765
52.3076 95568 85432 0.147986 4.60931 20.438 4.60931 20.4349 92288 14 0.0392409
52.4593 97016 92672 0.165047 4.96538 20.3933 4.96538 20.3902 92353 14 0.0417643
52.6131 102808 94120 0.152769 4.89556 20.348 4.89556 20.3449 92418 14 0.0392562
52.7674 99912 99912 0.172537 5.25571 20.3039 5.25571 20.3008 92488 14 0.042732
52.9212 97016 97016 0.173411 5.1215 20.2597 5.1215 20.2567 92556 14 0.0431979
53.074 95568 94120 0.172117 5.00214 20.2158 5.00214 20.2127 92622 14 0.0431644
53.226 94120 92672 0.171132 4.95361 20.1722 4.95361 20.1692 92687 14 0.0430798
53.2337 99912 91224 0.152267 94.8985 20.183 94.8985 20.18 92750 14 0.039434
53.3862 105704 97016 0.152746 5.1659 20.1401 5.1659 20.1371 92818 14 0.0389824
53.5405 110048 102808 0.154891 5.40588 20.0976 5.40588 20.0946 92890 14 0.0388233
53.695 114392 107152 0.155028 5.62236 20.056 5.62236 20.053 92965 14 0.0384507
53.8495 120184 111496 0.154804 5.77229 20.015 5.77229 20.012 93042 14 0.0380385
54.0037 125976 117288 0.154677 6.16149 19.9755 6.16149 19.9724 93124 14 0.0374909
54.1574 131768 123080 0.154254 6.48226 19.9372 6.48226 19.9342 93210 14 0.0368922
54.3118 137560 128872 0.154978 6.75209 19.8997 6.75209 19.8967 93300 14 0.0365152
54.4668 143352 134664 0.155524 7.02485 19.863 7.02485 19.8601 93394 14 0.0361099
54.6213 150592 140456 0.155127 7.34656 19.8276 7.34656 19.8247 93492 14 0.0355632
54.7308 199824 147696 0.110728 10.8998 19.8098 10.8998 19.8068 93595 14 0.0326793
54.827 264984 196928 0.0967514 16.3684 19.8037 16.3684 19.8008 93731 14 0.0306509
54.9538 291048 262088 0.126458 16.5396 19.7962 16.5396 19.7932 93912 14 0.022553
55.1139 273672 288152 0.159965 14.4752 19.7807 14.4752 19.7778 94112 14 0.025698
55.2814 249056 270776 0.168073 13.0015 19.7602 13.0015 19.7573 94300 14 0.0290881
55.4371 237472 246160 0.15662 12.7201 19.7404 12.7201 19.7375 94471 14 0.0276258
55.5807 238920 234576 0.144122 13.0691 19.7232 13.0691 19.7203 94633 14 0.0259717
55.7204 244712 236024 0.140022 13.5116 19.7076 13.5116 19.7047 94796 14 0.0252486
55.8626 247608 241816 0.142832 13.6906 19.6923 13.6906 19.6894 94964 14 0.0252406
56.0083 246160 244712 0.146394 13.511 19.6762 13.511 19.6733 95134 14 0.0256235
56.1559 243264 243264 0.148172 13.2674 19.6594 13.2674 19.6565 95303 14 0.0260492
56.303 241816 240368 0.147317 13.0745 19.6422 13.0745 19.6393 95469 14 0.0260972
56.4491 240368 238920 0.146339 13.0812 19.6252 13.0812 19.6223 95634 14 0.0260326
56.5947 238920 237472 0.146655 13.1244 19.6085 13.1244 19.6056 95799 14 0.0261926
56.7402 240368 236024 0.145746 12.976 19.5915 12.976 19.5886 95962 14 0.0261417
56.8859 238920 237472 0.146579 13.1244 19.5749 13.1244 19.5721 96127 14 0.0261794
57.0322 237472 236024 0.146592 12.9015 19.5578 12.9015 19.5549 96290 14 0.0262874
57.1783 236024 234576 0.147259 12.9227 19.5408 12.9227 19.538 96453 14 0.0265094
57.3247 234576 233128 0.146563 12.7432 19.5235 12.7432 19.5206 96614 14 0.0264947
57.471 233128 231680 0.14756 12.7432 19.5062 12.7432 19.5034 96775 14 0.0267748
57.6173 231680 230232 0.146562 12.5952 19.4887 12.5952 19.4858 96934 14 0.0267079
57.7638 230232 228784 0.14778 12.5745 19.4711 12.5745 19.4683 97093 14 0.0270275
57.9102 228784 227336 0.146634 12.4164 19.4533 12.4164 19.4505 97250 14 0.0269351
58.0568 225888 225888 0.14809 12.4062 19.4355 12.4062 19.4327 97407 14 0.0273086
58.2032 224440 222992 0.146584 12.1891 19.4173 12.1891 19.4145 97561 14 0.0272508
58.3497 222992 221544 0.14672 12.1 19.3989 12.1 19.3961 97714 14 0.0273829
58.4961 220096 220096 0.148361 12.1 19.3806 12.1 19.3778 97867 14 0.0277905
58.6428 218648 217200 0.146915 11.8433 19.3618 11.8433 19.359 98017 14 0.0277446
58.7893 217200 215752 0.146764 11.7837 19.3429 11.7837 19.3401 98166 14 0.0278284
58.9359 214304 214304 0.148893 11.774 19.3241 11.774 19.3213 98315 14 0.0283237
59.0824 212856 211408 0.146723 11.5464 19.3048 11.5464 19.302 98461 14 0.0281526
59.2291 211408 209960 0.146899 11.4486 19.2853 11.4486 19.2826 98606 14 0.0282942
59.3764 207064 208512 0.150371 11.4019 19.2658 11.4019 19.263 98751 14 0.029051
59.5234 205616 204168 0.147217 11.1145 19.2456 11.1145 19.2429 98892 14 0.0287969
59.6697 201272 202720 0.150005 11.1602 19.2258 11.1602 19.2231 99033 14 0.0294332
59.8157 199824 198376 0.14622 10.8703 19.2054 10.8703 19.2027 99170 14 0.0290759
59.962 195480 196928 0.149916 10.8525 19.185 10.8525 19.1823 99307 14 0.0298706
60.106 5792 192584 0.14632 9.08569 19.1608 9.08569 19.1581 99420 14 0.0935134
60.2527 159280 2896 0.162738 0.236867 19.1147 0.236867 19.1121 99423 14 0.0921286
60.3471 211408 156384 0.143715 13.7546 19.1064 13.7546 19.1037 99535 14 0.0368971
60.4414 275120 208512 0.104317 17.6782 19.1041 17.6782 19.1015 99679 14 0.0300308
60.4587 363448 272224 0.098985 125.862 19.1347 125.862 19.132 99867 14 0.0316223
60.6161 346072 360552 0.157551 18.3243 19.1326 18.3243 19.1299 100116 14 0.0208383
60.7864 314216 343176 0.170585 16.1922 19.1244 16.1922 19.1217 100354 14 0.0258023
60.9336 312768 311320 0.147445 16.9987 19.1192 16.9987 19.1166 100570 14 0.0213349
61.0595 346072 309872 0.126198 19.7777 19.1206 19.7777 19.1179 100785 14 0.0201291
61.1801 395304 343176 0.120738 22.7796 19.1278 22.7796 19.1251 101022 14 0.0197674
61.309 430056 392408 0.129162 24.4381 19.139 24.4381 19.1363 101294 14 0.0160235
61.4519 437296 427160 0.14303 23.9998 19.1503 23.9998 19.1476 101590 14 0.0143987
61.6054 422816 434400 0.153809 22.7057 19.1591 22.7057 19.1565 101891 14 0.0162558
61.7627 402544 419920 0.157524 21.3578 19.1647 21.3578 19.1621 102181 14 0.0179893
61.9178 386616 399648 0.155315 20.6102 19.1683 20.6102 19.1657 102457 14 0.0182646
62.07 376480 383720 0.152285 20.1795 19.1708 20.1795 19.1682 102722 14 0.0182395
62.2215 366344 373584 0.151882 19.8008 19.1723 19.8008 19.1697 102981 14 0.0187006
62.374 356208 363448 0.152609 19.0682 19.1721 19.0682 19.1695 103232 14 0.0193846
62.5289 343176 353312 0.155032 18.3236 19.17 18.3236 19.1674 103477 14 0.0205232
62.6847 328696 340280 0.156081 17.4673 19.1658 17.4673 19.1632 103712 14 0.0215418
62.8415 314216 325800 0.157099 16.6954 19.1596 16.6954 19.157 103938 14 0.0225972
63.0011 296840 311320 0.159745 15.6803 19.1508 15.6803 19.1482 104154 14 0.0241705
63.1617 279464 293944 0.160986 14.7095 19.1395 14.7095 19.1369 104358 14 0.0255251
63.2747 334488 276568 0.113113 19.6912 19.1405 19.6912 19.1379 104550 14 0.0241422
63.3944 383720 331592 0.11989 22.2622 19.1464 22.2622 19.1438 104780 14 0.0203448
63.544 377928 380824 0.149846 20.4425 19.1494 20.4425 19.1469 105044 14 0.0178238
63.716 340280 375032 0.172309 17.5037 19.145 17.5037 19.1424 105304 14 0.0251313
63.8904 304080 337384 0.174602 15.547 19.1352 15.547 19.1326 105538 14 0.0275701
64.0538 282360 301184 0.163656 14.8151 19.1241 14.8151 19.1216 105747 14 0.0259075
64.2098 270776 279464 0.1562 14.3345 19.1125 14.3345 19.11 105940 14 0.0252374
64.3653 259192 267880 0.155764 13.8573 19.0998 13.8573 19.0973 106126 14 0.0259384
64.5236 246160 256296 0.158527 13.0198 19.0849 13.0198 19.0824 106304 14 0.0273423
64.8257 217200 243264 0.178625 6.48067 19.0261 6.48067 19.0236 106473 14 0.0338229
64.8459 204168 214304 0.161706 84.928 19.0467 84.928 19.0442 106621 14 0.0310528
65.0058 192584 201272 0.160152 10.0678 19.0246 10.0678 19.0221 106760 14 0.0316807
65.3094 170864 189688 0.177535 5.03778 18.9596 5.03778 18.9571 106892 14 0.0369784
65.4711 150592 167968 0.178652 8.37991 18.9334 8.37991 18.931 107009 14 0.0388986
65.485 141904 147696 0.160138 84.7697 18.9474 84.7697 18.945 107111 14 0.0359587
65.6447 133216 139008 0.159908 6.96378 18.9183 6.96378 18.9158 107207 14 0.0366624
65.8054 124528 130320 0.160906 6.48948 18.8879 6.48948 18.8855 107297 14 0.0376231
65.9673 115840 121632 0.162234 6.00742 18.8563 6.00742 18.8539 107381 14 0.038664
66.1302 108600 112944 0.163058 5.5495 18.8236 5.5495 18.8211 107459 14 0.0395738
66.2933 101360 105704 0.163487 5.18229 18.79 5.18229 18.7875 107532 14 0.0403222
66.6114 88328 98464 0.18288 2.51301 18.7123 2.51301 18.7098 107601 14 0.045588
66.6196 82536 85432 0.163418 83.6453 18.7202 83.6453 18.7178 107660 14 0.0421612
66.9385 70952 79640 0.18249 2.03416 18.6407 2.03416 18.6383 107716 14 0.0471984
67.1029 62264 68056 0.183233 3.38262 18.6034 3.38262 18.6009 107764 14 0.0483905
67.2676 53576 59368 0.184329 2.95332 18.565 2.95332 18.5626 107806 14 0.0495099
67.4323 46336 50680 0.185471 2.53142 18.5259 2.53142 18.5234 107842 14 0.050613
67.5972 40544 43440 0.186263 2.17824 18.486 2.17824 18.4836 107873 14 0.0515027
67.6008 37648 37648 0.167317 83.5508 18.4895 83.5508 18.4871 107899 14 0.047617
67.7654 34752 34752 0.165257 1.68884 18.4486 1.68884 18.4462 107923 14 0.0474729
67.9308 31856 31856 0.165571 1.54136 18.4075 1.54136 18.4051 107945 14 0.0478344
68.0965 30408 28960 0.165806 1.39818 18.3661 1.39818 18.3637 107965 14 0.0481691
68.2622 28960 27512 0.165885 1.32827 18.3247 1.32827 18.3224 107984 14 0.0483345
68.428 26064 26064 0.172169 1.32731 18.2836 1.32731 18.2812 108003 14 0.0498649
68.5936 24616 23168 0.167722 1.11936 18.2421 1.11936 18.2398 108019 14 0.0491746
68.7595 23168 21720 0.166743 1.04712 18.2006 1.04712 18.1983 108034 14 0.0491146
68.9257 20272 20272 0.174507 1.04561 18.1593 1.04561 18.1569 108049 14 0.0509936
69.0921 18824 17376 0.169718 0.835276 18.1175 0.835276 18.1152 108061 14 0.0502098
69.2584 17376 15928 0.16804 0.766223 18.0759 0.766223 18.0735 108072 14 0.0499955
69.4248 15928 14480 0.177783 0.76567 18.0344 0.76567 18.032 108083 14 0.052347
69.5911 14480 13032 0.172326 0.62691 17.9928 0.62691 17.9904 108092 14 0.0512428
69.7576 13032 11584 0.181738 0.626457 17.9513 0.626457 17.949 108101 14 0.0535978
69.9242 11584 10136 0.17553 0.486542 17.9097 0.486542 17.9074 108108 14 0.052277
70.0912 10136 8688 0.186135 0.485492 17.8682 0.485492 17.8659 108115 14 0.0549925
70.2577 5792 7240 0.183743 0.0696063 17.826 0.0696063 17.8237 108116 14 0.0545774
70.4144 8688 2896 0.197717 0.22179 17.7869 0.22179 17.7846 108119 14 0.0586725
70.5116 11584 5792 0.170119 0.952994 17.7636 0.952994 17.7613 108127 14 0.0515256
70.6743 14480 8688 0.161453 0.5696 17.7241 0.5696 17.7218 108135 14 0.0493862
70.8554 18824 11584 0.164213 0.511771 17.6801 0.511771 17.6778 108143 14 0.0496679
70.8563 23168 15928 0.171394 132.557 17.6816 132.557 17.6793 108154 14 0.0507613
71.0129 30408 20272 0.163198 1.1098 17.6451 1.1098 17.6428 108169 14 0.0486098
71.143 41992 27512 0.146564 1.69131 17.6159 1.69131 17.6136 108188 14 0.0448512
71.2581 55024 39096 0.136878 2.81768 17.592 2.81768 17.5897 108216 14 0.0421507
71.3913 68056 52128 0.136059 3.21929 17.5652 3.21929 17.5629 108253 14 0.0407198
71.5417 81088 65160 0.141157 3.46503 17.5356 3.46503 17.5333 108298 14 0.04024
71.7047 85432 78192 0.168205 3.91022 17.5046 3.91022 17.5023 108353 14 0.0438363
71.8701 92672 82536 0.164704 3.99061 17.4735 3.99061 17.4712 108410 14 0.0427366
72.0325 94120 89776 0.180245 4.49556 17.4442 4.49556 17.442 108473 14 0.0454596
72.1926 102808 91224 0.162701 4.55627 17.4156 4.55627 17.4134 108536 14 0.041543
72.3532 105704 99912 0.177367 5.05115 17.3882 5.05115 17.386 108606 14 0.0438424
72.488 110048 102808 0.172179 6.1864 17.3674 6.1864 17.3651 108678 14 0.0424031
72.6134 128872 107152 0.147218 6.92563 17.3493 6.92563 17.3471 108753 14 0.0376238
72.7677 165072 125976 0.129621 6.5321 17.3264 6.5321 17.3242 108840 14 0.0348679
72.9512 169416 162176 0.177808 7.13408 17.3008 7.13408 17.2985 108953 14 0.0384838
72.9647 167968 166520 0.186542 98.9871 17.3158 98.9871 17.3136 109068 14 0.0402262
73.1573 163624 165072 0.192924 6.91613 17.2884 6.91613 17.2862 109183 14 0.0420325
73.339 165072 160728 0.1818 7.07734 17.2632 7.07734 17.2609 109294 14 0.0395317
73.5127 170864 162176 0.174004 7.53371 17.2402 7.53371 17.238 109407 14 0.0376282
73.6809 181000 167968 0.168404 7.98783 17.219 7.98783 17.2168 109523 14 0.0360238
73.8493 192584 178104 0.168656 8.4638 17.1991 8.4638 17.1969 109646 14 0.0353025
74.0225 199824 189688 0.173512 8.82485 17.1795 8.82485 17.1773 109778 14 0.0353035
74.1998 204168 196928 0.177444 8.95421 17.1598 8.95421 17.1576 109915 14 0.0355787
74.3792 208512 201272 0.179583 8.9754 17.1401 8.9754 17.1379 110054 14 0.0357453
74.5573 212856 205616 0.17849 9.30222 17.1214 9.30222 17.1192 110197 14 0.0351474
74.7343 218648 209960 0.177264 9.48995 17.1033 9.48995 17.1011 110342 14 0.0345496
74.911 224440 215752 0.177023 9.83054 17.0861 9.83054 17.084 110492 14 0.0340505
75.0892 228784 221544 0.178469 10.011 17.0693 10.011 17.0672 110646 14 0.0339273
75.268 233128 225888 0.17915 10.1717 17.053 10.1717 17.0508 110803 14 0.0337639
75.4451 238920 230232 0.177329 10.3992 17.0373 10.3992 17.0352 110962 14 0.0330371
75.6227 244712 236024 0.177908 10.6971 17.0224 10.6971 17.0203 111126 14 0.0327475
75.8002 250504 241816 0.177715 10.9655 17.0083 10.9655 17.0061 111294 14 0.032281
75.9791 254848 247608 0.179251 11.1361 16.9944 11.1361 16.9923 111466 14 0.0322025
76.159 259192 251952 0.180171 11.2698 16.9809 11.2698 16.9788 111641 14 0.0321139
76.3321 269328 256296 0.173359 11.8415 16.9693 11.8415 16.9671 111818 14 0.0303657
76.4828 306976 266432 0.151015 14.2224 16.9638 14.2224 16.9617 112003 14 0.027432
76.6393 341728 304080 0.156746 15.5492 16.961 15.5492 16.9588 112213 14 0.0256469
76.8139 353312 338832 0.174699 15.5256 16.9577 15.5256 16.9556 112447 14 0.0254164
77.0005 348968 350416 0.18685 15.0225 16.953 15.0225 16.9509 112689 14 0.0274786
77.1883 344624 346072 0.188113 14.7414 16.9476 14.7414 16.9455 112928 14 0.0280488
77.3706 346072 341728 0.182569 15.0613 16.9432 15.0613 16.9411 113165 14 0.02688
77.5484 353312 343176 0.178063 15.4378 16.9397 15.4378 16.9376 113402 14 0.0258014
77.7253 362000 350416 0.177237 15.9147 16.9374 15.9147 16.9353 113645 14 0.0252327
77.904 369240 359104 0.178791 16.0783 16.9354 16.0783 16.9333 113893 14 0.0250702
78.0837 373584 366344 0.179999 16.3038 16.934 16.3038 16.9319 114146 14 0.0249002
78.2646 377928 370688 0.181173 16.4625 16.9329 16.4625 16.9308 114403 14 0.0249476
78.445 382272 375032 0.180733 16.6237 16.9322 16.6237 16.9301 114662 14 0.0246083
78.6252 386616 379376 0.180426 16.9142 16.9321 16.9142 16.9301 114925 14 0.0243038
78.8052 390960 383720 0.180296 17.0543 16.9324 17.0543 16.9303 115190 14 0.0240449
78.9852 395304 388064 0.180385 17.3117 16.9333 17.3117 16.9312 115459 14 0.0238416
79.1656 399648 392408 0.180775 17.3939 16.9343 17.3939 16.9323 115730 14 0.0237134
79.3465 403992 396752 0.181195 17.6155 16.9359 17.6155 16.9338 116005 14 0.0235952
79.5272 408336 401096 0.180936 17.7554 16.9377 17.7554 16.9357 116282 14 0.0233156
79.7083 412680 405440 0.181585 17.9759 16.9401 17.9759 16.9381 116563 14 0.0232588
79.8897 415576 409784 0.18169 18.0679 16.9427 18.0679 16.9406 116846 14 0.0230542
80.0718 417024 412680 0.182336 18.1992 16.9455 18.1992 16.9435 117132 14 0.0230612
80.2536 419920 414128 0.182141 18.287 16.9486 18.287 16.9465 117419 14 0.0229554
80.2579 5792 417024 0.182038 101.761 16.9531 101.761 16.9511 117457 14 0.32767
80.4395 375032 5792 0.182285 0 16.9149 0 16.9128 117457 14 0.296717
80.5128 499560 372136 0.168566 40.9325 16.9367 40.9325 16.9347 117716 14 0.0495083
80.6821 502456 496664 0.119966 23.5321 16.9506 23.5321 16.9486 118060 14 0.00817467
80.898 369240 499560 0.201718 18.5621 16.9549 18.5621 16.9529 118406 14 0.0560933
81.088 250504 366344 0.234926 15.4882 16.9514 15.4882 16.9494 118660 14 0.0661297
81.2432 186792 247608 0.194836 12.8341 16.9436 12.8341 16.9416 118832 14 0.0433455
81.3772 156384 183896 0.159737 11.0671 16.9339 11.0671 16.9319 118960 14 0.0343806
81.5137 140456 153488 0.144084 9.08038 16.9207 9.08038 16.9187 119067 14 0.0328243
81.5265 131768 137560 0.134121 86.4005 16.9316 86.4005 16.9296 119162 14 0.0323006
81.8499 104256 128872 0.175812 3.22304 16.8774 3.22304 16.8754 119252 14 0.0421927
82.0451 76744 101360 0.203115 4.21474 16.8473 4.21474 16.8453 119323 14 0.0517463
82.0535 57920 73848 0.192995 70.2378 16.8528 70.2378 16.8508 119374 14 0.0508284
82.4143 41992 55024 0.210173 1.25201 16.7845 1.25201 16.7825 119413 14 0.0573489
82.4189 33304 39096 0.179969 68.4981 16.7873 68.4981 16.7854 119440 14 0.0504652
82.7536 26064 30408 0.191978 0.761273 16.7225 0.761273 16.7205 119462 14 0.0543335
82.9267 20272 23168 0.194981 1.13811 16.69 1.13811 16.688 119479 14 0.0558463
82.9286 15928 17376 0.180222 72.3036 16.6913 72.3036 16.6893 119491 14 0.0526548
83.1058 13032 13032 0.178625 0.588233 16.6569 0.588233 16.655 119500 14 0.0527089
83.4645 11584 10136 0.20167 0.258371 16.5865 0.258371 16.5845 119508 14 0.0590002
83.6424 13032 8688 0.214827 0.455969 16.5522 0.455969 16.5502 119515 14 0.0630539
83.6431 11584 10136 0.202672 112.472 16.553 112.472 16.551 119522 14 0.059285
83.8198 13032 8688 0.192048 0.458758 16.5191 0.458758 16.5171 119529 14 0.0565191
83.996 11584 10136 0.186751 0.460323 16.4854 0.460323 16.4834 119536 14 0.0549957
84.1732 13032 8688 0.199685 0.457514 16.4516 0.457514 16.4497 119543 14 0.0585942
84.3507 11584 10136 0.192431 0.456895 16.418 0.456895 16.416 119550 14 0.0564679
84.529 13032 8688 0.20586 0.45474 16.3843 0.45474 16.3824 119557 14 0.0603575
84.7066 11584 10136 0.19676 0.456586 16.3509 0.456586 16.349 119564 14 0.0576331
84.8848 13032 8688 0.211038 0.455046 16.3175 0.455046 16.3156 119571 14 0.0618948
84.8855 11584 10136 0.200228 112.472 16.3183 112.472 16.3164 119578 14 0.0585939
85.0632 13032 8688 0.19103 0.456277 16.2852 0.456277 16.2833 119585 14 0.0562512
85.2413 11584 10136 0.186838 0.455353 16.2521 0.455353 16.2502 119592 14 0.0550178
85.4199 13032 8688 0.200325 0.454128 16.2191 0.454128 16.2172 119599 14 0.0587736
85.5982 11584 10136 0.193177 0.45474 16.1863 0.45474 16.1844 119606 14 0.056666
85.7765 13032 8688 0.20667 0.45474 16.1536 0.45474 16.1517 119613 14 0.0605944
85.9545 11584 10136 0.197206 0.455661 16.1211 0.455661 16.1192 119620 14 0.0577555
86.1331 13032 8688 0.211743 0.453822 16.0886 0.453822 16.0867 119627 14 0.0621083
86.1339 11584 10136 0.20081 112.472 16.0894 112.472 16.0875 119634 14 0.0587574
86.3124 13032 8688 0.191605 0.454128 16.057 0.454128 16.0552 119641 14 0.0564023
86.4915 11584 10136 0.187554 0.452908 16.0247 0.452908 16.0229 119648 14 0.0551999
86.6707 13032 8688 0.201254 0.452301 15.9925 0.452301 15.9906 119655 14 0.0590352
86.8501 11584 10136 0.194034 0.451998 15.9604 0.451998 15.9586 119662 14 0.0568949
87.0298 13032 8688 0.207804 0.451394 15.9284 0.451394 15.9265 119669 14 0.0609285
87.2094 11584 10136 0.198627 0.451394 15.8965 0.451394 15.8947 119676 14 0.0581472
87.3897 13032 8688 0.213294 0.449889 15.8647 0.449889 15.8628 119683 14 0.0625813
87.3904 11584 10136 0.202414 112.472 15.8655 112.472 15.8636 119690 14 0.0592115
87.5712 13032 8688 0.193552 0.448394 15.8336 0.448394 15.8318 119697 14 0.0569186
87.7525 11584 10136 0.189739 0.447206 15.8018 0.447206 15.8 119704 14 0.0557621
87.934 13032 8688 0.203445 0.44691 15.7702 0.44691 15.7683 119711 14 0.0596588
88.0885 11584 10136 0.190038 0.524754 15.7434 0.524754 15.7416 119718 14 0.0558398
88.2539 13032 8688 0.194726 0.490431 15.7148 0.490431 15.713 119725 14 0.0572336
88.4365 11584 10136 0.187369 0.443969 15.6833 0.443969 15.6815 119732 14 0.0551528
88.6271 13032 8688 0.209311 0.425494 15.6505 0.425494 15.6487 119739 14 0.0613762
88.6278 11584 10136 0.203142 112.472 15.6513 112.472 15.6494 119746 14 0.0594195
88.8152 13032 8688 0.196587 0.432586 15.6192 0.432586 15.6173 119753 14 0.0577384
88.996 11584 10136 0.191442 0.448693 15.5883 0.448693 15.5865 119760 14 0.0562069
89.1743 13032 8688 0.203592 0.45474 15.5581 0.45474 15.5563 119767 14 0.059701
89.3525 11584 10136 0.195254 0.455046 15.528 0.455046 15.5261 119774 14 0.0572235
89.5336 13032 8688 0.208286 0.447799 15.4975 0.447799 15.4957 119781 14 0.061071
89.7154 11584 10136 0.199514 0.446023 15.467 0.446023 15.4652 119788 14 0.0583939
89.8984 13032 8688 0.215126 0.443095 15.4364 0.443095 15.4346 119795 14 0.0631463
89.8991 11584 10136 0.204522 112.472 15.4372 112.472 15.4354 119802 14 0.0598164
90.083 13032 8688 0.196154 0.44078 15.4065 0.44078 15.4047 119809 14 0.0576204
90.2668 5792 10136 0.194635 0.189153 15.3756 0.189153 15.3738 119812 14 0.0571459
90.4517 11584 2896 0.213414 0.187924 15.3445 0.187924 15.3427 119815 14 0.063287
90.5782 14480 8688 0.190236 0.915525 15.3244 0.915525 15.3226 119825 14 0.056055
90.697 18824 11584 0.168363 0.780385 15.3053 0.780385 15.3035 119833 14 0.05055
90.6979 24616 15928 0.147936 132.557 15.3066 132.557 15.3048 119844 14 0.0461114
90.8459 31856 21720 0.148055 1.25303 15.2837 1.25303 15.2819 119860 14 0.0455636
91.0271 37648 28960 0.176021 1.34251 15.2559 1.34251 15.2541 119881 14 0.050491
91.1983 44888 34752 0.175377 1.62366 15.2303 1.62366 15.2285 119905 14 0.0497839
91.3564 55024 41992 0.16687 2.12442 15.2076 2.12442 15.2059 119934 14 0.0472501
91.5195 65160 52128 0.174838 2.62858 15.1852 2.62858 15.1835 119971 14 0.0480034
91.6974 78192 62264 0.169683 2.79906 15.1612 2.79906 15.1594 120014 14 0.0459664
91.8971 82536 75296 0.202073 3.07428 15.1349 3.07428 15.1332 120067 14 0.0525899
92.1156 86880 79640 0.205148 2.91654 15.1059 2.91654 15.1042 120122 14 0.0530575
92.341 82536 83984 0.241526 2.98053 15.0763 2.98053 15.0746 120180 14 0.0645283
92.5647 76744 79640 0.250419 2.89939 15.0469 2.89939 15.0452 120236 14 0.0682752
92.7822 78192 73848 0.22554 2.76964 15.0181 2.76964 15.0164 120288 14 0.059918
92.9884 73848 76744 0.242597 2.9785 14.9914 2.9785 14.9897 120341 14 0.0656078
93.202 69504 72400 0.239562 2.71105 14.9633 2.71105 14.9616 120391 14 0.0649262
93.2167 70952 66608 0.215818 36.1854 14.9666 36.1854 14.9649 120437 14 0.0574937
93.4357 72400 68056 0.218908 2.48684 14.9374 2.48684 14.9357 120484 14 0.0583255
93.6593 73848 69504 0.224999 2.48653 14.9077 2.48653 14.9059 120532 14 0.0601582
93.8851 72400 70952 0.22739 2.56532 14.878 2.56532 14.8763 120582 14 0.0608131
94.1101 73848 69504 0.225555 2.52207 14.8485 2.52207 14.8467 120631 14 0.0603421
94.3331 75296 70952 0.223445 2.54517 14.8194 2.54517 14.8176 120680 14 0.0595078
94.5556 76744 72400 0.224534 2.60413 14.7906 2.60413 14.7889 120730 14 0.0597252
94.778 78192 73848 0.224552 2.70829 14.7623 2.70829 14.7606 120782 14 0.0595918
95.0011 79640 75296 0.223498 2.75146 14.7341 2.75146 14.7324 120835 14 0.0591069
95.2254 81088 76744 0.224587 2.73672 14.7058 2.73672 14.7041 120888 14 0.0593254
95.45 79640 78192 0.227096 2.78537 14.6778 2.78537 14.6761 120942 14 0.0600191
95.6738 78192 76744 0.22673 2.74407 14.6498 2.74407 14.6482 120995 14 0.0600354
95.8968 76744 75296 0.226191 2.75294 14.6222 2.75294 14.6205 121048 14 0.0599949
96.1203 78192 73848 0.223777 2.64336 14.5943 2.64336 14.5926 121099 14 0.0593374
96.3439 76744 75296 0.226689 2.69374 14.5667 2.69374 14.565 121151 14 0.0601604
96.5681 75296 73848 0.227782 2.68652 14.5391 2.68652 14.5374 121203 14 0.0606653
96.7921 76744 72400 0.224749 2.63768 14.5116 2.63768 14.5099 121254 14 0.059796
97.016 78192 73848 0.224095 2.6391 14.4842 2.6391 14.4825 121305 14 0.0594415
97.2397 76744 75296 0.228275 2.74407 14.4572 2.74407 14.4555 121358 14 0.0606919
97.4632 78192 73848 0.22387 2.64336 14.4301 2.64336 14.4284 121409 14 0.0593679
97.6867 76744 75296 0.228671 2.74702 14.4034 2.74702 14.4017 121462 14 0.0608251
97.9104 78192 73848 0.224017 2.64052 14.3765 2.64052 14.3748 121513 14 0.0594159
98.1339 76744 75296 0.228757 2.69519 14.3499 2.69519 14.3482 121565 14 0.0608543
98.3578 75296 73848 0.229889 2.69085 14.3233 2.69085 14.3217 121617 14 0.0613768
98.5818 76744 72400 0.224865 2.63768 14.2968 2.63768 14.2951 121668 14 0.0598343
98.8053 78192 73848 0.223874 2.64336 14.2704 2.64336 14.2688 121719 14 0.059369
99.0288 76744 75296 0.230299 2.69519 14.2443 2.69519 14.2427 121771 14 0.061377
99.2526 75296 73848 0.231708 2.6391 14.2181 2.6391 14.2165 121822 14 0.0619979
99.4761 73848 72400 0.232445 2.64336 14.1921 2.64336 14.1905 121873 14 0.0623912
99.6994 75296 70952 0.223859 2.54243 14.166 2.54243 14.1644 121922 14 0.0596433
99.9229 73848 72400 0.233218 2.64336 14.1403 2.64336 14.1386 121973 14 0.0626583
