0.140049 14480 0 0 0 0 0 0 0 0 0.0439727
0.18022 18824 13032 0.04 2.88373 0.642771 2.88373 0.642771 10 0 0.0390555
0.18046 20272 15928 0.04 192.81 0.898682 192.81 0.898682 14 0 0.0387228
0.1807 21720 17376 0.04 144.607 1.0898 144.607 1.0898 17 0 0.0385718
0.180941 23168 18824 0.04 144.607 1.28042 144.607 1.28042 20 0 0.038421
0.181181 24616 20272 0.040125 144.607 1.47053 144.607 1.47053 23 0 0.0382656
0.220387 26064 21720 0.0451094 0.886402 1.36662 0.886402 1.36662 26 0 0.0379422
0.220627 27512 23168 0.0444707 144.607 1.52264 144.607 1.52264 29 0 0.0378118
0.220867 28960 24616 0.0439119 144.607 1.67833 144.607 1.67833 32 0 0.0376799
0.221108 30408 26064 0.0435479 144.607 1.83368 144.607 1.83368 35 0 0.0375425
0.221348 31856 27512 0.0432294 144.607 1.98869 144.607 1.98869 38 0 0.0374042
0.221588 33304 28960 0.0429507 144.607 2.14336 144.607 2.14336 41 0 0.037265
0.221828 34752 30408 0.0427069 144.607 2.2977 144.607 2.2977 44 0 0.037125
0.222069 36200 31856 0.0424935 144.607 2.45171 144.607 2.45171 47 0 0.0369844
0.260554 37648 33304 0.0470568 0.903008 2.22296 0.903008 2.22296 50 0 0.0366977
0.260794 39096 34752 0.0461747 144.607 2.35417 144.607 2.35417 53 0 0.0365739
0.261034 40544 36200 0.0455279 144.607 2.48513 144.607 2.48513 56 0 0.036445
0.261274 41992 37648 0.0449619 144.607 2.61585 144.607 2.61585 59 0 0.0363149
0.261515 43440 39096 0.0444667 144.607 2.74634 144.607 2.74634 62 0 0.0361835
0.261755 44888 40544 0.0439083 144.607 2.87658 144.607 2.87658 65 0 0.0360549
0.261995 46336 41992 0.0434198 144.607 3.00659 144.607 3.00659 68 0 0.0359249
0.262236 47784 43440 0.0431173 144.607 3.13635 144.607 3.13635 71 0 0.0357893
0.262476 49232 44888 0.0428526 144.607 3.26588 144.607 3.26588 74 0 0.035653
0.262716 50680 46336 0.0426211 144.607 3.39517 144.607 3.39517 77 0 0.0355159
0.262957 52128 47784 0.0424184 144.607 3.52423 144.607 3.52423 80 0 0.0353782
0.263197 53576 49232 0.0422411 144.607 3.65305 144.607 3.65305 83 0 0.0352401
0.300721 55024 50680 0.046711 0.926141 3.31279 0.926141 3.31279 86 0 0.0349571
0.300961 56472 52128 0.0458721 144.607 3.42562 144.607 3.42562 89 0 0.0348362
0.301201 57920 53576 0.0452631 144.607 3.53826 144.607 3.53826 92 0 0.0347102
0.301441 59368 55024 0.0447302 144.607 3.65073 144.607 3.65073 95 0 0.034583
0.301682 60816 56472 0.0441389 144.607 3.76301 144.607 3.76301 98 0 0.0344584
0.301922 62264 57920 0.0436216 144.607 3.87512 144.607 3.87512 101 0 0.0343324
0.302162 63712 59368 0.0432939 144.607 3.98705 144.607 3.98705 104 0 0.0342009
0.302403 65160 60816 0.0430071 144.607 4.0988 144.607 4.0988 107 0 0.0340685
0.302643 66608 62264 0.0427562 144.607 4.21037 144.607 4.21037 110 0 0.0339353
0.302883 68056 63712 0.0425367 144.607 4.32177 144.607 4.32177 113 0 0.0338014
0.303124 69504 65160 0.0424696 144.607 4.43299 144.607 4.43299 116 0 0.0336626
0.303364 70952 66608 0.0422859 144.607 4.54403 144.607 4.54403 119 0 0.0335282
0.303604 72400 68056 0.0421252 144.607 4.6549 144.607 4.6549 122 0 0.0333933
0.303845 73848 69504 0.0419845 144.607 4.76559 144.607 4.76559 125 0 0.033258
0.304085 75296 70952 0.0419865 144.607 4.87611 144.607 4.87611 128 0 0.033118
0.304325 76744 72400 0.0419882 144.607 4.98645 144.607 4.98645 131 0 0.0329782
0.304566 78192 73848 0.0419896 144.607 5.09662 144.607 5.09662 134 0 0.0328388
0.304806 79640 75296 0.0418659 144.607 5.20662 144.607 5.20662 137 0 0.0327042
0.340887 81088 76744 0.0462577 0.963152 4.75746 0.963152 4.75746 140 0 0.0324254
0.341128 82536 78192 0.0456005 144.607 4.85599 144.607 4.85599 143 0 0.0323054
0.341368 83984 79640 0.0450254 144.607 4.95437 144.607 4.95437 146 0 0.0321841
0.341608 85432 81088 0.0445222 144.607 5.05262 144.607 5.05262 149 0 0.0320615
0.341849 86880 82536 0.043957 144.607 5.15072 144.607 5.15072 152 0 0.0319417
0.342089 88328 83984 0.0435873 144.607 5.24869 144.607 5.24869 155 0 0.0318164
0.342329 89776 85432 0.0432639 144.607 5.34652 144.607 5.34652 158 0 0.0316901
0.34257 91224 86880 0.0429809 144.607 5.44422 144.607 5.44422 161 0 0.0315629
0.34281 92672 88328 0.0427333 144.607 5.54177 144.607 5.54177 164 0 0.031435
0.34305 94120 89776 0.0426416 144.607 5.6392 144.607 5.6392 167 0 0.0313021
0.343291 95568 91224 0.0424364 144.607 5.73648 144.607 5.73648 170 0 0.0311734
0.343531 97016 92672 0.0422569 144.607 5.83363 144.607 5.83363 173 0 0.0310442
0.343771 98464 94120 0.0420998 144.607 5.93064 144.607 5.93064 176 0 0.0309146
0.344012 99912 95568 0.0420873 144.607 6.02752 144.607 6.02752 179 0 0.0307801
0.344252 101360 97016 0.0420764 144.607 6.12426 144.607 6.12426 182 0 0.0306459
0.344492 102808 98464 0.0420668 144.607 6.22087 144.607 6.22087 185 0 0.0305119
0.344733 104256 99912 0.0419335 144.607 6.31734 144.607 6.31734 188 0 0.0303827
0.344973 105704 101360 0.0418168 144.607 6.41367 144.607 6.41367 191 0 0.0302532
0.345213 107152 102808 0.0418397 144.607 6.50988 144.607 6.50988 194 0 0.0301189
0.345454 108600 104256 0.0418597 144.607 6.60595 144.607 6.60595 197 0 0.0299851
0.345694 110048 105704 0.0418773 144.607 6.70188 144.607 6.70188 200 0 0.0298516
0.345934 111496 107152 0.0418926 144.607 6.79769 144.607 6.79769 203 0 0.0297185
0.346175 112944 108600 0.041906 144.607 6.89336 144.607 6.89336 206 0 0.0295858
0.346415 114392 110048 0.0419178 144.607 6.98889 144.607 6.98889 209 0 0.0294534
0.346655 115840 111496 0.0419281 144.607 7.0843 144.607 7.0843 212 0 0.0293214
0.346895 117288 112944 0.041937 144.607 7.17957 144.607 7.17957 215 0 0.0291898
0.347136 118736 114392 0.0420699 144.607 7.27471 144.607 7.27471 218 0 0.0290539
0.386272 120184 115840 0.0470612 0.887974 6.62762 0.887974 6.62762 221 0 0.0287691
0.386512 121632 117288 0.0469285 144.607 6.71341 144.607 6.71341 224 0 0.0286421
0.386753 123080 118736 0.0466875 144.607 6.79909 144.607 6.79909 227 0 0.0285183
0.386993 124528 120184 0.0464765 144.607 6.88467 144.607 6.88467 230 0 0.0283941
0.387233 125976 121632 0.046417 144.607 6.97014 144.607 6.97014 233 0 0.0282662
0.387474 127424 123080 0.0463648 144.607 7.05551 144.607 7.05551 236 0 0.0281384
0.387714 128872 124528 0.0463192 144.607 7.14077 144.607 7.14077 239 0 0.0280106
0.387954 130320 125976 0.0462793 144.607 7.22592 144.607 7.22592 242 0 0.0278831
0.388195 131768 127424 0.0462444 144.607 7.31097 144.607 7.31097 245 0 0.0277557
0.388435 133216 128872 0.0462139 144.607 7.39591 144.607 7.39591 248 0 0.0276285
0.388675 134664 130320 0.0461871 144.607 7.48075 144.607 7.48075 251 0 0.0275014
0.388916 136112 131768 0.0461637 144.607 7.56549 144.607 7.56549 254 0 0.0273746
0.389156 137560 133216 0.0462683 144.607 7.65012 144.607 7.65012 257 0 0.0272446
0.389396 139008 134664 0.0463597 144.607 7.73464 144.607 7.73464 260 0 0.0271152
0.389637 140456 136112 0.0463148 144.607 7.81906 144.607 7.81906 263 0 0.0269898
0.389877 141904 137560 0.0462754 144.607 7.90338 144.607 7.90338 266 0 0.0268646
0.390117 143352 139008 0.046366 144.607 7.98759 144.607 7.98759 269 0 0.0267362
0.390358 144800 140456 0.0464452 144.607 8.0717 144.607 8.0717 272 0 0.0266084
0.390598 146248 141904 0.0465146 144.607 8.1557 144.607 8.1557 275 0 0.0264811
0.390838 147696 143352 0.0465753 144.607 8.2396 144.607 8.2396 278 0 0.0263544
0.391078 149144 144800 0.0466284 144.607 8.3234 144.607 8.3234 281 0 0.0262282
0.391319 150592 146248 0.0466748 144.607 8.4071 144.607 8.4071 284 0 0.0261025
0.391559 152040 147696 0.0467155 144.607 8.49069 144.607 8.49069 287 0 0.0259772
0.391799 153488 149144 0.046751 144.607 8.57418 144.607 8.57418 290 0 0.0258524
0.39204 154936 150592 0.0469071 144.607 8.65757 144.607 8.65757 293 0 0.0257247
0.39228 156384 152040 0.0470438 144.607 8.74086 144.607 8.74086 296 0 0.0255978
0.39252 157832 153488 0.0471633 144.607 8.82404 144.607 8.82404 299 0 0.0254717
0.392761 159280 154936 0.0472679 144.607 8.90712 144.607 8.90712 302 0 0.0253464
0.393001 160728 156384 0.0473594 144.607 8.9901 144.607 8.9901 305 0 0.0252216
0.393241 162176 157832 0.0474395 144.607 9.07298 144.607 9.07298 308 0 0.0250975
0.393482 163624 159280 0.0475095 144.607 9.15576 144.607 9.15576 311 0 0.024974
0.393722 165072 160728 0.0475708 144.607 9.23844 144.607 9.23844 314 0 0.0248509
0.393962 166520 162176 0.0476245 144.607 9.32101 144.607 9.32101 317 0 0.0247284
0.394203 167968 163624 0.0477964 144.607 9.40349 144.607 9.40349 320 0 0.0246033
0.394443 169416 165072 0.0478219 144.607 9.48586 144.607 9.48586 323 0 0.024482
0.394683 170864 166520 0.0478441 144.607 9.56814 144.607 9.56814 326 0 0.0243612
0.394924 172312 167968 0.0478636 144.607 9.65031 144.607 9.65031 329 0 0.0242407
0.395164 173760 169416 0.0480057 144.607 9.73239 144.607 9.73239 332 0 0.0241176
0.395404 175208 170864 0.04813 144.607 9.81436 144.607 9.81436 335 0 0.0239952
0.395645 176656 172312 0.0482387 144.607 9.89624 144.607 9.89624 338 0 0.0238735
0.395885 178104 173760 0.0482089 144.607 9.97801 144.607 9.97801 341 0 0.0237554
0.439412 179552 175208 0.0488078 0.798399 9.0687 0.798399 9.0687 344 0 0.0236231
0.439652 181000 176656 0.0493318 144.607 9.14279 144.607 9.14279 347 0 0.0234934
0.439893 182448 178104 0.0497903 144.607 9.21679 144.607 9.21679 350 0 0.0233659
0.440133 183896 179552 0.0503165 144.607 9.29072 144.607 9.29072 353 0 0.0232378
0.440373 185344 181000 0.050777 144.607 9.36456 144.607 9.36456 356 0 0.0231118
0.440614 186792 182448 0.0511798 144.607 9.43833 144.607 9.43833 359 0 0.0229875
0.440854 188240 183896 0.0514074 144.607 9.51201 144.607 9.51201 362 0 0.0228668
0.441094 189688 185344 0.0517314 144.607 9.58562 144.607 9.58562 365 0 0.0227449
0.441335 191136 186792 0.052015 144.607 9.65914 144.607 9.65914 368 0 0.0226242
0.441575 192584 188240 0.0522631 144.607 9.73258 144.607 9.73258 371 0 0.0225044
0.441815 194032 189688 0.0524802 144.607 9.80595 144.607 9.80595 374 0 0.0223856
0.442056 195480 191136 0.0527952 144.607 9.87923 144.607 9.87923 377 0 0.0222657
0.442296 196928 192584 0.0529458 144.607 9.95243 144.607 9.95243 380 0 0.0221486
0.442536 198376 194032 0.0530776 144.607 10.0256 144.607 10.0256 383 0 0.0220321
0.442777 199824 195480 0.0531929 144.607 10.0986 144.607 10.0986 386 0 0.0219162
0.443017 201272 196928 0.0534188 144.607 10.1716 144.607 10.1716 389 0 0.0217991
0.443257 202720 198376 0.0536164 144.607 10.2445 144.607 10.2445 392 0 0.0216828
0.443497 204168 199824 0.0537894 144.607 10.3173 144.607 10.3173 395 0 0.0215672
0.443738 205616 201272 0.0538157 144.607 10.39 144.607 10.39 398 0 0.0214537
0.443978 207064 202720 0.0538387 144.607 10.4626 144.607 10.4626 401 0 0.0213406
0.444218 208512 204168 0.0539839 144.607 10.5352 144.607 10.5352 404 0 0.0212262
0.444459 209960 205616 0.0541109 144.607 10.6077 144.607 10.6077 407 0 0.0211125
0.444699 211408 207064 0.054222 144.607 10.6801 144.607 10.6801 410 0 0.0209992
0.444939 212856 208512 0.0543193 144.607 10.7525 144.607 10.7525 413 0 0.0208864
0.44518 214304 209960 0.0544044 144.607 10.8247 144.607 10.8247 416 0 0.0207741
0.44542 215752 211408 0.0544788 144.607 10.8969 144.607 10.8969 419 0 0.0206622
0.44566 217200 212856 0.054544 144.607 10.969 144.607 10.969 422 0 0.0205507
0.445901 218648 214304 0.054601 144.607 11.041 144.607 11.041 425 0 0.0204396
0.446141 220096 215752 0.0547759 144.607 11.113 144.607 11.113 428 0 0.0203276
0.446381 221544 217200 0.0549289 144.607 11.1848 144.607 11.1848 431 0 0.0202162
0.446622 222992 218648 0.0549378 144.607 11.2566 144.607 11.2566 434 0 0.0201065
0.446862 224440 220096 0.0549455 144.607 11.3283 144.607 11.3283 437 0 0.0199972
0.447102 225888 221544 0.0550773 144.607 11.4 144.607 11.4 440 0 0.0198869
0.447343 227336 222992 0.0551927 144.607 11.4715 144.607 11.4715 443 0 0.0197771
0.447583 228784 224440 0.0552936 144.607 11.543 144.607 11.543 446 0 0.0196677
0.447823 230232 225888 0.0553819 144.607 11.6144 144.607 11.6144 449 0 0.0195588
0.448064 231680 227336 0.0554592 144.607 11.6858 144.607 11.6858 452 0 0.0194503
0.448304 233128 228784 0.0555268 144.607 11.757 144.607 11.757 455 0 0.0193422
0.448544 234576 230232 0.0555859 144.607 11.8282 144.607 11.8282 458 0 0.0192345
0.448785 236024 231680 0.0556377 144.607 11.8993 144.607 11.8993 461 0 0.0191272
0.449025 237472 233128 0.055808 144.607 11.9703 144.607 11.9703 464 0 0.0190191
0.449265 238920 234576 0.055957 144.607 12.0413 144.607 12.0413 467 0 0.0189116
0.449505 240368 236024 0.0559623 144.607 12.1122 144.607 12.1122 470 0 0.0188055
0.449746 241816 237472 0.0559671 144.607 12.183 144.607 12.183 473 0 0.0186998
0.449986 243264 238920 0.0559712 144.607 12.2537 144.607 12.2537 476 0 0.0185944
0.450226 244712 240368 0.0560998 144.607 12.3243 144.607 12.3243 479 0 0.0184883
0.450467 246160 241816 0.0562123 144.607 12.3949 144.607 12.3949 482 0 0.0183826
0.450707 247608 243264 0.0563108 144.607 12.4654 144.607 12.4654 485 0 0.0182773
0.450947 249056 244712 0.0563969 144.607 12.5358 144.607 12.5358 488 0 0.0181725
0.451188 250504 246160 0.0565973 144.607 12.6062 144.607 12.6062 491 0 0.0180672
0.451428 251952 247608 0.0566476 144.607 12.6764 144.607 12.6764 494 0 0.0179632
0.451668 253400 249056 0.0566917 144.607 12.7466 144.607 12.7466 497 0 0.0178596
0.451909 254848 250504 0.0567302 144.607 12.8167 144.607 12.8167 500 0 0.0177564
0.452149 256296 251952 0.0568889 144.607 12.8868 144.607 12.8868 503 0 0.0176526
0.452389 257744 253400 0.0570278 144.607 12.9568 144.607 12.9568 506 0 0.0175494
0.45263 259192 254848 0.0571493 144.607 13.0267 144.607 13.0267 509 0 0.0174466
0.45287 260640 256296 0.0571307 144.607 13.0965 144.607 13.0965 512 0 0.0173448
0.45311 262088 257744 0.0572393 144.607 13.1662 144.607 13.1662 515 0 0.0172427
0.453351 263536 259192 0.0573344 144.607 13.2359 144.607 13.2359 518 0 0.017141
0.453591 264984 260640 0.0574176 144.607 13.3055 144.607 13.3055 521 0 0.0170396
0.453831 266432 262088 0.0574904 144.607 13.3751 144.607 13.3751 524 0 0.0169386
0.532901 224440 263536 0.0785723 26.8101 15.3685 26.8101 15.3685 707 0 0.020308
0.624227 173760 221544 0.0915929 19.4069 15.9593 19.4069 15.9593 860 0 0.0254232
0.744387 144800 170864 0.0807759 11.4722 15.235 11.4722 15.235 979 0 0.0257732
0.752798 146248 141904 0.0598881 68.8606 15.8342 68.8606 15.8342 1029 0 0.0262993
0.753039 147696 143352 0.0599021 144.607 15.8753 144.607 15.8753 1032 0 0.0261742
0.753279 149144 144800 0.0599143 144.607 15.9163 144.607 15.9163 1035 0 0.0260494
0.753519 150592 146248 0.059925 144.607 15.9574 144.607 15.9574 1038 0 0.0259249
0.75376 152040 147696 0.0598094 144.607 15.9984 144.607 15.9984 1041 0 0.0258007
0.754 153488 149144 0.0597082 144.607 16.0394 144.607 16.0394 1044 0 0.0256769
0.75424 154936 150592 0.0597447 144.607 16.0804 144.607 16.0804 1047 0 0.0255533
0.754481 156384 152040 0.0597766 144.607 16.1213 144.607 16.1213 1050 0 0.02543
0.806149 173760 153488 0.0514482 23.9891 16.6256 23.9891 16.6256 1157 0 0.0259131
0.858779 189688 170864 0.0529407 25.9721 17.1984 25.9721 17.1984 1275 0 0.0243514
0.917177 194032 186792 0.0585361 25.5889 17.7326 25.5889 17.7326 1404 0 0.0225924
0.980622 186792 191136 0.0637614 24.2838 18.1565 24.2838 18.1565 1537 0 0.0223174
1.04527 178104 183896 0.0649502 22.7573 18.441 22.7573 18.441 1664 0 0.0229479
1.10871 170864 175208 0.0637009 22.2754 18.6604 22.2754 18.6604 1786 0 0.023601
1.16999 167968 167968 0.061578 22.1164 18.8414 22.1164 18.8414 1903 0 0.0241071
1.23091 166520 165072 0.0610529 21.6768 18.9818 21.6768 18.9818 2017 0 0.0243348
1.29244 163624 163624 0.0617648 21.2768 19.091 21.2768 19.091 2130 0 0.0244686
1.35612 157832 160728 0.0640125 20.3723 19.1512 20.3723 19.1512 2242 0 0.0247685
1.42149 149144 154936 0.065851 19.1392 19.1506 19.1392 19.1506 2350 0 0.025349
1.4865 140456 146248 0.0653481 18.1761 19.108 18.1761 19.108 2452 0 0.026084
1.5509 134664 137560 0.0646043 17.2665 19.0315 17.2665 19.0315 2548 0 0.0267534
1.61507 128872 131768 0.0645626 16.6091 18.9353 16.6091 18.9353 2640 0 0.0272599
1.68019 121632 125976 0.0654721 15.6524 18.808 15.6524 18.808 2728 0 0.0278142
1.75277 107152 118736 0.0729047 13.2477 18.5778 13.2477 18.5778 2811 0 0.0288766
1.82787 92672 104256 0.0751696 11.1058 18.2708 11.1058 18.2708 2883 0 0.0302552
1.90417 79640 89776 0.0765151 9.41275 17.9159 9.41275 17.9159 2945 0 0.0315717
1.98059 68056 76744 0.0767015 8.03373 17.5346 8.03373 17.5346 2998 0 0.0327503
2.13067 55024 65160 0.086515 3.55054 16.5496 3.55054 16.5496 3044 0 0.0343565
2.21094 43440 52128 0.0882031 5.33979 16.1426 5.33979 16.1426 3081 0 0.0356669
2.21527 36200 40544 0.0802762 74.9815 16.2575 74.9815 16.2575 3109 0 0.0362965
2.29505 30408 33304 0.0800426 3.33932 15.8084 3.33932 15.8084 3132 0 0.0369878
2.45474 24616 27512 0.0903688 1.45079 14.8744 1.45079 14.8744 3152 0 0.0381011
2.53802 18824 21720 0.094289 2.2258 14.4594 2.2258 14.4594 3168 0 0.0389521
2.62105 15928 15928 0.097129 1.67418 14.0544 1.67418 14.0544 3180 0 0.0397125
2.70408 13032 13032 0.099591 1.39515 13.6656 1.39515 13.6656 3190 0 0.0402044
2.78663 11584 10136 0.101635 1.12262 13.2941 1.12262 13.2941 3198 0 0.0406633
2.8699 13032 8688 0.103965 0.973786 12.9366 0.973786 12.9366 3205 0 0.0410153
2.87062 11584 10136 0.0971403 112.472 12.9616 112.472 12.9616 3212 0 0.0403093
2.95413 13032 8688 0.0915932 0.970984 12.6226 0.970984 12.6226 3219 0 0.0400805
3.03776 11584 10136 0.0890869 0.969588 12.3018 0.969588 12.3018 3226 0 0.0397759
3.12187 13032 8688 0.0949252 0.964048 11.9963 0.964048 11.9963 3233 0 0.0403021
3.20526 11584 10136 0.091319 0.972383 11.7095 0.972383 11.7095 3240 0 0.0399107
3.28914 13032 8688 0.097259 0.96681 11.4356 0.96681 11.4356 3247 0 0.0404706
3.37253 11584 10136 0.0928825 0.972383 11.1769 0.972383 11.1769 3254 0 0.0400111
3.45664 13032 8688 0.099498 0.964048 10.9284 0.964048 10.9284 3261 0 0.0406425
3.45736 11584 10136 0.0943825 112.472 10.9495 112.472 10.9495 3268 0 0.040112
3.54123 13032 8688 0.090086 0.96681 10.7131 0.96681 10.7131 3275 0 0.0399875
3.62486 11584 10136 0.0880771 0.969588 10.4883 0.969588 10.4883 3282 0 0.0397182
3.70885 13032 8688 0.0943333 0.965427 10.2727 0.965427 10.2727 3289 0 0.0402612
3.79225 11584 10136 0.0909225 0.972383 10.0681 0.972383 10.0681 3296 0 0.0398861
3.87588 13032 8688 0.0969016 0.969588 9.87182 0.969588 9.87182 3303 0 0.0404441
3.95927 11584 10136 0.0926431 0.972383 9.68438 0.972383 9.68438 3310 0 0.0399954
4.04326 13032 8688 0.099332 0.965427 9.50325 0.965427 9.50325 3317 0 0.0406294
4.04398 11584 10136 0.0942713 112.472 9.52161 112.472 9.52161 3324 0 0.0401044
4.12785 13032 8688 0.0900208 0.96681 9.34779 0.96681 9.34779 3331 0 0.0399836
4.21148 11584 10136 0.0880335 0.969588 9.18142 0.969588 9.18142 3338 0 0.0397157
4.29548 13032 8688 0.0943077 0.965427 9.02077 0.965427 9.02077 3345 0 0.0402594
4.37887 11584 10136 0.0907804 0.972383 8.86749 0.972383 8.86749 3352 0 0.0398773
4.4625 13032 8688 0.0970526 0.969588 8.71948 0.969588 8.71948 3359 0 0.0404553
4.54589 11584 10136 0.0924142 0.972383 8.57736 0.972383 8.57736 3366 0 0.0399805
4.62976 13032 8688 0.0993072 0.96681 8.43949 0.96681 8.43949 3373 0 0.0406274
4.63048 11584 10136 0.0942546 112.472 8.45569 112.472 8.45569 3380 0 0.0401032
4.71435 13032 8688 0.0900111 0.96681 8.32246 0.96681 8.32246 3387 0 0.039983
4.79798 11584 10136 0.087902 0.969588 8.19429 0.969588 8.19429 3394 0 0.0397084
4.88222 13032 8688 0.0943556 0.962673 8.06953 0.962673 8.06953 3401 0 0.0402627
4.96561 11584 10136 0.0909375 0.972383 7.95034 0.972383 7.95034 3408 0 0.039887
5.04948 13032 8688 0.097061 0.96681 7.83434 0.96681 7.83434 3415 0 0.0404559
5.13287 11584 10136 0.0925155 0.972383 7.72286 0.972383 7.72286 3422 0 0.0399871
5.21698 13032 8688 0.0993666 0.964048 7.61389 0.964048 7.61389 3429 0 0.0406321
5.2177 11584 10136 0.0942944 112.472 7.62838 112.472 7.62838 3436 0 0.040106
5.30158 13032 8688 0.0901301 0.96681 7.52299 0.96681 7.52299 3443 0 0.0399902
5.38521 11584 10136 0.0879973 0.969588 7.42122 0.969588 7.42122 3450 0 0.0397137
5.4692 13032 8688 0.0944115 0.965427 7.32208 0.965427 7.32208 3457 0 0.0402665
5.55259 11584 10136 0.0909749 0.972383 7.22671 0.972383 7.22671 3464 0 0.0398893
5.63622 13032 8688 0.0969736 0.969588 7.13387 0.969588 7.13387 3471 0 0.0404494
5.71961 11584 10136 0.0925819 0.972383 7.04404 0.972383 7.04404 3478 0 0.0399914
5.8036 13032 8688 0.0993218 0.965427 6.95606 0.965427 6.95606 3485 0 0.0406286
5.80432 11584 10136 0.0942644 112.472 6.96917 112.472 6.96917 3492 0 0.0401039
5.8882 13032 8688 0.0900168 0.96681 6.88367 0.96681 6.88367 3499 0 0.0399834
5.97183 11584 10136 0.0880308 0.969588 6.80085 0.969588 6.80085 3506 0 0.0397156
6.05582 13032 8688 0.0943061 0.965427 6.71991 0.965427 6.71991 3513 0 0.0402593
6.13921 11584 10136 0.0907949 0.972383 6.64184 0.972383 6.64184 3520 0 0.0398782
6.22284 13032 8688 0.0969518 0.969588 6.56561 0.969588 6.56561 3527 0 0.0404478
6.30623 11584 10136 0.0926767 0.972383 6.49165 0.972383 6.49165 3534 0 0.0399976
6.3901 13032 8688 0.0993517 0.96681 6.41913 0.96681 6.41913 3541 0 0.0406309
6.39083 11584 10136 0.0942845 112.472 6.4311 112.472 6.4311 3548 0 0.0401053
6.4747 13032 8688 0.0899448 0.96681 6.36032 0.96681 6.36032 3555 0 0.0399791
6.55833 11584 10136 0.0879826 0.969588 6.29157 0.969588 6.29157 3562 0 0.0397129
6.64256 13032 8688 0.0944829 0.962673 6.224 0.962673 6.224 3569 0 0.0402714
6.72595 11584 10136 0.0907884 0.972383 6.15889 0.972383 6.15889 3576 0 0.0398778
6.80982 13032 8688 0.0970573 0.96681 6.09494 0.96681 6.09494 3583 0 0.0404556
6.89321 11584 10136 0.0927474 0.972383 6.03297 0.972383 6.03297 3590 0 0.0400023
6.97733 13032 8688 0.0993932 0.964048 5.97186 0.964048 5.97186 3597 0 0.0406342
6.97805 11584 10136 0.0944372 112.472 5.98287 112.472 5.98287 3604 0 0.0401158
7.06192 13032 8688 0.0901181 0.96681 5.92329 0.96681 5.92329 3611 0 0.0399895
7.14555 11584 10136 0.0880987 0.969588 5.86532 0.969588 5.86532 3618 0 0.0397194
7.22954 13032 8688 0.0944416 0.965427 5.80839 0.965427 5.80839 3625 0 0.0402686
7.31281 11584 10136 0.0907607 0.973786 5.75334 0.973786 5.75334 3632 0 0.0398761
7.39644 13032 8688 0.0970411 0.969588 5.69925 0.969588 5.69925 3639 0 0.0404544
7.47972 11584 10136 0.0924065 0.973786 5.64664 0.973786 5.64664 3646 0 0.03998
7.56359 13032 8688 0.099219 0.96681 5.59475 0.96681 5.59475 3653 0 0.0406205
7.56431 11584 10136 0.0941955 112.472 5.60493 112.472 5.60493 3660 0 0.0400992
7.64818 13032 8688 0.0899764 0.96681 5.55407 0.96681 5.55407 3667 0 0.039981
7.73181 11584 10136 0.0880037 0.969588 5.50448 0.969588 5.50448 3674 0 0.0397141
7.81604 13032 8688 0.0944153 0.962673 5.45554 0.962673 5.45554 3681 0 0.0402668
7.89943 11584 10136 0.0909774 0.972383 5.40821 0.972383 5.40821 3688 0 0.0398895
7.98331 13032 8688 0.0969887 0.96681 5.36155 0.96681 5.36155 3695 0 0.0404505
8.0667 11584 10136 0.0925764 0.972383 5.31617 0.972383 5.31617 3702 0 0.0399911
8.15081 13032 8688 0.0993186 0.964048 5.27126 0.964048 5.27126 3709 0 0.0406283
8.15153 11584 10136 0.094358 112.472 5.28074 112.472 5.28074 3716 0 0.0401103
8.2354 13032 8688 0.0900717 0.96681 5.23681 0.96681 5.23681 3723 0 0.0399867
8.31903 11584 10136 0.0880675 0.969588 5.19391 0.969588 5.19391 3730 0 0.0397176
8.40327 13032 8688 0.094562 0.962673 5.1515 0.962673 5.1515 3737 0 0.0402769
8.4869 11584 10136 0.0909507 0.969588 5.11029 0.969588 5.11029 3744 0 0.0398878
8.57077 13032 8688 0.0971525 0.96681 5.06974 0.96681 5.06974 3751 0 0.0404627
8.65416 11584 10136 0.0928112 0.972383 5.03026 0.972383 5.03026 3758 0 0.0400064
8.73803 13032 8688 0.0994306 0.96681 4.99126 0.96681 4.99126 3765 0 0.0406371
8.73875 11584 10136 0.0943373 112.472 5.00012 112.472 5.00012 3772 0 0.0401089
8.82262 13032 8688 0.0899758 0.96681 4.96178 0.96681 4.96178 3779 0 0.0399809
8.90626 11584 10136 0.0880033 0.969588 4.92429 0.969588 4.92429 3786 0 0.039714
8.99049 13032 8688 0.0944951 0.962673 4.88718 0.962673 4.88718 3793 0 0.0402723
9.07388 11584 10136 0.0907965 0.972383 4.8512 0.972383 4.8512 3800 0 0.0398783
9.15775 13032 8688 0.0970621 0.96681 4.81562 0.96681 4.81562 3807 0 0.040456
9.24114 11584 10136 0.0926549 0.972383 4.78094 0.972383 4.78094 3814 0 0.0399962
9.32525 13032 8688 0.0994483 0.964048 4.74652 0.964048 4.74652 3821 0 0.0406385
9.32597 11584 10136 0.0943492 112.472 4.75484 112.472 4.75484 3828 0 0.0401097
9.40985 13032 8688 0.0900665 0.96681 4.72108 0.96681 4.72108 3835 0 0.0399864
9.49348 11584 10136 0.0879684 0.969588 4.68803 0.969588 4.68803 3842 0 0.0397121
9.57771 13032 8688 0.0944746 0.962673 4.65527 0.962673 4.65527 3849 0 0.0402709
9.66134 11584 10136 0.0910172 0.969588 4.62337 0.969588 4.62337 3856 0 0.0398919
9.74509 13032 8688 0.0971915 0.968197 4.59195 0.968197 4.59195 3863 0 0.0404656
9.82824 11584 10136 0.0928372 0.975193 4.56135 0.975193 4.56135 3870 0 0.0400081
9.91211 13032 8688 0.0992664 0.96681 4.53094 0.96681 4.53094 3877 0 0.0406242
9.91284 11584 10136 0.0942273 112.472 4.53879 112.472 4.53879 3884 0 0.0401014
9.99647 13032 8688 0.0898156 0.969588 4.50893 0.969588 4.50893 3891 0 0.0399713
10.0796 5792 10136 0.0890887 0.41794 4.47518 0.41794 4.47518 3894 0 0.0398655
10.1203 11584 2896 0.0919829 0.854958 4.46064 0.854958 4.46064 3897 0 0.0407742
10.1979 14480 8688 0.0834963 1.49233 4.43805 1.49233 4.43805 3907 0 0.0396456
10.2967 18824 11584 0.0843071 0.938246 4.40447 0.938246 4.40447 3915 0 0.0393983
10.2976 23168 15928 0.090483 132.557 4.41644 132.557 4.41644 3926 0 0.0392818
10.3757 30408 20272 0.0837818 2.22473 4.39994 2.22473 4.39994 3941 0 0.0385256
10.4399 41992 27512 0.073599 3.43013 4.39398 3.43013 4.39398 3960 0 0.0375427
10.5011 55024 39096 0.0702029 5.30321 4.39927 5.30321 4.39927 3988 0 0.0363445
10.5679 69504 52128 0.0700848 6.41543 4.41202 6.41543 4.41202 4025 0 0.0351074
10.6439 85432 66608 0.0715189 7.00572 4.43055 7.00572 4.43055 4071 0 0.0337944
10.7259 99912 82536 0.0787257 8.05729 4.45826 8.05729 4.45826 4128 0 0.032404
10.8105 104256 97016 0.0911787 9.31183 4.49624 9.31183 4.49624 4196 0 0.0313266
10.8924 108600 101360 0.0922271 10.0363 4.53792 10.0363 4.53792 4267 0 0.030991
10.9708 121632 105704 0.08167 10.7938 4.5826 10.7938 4.5826 4340 0 0.030291
11.0502 130320 118736 0.086845 12.1053 4.63667 12.1053 4.63667 4423 0 0.0291922
11.132 147696 127424 0.0809413 12.4576 4.69416 12.4576 4.69416 4511 0 0.028538
11.1426 165072 144800 0.082803 109.551 4.79366 109.551 4.79366 4611 0 0.0271024
11.2302 176656 162176 0.0877933 14.8112 4.8718 14.8112 4.8718 4723 0 0.0255826
11.3223 182448 173760 0.0924812 15.0829 4.95492 15.0829 4.95492 4843 0 0.0247273
11.4187 183896 179552 0.0965805 14.9055 5.0389 14.9055 5.0389 4967 0 0.0244822
11.5153 185344 181000 0.0968763 14.9883 5.12237 14.9883 5.12237 5092 0 0.0243866
11.6102 188240 182448 0.0952806 15.498 5.2072 15.498 5.2072 5219 0 0.0241656
11.7039 192584 185344 0.0937267 15.8406 5.29224 15.8406 5.29224 5347 0 0.0238438
11.8021 191136 189688 0.0985062 15.4389 5.37675 15.4389 5.37675 5478 0 0.0238118
11.9026 186792 188240 0.100784 15.1065 5.45886 15.1065 5.45886 5609 0 0.0241377
12.0059 179552 183896 0.103504 14.2365 5.53441 14.2365 5.53441 5736 0 0.024775
12.1093 172312 176656 0.10369 13.7881 5.60485 13.7881 5.60485 5859 0 0.0253779
12.212 165072 169416 0.103 13.1922 5.66868 13.1922 5.66868 5976 0 0.0259121
12.3155 159280 162176 0.103731 12.6524 5.72735 12.6524 5.72735 6089 0 0.0265436
12.4196 152040 156384 0.104401 12.0089 5.78004 12.0089 5.78004 6197 0 0.0271228
12.5244 144800 149144 0.104997 11.3873 5.82695 11.3873 5.82695 6300 0 0.027791
12.6293 137560 141904 0.105251 10.9325 5.86936 10.9325 5.86936 6399 0 0.0284364
12.7342 131768 134664 0.105127 10.2699 5.90561 10.2699 5.90561 6492 0 0.0290215
12.8397 124528 128872 0.105879 9.88204 5.93828 9.88204 5.93828 6582 0 0.0296328
12.9453 118736 121632 0.105855 9.32242 5.96589 9.32242 5.96589 6667 0 0.0302403
13.0511 112944 115840 0.105998 8.76407 5.98856 8.76407 5.98856 6747 0 0.0307735
13.1567 107152 110048 0.105884 8.33534 6.0074 8.33534 6.0074 6823 0 0.0312877
13.263 101360 104256 0.106608 7.8431 6.02212 7.8431 6.02212 6895 0 0.0318843
13.3681 97016 98464 0.10531 7.5006 6.03374 7.5006 6.03374 6963 0 0.0322732
13.4733 92672 94120 0.105571 7.15332 6.04248 7.15332 6.04248 7028 0 0.0327007
13.6757 82536 89776 0.117258 3.60659 6.00644 3.60659 6.00644 7091 0 0.0344581
13.6831 78192 79640 0.105367 85.5204 6.04973 85.5204 6.04973 7146 0 0.0340478
13.8868 69504 75296 0.117384 3.01443 6.00521 3.01443 6.00521 7199 0 0.0357987
13.893 65160 66608 0.105824 85.2812 6.04087 85.2812 6.04087 7245 0 0.0353441
13.9993 60816 62264 0.106527 4.68937 6.03061 4.68937 6.03061 7288 0 0.0358325
14.2074 53576 57920 0.119274 2.2821 5.9757 2.2821 5.9757 7329 0 0.037667
14.2122 49232 50680 0.107645 84.3542 6.00221 84.3542 6.00221 7364 0 0.0370804
14.4204 43440 46336 0.119395 1.83575 5.94204 1.83575 5.94204 7397 0 0.0387976
14.4243 40544 40544 0.107755 84.3542 5.96295 84.3542 5.96295 7425 0 0.0380877
14.5304 39096 37648 0.106504 2.83865 5.94013 2.83865 5.94013 7451 0 0.0382513
14.6364 37648 36200 0.1063 2.73256 5.91691 2.73256 5.91691 7476 0 0.0383793
14.7429 34752 34752 0.109272 2.71716 5.89378 2.71716 5.89378 7501 0 0.0388216
14.8495 33304 31856 0.10738 2.3911 5.86864 2.3911 5.86864 7523 0 0.0389228
14.9567 31856 30408 0.107321 2.26962 5.84284 2.26962 5.84284 7544 0 0.0390653
15.0641 28960 28960 0.110997 2.26454 5.81733 2.26454 5.81733 7565 0 0.0395861
15.1714 27512 26064 0.108504 1.94321 5.78993 1.94321 5.78993 7583 0 0.0396245
15.2787 26064 24616 0.10791 1.83525 5.76215 1.83525 5.76215 7600 0 0.0397165
15.3857 24616 23168 0.111784 1.84144 5.7349 1.84144 5.7349 7617 0 0.0402522
15.4929 23168 21720 0.108928 1.62116 5.70644 1.62116 5.70644 7632 0 0.0401145
15.6002 21720 20272 0.113148 1.61934 5.67833 1.61934 5.67833 7647 0 0.0406953
15.7077 20272 18824 0.109938 1.40029 5.64904 1.40029 5.64904 7660 0 0.0405148
15.815 18824 17376 0.114478 1.40343 5.62023 1.40343 5.62023 7673 0 0.0411396
15.9222 17376 15928 0.110554 1.18885 5.5904 1.18885 5.5904 7684 0 0.0408785
16.0295 15928 14480 0.115795 1.18752 5.56093 1.18752 5.56093 7695 0 0.0415871
16.1364 14480 13032 0.111511 0.97488 5.53054 0.97488 5.53054 7704 0 0.0412791
16.2439 13032 11584 0.117369 0.970518 5.50038 0.970518 5.50038 7713 0 0.0420689
16.351 11584 10136 0.113287 0.75654 5.46928 0.75654 5.46928 7720 0 0.0417694
16.4586 10136 8688 0.119976 0.754004 5.43847 0.754004 5.43847 7727 0 0.0426795
16.5655 11584 7240 0.115788 0.5416 5.40686 0.5416 5.40686 7732 0 0.0423475
16.6731 10136 8688 0.123253 0.754004 5.37685 0.754004 5.37685 7739 0 0.0430833
16.7809 11584 7240 0.118218 0.537373 5.34576 0.537373 5.34576 7744 0 0.0426245
16.8883 10136 8688 0.126548 0.754847 5.31656 0.754847 5.31656 7751 0 0.0435111
16.9959 11584 7240 0.120192 0.537973 5.28629 0.537973 5.28629 7756 0 0.0428582
17.1031 13032 8688 0.129542 0.75654 5.2579 0.75654 5.2579 7763 0 0.0439185
17.1038 11584 10136 0.122197 112.472 5.26242 112.472 5.26242 7770 0 0.0427984
17.2117 10136 8688 0.116322 0.751485 5.23414 0.751485 5.23414 7777 0 0.0422546
17.3191 11584 7240 0.11337 0.53978 5.20506 0.53978 5.20506 7782 0 0.0420836
17.4265 10136 8688 0.121742 0.754847 5.17763 0.754847 5.17763 7789 0 0.0428945
17.5339 11584 7240 0.116985 0.539177 5.14921 0.539177 5.14921 7794 0 0.0424825
17.6412 10136 8688 0.125613 0.755693 5.12249 0.755693 5.12249 7801 0 0.0433875
17.7486 11584 7240 0.11969 0.539177 5.09474 0.539177 5.09474 7806 0 0.0427981
17.8558 10136 8688 0.128986 0.75654 5.0687 0.75654 5.0687 7813 0 0.0438414
17.8565 11584 7240 0.121934 80.3373 5.07174 80.3373 5.07174 7818 0 0.043071
17.9642 10136 8688 0.117225 0.753162 5.04586 0.753162 5.04586 7825 0 0.0423571
18.0719 11584 7240 0.11418 0.537973 5.019 0.537973 5.019 7830 0 0.0421707
18.1798 10136 8688 0.123843 0.751485 4.99368 0.751485 4.99368 7837 0 0.0431583
18.2875 11584 7240 0.118614 0.537373 4.96741 0.537373 4.96741 7842 0 0.0426708
18.3947 10136 8688 0.12847 0.75654 4.94287 0.75654 4.94287 7849 0 0.0437705
18.3954 11584 7240 0.121492 80.3373 4.94583 80.3373 4.94583 7854 0 0.0430165
18.5032 10136 8688 0.117039 0.752323 4.9214 0.752323 4.9214 7861 0 0.0423358
18.6108 11584 7240 0.114055 0.538574 4.89608 0.538574 4.89608 7866 0 0.0421572
18.7188 10136 8688 0.12376 0.750649 4.87215 0.750649 4.87215 7873 0 0.0431477
18.8262 11584 7240 0.118653 0.539177 4.84743 0.539177 4.84743 7878 0 0.0426754
18.9335 10136 8688 0.128278 0.755693 4.82424 0.755693 4.82424 7885 0 0.0437442
18.9342 11584 7240 0.121489 80.3373 4.82711 80.3373 4.82711 7890 0 0.0430161
19.042 10136 8688 0.117036 0.752323 4.80405 0.752323 4.80405 7897 0 0.0423355
19.1496 11584 7240 0.114054 0.538574 4.7801 0.538574 4.7801 7902 0 0.042157
19.2577 10136 8688 0.123663 0.749815 4.75746 0.749815 4.75746 7909 0 0.0431353
19.3653 11584 7240 0.118602 0.538574 4.73403 0.538574 4.73403 7914 0 0.0426694
19.473 10136 8688 0.128478 0.752323 4.712 0.752323 4.712 7921 0 0.0437716
19.4738 11584 7240 0.121718 80.3373 4.71479 80.3373 4.71479 7926 0 0.0430444
19.5812 10136 8688 0.116985 0.754847 4.69307 0.754847 4.69307 7933 0 0.0423297
19.6888 11584 7240 0.114019 0.537973 4.67035 0.537973 4.67035 7938 0 0.0421533
19.7966 10136 8688 0.123736 0.752323 4.64902 0.752323 4.64902 7945 0 0.0431446
19.9042 11584 7240 0.118542 0.538574 4.62681 0.538574 4.62681 7950 0 0.0426623
20.012 10136 8688 0.128312 0.752323 4.60594 0.752323 4.60594 7957 0 0.0437489
20.0127 11584 7240 0.121608 80.3373 4.60867 80.3373 4.60867 7962 0 0.0430307
20.1125 5792 8688 0.119032 0.348032 4.58752 0.348032 4.58752 7965 0 0.042623
20.1814 10136 2896 0.107361 0.672983 4.57416 0.672983 4.57416 7969 0 0.0419683
20.2219 13032 7240 0.0878063 2.57248 4.57015 2.57248 4.57015 7978 0 0.0400196
20.2957 15928 10136 0.0844659 1.25552 4.55809 1.25552 4.55809 7986 0 0.0395396
20.3712 20272 13032 0.0885744 1.53511 4.5469 1.53511 4.5469 7996 0 0.039472
20.4541 24616 17376 0.0923089 1.81632 4.53583 1.81632 4.53583 8009 0 0.0392454
20.5502 30408 21720 0.0891329 1.80759 4.52307 1.80759 4.52307 8024 0 0.0386251
20.651 33304 27512 0.106393 2.29809 4.5122 2.29809 4.5122 8044 0 0.0392864
20.7543 34752 30408 0.115416 2.46904 4.50204 2.46904 4.50204 8066 0 0.0398968
20.8592 36200 31856 0.119191 2.53987 4.49218 2.53987 4.49218 8089 0 0.0401815
20.8618 39096 33304 0.108399 100.787 4.50438 100.787 4.50438 8112 0 0.0388839
20.9691 43440 36200 0.107656 2.80686 4.49569 2.80686 4.49569 8138 0 0.0385365
21.0793 46336 40544 0.11301 3.04879 4.48813 3.04879 4.48813 8167 0 0.0386172
21.192 49232 43440 0.112677 3.08331 4.48066 3.08331 4.48066 8197 0 0.0382904
21.3066 52128 46336 0.114297 3.2337 4.47395 3.2337 4.47395 8229 0 0.0381733
21.4217 55024 49232 0.115254 3.42146 4.46829 3.42146 4.46829 8263 0 0.0379888
21.5369 57920 52128 0.115257 3.62273 4.46377 3.62273 4.46377 8299 0 0.0377011
21.6523 60816 55024 0.115729 3.81205 4.4603 3.81205 4.4603 8337 0 0.0374667
21.7686 63712 57920 0.116205 3.98367 4.45775 3.98367 4.45775 8377 0 0.0372343
21.8856 66608 60816 0.116985 4.16136 4.45617 4.16136 4.45617 8419 0 0.0370382
22.0031 69504 63712 0.11745 4.33723 4.45553 4.33723 4.45553 8463 0 0.0368081
22.1206 70952 66608 0.117952 4.53438 4.45595 4.53438 4.45595 8509 0 0.0365728
22.2379 73848 68056 0.117757 4.64244 4.45693 4.64244 4.45693 8556 0 0.0364208
22.3549 72400 70952 0.129821 4.94891 4.45951 4.94891 4.45951 8606 0 0.0376684
22.4724 70952 69504 0.130263 4.8301 4.46145 4.8301 4.46145 8655 0 0.0378703
22.5898 72400 68056 0.117916 4.63769 4.46236 4.63769 4.46236 8702 0 0.036428
22.7075 69504 69504 0.131727 4.82516 4.46424 4.82516 4.46424 8751 0 0.0380894
22.7132 70952 66608 0.11843 92.3879 4.48657 92.3879 4.48657 8797 0 0.0366284
22.8306 73848 68056 0.117694 4.63769 4.48735 4.63769 4.48735 8844 0 0.0364135
22.9483 75296 70952 0.118686 4.92364 4.48958 4.92364 4.48958 8894 0 0.0362376
23.066 76744 72400 0.118766 5.01698 4.49228 5.01698 4.49228 8945 0 0.0361073
23.1839 79640 73848 0.118076 5.01187 4.49492 5.01187 4.49492 8996 0 0.0358984
23.3015 81088 76744 0.118795 5.31753 4.49907 5.31753 4.49907 9050 0 0.0356933
23.4196 82536 78192 0.119116 5.39396 4.50358 5.39396 4.50358 9105 0 0.0355927
23.537 85432 79640 0.117766 5.42709 4.50819 5.42709 4.50819 9160 0 0.0353079
23.6552 86880 82536 0.119266 5.68818 4.51408 5.68818 4.51408 9218 0 0.0351967
23.7732 88328 83984 0.119294 5.79214 4.52043 5.79214 4.52043 9277 0 0.0350628
23.891 91224 85432 0.11828 5.79805 4.52673 5.79805 4.52673 9336 0 0.0348178
24.0093 92672 88328 0.119642 6.07429 4.53435 6.07429 4.53435 9398 0 0.034694
24.1273 94120 89776 0.119401 6.18483 4.54242 6.18483 4.54242 9461 0 0.0345293
24.2453 97016 91224 0.118287 6.18483 4.55042 6.18483 4.55042 9524 0 0.0342735
24.3634 98464 94120 0.119559 6.47275 4.55974 6.47275 4.55974 9590 0 0.0341415
24.482 99912 95568 0.120067 6.5442 4.56935 6.5442 4.56935 9657 0 0.0340673
24.6 102808 97016 0.118245 6.57752 4.57898 6.57752 4.57898 9724 0 0.0337283
24.7181 104256 99912 0.119752 6.86504 4.58991 6.86504 4.58991 9794 0 0.0336266
24.8364 105704 101360 0.120104 6.94897 4.60115 6.94897 4.60115 9865 0 0.0335351
24.9544 108600 102808 0.118295 6.9702 4.61235 6.9702 4.61235 9936 0 0.0331986
25.0726 110048 105704 0.119987 7.25733 4.62481 7.25733 4.62481 10010 0 0.0331216
25.1907 111496 107152 0.11993 7.3554 4.63761 7.3554 4.63761 10085 0 0.0329823
25.309 114392 108600 0.118655 7.34047 4.65025 7.34047 4.65025 10160 0 0.0327099
25.427 115840 111496 0.120212 7.65741 4.66421 7.65741 4.66421 10238 0 0.0326203
25.5455 117288 112944 0.120609 7.72412 4.6784 7.72412 4.6784 10317 0 0.0325369
25.6641 120184 114392 0.118745 7.71629 4.69244 7.71629 4.69244 10396 0 0.0321946
25.7827 121632 117288 0.121019 8.00931 4.7077 8.00931 4.7077 10478 0 0.0321946
25.9014 123080 118736 0.121062 8.09878 4.72324 8.09878 4.72324 10561 0 0.0320697
26.0199 125976 120184 0.118701 8.11521 4.73868 8.11521 4.73868 10644 0 0.0316683
26.1385 127424 123080 0.121367 8.40001 4.7553 8.40001 4.7553 10730 0 0.0317183
26.2566 128872 124528 0.120761 8.53227 4.77229 8.53227 4.77229 10817 0 0.0315154
26.375 133216 125976 0.118551 8.51494 4.78908 8.51494 4.78908 10904 0 0.0311529
26.4943 134664 130320 0.122165 8.83468 4.8073 8.83468 4.8073 10995 0 0.0311751
26.6139 137560 131768 0.119727 8.81692 4.82531 8.81692 4.82531 11086 0 0.0307617
26.7328 139008 134664 0.122496 9.15359 4.84458 9.15359 4.84458 11180 0 0.0308349
26.85 140456 136112 0.120856 9.39329 4.86442 9.39329 4.86442 11275 0 0.030506
26.9677 144800 137560 0.117863 9.34536 4.88399 9.34536 4.88399 11370 0 0.0300542
27.0855 146248 141904 0.12157 9.73885 4.9051 9.73885 4.9051 11469 0 0.0300901
27.2044 150592 143352 0.118794 9.64048 4.9258 9.64048 4.9258 11568 0 0.0296607
27.325 149144 147696 0.124423 9.89999 4.94774 9.89999 4.94774 11671 0 0.029951
27.4458 150592 146248 0.121088 9.67881 4.96858 9.67881 4.96858 11772 0 0.0296566
27.5668 149144 147696 0.125797 9.86067 4.99005 9.86067 4.99005 11875 0 0.03013
27.6871 150592 146248 0.120779 9.72716 5.01063 9.72716 5.01063 11976 0 0.029619
27.8078 149144 147696 0.126164 9.89013 5.0318 9.89013 5.0318 12079 0 0.0301784
27.9283 150592 146248 0.12081 9.70776 5.05198 9.70776 5.05198 12180 0 0.0296227
28.0494 147696 147696 0.127115 9.85089 5.0727 9.85089 5.0727 12283 0 0.0303164
28.1708 149144 144800 0.12155 9.54503 5.09197 9.54503 5.09197 12383 0 0.0298378
28.2921 150592 146248 0.121467 9.64048 5.11148 9.64048 5.11148 12484 0 0.0297031
28.4142 144800 147696 0.130083 9.77332 5.13151 9.77332 5.13151 12587 0 0.0307682
28.5359 146248 141904 0.122249 9.32643 5.1494 9.32643 5.1494 12685 0 0.0301742
28.6578 147696 143352 0.121584 9.4123 5.16753 9.4123 5.16753 12784 0 0.0299668
28.7802 140456 144800 0.132957 9.55533 5.1862 9.55533 5.1862 12885 0 0.0314616
28.9034 141904 137560 0.123007 8.93508 5.20217 8.93508 5.20217 12980 0 0.0306462
29.0262 133216 139008 0.13502 9.14997 5.21887 9.14997 5.21887 13077 0 0.0323088
29.1491 134664 130320 0.123279 8.48136 5.23263 8.48136 5.23263 13167 0 0.0313149
29.1599 136112 131768 0.122305 97.476 5.26684 97.476 5.26684 13258 0 0.0310651
29.2833 137560 133216 0.123672 8.72994 5.28143 8.72994 5.28143 13351 0 0.0311101
29.4069 139008 134664 0.123703 8.72145 5.29588 8.72145 5.29588 13444 0 0.0309872
29.5315 137560 136112 0.124904 8.83168 5.3108 8.83168 5.3108 13539 0 0.0310151
29.6562 136112 134664 0.124933 8.63742 5.32479 8.63742 5.32479 13632 0 0.0311454
29.781 134664 133216 0.125251 8.62911 5.33865 8.62911 5.33865 13725 0 0.0313136
29.9059 133216 131768 0.125024 8.44354 5.35161 8.44354 5.35161 13816 0 0.0314113
30.0302 131768 130320 0.124786 8.47617 5.36455 8.47617 5.36455 13907 0 0.0315079
30.1455 5792 128872 0.124586 0.703685 5.34673 0.703685 5.34673 13914 0 0.0598192
30.2683 107152 2896 0.1394 0.282989 5.32619 0.282989 5.32619 13917 0 0.0642607
30.3707 140456 104256 0.128012 8.59667 5.33722 8.59667 5.33722 13993 0 0.0362498
30.4997 181000 137560 0.111653 8.52743 5.35071 8.52743 5.35071 14088 0 0.0322629
30.6266 194032 178104 0.146576 11.3203 5.37545 11.3203 5.37545 14212 0 0.0310554
30.7502 208512 191136 0.144126 12.4726 5.40396 12.4726 5.40396 14345 0 0.0296601
30.766 249056 205616 0.124733 103.708 5.45464 103.708 5.45464 14487 0 0.0281868
30.8894 298288 246160 0.123636 15.958 5.4966 15.958 5.4966 14657 0 0.0264104
31.0268 331592 295392 0.13761 17.2061 5.54843 17.2061 5.54843 14861 0 0.0226916
31.1848 335936 328696 0.158205 16.6417 5.60464 16.6417 5.60464 15088 0 0.0222997
31.3572 320008 333040 0.172649 15.5188 5.65916 15.5188 5.65916 15319 0 0.0255039
31.5335 301184 317112 0.176526 14.3917 5.70797 14.3917 5.70797 15538 0 0.0275338
31.7065 286704 298288 0.173346 13.8582 5.75245 13.8582 5.75245 15745 0 0.0277299
31.8753 278016 283808 0.169018 13.4486 5.79321 13.4486 5.79321 15941 0 0.0274742
32.0426 270776 275120 0.167489 13.1587 5.83166 13.1587 5.83166 16131 0 0.0276833
32.2111 262088 267880 0.168726 12.721 5.86769 12.721 5.86769 16316 0 0.0284846
32.3817 251952 259192 0.1709 12.2203 5.90116 12.2203 5.90116 16496 0 0.0296116
32.5536 240368 249056 0.172138 11.6548 5.93156 11.6548 5.93156 16669 0 0.0306585
32.7255 230232 237472 0.172092 11.0562 5.95846 11.0562 5.95846 16833 0 0.0314271
32.8968 221544 227336 0.171559 10.614 5.98271 10.614 5.98271 16990 0 0.0320055
33.0684 212856 218648 0.171797 10.2616 6.00491 10.2616 6.00491 17142 0 0.03271
33.2401 204168 209960 0.171982 9.84962 6.02478 9.84962 6.02478 17288 0 0.0334132
33.4124 195480 201272 0.172616 9.4119 6.04224 9.4119 6.04224 17428 0 0.0342284
33.5851 186792 192584 0.172942 8.98973 6.0574 8.98973 6.0574 17562 0 0.0349853
33.758 178104 183896 0.173277 8.57527 6.07029 8.57527 6.07029 17690 0 0.0357551
34.0886 159280 175208 0.19276 4.27531 6.05289 4.27531 6.05289 17812 0 0.0417493
34.2614 141904 156384 0.192406 7.30746 6.05921 7.30746 6.05921 17921 0 0.0431263
34.2743 136112 139008 0.171426 85.6931 6.08937 85.6931 6.08937 18017 0 0.039022
34.4446 131768 133216 0.17049 6.25917 6.09021 6.25917 6.09021 18109 0 0.0392938
34.6153 127424 128872 0.170999 6.03802 6.08995 6.03802 6.08995 18198 0 0.039789
34.9506 112944 124528 0.192907 3.00617 6.06037 3.00617 6.06037 18285 0 0.0458567
34.9609 107152 110048 0.173477 85.1949 6.08376 85.1949 6.08376 18361 0 0.0420593
35.1335 102808 104256 0.172842 4.83367 6.07762 4.83367 6.07762 18433 0 0.042419
35.3058 98464 99912 0.172553 4.63872 6.0706 4.63872 6.0706 18502 0 0.0427542
35.6437 88328 95568 0.193406 2.29698 6.03482 2.29698 6.03482 18569 0 0.0484353
35.6516 83984 85432 0.173731 86.18 6.05265 86.18 6.05265 18628 0 0.0443746
35.9907 75296 81088 0.193971 1.94723 6.01397 1.94723 6.01397 18685 0 0.0499005
35.9974 70952 72400 0.173569 86.0757 6.02894 86.0757 6.02894 18735 0 0.0455815
36.1701 68056 68056 0.172961 3.15311 6.01521 3.15311 6.01521 18782 0 0.0458451
36.5109 60816 65160 0.19416 1.56369 5.97366 1.56369 5.97366 18828 0 0.0514437
36.6849 53576 57920 0.195538 2.72969 5.95828 2.72969 5.95828 18869 0 0.0525242
36.6897 50680 50680 0.175042 84.3542 5.96855 84.3542 5.96855 18904 0 0.0480263
37.0316 44888 47784 0.19464 1.15171 5.92406 1.15171 5.92406 18938 0 0.0532529
37.2054 40544 41992 0.196664 2.0001 5.90574 2.0001 5.90574 18968 0 0.0543569
37.3793 36200 37648 0.197871 1.79885 5.88664 1.79885 5.88664 18995 0 0.055127
37.3824 34752 33304 0.177861 85.2812 5.89327 85.2812 5.89327 19018 0 0.0504213
37.5567 33304 31856 0.175335 1.52813 5.87301 1.52813 5.87301 19041 0 0.0499801
37.7311 31856 30408 0.174681 1.39525 5.85231 1.39525 5.85231 19062 0 0.0499778
37.9057 30408 28960 0.180499 1.39332 5.83178 1.39332 5.83178 19083 0 0.0514943
38.0803 28960 27512 0.176391 1.26063 5.81082 1.26063 5.81082 19102 0 0.0506697
38.2547 27512 26064 0.181589 1.2615 5.79007 1.2615 5.79007 19121 0 0.0520557
38.4293 26064 24616 0.176829 1.12793 5.76889 1.12793 5.76889 19138 0 0.0510702
38.6039 24616 23168 0.182782 1.12793 5.7479 1.12793 5.7479 19155 0 0.0526461
38.7789 23168 21720 0.177758 0.993181 5.72645 0.993181 5.72645 19170 0 0.0515874
38.9538 21720 20272 0.184572 0.993181 5.70519 0.993181 5.70519 19185 0 0.0533889
39.1283 20272 18824 0.178607 0.863128 5.6836 0.863128 5.6836 19198 0 0.0520887
39.3028 18824 17376 0.185923 0.863128 5.6622 0.863128 5.6622 19211 0 0.0540285
39.477 17376 15928 0.179633 0.731347 5.64044 0.731347 5.64044 19222 0 0.0526349
39.6516 15928 14480 0.188087 0.729837 5.61882 0.729837 5.61882 19233 0 0.0548805
39.8251 14480 13032 0.181116 0.600861 5.59695 0.600861 5.59695 19242 0 0.0532948
39.9992 13032 11584 0.190451 0.598788 5.5752 0.598788 5.5752 19251 0 0.0557951
40.1732 5792 10136 0.18852 0.0665779 5.55134 0.0665779 5.55134 19252 0 0.0555366
40.316 11584 2896 0.20055 0.243446 5.53254 0.243446 5.53254 19255 0 0.0595056
40.3893 14480 8688 0.165382 1.57968 5.52537 1.57968 5.52537 19265 0 0.050199
40.5747 18824 11584 0.148985 0.49983 5.5024 0.49983 5.5024 19273 0 0.0467257
40.5757 23168 15928 0.164218 132.557 5.50541 132.557 5.50541 19284 0 0.0492141
40.8007 24616 20272 0.197901 0.772062 5.4793 0.772062 5.4793 19299 0 0.0568873
40.9853 26064 21720 0.194843 0.941453 5.45887 0.941453 5.45887 19314 0 0.0559031
41.1325 28960 23168 0.183551 1.33786 5.44412 1.33786 5.44412 19331 0 0.0528466
41.2506 37648 26064 0.147718 1.7653 5.43359 1.7653 5.43359 19349 0 0.0450968
41.3549 49232 34752 0.122663 2.66557 5.42661 2.66557 5.42661 19373 0 0.0405442
41.4598 65160 46336 0.10869 3.53374 5.42182 3.53374 5.42182 19405 0 0.0380319
41.5798 85432 62264 0.108096 4.14956 5.41814 4.14956 5.41814 19448 0 0.036678
41.7186 95568 82536 0.137588 4.84111 5.41622 4.84111 5.41622 19506 0 0.0378831
41.8676 97016 92672 0.158429 5.05348 5.41493 5.05348 5.41493 19571 0 0.0404177
41.8753 101360 94120 0.150104 97.9111 5.43192 97.9111 5.43192 19636 0 0.0387428
42.0231 107152 98464 0.148039 5.40807 5.43184 5.40807 5.43184 19705 0 0.037997
42.1662 115840 104256 0.14349 5.828 5.43318 5.828 5.43318 19777 0 0.0367571
42.3091 124528 112944 0.143158 6.32428 5.43619 6.32428 5.43619 19855 0 0.0359091
42.4516 134664 121632 0.142818 6.828 5.44086 6.828 5.44086 19939 0 0.0351194
42.5957 143352 131768 0.144233 7.31679 5.44721 7.31679 5.44721 20030 0 0.0344089
42.7404 152040 140456 0.145348 7.8469 5.45533 7.8469 5.45533 20128 0 0.0338393
42.8867 160728 149144 0.146961 8.23161 5.4648 8.23161 5.4648 20232 0 0.0333695
43.0335 169416 157832 0.147511 8.67801 5.47577 8.67801 5.47577 20342 0 0.0327284
43.1807 178104 166520 0.147831 9.12894 5.48822 9.12894 5.48822 20458 0 0.0320582
43.327 188240 175208 0.146809 9.66424 5.50232 9.66424 5.50232 20580 0 0.0312126
43.4736 199824 185344 0.147217 10.1936 5.51814 10.1936 5.51814 20709 0 0.0305182
43.6202 211408 196928 0.146819 10.7468 5.53571 10.7468 5.53571 20845 0 0.0295281
43.7671 222992 208512 0.147246 11.351 5.55523 11.351 5.55523 20989 0 0.0287009
43.9152 234576 220096 0.148316 11.8941 5.5766 11.8941 5.5766 21141 0 0.0280061
44.0618 247608 231680 0.147026 12.6433 5.60011 12.6433 5.60011 21301 0 0.0269799
44.2087 262088 244712 0.147143 13.3217 5.62578 13.3217 5.62578 21470 0 0.0261225
44.3573 273672 259192 0.149605 14.0282 5.65394 14.0282 5.65394 21650 0 0.0253977
44.5066 285256 270776 0.150257 14.5927 5.68391 14.5927 5.68391 21838 0 0.024716
44.6557 296840 282360 0.15011 15.2259 5.71577 15.2259 5.71577 22034 0 0.0239094
44.8061 308424 293944 0.151369 15.7081 5.74932 15.7081 5.74932 22238 0 0.023377
44.9573 318560 305528 0.152257 16.2463 5.78462 16.2463 5.78462 22450 0 0.0227424
45.1082 330144 315664 0.151931 16.8094 5.8215 16.8094 5.8215 22669 0 0.0221049
45.2591 341728 327248 0.151202 17.3467 5.85994 17.3467 5.85994 22895 0 0.0212653
45.4072 359104 338832 0.148547 18.3107 5.90053 18.3107 5.90053 23129 0 0.0203992
45.5535 379376 356208 0.146857 19.4709 5.94413 19.4709 5.94413 23375 0 0.0193021
45.6997 402544 376480 0.14641 20.6129 5.99103 20.6129 5.99103 23635 0 0.0183421
45.8476 422816 399648 0.148153 21.6147 6.04143 21.6147 6.04143 23911 0 0.0172301
45.9993 437296 419920 0.151824 22.1357 6.09453 22.1357 6.09453 24201 0 0.0165522
46.1533 447432 434400 0.154201 22.5772 6.1495 22.5772 6.1495 24501 0 0.0161393
46.3085 454672 444536 0.155481 22.9073 6.20568 22.9073 6.20568 24808 0 0.0158451
46.4594 466256 451776 0.153698 24.0244 6.26357 24.0244 6.26357 25121 0 0.0153423
46.6097 483632 463360 0.15077 24.6599 6.3229 24.6599 6.3229 25441 0 0.0146187
46.758 506800 480736 0.148958 25.9371 6.3851 25.9371 6.3851 25773 0 0.0140236
46.9091 525624 503904 0.151089 26.6896 6.45047 26.6896 6.45047 26121 0 0.0132338
47.0634 538656 522728 0.154285 27.1045 6.51818 27.1045 6.51818 26482 0 0.0128647
47.2166 544448 535760 0.157286 28.0519 6.58805 28.0519 6.58805 26853 0 0.0127882
47.3675 563272 541552 0.151879 28.7065 6.65853 28.7065 6.65853 27227 0 0.0121616
47.519 583544 560376 0.151694 29.5866 6.73164 29.5866 6.73164 27614 0 0.0116954
47.6708 592232 580648 0.156365 30.6847 6.80789 30.6847 6.80789 28016 0 0.0114599
47.8248 596576 589336 0.157996 30.6811 6.88479 30.6811 6.88479 28424 0 0.0114724
47.9804 598024 593680 0.159569 30.5964 6.96169 30.5964 6.96169 28835 0 0.0116553
48.1334 612504 595128 0.154123 31.1252 7.03848 31.1252 7.03848 29246 0 0.0109375
48.2842 622640 609608 0.156172 32.4166 7.11774 32.4166 7.11774 29668 0 0.0108333
48.4376 628432 619744 0.157693 32.3866 7.19779 32.3866 7.19779 30097 0 0.0108101
48.5903 645808 625536 0.153465 32.767 7.27815 32.767 7.27815 30529 0 0.010374
48.7447 661736 642912 0.154199 33.3103 7.36061 33.3103 7.36061 30973 0 0.01014
48.8987 674768 658840 0.154919 34.2421 7.44523 34.2421 7.44523 31428 0 0.00990248
49.0546 667528 671872 0.162421 34.5364 7.53137 34.5364 7.53137 31893 0 0.0110172
49.2095 677664 664632 0.156164 34.3288 7.61571 34.3288 7.61571 32352 0 0.00994842
49.3621 673320 674768 0.161024 35.4496 7.70176 35.4496 7.70176 32819 0 0.0106419
49.5149 692144 670424 0.153336 35.1183 7.78632 35.1183 7.78632 33282 0 0.00979177
49.6672 689248 689248 0.160695 36.2658 7.87369 36.2658 7.87369 33759 0 0.0104168
49.8233 702280 686352 0.154929 35.1777 7.95923 35.1777 7.95923 34233 0 0.00960157
49.98 712416 699384 0.15618 35.7082 8.04622 35.7082 8.04622 34716 0 0.00961541
50.1381 686352 709520 0.169107 35.9687 8.13429 35.9687 8.13429 35207 0 0.0132285
50.1735 5792 683456 0.159112 90.5025 8.19228 90.5025 8.19228 35483 0 0.833537
50.3274 613952 5792 0.154607 0 8.16723 0 8.16723 35483 0 0.705861
50.3677 818120 611056 0.140253 121.915 8.25821 121.915 8.25821 35907 0 0.0819192
50.4184 708072 815224 0.0891974 128.616 8.37926 128.616 8.37926 36470 0 0.0226849
50.6887 511144 705176 0.167431 20.9091 8.44609 20.9091 8.44609 36958 0 0.0806275
50.8596 386616 508248 0.190774 23.8639 8.49789 23.8639 8.49789 37310 0 0.0488263
50.999 279464 383720 0.166832 22.1066 8.53508 22.1066 8.53508 37576 0 0.041365
51.1206 188240 276568 0.140488 18.2902 8.55828 18.2902 8.55828 37768 0 0.0372113
51.2365 134664 185344 0.124574 12.8873 8.56808 12.8873 8.56808 37897 0 0.0319455
51.2519 104256 131768 0.108417 68.5378 8.58608 68.5378 8.58608 37988 0 0.0311675
51.5332 75296 101360 0.153657 2.92385 8.55517 2.92385 8.55517 38059 0 0.0401814
51.5416 55024 72400 0.154793 68.8606 8.56501 68.8606 8.56501 38109 0 0.0423663
51.703 41992 52128 0.161453 2.58419 8.54634 2.58419 8.54634 38145 0 0.0452276
51.8603 33304 39096 0.15793 1.98849 8.52646 1.98849 8.52646 38172 0 0.0456629
52.1562 27512 30408 0.170516 0.861107 8.48296 0.861107 8.48296 38194 0 0.0490956
52.3051 23168 24616 0.171215 1.40055 8.4628 1.40055 8.4628 38212 0 0.0498197
52.4572 20272 20272 0.174277 1.14224 8.44157 1.14224 8.44157 38227 0 0.0509411
52.4589 17376 17376 0.16055 82.6327 8.44395 82.6327 8.44395 38239 0 0.0482932
52.6129 15928 14480 0.157023 0.752575 8.42145 0.752575 8.42145 38249 0 0.0478876
52.7671 14480 13032 0.155833 0.675735 8.3988 0.675735 8.3988 38258 0 0.0478096
52.9211 13032 11584 0.166349 0.677317 8.37634 0.677317 8.37634 38267 0 0.0500878
53.0738 14480 10136 0.160825 0.530947 8.35377 0.530947 8.35377 38274 0 0.0490955
53.2257 13032 11584 0.169818 0.686427 8.33189 0.686427 8.33189 38283 0 0.0508376
53.3782 14480 10136 0.162665 0.531784 8.3096 0.531784 8.3096 38290 0 0.04947
53.5324 13032 11584 0.173777 0.675735 8.2876 0.675735 8.2876 38299 0 0.0517228
53.6868 14480 10136 0.165702 0.525162 8.26528 0.525162 8.26528 38306 0 0.0501028
53.8414 13032 11584 0.178117 0.674684 8.24349 0.674684 8.24349 38315 0 0.0527293
53.9955 14480 10136 0.16833 0.525981 8.22146 0.525981 8.22146 38322 0 0.0506653
54.1491 13032 11584 0.18173 0.678907 8.20007 0.678907 8.20007 38331 0 0.0535959
54.1501 14480 10136 0.170146 84.3542 8.20142 84.3542 8.20142 38338 0 0.0510619
54.3042 13032 11584 0.163589 0.676261 8.18006 0.676261 8.18006 38347 0 0.0495084
54.4591 14480 10136 0.160076 0.523533 8.15828 0.523533 8.15828 38354 0 0.0489451
54.6135 13032 11584 0.172714 0.675209 8.13712 0.675209 8.13712 38363 0 0.051482
54.7229 14480 10136 0.154423 0.741575 8.12235 0.741575 8.12235 38370 0 0.0478455
54.8191 13032 11584 0.144805 1.0832 8.10999 1.0832 8.10999 38379 0 0.0459696
54.9381 11584 10136 0.127693 0.68165 8.0939 0.68165 8.0939 38386 0 0.0435121
55.0984 13032 8688 0.146406 0.505872 8.07183 0.505872 8.07183 38393 0 0.0465484
55.107 14480 10136 0.151018 9.37269 8.07203 9.37269 8.07203 38400 0 0.0472141
55.2743 13032 11584 0.158632 0.623307 8.04949 0.623307 8.04949 38409 0 0.0485059
55.4299 14480 10136 0.158339 0.521107 8.02836 0.521107 8.02836 38416 0 0.0486004
55.5735 13032 11584 0.168353 0.726061 8.00949 0.726061 8.00949 38425 0 0.0505181
55.7133 14480 10136 0.157242 0.579754 7.99084 0.579754 7.99084 38432 0 0.0483859
55.8555 13032 11584 0.166013 0.733426 7.97237 0.733426 7.97237 38441 0 0.0500165
55.9932 14480 10136 0.156686 0.58886 7.95421 0.58886 7.95421 38448 0 0.048278
56.1406 13032 11584 0.169514 0.707126 7.93518 0.707126 7.93518 38457 0 0.0507709
56.1495 14480 10136 0.160527 9.11937 7.93537 9.11937 7.93537 38464 0 0.0490356
56.2965 13032 11584 0.155695 0.709438 7.9165 0.709438 7.9165 38473 0 0.0479352
56.4427 14480 10136 0.151972 0.554506 7.89743 0.554506 7.89743 38480 0 0.0473887
56.5883 13032 11584 0.163487 0.715877 7.87895 0.715877 7.87895 38489 0 0.0494872
56.7339 14480 10136 0.156126 0.557253 7.86017 0.557253 7.86017 38496 0 0.04817
56.8795 13032 11584 0.16792 0.715877 7.84188 0.715877 7.84188 38505 0 0.0504243
57.0179 14480 10136 0.158753 0.585793 7.82426 0.585793 7.82426 38512 0 0.0486821
57.164 13032 11584 0.171015 0.713522 7.80608 0.713522 7.80608 38521 0 0.0511019
57.1729 14480 10136 0.160747 9.11937 7.80629 9.11937 7.80629 38528 0 0.0490798
57.3192 13032 11584 0.155535 0.712936 7.78819 0.712936 7.78819 38537 0 0.0479046
57.4655 14480 10136 0.152003 0.554051 7.76977 0.554051 7.76977 38544 0 0.0473944
57.6118 13032 11584 0.163601 0.712936 7.75186 0.712936 7.75186 38553 0 0.0495108
57.7582 14480 10136 0.156647 0.553596 7.7336 0.553596 7.7336 38560 0 0.0482706
57.9047 13032 11584 0.168514 0.711766 7.71584 0.711766 7.71584 38569 0 0.050553
58.0434 14480 10136 0.159528 0.584778 7.6988 0.584778 7.6988 38576 0 0.0488356
58.1897 13032 11584 0.171468 0.712351 7.68123 0.712351 7.68123 38585 0 0.0512029
58.1986 14480 10136 0.161134 9.11937 7.68145 9.11937 7.68145 38592 0 0.049158
58.3451 13032 11584 0.155941 0.711766 7.66395 0.711766 7.66395 38601 0 0.0479824
58.4916 14480 10136 0.152241 0.553596 7.64615 0.553596 7.64615 38608 0 0.0474383
58.6383 13032 11584 0.163975 0.7106 7.62879 0.7106 7.62879 38617 0 0.0495884
58.7849 14480 10136 0.156825 0.553142 7.61115 0.553142 7.61115 38624 0 0.048305
58.9315 13032 11584 0.168853 0.711183 7.59398 0.711183 7.59398 38633 0 0.0506267
59.07 14480 10136 0.159714 0.585285 7.57755 0.585285 7.57755 38640 0 0.0488728
59.2168 13032 11584 0.171578 0.710019 7.56052 0.710019 7.56052 38649 0 0.0512273
59.2257 14480 10136 0.161407 9.11937 7.56075 9.11937 7.56075 38656 0 0.0492133
59.3729 13032 11584 0.156295 0.70828 7.54376 0.70828 7.54376 38665 0 0.0480503
59.5199 14480 10136 0.152532 0.551785 7.5265 0.551785 7.5265 38672 0 0.047492
59.6662 13032 11584 0.164409 0.712351 7.50979 0.712351 7.50979 38681 0 0.0496788
59.8122 14480 10136 0.156984 0.555419 7.49281 0.555419 7.49281 38688 0 0.0483357
59.9585 13032 11584 0.168626 0.712936 7.47628 0.712936 7.47628 38697 0 0.0505773
