0.240049 14480 0 0 0 0 0 0 0 0 0.0439727
0.2807 18824 11584 0.04 3.70453 0.536487 3.70453 0.536487 13 0 0.0392075
0.280941 20272 15928 0.04 241.012 0.742193 241.012 0.742193 18 0 0.0387228
0.281181 21720 17376 0.040125 144.607 0.865151 144.607 0.865151 21 0 0.0385668
0.320387 23168 18824 0.0451094 0.886402 0.867752 0.886402 0.867752 24 0 0.0382428
0.320747 24616 20272 0.0444707 96.4048 0.975124 96.4048 0.975124 27 0 0.0381118
0.320987 26064 21720 0.0439119 144.607 1.08266 144.607 1.08266 30 0 0.0379793
0.321228 27512 23168 0.0435479 144.607 1.19003 144.607 1.19003 33 0 0.0378413
0.321468 28960 24616 0.0432294 144.607 1.29725 144.607 1.29725 36 0 0.0377024
0.321708 30408 26064 0.0429507 144.607 1.4043 144.607 1.4043 39 0 0.0375626
0.321949 31856 27512 0.0425819 144.607 1.5112 144.607 1.5112 42 0 0.0374263
0.360554 33304 28960 0.0471341 0.900197 1.44578 0.900197 1.44578 45 0 0.0371398
0.360794 34752 30408 0.0462424 144.607 1.54113 144.607 1.54113 48 0 0.0370152
0.361034 36200 31856 0.0455871 144.607 1.63637 144.607 1.63637 51 0 0.0368857
0.361274 37648 33304 0.0450137 144.607 1.73147 144.607 1.73147 54 0 0.0367548
0.361515 39096 34752 0.044512 144.607 1.82645 144.607 1.82645 57 0 0.0366226
0.361755 40544 36200 0.043948 144.607 1.9213 144.607 1.9213 60 0 0.0364932
0.361995 41992 37648 0.0434545 144.607 2.01603 144.607 2.01603 63 0 0.0363625
0.362236 43440 39096 0.0431477 144.607 2.11063 144.607 2.11063 66 0 0.0362262
0.362476 44888 40544 0.0428792 144.607 2.2051 144.607 2.2051 69 0 0.036089
0.362716 46336 41992 0.0426443 144.607 2.29945 144.607 2.29945 72 0 0.0359512
0.362957 47784 43440 0.0424388 144.607 2.39367 144.607 2.39367 75 0 0.0358127
0.400841 49232 44888 0.0421339 0.917328 2.25414 0.917328 2.25414 78 0 0.0356782
0.401081 50680 46336 0.0419922 144.607 2.33944 144.607 2.33944 81 0 0.0355382
0.401321 52128 47784 0.0418682 144.607 2.42463 144.607 2.42463 84 0 0.0353979
0.401562 53576 49232 0.0416346 144.607 2.50972 144.607 2.50972 87 0 0.035262
0.401802 55024 50680 0.0414303 144.607 2.59471 144.607 2.59471 90 0 0.0351253
0.402042 56472 52128 0.0413765 144.607 2.6796 144.607 2.6796 93 0 0.0349835
0.402283 57920 53576 0.0413295 144.607 2.76439 144.607 2.76439 96 0 0.0348417
0.402523 59368 55024 0.0412883 144.607 2.84907 144.607 2.84907 99 0 0.0346999
0.402763 60816 56472 0.0412522 144.607 2.93365 144.607 2.93365 102 0 0.0345583
0.403004 62264 57920 0.0413457 144.607 3.01814 144.607 3.01814 105 0 0.0344121
0.403244 63712 59368 0.0414275 144.607 3.10252 144.607 3.10252 108 0 0.0342667
0.403484 65160 60816 0.0413741 144.607 3.1868 144.607 3.1868 111 0 0.0341266
0.403725 66608 62264 0.0413273 144.607 3.27098 144.607 3.27098 114 0 0.0339866
0.403965 68056 63712 0.0412864 144.607 3.35506 144.607 3.35506 117 0 0.0338466
0.404205 69504 65160 0.0413756 144.607 3.43905 144.607 3.43905 120 0 0.0337021
0.404445 70952 66608 0.0414536 144.607 3.52293 144.607 3.52293 123 0 0.0335583
0.454076 72400 68056 0.0477719 0.700211 3.2144 0.700211 3.2144 126 0 0.0332233
0.454317 73848 69504 0.0485504 144.607 3.2892 144.607 3.2892 129 0 0.0330646
0.454557 75296 70952 0.0491066 144.607 3.36391 144.607 3.36391 132 0 0.0329122
0.454797 76744 72400 0.0495933 144.607 3.43854 144.607 3.43854 135 0 0.0327621
0.455037 78192 73848 0.0501441 144.607 3.5131 144.607 3.5131 138 0 0.0326116
0.455278 79640 75296 0.0506261 144.607 3.58758 144.607 3.58758 141 0 0.0324632
0.455518 81088 76744 0.0510479 144.607 3.66198 144.607 3.66198 144 0 0.0323167
0.455758 82536 78192 0.0514169 144.607 3.7363 144.607 3.7363 147 0 0.0321717
0.455999 83984 79640 0.0516148 144.607 3.81054 144.607 3.81054 150 0 0.0320301
0.456239 85432 81088 0.0519129 144.607 3.8847 144.607 3.8847 153 0 0.0318873
0.456479 86880 82536 0.0521738 144.607 3.95879 144.607 3.95879 156 0 0.0317456
0.45672 88328 83984 0.0524021 144.607 4.03279 144.607 4.03279 159 0 0.0316047
0.45696 89776 85432 0.0526018 144.607 4.10672 144.607 4.10672 162 0 0.0314647
0.4572 91224 86880 0.0529016 144.607 4.18057 144.607 4.18057 165 0 0.0313237
0.457441 92672 88328 0.0530389 144.607 4.25435 144.607 4.25435 168 0 0.0311853
0.457681 94120 89776 0.053159 144.607 4.32805 144.607 4.32805 171 0 0.0310476
0.457921 95568 91224 0.0532641 144.607 4.40166 144.607 4.40166 174 0 0.0309103
0.458162 97016 92672 0.0534811 144.607 4.47521 144.607 4.47521 177 0 0.0307719
0.458402 98464 94120 0.053671 144.607 4.54867 144.607 4.54867 180 0 0.0306343
0.458642 99912 95568 0.0538371 144.607 4.62206 144.607 4.62206 183 0 0.0304973
0.458883 101360 97016 0.0539825 144.607 4.69537 144.607 4.69537 186 0 0.0303609
0.459123 102808 98464 0.0542347 144.607 4.76861 144.607 4.76861 189 0 0.0302236
0.459363 104256 99912 0.0543303 144.607 4.84176 144.607 4.84176 192 0 0.0300885
0.459604 105704 101360 0.054414 144.607 4.91484 144.607 4.91484 195 0 0.0299538
0.542638 86880 102808 0.0824592 9.90504 5.67845 9.90504 5.67845 266 0 0.0309198
0.70161 63712 83984 0.100419 4.29923 5.36594 4.29923 5.36594 325 0 0.0341312
0.708579 56472 60816 0.0749681 69.8104 5.99979 69.8104 5.99979 367 0 0.0340932
0.765415 57920 53576 0.0597858 5.91065 5.99317 5.91065 5.99317 396 0 0.0344931
0.817204 63712 55024 0.053015 8.7234 6.1662 8.7234 6.1662 435 0 0.0344545
0.872117 68056 60816 0.0547426 8.85996 6.33581 8.85996 6.33581 477 0 0.0338372
0.933158 69504 65160 0.0602599 8.53979 6.47998 8.53979 6.47998 522 0 0.0333553
0.998405 65160 66608 0.0662481 8.34443 6.60182 8.34443 6.60182 569 0 0.0332832
1.06401 60816 62264 0.0658942 7.59232 6.6629 7.59232 6.6629 612 0 0.0337025
1.12782 56472 57920 0.0660663 7.44368 6.70707 7.44368 6.70707 653 0 0.0341308
1.19006 55024 53576 0.0629087 6.88606 6.71643 6.88606 6.71643 690 0 0.0345015
1.25266 53576 52128 0.064633 6.84641 6.72293 6.84641 6.72293 727 0 0.0346581
1.31719 52128 50680 0.0643938 6.28337 6.70139 6.28337 6.70139 762 0 0.0347998
1.384 47784 49232 0.0687016 6.06865 6.67085 6.06865 6.67085 797 0 0.0350302
1.45117 44888 44888 0.0673574 5.34624 6.60954 5.34624 6.60954 828 0 0.0354243
1.5175 41992 41992 0.0696405 5.23939 6.54965 5.23939 6.54965 858 0 0.0357541
1.58358 39096 39096 0.0693741 4.90788 6.48113 4.90788 6.48113 886 0 0.0360412
1.65027 36200 36200 0.0699508 4.51626 6.40173 4.51626 6.40173 912 0 0.0363458
1.72429 31856 33304 0.0752761 3.75603 6.28816 3.75603 6.28816 936 0 0.0367934
1.80204 27512 28960 0.0801415 3.12906 6.15187 3.12906 6.15187 957 0 0.0374098
1.88098 23168 24616 0.0792501 2.49449 5.99837 2.49449 5.99837 974 0 0.0378215
1.96041 18824 20272 0.0832266 2.1877 5.84398 2.1877 5.84398 989 0 0.0384399
2.03983 15928 15928 0.0810688 1.60432 5.6789 1.60432 5.6789 1000 0 0.0387779
2.20157 13032 13032 0.0912396 0.716232 5.31432 0.716232 5.31432 1010 0 0.0396128
2.28376 11584 10136 0.0969478 1.12754 5.16365 1.12754 5.16365 1018 0 0.040295
2.36607 13032 8688 0.101012 0.985158 5.01829 0.985158 5.01829 1025 0 0.0407644
2.36679 11584 10136 0.0948323 112.472 5.05102 112.472 5.05102 1032 0 0.0401432
2.44958 13032 8688 0.0898522 0.979439 4.91341 0.979439 4.91341 1039 0 0.0399735
2.53309 11584 10136 0.0878111 0.970984 4.78343 0.970984 4.78343 1046 0 0.0397033
2.61708 13032 8688 0.0943024 0.965427 4.6609 0.965427 4.6609 1053 0 0.040259
2.70011 11584 10136 0.0907924 0.976604 4.54761 0.976604 4.54761 1060 0 0.039878
2.7835 13032 8688 0.0967709 0.972383 4.4405 0.972383 4.4405 1067 0 0.0404345
2.86641 11584 10136 0.0922254 0.97802 4.34034 0.97802 4.34034 1074 0 0.0399683
2.95028 13032 8688 0.0990171 0.96681 4.24444 0.96681 4.24444 1081 0 0.0406047
2.95101 11584 10136 0.0940603 112.472 4.27088 112.472 4.27088 1088 0 0.04009
3.035 13032 8688 0.0898972 0.965427 4.1794 0.965427 4.1794 1095 0 0.0399762
3.11899 11584 10136 0.0879506 0.965427 4.09285 0.965427 4.09285 1102 0 0.0397111
3.20262 13032 8688 0.0944386 0.969588 4.0113 0.969588 4.0113 1109 0 0.0402684
3.28625 11584 10136 0.0908973 0.969588 3.93389 0.969588 3.93389 1116 0 0.0398845
3.36988 13032 8688 0.0969962 0.969588 3.86032 0.969588 3.86032 1123 0 0.0404511
3.45375 11584 10136 0.0927064 0.96681 3.79005 0.96681 3.79005 1130 0 0.0399996
3.53763 13032 8688 0.0995743 0.96681 3.72312 0.96681 3.72312 1137 0 0.0406485
3.53835 11584 10136 0.0944335 112.472 3.74528 112.472 3.74528 1144 0 0.0401155
3.62234 13032 8688 0.0902253 0.965427 3.68082 0.965427 3.68082 1151 0 0.0399959
3.70585 11584 10136 0.0880455 0.970984 3.61976 0.970984 3.61976 1158 0 0.0397164
3.7896 13032 8688 0.0943147 0.968197 3.56116 0.968197 3.56116 1165 0 0.0402599
3.87299 11584 10136 0.09058 0.972383 3.50542 0.972383 3.50542 1172 0 0.039865
3.95662 13032 8688 0.0969352 0.969588 3.45182 0.969588 3.45182 1179 0 0.0404466
4.04038 11584 10136 0.0925699 0.968197 3.40033 0.968197 3.40033 1186 0 0.0399907
4.12425 13032 8688 0.0995079 0.96681 3.35084 0.96681 3.35084 1193 0 0.0406432
4.12497 11584 10136 0.0942641 112.472 3.36992 112.472 3.36992 1200 0 0.0401039
4.20896 13032 8688 0.0900166 0.965427 3.32193 0.965427 3.32193 1207 0 0.0399834
4.29247 11584 10136 0.087935 0.970984 3.2762 0.970984 3.2762 1214 0 0.0397102
4.37622 13032 8688 0.09425 0.968197 3.23203 0.968197 3.23203 1221 0 0.0402554
4.45961 11584 10136 0.0908667 0.972383 3.18977 0.972383 3.18977 1228 0 0.0398826
4.54325 13032 8688 0.0970195 0.969588 3.1489 0.969588 3.1489 1235 0 0.0404528
4.62688 11584 10136 0.0924877 0.969588 3.10951 0.969588 3.10951 1242 0 0.0399853
4.71075 13032 8688 0.0993503 0.96681 3.07136 0.96681 3.07136 1249 0 0.0406308
4.71147 11584 10136 0.0941878 112.472 3.0881 112.472 3.0881 1256 0 0.0400987
4.79546 13032 8688 0.0900813 0.965427 3.05092 0.965427 3.05092 1263 0 0.0399873
4.87921 11584 10136 0.088074 0.968197 3.01517 0.968197 3.01517 1270 0 0.039718
4.96296 13032 8688 0.0943315 0.968197 2.98063 0.968197 2.98063 1277 0 0.040261
5.0466 11584 10136 0.0909213 0.969588 2.9473 0.969588 2.9473 1284 0 0.039886
5.13023 13032 8688 0.0971216 0.969588 2.91506 0.969588 2.91506 1291 0 0.0404604
5.2141 11584 10136 0.0928061 0.96681 2.88373 0.96681 2.88373 1298 0 0.0400061
5.29797 13032 8688 0.0995369 0.96681 2.85338 0.96681 2.85338 1305 0 0.0406455
5.29869 11584 10136 0.0944085 112.472 2.86829 112.472 2.86829 1312 0 0.0401138
5.38268 13032 8688 0.090197 0.965427 2.8386 0.965427 2.8386 1319 0 0.0399942
5.46619 11584 10136 0.0880421 0.970984 2.81007 0.970984 2.81007 1326 0 0.0397162
5.54995 13032 8688 0.0943128 0.968197 2.78227 0.968197 2.78227 1333 0 0.0402597
5.63334 11584 10136 0.0909088 0.972383 2.75548 0.972383 2.75548 1340 0 0.0398852
5.71697 13032 8688 0.0968935 0.969588 2.72936 0.969588 2.72936 1347 0 0.0404435
5.80072 11584 10136 0.0926377 0.968197 2.70393 0.968197 2.70393 1354 0 0.0399951
5.88459 13032 8688 0.0995339 0.96681 2.67917 0.96681 2.67917 1361 0 0.0406453
5.88531 11584 10136 0.0944065 112.472 2.69262 112.472 2.69262 1368 0 0.0401137
5.9693 13032 8688 0.0902095 0.965427 2.66832 0.965427 2.66832 1375 0 0.039995
6.05282 11584 10136 0.0880349 0.970984 2.6449 0.970984 2.6449 1382 0 0.0397158
6.13657 13032 8688 0.0943085 0.968197 2.62202 0.968197 2.62202 1389 0 0.0402594
6.21996 11584 10136 0.0905758 0.972383 2.5999 0.972383 2.5999 1396 0 0.0398647
6.30359 13032 8688 0.0969328 0.969588 2.57827 0.969588 2.57827 1403 0 0.0404464
6.38722 11584 10136 0.0925682 0.969588 2.55721 0.969588 2.55721 1410 0 0.0399905
6.47109 13032 8688 0.0993975 0.96681 2.53659 0.96681 2.53659 1417 0 0.0406345
6.47181 11584 10136 0.0943151 112.472 2.54884 112.472 2.54884 1424 0 0.0401074
6.55581 13032 8688 0.0900465 0.965427 2.52855 0.965427 2.52855 1431 0 0.0399852
6.63956 11584 10136 0.0880507 0.968197 2.50887 0.968197 2.50887 1438 0 0.0397167
6.72331 13032 8688 0.0943178 0.968197 2.48968 0.968197 2.48968 1445 0 0.0402601
6.80694 11584 10136 0.0907871 0.969588 2.471 0.969588 2.471 1452 0 0.0398777
6.89057 13032 8688 0.0970566 0.969588 2.45278 0.969588 2.45278 1459 0 0.0404556
6.97444 11584 10136 0.0926512 0.96681 2.43491 0.96681 2.43491 1466 0 0.039996
7.05831 13032 8688 0.0995556 0.96681 2.41747 0.96681 2.41747 1473 0 0.040647
7.05904 11584 10136 0.094421 112.472 2.42871 112.472 2.42871 1480 0 0.0401147
7.14303 13032 8688 0.0902336 0.965427 2.4115 0.965427 2.4115 1487 0 0.0399964
7.22654 11584 10136 0.088176 0.970984 2.39485 0.970984 2.39485 1494 0 0.0397237
7.31017 13032 8688 0.0941024 0.969588 2.37855 0.969588 2.37855 1501 0 0.0402454
7.39356 11584 10136 0.0907678 0.972383 2.36269 0.972383 2.36269 1508 0 0.0398765
7.47707 13032 8688 0.0968522 0.970984 2.34714 0.970984 2.34714 1515 0 0.0404405
7.5607 11584 10136 0.0925006 0.969588 2.33191 0.969588 2.33191 1522 0 0.0399861
7.64458 13032 8688 0.0992741 0.96681 2.31693 0.96681 2.31693 1529 0 0.0406248
7.6453 11584 10136 0.0942325 112.472 2.32732 112.472 2.32732 1536 0 0.0401017
7.72929 13032 8688 0.0901075 0.965427 2.31252 0.965427 2.31252 1543 0 0.0399888
7.81304 11584 10136 0.0880915 0.968197 2.29811 0.968197 2.29811 1550 0 0.039719
7.89679 13032 8688 0.0943417 0.968197 2.284 0.968197 2.284 1557 0 0.0402617
7.98042 11584 10136 0.0909282 0.969588 2.27023 0.969588 2.27023 1564 0 0.0398864
8.06405 13032 8688 0.0970299 0.969588 2.25674 0.969588 2.25674 1571 0 0.0404536
8.14793 11584 10136 0.092729 0.96681 2.24346 0.96681 2.24346 1578 0 0.040001
8.2318 13032 8688 0.0994918 0.96681 2.23045 0.96681 2.23045 1585 0 0.040642
8.23252 11584 10136 0.0943783 112.472 2.24011 112.472 2.24011 1592 0 0.0401117
8.31651 13032 8688 0.0901793 0.965427 2.22723 0.965427 2.22723 1599 0 0.0399932
8.40026 11584 10136 0.0881396 0.968197 2.21468 0.968197 2.21468 1606 0 0.0397217
8.48425 13032 8688 0.0944793 0.965427 2.20231 0.965427 2.20231 1613 0 0.0402712
8.56788 11584 10136 0.0908953 0.969588 2.19028 0.969588 2.19028 1620 0 0.0398844
8.65152 13032 8688 0.09712 0.969588 2.17848 0.969588 2.17848 1627 0 0.0404603
8.73515 11584 10136 0.0925843 0.969588 2.16691 0.969588 2.16691 1634 0 0.0399916
8.81902 13032 8688 0.099532 0.96681 2.15549 0.96681 2.15549 1641 0 0.0406452
8.81974 11584 10136 0.0944052 112.472 2.16451 112.472 2.16451 1648 0 0.0401136
8.90373 13032 8688 0.0900993 0.965427 2.1532 0.965427 2.1532 1655 0 0.0399883
8.98748 11584 10136 0.0880861 0.968197 2.14216 0.968197 2.14216 1662 0 0.0397187
9.07123 13032 8688 0.0942292 0.968197 2.13132 0.968197 2.13132 1669 0 0.040254
9.15487 11584 10136 0.0908527 0.969588 2.12071 0.969588 2.12071 1676 0 0.0398818
9.2385 13032 8688 0.0970951 0.969588 2.11029 0.969588 2.11029 1683 0 0.0404584
9.32237 11584 10136 0.0925676 0.96681 2.1 0.96681 2.1 1690 0 0.0399905
9.40624 13032 8688 0.0996315 0.96681 2.08989 0.96681 2.08989 1697 0 0.040653
9.40696 11584 10136 0.0943469 112.472 2.09835 112.472 2.09835 1704 0 0.0401096
9.49095 13032 8688 0.0900652 0.965427 2.08833 0.965427 2.08833 1711 0 0.0399863
9.57471 11584 10136 0.0880632 0.968197 2.07853 0.968197 2.07853 1718 0 0.0397174
9.6587 13032 8688 0.0944208 0.965427 2.06885 0.965427 2.06885 1725 0 0.0402672
9.74221 11584 10136 0.0908718 0.970984 2.05944 0.970984 2.05944 1732 0 0.0398829
9.8256 13032 8688 0.0971062 0.972383 2.05021 0.972383 2.05021 1739 0 0.0404592
9.90923 11584 10136 0.0926844 0.969588 2.04109 0.969588 2.04109 1746 0 0.0399981
9.99286 13032 8688 0.0993407 0.969588 2.03213 0.969588 2.03213 1753 0 0.0406301
9.99358 11584 10136 0.094277 112.472 2.04009 112.472 2.04009 1760 0 0.0401048
10.0769 5792 8688 0.0929924 0.139112 2.02438 0.139112 2.02438 1761 0 0.0402268
10.1176 10136 2896 0.0838549 1.13658 2.02081 1.13658 2.02081 1765 0 0.0402943
10.1954 13032 7240 0.0782856 1.34102 2.01562 1.34102 2.01562 1774 0 0.0395807
10.2939 14480 10136 0.0914101 0.940535 2.00533 0.940535 2.00533 1782 0 0.0399165
10.3713 15928 11584 0.100348 1.34727 2.00042 1.34727 2.00042 1791 0 0.0404056
10.435 18824 13032 0.0891292 1.63706 1.99821 1.63706 1.99821 1800 0 0.0394854
10.4955 23168 15928 0.084264 2.29535 1.99992 2.29535 1.99992 1812 0 0.0389413
10.5604 28960 20272 0.079514 2.67791 2.00409 2.67791 2.00409 1827 0 0.0383073
10.5621 37648 26064 0.0708979 123.949 2.02351 123.949 2.02351 1845 0 0.0375211
10.635 49232 34752 0.0725662 3.81172 2.03577 3.81172 2.03577 1869 0 0.0367755
10.714 62264 46336 0.0769243 4.69552 2.05537 4.69552 2.05537 1901 0 0.0357985
10.7954 75296 59368 0.0806378 5.82979 2.08385 5.82979 2.08385 1942 0 0.0346459
10.8747 88328 72400 0.0850738 7.44946 2.12298 7.44946 2.12298 1993 0 0.0335807
10.95 110048 85432 0.0778002 9.08607 2.17082 9.08607 2.17082 2052 0 0.0325618
11.0248 133216 107152 0.080197 11.6057 2.23488 11.6057 2.23488 2127 0 0.0307491
11.1014 167968 130320 0.0768225 13.6208 2.31338 13.6208 2.31338 2217 0 0.0297369
11.1804 207064 165072 0.0789006 16.7024 2.41514 16.7024 2.41514 2331 0 0.0274046
11.2655 244712 204168 0.0833157 19.1993 2.54189 19.1993 2.54189 2472 0 0.0242497
11.356 262088 241816 0.0959787 21.5086 2.69301 21.5086 2.69301 2640 0 0.0201957
11.4494 272224 259192 0.100898 22.3332 2.85316 22.3332 2.85316 2820 0 0.0189854
11.541 282360 269328 0.101072 23.6274 3.01819 23.6274 3.01819 3007 0 0.0182995
11.6314 312768 279464 0.0921385 24.7422 3.18696 24.7422 3.18696 3200 0 0.018421
11.7219 328696 309872 0.0987665 27.5259 3.37483 27.5259 3.37483 3415 0 0.015729
11.8178 359104 325800 0.0934905 27.1818 3.568 27.1818 3.568 3640 0 0.0155616
11.9164 360552 356208 0.106468 29.0036 3.77857 29.0036 3.77857 3887 0 0.0131904
11.946 372136 357656 0.101314 96.7967 4.00874 96.7967 4.00874 4134 0 0.0128918
12.0473 383720 369240 0.101569 29.276 4.22119 29.276 4.22119 4390 0 0.0122761
12.1481 398200 380824 0.101008 30.3348 4.4379 30.3348 4.4379 4654 0 0.0117462
12.2494 411232 395304 0.101593 31.3344 4.66031 31.3344 4.66031 4928 0 0.0109783
12.3515 421368 408336 0.102449 32.0971 4.88719 32.0971 4.88719 5211 0 0.0102857
12.4545 430056 418472 0.10323 32.5099 5.11558 32.5099 5.11558 5500 0 0.0098189
12.5583 437296 427160 0.104007 33.0276 5.34633 33.0276 5.34633 5796 0 0.00944141
12.6622 443088 434400 0.104255 33.5466 5.57781 33.5466 5.57781 6097 0 0.00910104
12.7664 448880 440192 0.104336 33.8028 5.80814 33.8028 5.80814 6401 0 0.00885061
12.8711 453224 445984 0.104938 34.0903 6.03811 34.0903 6.03811 6709 0 0.00862544
12.976 457568 450328 0.105147 34.3435 6.26694 34.3435 6.26694 7020 0 0.00845782
13.0811 460464 454672 0.105349 34.7057 6.49551 34.7057 6.49551 7335 0 0.00827366
13.1866 461912 457568 0.105778 34.6969 6.72114 34.6969 6.72114 7651 0 0.0081805
13.2922 463360 459016 0.105961 34.7671 6.944 34.7671 6.944 7968 0 0.00813727
13.3974 467704 460464 0.105302 35.1464 7.16532 35.1464 7.16532 8287 0 0.00804711
13.5023 472048 464808 0.105225 35.4478 7.38505 35.4478 7.38505 8608 0 0.00786267
13.6071 476392 469152 0.105 35.9307 7.60486 35.9307 7.60486 8933 0 0.0076675
13.7121 480736 473496 0.105312 36.0691 7.82287 36.0691 7.82287 9260 0 0.00752351
13.8164 486528 477840 0.104578 36.7627 8.04133 36.7627 8.04133 9591 0 0.00731413
13.9218 489424 483632 0.10565 36.7152 8.25838 36.7152 8.25838 9925 0 0.00714432
14.0275 490872 486528 0.106 36.8091 8.4736 36.8091 8.4736 10261 0 0.00705608
14.1337 492320 487976 0.106431 36.7516 8.68612 36.7516 8.68612 10598 0 0.00704183
14.2401 493768 489424 0.106515 36.9279 8.89702 36.9279 8.89702 10937 0 0.00699581
14.3462 495216 490872 0.106374 37.0116 9.10495 37.0116 9.10495 11276 0 0.00692924
14.4522 496664 492320 0.10625 37.2721 9.31151 37.2721 9.31151 11617 0 0.00686447
14.5579 498112 493768 0.106 37.3569 9.51521 37.3569 9.51521 11958 0 0.00678851
14.6641 499560 495216 0.106465 37.4059 9.71724 37.4059 9.71724 12301 0 0.00677887
14.7702 501008 496664 0.106426 37.4483 9.91645 37.4483 9.91645 12644 0 0.00672292
14.8769 499560 498112 0.10688 37.4546 10.114 37.4546 10.114 12989 0 0.00671325
14.9839 498112 496664 0.107167 37.1538 10.3069 37.1538 10.3069 13332 0 0.00679233
15.0912 495216 495216 0.107555 37.0289 10.497 37.0289 10.497 13675 0 0.00689255
15.1985 490872 492320 0.107601 36.7051 10.682 36.7051 10.682 14015 0 0.0070211
15.3054 489424 487976 0.107185 36.5038 10.8624 36.5038 10.8624 14352 0 0.00711238
15.4124 487976 486528 0.1072 36.5038 11.0403 36.5038 11.0403 14689 0 0.00716791
15.5193 486528 485080 0.107248 36.2872 11.2143 36.2872 11.2143 15024 0 0.00722689
15.6266 483632 483632 0.107502 36.1653 11.3856 36.1653 11.3856 15359 0 0.00731679
15.7339 480736 480736 0.107468 35.8414 11.5524 35.8414 11.5524 15691 0 0.00742393
15.841 477840 477840 0.107311 35.7055 11.7157 35.7055 11.7157 16021 0 0.00752053
15.9481 474944 474944 0.107353 35.4493 11.8752 35.4493 11.8752 16349 0 0.00763717
16.0548 473496 472048 0.106973 35.3918 12.0315 35.3918 12.0315 16675 0 0.00770408
16.1619 472048 470600 0.107224 35.1645 12.1847 35.1645 12.1847 17000 0 0.00778506
16.2689 470600 469152 0.107167 35.204 12.336 35.204 12.336 17325 0 0.00783736
16.3763 466256 467704 0.107737 34.8308 12.4836 34.8308 12.4836 17648 0 0.00797927
16.4833 464808 463360 0.107281 34.7317 12.6281 34.7317 12.6281 17969 0 0.00808193
16.5904 463360 461912 0.10728 34.5153 12.7693 34.5153 12.7693 18288 0 0.008141
16.6981 459016 460464 0.107964 34.3227 12.9083 34.3227 12.9083 18607 0 0.00829539
16.8056 454672 456120 0.107818 33.9302 13.0428 33.9302 13.0428 18922 0 0.00846161
16.9133 450328 451776 0.107962 33.6771 13.1742 33.6771 13.1742 19235 0 0.00865836
17.0207 447432 447432 0.107607 33.3211 13.3013 33.3211 13.3013 19544 0 0.00879141
17.1281 444536 444536 0.107628 33.2133 13.4262 33.2133 13.4262 19852 0 0.00891855
17.2358 440192 441640 0.107976 32.924 13.548 32.924 13.548 20158 0 0.00909688
17.3433 435848 437296 0.107771 32.6376 13.6664 32.6376 13.6664 20461 0 0.00926911
17.4509 432952 432952 0.107716 32.2067 13.7806 32.2067 13.7806 20760 0 0.00943977
17.558 430056 430056 0.107481 32.207 13.8931 32.207 13.8931 21058 0 0.00954857
17.6657 425712 427160 0.107899 31.848 14.0025 31.848 14.0025 21354 0 0.00973949
17.773 422816 422816 0.107606 31.6311 14.109 31.6311 14.109 21647 0 0.00989365
17.8804 419920 419920 0.107636 31.2722 14.2121 31.2722 14.2121 21937 0 0.0100319
17.9879 417024 417024 0.107641 31.0566 14.3127 31.0566 14.3127 22225 0 0.0101689
18.0955 412680 414128 0.107966 30.7721 14.4106 30.7721 14.4106 22511 0 0.0103564
18.2034 408336 409784 0.108073 30.3815 14.5053 30.3815 14.5053 22794 0 0.0105754
18.311 405440 405440 0.107787 30.2679 14.5978 30.2679 14.5978 23075 0 0.010741
18.4184 402544 402544 0.107607 29.9782 14.6876 29.9782 14.6876 23353 0 0.0108663
18.5259 399648 399648 0.10775 29.7293 14.7749 29.7293 14.7749 23629 0 0.0110236
18.6336 395304 396752 0.107902 29.4809 14.8598 29.4809 14.8598 23903 0 0.0112017
18.7413 390960 392408 0.107981 29.1581 14.942 29.1581 14.942 24174 0 0.0114289
18.8488 388064 388064 0.107708 28.9753 15.022 28.9753 15.022 24443 0 0.0116064
18.9562 385168 385168 0.107641 28.6842 15.0995 28.6842 15.0995 24709 0 0.0117496
19.0638 382272 382272 0.107829 28.4367 15.1747 28.4367 15.1747 24973 0 0.0119184
19.1714 379376 379376 0.107837 28.1898 15.2478 28.1898 15.2478 25235 0 0.0120712
19.2792 375032 376480 0.108066 27.9434 15.3188 27.9434 15.3188 25495 0 0.0122652
19.3869 372136 372136 0.107879 27.6518 15.3873 27.6518 15.3873 25752 0 0.0124606
19.4944 369240 369240 0.10778 27.575 15.4545 27.575 15.4545 26008 0 0.0126074
19.6022 364896 366344 0.108067 27.2986 15.5196 27.2986 15.5196 26262 0 0.0128109
19.7101 360552 362000 0.108151 26.9461 15.5822 26.9461 15.5822 26513 0 0.0130574
19.8177 357656 357656 0.107833 26.6056 15.642 26.6056 15.642 26760 0 0.0132493
19.9254 354760 354760 0.108 26.4388 15.7004 26.4388 15.7004 27006 0 0.0134275
20.0331 351864 351864 0.107938 26.2531 15.7571 26.2531 15.7571 27250 0 0.013585
20.1139 5792 348968 0.116401 11.4768 15.7399 11.4768 15.7399 27330 0 0.227535
20.2237 315664 2896 0.0900348 0.738105 15.6584 0.738105 15.6584 27337 0 0.211297
20.2988 419920 312768 0.0818183 33.9193 15.726 33.9193 15.726 27557 0 0.0333937
20.3748 480736 417024 0.0964712 43.9313 15.8312 43.9313 15.8312 27845 0 0.0157897
20.4094 603816 477840 0.0848025 110.464 15.9916 110.464 15.9916 28175 0 0.0328134
20.4982 731240 600920 0.089039 54.138 16.1569 54.138 16.1569 28590 0 0.0312893
20.5954 831152 728344 0.0975071 60.0594 16.3641 60.0594 16.3641 29094 0 0.0191866
20.6969 916584 828256 0.10175 65.3727 16.6045 65.3727 16.6045 29667 0 0.0151539
20.8004 997672 913688 0.103694 70.6521 16.8733 70.6521 16.8733 30298 0 0.0155039
20.9053 1074416 994776 0.105225 75.9754 17.1699 75.9754 17.1699 30986 0 0.0167765
21.013 1138128 1071520 0.107787 79.7276 17.4904 79.7276 17.4904 31727 0 0.0168511
21.1233 1184464 1135232 0.110655 82.3326 17.829 82.3326 17.829 32511 0 0.0169361
21.2361 1214872 1181568 0.113021 83.7767 18.1794 83.7767 18.1794 33327 0 0.0176995
21.3507 1230800 1211976 0.114968 84.5816 18.5359 84.5816 18.5359 34164 0 0.0186492
21.466 1245280 1227904 0.115305 85.3469 18.8946 85.3469 18.8946 35013 0 0.0196726
21.5811 1259760 1242384 0.1154 86.3417 19.2544 86.3417 19.2544 35871 0 0.0206823
21.6964 1272792 1256864 0.115627 87.166 19.6154 87.166 19.6154 36739 0 0.0216655
21.8125 1280032 1269896 0.11641 87.5228 19.9768 87.5228 19.9768 37616 0 0.022496
21.9297 1281480 1277136 0.117294 87.3081 20.3365 87.3081 20.3365 38499 0 0.0230461
22.0472 1278584 1278584 0.117747 87.0403 20.692 87.0403 20.692 39382 0 0.0232182
22.1648 1274240 1275688 0.117914 86.8529 21.0432 86.8529 21.0432 40264 0 0.023039
22.2822 1272792 1271344 0.117638 86.7347 21.3893 86.7347 21.3893 41143 0 0.0226539
22.3994 1274240 1269896 0.117414 86.7149 21.731 86.7149 21.731 42020 0 0.0225208
22.5164 1275688 1271344 0.11728 87.0019 22.0702 87.0019 22.0702 42899 0 0.0226127
22.6338 1274240 1272792 0.117655 86.7347 22.4056 86.7347 22.4056 43778 0 0.0227634
22.7512 1272792 1271344 0.117584 86.7347 22.7376 86.7347 22.7376 44657 0 0.0226476
22.8688 1268448 1269896 0.117914 86.3606 23.0648 86.3606 23.0648 45534 0 0.0226083
22.9866 1264104 1265552 0.118 86.0757 23.3876 86.0757 23.3876 46409 0 0.0222984
23.1043 1259760 1261208 0.118 85.6822 23.7051 85.6822 23.7051 47280 0 0.0219813
23.2225 1252520 1256864 0.118373 85.2246 24.018 85.2246 24.018 48149 0 0.0217698
23.3405 1246728 1249624 0.118244 84.7223 24.3249 84.7223 24.3249 49012 0 0.0212031
23.4583 1242384 1243832 0.118132 84.5139 24.6274 84.5139 24.6274 49872 0 0.0207547
23.5762 1238040 1239488 0.118126 84.2191 24.9253 84.2191 24.9253 50729 0 0.0204503
23.6943 1230800 1235144 0.118413 83.6554 25.2181 83.6554 25.2181 51582 0 0.0202424
23.8123 1225008 1227904 0.118249 83.3479 25.5062 83.3479 25.5062 52431 0 0.0196938
23.9304 1217768 1222112 0.118328 82.7728 25.7888 82.7728 25.7888 53275 0 0.0193452
24.0487 1210528 1214872 0.118474 82.1988 26.0662 82.1988 26.0662 54114 0 0.0188799
24.1667 1204736 1207632 0.118221 81.9735 26.3391 81.9735 26.3391 54949 0 0.0183419
24.2849 1197496 1201840 0.118414 81.3171 26.6068 81.3171 26.6068 55779 0 0.0180234
24.4032 1190256 1194600 0.118488 80.8272 26.8695 80.8272 26.8695 56604 0 0.0175705
24.5216 1180120 1187360 0.118777 80.2721 27.1275 80.2721 27.1275 57425 0 0.0172398
24.6399 1172880 1177224 0.118422 79.6515 27.3796 79.6515 27.3796 58238 0 0.0164856
24.7581 1165640 1169984 0.118495 79.2596 27.6273 79.2596 27.6273 59047 0 0.0160578
24.8765 1156952 1162744 0.11867 78.5919 27.8698 78.5919 27.8698 59850 0 0.0156907
24.9947 1149712 1154056 0.118458 78.1819 28.1078 78.1819 28.1078 60648 0 0.0151202
25.1131 1142472 1146816 0.118614 77.6132 28.3411 77.6132 28.3411 61441 0 0.0147262
25.2313 1135232 1139576 0.118561 77.1042 28.5696 77.1042 28.5696 62228 0 0.0143151
25.3498 1126544 1132336 0.118692 76.5567 28.7939 76.5567 28.7939 63011 0 0.013974
25.4679 1120752 1123648 0.11825 76.1039 29.0133 76.1039 29.0133 63787 0 0.0133807
25.5862 1112064 1117856 0.118703 75.5579 29.2287 75.5579 29.2287 64559 0 0.0132029
25.705 1101928 1109168 0.118872 74.743 29.4389 74.743 29.4389 65325 0 0.012822
25.8236 1093240 1099032 0.118808 74.135 29.6441 74.135 29.6441 66084 0 0.0122555
25.9423 1083104 1090344 0.118993 73.5721 29.8452 73.5721 29.8452 66838 0 0.0118999
26.0612 1072968 1080208 0.11915 72.7418 30.041 72.7418 30.041 67585 0 0.0114351
26.1798 1064280 1070072 0.118838 72.1815 30.2319 72.1815 30.2319 68324 0 0.0108812
26.298 1058488 1061384 0.118285 71.9849 30.4194 71.9849 30.4194 69058 0 0.0103517
26.4167 1048352 1055592 0.118949 71.2303 30.6028 71.2303 30.6028 69788 0 0.0102985
26.5364 1032424 1045456 0.119946 69.9806 30.7804 69.9806 30.7804 70511 0 0.0102521
26.6564 1015048 1029528 0.12028 68.6124 30.9508 68.6124 30.9508 71222 0 0.00972679
26.7752 1004912 1012152 0.119105 68.2339 31.1162 68.2339 31.1162 71922 0 0.00856312
26.8926 1003464 1002016 0.117656 68.3813 31.2789 68.3813 31.2789 72615 0 0.00784439
27.0105 999120 1000568 0.118191 67.9059 31.4388 67.9059 31.4388 73306 0 0.00788446
27.1285 994776 996224 0.11823 67.6404 31.5962 67.6404 31.5962 73995 0 0.00773549
27.2477 984640 991880 0.119344 66.5698 31.7492 66.5698 31.7492 74680 0 0.00786483
27.3685 964368 981744 0.121 65.1332 31.8965 65.1332 31.8965 75359 0 0.00827064
27.4896 944096 961472 0.12136 63.5047 32.0358 63.5047 32.0358 76023 0 0.00767572
27.6102 926720 941200 0.120868 62.4135 32.1685 62.4135 32.1685 76673 0 0.00684131
27.7305 909344 923824 0.120623 61.4448 32.2955 61.4448 32.2955 77311 0 0.00636046
27.8509 893416 906448 0.120487 60.2289 32.4163 60.2289 32.4163 77937 0 0.00585021
27.9713 877488 890520 0.120713 59.1706 32.5314 59.1706 32.5314 78552 0 0.00554127
28.0924 858664 874592 0.121328 57.862 32.6406 57.862 32.6406 79157 0 0.0054949
28.2137 838392 855768 0.121474 56.467 32.743 56.467 32.743 79748 0 0.00530509
28.3355 816672 835496 0.122157 54.9526 32.8385 54.9526 32.8385 80326 0 0.00522201
28.4575 794952 813776 0.122131 53.4738 32.927 53.4738 32.927 80889 0 0.00498816
28.579 776128 792056 0.121645 52.1597 33.0087 52.1597 33.0087 81436 0 0.00455581
28.7009 755856 773232 0.122142 50.8143 33.0844 50.8143 33.0844 81971 0 0.00463065
28.8234 734136 752960 0.122725 49.1958 33.1528 49.1958 33.1528 82491 0 0.00477372
28.9459 712416 731240 0.122729 47.7298 33.2145 47.7298 33.2145 82996 0 0.00479859
29.0687 690696 709520 0.123135 46.3158 33.2699 46.3158 33.2699 83487 0 0.00494119
29.1913 670424 687800 0.122773 44.8944 33.3187 44.8944 33.3187 83962 0 0.00494621
29.3146 648704 667528 0.123509 43.4103 33.3611 43.4103 33.3611 84424 0 0.00535573
29.4386 625536 645808 0.124228 41.7567 33.3965 41.7567 33.3965 84871 0 0.00585147
29.5631 600920 622640 0.124726 40.0136 33.4244 40.0136 33.4244 85301 0 0.0064202
29.6877 577752 598024 0.124848 38.3946 33.4452 38.3946 33.4452 85714 0 0.00680194
29.8125 554584 574856 0.125157 36.9289 33.4598 36.9289 33.4598 86112 0 0.00738108
29.9372 532864 551688 0.124887 35.4785 33.4682 35.4785 33.4682 86494 0 0.00784558
30.0617 511144 529968 0.124821 34.1511 33.4711 34.1511 33.4711 86861 0 0.00848319
30.1568 5792 508248 0.122918 13.0409 33.4067 13.0409 33.4067 86968 0 0.462125
30.2696 428608 2896 0.131715 0.308003 33.2833 0.308003 33.2833 86971 0 0.362654
30.3808 570512 425712 0.121049 31.0486 33.2751 31.0486 33.2751 87269 0 0.0470039
30.5134 647256 567616 0.143168 34.2307 33.2793 34.2307 33.2793 87661 0 0.0197528
30.5605 728344 644360 0.144775 109.439 33.3967 109.439 33.3967 88106 0 0.0196698
30.6975 851424 725448 0.137223 42.4519 33.4371 42.4519 33.4371 88608 0 0.0329373
30.8227 1062832 848528 0.125431 54.3087 33.5218 54.3087 33.5218 89195 0 0.0844264
30.9503 1307544 1059936 0.127789 66.4485 33.6576 66.4485 33.6576 89927 0 0.117887
31.0929 1485648 1304648 0.142702 73.2384 33.839 73.2384 33.839 90828 0 0.0851088
31.2549 1545016 1482752 0.162268 73.2505 34.0434 73.2505 34.0434 91853 0 0.0549061
31.4286 1534880 1542120 0.173902 71.0527 34.2479 71.0527 34.2479 92918 0 0.0577752
31.6041 1513160 1531984 0.175763 69.8786 34.4458 69.8786 34.4458 93977 0 0.057724
31.776 1514608 1510264 0.172118 70.3148 34.6398 70.3148 34.6398 95020 0 0.0536765
31.9441 1536328 1511712 0.168317 72.0107 34.8364 72.0107 34.8364 96065 0 0.0538302
32.1111 1565288 1533432 0.167312 73.448 35.0373 73.448 35.0373 97124 0 0.0566525
32.2797 1584112 1562392 0.168833 74.2104 35.2418 74.2104 35.2418 98204 0 0.0594066
32.4502 1591352 1581216 0.170747 74.2568 35.4468 74.2568 35.4468 99297 0 0.0614903
32.6216 1592800 1588456 0.171761 74.1108 35.6501 74.1108 35.6501 100394 0 0.062486
32.7931 1594248 1589904 0.171687 74.2459 35.8519 74.2459 35.8519 101493 0 0.0626422
32.9642 1598592 1591352 0.171426 74.4023 36.052 74.4023 36.052 102592 0 0.0627869
33.1355 1602936 1595696 0.171523 74.6207 36.2513 74.6207 36.2513 103695 0 0.0633298
33.3069 1605832 1600040 0.1716 74.6512 36.449 74.6512 36.449 104800 0 0.0638522
33.4789 1604384 1602936 0.172167 74.6447 36.6452 74.6447 36.6452 105908 0 0.0643185
33.6514 1600040 1601488 0.172809 74.3176 36.8383 74.3176 36.8383 107015 0 0.0643172
33.8241 1594248 1597144 0.172938 73.9976 37.028 73.9976 37.028 108118 0 0.0638477
33.9968 1588456 1591352 0.172971 73.7963 37.2148 73.7963 37.2148 109218 0 0.0631597
34.1698 1581216 1585560 0.173207 73.3748 37.3979 73.3748 37.3979 110314 0 0.0625559
34.3416 1582664 1578320 0.172028 73.5508 37.5788 73.5508 37.5788 111405 0 0.0613443
34.5122 1589904 1579768 0.170957 74.0688 37.7592 74.0688 37.7592 112496 0 0.0613658
34.6836 1594248 1587008 0.171514 74.1627 37.939 74.1627 37.939 113593 0 0.0622881
34.8563 1588456 1591352 0.172981 73.7292 38.1163 73.7292 38.1163 114692 0 0.0631621
35.0301 1575424 1585560 0.174044 73.0198 38.2896 73.0198 38.2896 115788 0 0.0629549
35.2033 1566736 1572528 0.173513 72.7217 38.4589 72.7217 38.4589 116875 0 0.0611298
35.3762 1560944 1563840 0.173083 72.3538 38.6246 72.3538 38.6246 117955 0 0.0599468
35.5491 1553704 1558048 0.173227 72.0859 38.7873 72.0859 38.7873 119031 0 0.0593449
35.723 1540672 1550808 0.174147 71.3542 38.9458 71.3542 38.9458 120102 0 0.0589344
35.8964 1531984 1537776 0.173607 71.0175 39.1008 71.0175 39.1008 121165 0 0.0571716
36.0701 1520400 1529088 0.173978 70.4035 39.2515 70.4035 39.2515 122221 0 0.0563924
36.2433 1511712 1517504 0.173539 70.1126 39.399 70.1126 39.399 123269 0 0.0549142
36.4167 1503024 1508816 0.173557 69.6145 39.5429 69.6145 39.5429 124311 0 0.0539752
36.5905 1489992 1500128 0.174163 69.0224 39.6829 69.0224 39.6829 125347 0 0.0533488
36.7642 1479856 1487096 0.173812 68.5175 39.8191 68.5175 39.8191 126374 0 0.0517713
36.9376 1469720 1476960 0.173706 68.2116 39.9524 68.2116 39.9524 127395 0 0.0506919
37.1108 1462480 1466824 0.173439 67.724 40.0821 67.724 40.0821 128408 0 0.049501
37.2846 1452344 1459584 0.174 67.27 40.2088 67.27 40.2088 129417 0 0.0489838
37.4587 1439312 1449448 0.174324 66.5985 40.3314 66.5985 40.3314 130418 0 0.0481614
37.6336 1421936 1436416 0.175135 65.7486 40.4496 65.7486 40.4496 131411 0 0.047298
37.8085 1406008 1419040 0.175092 64.9324 40.5628 64.9324 40.5628 132391 0 0.0455276
37.9834 1388632 1403112 0.175186 64.1595 40.6715 64.1595 40.6715 133360 0 0.0441374
38.1585 1369808 1385736 0.17541 63.3876 40.7757 63.3876 40.7757 134318 0 0.0426897
38.3336 1353880 1366912 0.175246 62.5275 40.875 62.5275 40.875 135263 0 0.0407961
38.5085 1337952 1350984 0.175212 61.7759 40.97 61.7759 40.97 136196 0 0.0394088
38.6837 1322024 1335056 0.175345 61.0299 41.0609 61.0299 41.0609 137119 0 0.038096
38.8594 1303200 1319128 0.175908 60.0717 41.1468 60.0717 41.1468 138030 0 0.0370979
39.0343 1287272 1300304 0.175237 59.5247 41.2292 59.5247 41.2292 138929 0 0.0352656
39.2095 1271344 1284376 0.175478 58.6496 41.307 58.6496 41.307 139816 0 0.0340925
39.384 1258312 1268448 0.17473 58.228 41.382 58.228 41.382 140693 0 0.0325787
39.5591 1242384 1255416 0.175309 57.3665 41.4527 57.3665 41.4527 141560 0 0.0319121
39.7333 1230800 1239488 0.174561 56.9786 41.5208 56.9786 41.5208 142417 0 0.030401
39.9068 1223560 1227904 0.173701 56.6144 41.5864 56.6144 41.5864 143265 0 0.0292622
40.0815 1210528 1220664 0.17499 55.8936 41.6488 55.8936 41.6488 144108 0 0.0292774
40.2059 5792 1207632 0.183113 41.822 41.6493 41.822 41.6493 144557 0 2.6103
40.3482 1088896 2896 0.153898 0.325692 41.5036 0.325692 41.5036 144561 0 2.13404
40.4397 1450896 1086000 0.128447 95.483 41.6257 95.483 41.6257 145315 0 0.24568
40.6394 1255416 1448000 0.181971 58.0053 41.7062 58.0053 41.7062 146315 0 0.117456
40.7595 946992 1252520 0.229994 83.3901 41.8291 83.3901 41.8291 147180 0 0.215967
41.0281 765992 944096 0.203719 28.1666 41.7396 28.1666 41.7396 147833 0 0.081576
41.1064 739928 763096 0.152942 77.9223 41.8086 77.9223 41.8086 148360 0 0.00985809
41.2775 797848 737032 0.1298 34.527 41.7784 34.527 41.7784 148870 0 0.0108479
41.3806 942648 794952 0.11425 61.7979 41.8283 61.7979 41.8283 149420 0 0.0403615
41.4892 1119304 939752 0.113474 69.3176 41.9003 69.3176 41.9003 150070 0 0.0608996
41.6131 1227904 1116408 0.126638 72.1867 41.9904 72.1867 41.9904 150842 0 0.0349546
41.7534 1230800 1225008 0.144729 69.9699 42.0844 69.9699 42.0844 151689 0 0.0232388
41.855 1207632 1227904 0.149443 96.6327 42.2169 96.6327 42.2169 152537 0 0.0251956
42.0025 1194600 1204736 0.147694 65.3698 42.2982 65.3698 42.2982 153369 0 0.0226969
42.1459 1203288 1191704 0.143643 66.4499 42.3804 66.4499 42.3804 154192 0 0.0210044
42.2881 1219216 1200392 0.142402 67.6382 42.4653 67.6382 42.4653 155022 0 0.0216662
42.429 1242384 1216320 0.141291 69.1189 42.5538 69.1189 42.5538 155863 0 0.023026
42.5704 1262656 1239488 0.141692 70.1126 42.6454 70.1126 42.6454 156719 0 0.0244423
42.7126 1278584 1259760 0.142362 70.8979 42.7394 70.8979 42.7394 157589 0 0.0257131
42.8563 1285824 1275688 0.143988 71.0139 42.8342 71.0139 42.8342 158470 0 0.0267986
43.0019 1282928 1282928 0.145787 70.5537 42.9281 70.5537 42.9281 159357 0 0.0275707
43.1482 1275688 1280032 0.146476 70.0262 43.0199 70.0262 43.0199 160241 0 0.0275487
43.2939 1271344 1272792 0.146 69.8597 43.1103 69.8597 43.1103 161120 0 0.026865
43.4399 1265552 1268448 0.146185 69.586 43.1993 69.586 43.1993 161997 0 0.0266014
43.5859 1259760 1262656 0.146144 69.1893 43.2863 69.1893 43.2863 162869 0 0.0261696
43.7323 1251072 1256864 0.146706 68.7023 43.3714 68.7023 43.3714 163737 0 0.0259214
43.8797 1238040 1248176 0.147607 67.7269 43.4532 67.7269 43.4532 164599 0 0.0256253
44.0265 1227904 1235144 0.147105 67.294 43.5327 67.294 43.5327 165452 0 0.024507
44.1733 1217768 1225008 0.146993 66.8754 43.6103 66.8754 43.6103 166299 0 0.0237954
44.3213 1200392 1214872 0.14827 65.6523 43.6839 65.6523 43.6839 167138 0 0.0236958
44.4709 1175776 1197496 0.149742 64.115 43.7526 64.115 43.7526 167966 0 0.0233711
44.6209 1149712 1172880 0.150167 62.6477 43.8161 62.6477 43.8161 168777 0 0.0220545
44.7711 1122200 1146816 0.150481 61.0821 43.874 61.0821 43.874 169569 0 0.0207298
44.921 1096136 1119304 0.150292 59.7123 43.9269 59.7123 43.9269 170342 0 0.0190588
45.1301 1038216 1093240 0.157697 41.8862 43.9175 41.8862 43.9175 171098 0 0.0238865
45.282 983192 1035320 0.157696 54.609 43.9533 54.609 43.9533 171814 0 0.0207159
45.4315 941200 980296 0.155267 52.5422 43.9816 52.5422 43.9816 172492 0 0.0159822
45.5793 907896 938304 0.153469 50.8672 44.0039 50.8672 44.0039 173141 0 0.0132297
45.6571 912240 905000 0.144416 92.983 44.0874 92.983 44.0874 173766 0 0.00886798
45.8026 910792 909344 0.145803 50.0732 44.1065 50.0732 44.1065 174395 0 0.00917142
45.9522 891968 907896 0.149848 48.5508 44.1209 48.5508 44.1209 175022 0 0.0104755
46.1867 823912 889072 0.164004 30.389 44.0512 30.389 44.0512 175637 0 0.0204263
46.2604 790608 821016 0.154779 89.0253 44.1229 89.0253 44.1229 176204 0 0.0113135
46.4945 738480 787712 0.161141 26.9716 44.0366 26.9716 44.0366 176749 0 0.0151614
46.5599 725448 735584 0.149197 90.0251 44.1012 90.0251 44.1012 177257 0 0.00827282
46.7067 719656 722552 0.147081 39.3666 44.0863 39.3666 44.0863 177756 0 0.00769627
46.949 671872 716760 0.161026 23.7186 43.9812 23.7186 43.9812 178252 0 0.014344
47.1052 618296 668976 0.165017 34.3349 43.9492 34.3349 43.9492 178715 0 0.0165982
47.1607 599472 615400 0.152287 88.6841 44.0019 88.6841 44.0019 179140 0 0.0104351
47.411 556032 596576 0.162691 19.1143 43.8705 19.1143 43.8705 179553 0 0.0155741
47.4605 543000 553136 0.150092 89.385 43.918 89.385 43.918 179935 0 0.0111745
47.6103 531416 540104 0.15012 28.8364 43.8705 28.8364 43.8705 180308 0 0.0114931
47.8727 486528 528520 0.166241 16.1557 43.7186 16.1557 43.7186 180674 0 0.0183575
48.0285 441640 483632 0.168421 24.9194 43.6576 24.9194 43.6576 181009 0 0.0203828
48.0686 428608 438744 0.152037 87.457 43.6942 87.457 43.6942 181312 0 0.0156619
48.334 395304 425712 0.16448 12.8743 43.5249 12.8743 43.5249 181607 0 0.0203662
48.3694 385168 392408 0.15128 88.8629 43.558 88.8629 43.558 181878 0 0.0176078
48.6418 351864 382272 0.166637 11.2692 43.3772 11.2692 43.3772 182143 0 0.0229593
48.6735 340280 348968 0.153158 88.0059 43.4063 88.0059 43.4063 182384 0 0.0203536
48.9533 308424 337384 0.169121 9.68601 43.2135 9.68601 43.2135 182618 0 0.0258184
49.1102 276568 305528 0.171237 15.6612 43.1256 15.6612 43.1256 182830 0 0.0282262
49.2648 249056 273672 0.170502 14.2323 43.0349 14.2323 43.0349 183020 0 0.0296906
49.4184 225888 246160 0.1686 12.8992 42.9412 12.8992 42.9412 183191 0 0.0308001
49.4388 220096 222992 0.151398 87.3314 42.9596 87.3314 42.9596 183345 0 0.0281635
49.5891 215752 217200 0.150522 11.5593 42.8644 11.5593 42.8644 183495 0 0.0284146
49.7428 207064 212856 0.153976 11.0801 42.7662 11.0801 42.7662 183642 0 0.0294828
50.039 185344 204168 0.173335 5.55354 42.5459 5.55354 42.5459 183784 0 0.0348699
50.1972 165072 182448 0.175552 9.29644 42.4411 9.29644 42.4411 183911 0 0.0369889
50.2061 5792 162176 0.15667 78.166 42.4474 78.166 42.4474 183971 0 0.079019
50.3355 144800 5792 0.130793 0 42.3383 0 42.3383 183971 0 0.0787487
50.4198 192584 141904 0.124891 13.747 42.2905 13.747 42.2905 184071 0 0.0345656
50.4316 249056 189688 0.0943418 128.868 42.3107 128.868 42.3107 184202 0 0.0291741
50.5886 225888 246160 0.157234 12.613 42.2185 12.613 42.2185 184373 0 0.0284607
50.7653 191136 222992 0.176959 10.0995 42.1068 10.0995 42.1068 184527 0 0.0355766
50.9198 175208 188240 0.154703 9.74543 42.0085 9.74543 42.0085 184657 0 0.0318606
51.0487 181000 172312 0.129201 10.6917 41.9294 10.6917 41.9294 184776 0 0.0285798
51.1613 204168 178104 0.112782 12.7579 41.8653 12.7579 41.8653 184900 0 0.0269982
51.2707 236024 201272 0.109554 14.8315 41.8076 14.8315 41.8076 185040 0 0.0256715
51.407 234576 233128 0.136668 13.76 41.7332 13.76 41.7332 185202 0 0.0248795
51.5628 214304 231680 0.155991 11.9762 41.6433 11.9762 41.6433 185363 0 0.0290493
51.7245 191136 211408 0.161992 10.457 41.5458 10.457 41.5458 185509 0 0.0319846
51.8817 173760 188240 0.157295 9.58152 41.449 9.58152 41.449 185639 0 0.0324439
52.0322 162176 170864 0.150926 9.07882 41.3553 9.07882 41.3553 185757 0 0.0323566
52.1793 153488 159280 0.147276 8.66383 41.2632 8.66383 41.2632 185867 0 0.0325655
52.3277 144800 150592 0.148599 8.1183 41.1692 8.1183 41.1692 185971 0 0.0335334
52.4792 134664 141904 0.151753 7.4922 41.0719 7.4922 41.0719 186069 0 0.0348967
52.6327 124528 131768 0.153683 6.86988 40.9722 6.86988 40.9722 186160 0 0.0361387
52.9294 107152 121632 0.172229 3.31892 40.7612 3.31892 40.7612 186245 0 0.0412102
52.9394 99912 104256 0.152973 82.6327 40.7691 82.6327 40.7691 186317 0 0.0383894
53.0905 92672 97016 0.15136 5.13852 40.6678 5.13852 40.6678 186384 0 0.0387608
53.3869 79640 89776 0.169609 2.4619 40.4556 2.4619 40.4556 186447 0 0.043313
53.3944 73848 76744 0.153015 82.4105 40.4615 82.4105 40.4615 186500 0 0.0409443
53.6966 63712 70952 0.172438 1.9166 40.2446 1.9166 40.2446 186550 0 0.0456148
53.8517 55024 60816 0.174052 3.211 40.1379 3.211 40.1379 186593 0 0.046918
53.8568 50680 52128 0.155607 82.6327 40.1419 82.6327 40.1419 186629 0 0.0438071
54.0106 47784 47784 0.154145 2.48544 40.0346 2.48544 40.0346 186662 0 0.0439436
54.3154 40544 44888 0.172998 1.21598 39.8168 1.21598 39.8168 186694 0 0.048217
54.4709 34752 37648 0.176109 2.01154 39.7088 2.01154 39.7088 186721 0 0.049626
54.474 31856 31856 0.15872 81.5733 39.7112 81.5733 39.7112 186743 0 0.0464348
54.6284 28960 28960 0.155572 1.50046 39.6032 1.50046 39.6032 186763 0 0.0461194
54.7382 30408 26064 0.122162 1.89856 39.5276 1.89856 39.5276 186781 0 0.041136
54.8386 36200 27512 0.106989 2.19364 39.4593 2.19364 39.4593 186800 0 0.0393868
54.9709 37648 33304 0.128711 2.10147 39.3694 2.10147 39.3694 186824 0 0.0412514
55.1331 34752 34752 0.158375 1.78527 39.2588 1.78527 39.2588 186849 0 0.0460715
55.299 30408 31856 0.164165 1.53578 39.1456 1.53578 39.1456 186871 0 0.0475582
55.4525 27512 27512 0.158062 1.43437 39.0412 1.43437 39.0412 186890 0 0.0467502
55.5952 24616 24616 0.156779 1.46068 38.9448 1.46068 38.9448 186908 0 0.0467984
55.7353 23168 21720 0.153473 1.32288 38.8502 1.32288 38.8502 186924 0 0.0464577
55.878 21720 20272 0.154068 1.21826 38.7541 1.21826 38.7541 186939 0 0.0467194
56.0238 20272 18824 0.149 1.03234 38.6559 1.03234 38.6559 186952 0 0.045942
56.1712 18824 17376 0.1573 1.02224 38.5572 1.02224 38.5572 186965 0 0.047639
56.3181 17376 15928 0.151821 0.867091 38.4589 0.867091 38.4589 186976 0 0.0467538
56.4642 15928 14480 0.159499 0.872083 38.3616 0.872083 38.3616 186987 0 0.0483742
56.6096 14480 13032 0.15284 0.71706 38.2649 0.71706 38.2649 186996 0 0.047245
56.7551 13032 11584 0.161384 0.716468 38.1686 0.716468 38.1686 187005 0 0.0490564
56.9008 11584 10136 0.155018 0.556793 38.0724 0.556793 38.0724 187012 0 0.0479583
57.0471 10136 8688 0.165288 0.554051 37.9761 0.554051 37.9761 187019 0 0.050168
57.193 11584 7240 0.158922 0.397054 37.8803 0.397054 37.8803 187024 0 0.0490207
57.3393 10136 8688 0.17075 0.554051 37.785 0.554051 37.785 187031 0 0.051348
57.4855 11584 7240 0.162676 0.396401 37.69 0.396401 37.69 187036 0 0.0497776
57.6317 10136 8688 0.175422 0.554506 37.5957 0.554506 37.5957 187043 0 0.0524046
57.6324 11584 7240 0.165945 80.3373 37.5963 80.3373 37.5963 187048 0 0.0504595
57.7787 10136 8688 0.159566 0.554506 37.5025 0.554506 37.5025 187055 0 0.0489959
57.925 11584 7240 0.155213 0.39575 37.4088 0.39575 37.4088 187060 0 0.0483008
58.0714 10136 8688 0.168471 0.554051 37.3159 0.554051 37.3159 187067 0 0.0508484
58.2176 11584 7240 0.161054 0.396076 37.2231 0.396076 37.2231 187072 0 0.0494471
58.3641 10136 8688 0.174569 0.553596 37.1311 0.553596 37.1311 187079 0 0.0522085
58.3648 11584 7240 0.165344 80.3373 37.1316 80.3373 37.1316 187084 0 0.0503326
58.511 10136 8688 0.159084 0.554506 37.0402 0.554506 37.0402 187091 0 0.0489
58.6575 11584 7240 0.155095 0.395426 36.9487 0.395426 36.9487 187096 0 0.0482783
58.804 10136 8688 0.168062 0.553596 36.8581 0.553596 36.8581 187103 0 0.0507598
58.9503 11584 7240 0.16111 0.39575 36.7675 0.39575 36.7675 187108 0 0.0494584
59.0967 10136 8688 0.174468 0.554051 36.6779 0.554051 36.6779 187115 0 0.0521853
59.0974 11584 7240 0.165306 80.3373 36.6784 80.3373 36.6784 187120 0 0.0503245
59.2441 10136 8688 0.159263 0.552689 36.5889 0.552689 36.5889 187127 0 0.0489356
59.3911 11584 7240 0.155341 0.394132 36.4994 0.394132 36.4994 187132 0 0.048325
59.5378 10136 8688 0.168556 0.552689 36.4108 0.552689 36.4108 187139 0 0.0508668
59.6839 11584 7240 0.161316 0.396401 36.3226 0.396401 36.3226 187144 0 0.0495001
59.8297 10136 8688 0.174481 0.556334 36.2355 0.556334 36.2355 187151 0 0.0521883
59.8304 11584 7240 0.16508 80.3373 36.236 80.3373 36.236 187156 0 0.050277
59.9764 10136 8688 0.158892 0.555419 36.1492 0.555419 36.1492 187163 0 0.0488619
