0.200133 14480 0 0 0 0 0 0 0 0 0 1.05993
0.401462 15928 13032 0.200125 0.575376 0.288545 0.575376 0.288545 10 0 1 0.91662
0.403866 17376 13032 0.200484 9.64048 0.344194 9.64048 0.344194 12 0 1 0.916592
0.406269 18824 14480 0.201174 14.4607 0.427697 14.4607 0.427697 15 0 1 0.907327
0.408672 20272 15928 0.202027 14.4607 0.510219 14.4607 0.510219 18 0 1 0.898097
0.411075 21720 17376 0.203149 14.4607 0.591775 14.4607 0.591775 21 0 1 0.888896
0.60275 23168 18824 0.228005 0.181307 0.461246 0.181307 0.461246 24 0 1 0.878611
0.605153 24616 20272 0.225004 14.4607 0.516841 14.4607 0.516841 27 0 1 0.869668
0.607556 26064 21720 0.222379 14.4607 0.571997 14.4607 0.571997 30 0 1 0.860776
0.811246 27512 23168 0.226621 0.9668 0.671125 0.9668 0.671125 47 0 1 0.851713
1.01133 30408 24616 0.211946 0.984218 0.733069 0.984218 0.733069 64 0 1 0.843506
1.21277 31856 27512 0.223792 1.15013 0.802342 1.15013 0.802342 84 0 1 0.825283
1.41409 33304 28960 0.227442 1.20836 0.860145 1.20836 0.860145 105 0 1 0.816433
1.61417 36200 30408 0.209598 1.2158 0.90423 1.2158 0.90423 126 0 1 0.808571
1.81549 37648 33304 0.224975 1.38098 0.957097 1.38098 0.957097 150 0 1 0.790546
2.01681 39096 34752 0.228342 1.43852 1.00515 1.43852 1.00515 175 0 1 0.781898
2.21683 43440 36200 0.20846 1.44781 1.04509 1.44781 1.04509 200 0 1 0.774432
2.41812 44888 40544 0.226444 1.66894 1.09702 1.66894 1.09702 229 0 1 0.748178
2.45177 50680 41992 0.209109 9.98478 1.21899 9.98478 1.21899 258 0 1 0.740973
2.65425 57920 47784 0.205497 1.94507 1.27438 1.94507 1.27438 292 0 1 0.708583
2.85554 65160 55024 0.207156 2.24443 1.34276 2.24443 1.34276 331 0 1 0.668475
3.05563 73848 62264 0.203209 2.48949 1.41785 2.48949 1.41785 374 0 1 0.630175
3.25691 82536 70952 0.207507 2.87748 1.50806 2.87748 1.50806 424 0 1 0.584817
3.4582 92672 79640 0.207792 3.22278 1.60786 3.22278 1.60786 480 0 1 0.541718
3.65949 104256 89776 0.20795 3.62562 1.71885 3.62562 1.71885 543 0 1 0.493564
3.85957 118736 101360 0.203788 4.05266 1.83984 4.05266 1.83984 613 0 1 0.442062
4.05966 136112 115840 0.204367 4.63162 1.97743 4.63162 1.97743 693 0 1 0.381457
4.25975 154936 133216 0.205065 5.32636 2.13474 5.32636 2.13474 785 0 1 0.314234
4.45983 176656 152040 0.20632 6.079 2.31169 6.079 2.31169 890 0 1 0.249622
4.66112 196928 173760 0.211048 6.9635 2.51258 6.9635 2.51258 1011 0 1 0.182477
4.8612 222992 194032 0.207901 7.75796 2.72848 7.75796 2.72848 1145 0 1 0.133348
5.06129 251952 220096 0.208325 8.80007 2.9685 8.80007 2.9685 1297 0 1 0.0812625
5.26138 280912 249056 0.21101 9.95797 3.23431 9.95797 3.23431 1469 0 1 0.0389956
5.46805 305528 278016 0.217047 10.7615 3.51881 10.7615 3.51881 1661 0 1 0.0126296
5.69876 314216 302632 0.23302 10.4941 3.80119 10.4941 3.80119 1870 0 1 0.000964374
5.95109 299736 311320 0.254824 9.91592 4.06047 9.91592 4.06047 2086 0 1 0.00397321
6.21064 279464 296840 0.261966 9.19416 4.27501 9.19416 4.27501 2292 0 1 0.0051596
6.45817 270776 276568 0.249873 8.9853 4.45554 8.9853 4.45554 2484 0 1 0.00703681
6.68888 278016 267880 0.23319 9.33921 4.62399 9.33921 4.62399 2670 0 1 0.0120921
6.91237 292496 275120 0.225783 9.89963 4.79456 9.89963 4.79456 2861 0 1 0.00940972
7.14068 302632 289600 0.230798 10.1479 4.96572 10.1479 4.96572 3061 0 1 0.00242799
7.381 299736 299736 0.242577 9.9779 5.12891 9.9779 5.12891 3268 0 1 0.000100605
7.63093 288152 296840 0.252346 9.54778 5.27364 9.54778 5.27364 3474 0 1 0.00175436
7.87846 278016 285256 0.249986 9.26609 5.39908 9.26609 5.39908 3672 0 1 0.00365664
8.11638 279464 275120 0.24019 9.29965 5.51342 9.29965 5.51342 3863 0 1 0.00690127
8.34847 285256 276568 0.234125 9.53323 5.62517 9.53323 5.62517 4054 0 1 0.00650791
8.58523 288152 282360 0.239227 9.5897 5.7345 9.5897 5.7345 4250 0 1 0.00355122
8.82692 283808 285256 0.24415 9.48985 5.83733 9.48985 5.83733 4448 0 1 0.00264229
9.07108 278016 280912 0.246695 9.25166 5.92923 9.25166 5.92923 4643 0 1 0.00446593
9.32454 266432 275120 0.253643 8.68366 6.0041 8.68366 6.0041 4833 0 1 0.00855505
9.58922 244712 263536 0.267516 7.96545 6.05824 7.96545 6.05824 5015 0 1 0.0207725
9.84275 231680 241816 0.256301 7.63023 6.09873 7.63023 6.09873 5182 0 1 0.0397681
10.0768 234576 228784 0.236756 7.8701 6.13987 7.8701 6.13987 5341 0 1 0.0564561
10.3028 246160 231680 0.227531 8.20167 6.18509 8.20167 6.18509 5501 0 1 0.0535089
10.5393 249056 243264 0.239557 8.22789 6.23094 8.22789 6.23094 5669 0 1 0.0358598
10.7876 240368 246160 0.251191 7.92937 6.27004 7.92937 6.27004 5839 0 1 0.0331722
11.039 230232 237472 0.254442 7.55952 6.2994 7.55952 6.2994 6003 0 1 0.0447918
11.2783 228784 227336 0.242935 7.59996 6.32699 7.59996 6.32699 6160 0 1 0.0586992
11.5028 240368 225888 0.227398 8.09897 6.36158 8.09897 6.36158 6317 0 1 0.0626786
11.7245 253400 237472 0.224566 8.56854 6.40332 8.56854 6.40332 6481 0 1 0.0455669
11.9576 257744 250504 0.235886 8.59785 6.4461 8.59785 6.4461 6654 0 1 0.0274472
12.2067 249056 254848 0.250443 8.232 6.48254 8.232 6.48254 6831 0 1 0.0236
12.561 183896 246160 0.350229 5.55862 6.45648 5.55862 6.45648 7001 0 1 0.0915346
12.9032 137560 181000 0.346612 4.23148 6.39747 4.23148 6.39747 7126 0 1 0.192566
13.1697 128872 134664 0.25908 4.08573 6.35069 4.08573 6.35069 7220 0 1 0.304936
13.3833 144800 125976 0.209089 4.77184 6.32549 4.77184 6.32549 7308 0 1 0.340267
13.5848 163624 141904 0.208306 5.69001 6.31606 5.69001 6.31606 7407 0 1 0.282657
13.7589 188240 160728 0.203128 7.38871 6.32962 7.38871 6.32962 7518 0 1 0.223611
13.9604 212856 185344 0.207532 7.41425 6.34528 7.41425 6.34528 7647 0 1 0.153854
14.1594 244712 209960 0.203008 8.44117 6.37474 8.44117 6.37474 7792 0 1 0.102724
14.3607 278016 241816 0.206398 9.66612 6.42088 9.66612 6.42088 7960 0 1 0.0510684
14.5704 299736 275120 0.220058 10.5555 6.48036 10.5555 6.48036 8151 0 1 0.0125174
14.8074 302632 296840 0.239568 10.0174 6.53699 10.0174 6.53699 8356 0 1 0.000204325
15.0644 283808 299736 0.259557 9.37453 6.5854 9.37453 6.5854 8564 0 1 0.0043204
15.3212 264984 280912 0.259779 8.79843 6.62249 8.79843 6.62249 8759 0 1 0.00837669
15.5578 267880 262088 0.239077 8.86182 6.65654 8.86182 6.65654 8940 0 1 0.0160643
15.7797 283808 264984 0.224329 9.60268 6.69798 9.60268 6.69798 9124 0 1 0.0166881
16.0041 296840 280912 0.226877 10.0661 6.74521 10.0661 6.74521 9319 0 1 0.00610759
16.2401 298288 293944 0.23871 9.96394 6.79198 9.96394 6.79198 9522 0 1 0.000432461
16.4853 291048 295392 0.247655 9.68774 6.83504 9.68774 6.83504 9727 0 1 0.000876945
16.7304 283808 288152 0.247435 9.40419 6.87269 9.40419 6.87269 9926 0 1 0.00219743
16.9707 280912 280912 0.242802 9.39947 6.90847 9.39947 6.90847 10121 0 1 0.00414939
17.2038 285256 278016 0.235521 9.54109 6.94414 9.54109 6.94414 10313 0 1 0.00559969
17.4345 292496 282360 0.233059 9.79111 6.98181 9.79111 6.98181 10508 0 1 0.00408804
17.6701 293944 289600 0.237983 9.88641 7.02053 9.88641 7.02053 10709 0 1 0.00122914
17.9104 291048 291048 0.242645 9.68868 7.05633 9.68868 7.05633 10910 0 1 0.00099061
18.1531 285256 288152 0.245254 9.54503 7.0896 9.54503 7.0896 11110 0 1 0.00196008
18.4072 270776 282360 0.25537 8.93403 7.11507 8.93403 7.11507 11306 0 1 0.00602334
18.6597 257744 267880 0.255007 8.53523 7.13428 8.53523 7.13428 11492 0 1 0.0135755
18.8992 256296 254848 0.242153 8.55892 7.15234 8.55892 7.15234 11669 0 1 0.0226802
19.1259 266432 253400 0.229213 8.94301 7.17356 8.94301 7.17356 11844 0 1 0.0253864
19.3424 286704 263536 0.220175 9.79201 7.20287 9.79201 7.20287 12027 0 1 0.0197328
19.5611 306976 283808 0.221252 10.3821 7.23841 10.3821 7.23841 12223 0 1 0.00783075
19.7966 309872 304080 0.237855 10.3291 7.27518 10.3291 7.27518 12433 0 1 0.000282749
20.0489 295392 306976 0.254743 9.73229 7.30611 9.73229 7.30611 12645 0 1 0.00308774
20.3099 275120 292496 0.262303 8.9658 7.32743 8.9658 7.32743 12847 0 1 0.00568925
20.5673 257744 272224 0.259993 8.4607 7.34162 8.4607 7.34162 13035 0 1 0.0123268
20.8069 256296 254848 0.242065 8.51049 7.35507 8.51049 7.35507 13211 0 1 0.0226798
21.0312 267880 253400 0.226829 9.0391 7.37303 9.0391 7.37303 13386 0 1 0.0257929
21.2707 270776 264984 0.237392 8.89701 7.3902 8.89701 7.3902 13570 0 1 0.0137235
21.5707 224440 267880 0.302891 7.18367 7.38732 7.18367 7.38732 13756 0 1 0.0392744
21.8739 183896 221544 0.306395 5.88382 7.36648 5.88382 7.36648 13910 0 1 0.0910656
22.1249 175208 181000 0.254244 5.81435 7.34887 5.81435 7.34887 14036 0 1 0.158386
22.3361 199824 172312 0.206012 6.58205 7.34162 6.58205 7.34162 14156 0 1 0.189046
22.5375 227336 196928 0.205833 7.8794 7.34643 7.8794 7.34643 14293 0 1 0.12762
22.7272 262088 224440 0.203243 9.46514 7.36411 9.46514 7.36411 14448 0 1 0.0782068
22.9445 278016 259192 0.2242 9.59429 7.38524 9.59429 7.38524 14628 0 1 0.0215718
23.1833 276568 275120 0.241502 9.26607 7.40461 9.26607 7.40461 14819 0 1 0.00690349
23.4132 282360 273672 0.234403 9.52199 7.4254 9.52199 7.4254 15008 0 1 0.00810589
23.6415 292496 279464 0.230704 9.84344 7.44875 9.84344 7.44875 15202 0 1 0.00591381
23.8746 296840 289600 0.235508 9.98833 7.47355 9.98833 7.47355 15403 0 1 0.00143163
24.115 293944 293944 0.242616 9.78509 7.49659 9.78509 7.49659 15606 0 1 0.000507534
24.3742 275120 291048 0.260162 9.02643 7.51286 9.02643 7.51286 15808 0 1 0.00523408
24.6384 251952 272224 0.266835 8.28833 7.52117 8.28833 7.52117 15997 0 1 0.0152563
24.8842 244712 249056 0.248458 8.10452 7.52693 8.10452 7.52693 16169 0 1 0.0294905
25.1091 256296 241816 0.227619 8.60092 7.53655 8.60092 7.53655 16336 0 1 0.0392596
25.3347 267880 253400 0.227339 9.0386 7.54993 9.0386 7.54993 16512 0 1 0.0257797
25.5754 264984 264984 0.243401 8.85521 7.56221 8.85521 7.56221 16696 0 1 0.0137283
25.827 253400 262088 0.25449 8.37813 7.57016 8.37813 7.57016 16878 0 1 0.0176712
26.0759 243264 250504 0.251583 8.09788 7.5752 8.09788 7.5752 17052 0 1 0.0284963
26.3247 236024 240368 0.249456 7.77699 7.57711 7.77699 7.57711 17219 0 1 0.0401827
26.5733 225888 233128 0.25199 7.50229 7.57641 7.50229 7.57641 17380 0 1 0.0509727
26.8159 221544 222992 0.245031 7.40104 7.57482 7.40104 7.57482 17535 0 1 0.0661265
27.0465 225888 218648 0.233965 7.5846 7.5749 7.5846 7.5749 17686 0 1 0.0737811
27.2596 241816 222992 0.220148 8.42467 7.58155 8.42467 7.58155 17841 0 1 0.0691045
27.4597 279464 238920 0.202445 9.55271 7.59591 9.55271 7.59591 18006 0 1 0.0586119
27.661 321456 276568 0.203734 11.0495 7.62104 11.0495 7.62104 18198 0 1 0.0270084
27.8917 330144 318560 0.233209 11.0966 7.64979 11.0966 7.64979 18419 0 1 0.00471229
28.1561 302632 327248 0.266813 9.9034 7.67095 9.9034 7.67095 18645 0 1 0.0173786
28.4824 237472 299736 0.324654 7.34768 7.66724 7.34768 7.66724 18852 0 1 0.054343
28.7926 192584 234576 0.313042 6.08653 7.65021 6.08653 7.65021 19015 0 1 0.0752822
29.0342 189688 189688 0.244943 6.2806 7.63882 6.2806 7.63882 19146 0 1 0.135326
29.2432 217200 186792 0.205205 7.20626 7.63572 7.20626 7.63572 19276 0 1 0.152021
29.4445 247608 214304 0.205001 8.57489 7.64214 8.57489 7.64214 19425 0 1 0.0930966
29.6363 285256 244712 0.202921 10.2059 7.65874 10.2059 7.65874 19594 0 1 0.0510875
29.8489 308424 282360 0.219343 10.6826 7.68027 10.6826 7.68027 19790 0 1 0.00984813
30.0844 311320 305528 0.237791 10.4275 7.70178 10.4275 7.70178 20002 0 1 0.000437609
30.3391 293944 308424 0.257255 9.73143 7.71882 9.73143 7.71882 20216 0 1 0.00444096
30.5963 275120 291048 0.259615 9.09989 7.73043 9.09989 7.73043 20418 0 1 0.0052123
30.839 270776 272224 0.245014 9.02005 7.74058 9.02005 7.74058 20607 0 1 0.0088071
31.0649 282360 267880 0.22834 9.48664 7.75327 9.48664 7.75327 20792 0 1 0.0130902
31.2884 296840 279464 0.225783 10.0551 7.76972 10.0551 7.76972 20986 0 1 0.00721764
31.5215 301184 293944 0.235649 10.1374 7.78722 10.1374 7.78722 21190 0 1 0.000636102
31.7666 293944 298288 0.247474 9.78225 7.80262 9.78225 7.80262 21397 0 1 0.00067085
32.0141 283808 291048 0.249916 9.40649 7.81502 9.40649 7.81502 21598 0 1 0.00213029
32.2569 278016 280912 0.24519 9.3064 7.82624 9.3064 7.82624 21793 0 1 0.00444803
32.49 282360 275120 0.235355 9.44171 7.83783 9.44171 7.83783 21983 0 1 0.00710919
32.7183 292496 279464 0.230769 9.7927 7.85147 9.7927 7.85147 22176 0 1 0.0059126
32.9514 296840 289600 0.235435 9.98833 7.86659 9.98833 7.86659 22377 0 1 0.00143228
33.1917 293944 293944 0.242802 9.78509 7.88048 9.78509 7.88048 22580 0 1 0.00050854
33.4368 286704 291048 0.247547 9.54596 7.89269 9.54596 7.89269 22782 0 1 0.00152979
33.6796 280912 283808 0.24503 9.40185 7.90357 9.40185 7.90357 22979 0 1 0.00331117
33.9151 282360 278016 0.237996 9.44373 7.91426 9.44373 7.91426 23171 0 1 0.00539727
34.1458 289600 279464 0.233005 9.69069 7.92627 9.69069 7.92627 23364 0 1 0.0053172
34.4505 241816 286704 0.300457 7.56442 7.92306 7.56442 7.92306 23563 0 1 0.0309895
34.7843 183896 238920 0.337088 5.72689 7.90199 5.72689 7.90199 23728 0 1 0.0881538
35.0641 160728 181000 0.283228 5.2163 7.88056 5.2163 7.88056 23854 0 1 0.165177
35.2924 181000 157832 0.209379 5.58248 7.8657 5.58248 7.8657 23964 0 1 0.230079
35.4936 204168 178104 0.207767 7.13615 7.86156 7.13615 7.86156 24088 0 1 0.172099
35.6949 230232 201272 0.207851 8.05694 7.86266 8.05694 7.86266 24228 0 1 0.116884
35.8962 259192 227336 0.209552 9.09283 7.86956 9.09283 7.86956 24386 0 1 0.068913
36.0975 273672 256296 0.225068 10.2438 7.8828 10.2438 7.8828 24564 0 1 0.0237753
36.3215 278016 270776 0.236223 9.72371 7.89415 9.72371 7.89415 24752 0 1 0.00971329
36.568 269328 275120 0.249102 8.9757 7.90144 8.9757 7.90144 24943 0 1 0.00779947
36.8171 259192 266432 0.251764 8.55573 7.90587 8.55573 7.90587 25127 0 1 0.0138001
37.0584 256296 256296 0.243962 8.49862 7.90973 8.49862 7.90973 25304 0 1 0.0213315
37.2865 264984 253400 0.231865 8.93701 7.91601 8.93701 7.91601 25480 0 1 0.0250333
37.5038 285256 262088 0.219686 9.70027 7.92635 9.70027 7.92635 25662 0 1 0.020949
37.7286 298288 282360 0.227253 10.1021 7.93931 10.1021 7.93931 25858 0 1 0.00550695
37.9706 293944 295392 0.244454 9.81121 7.95125 9.81121 7.95125 26063 0 1 0.000465436
38.2219 280912 291048 0.254049 9.26458 7.95988 9.26458 7.95988 26264 0 1 0.00297485
38.4647 275120 278016 0.245312 9.21095 7.96778 9.21095 7.96778 26457 0 1 0.00577092
38.6954 282360 272224 0.233012 9.43964 7.97655 9.43964 7.97655 26645 0 1 0.00920354
38.9213 293944 279464 0.228423 9.89688 7.9877 9.89688 7.9877 26838 0 1 0.00631088
39.1544 298288 291048 0.235435 10.038 7.9999 10.038 7.9999 27040 0 1 0.00112093
39.3971 292496 295392 0.245254 9.78365 8.01089 9.78365 8.01089 27245 0 1 0.000636284
39.6422 285256 289600 0.247583 9.45145 8.0198 9.45145 8.0198 27445 0 1 0.00184169
39.8826 282360 282360 0.242705 9.39947 8.02812 9.39947 8.02812 27640 0 1 0.00355794
40.1181 283808 279464 0.237991 9.54211 8.037 9.54211 8.037 27834 0 1 0.00471319
40.3512 288152 280912 0.235463 9.69017 8.04655 9.69017 8.04655 28029 0 1 0.0042786
40.5843 292496 285256 0.235622 9.78956 8.05657 9.78956 8.05657 28226 0 1 0.00264423
40.8222 293944 289600 0.24026 9.78655 8.06665 9.78655 8.06665 28427 0 1 0.00122514
41.0625 291048 291048 0.242849 9.68868 8.07614 9.68868 8.07614 28628 0 1 0.000991727
41.3087 283808 288152 0.247946 9.41287 8.08411 9.41287 8.08411 28828 0 1 0.00220528
41.5568 273672 280912 0.250532 9.10273 8.09019 9.10273 8.09019 29023 0 1 0.00530081
41.7975 270776 270776 0.243358 8.99926 8.09542 8.99926 8.09542 29210 0 1 0.00959382
42.0308 275120 267880 0.235558 9.23681 8.10176 9.23681 8.10176 29396 0 1 0.0116927
42.2597 283808 272224 0.231945 9.56627 8.10969 9.56627 8.10969 29585 0 1 0.00947585
42.4856 295392 280912 0.228267 9.94815 8.11946 9.94815 8.11946 29779 0 1 0.00567701
42.7187 299736 292496 0.235537 10.038 8.12993 10.038 8.12993 29981 0 1 0.000855258
42.9614 293944 296840 0.245012 9.78365 8.13928 9.78365 8.13928 30186 0 1 0.000508817
43.2089 283808 291048 0.249998 9.45329 8.1468 9.45329 8.1468 30388 0 1 0.00213193
43.4516 278016 280912 0.245113 9.3064 8.15328 9.3064 8.15328 30583 0 1 0.00444724
43.6847 282360 275120 0.23542 9.44171 8.16016 9.44171 8.16016 30773 0 1 0.00710859
43.9131 292496 279464 0.230811 9.7927 8.16865 9.7927 8.16865 30966 0 1 0.00591184
44.1462 296840 289600 0.235473 9.98833 8.17825 9.98833 8.17825 31167 0 1 0.00143194
44.3865 293944 293944 0.242846 9.78509 8.18695 9.78509 8.18695 31370 0 1 0.000508786
44.6316 286704 291048 0.247401 9.54596 8.19442 9.54596 8.19442 31572 0 1 0.00152762
44.8743 280912 283808 0.245171 9.40185 8.20095 9.40185 8.20095 31769 0 1 0.00331261
45.1098 282360 278016 0.237974 9.44373 8.20744 9.44373 8.20744 31961 0 1 0.00539736
45.3406 289600 279464 0.23303 9.69069 8.21498 9.69069 8.21498 32154 0 1 0.00531686
45.5737 293944 286704 0.235537 9.88895 8.22355 9.88895 8.22355 32353 0 1 0.00219385
45.8116 295392 291048 0.240236 9.78655 8.23166 9.78655 8.23166 32554 0 1 0.000913778
46.0543 289600 292496 0.245169 9.6882 8.23934 9.6882 8.23934 32757 0 1 0.00102513
46.297 283808 286704 0.245193 9.44958 8.24569 9.44958 8.24569 32955 0 1 0.00236397
46.5349 285256 280912 0.240273 9.44572 8.25182 9.44572 8.25182 33149 0 1 0.00407172
46.7681 289600 282360 0.235586 9.69017 8.25899 9.69017 8.25899 33344 0 1 0.00368659
47.0036 291048 286704 0.23787 9.78804 8.26665 9.78804 8.26665 33543 0 1 0.0019921
47.2486 286704 288152 0.244788 9.4077 8.27257 9.4077 8.27257 33742 0 1 0.00179231
47.5308 249056 283808 0.284654 8.08687 8.27147 8.08687 8.27147 33939 0 1 0.0206557
47.8073 220096 246160 0.279383 7.12093 8.26481 7.12093 8.26481 34109 0 1 0.043078
48.0472 218648 217200 0.24271 7.24413 8.25972 7.24413 8.25972 34259 0 1 0.0762066
48.2503 246160 215752 0.208702 8.50002 8.26073 8.50002 8.26073 34408 0 1 0.0882533
48.4516 282360 243264 0.203686 9.72588 8.26681 9.72588 8.26681 34577 0 1 0.0516455
48.6534 322904 279464 0.204557 11.0751 8.27847 11.0751 8.27847 34770 0 1 0.0242067
48.8865 328696 320008 0.235463 11.0319 8.29159 11.0319 8.29159 34992 0 1 0.00484133
49.1533 299736 325800 0.269166 9.81418 8.29986 9.81418 8.29986 35218 0 1 0.0175654
49.4248 269328 296840 0.27398 8.78734 8.30254 8.78734 8.30254 35424 0 1 0.0115395
49.6724 260640 266432 0.249806 8.65771 8.30431 8.65771 8.30431 35609 0 1 0.013455
49.8935 276568 257744 0.223645 9.32612 8.30883 9.32612 8.30883 35787 0 1 0.022926
50.1074 302632 273672 0.216181 10.2362 8.31706 10.2362 8.31706 35976 0 1 0.0158173
50.3357 312768 299736 0.230793 10.5538 8.32721 10.5538 8.32721 36184 0 1 0.00122708
50.5856 301184 309872 0.252236 9.96492 8.3353 9.96492 8.3353 36399 0 1 0.00272357
50.8427 282360 298288 0.259546 9.28009 8.34008 9.28009 8.34008 36605 0 1 0.00435177
51.0903 273672 279464 0.249989 9.0321 8.34343 9.0321 8.34343 36798 0 1 0.00562432
51.3368 267880 270776 0.247095 8.83243 8.34578 8.83243 8.34578 36986 0 1 0.00991244
51.5875 256296 264984 0.253288 8.50186 8.34654 8.50186 8.34654 37170 0 1 0.0152911
51.8329 250504 253400 0.248 8.309 8.34636 8.309 8.34636 37346 0 1 0.0245652
52.0676 253400 247608 0.23729 8.48926 8.347 8.48926 8.347 37518 0 1 0.0305997
52.2988 259192 250504 0.233632 8.7171 8.34864 8.7171 8.34864 37692 0 1 0.0276339
52.5354 262088 256296 0.239218 8.71772 8.3503 8.71772 8.3503 37870 0 1 0.0213165
52.7773 257744 259192 0.244717 8.61757 8.35153 8.61757 8.35153 38050 0 1 0.0187352
53.022 251952 254848 0.247467 8.37979 8.35166 8.37979 8.35166 38227 0 1 0.0230808
53.2541 254848 249056 0.236965 8.58278 8.35266 8.58278 8.35266 38399 0 1 0.028939
53.4608 286704 251952 0.209276 9.75258 8.35808 9.75258 8.35808 38573 0 1 0.0378708
53.6699 318560 283808 0.211402 10.8594 8.36782 10.8594 8.36782 38769 0 1 0.0150066
53.9054 321456 315664 0.237889 10.7226 8.37811 10.7226 8.37811 38987 0 1 0.00282388
54.1674 296840 318560 0.264303 9.72892 8.38464 9.72892 8.38464 39207 0 1 0.0111509
54.5079 225888 293944 0.337378 6.90545 8.3754 6.90545 8.3754 39410 0 1 0.0658254
54.834 175208 222992 0.329215 5.50652 8.35834 5.50652 8.35834 39565 0 1 0.102389
55.0801 169416 172312 0.249341 5.60018 8.34601 5.60018 8.34601 39684 0 1 0.181618
55.2977 192584 166520 0.206695 6.17648 8.33748 6.17648 8.33748 39800 0 1 0.205039
55.499 218648 189688 0.206368 7.59655 8.33479 7.59655 8.33479 39932 0 1 0.143887
55.7003 249056 215752 0.206634 8.63244 8.33587 8.63244 8.33587 40082 0 1 0.0902508
55.9015 280912 246160 0.208912 9.84098 8.34129 9.84098 8.34129 40253 0 1 0.0444503
56.1058 295392 278016 0.226386 10.8881 8.35056 10.8881 8.35056 40445 0 1 0.00788496
56.3674 276568 292496 0.260082 8.94663 8.35332 8.94663 8.35332 40647 0 1 0.00496609
56.6652 230232 273672 0.300908 7.35051 8.34805 7.35051 8.34805 40836 0 1 0.0352674
56.9454 201272 227336 0.283046 6.53297 8.33912 6.53297 8.33912 40994 0 1 0.069839
57.1783 204168 198376 0.235972 6.86166 8.3331 6.86166 8.3331 41132 0 1 0.114859
57.3798 233128 201272 0.204424 8.04906 8.33211 8.04906 8.33211 41272 0 1 0.118887
57.5813 266432 230232 0.204444 9.19893 8.33514 9.19893 8.33514 41432 0 1 0.0676724
57.8051 278016 263536 0.227856 9.47313 8.33954 9.47313 8.33954 41615 0 1 0.0164121
58.0596 263536 275120 0.257366 8.64659 8.34089 8.64659 8.34089 41805 0 1 0.0095092
58.3167 246160 260640 0.261199 8.1107 8.33988 8.1107 8.33988 41985 0 1 0.0210176
58.551 249056 243264 0.236748 8.30786 8.33975 8.30786 8.33975 42153 0 1 0.0358701
58.7696 266432 246160 0.22126 9.00725 8.34223 9.00725 8.34223 42323 0 1 0.0359142
58.9908 282360 263536 0.223852 9.5296 8.34668 9.5296 8.34668 42505 0 1 0.0178533
59.2275 285256 279464 0.23929 9.44537 8.35107 9.44537 8.35107 42698 0 1 0.00477955
59.4786 272224 282360 0.253725 9.04364 8.354 9.04364 8.354 42894 0 1 0.00553284
59.7322 257744 269328 0.256211 8.54033 8.35479 8.54033 8.35479 43081 0 1 0.0130455
59.9729 254848 254848 0.243268 8.4701 8.35525 8.4701 8.35525 43257 0 1 0.0227561
60.2007 264984 251952 0.230306 8.84964 8.35712 8.84964 8.35712 43431 0 1 0.0268867
60.4304 273672 262088 0.231898 9.12689 8.36005 9.12689 8.36005 43612 0 1 0.0168745
60.6707 270776 270776 0.242955 9.06317 8.36283 9.06317 8.36283 43800 0 1 0.00959128
60.9189 260640 267880 0.25082 8.68058 8.36413 8.68058 8.36413 43986 0 1 0.0127219
61.1645 254848 257744 0.248121 8.44372 8.36445 8.44372 8.36445 44165 0 1 0.0202784
61.3816 272224 251952 0.22137 9.28474 8.3677 9.28474 8.3677 44339 0 1 0.029353
61.5907 302632 269328 0.211542 10.3053 8.37428 10.3053 8.37428 44525 0 1 0.0215367
61.8142 318560 299736 0.225834 10.7289 8.38279 10.7289 8.38279 44732 0 1 0.00302035
62.0641 305528 315664 0.252451 10.1503 8.38991 10.1503 8.38991 44951 0 1 0.00476829
62.3261 282360 302632 0.264438 9.24248 8.39349 9.24248 8.39349 45160 0 1 0.00663815
62.5784 269328 279464 0.254645 8.90597 8.39556 8.90597 8.39556 45354 0 1 0.00678738
62.8115 273672 266432 0.235651 9.19324 8.39852 9.19324 8.39852 45539 0 1 0.0127487
63.0326 291048 270776 0.223399 9.79766 8.40343 9.79766 8.40343 45726 0 1 0.0131197
63.287 282360 288152 0.248952 9.10538 8.40625 9.10538 8.40625 45926 0 1 0.00247855
63.6463 202720 279464 0.362468 6.25559 8.39411 6.25559 8.39411 46120 0 1 0.0901568
63.9948 149144 199824 0.352067 4.62072 8.37357 4.62072 8.37357 46259 0 1 0.155955
64.229 147696 146248 0.244239 4.99559 8.36125 4.99559 8.36125 46360 0 1 0.262704
64.4302 169416 144800 0.204067 5.81251 8.35329 5.81251 8.35329 46461 0 1 0.274167
64.6303 195480 166520 0.202462 6.65795 8.34804 6.65795 8.34804 46576 0 1 0.206923
64.8316 224440 192584 0.204025 7.71164 8.34606 7.71164 8.34606 46710 0 1 0.138815
65.0329 257744 221544 0.203956 8.86264 8.34766 8.86264 8.34766 46864 0 1 0.0820159
65.2342 295392 254848 0.20425 10.1863 8.35333 10.1863 8.35333 47041 0 1 0.0396789
65.4457 322904 292496 0.215935 11.0646 8.36209 11.0646 8.36209 47243 0 1 0.00961489
65.6884 317112 320008 0.245012 10.5473 8.37017 10.5473 8.37017 47464 0 1 0.00484587
65.9552 288152 314216 0.269256 9.46678 8.3746 9.46678 8.3746 47682 0 1 0.0124201
66.2171 266432 285256 0.264451 8.75603 8.37611 8.75603 8.37611 47880 0 1 0.00825501
66.455 267880 263536 0.240388 8.91014 8.37802 8.91014 8.37802 48063 0 1 0.014797
66.6737 286704 264984 0.221076 9.69345 8.38234 9.69345 8.38234 48246 0 1 0.0179188
66.8948 304080 283808 0.223377 10.3216 8.38875 10.3216 8.38875 48443 0 1 0.00654419
67.1303 305528 301184 0.237998 10.2307 8.39521 10.2307 8.39521 48651 0 1 4.28794e-05
67.4869 225888 302632 0.349018 6.78954 8.38673 6.78954 8.38673 48860 0 1 0.0824344
67.8896 149144 222992 0.4064 4.45923 8.36343 4.45923 8.36343 49015 0 1 0.159021
68.1848 124528 146248 0.299114 3.96231 8.34437 3.96231 8.34437 49116 0 1 0.27289
68.4225 139008 121632 0.209706 4.14273 8.32978 4.14273 8.32978 49201 0 1 0.356749
68.5848 160728 136112 0.202485 6.7107 8.32595 6.7107 8.32595 49295 0 1 0.305086
68.7834 185344 157832 0.202519 6.35605 8.32026 6.35605 8.32026 49404 0 1 0.232712
68.9847 211408 182448 0.205178 7.3088 8.31731 7.3088 8.31731 49531 0 1 0.162299
69.1834 243264 208512 0.202506 8.39699 8.31754 8.39699 8.31754 49675 0 1 0.105682
69.4587 215752 240368 0.278139 6.98431 8.31225 6.98431 8.31225 49841 0 1 0.0493755
69.786 166520 212856 0.331389 5.20311 8.29767 5.20311 8.29767 49988 0 1 0.119662
70.0778 140456 163624 0.295472 4.52582 8.28197 4.52582 8.28197 50102 0 1 0.217274
70.3154 143352 137560 0.234283 4.67904 8.26979 4.67904 8.26979 50198 0 1 0.293312
70.5176 159280 140456 0.212093 5.61491 8.26218 5.61491 8.26218 50296 0 1 0.286423
70.723 178104 156384 0.210576 6.14712 8.25603 6.14712 8.25603 50405 0 1 0.233976
70.9494 183896 175208 0.230556 6.19202 8.24945 6.19202 8.24945 50526 0 1 0.173496
71.2034 172312 181000 0.259644 5.74644 8.24052 5.74644 8.24052 50652 0 1 0.159221
71.4146 195480 169416 0.206961 6.47069 8.23528 6.47069 8.23528 50770 0 1 0.196524
71.616 221544 192584 0.206393 7.71017 8.23381 7.71017 8.23381 50904 0 1 0.13688
71.8173 250504 218648 0.207622 8.74586 8.23524 8.74586 8.23524 51056 0 1 0.083902
72.0186 276568 247608 0.213329 9.89664 8.23989 9.89664 8.23989 51228 0 1 0.0387586
72.2309 289600 273672 0.227479 10.3655 8.24614 10.3655 8.24614 51418 0 1 0.00974562
72.4592 299736 286704 0.230871 10.0971 8.25197 10.0971 8.25197 51617 0 1 0.00318913
72.6972 301184 296840 0.240283 9.9813 8.25763 9.9813 8.25763 51822 0 1 0.000134328
72.9447 291048 298288 0.249995 9.68728 8.26248 9.68728 8.26248 52029 0 1 0.00127401
73.1922 280912 288152 0.249918 9.31289 8.26603 9.31289 8.26603 52228 0 1 0.00279963
73.4325 278016 278016 0.242753 9.30306 8.26942 9.30306 8.26942 52421 0 1 0.00547073
73.6632 285256 275120 0.233149 9.54006 8.2734 9.54006 8.2734 52611 0 1 0.00750729
73.8915 295392 282360 0.230679 9.89418 8.27841 9.89418 8.27841 52806 0 1 0.00468585
74.1271 296840 292496 0.237983 9.98478 8.28383 9.98478 8.28383 53009 0 1 0.000653034
74.4161 257744 293944 0.28679 8.13639 8.28326 8.13639 8.28326 53212 0 1 0.0195801
74.7282 207064 254848 0.315313 6.5695 8.2761 6.5695 8.2761 53389 0 1 0.0568628
74.9975 186792 204168 0.272375 6.06591 8.26817 6.06591 8.26817 53530 0 1 0.107656
75.2202 201272 183896 0.220474 6.65788 8.2634 6.65788 8.2634 53658 0 1 0.15249
75.4214 230232 198376 0.205061 7.94184 8.26254 7.94184 8.26254 53796 0 1 0.125289
75.6227 263536 227336 0.20497 9.09283 8.26475 9.09283 8.26475 53954 0 1 0.0722184
75.824 299736 260640 0.206709 10.4165 8.27046 10.4165 8.27046 54135 0 1 0.0328822
76.0403 312768 296840 0.228376 10.9794 8.27817 10.9794 8.27817 54340 0 1 0.0021331
76.2906 301184 309872 0.252206 9.94937 8.28365 9.94937 8.28365 54555 0 1 0.00272283
76.556 276568 298288 0.267841 8.99363 8.28611 8.99363 8.28611 54761 0 1 0.00754044
76.8114 262088 273672 0.257733 8.57188 8.28706 8.57188 8.28706 54950 0 1 0.010346
77.047 263536 259192 0.238076 8.85117 8.28879 8.85117 8.28879 55130 0 1 0.0185303
77.268 279464 260640 0.223921 9.4859 8.29221 9.4859 8.29221 55311 0 1 0.0202909
77.4843 302632 276568 0.218779 10.2296 8.29762 10.2296 8.29762 55502 0 1 0.0125149
77.715 311320 299736 0.233013 10.4439 8.30399 10.4439 8.30399 55710 0 1 0.000888268
77.9649 299736 308424 0.252345 9.91857 8.30917 9.91857 8.30917 55924 0 1 0.00243188
78.2221 280912 296840 0.259588 9.28009 8.31236 9.28009 8.31236 56130 0 1 0.00443178
78.4696 272224 278016 0.24987 9.0321 8.31463 9.0321 8.31463 56323 0 1 0.00630605
78.7003 279464 269328 0.233169 9.33921 8.31763 9.33921 8.31763 56509 0 1 0.0110821
78.9238 293944 276568 0.225807 9.89963 8.32211 9.89963 8.32211 56700 0 1 0.00863176
79.1545 301184 291048 0.23322 10.1426 8.32742 10.1426 8.32742 56902 0 1 0.00151881
79.3972 295392 298288 0.245088 9.87911 8.33216 9.87911 8.33216 57109 0 1 0.000431205
79.6448 285256 292496 0.249904 9.45329 8.33565 9.45329 8.33565 57311 0 1 0.00186529
79.8875 279464 282360 0.245217 9.3064 8.3386 9.3064 8.3386 57506 0 1 0.0038574
80.123 280912 276568 0.237752 9.44373 8.34185 9.44373 8.34185 57698 0 1 0.006129
80.3537 288152 278016 0.233148 9.69069 8.34572 9.69069 8.34572 57891 0 1 0.00599933
80.5844 295392 285256 0.233003 9.89153 8.35014 9.89153 8.35014 58088 0 1 0.00304677
80.8223 296840 292496 0.240427 9.88393 8.35466 9.88393 8.35466 58291 0 1 0.000649146
81.065 291048 293944 0.245224 9.6882 8.35865 9.6882 8.35865 58494 0 1 0.000807537
81.3557 251952 288152 0.28605 7.97083 8.35727 7.97083 8.35727 58694 0 1 0.0206637
81.6961 188240 249056 0.343807 5.8874 8.34698 5.8874 8.34698 58867 0 1 0.0847148
81.9888 159280 185344 0.296156 5.06511 8.33526 5.06511 8.33526 58995 0 1 0.158539
82.2052 170864 156384 0.220979 5.78262 8.32854 5.78262 8.32854 59103 0 1 0.231026
82.4053 196928 167968 0.202525 6.71584 8.32462 6.71584 8.32462 59219 0 1 0.202646
82.6049 227336 194032 0.202548 7.77741 8.3233 7.77741 8.3233 59353 0 1 0.136446
82.8039 262088 224440 0.202417 9.01886 8.32497 9.01886 8.32497 59508 0 1 0.0782682
83.0052 298288 259192 0.205912 10.3589 8.32991 10.3589 8.32991 59688 0 1 0.0342257
83.2256 312768 295392 0.227026 10.7774 8.33639 10.7774 8.33639 59893 0 1 0.00273393
83.5194 264984 309872 0.295435 8.43792 8.33674 8.43792 8.33674 60107 0 1 0.029526
83.8276 214304 262088 0.311084 6.80326 8.33111 6.80326 8.33111 60288 0 1 0.0495616
84.0897 196928 211408 0.265 6.49678 8.32539 6.49678 8.32539 60435 0 1 0.0911858
84.2958 221544 194032 0.209898 7.5293 8.32344 7.5293 8.32344 60569 0 1 0.132408
84.4959 254848 218648 0.202776 8.74217 8.32443 8.74217 8.32443 60720 0 1 0.0872446
84.7058 282360 251952 0.212582 9.65922 8.32774 9.65922 8.32774 60895 0 1 0.0348131
84.946 279464 279464 0.242999 9.30584 8.33051 9.30584 8.33051 61088 0 1 0.00478804
85.2134 253400 276568 0.270545 8.31776 8.33047 8.31776 8.33047 61280 0 1 0.0145818
85.4695 238920 250504 0.259093 7.86993 8.32909 7.86993 8.32909 61454 0 1 0.0299148
85.7016 243264 236024 0.234669 8.18497 8.3287 8.18497 8.3287 61618 0 1 0.0457151
85.9204 259192 240368 0.221669 8.84291 8.33001 8.84291 8.33001 61785 0 1 0.0426658
86.1418 275120 256296 0.224 9.2595 8.33239 9.2595 8.33239 61962 0 1 0.0242976
86.3615 291048 272224 0.224194 9.96495 8.33655 9.96495 8.33655 62151 0 1 0.011641
86.5875 302632 288152 0.228367 10.2045 8.34142 10.2045 8.34142 62350 0 1 0.00318605
86.8278 299736 299736 0.242581 10.0261 8.34608 10.0261 8.34608 62558 0 1 0.000100624
87.0777 288152 296840 0.252372 9.54778 8.34953 9.54778 8.34953 62764 0 1 0.00175502
87.3252 278016 285256 0.249958 9.26609 8.35213 9.26609 8.35213 62962 0 1 0.00365609
87.5631 279464 275120 0.240308 9.29965 8.35471 9.29965 8.35471 63153 0 1 0.00690133
87.7915 289600 276568 0.230834 9.69122 8.35818 9.69122 8.35818 63344 0 1 0.0073262
88.0222 296840 286704 0.233018 9.99196 8.36246 9.99196 8.36246 63543 0 1 0.00259543
88.2934 275120 293944 0.264556 8.66976 8.36341 8.66976 8.36341 63746 0 1 0.00625228
88.6772 188240 272224 0.387187 5.70381 8.3519 5.70381 8.3519 63935 0 1 0.114104
89.031 137560 185344 0.357501 4.19166 8.33537 4.19166 8.33537 64063 0 1 0.188412
89.2461 143352 134664 0.227637 5.00836 8.32735 5.00836 8.32735 64156 0 1 0.304259
89.4474 163624 140456 0.203844 5.63979 8.3213 5.63979 8.3213 64254 0 1 0.288699
89.6487 188240 160728 0.203854 6.44547 8.31709 6.44547 8.31709 64366 0 1 0.223558
89.85 215752 185344 0.203783 7.4238 8.31509 7.4238 8.31509 64495 0 1 0.155788
90.05 249056 212856 0.202515 8.51059 8.31552 8.51059 8.31552 64642 0 1 0.0981077
90.2513 285256 246160 0.203965 9.84098 8.31892 9.84098 8.31892 64813 0 1 0.0480673
90.4556 322904 282360 0.207557 11.0582 8.32511 11.0582 8.32511 65008 0 1 0.0202586
90.6911 324352 320008 0.237997 10.9193 8.33185 10.9193 8.33185 65230 0 1 0.00447531
90.9579 295392 321456 0.269186 9.6839 8.33581 9.6839 8.33581 65453 0 1 0.0152856
91.2255 267880 292496 0.269653 8.74172 8.337 8.74172 8.337 65655 0 1 0.0099151
91.4776 256296 264984 0.254319 8.41064 8.3372 8.41064 8.3372 65838 0 1 0.0153196
91.7072 264984 253400 0.232 8.88023 8.33856 8.88023 8.33856 66014 0 1 0.0250311
91.9268 282360 262088 0.222001 9.60037 8.34158 9.60037 8.34158 66196 0 1 0.0196489
92.1539 292496 279464 0.229476 9.896 8.34541 9.896 8.34541 66390 0 1 0.00593816
92.4326 259192 289600 0.277928 8.35358 8.34543 8.35358 8.34543 66591 0 1 0.0149643
92.7292 215752 256296 0.299801 6.91392 8.34086 6.91392 8.34086 66768 0 1 0.0457659
92.9931 198376 212856 0.266987 6.49565 8.33562 6.49565 8.33562 66916 0 1 0.0884616
93.2123 212856 195480 0.222019 7.18674 8.33292 7.18674 8.33292 67052 0 1 0.124036
93.4137 243264 209960 0.204549 8.39673 8.33305 8.39673 8.33305 67198 0 1 0.101611
93.6151 279464 240368 0.204289 9.60448 8.33579 9.60448 8.33579 67365 0 1 0.0553465
93.8365 293944 276568 0.226342 9.99403 8.3397 9.99403 8.3397 67556 0 1 0.00861686
94.0926 276568 291048 0.258668 9.1383 8.34188 9.1383 8.34188 67758 0 1 0.00459366
94.346 260640 273672 0.258045 8.68504 8.3428 8.68504 8.3428 67948 0 1 0.0108463
94.5743 270776 257744 0.230775 9.08235 8.34458 9.08235 8.34458 68127 0 1 0.0210663
94.7882 295392 267880 0.216259 10.0196 8.34836 10.0196 8.34836 68312 0 1 0.0187597
95.0117 311320 292496 0.225997 10.5216 8.35347 10.5216 8.35347 68515 0 1 0.00364065
95.2544 305528 308424 0.245169 10.1655 8.35809 10.1655 8.35809 68728 0 1 0.00118795
95.5116 286704 302632 0.259464 9.46028 8.36106 9.46028 8.36106 68938 0 1 0.00439296
95.7639 272224 283808 0.25474 9.04369 8.36286 9.04369 8.36286 69135 0 1 0.00546006
95.9994 273672 269328 0.237889 9.14862 8.36478 9.14862 8.36478 69321 0 1 0.0104808
96.2229 288152 270776 0.225873 9.69231 8.36787 9.69231 8.36787 69508 0 1 0.0120186
96.4488 299736 285256 0.228248 10.1533 8.37205 10.1533 8.37205 69706 0 1 0.00404449
96.6867 301184 296840 0.240265 10.03 8.37613 10.03 8.37613 69912 0 1 0.000134318
96.9343 291048 298288 0.249989 9.68728 8.37948 9.68728 8.37948 70119 0 1 0.00127388
97.1818 280912 288152 0.249817 9.31289 8.38186 9.31289 8.38186 70318 0 1 0.00279764
97.4344 267880 278016 0.254142 8.84914 8.38307 8.84914 8.38307 70511 0 1 0.00745697
97.678 262088 264984 0.246181 8.70332 8.38387 8.70332 8.38387 70694 0 1 0.0140345
97.9114 266432 259192 0.23597 8.93284 8.38517 8.93284 8.38517 70874 0 1 0.0187292
98.1398 276568 263536 0.230953 9.28354 8.38726 9.28354 8.38726 71057 0 1 0.015997
98.3617 291048 273672 0.225325 9.86618 8.3906 9.86618 8.3906 71246 0 1 0.0102468
98.59 301184 288152 0.230578 10.1479 8.39467 10.1479 8.39467 71446 0 1 0.00279004
98.8303 298288 298288 0.242774 9.9779 8.39852 9.9779 8.39852 71653 0 1 0.000133447
99.0778 288152 295392 0.24995 9.54688 8.40139 9.54688 8.40139 71857 0 1 0.00147647
99.3448 264984 285256 0.26623 8.54968 8.40179 8.54968 8.40179 72054 0 1 0.00906738
99.625 231680 262088 0.283038 7.52384 8.39932 7.52384 8.39932 72236 0 1 0.0301464
99.8825 217200 228784 0.260349 7.15087 8.3961 7.15087 8.3961 72395 0 1 0.0590962
100.106 228784 214304 0.226478 7.66722 8.39447 7.66722 8.39447 72543 0 1 0.0832717
100.306 263536 225888 0.202716 9.05098 8.39578 9.05098 8.39578 72699 0 1 0.0758378
100.505 304080 260640 0.202459 10.4434 8.39985 10.4434 8.39985 72879 0 1 0.0368874
100.722 324352 301184 0.222218 11.1181 8.40569 11.1181 8.40569 73087 0 1 0.00489795
100.972 311320 321456 0.252451 10.2894 8.41036 10.2894 8.41036 73309 0 1 0.00715716
101.24 282360 308424 0.2697 9.21718 8.41249 9.21718 8.41249 73522 0 1 0.0109892
101.503 260640 279464 0.265807 8.53104 8.4128 8.53104 8.4128 73716 0 1 0.0105936
101.742 262088 257744 0.241425 8.68291 8.41343 8.68291 8.41343 73895 0 1 0.019865
101.961 280912 259192 0.221552 9.46339 8.41569 9.46339 8.41569 74074 0 1 0.0227807
102.183 298288 278016 0.224052 10.0902 8.41932 10.0902 8.41932 74267 0 1 0.00897902
102.414 305528 295392 0.234037 10.2235 8.42339 10.2235 8.42339 74471 0 1 0.000853904
102.659 298288 302632 0.247362 9.87677 8.42686 9.87677 8.42686 74680 0 1 0.000713593
102.911 283808 295392 0.254775 9.41094 8.42927 9.41094 8.42927 74885 0 1 0.00278389
103.156 276568 280912 0.247638 9.16791 8.43103 9.16791 8.43103 75079 0 1 0.00468912
103.456 233128 273672 0.296075 7.30365 8.42776 7.30365 8.42776 75268 0 1 0.0318133
103.765 188240 230232 0.312302 5.9988 8.42053 5.9988 8.42053 75428 0 1 0.0816999
104.025 175208 185344 0.263567 5.74338 8.41383 5.74338 8.41383 75557 0 1 0.148509
104.227 198376 172312 0.208006 6.84969 8.41081 6.84969 8.41081 75676 0 1 0.188146
104.428 227336 195480 0.204078 7.82365 8.40968 7.82365 8.40968 75812 0 1 0.131992
104.629 260640 224440 0.20408 8.97418 8.41077 8.97418 8.41077 75968 0 1 0.077051
104.831 298288 257744 0.205114 10.2973 8.41439 10.2973 8.41439 76147 0 1 0.0368053
105.059 308424 295392 0.230931 10.3618 8.41862 10.3618 8.41862 76351 0 1 0.00145972
105.313 291048 305528 0.257567 9.62415 8.42153 9.62415 8.42153 76562 0 1 0.00400287
105.567 275120 288152 0.257223 9.09479 8.42315 9.09479 8.42315 76762 0 1 0.00467526
105.808 273672 272224 0.242647 9.11025 8.42471 9.11025 8.42471 76951 0 1 0.0086026
106.034 285256 270776 0.228264 9.5892 8.42719 9.5892 8.42719 77138 0 1 0.0111181
106.261 295392 282360 0.229659 9.97036 8.4305 9.97036 8.4305 77334 0 1 0.00470591
106.504 289600 292496 0.245185 9.68532 8.43336 9.68532 8.43336 77537 0 1 0.0010253
106.754 278016 286704 0.252801 9.16616 8.43508 9.16616 8.43508 77735 0 1 0.00361911
107 270776 275120 0.247678 8.97351 8.43631 8.97351 8.43631 77925 0 1 0.00751931
107.235 272224 267880 0.237622 9.11869 8.43781 9.11869 8.43781 78110 0 1 0.0114922
107.463 282360 269328 0.23055 9.49659 8.44006 9.49659 8.44006 78297 0 1 0.0116839
107.691 292496 279464 0.230533 9.80129 8.44294 9.80129 8.44294 78490 0 1 0.00591702
107.929 293944 289600 0.240271 9.78663 8.4459 9.78663 8.4459 78691 0 1 0.00122515
108.174 286704 291048 0.24774 9.49303 8.44827 9.49303 8.44827 78892 0 1 0.00153275
108.455 251952 283808 0.281022 8.11681 8.44742 8.11681 8.44742 79089 0 1 0.0180148
108.732 222992 249056 0.279701 7.19909 8.44424 7.19909 8.44424 79261 0 1 0.0397314
108.975 218648 220096 0.245678 7.24971 8.44158 7.24971 8.44158 79413 0 1 0.0711825
109.19 237472 215752 0.217383 8.0417 8.44079 8.0417 8.44079 79562 0 1 0.0833123
109.4 262088 234576 0.213688 8.96252 8.44179 8.96252 8.44179 79725 0 1 0.054984
109.628 272224 259192 0.230261 9.11598 8.44319 9.11598 8.44319 79904 0 1 0.0197396
109.88 257744 269328 0.25552 8.57105 8.44349 8.57105 8.44349 80091 0 1 0.0130236
110.142 238920 254848 0.263901 7.80665 8.44198 7.80665 8.44198 80267 0 1 0.0271607
110.371 244712 236024 0.233963 8.23808 8.44155 8.23808 8.44155 80430 0 1 0.0458862
110.579 272224 241816 0.210855 9.34091 8.44325 9.34091 8.44325 80598 0 1 0.0468749
110.793 296840 269328 0.215996 10.1498 8.44654 10.1498 8.44654 80785 0 1 0.0177619
111.029 298288 293944 0.238772 9.95192 8.44974 9.95192 8.44974 80988 0 1 0.000432306
111.283 280912 295392 0.257941 9.33415 8.45176 9.33415 8.45176 81193 0 1 0.00391254
111.528 275120 278016 0.247446 9.07339 8.45313 9.07339 8.45313 81385 0 1 0.00579814
111.759 282360 272224 0.233254 9.43964 8.45516 9.43964 8.45516 81573 0 1 0.00920021
111.985 293944 279464 0.228324 9.89688 8.45807 9.89688 8.45807 81766 0 1 0.00631317
112.218 298288 291048 0.235602 10.038 8.46135 10.038 8.46135 81968 0 1 0.00111944
112.461 292496 295392 0.245171 9.78365 8.46421 9.78365 8.46421 82173 0 1 0.00063542
112.706 285256 289600 0.247377 9.45145 8.46636 9.45145 8.46636 82373 0 1 0.00183862
112.946 282360 282360 0.242769 9.39947 8.46834 9.39947 8.46834 82568 0 1 0.0035583
113.182 283808 279464 0.23781 9.54211 8.47058 9.54211 8.47058 82762 0 1 0.00471395
113.423 280912 280912 0.243142 9.36536 8.47248 9.36536 8.47248 82957 0 1 0.00415141
113.665 276568 278016 0.244082 9.19358 8.47401 9.19358 8.47401 83149 0 1 0.00559629
113.904 275120 273672 0.241921 9.1442 8.47542 9.1442 8.47542 83338 0 1 0.0077288
114.141 278016 272224 0.239521 9.24045 8.47701 9.24045 8.47701 83527 0 1 0.00866571
114.447 231680 275120 0.300993 7.20145 8.4736 7.20145 8.4736 83717 0 1 0.034454
114.78 176656 228784 0.337001 5.48733 8.46493 5.48733 8.46493 83875 0 1 0.099402
115.058 156384 173760 0.280995 5.01166 8.4566 5.01166 8.4566 83995 0 1 0.183319
115.27 172312 153488 0.215506 5.77395 8.45165 5.77395 8.45165 84101 0 1 0.241927
115.474 195480 169416 0.207224 6.65456 8.44848 6.65456 8.44848 84218 0 1 0.196507
115.688 212856 192584 0.216998 7.27504 8.44632 7.27504 8.44632 84352 0 1 0.132086
115.93 208512 209960 0.245891 6.98008 8.44325 6.98008 8.44325 84498 0 1 0.0903244
116.194 191136 205616 0.267574 6.27474 8.43833 6.27474 8.43833 84641 0 1 0.103097
116.393 220096 188240 0.202969 7.57229 8.43685 7.57229 8.43685 84771 0 1 0.149471
116.592 253400 217200 0.202459 8.73726 8.43736 8.73726 8.43736 84921 0 1 0.0899093
116.79 292496 250504 0.203068 10.077 8.44015 10.077 8.44015 85094 0 1 0.0455678
117.001 314216 289600 0.220994 11.0722 8.44488 11.0722 8.44488 85295 0 1 0.00680475
117.241 311320 311320 0.242794 10.3635 8.44881 10.3635 8.44881 85510 0 1 0.0015248
117.501 289600 308424 0.261889 9.55122 8.45125 9.55122 8.45125 85724 0 1 0.00650938
117.758 270776 286704 0.259546 8.96474 8.45237 8.96474 8.45237 85923 0 1 0.00628346
117.996 272224 267880 0.240356 9.00752 8.45349 9.00752 8.45349 86108 0 1 0.0114867
118.222 285256 269328 0.22718 9.55267 8.4556 9.55267 8.4556 86295 0 1 0.0125044
118.486 263536 282360 0.265586 8.5561 8.45582 8.5561 8.45582 86490 0 1 0.00935387
118.765 231680 260640 0.281008 7.53662 8.45367 7.53662 8.45367 86671 0 1 0.0301707
119.02 217200 228784 0.258423 7.16372 8.4509 7.16372 8.4509 86829 0 1 0.0590215
119.247 225888 214304 0.229091 7.54238 8.44917 7.54238 8.44917 86977 0 1 0.0825555
119.472 237472 222992 0.227095 7.94301 8.44822 7.94301 8.44822 87131 0 1 0.067549
119.706 240368 234576 0.236959 8.03008 8.4474 8.03008 8.4474 87293 0 1 0.0476613
119.952 233128 237472 0.24895 7.72778 8.44593 7.72778 8.44593 87457 0 1 0.0441042
120.2 224440 230232 0.251957 7.40081 8.44376 7.40081 8.44376 87616 0 1 0.0550658
120.486 195480 221544 0.284801 6.24603 8.43855 6.24603 8.43855 87770 0 1 0.0797185
120.761 173760 192584 0.278424 5.6466 8.4322 5.6466 8.4322 87904 0 1 0.13492
121 172312 170864 0.242788 5.76296 8.42692 5.76296 8.42692 88023 0 1 0.185321
121.208 191136 169416 0.213664 6.52475 8.42366 6.52475 8.42366 88140 0 1 0.194099
121.409 218648 188240 0.204503 7.539 8.42219 7.539 8.42219 88271 0 1 0.148451
121.609 251952 215752 0.202484 8.62638 8.42253 8.62638 8.42253 88420 0 1 0.092595
121.811 288152 249056 0.20531 9.95608 8.42506 9.95608 8.42506 88593 0 1 0.0446004
122.017 315664 285256 0.215971 11.0417 8.4295 11.0417 8.4295 88790 0 1 0.0114029
122.255 317112 312768 0.240451 10.5656 8.43365 10.5656 8.43365 89007 0 1 0.00183485
122.515 295392 314216 0.261982 9.68511 8.4363 9.68511 8.4363 89224 0 1 0.00797048
122.777 273672 292496 0.264248 8.97714 8.43746 8.97714 8.43746 89427 0 1 0.00645538
123.019 269328 270776 0.245171 8.9246 8.43842 8.9246 8.43842 89614 0 1 0.00972577
123.265 270776 266432 0.241018 8.73662 8.43901 8.73662 8.43901 89799 0 1 0.0125445
123.582 214304 267880 0.320246 6.74896 8.43467 6.74896 8.43467 89984 0 1 0.053337
123.903 167968 211408 0.324501 5.30503 8.42656 5.30503 8.42656 90131 0 1 0.118202
124.155 159280 165072 0.255494 5.24125 8.4201 5.24125 8.4201 90245 0 1 0.203363
124.354 183896 156384 0.202543 6.28561 8.41668 6.28561 8.41668 90353 0 1 0.237309
124.553 211408 181000 0.202552 7.27501 8.41486 7.27501 8.41486 90478 0 1 0.167157
124.754 241816 208512 0.204837 8.34469 8.41474 8.34469 8.41474 90623 0 1 0.104511
124.954 279464 238920 0.202702 9.60302 8.41664 9.60302 8.41664 90788 0 1 0.0585927
125.155 311320 276568 0.210951 11.0495 8.42087 11.0495 8.42087 90980 0 1 0.0182201
125.417 289600 308424 0.262144 9.46885 8.42306 9.46885 8.42306 91194 0 1 0.00652062
125.717 240368 286704 0.303216 7.675 8.42127 7.675 8.42127 91393 0 1 0.0328915
125.995 211408 237472 0.2807 6.83625 8.41778 6.83625 8.41778 91557 0 1 0.0544169
126.222 218648 208512 0.231632 7.33226 8.41582 7.33226 8.41582 91701 0 1 0.093653
126.422 251952 215752 0.202568 8.62638 8.41615 8.62638 8.41615 91850 0 1 0.0925887
126.624 289600 249056 0.204055 9.95388 8.4186 9.95388 8.4186 92023 0 1 0.0458772
126.838 314216 286704 0.217868 10.7018 8.42246 10.7018 8.42246 92221 0 1 0.00918686
127.085 304080 311320 0.249016 10.0947 8.4257 10.0947 8.4257 92436 0 1 0.00264663
127.348 279464 301184 0.266935 9.18179 8.42727 9.18179 8.42727 92645 0 1 0.00747381
127.598 269328 276568 0.252286 8.85256 8.4281 8.85256 8.4281 92836 0 1 0.00739314
127.829 276568 266432 0.23313 9.289 8.42965 9.289 8.42965 93021 0 1 0.0131497
128.05 293944 273672 0.223538 9.90245 8.4322 9.90245 8.4322 93210 0 1 0.0113275
128.279 304080 291048 0.230753 10.2494 8.43543 10.2494 8.43543 93412 0 1 0.00211748
128.521 298288 301184 0.24515 9.97456 8.43834 9.97456 8.43834 93621 0 1 0.000414845
128.771 286704 295392 0.252283 9.45509 8.44031 9.45509 8.44031 93825 0 1 0.00187779
129.016 279464 283808 0.247622 9.26242 8.44187 9.26242 8.44187 94021 0 1 0.00355363
129.252 280912 276568 0.237903 9.39455 8.44361 9.39455 8.44361 94212 0 1 0.00612835
129.483 288152 278016 0.233114 9.69069 8.44583 9.69069 8.44583 94405 0 1 0.00599979
129.713 295392 285256 0.233128 9.89153 8.4484 9.89153 8.4484 94602 0 1 0.00304504
129.951 296840 292496 0.240308 9.88393 8.45103 9.88393 8.45103 94805 0 1 0.000649058
130.194 291048 293944 0.24519 9.6882 8.45334 9.6882 8.45334 95008 0 1 0.000807184
130.439 283808 288152 0.247355 9.45145 8.45521 9.45145 8.45521 95208 0 1 0.00219623
130.679 280912 280912 0.242774 9.39947 8.45695 9.39947 8.45695 95403 0 1 0.00414923
130.912 285256 278016 0.235596 9.54109 8.45888 9.54109 8.45888 95595 0 1 0.00559903
131.143 292496 282360 0.233067 9.79111 8.46122 9.79111 8.46122 95790 0 1 0.00408793
131.379 293944 289600 0.23798 9.88641 8.46378 9.88641 8.46378 95991 0 1 0.00122915
131.619 291048 291048 0.242595 9.68868 8.46601 9.68868 8.46601 96192 0 1 0.000990344
131.862 285256 288152 0.245148 9.54503 8.468 9.54503 8.468 96392 0 1 0.00195897
132.102 282360 282360 0.2427 9.44767 8.46978 9.44767 8.46978 96588 0 1 0.00355791
132.36 266432 279464 0.25783 8.70552 8.47024 8.70552 8.47024 96782 0 1 0.00782266
132.632 238920 263536 0.274367 7.80439 8.46888 7.80439 8.46888 96965 0 1 0.0243648
132.887 224440 236024 0.257774 7.40979 8.46685 7.40979 8.46685 97128 0 1 0.0481226
133.116 230232 221544 0.23241 7.76903 8.46564 7.76903 8.46564 97282 0 1 0.0688231
133.318 263536 227336 0.204641 9.09283 8.46659 9.09283 8.46659 97440 0 1 0.0722416
133.519 302632 260640 0.204119 10.4165 8.46953 10.4165 8.46953 97621 0 1 0.0354842
133.735 324352 299736 0.221055 11.0866 8.47376 11.0866 8.47376 97828 0 1 0.00560146
133.985 311320 321456 0.252391 10.3357 8.47724 10.3357 8.47724 98051 0 1 0.00715568
134.258 280912 308424 0.273619 9.03494 8.47837 9.03494 8.47837 98264 0 1 0.0121925
134.547 240368 278016 0.291259 7.74432 8.4768 7.74432 8.4768 98457 0 1 0.0262621
134.806 224440 237472 0.26165 7.3347 8.4746 7.3347 8.4746 98621 0 1 0.0467293
135.027 237472 221544 0.223895 8.01101 8.47384 8.01101 8.47384 98774 0 1 0.0705391
135.234 266432 234576 0.209726 9.14277 8.47486 9.14277 8.47486 98937 0 1 0.0577941
135.444 293944 263536 0.213387 10.0111 8.47725 10.0111 8.47725 99119 0 1 0.023892
135.681 296840 291048 0.239224 9.84121 8.47963 9.84121 8.47963 99320 0 1 0.000984214
135.943 273672 293944 0.265196 8.99917 8.48063 8.99917 8.48063 99524 0 1 0.00700632
136.209 250504 270776 0.267775 8.2118 8.48011 8.2118 8.48011 99712 0 1 0.0162248
136.453 244712 247608 0.247352 8.14428 8.47951 8.14428 8.47951 99884 0 1 0.0309259
136.677 256296 241816 0.226526 8.69487 8.47986 8.69487 8.47986 100052 0 1 0.0392878
136.896 273672 253400 0.221237 9.32579 8.48121 9.32579 8.48121 100228 0 1 0.0278352
137.125 282360 270776 0.231578 9.50883 8.48293 9.50883 8.48293 100416 0 1 0.010399
137.36 285256 279464 0.239084 9.54039 8.48474 9.54039 8.48474 100610 0 1 0.00477988
137.599 283808 282360 0.241404 9.50423 8.48651 9.50423 8.48651 100806 0 1 0.00348271
137.84 279464 280912 0.243926 9.35925 8.48804 9.35925 8.48804 101001 0 1 0.00427343
138.079 280912 276568 0.241223 9.26177 8.48938 9.26177 8.48938 101192 0 1 0.00612544
138.316 283808 278016 0.238984 9.45322 8.49103 9.45322 8.49103 101385 0 1 0.00546418
138.552 286704 280912 0.239015 9.49896 8.49275 9.49896 8.49275 101579 0 1 0.00414251
138.792 285256 283808 0.241604 9.49795 8.49448 9.49795 8.49448 101775 0 1 0.00293899
139.033 280912 282360 0.243977 9.35307 8.49597 9.35307 8.49597 101970 0 1 0.00368293
139.273 279464 278016 0.242533 9.32806 8.4974 9.32806 8.4974 102163 0 1 0.00539967
139.503 286704 276568 0.23312 9.59027 8.49921 9.59027 8.49921 102354 0 1 0.0067304
139.734 293944 283808 0.233129 9.89153 8.50151 9.89153 8.50151 102551 0 1 0.00354275
139.97 295392 291048 0.237926 9.88641 8.50384 9.88641 8.50384 102752 0 1 0.000918026
140.216 289600 292496 0.246374 9.5319 8.50565 9.5319 8.50565 102955 0 1 0.00103904
140.539 227336 286704 0.323155 7.09831 8.50241 7.09831 8.50241 103153 0 1 0.0519547
140.856 179552 224440 0.31978 5.66901 8.49604 5.66901 8.49604 103308 0 1 0.0951717
141.109 172312 176656 0.253347 5.63457 8.49091 5.63457 8.49091 103431 0 1 0.169802
141.305 198376 169416 0.202603 6.91644 8.48873 6.91644 8.48873 103548 0 1 0.198415
141.506 227336 195480 0.204479 7.82674 8.48779 7.82674 8.48779 103684 0 1 0.131963
141.708 260640 224440 0.204437 8.97774 8.48848 8.97774 8.48848 103840 0 1 0.0770255
141.909 298288 257744 0.205021 10.3014 8.49106 10.3014 8.49106 104019 0 1 0.0368117
142.123 318560 295392 0.221963 11.0486 8.4949 11.0486 8.4949 104223 0 1 0.0051274
142.368 311320 315664 0.247565 10.3021 8.49802 10.3021 8.49802 104441 0 1 0.00336588
142.63 288152 308424 0.264303 9.41937 8.49971 9.41937 8.49971 104654 0 1 0.00734309
142.887 270776 285256 0.259406 8.9197 8.50046 8.9197 8.50046 104852 0 1 0.00614671
143.125 272224 267880 0.240344 9.05621 8.50139 9.05621 8.50139 105038 0 1 0.0114867
143.348 286704 269328 0.22578 9.69231 8.50324 9.69231 8.50324 105225 0 1 0.0129849
143.572 301184 283808 0.225993 10.1588 8.50582 10.1588 8.50582 105421 0 1 0.00543899
143.807 304080 298288 0.237783 10.1323 8.50849 10.1323 8.50849 105627 0 1 0.000130667
144.055 293944 301184 0.249999 9.73408 8.51059 9.73408 8.51059 105835 0 1 0.0012571
144.305 282360 291048 0.252334 9.31604 8.51199 9.31604 8.51199 106036 0 1 0.00253355
144.548 278016 279464 0.245015 9.25868 8.51324 9.25868 8.51324 106230 0 1 0.00492068
144.781 282360 275120 0.235544 9.4914 8.51482 9.4914 8.51482 106421 0 1 0.00710746
145.009 292496 279464 0.230575 9.7927 8.51683 9.7927 8.51683 106614 0 1 0.00591624
145.242 296840 289600 0.235601 9.98833 8.51919 9.98833 8.51919 106815 0 1 0.0014308
145.482 293944 293944 0.242793 9.78509 8.52128 9.78509 8.52128 107018 0 1 0.00050849
145.728 286704 291048 0.247464 9.54596 8.523 9.54596 8.523 107220 0 1 0.00152855
145.97 280912 283808 0.245166 9.40185 8.52447 9.40185 8.52447 107417 0 1 0.00331256
146.206 282360 278016 0.23781 9.44373 8.52595 9.44373 8.52595 107609 0 1 0.00539805
146.436 289600 279464 0.233221 9.69069 8.52778 9.69069 8.52778 107802 0 1 0.00531424
146.67 293944 286704 0.235401 9.88895 8.52994 9.88895 8.52994 108001 0 1 0.00219508
146.908 295392 291048 0.240395 9.78655 8.53198 9.78655 8.53198 108202 0 1 0.000913879
147.15 289600 292496 0.24515 9.6882 8.53389 9.6882 8.53389 108405 0 1 0.00102494
147.396 282360 286704 0.247789 9.3351 8.53522 9.3351 8.53522 108603 0 1 0.00260735
147.638 278016 279464 0.244045 9.25376 8.5364 9.25376 8.5364 108796 0 1 0.00491189
147.874 280912 275120 0.2391 9.34669 8.5377 9.34669 8.5377 108987 0 1 0.00697193
148.106 286704 278016 0.234376 9.59343 8.53935 9.59343 8.53935 109179 0 1 0.00577434
148.342 288152 283808 0.238016 9.63003 8.54108 9.63003 8.54108 109375 0 1 0.00294035
148.584 283808 285256 0.244153 9.44081 8.54254 9.44081 8.54254 109572 0 1 0.00264231
148.828 278016 280912 0.246565 9.25058 8.54371 9.25058 8.54371 109767 0 1 0.0044642
149.067 276568 275120 0.241841 9.19922 8.54476 9.19922 8.54476 109957 0 1 0.00690462
149.324 263536 273672 0.255186 8.52283 8.54472 8.52283 8.54472 110146 0 1 0.00981947
149.611 225888 260640 0.28997 7.3158 8.54237 7.3158 8.54237 110327 0 1 0.035459
149.882 202720 222992 0.274346 6.5703 8.53879 6.5703 8.53879 110481 0 1 0.0730351
150.114 205616 199824 0.235698 6.8817 8.53623 6.8817 8.53623 110619 0 1 0.111614
150.314 237472 202720 0.20218 8.13026 8.53569 8.13026 8.53569 110759 0 1 0.117855
150.513 273672 234576 0.202918 9.40787 8.53685 9.40787 8.53685 110921 0 1 0.0634944
150.713 314216 270776 0.203681 10.8597 8.53992 10.8597 8.53992 111108 0 1 0.0290731
150.939 324352 311320 0.232025 11.0463 8.54368 11.0463 8.54368 111324 0 1 0.00262895
151.199 301184 321456 0.261913 9.9529 8.5461 9.9529 8.5461 111547 0 1 0.0115592
151.466 273672 298288 0.269115 8.94567 8.54681 8.94567 8.54681 111753 0 1 0.00929036
151.713 264984 270776 0.249998 8.75131 8.54714 8.75131 8.54714 111940 0 1 0.010428
151.939 276568 262088 0.228199 9.3328 8.54831 9.3328 8.54831 112122 0 1 0.0176005
152.158 296840 273672 0.221145 10.0642 8.55049 10.0642 8.55049 112312 0 1 0.0126235
152.386 306976 293944 0.230577 10.3508 8.55318 10.3508 8.55318 112516 0 1 0.00163782
152.631 299736 304080 0.247602 9.97128 8.55546 9.97128 8.55546 112727 0 1 0.000825173
152.883 285256 296840 0.254835 9.41094 8.55687 9.41094 8.55687 112932 0 1 0.00266071
153.131 276568 282360 0.249761 9.17249 8.55787 9.17249 8.55787 113128 0 1 0.0043914
153.366 278016 273672 0.237996 9.34536 8.55908 9.34536 8.55908 113318 0 1 0.00772913
153.595 288152 275120 0.230552 9.69122 8.56076 9.69122 8.56076 113509 0 1 0.00810875
153.823 298288 285256 0.230826 9.99565 8.56289 9.99565 8.56289 113706 0 1 0.0036411
154.061 299736 295392 0.240388 9.9813 8.56508 9.9813 8.56508 113911 0 1 0.000259377
154.306 292496 296840 0.24753 9.68774 8.56686 9.68774 8.56686 114116 0 1 0.000750069
154.554 282360 289600 0.249995 9.40649 8.56821 9.40649 8.56821 114317 0 1 0.00244322
154.794 280912 279464 0.242578 9.30306 8.56935 9.30306 8.56935 114510 0 1 0.0047158
155.027 285256 278016 0.235601 9.59079 8.57089 9.59079 8.57089 114703 0 1 0.00559898
155.258 292496 282360 0.233098 9.79111 8.5727 9.79111 8.5727 114898 0 1 0.00408749
155.493 293944 289600 0.23789 9.88641 8.57469 9.88641 8.57469 115099 0 1 0.00122953
155.734 291048 291048 0.242784 9.68868 8.57641 9.68868 8.57641 115300 0 1 0.000991364
155.976 285256 288152 0.245023 9.54503 8.57791 9.54503 8.57791 115500 0 1 0.0019577
156.217 282360 282360 0.242801 9.44767 8.57925 9.44767 8.57925 115696 0 1 0.00355847
156.452 283808 279464 0.237831 9.54211 8.5807 9.54211 8.5807 115890 0 1 0.00471386
156.685 288152 280912 0.235623 9.69017 8.58235 9.69017 8.58235 116085 0 1 0.00427718
156.918 292496 285256 0.235596 9.78956 8.58415 9.78956 8.58415 116282 0 1 0.00264446
157.156 293944 289600 0.240239 9.78655 8.58597 9.78655 8.58597 116483 0 1 0.00122513
157.397 291048 291048 0.242794 9.68868 8.58765 9.68868 8.58765 116684 0 1 0.000991417
157.639 285256 288152 0.245012 9.54503 8.58912 9.54503 8.58912 116884 0 1 0.00195759
157.88 282360 282360 0.242801 9.44767 8.59043 9.44767 8.59043 117080 0 1 0.00355847
158.115 283808 279464 0.237915 9.54211 8.59185 9.54211 8.59185 117274 0 1 0.0047135
158.355 282360 280912 0.241386 9.42029 8.5931 9.42029 8.5931 117469 0 1 0.00407357
158.599 276568 279464 0.246396 9.17615 8.594 9.17615 8.594 117662 0 1 0.00509951
158.842 270776 273672 0.246066 9.03351 8.59467 9.03351 8.59467 117852 0 1 0.00811136
159.081 272224 267880 0.241015 9.02951 8.59533 9.02951 8.59533 118038 0 1 0.0114876
159.344 253400 269328 0.261359 8.22445 8.59471 8.22445 8.59471 118225 0 1 0.0148464
159.639 212856 250504 0.297645 6.8052 8.59141 6.8052 8.59141 118398 0 1 0.0488082
159.914 188240 209960 0.278675 6.13919 8.58719 6.13919 8.58719 118544 0 1 0.0983085
160.145 192584 185344 0.234375 6.46464 8.58412 6.46464 8.58412 118673 0 1 0.146308
160.345 221544 189688 0.202816 7.60294 8.5829 7.60294 8.5829 118804 0 1 0.14591
160.546 253400 218648 0.204598 8.74163 8.5831 8.74163 8.5831 118956 0 1 0.0860639
160.75 283808 250504 0.209958 9.91381 8.58478 9.91381 8.58478 119130 0 1 0.038397
160.983 288152 280912 0.235348 9.70555 8.5864 9.70555 8.5864 119325 0 1 0.00427966
161.258 260640 285256 0.272088 8.27019 8.58586 8.27019 8.58586 119522 0 1 0.0118551
161.628 183896 257744 0.372563 5.60611 8.57904 5.60611 8.57904 119701 0 1 0.102853
161.961 140456 181000 0.336248 4.35476 8.57037 4.35476 8.57037 119826 0 1 0.187575
162.218 141904 137560 0.241861 4.32158 8.56363 4.32158 8.56363 119922 0 1 0.293213
162.419 160728 139008 0.207906 5.58231 8.55994 5.58231 8.55994 120019 0 1 0.29295
162.596 185344 157832 0.202508 7.14185 8.55839 7.14185 8.55839 120128 0 1 0.232713
162.798 211408 182448 0.205066 7.3088 8.55685 7.3088 8.55685 120255 0 1 0.162307
162.996 243264 208512 0.202503 8.39282 8.55665 8.39282 8.55665 120399 0 1 0.105682
163.195 279464 240368 0.203235 9.67505 8.55801 9.67505 8.55801 120565 0 1 0.055423
163.396 308424 276568 0.212955 11.0187 8.56104 11.0187 8.56104 120756 0 1 0.0161508
163.627 317112 305528 0.233058 10.6447 8.56397 10.6447 8.56397 120968 0 1 0.00122641
163.881 299736 314216 0.257161 9.91332 8.56607 9.91332 8.56607 121186 0 1 0.00589471
164.143 278016 296840 0.264354 9.10981 8.56694 9.10981 8.56694 121392 0 1 0.00594583
164.397 263536 275120 0.255891 8.70712 8.56716 8.70712 8.56716 121583 0 1 0.00946012
164.634 266432 260640 0.238898 8.82725 8.56753 8.82725 8.56753 121763 0 1 0.0173078
164.857 279464 263536 0.226066 9.42119 8.56869 9.42119 8.56869 121945 0 1 0.0168548
165.084 291048 276568 0.228924 9.77842 8.57035 9.77842 8.57035 122136 0 1 0.00771431
165.327 285256 288152 0.245436 9.50463 8.57172 9.50463 8.57172 122336 0 1 0.00196202
165.586 266432 282360 0.261608 8.76758 8.57203 8.76758 8.57203 122532 0 1 0.00786148
165.84 251952 263536 0.25639 8.35312 8.57169 8.35312 8.57169 122715 0 1 0.0173719
166.076 253400 249056 0.23826 8.45494 8.57153 8.45494 8.57153 122887 0 1 0.0288629
166.291 272224 250504 0.219661 9.29013 8.57246 9.29013 8.57246 123060 0 1 0.0315714
166.501 302632 269328 0.211423 10.3607 8.57471 10.3607 8.57471 123247 0 1 0.0215435
166.724 318560 299736 0.225966 10.7289 8.57759 10.7289 8.57759 123454 0 1 0.00301663
166.974 305528 315664 0.252236 10.1503 8.57995 10.1503 8.57995 123673 0 1 0.00476298
167.236 282360 302632 0.264345 9.24248 8.58099 9.24248 8.58099 123882 0 1 0.00663362
167.488 269328 279464 0.254754 8.90597 8.58148 8.90597 8.58148 124076 0 1 0.00679058
167.721 273672 266432 0.235455 9.19324 8.58233 9.19324 8.58233 124261 0 1 0.0127504
167.942 289600 270776 0.223638 9.79766 8.58393 9.79766 8.58393 124448 0 1 0.012576
168.168 301184 286704 0.228189 10.2045 8.5861 10.2045 8.5861 124647 0 1 0.00359474
168.408 299736 298288 0.241608 9.97312 8.58807 9.97312 8.58807 124853 0 1 5.84487e-05
168.657 289600 296840 0.251539 9.53075 8.58947 9.53075 8.58947 125058 0 1 0.00138565
168.906 279464 286704 0.251562 9.2518 8.59044 9.2518 8.59044 125257 0 1 0.00323948
169.145 278016 276568 0.241938 9.23865 8.59136 9.23865 8.59136 125448 0 1 0.00612771
169.377 285256 275120 0.233567 9.57512 8.5927 9.57512 8.5927 125639 0 1 0.00750174
169.605 295392 282360 0.230693 9.89418 8.59446 9.89418 8.59446 125834 0 1 0.0046856
169.84 296840 292496 0.237834 9.98478 8.59638 9.98478 8.59638 126037 0 1 0.000653655
170.083 291048 293944 0.245239 9.6882 8.59794 9.6882 8.59794 126240 0 1 0.000807699
170.329 283808 288152 0.248502 9.40912 8.59911 9.40912 8.59911 126440 0 1 0.00221443
170.572 279464 280912 0.244768 9.31878 8.60014 9.31878 8.60014 126635 0 1 0.00428076
170.807 282360 276568 0.237538 9.40992 8.60125 9.40992 8.60125 126826 0 1 0.0061999
171.04 288152 279464 0.235145 9.65728 8.60269 9.65728 8.60269 127020 0 1 0.00508218
171.294 276568 285256 0.252446 9.01131 8.6033 9.01131 8.6033 127218 0 1 0.00406128
171.597 227336 273672 0.305914 7.26521 8.60093 7.26521 8.60093 127408 0 1 0.0389775
171.888 192584 224440 0.293907 6.21628 8.5969 6.21628 8.5969 127564 0 1 0.0797617
172.126 194032 189688 0.24182 6.40633 8.59386 6.40633 8.59386 127696 0 1 0.135235
172.328 222992 191136 0.204284 7.65336 8.59276 7.65336 8.59276 127829 0 1 0.142276
172.527 257744 220096 0.20251 8.82735 8.59303 8.82735 8.59303 127981 0 1 0.0857649
172.727 296840 254848 0.202831 10.2211 8.59491 10.2211 8.59491 128157 0 1 0.0410171
172.942 315664 293944 0.222586 10.9129 8.5978 10.9129 8.5978 128360 0 1 0.00464789
173.191 304080 312768 0.251498 10.0934 8.59995 10.0934 8.59995 128577 0 1 0.00343454
173.459 276568 301184 0.270542 8.98019 8.60054 8.98019 8.60054 128785 0 1 0.00935852
173.718 257744 273672 0.261126 8.46813 8.60034 8.46813 8.60034 128974 0 1 0.0120853
173.954 259192 254848 0.238553 8.68177 8.60046 8.68177 8.60046 129151 0 1 0.0226776
174.173 278016 256296 0.221287 9.37237 8.60142 9.37237 8.60142 129328 0 1 0.02551
174.388 301184 275120 0.217748 10.3007 8.60352 10.3007 8.60352 129519 0 1 0.013337
174.616 311320 298288 0.230811 10.4523 8.60594 10.4523 8.60594 129725 0 1 0.00125855
174.864 301184 308424 0.24987 9.96807 8.60786 9.96807 8.60786 129938 0 1 0.00202744
175.121 282360 298288 0.259546 9.32514 8.60892 9.32514 8.60892 130145 0 1 0.00435174
175.463 215752 279464 0.334616 6.54123 8.60489 6.54123 8.60489 130338 0 1 0.0629339
175.827 153488 212856 0.368549 4.70139 8.59679 4.70139 8.59679 130486 0 1 0.143979
176.108 134664 150592 0.282362 4.32987 8.58999 4.32987 8.58999 130591 0 1 0.253762
176.305 154936 131768 0.203247 5.35984 8.58638 5.35984 8.58638 130682 0 1 0.320384
176.506 176656 152040 0.205333 6.09026 8.58353 6.09026 8.58353 130788 0 1 0.24969
176.708 201272 173760 0.205329 6.95209 8.58167 6.95209 8.58167 130909 0 1 0.185007
176.907 231680 198376 0.203393 7.95932 8.58097 7.95932 8.58097 131046 0 1 0.126363
177.119 249056 228784 0.220516 8.68413 8.58109 8.68413 8.58109 131205 0 1 0.0600868
177.339 262088 246160 0.225815 8.95924 8.58156 8.95924 8.58156 131375 0 1 0.0342965
177.564 273672 259192 0.227033 9.23936 8.58239 9.23936 8.58239 131554 0 1 0.0201624
177.801 275120 270776 0.240265 9.16481 8.58317 9.16481 8.58317 131742 0 1 0.00951272
178.05 264984 272224 0.250755 8.82149 8.5835 8.82149 8.5835 131931 0 1 0.00982951
178.289 262088 262088 0.243944 8.75329 8.58373 8.75329 8.58373 132112 0 1 0.016079
178.508 280912 259192 0.221034 9.53454 8.5849 9.53454 8.5849 132292 0 1 0.0228001
178.724 304080 278016 0.218794 10.3367 8.58702 10.3367 8.58702 132485 0 1 0.0117836
178.955 312768 301184 0.233039 10.4439 8.58941 10.4439 8.58941 132693 0 1 0.000902711
179.205 299736 309872 0.25249 9.90086 8.59124 9.90086 8.59124 132907 0 1 0.00312588
179.494 257744 296840 0.289811 8.2161 8.59064 8.2161 8.59064 133112 0 1 0.0221846
179.772 225888 254848 0.28087 7.36939 8.58875 7.36939 8.58875 133289 0 1 0.0355982
180.01 227336 222992 0.240484 7.5047 8.58732 7.5047 8.58732 133443 0 1 0.065915
180.22 253400 224440 0.211174 8.57203 8.5873 8.57203 8.5873 133598 0 1 0.0718159
180.448 262088 250504 0.230649 8.82866 8.5876 8.82866 8.5876 133772 0 1 0.0281467
180.703 247608 259192 0.257429 8.18829 8.58704 8.18829 8.58704 133952 0 1 0.0211367
180.966 227336 244712 0.266504 7.47561 8.58542 7.47561 8.58542 134122 0 1 0.0392326
181.216 218648 224440 0.25205 7.22451 8.58355 7.22451 8.58355 134278 0 1 0.0644207
181.465 209960 215752 0.25132 6.97139 8.58133 6.97139 8.58133 134428 0 1 0.0798304
181.705 208512 207064 0.242796 6.96023 8.57919 6.96023 8.57919 134572 0 1 0.0959989
181.935 214304 205616 0.233332 7.19989 8.57745 7.19989 8.57745 134715 0 1 0.0993988
182.162 222992 211408 0.230016 7.45447 8.57605 7.45447 8.57605 134861 0 1 0.0881444
182.361 256296 220096 0.2031 8.83505 8.57633 8.83505 8.57633 135013 0 1 0.0846261
182.561 295392 253400 0.202442 10.1719 8.57807 10.1719 8.57807 135188 0 1 0.0425224
182.773 317112 292496 0.220283 11.0779 8.58098 11.0779 8.58098 135391 0 1 0.00625618
183.016 311320 314216 0.245222 10.3564 8.58333 10.3564 8.58333 135608 0 1 0.00264552
183.318 262088 308424 0.296158 8.1947 8.58269 8.1947 8.58269 135822 0 1 0.0308732
183.711 176656 259192 0.396378 5.30878 8.57569 5.30878 8.57569 136002 0 1 0.124053
184.041 136112 173760 0.334005 4.24277 8.56791 4.24277 8.56791 136123 0 1 0.204174
184.24 152040 133216 0.210939 5.34657 8.56443 5.34657 8.56443 136215 0 1 0.31274
184.441 175208 149144 0.20244 5.96321 8.56161 5.96321 8.56161 136318 0 1 0.260236
184.642 201272 172312 0.203914 6.90595 8.5598 6.90595 8.5598 136438 0 1 0.190008
184.843 231680 198376 0.203827 7.94184 8.55913 7.94184 8.55913 136576 0 1 0.126332
185.044 266432 228784 0.203987 9.15038 8.55977 9.15038 8.55977 136735 0 1 0.0710683
185.256 298288 263536 0.209767 9.96292 8.56138 9.96292 8.56138 136917 0 1 0.0269632
185.544 254848 295392 0.291148 8.20933 8.56083 8.20933 8.56083 137121 0 1 0.0238191
185.867 199824 251952 0.325865 6.24695 8.55681 6.24695 8.55681 137295 0 1 0.0666644
186.142 178104 196928 0.278293 5.72451 8.55262 5.72451 8.55262 137431 0 1 0.124751
186.341 205616 175208 0.202585 7.03203 8.551 7.03203 8.551 137552 0 1 0.182844
186.542 236024 202720 0.204577 8.11449 8.55053 8.11449 8.55053 137693 0 1 0.116677
186.742 272224 233128 0.202462 9.35667 8.55139 9.35667 8.55139 137854 0 1 0.065657
186.943 309872 269328 0.206095 10.7618 8.55377 10.7618 8.55377 138041 0 1 0.0273511
187.166 321456 306976 0.229875 10.9881 8.55667 10.9881 8.55667 138253 0 1 0.00213422
187.476 263536 318560 0.308176 8.23162 8.55614 8.23162 8.55614 138473 0 1 0.0457502
187.806 202720 260640 0.333 6.31965 8.55221 6.31965 8.55221 138653 0 1 0.0669578
188.076 183896 199824 0.272014 5.92175 8.54843 5.92175 8.54843 138791 0 1 0.116465
188.282 207064 181000 0.209503 7.03465 8.54678 7.03465 8.54678 138916 0 1 0.164238
188.483 237472 204168 0.20455 8.16078 8.54637 8.16078 8.54637 139058 0 1 0.113572
188.693 262088 234576 0.213007 8.98895 8.54686 8.98895 8.54686 139221 0 1 0.0550203
188.933 259192 259192 0.242863 8.65263 8.54699 8.65263 8.54699 139400 0 1 0.0186046
189.199 236024 256296 0.269067 7.74386 8.54586 7.74386 8.54586 139578 0 1 0.0280315
189.446 227336 233128 0.250654 7.61776 8.54465 7.61776 8.54465 139740 0 1 0.0506396
189.67 238920 224440 0.22689 8.06327 8.54409 8.06327 8.54409 139896 0 1 0.0650997
189.886 257744 236024 0.218538 8.8028 8.54438 8.8028 8.54438 140060 0 1 0.0498748
190.113 267880 254848 0.229584 9.03714 8.54497 9.03714 8.54497 140237 0 1 0.0239023
190.419 222992 264984 0.301725 6.90842 8.54233 6.90842 8.54233 140420 0 1 0.0398217
190.778 160728 220096 0.362737 4.94162 8.53556 4.94162 8.53556 140573 0 1 0.129081
191.074 134664 157832 0.300127 4.26166 8.52893 4.26166 8.52893 140682 0 1 0.235738
191.311 150592 131768 0.211644 4.50336 8.52395 4.50336 8.52395 140774 0 1 0.31809
191.513 169416 147696 0.209439 5.91942 8.52121 5.91942 8.52121 140877 0 1 0.26261
191.677 195480 166520 0.203137 8.11989 8.52087 8.11989 8.52087 140992 0 1 0.206873
191.884 214304 192584 0.215904 7.47303 8.51974 7.47303 8.51974 141126 0 1 0.13272
192.086 244712 211408 0.204511 8.4481 8.51966 8.4481 8.51966 141273 0 1 0.0987394
192.303 263536 241816 0.21965 8.91318 8.5201 8.91318 8.5201 141440 0 1 0.0419666
192.554 251952 260640 0.253949 8.35344 8.51989 8.35344 8.51989 141621 0 1 0.018899
192.823 228784 249056 0.271761 7.40887 8.51834 7.40887 8.51834 141793 0 1 0.0358093
193.08 214304 225888 0.259942 7.03222 8.51636 7.03222 8.51636 141949 0 1 0.0637561
193.291 231680 211408 0.21841 8.01026 8.51581 8.01026 8.51581 142095 0 1 0.0910269
193.491 267880 228784 0.202568 9.14744 8.51646 9.14744 8.51646 142253 0 1 0.0723141
193.691 309872 264984 0.202498 10.5948 8.51861 10.5948 8.51861 142436 0 1 0.0346225
193.912 328696 306976 0.223573 11.1599 8.52162 11.1599 8.52162 142649 0 1 0.0047477
194.167 309872 325800 0.2571 10.2316 8.52386 10.2316 8.52386 142874 0 1 0.0116256
194.439 278016 306976 0.273998 9.08594 8.52465 9.08594 8.52465 143087 0 1 0.0129722
194.693 263536 275120 0.257151 8.64005 8.5248 8.64005 8.5248 143277 0 1 0.00950177
194.922 273672 260640 0.230679 9.13309 8.52551 9.13309 8.52551 143457 0 1 0.0184419
195.138 295392 270776 0.218717 10.0154 8.52716 10.0154 8.52716 143644 0 1 0.0151841
195.364 308424 292496 0.22818 10.4097 8.52934 10.4097 8.52934 143847 0 1 0.00265241
195.606 302632 305528 0.245217 10.07 8.53125 10.07 8.53125 144058 0 1 0.000739506
195.861 286704 299736 0.257009 9.45858 8.53246 9.45858 8.53246 144266 0 1 0.00310898
196.111 275120 283808 0.252453 9.13065 8.53322 9.13065 8.53322 144463 0 1 0.00455917
196.347 276568 272224 0.23798 9.24699 8.53408 9.24699 8.53408 144651 0 1 0.00859967
196.573 288152 273672 0.228247 9.69176 8.53541 9.69176 8.53541 144840 0 1 0.00933093
196.801 298288 285256 0.23073 10.0464 8.53716 10.0464 8.53716 145038 0 1 0.00364287
197.039 299736 295392 0.240166 9.9813 8.5389 9.9813 8.5389 145243 0 1 0.000259254
197.338 256296 296840 0.291115 7.92536 8.53797 7.92536 8.53797 145448 0 1 0.0236908
197.749 166520 253400 0.413937 4.9694 8.53057 4.9694 8.53057 145624 0 1 0.143935
198.099 121632 163624 0.354923 3.76748 8.52214 3.76748 8.52214 145738 0 1 0.242244
198.361 127424 118736 0.228214 3.67457 8.51575 3.67457 8.51575 145821 0 1 0.365585
198.516 146248 124528 0.203861 6.4348 8.51412 6.4348 8.51412 145907 0 1 0.347359
198.718 166520 143352 0.20565 5.67724 8.51124 5.67724 8.51124 146006 0 1 0.278397
198.92 189688 163624 0.20552 6.54048 8.50924 6.54048 8.50924 146120 0 1 0.213802
199.127 211408 186792 0.211484 7.2482 8.50792 7.2482 8.50792 146250 0 1 0.148455
199.329 240368 208512 0.205826 8.34469 8.50776 8.34469 8.50776 146395 0 1 0.103487
199.527 278016 237472 0.202503 9.55411 8.5088 9.55411 8.5088 146559 0 1 0.0605963
199.726 311320 275120 0.209436 11.0688 8.51135 11.0688 8.51135 146749 0 1 0.0201361
199.956 320008 308424 0.232558 10.749 8.51392 10.749 8.51392 146962 0 1 0.00168256
