0.0400495 14480 0 0 0 0 0 0 0 0 0.0428864
0.0802196 15928 13032 0.04 2.88373 1.44404 2.88373 1.44404 10 0 0.0383511
0.0804599 17376 13032 0.04 96.4048 1.72767 96.4048 1.72767 12 0 0.0383511
0.0807002 18824 14480 0.04 144.607 2.15315 144.607 2.15315 15 0 0.0381625
0.0809406 20272 15928 0.04 144.607 2.57611 144.607 2.57611 18 0 0.0379743
0.0811809 21720 17376 0.040125 144.607 2.99657 144.607 2.99657 21 0 0.0377846
0.120387 23168 18824 0.0451094 0.886402 2.30936 0.886402 2.30936 24 0 0.0375437
0.120627 24616 20272 0.0444707 144.607 2.59285 144.607 2.59285 27 0 0.037361
0.120867 26064 21720 0.0439119 144.607 2.87522 144.607 2.87522 30 0 0.037179
0.121108 27512 23168 0.0435479 144.607 3.15647 144.607 3.15647 33 0 0.0369962
0.121348 28960 24616 0.0432294 144.607 3.4366 144.607 3.4366 36 0 0.0368138
0.121588 30408 26064 0.0429507 144.607 3.71562 144.607 3.71562 39 0 0.0366316
0.121828 31856 27512 0.0425819 144.607 3.99355 144.607 3.99355 42 0 0.036451
0.160554 33304 28960 0.0471341 0.897404 3.24677 0.897404 3.24677 45 0 0.0362384
0.160794 34752 30408 0.0462424 144.607 3.45804 144.607 3.45804 48 0 0.0360573
0.161034 36200 31856 0.0455871 144.607 3.66869 144.607 3.66869 51 0 0.0358769
0.161274 37648 33304 0.0450137 144.607 3.8787 144.607 3.8787 54 0 0.0356974
0.161515 39096 34752 0.044512 144.607 4.0881 144.607 4.0881 57 0 0.0355186
0.161755 40544 36200 0.043948 144.607 4.29687 144.607 4.29687 60 0 0.0353412
0.161995 41992 37648 0.0434545 144.607 4.50502 144.607 4.50502 63 0 0.0351642
0.162236 43440 39096 0.0431477 144.607 4.71255 144.607 4.71255 66 0 0.0349864
0.162476 44888 40544 0.0428792 144.607 4.91947 144.607 4.91947 69 0 0.0348088
0.162716 46336 41992 0.0426443 144.607 5.12578 144.607 5.12578 72 0 0.0346315
0.162957 47784 43440 0.0424388 144.607 5.33148 144.607 5.33148 75 0 0.0344544
0.200841 49232 44888 0.0421339 0.917328 4.49885 0.917328 4.49885 78 0 0.034279
0.201081 50680 46336 0.0419922 144.607 4.6663 144.607 4.6663 81 0 0.0341023
0.201321 52128 47784 0.0418682 144.607 4.83335 144.607 4.83335 84 0 0.0339259
0.201562 53576 49232 0.0416346 144.607 5 144.607 5 87 0 0.0337514
0.201802 55024 50680 0.0414303 144.607 5.16625 144.607 5.16625 90 0 0.033577
0.202042 56472 52128 0.0413765 144.607 5.33211 144.607 5.33211 93 0 0.0334012
0.202283 57920 53576 0.0413295 144.607 5.49758 144.607 5.49758 96 0 0.0332258
0.202523 59368 55024 0.0412883 144.607 5.66265 144.607 5.66265 99 0 0.0330507
0.202763 60816 56472 0.0412522 144.607 5.82733 144.607 5.82733 102 0 0.0328761
0.203004 62264 57920 0.0413457 144.607 5.99162 144.607 5.99162 105 0 0.0327002
0.203244 63712 59368 0.0414275 144.607 6.15552 144.607 6.15552 108 0 0.0325249
0.203484 65160 60816 0.0413741 144.607 6.31904 144.607 6.31904 111 0 0.0323519
0.203725 66608 62264 0.0413273 144.607 6.48217 144.607 6.48217 114 0 0.0321792
0.203965 68056 63712 0.0412864 144.607 6.64491 144.607 6.64491 117 0 0.032007
0.204205 69504 65160 0.0413756 144.607 6.80727 144.607 6.80727 120 0 0.0318335
0.204445 70952 66608 0.0414536 144.607 6.96925 144.607 6.96925 123 0 0.0316606
0.241008 72400 68056 0.0461469 0.950491 6.05617 0.950491 6.05617 126 0 0.0314497
0.241248 73848 69504 0.0455036 144.607 6.19419 144.607 6.19419 129 0 0.0312816
0.241488 75296 70952 0.0448156 144.607 6.33193 144.607 6.33193 132 0 0.0311151
0.241729 76744 72400 0.0442137 144.607 6.4694 144.607 6.4694 135 0 0.0309492
0.241969 78192 73848 0.043687 144.607 6.6066 144.607 6.6066 138 0 0.030784
0.242209 79640 75296 0.0433511 144.607 6.74352 144.607 6.74352 141 0 0.0306179
0.24245 81088 76744 0.0430572 144.607 6.88018 144.607 6.88018 144 0 0.0304521
0.24269 82536 78192 0.0428001 144.607 7.01656 144.607 7.01656 147 0 0.0302866
0.24293 83984 79640 0.04245 144.607 7.15267 144.607 7.15267 150 0 0.0301227
0.243171 85432 81088 0.0422688 144.607 7.28852 144.607 7.28852 153 0 0.0299575
0.243411 86880 82536 0.0421102 144.607 7.42409 144.607 7.42409 156 0 0.0297926
0.243651 88328 83984 0.0419714 144.607 7.5594 144.607 7.5594 159 0 0.029628
0.243891 89776 85432 0.04185 144.607 7.69444 144.607 7.69444 162 0 0.0294637
0.244132 91224 86880 0.0418687 144.607 7.82921 144.607 7.82921 165 0 0.0292981
0.244372 92672 88328 0.0417601 144.607 7.96372 144.607 7.96372 168 0 0.0291346
0.244612 94120 89776 0.0416651 144.607 8.09797 144.607 8.09797 171 0 0.0289713
0.244853 95568 91224 0.041582 144.607 8.23195 144.607 8.23195 174 0 0.0288085
0.245093 97016 92672 0.0416342 144.607 8.36567 144.607 8.36567 177 0 0.0286443
0.245333 98464 94120 0.04168 144.607 8.49913 144.607 8.49913 180 0 0.0284807
0.245574 99912 95568 0.04172 144.607 8.63232 144.607 8.63232 183 0 0.0283177
0.245814 101360 97016 0.041755 144.607 8.76526 144.607 8.76526 186 0 0.0281551
0.246054 102808 98464 0.0419106 144.607 8.89794 144.607 8.89794 189 0 0.0279916
0.246295 104256 99912 0.0419218 144.607 9.03035 144.607 9.03035 192 0 0.0278303
0.246535 105704 101360 0.0419315 144.607 9.16251 144.607 9.16251 195 0 0.0276695
0.281421 107152 102808 0.0463151 0.996153 8.15018 0.996153 8.15018 198 0 0.0274753
0.281662 108600 104256 0.0455257 144.607 8.2666 144.607 8.2666 201 0 0.0273188
0.281902 110048 105704 0.044835 144.607 8.38283 144.607 8.38283 204 0 0.0271635
0.282142 111496 107152 0.0443556 144.607 8.49886 144.607 8.49886 207 0 0.0270079
0.282382 112944 108600 0.0439362 144.607 8.6147 144.607 8.6147 210 0 0.0268528
0.282623 114392 110048 0.0435691 144.607 8.73034 144.607 8.73034 213 0 0.026698
0.282863 115840 111496 0.043248 144.607 8.84578 144.607 8.84578 216 0 0.0265435
0.283103 117288 112944 0.043092 144.607 8.96102 144.607 8.96102 219 0 0.0263881
0.283344 118736 114392 0.0428305 144.607 9.07607 144.607 9.07607 222 0 0.0262342
0.283584 120184 115840 0.0426017 144.607 9.19093 144.607 9.19093 225 0 0.0260806
0.283824 121632 117288 0.0424015 144.607 9.30558 144.607 9.30558 228 0 0.0259273
0.284065 123080 118736 0.0423513 144.607 9.42005 144.607 9.42005 231 0 0.0257727
0.284305 124528 120184 0.0423074 144.607 9.53432 144.607 9.53432 234 0 0.0256186
0.284545 125976 121632 0.042269 144.607 9.6484 144.607 9.6484 237 0 0.0254649
0.284786 127424 123080 0.0421103 144.607 9.76229 144.607 9.76229 240 0 0.025313
0.285026 128872 124528 0.0420965 144.607 9.87598 144.607 9.87598 243 0 0.02516
0.285266 130320 125976 0.0420845 144.607 9.98949 144.607 9.98949 246 0 0.0250073
0.285507 131768 127424 0.0420739 144.607 10.1028 144.607 10.1028 249 0 0.0248552
0.285747 133216 128872 0.0420647 144.607 10.2159 144.607 10.2159 252 0 0.0247035
0.285987 134664 130320 0.0420566 144.607 10.3289 144.607 10.3289 255 0 0.0245522
0.286228 136112 131768 0.0420495 144.607 10.4416 144.607 10.4416 258 0 0.0244014
0.286468 137560 133216 0.0420433 144.607 10.5541 144.607 10.5541 261 0 0.024251
0.286708 139008 134664 0.0420379 144.607 10.6665 144.607 10.6665 264 0 0.0241011
0.286949 140456 136112 0.0420332 144.607 10.7787 144.607 10.7787 267 0 0.0239517
0.287189 141904 137560 0.042154 144.607 10.8907 144.607 10.8907 270 0 0.0238012
0.287429 143352 139008 0.0422598 144.607 11.0025 144.607 11.0025 273 0 0.0236514
0.28767 144800 140456 0.0422273 144.607 11.1141 144.607 11.1141 276 0 0.0235037
0.28791 146248 141904 0.0421989 144.607 11.2255 144.607 11.2255 279 0 0.0233564
0.28815 147696 143352 0.042299 144.607 11.3368 144.607 11.3368 282 0 0.023208
0.28839 149144 144800 0.0423866 144.607 11.4478 144.607 11.4478 285 0 0.0230603
0.288631 150592 146248 0.0424633 144.607 11.5587 144.607 11.5587 288 0 0.0229132
0.288871 152040 147696 0.0425304 144.607 11.6694 144.607 11.6694 291 0 0.0227667
0.289111 153488 149144 0.0425891 144.607 11.7799 144.607 11.7799 294 0 0.0226208
0.289352 154936 150592 0.0426405 144.607 11.8902 144.607 11.8902 297 0 0.0224754
0.289592 156384 152040 0.0426854 144.607 12.0003 144.607 12.0003 300 0 0.0223305
0.289832 157832 153488 0.0427247 144.607 12.1103 144.607 12.1103 303 0 0.0221862
0.322069 159280 154936 0.0468841 1.07804 11.006 1.07804 11.006 306 0 0.0220162
0.322309 160728 156384 0.0461486 144.607 11.1057 144.607 11.1057 309 0 0.0218754
0.322549 162176 157832 0.045505 144.607 11.2051 144.607 11.2051 312 0 0.0217357
0.32279 163624 159280 0.0449419 144.607 11.3044 144.607 11.3044 315 0 0.0215967
0.32303 165072 160728 0.0445742 144.607 11.4036 144.607 11.4036 318 0 0.0214575
0.32327 166520 162176 0.0441274 144.607 11.5026 144.607 11.5026 321 0 0.0213197
0.323511 167968 163624 0.0437365 144.607 11.6015 144.607 11.6015 324 0 0.0211822
0.323751 169416 165072 0.0433944 144.607 11.7002 144.607 11.7002 327 0 0.0210451
0.323991 170864 166520 0.0430951 144.607 11.7988 144.607 11.7988 330 0 0.0209082
0.324232 172312 167968 0.0429582 144.607 11.8973 144.607 11.8973 333 0 0.0207703
0.324472 173760 169416 0.0428384 144.607 11.9956 144.607 11.9956 336 0 0.0206328
0.324712 175208 170864 0.0426086 144.607 12.0937 144.607 12.0937 339 0 0.0204969
0.324953 176656 172312 0.0424076 144.607 12.1917 144.607 12.1917 342 0 0.0203612
0.325193 178104 173760 0.0423566 144.607 12.2896 144.607 12.2896 345 0 0.0202244
0.325433 179552 175208 0.042312 144.607 12.3873 144.607 12.3873 348 0 0.020088
0.325674 181000 176656 0.042273 144.607 12.4848 144.607 12.4848 351 0 0.019952
0.325914 182448 178104 0.0422389 144.607 12.5823 144.607 12.5823 354 0 0.0198164
0.326154 183896 179552 0.042209 144.607 12.6795 144.607 12.6795 357 0 0.0196812
0.326395 185344 181000 0.0421829 144.607 12.7767 144.607 12.7767 360 0 0.0195464
0.326635 186792 182448 0.04216 144.607 12.8737 144.607 12.8737 363 0 0.0194121
0.326875 188240 183896 0.04214 144.607 12.9705 144.607 12.9705 366 0 0.0192782
0.327116 189688 185344 0.0422475 144.607 13.0672 144.607 13.0672 369 0 0.0191433
0.327356 191136 186792 0.0423416 144.607 13.1638 144.607 13.1638 372 0 0.019009
0.327596 192584 188240 0.0422989 144.607 13.2602 144.607 13.2602 375 0 0.0188768
0.327836 194032 189688 0.0422615 144.607 13.3565 144.607 13.3565 378 0 0.018745
0.328077 195480 191136 0.0423538 144.607 13.4527 144.607 13.4527 381 0 0.0186121
0.328317 196928 192584 0.0424346 144.607 13.5487 144.607 13.5487 384 0 0.0184799
0.328557 198376 194032 0.0425053 144.607 13.6445 144.607 13.6445 387 0 0.0183482
0.328798 199824 195480 0.0425671 144.607 13.7402 144.607 13.7402 390 0 0.0182172
0.329038 201272 196928 0.0427462 144.607 13.8358 144.607 13.8358 393 0 0.0180853
0.329278 202720 198376 0.042903 144.607 13.9313 144.607 13.9313 396 0 0.0179542
0.329519 204168 199824 0.0429151 144.607 14.0266 144.607 14.0266 399 0 0.0178251
0.329759 205616 201272 0.0429257 144.607 14.1217 144.607 14.1217 402 0 0.0176965
0.329999 207064 202720 0.042935 144.607 14.2168 144.607 14.2168 405 0 0.0175683
0.33024 208512 204168 0.0430681 144.607 14.3116 144.607 14.3116 408 0 0.0174394
0.33048 209960 205616 0.0431846 144.607 14.4064 144.607 14.4064 411 0 0.0173111
0.33072 211408 207064 0.0432865 144.607 14.501 144.607 14.501 414 0 0.0171835
0.330961 212856 208512 0.0432507 144.607 14.5955 144.607 14.5955 417 0 0.0170576
0.331201 214304 209960 0.0433444 144.607 14.6898 144.607 14.6898 420 0 0.016931
0.331441 215752 211408 0.0434263 144.607 14.784 144.607 14.784 423 0 0.0168049
0.331682 217200 212856 0.043498 144.607 14.8781 144.607 14.8781 426 0 0.0166795
0.331922 218648 214304 0.0435608 144.607 14.972 144.607 14.972 429 0 0.0165546
0.332162 220096 215752 0.0437407 144.607 15.0658 144.607 15.0658 432 0 0.0164291
0.332403 221544 217200 0.0437731 144.607 15.1594 144.607 15.1594 435 0 0.0163055
0.332643 222992 218648 0.0438015 144.607 15.253 144.607 15.253 438 0 0.0161823
0.332883 224440 220096 0.0438263 144.607 15.3464 144.607 15.3464 441 0 0.0160596
0.333124 225888 221544 0.043973 144.607 15.4396 144.607 15.4396 444 0 0.0159364
0.333364 227336 222992 0.0441014 144.607 15.5327 144.607 15.5327 447 0 0.0158138
0.333604 228784 224440 0.0442137 144.607 15.6257 144.607 15.6257 450 0 0.0156919
0.333844 230232 225888 0.044187 144.607 15.7186 144.607 15.7186 453 0 0.0155715
0.334085 231680 227336 0.0442886 144.607 15.8113 144.607 15.8113 456 0 0.0154505
0.334325 233128 228784 0.0443775 144.607 15.9038 144.607 15.9038 459 0 0.0153302
0.334565 234576 230232 0.0444553 144.607 15.9963 144.607 15.9963 462 0 0.0152104
0.334806 236024 231680 0.0445234 144.607 16.0886 144.607 16.0886 465 0 0.0150912
0.363317 237472 233128 0.047307 2.03146 14.9855 2.03146 14.9855 470 0 0.0149613
0.363558 238920 234576 0.0465186 144.607 15.0712 144.607 15.0712 473 0 0.0148452
0.363798 240368 236024 0.0458288 144.607 15.1567 144.607 15.1567 476 0 0.0147304
0.364038 241816 237472 0.0453502 144.607 15.2422 144.607 15.2422 479 0 0.0146158
0.364278 243264 238920 0.0449314 144.607 15.3275 144.607 15.3275 482 0 0.0145018
0.364519 244712 240368 0.044565 144.607 15.4128 144.607 15.4128 485 0 0.0143882
0.364759 246160 241816 0.0441194 144.607 15.4979 144.607 15.4979 488 0 0.014276
0.364999 247608 243264 0.0437294 144.607 15.5829 144.607 15.5829 491 0 0.0141641
0.36524 249056 244712 0.0435133 144.607 15.6678 144.607 15.6678 494 0 0.0140515
0.36548 250504 246160 0.0433241 144.607 15.7526 144.607 15.7526 497 0 0.0139391
0.36572 251952 247608 0.0431586 144.607 15.8372 144.607 15.8372 500 0 0.0138271
0.365961 253400 249056 0.0430138 144.607 15.9218 144.607 15.9218 503 0 0.0137153
0.366201 254848 250504 0.043012 144.607 16.0062 144.607 16.0062 506 0 0.0136026
0.366441 256296 251952 0.0428855 144.607 16.0906 144.607 16.0906 509 0 0.0134917
0.366682 257744 253400 0.0427748 144.607 16.1748 144.607 16.1748 512 0 0.0133811
0.366922 259192 254848 0.042678 144.607 16.2589 144.607 16.2589 515 0 0.0132708
0.367162 260640 256296 0.0427182 144.607 16.3429 144.607 16.3429 518 0 0.0131595
0.367403 262088 257744 0.0427535 144.607 16.4268 144.607 16.4268 521 0 0.0130488
0.367643 263536 259192 0.0427843 144.607 16.5106 144.607 16.5106 524 0 0.0129386
0.367883 264984 260640 0.0426862 144.607 16.5943 144.607 16.5943 527 0 0.0128302
0.368124 266432 262088 0.0427255 144.607 16.6779 144.607 16.6779 530 0 0.0127208
0.368364 267880 263536 0.0427598 144.607 16.7613 144.607 16.7613 533 0 0.012612
0.368604 269328 264984 0.0427898 144.607 16.8447 144.607 16.8447 536 0 0.0125036
0.368845 270776 266432 0.0428161 144.607 16.9279 144.607 16.9279 539 0 0.0123958
0.369085 272224 267880 0.0429641 144.607 17.0111 144.607 17.0111 542 0 0.0122872
0.369325 273672 269328 0.0429686 144.607 17.0941 144.607 17.0941 545 0 0.0121805
0.369566 275120 270776 0.0429725 144.607 17.177 144.607 17.177 548 0 0.0120743
0.369806 276568 272224 0.0429759 144.607 17.2598 144.607 17.2598 551 0 0.0119685
0.370046 278016 273672 0.0431039 144.607 17.3425 144.607 17.3425 554 0 0.011862
0.370286 279464 275120 0.0432159 144.607 17.4251 144.607 17.4251 557 0 0.0117562
0.370527 280912 276568 0.043314 144.607 17.5076 144.607 17.5076 560 0 0.0116509
0.370767 282360 278016 0.0432747 144.607 17.59 144.607 17.59 563 0 0.0115475
0.371007 283808 279464 0.0433654 144.607 17.6723 144.607 17.6723 566 0 0.0114432
0.371248 285256 280912 0.0434447 144.607 17.7544 144.607 17.7544 569 0 0.0113396
0.371488 286704 282360 0.0435141 144.607 17.8365 144.607 17.8365 572 0 0.0112365
0.371728 288152 283808 0.0435748 144.607 17.9185 144.607 17.9185 575 0 0.011134
0.371969 289600 285256 0.043628 144.607 18.0003 144.607 18.0003 578 0 0.011032
0.372209 291048 286704 0.0436745 144.607 18.0821 144.607 18.0821 581 0 0.0109306
0.372449 292496 288152 0.0437152 144.607 18.1637 144.607 18.1637 584 0 0.0108296
0.37269 293944 289600 0.0437508 144.607 18.2452 144.607 18.2452 587 0 0.0107292
0.37293 295392 291048 0.0437819 144.607 18.3267 144.607 18.3267 590 0 0.0106293
0.37317 296840 292496 0.0439342 144.607 18.408 144.607 18.408 593 0 0.0105289
0.373411 298288 293944 0.0440674 144.607 18.4892 144.607 18.4892 596 0 0.0104291
0.373651 299736 295392 0.044059 144.607 18.5703 144.607 18.5703 599 0 0.0103309
0.373891 301184 296840 0.0440516 144.607 18.6513 144.607 18.6513 602 0 0.0102332
0.374132 302632 298288 0.0441702 144.607 18.7322 144.607 18.7322 605 0 0.010135
0.374372 304080 299736 0.0442739 144.607 18.813 144.607 18.813 608 0 0.0100373
0.374612 305528 301184 0.0443647 144.607 18.8937 144.607 18.8937 611 0 0.00994026
0.374853 306976 302632 0.0444441 144.607 18.9743 144.607 18.9743 614 0 0.00984377
0.375093 308424 304080 0.0446386 144.607 19.0548 144.607 19.0548 617 0 0.00974697
0.375333 309872 305528 0.0448087 144.607 19.1352 144.607 19.1352 620 0 0.00965087
0.375574 311320 306976 0.0448326 144.607 19.2155 144.607 19.2155 623 0 0.0095562
0.375814 312768 308424 0.0448536 144.607 19.2957 144.607 19.2957 626 0 0.00946201
0.376054 314216 309872 0.0449969 144.607 19.3758 144.607 19.3758 629 0 0.00936754
0.376294 315664 311320 0.0451223 144.607 19.4557 144.607 19.4557 632 0 0.00927368
0.376535 317112 312768 0.045232 144.607 19.5356 144.607 19.5356 635 0 0.0091804
0.376775 318560 314216 0.045328 144.607 19.6154 144.607 19.6154 638 0 0.00908769
0.377015 320008 315664 0.045412 144.607 19.6951 144.607 19.6951 641 0 0.00899552
0.377256 321456 317112 0.0454855 144.607 19.7746 144.607 19.7746 644 0 0.00890388
0.377496 322904 318560 0.0455498 144.607 19.8541 144.607 19.8541 647 0 0.00881277
0.377736 324352 320008 0.0456061 144.607 19.9335 144.607 19.9335 650 0 0.00872217
0.377977 325800 321456 0.0456553 144.607 20.0127 144.607 20.0127 653 0 0.00863207
0.378217 327248 322904 0.0458234 144.607 20.0919 144.607 20.0919 656 0 0.00854192
0.378457 328696 324352 0.0458455 144.607 20.171 144.607 20.171 659 0 0.00845289
0.378698 330144 325800 0.0458648 144.607 20.2499 144.607 20.2499 662 0 0.00836434
0.378938 331592 327248 0.0458817 144.607 20.3288 144.607 20.3288 665 0 0.00827627
0.379178 333040 328696 0.0460215 144.607 20.4076 144.607 20.4076 668 0 0.00818817
0.379419 334488 330144 0.0461438 144.607 20.4862 144.607 20.4862 671 0 0.00810063
0.379659 335936 331592 0.0462508 144.607 20.5648 144.607 20.5648 674 0 0.00801365
0.379899 337384 333040 0.0462195 144.607 20.6433 144.607 20.6433 677 0 0.00792762
0.38014 338832 334488 0.046317 144.607 20.7216 144.607 20.7216 680 0 0.00784161
0.38038 340280 335936 0.0464024 144.607 20.7999 144.607 20.7999 683 0 0.00775613
0.38062 341728 337384 0.0464771 144.607 20.8781 144.607 20.8781 686 0 0.00767116
0.380861 343176 338832 0.0465425 144.607 20.9562 144.607 20.9562 689 0 0.0075867
0.381101 344624 340280 0.0467247 144.607 21.0341 144.607 21.0341 692 0 0.00750239
0.381341 346072 341728 0.0467591 144.607 21.112 144.607 21.112 695 0 0.00741897
0.381582 347520 343176 0.0467892 144.607 21.1898 144.607 21.1898 698 0 0.00733602
0.381822 348968 344624 0.0468155 144.607 21.2675 144.607 21.2675 701 0 0.00725355
0.382062 350416 346072 0.0469636 144.607 21.345 144.607 21.345 704 0 0.00717128
0.382302 351864 347520 0.0470931 144.607 21.4225 144.607 21.4225 707 0 0.00708955
0.405166 353312 348968 0.0479823 3.54655 20.4138 3.54655 20.4138 714 0 0.00700772
0.405407 354760 350416 0.0472345 144.607 20.4874 144.607 20.4874 717 0 0.00692776
0.405647 356208 351864 0.0465802 144.607 20.5609 144.607 20.5609 720 0 0.00684911
0.405887 357656 353312 0.0460077 144.607 20.6344 144.607 20.6344 723 0 0.00677146
0.406128 359104 354760 0.0455067 144.607 20.7077 144.607 20.7077 726 0 0.00669456
0.406368 360552 356208 0.0450684 144.607 20.781 144.607 20.781 729 0 0.00661826
0.406608 362000 357656 0.0446848 144.607 20.8542 144.607 20.8542 732 0 0.00654244
0.406849 363448 359104 0.0443492 144.607 20.9273 144.607 20.9273 735 0 0.00646703
0.407089 364896 360552 0.0441806 144.607 21.0003 144.607 21.0003 738 0 0.00639101
0.407329 366344 362000 0.044033 144.607 21.0732 144.607 21.0732 741 0 0.00631534
0.40757 367792 363448 0.0439039 144.607 21.1461 144.607 21.1461 744 0 0.00624003
0.40781 369240 364896 0.0437909 144.607 21.2188 144.607 21.2188 747 0 0.00616508
0.40805 370688 366344 0.043692 144.607 21.2915 144.607 21.2915 750 0 0.00609051
0.408291 372136 367792 0.0436055 144.607 21.3641 144.607 21.3641 753 0 0.00601631
0.408531 373584 369240 0.0435298 144.607 21.4366 144.607 21.4366 756 0 0.00594249
0.408771 375032 370688 0.0434636 144.607 21.509 144.607 21.509 759 0 0.00586907
0.409012 376480 372136 0.0435307 144.607 21.5813 144.607 21.5813 762 0 0.00579491
0.409252 377928 373584 0.0435893 144.607 21.6536 144.607 21.6536 765 0 0.0057213
0.409492 379376 375032 0.0435157 144.607 21.7257 144.607 21.7257 768 0 0.00564933
0.409733 380824 376480 0.0434512 144.607 21.7978 144.607 21.7978 771 0 0.00557776
0.409973 382272 377928 0.0433948 144.607 21.8698 144.607 21.8698 774 0 0.00550658
0.410213 383720 379376 0.0434704 144.607 21.9417 144.607 21.9417 777 0 0.00543467
0.410453 385168 380824 0.0435366 144.607 22.0135 144.607 22.0135 780 0 0.00536331
0.410694 386616 382272 0.0435946 144.607 22.0852 144.607 22.0852 783 0 0.00529251
0.410934 388064 383720 0.0435202 144.607 22.1569 144.607 22.1569 786 0 0.00522334
0.411174 389512 385168 0.0435802 144.607 22.2285 144.607 22.2285 789 0 0.00515345
0.411415 390960 386616 0.0436327 144.607 22.2999 144.607 22.2999 792 0 0.00508409
0.411655 392408 388064 0.0436786 144.607 22.3714 144.607 22.3714 795 0 0.00501526
0.411895 393856 389512 0.0437188 144.607 22.4427 144.607 22.4427 798 0 0.00494695
0.412136 395304 390960 0.0438789 144.607 22.5139 144.607 22.5139 801 0 0.00487811
0.412376 396752 392408 0.0438941 144.607 22.5851 144.607 22.5851 804 0 0.00481095
0.412616 398200 393856 0.0439073 144.607 22.6561 144.607 22.6561 807 0 0.00474428
0.412857 399648 395304 0.0439189 144.607 22.7271 144.607 22.7271 810 0 0.00467809
0.413097 401096 396752 0.044054 144.607 22.798 144.607 22.798 813 0 0.00461137
0.413337 402544 398200 0.0441723 144.607 22.8688 144.607 22.8688 816 0 0.00454528
0.413578 403992 399648 0.0442757 144.607 22.9396 144.607 22.9396 819 0 0.0044798
0.413818 405440 401096 0.0442413 144.607 23.0102 144.607 23.0102 822 0 0.00441582
0.414058 406888 402544 0.0443361 144.607 23.0808 144.607 23.0808 825 0 0.00435135
0.414299 408336 403992 0.0444191 144.607 23.1513 144.607 23.1513 828 0 0.00428744
0.414539 409784 405440 0.0444917 144.607 23.2217 144.607 23.2217 831 0 0.00422409
0.414779 411232 406888 0.0445552 144.607 23.292 144.607 23.292 834 0 0.00416127
0.41502 412680 408336 0.0447358 144.607 23.3623 144.607 23.3623 837 0 0.00409816
0.41526 414128 409784 0.0447689 144.607 23.4325 144.607 23.4325 840 0 0.0040365
0.4155 415576 411232 0.0447978 144.607 23.5025 144.607 23.5025 843 0 0.00397534
0.415741 417024 412680 0.044823 144.607 23.5726 144.607 23.5726 846 0 0.00391467
0.415981 418472 414128 0.0448452 144.607 23.6425 144.607 23.6425 849 0 0.00385449
0.416221 419920 415576 0.0449895 144.607 23.7123 144.607 23.7123 852 0 0.00379402
0.416461 421368 417024 0.0451158 144.607 23.7821 144.607 23.7821 855 0 0.00373417
0.416702 422816 418472 0.0451013 144.607 23.8518 144.607 23.8518 858 0 0.00367561
0.416942 424264 419920 0.0450887 144.607 23.9214 144.607 23.9214 861 0 0.0036175
0.417182 425712 421368 0.0452026 144.607 23.9909 144.607 23.9909 864 0 0.00355914
0.417423 427160 422816 0.0453023 144.607 24.0603 144.607 24.0603 867 0 0.00350134
0.417663 428608 424264 0.0453895 144.607 24.1297 144.607 24.1297 870 0 0.0034441
0.417903 430056 425712 0.0454658 144.607 24.199 144.607 24.199 873 0 0.00338739
0.418144 431504 427160 0.0456576 144.607 24.2682 144.607 24.2682 876 0 0.00333061
0.418384 432952 428608 0.0457004 144.607 24.3373 144.607 24.3373 879 0 0.00327503
0.418624 434400 430056 0.0457378 144.607 24.4063 144.607 24.4063 882 0 0.00321994
0.418865 435848 431504 0.0457706 144.607 24.4753 144.607 24.4753 885 0 0.00316534
0.419105 437296 432952 0.0459243 144.607 24.5442 144.607 24.5442 888 0 0.00311069
0.419345 438744 434400 0.0460587 144.607 24.613 144.607 24.613 891 0 0.00305663
0.419586 440192 435848 0.0461764 144.607 24.6817 144.607 24.6817 894 0 0.00300314
0.419826 441640 437296 0.0461543 144.607 24.7504 144.607 24.7504 897 0 0.00295063
0.420066 443088 438744 0.0462601 144.607 24.8189 144.607 24.8189 900 0 0.00289813
0.420307 444536 440192 0.0463525 144.607 24.8874 144.607 24.8874 903 0 0.00284616
0.420547 445984 441640 0.0464335 144.607 24.9558 144.607 24.9558 906 0 0.00279471
0.420787 447432 443088 0.0465043 144.607 25.0242 144.607 25.0242 909 0 0.00274377
0.421028 448880 444536 0.0466913 144.607 25.0924 144.607 25.0924 912 0 0.00269299
0.421268 450328 445984 0.0467298 144.607 25.1606 144.607 25.1606 915 0 0.0026431
0.421508 451776 447432 0.0467636 144.607 25.2287 144.607 25.2287 918 0 0.00259369
0.421749 453224 448880 0.0467932 144.607 25.2967 144.607 25.2967 921 0 0.00254475
0.421989 454672 450328 0.046819 144.607 25.3647 144.607 25.3647 924 0 0.0024963
0.422229 456120 451776 0.0469666 144.607 25.4326 144.607 25.4326 927 0 0.00244804
0.422469 457568 453224 0.0470958 144.607 25.5004 144.607 25.5004 930 0 0.00240033
0.42271 459016 454672 0.0470838 144.607 25.5681 144.607 25.5681 933 0 0.00235336
0.42295 460464 456120 0.0470734 144.607 25.6357 144.607 25.6357 936 0 0.00230684
0.42319 461912 457568 0.0471892 144.607 25.7033 144.607 25.7033 939 0 0.00226058
0.423431 463360 459016 0.0472905 144.607 25.7708 144.607 25.7708 942 0 0.00221483
0.423671 464808 460464 0.0473792 144.607 25.8382 144.607 25.8382 945 0 0.00216958
0.423911 466256 461912 0.0474568 144.607 25.9055 144.607 25.9055 948 0 0.00212482
0.424152 467704 463360 0.0475247 144.607 25.9727 144.607 25.9727 951 0 0.00208055
0.424392 469152 464808 0.0475841 144.607 26.0399 144.607 26.0399 954 0 0.00203676
0.424632 470600 466256 0.0476361 144.607 26.107 144.607 26.107 957 0 0.00199345
0.424873 472048 467704 0.0476816 144.607 26.1741 144.607 26.1741 960 0 0.00195062
0.425113 473496 469152 0.0478464 144.607 26.241 144.607 26.241 963 0 0.0019082
0.425353 474944 470600 0.0479906 144.607 26.3079 144.607 26.3079 966 0 0.00186631
0.425594 476392 472048 0.0479918 144.607 26.3747 144.607 26.3747 969 0 0.0018249
0.425834 477840 473496 0.0479928 144.607 26.4414 144.607 26.4414 972 0 0.00178396
0.485678 401096 474944 0.0593789 63.6842 31.0304 63.6842 31.0304 1301 0 0.0182273
0.547925 324352 398200 0.0624573 51.1766 33.3191 51.1766 33.3191 1576 0 0.0210939
0.619541 283808 321456 0.0563682 36.0709 33.6372 36.0709 33.6372 1799 0 0.0132569
0.646216 301184 280912 0.0446227 84.2456 35.7263 84.2456 35.7263 1993 0 0.0121631
0.686263 347520 298288 0.0403926 59.5879 37.1187 59.5879 37.1187 2199 0 0.0161363
0.729761 376480 344624 0.0436943 63.3822 38.6842 63.3822 38.6842 2437 0 0.00959453
0.780829 356208 373584 0.0512155 58.5234 39.9817 58.5234 39.9817 2695 0 0.0068479
0.837424 309872 353312 0.0568263 49.9422 40.6549 49.9422 40.6549 2939 0 0.0128035
0.891256 280912 306976 0.0541797 45.6201 40.9548 45.6201 40.9548 3151 0 0.0119082
0.938599 282360 278016 0.0475094 46.979 41.2586 46.979 41.2586 3343 0 0.0115254
0.982818 301184 279464 0.044427 50.5601 41.6771 50.5601 41.6771 3536 0 0.012413
1.028 315664 298288 0.0453612 53.0739 42.178 53.0739 42.178 3743 0 0.0107038
1.0763 312768 312768 0.0485755 51.7996 42.6098 51.7996 42.6098 3959 0 0.00919054
1.12725 296840 309872 0.0512549 48.6571 42.8831 48.6571 42.8831 4173 0 0.010068
1.17784 283808 293944 0.0507087 46.485 43.0378 46.485 43.0378 4376 0 0.0108869
1.2259 285256 280912 0.0482407 46.9973 43.1931 46.9973 43.1931 4571 0 0.0113189
1.27276 289600 282360 0.0471377 48.2024 43.3775 48.2024 43.3775 4766 0 0.0112637
1.32203 282360 286704 0.049507 46.7916 43.5047 46.7916 43.5047 4965 0 0.0110539
1.37238 270776 279464 0.0506019 44.406 43.5378 44.406 43.5378 5158 0 0.0117954
1.4226 260640 267880 0.0504652 42.8978 43.5152 42.8978 43.5152 5344 0 0.0125474
1.47211 253400 257744 0.0497398 41.8846 43.4604 41.8846 43.4604 5523 0 0.0131641
1.52113 247608 250504 0.0493203 40.8775 43.3771 40.8775 43.3771 5696 0 0.0136669
1.57016 241816 244712 0.0492943 40.1687 43.277 40.1687 43.277 5866 0 0.0141204
1.65067 220096 238920 0.0540001 23.8854 42.3312 23.8854 42.3312 6032 0 0.015833
1.70186 196928 217200 0.0547022 34.1717 42.0858 34.1717 42.0858 6183 0 0.0178177
1.71988 191136 194032 0.0494226 86.1216 42.5472 86.1216 42.5472 6317 0 0.0184074
1.76698 192584 188240 0.047344 31.971 42.2653 31.971 42.2653 6447 0 0.0188447
1.81396 195480 189688 0.0471735 32.2993 42.0072 32.2993 42.0072 6578 0 0.0187302
1.86359 189688 192584 0.0498184 31.279 41.7215 31.279 41.7215 6712 0 0.0185396
1.91526 178104 186792 0.0519819 29.1456 41.3822 29.1456 41.3822 6842 0 0.0193598
2.00298 156384 175208 0.0563834 16.1115 40.2755 16.1115 40.2755 6964 0 0.0214305
2.05272 139008 153488 0.0551952 24.9162 39.9033 24.9162 39.9033 7071 0 0.023043
2.06546 140456 136112 0.0480982 85.491 40.1845 85.491 40.1845 7165 0 0.0239161
2.11232 141904 137560 0.0471219 23.4832 39.8139 23.4832 39.8139 7260 0 0.0237678
2.16135 139008 139008 0.0492792 22.9198 39.4307 22.9198 39.4307 7357 0 0.0236376
2.2129 130320 136112 0.0517233 21.1237 39.0043 21.1237 39.0043 7451 0 0.0241338
2.26541 121632 127424 0.0527754 19.4133 38.5502 19.4133 38.5502 7539 0 0.0250467
2.31683 114392 118736 0.0516297 18.4701 38.1044 18.4701 38.1044 7621 0 0.0258938
2.36706 110048 111496 0.0505035 17.7588 37.6727 17.7588 37.6727 7698 0 0.0265738
2.45802 98464 107152 0.0552528 9.55133 36.6321 9.55133 36.6321 7773 0 0.0274141
2.46691 94120 95568 0.0502754 85.9827 36.8099 85.9827 36.8099 7839 0 0.02833
2.51738 89776 91224 0.0507398 14.4607 36.3619 14.4607 36.3619 7902 0 0.0288214
2.61351 76744 86880 0.0573596 7.35087 35.2948 7.35087 35.2948 7963 0 0.029814
2.62072 72400 73848 0.0520976 81.9441 35.4232 81.9441 35.4232 8014 0 0.0308288
2.71661 62264 69504 0.0570026 5.91959 34.3818 5.91959 34.3818 8063 0 0.031636
2.72237 59368 59368 0.0509975 82.3458 34.4834 82.3458 34.4834 8104 0 0.0325082
2.81874 52128 56472 0.0562466 4.80822 33.4689 4.80822 33.4689 8144 0 0.0330384
2.87101 44888 49232 0.0575671 7.75671 33.0007 7.75671 33.0007 8179 0 0.0339422
2.8751 41992 41992 0.052342 82.2276 33.0707 82.2276 33.0707 8208 0 0.0346391
2.97519 36200 39096 0.0581711 3.2405 32.0671 3.2405 32.0671 8236 0 0.0351537
3.02686 30408 33304 0.0589517 5.38073 31.6116 5.38073 31.6116 8260 0 0.0358958
3.07817 26064 27512 0.0590729 4.51545 31.1599 4.51545 31.1599 8280 0 0.0365909
3.12948 21720 23168 0.0592488 3.83813 30.712 3.83813 30.712 8297 0 0.0371495
3.1314 20272 18824 0.0538344 78.3289 30.7412 78.3289 30.7412 8310 0 0.0375694
3.18295 18824 17376 0.0525221 2.92136 30.2907 2.92136 30.2907 8323 0 0.037743
3.23462 17376 15928 0.0522343 2.46617 29.8462 2.46617 29.8462 8334 0 0.0379282
3.28677 15928 14480 0.0555544 2.44344 29.4114 2.44344 29.4114 8345 0 0.0381555
3.33867 14480 13032 0.0538231 2.00843 28.9854 2.00843 28.9854 8354 0 0.038321
3.39082 13032 11584 0.0568514 1.99918 28.5703 1.99918 28.5703 8363 0 0.0385545
3.44261 11584 10136 0.0548438 1.56574 28.1641 1.56574 28.1641 8370 0 0.0387126
3.49464 10136 8688 0.0580334 1.55851 27.768 1.55851 27.768 8377 0 0.0389565
3.54643 8688 7240 0.0560419 1.11839 27.3788 1.11839 27.3788 8382 0 0.039111
3.59858 7240 5792 0.0597937 1.11065 26.9981 1.11065 26.9981 8387 0 0.0393764
3.70228 8688 4344 0.0637212 0.558545 26.2576 0.558545 26.2576 8392 0 0.0396759
3.75455 7240 5792 0.0655398 1.55134 25.9136 1.55134 25.9136 8399 0 0.0395449
3.80682 8688 4344 0.0610706 1.1081 25.573 1.1081 25.573 8404 0 0.0395996
3.85885 7240 5792 0.0630531 1.55851 25.2493 1.55851 25.2493 8411 0 0.0394639
3.9617 8688 4344 0.0657797 0.563112 24.6083 0.563112 24.6083 8416 0 0.0397448
4.01373 7240 5792 0.0667138 1.55851 24.3095 1.55851 24.3095 8423 0 0.0395875
4.066 8688 4344 0.0619821 1.1081 24.0113 1.1081 24.0113 8428 0 0.0396242
4.11839 7240 5792 0.0637731 1.54778 23.7255 1.54778 23.7255 8435 0 0.0394861
4.22173 8688 4344 0.0663578 0.560493 23.1585 0.560493 23.1585 8440 0 0.0397657
4.27376 7240 5792 0.067101 1.55851 22.8955 1.55851 22.8955 8447 0 0.0396021
4.32603 8688 4344 0.0623372 1.1081 22.6323 1.1081 22.6323 8452 0 0.0396343
4.37866 7240 5792 0.0640111 1.54072 22.3788 1.54072 22.3788 8459 0 0.0394936
4.48224 8688 4344 0.0665465 0.559193 21.8746 0.559193 21.8746 8464 0 0.0397727
4.53427 7240 5792 0.0674325 1.55851 21.6414 1.55851 21.6414 8471 0 0.0396149
4.58654 8688 4344 0.0623386 1.1081 21.4074 1.1081 21.4074 8476 0 0.0396343
4.63917 7240 5792 0.0640276 1.54072 21.1821 1.54072 21.1821 8483 0 0.0394942
4.74274 8688 4344 0.0666376 0.559193 20.7317 0.559193 20.7317 8488 0 0.0397761
4.79453 7240 5792 0.0672885 1.56574 20.5246 1.56574 20.5246 8495 0 0.0396093
4.84656 8688 4344 0.0622421 1.11322 20.3163 1.11322 20.3163 8500 0 0.0396316
4.89895 7240 5792 0.063838 1.54778 20.1155 1.54778 20.1155 8507 0 0.0394881
5.00277 8688 4344 0.0665399 0.557898 19.7097 0.557898 19.7097 8512 0 0.0397724
5.0548 7240 5792 0.0674144 1.55851 19.5228 1.55851 19.5228 8519 0 0.0396142
5.10683 8688 4344 0.0623265 1.11322 19.3353 1.11322 19.3353 8524 0 0.039634
5.15922 7240 5792 0.0639238 1.54778 19.1547 1.54778 19.1547 8531 0 0.0394909
5.26304 8688 4344 0.0666931 0.557898 18.7878 0.557898 18.7878 8536 0 0.0397782
5.31495 7240 5792 0.0672963 1.56211 18.6196 1.56211 18.6196 8543 0 0.0396096
5.36698 8688 4344 0.0622473 1.11322 18.4499 1.11322 18.4499 8548 0 0.0396317
5.41913 7240 5792 0.0638708 1.55492 18.2873 1.55492 18.2873 8555 0 0.0394892
5.52306 8688 4344 0.0666576 0.557253 17.9536 0.557253 17.9536 8560 0 0.0397768
5.57521 7240 5792 0.0673976 1.55492 17.8002 1.55492 17.8002 8567 0 0.0396136
5.62748 8688 4344 0.0624245 1.1081 17.6452 1.1081 17.6452 8572 0 0.0396368
