0.364215 14480 0 0 0 0 0 0 0 0 0.0439727
0.492671 15928 13032 0.072 0.901786 0.235126 0.901786 0.235126 10 0 0.0387697
0.492912 18824 13032 0.079 96.4048 0.282014 96.4048 0.282014 12 0 0.0389979
0.493152 21720 15928 0.08525 192.81 0.375835 192.81 0.375835 16 0 0.0389715
0.493392 24616 18824 0.0907188 192.81 0.469565 192.81 0.469565 20 0 0.0389759
0.493633 27512 21720 0.0955039 192.81 0.563204 192.81 0.563204 24 0 0.0389922
0.651648 30408 24616 0.119441 0.293238 0.497741 0.293238 0.497741 28 0 0.0409655
0.651888 33304 27512 0.124386 192.81 0.568637 192.81 0.568637 32 0 0.0412797
0.652128 36200 30408 0.128838 192.81 0.639481 192.81 0.639481 36 0 0.0415758
0.652369 39096 33304 0.132733 192.81 0.710273 192.81 0.710273 40 0 0.0418314
0.652609 41992 36200 0.136016 192.81 0.781013 192.81 0.781013 44 0 0.0420252
0.652849 44888 39096 0.138889 192.81 0.8517 192.81 0.8517 48 0 0.0421769
0.65309 47784 41992 0.141528 192.81 0.922336 192.81 0.922336 52 0 0.042308
0.65333 50680 44888 0.143837 192.81 0.992919 192.81 0.992919 56 0 0.0423988
0.65357 53576 47784 0.145857 192.81 1.06345 192.81 1.06345 60 0 0.0424518
0.816271 56472 50680 0.168 0.284792 0.908247 0.284792 0.908247 64 0 0.0464557
0.816633 52128 50680 0.168 192.114 0.992955 192.114 0.992955 70 0 0.0464744
0.816753 51140 50680 0.168 96.4048 1.00699 0 0.992809 71 1 0.0464426
0.816874 47749 46336 0.168 0 1.00684 0 0.992662 71 1 0.0468947
0.816994 47255 44888 0.168 0 1.0067 0 0.992516 71 1 0.0470197
0.817114 43864 41992 0.168 96.4048 1.02072 0 0.99237 72 2 0.0473307
0.817235 43370 41992 0.168 96.4048 1.03475 0 0.992224 73 3 0.0473107
0.817355 39096 37648 0.168 0 1.0346 0 0.992079 73 3 0.0477815
0.817595 36200 34752 0.168 96.4048 1.06263 0 0.991787 75 5 0.048058
0.817835 33304 31856 0.168 96.4048 1.09065 0 0.991495 77 7 0.0483532
0.818076 30408 28960 0.168 96.4048 1.11864 0 0.991204 79 9 0.0486495
0.93415 27512 26064 0.168 0.199596 1.00445 0 0.86804 81 11 0.0489471
0.934391 24616 23168 0.168 96.4048 1.02898 0 0.867817 83 13 0.0492459
0.934871 30408 23168 0.168 96.4048 1.07802 0 0.867371 87 17 0.0492906
1.05875 31856 27512 0.157688 2.33769 1.22541 0.280523 0.798705 112 39 0.0466658
1.18264 33304 28960 0.156455 1.02857 1.20479 1.02857 0.822784 123 39 0.046278
1.31001 34752 30408 0.1329 2.0918 1.29103 2.0918 0.946168 146 39 0.0421404
1.31025 36200 31856 0.132288 144.607 1.31732 144.607 0.972517 149 39 0.0419034
1.43978 37648 33304 0.144629 1.87802 1.36776 1.87802 1.05398 170 39 0.0436922
1.44002 39096 34752 0.1428 144.607 1.39167 144.607 1.07794 173 39 0.0432386
1.5722 40544 36200 0.149348 2.01574 1.44413 2.01574 1.15678 196 39 0.0442187
1.57388 41992 37648 0.139283 103.291 1.55299 103.291 1.26595 211 39 0.0423745
1.70918 43440 39096 0.141149 2.48289 1.6266 2.48289 1.36228 240 39 0.0425274
1.84532 44888 40544 0.150846 1.4465 1.61332 1.4465 1.36849 257 39 0.044049
1.98471 46336 41992 0.140418 2.2439 1.6576 2.2439 1.42997 284 39 0.0421171
1.98711 47784 43440 0.140072 101.225 1.77802 101.225 1.55067 305 39 0.0419159
2.12974 49232 44888 0.145447 2.8426 1.84931 2.8426 1.63719 340 39 0.0426602
2.27441 50680 46336 0.147656 2.80246 1.90994 2.80246 1.71131 375 39 0.0428975
2.42089 52128 47784 0.146442 2.76798 1.96186 2.76798 1.77524 410 39 0.0425413
2.7172 53576 49232 0.150652 1.75921 1.93976 1.75921 1.77349 455 39 0.0431425
2.87005 55024 50680 0.15104 2.80423 1.9858 2.80423 1.82839 492 39 0.0430688
3.33939 56472 52128 0.156602 2.78898 2.09868 2.78898 1.9634 605 39 0.0439686
4.15348 55024 53576 0.186231 2.77475 2.23119 2.77475 2.12242 800 39 0.0504272
4.1536 54036 53576 0.186231 96.4048 2.23392 0 2.12236 801 40 0.0504252
4.15372 53541 52128 0.186231 0 2.23385 0 2.1223 801 40 0.0505675
4.15384 53047 50680 0.186231 0 2.23379 0 2.12224 801 40 0.0507114
4.15396 52552 50680 0.186231 96.4048 2.23651 0 2.12218 802 41 0.0507114
4.15408 52058 50680 0.186231 96.4048 2.23923 0 2.12211 803 42 0.0507114
4.1542 51563 49232 0.186231 0 2.23917 0 2.12205 803 42 0.0508555
4.15432 51069 49232 0.186231 96.4048 2.24189 0 2.12199 804 43 0.0508555
4.15444 50575 49232 0.186231 96.4048 2.24462 0 2.12193 805 44 0.0508555
4.15456 50080 47784 0.186231 0 2.24455 0 2.12187 805 44 0.051
4.15468 49586 47784 0.186231 96.4048 2.24728 0 2.12181 806 45 0.051
4.1548 49091 47784 0.186231 96.4048 2.25 0 2.12175 807 46 0.051
4.15492 48597 46336 0.186231 0 2.24993 0 2.12168 807 46 0.0511448
4.15504 48102 46336 0.186231 96.4048 2.25266 0 2.12162 808 47 0.0511448
4.15516 47608 46336 0.186231 96.4048 2.25538 0 2.12156 809 48 0.0511448
4.15528 47113 44888 0.186231 0 2.25531 0 2.1215 809 48 0.0512898
4.1554 46619 44888 0.186231 96.4048 2.25804 0 2.12144 810 49 0.0512898
4.15552 46125 44888 0.186231 96.4048 2.26076 0 2.12138 811 50 0.0512898
4.15564 45630 43440 0.186231 0 2.26069 0 2.12132 811 50 0.0514352
4.15576 45136 43440 0.186231 96.4048 2.26342 0 2.12126 812 51 0.0514352
4.15588 44641 43440 0.186231 96.4048 2.26614 0 2.12119 813 52 0.0514352
4.156 44147 41992 0.186231 0 2.26607 0 2.12113 813 52 0.0515808
4.15612 43652 41992 0.186231 96.4048 2.26879 0 2.12107 814 53 0.0515808
4.15624 43158 41992 0.186231 96.4048 2.27152 0 2.12101 815 54 0.0515808
4.15636 42664 40544 0.186231 0 2.27145 0 2.12095 815 54 0.0517268
4.15648 42169 40544 0.186231 96.4048 2.27417 0 2.12089 816 55 0.0517268
4.1566 41675 40544 0.186231 96.4048 2.27689 0 2.12083 817 56 0.0517268
4.15672 39096 39096 0.186231 0 2.27683 0 2.12076 817 56 0.0518844
4.27436 40544 37648 0.186231 0.984733 2.24127 0 2.0624 827 66 0.0520229
4.39428 41992 37648 0.133433 2.31835 2.24337 2.31835 2.06938 851 66 0.0414812
4.39452 43440 39096 0.131754 144.607 2.25115 144.607 2.07718 854 66 0.0410908
4.51564 44888 40544 0.122491 2.58227 2.26004 2.58227 2.09073 881 66 0.039701
4.6382 46336 41992 0.121987 2.92995 2.27774 2.92995 2.1129 912 66 0.0394924
4.76209 47784 43440 0.137722 2.89869 2.29389 2.89869 2.13334 943 66 0.041545
4.88705 49232 44888 0.125813 3.059 2.31346 3.059 2.15701 976 66 0.0396903
5.01334 50680 46336 0.14058 3.02698 2.33143 3.02698 2.17893 1009 66 0.041707
5.26988 52128 47784 0.143479 3.11566 2.36961 3.11566 2.22453 1078 66 0.0420378
5.39965 53576 49232 0.146362 3.12423 2.38774 3.12423 2.24615 1113 66 0.0423831
5.66292 55024 50680 0.147211 3.21203 2.42607 3.21203 2.29106 1186 66 0.0423862
6.0651 56472 52128 0.134342 3.25478 2.48102 3.25478 2.35496 1299 66 0.0401634
7.46016 57920 53576 0.161749 3.16367 2.60867 3.16367 2.50619 1680 66 0.044846
7.60868 59368 55024 0.145891 5.84981 2.67194 5.84981 2.57146 1755 66 0.0417271
7.8997 60816 56472 0.148539 3.06489 2.68642 3.06489 2.58963 1832 66 0.042046
8.1947 62264 57920 0.148316 3.10223 2.70138 3.10223 2.60809 1911 66 0.0418639
8.49329 63712 59368 0.153629 3.14237 2.71689 3.14237 2.62687 1992 66 0.0426882
8.7961 65160 60816 0.152342 3.17524 2.73267 3.17524 2.64575 2075 66 0.0423068
9.10347 66608 62264 0.160727 3.20344 2.74856 3.20344 2.66458 2160 66 0.0437839
9.41564 68056 63712 0.156999 3.22834 2.76447 3.22834 2.68327 2247 66 0.0429053
9.73347 69504 65160 0.170379 3.24387 2.78012 3.24387 2.70157 2336 66 0.0455388
10.0575 70952 66608 0.162873 3.25281 2.79535 3.25281 2.71934 2427 66 0.0437972
10.3812 72400 68056 0.184063 3.32801 2.81196 3.32801 2.73832 2520 66 0.0484653
10.5369 73848 69504 0.179457 3.64775 2.82431 3.64775 2.75175 2569 66 0.0472035
10.5371 75296 70952 0.176525 144.607 2.82754 144.607 2.75498 2572 66 0.0463715
10.6937 76744 72400 0.156816 3.62535 2.83922 3.62535 2.76772 2621 66 0.0420272
10.6939 78192 73848 0.156839 144.607 2.84241 144.607 2.77091 2624 66 0.0418923
10.8518 79640 75296 0.157144 3.74174 2.85549 3.74174 2.78504 2675 66 0.0418124
10.852 81088 76744 0.157376 144.607 2.85863 144.607 2.78818 2678 66 0.0417187
11.0112 82536 78192 0.158605 3.85619 2.87305 3.85619 2.80362 2731 66 0.0418209
11.0115 83984 79640 0.158779 144.607 2.87615 144.607 2.80672 2734 66 0.0417172
11.0117 85432 81088 0.158807 144.607 2.87924 144.607 2.80981 2737 66 0.0415847
11.1715 86880 82536 0.159705 3.84169 2.89301 3.84169 2.82457 2790 66 0.0416254
11.1718 88328 83984 0.159742 144.607 2.89606 144.607 2.82762 2793 66 0.0414954
11.172 89776 85432 0.159899 144.607 2.89911 144.607 2.83067 2796 66 0.0413898
11.3329 91224 86880 0.180026 3.95987 2.91417 3.95987 2.8467 2851 66 0.0456795
11.3332 92672 88328 0.177773 144.607 2.91717 144.607 2.84971 2854 66 0.0450073
11.3334 94120 89776 0.175801 144.607 2.92017 144.607 2.85271 2857 66 0.0444107
11.4959 95568 91224 0.162224 4.20701 2.93836 4.20701 2.87185 2916 66 0.0413147
11.4961 97016 92672 0.162446 144.607 2.94132 144.607 2.87482 2919 66 0.0412246
11.4963 98464 94120 0.162515 144.607 2.94428 144.607 2.87778 2922 66 0.0411036
11.6599 99912 95568 0.182937 4.32086 2.96359 4.32086 2.89802 2983 66 0.0455728
11.6601 101360 97016 0.180695 144.607 2.96651 144.607 2.90094 2986 66 0.044892
11.6604 102808 98464 0.178608 144.607 2.96943 144.607 2.90386 2989 66 0.0442582
11.663 104256 99912 0.167612 100.787 2.9916 100.787 2.92605 3012 66 0.0416366
11.8246 105704 101360 0.164697 3.08209 2.99284 3.08209 2.92818 3055 66 0.040884
11.825 104256 102808 0.164697 160.095 2.99764 160.095 2.93299 3060 66 0.0407506
11.8251 103330 102808 0.164697 96.4048 2.99859 0 2.93296 3061 67 0.0407484
11.8252 101418 99912 0.164697 0 2.99856 0 2.93293 3061 67 0.0410205
11.8253 100955 99912 0.164697 96.4048 2.99951 0 2.9329 3062 68 0.0410144
11.8255 99044 97016 0.164697 0 2.99948 0 2.93287 3062 68 0.0412889
11.8256 98580 97016 0.164697 96.4048 3.00043 0 2.93284 3063 69 0.0412828
11.8257 98117 97016 0.164697 96.4048 3.00138 0 2.93281 3064 70 0.0412827
11.8258 97654 95568 0.164697 0 3.00135 0 2.93278 3064 70 0.0414174
11.8259 97190 95568 0.164697 96.4048 3.0023 0 2.93275 3065 71 0.0414174
11.8261 96727 95568 0.164697 96.4048 3.00325 0 2.93272 3066 72 0.0414174
11.8262 96264 94120 0.164697 0 3.00322 0 2.93269 3066 72 0.0415523
11.8263 95800 94120 0.164697 96.4048 3.00416 0 2.93266 3067 73 0.0415523
11.8264 95337 94120 0.164697 96.4048 3.00511 0 2.93263 3068 74 0.0415523
11.8265 94873 92672 0.164697 0 3.00508 0 2.9326 3068 74 0.0416875
11.8267 94410 92672 0.164697 96.4048 3.00603 0 2.93257 3069 75 0.0416875
11.8268 93947 92672 0.164697 96.4048 3.00698 0 2.93254 3070 76 0.0416875
11.8269 93483 91224 0.164697 0 3.00695 0 2.93251 3070 76 0.041823
11.827 93020 91224 0.164697 96.4048 3.0079 0 2.93248 3071 77 0.041823
11.8271 92557 91224 0.164697 96.4048 3.00885 0 2.93245 3072 78 0.041823
11.8273 92093 89776 0.164697 0 3.00882 0 2.93242 3072 78 0.0419588
11.8274 91630 89776 0.164697 96.4048 3.00977 0 2.93239 3073 79 0.0419588
11.8275 91167 89776 0.164697 96.4048 3.01071 0 2.93236 3074 80 0.0419588
11.8276 90703 88328 0.164697 0 3.01068 0 2.93233 3074 80 0.042095
11.8277 90240 88328 0.164697 96.4048 3.01163 0 2.9323 3075 81 0.042095
11.8279 89776 88328 0.164697 96.4048 3.01258 0 2.93227 3076 82 0.042095
11.828 89313 88328 0.164697 96.4048 3.01353 0 2.93224 3077 83 0.042095
11.8281 87402 85432 0.164697 0 3.0135 0 2.93221 3077 83 0.0423742
11.8282 86938 85432 0.164697 96.4048 3.01445 0 2.93218 3078 84 0.0423681
11.8283 86475 85432 0.164697 96.4048 3.0154 0 2.93215 3079 85 0.0423681
11.8285 86012 83984 0.164697 0 3.01537 0 2.93212 3079 85 0.0425051
11.8286 85548 83984 0.164697 96.4048 3.01632 0 2.93209 3080 86 0.0425051
11.8287 85085 83984 0.164697 96.4048 3.01726 0 2.93206 3081 87 0.0425051
11.8288 84622 82536 0.164697 0 3.01723 0 2.93203 3081 87 0.0426424
11.8289 84158 82536 0.164697 96.4048 3.01818 0 2.932 3082 88 0.0426424
11.8291 83695 82536 0.164697 96.4048 3.01913 0 2.93197 3083 89 0.0426424
11.8292 83232 81088 0.164697 0 3.0191 0 2.93194 3083 89 0.04278
11.8293 82768 81088 0.164697 96.4048 3.02005 0 2.93192 3084 90 0.04278
11.8294 82305 81088 0.164697 96.4048 3.021 0 2.93189 3085 91 0.04278
11.8295 81841 79640 0.164697 0 3.02097 0 2.93186 3085 91 0.0429179
11.8297 81378 79640 0.164697 96.4048 3.02192 0 2.93183 3086 92 0.0429179
11.8298 79640 79640 0.164697 96.4048 3.02286 0 2.9318 3087 93 0.0429229
11.8299 78192 78192 0.164697 0 3.02283 0 2.93177 3087 93 0.0430595
11.83 76744 76744 0.164697 0 3.0228 0 2.93174 3087 93 0.043198
11.8301 75296 75296 0.164697 0 3.02277 0 2.93171 3087 93 0.0433368
11.8303 73848 73848 0.164697 0 3.02274 0 2.93168 3087 93 0.0434759
11.9842 75296 72400 0.164697 3.08559 3.02355 0 2.89402 3128 134 0.0436152
11.9844 76744 72400 0.16361 96.4048 3.02542 96.4048 2.8959 3130 134 0.0433888
12.1079 78192 73848 0.152944 2.71959 3.0223 2.71959 2.8941 3159 134 0.0411531
12.1082 79640 75296 0.149701 144.607 3.02511 144.607 2.89691 3162 134 0.0404217
12.2366 81088 76744 0.142623 4.59929 3.04164 4.59929 2.91478 3213 134 0.0390631
12.2369 82536 78192 0.14092 144.607 3.04442 144.607 2.91756 3216 134 0.0386461
12.3673 83984 79640 0.145111 4.70917 3.06197 4.70917 2.93645 3269 134 0.0392037
12.368 85432 81088 0.140453 112.472 3.06834 112.472 2.94284 3276 134 0.0382946
12.4997 86880 82536 0.147202 4.48599 3.08328 4.48599 2.9591 3327 134 0.0392885
12.6336 88328 83984 0.149006 5.10124 3.10468 5.10124 2.98181 3386 134 0.0394691
12.6339 89776 85432 0.14713 144.607 3.10737 144.607 2.98451 3389 134 0.0390017
12.7694 91224 86880 0.134716 5.04245 3.12791 5.04245 3.00635 3448 134 0.0368558
12.907 92672 88328 0.13623 5.30437 3.15111 5.30437 3.03085 3511 134 0.0369478
12.9073 94120 89776 0.136451 144.607 3.15374 144.607 3.03348 3514 134 0.0368455
13.0469 95568 91224 0.15434 5.06084 3.17415 5.06084 3.05518 3575 134 0.039765
13.1884 97016 92672 0.157304 5.31945 3.19718 5.31945 3.07948 3640 134 0.0401975
13.3317 98464 94120 0.142087 5.41873 3.22105 5.41873 3.10461 3707 134 0.0373324
13.477 99912 95568 0.160721 5.33812 3.24389 5.33812 3.12871 3774 134 0.040604
13.6238 101360 97016 0.145801 5.44794 3.26762 5.44794 3.15368 3843 134 0.0376865
13.7724 102808 98464 0.164536 5.37747 3.29039 5.37747 3.17768 3912 134 0.0411182
14.0745 104256 99912 0.168397 5.40695 3.33582 5.40695 3.22553 4053 134 0.0418061
14.3828 105704 101360 0.153906 5.37252 3.37948 5.37252 3.27156 4196 134 0.038741
15.5073 104256 102808 0.183347 5.24364 3.51466 5.24364 3.41456 4705 134 0.0450037
15.5074 103330 102808 0.183347 96.4048 3.51537 0 3.41453 4706 135 0.0450015
15.5075 102866 101360 0.183347 0 3.51535 0 3.4145 4706 135 0.0451338
15.5076 102403 101360 0.183347 96.4048 3.51607 0 3.41448 4707 136 0.0451338
15.5078 101940 99912 0.183347 0 3.51604 0 3.41445 4707 136 0.0452675
15.5079 101476 99912 0.183347 96.4048 3.51676 0 3.41442 4708 137 0.0452675
15.508 101013 99912 0.183347 96.4048 3.51748 0 3.4144 4709 138 0.0452675
15.5081 100550 98464 0.183347 0 3.51745 0 3.41437 4709 138 0.0454016
15.5082 100086 98464 0.183347 96.4048 3.51817 0 3.41434 4710 139 0.0454016
15.5084 99623 98464 0.183347 96.4048 3.51889 0 3.41432 4711 140 0.0454016
15.5085 99160 97016 0.183347 0 3.51886 0 3.41429 4711 140 0.0455359
15.5086 98696 97016 0.183347 96.4048 3.51958 0 3.41427 4712 141 0.0455359
15.5087 98233 97016 0.183347 96.4048 3.5203 0 3.41424 4713 142 0.0455359
15.5088 97769 95568 0.183347 0 3.52028 0 3.41421 4713 142 0.0456705
15.509 97306 95568 0.183347 96.4048 3.521 0 3.41419 4714 143 0.0456705
15.5091 96843 95568 0.183347 96.4048 3.52172 0 3.41416 4715 144 0.0456705
15.5092 96379 94120 0.183347 0 3.52169 0 3.41413 4715 144 0.0458054
15.5093 95916 94120 0.183347 96.4048 3.52241 0 3.41411 4716 145 0.0458054
15.5094 95453 94120 0.183347 96.4048 3.52313 0 3.41408 4717 146 0.0458054
15.5096 94989 92672 0.183347 0 3.5231 0 3.41405 4717 146 0.0459407
15.5097 94526 92672 0.183347 96.4048 3.52382 0 3.41403 4718 147 0.0459407
15.5098 94063 92672 0.183347 96.4048 3.52454 0 3.414 4719 148 0.0459407
15.5099 93599 91224 0.183347 0 3.52451 0 3.41397 4719 148 0.0460762
15.51 93136 91224 0.183347 96.4048 3.52523 0 3.41395 4720 149 0.0460762
15.5102 92672 91224 0.183347 96.4048 3.52595 0 3.41392 4721 150 0.0460762
15.5103 92209 91224 0.183347 96.4048 3.52667 0 3.4139 4722 151 0.0460762
15.5104 91746 89776 0.183347 0 3.52664 0 3.41387 4722 151 0.046212
15.5105 91282 89776 0.183347 96.4048 3.52736 0 3.41384 4723 152 0.046212
15.5106 90819 89776 0.183347 96.4048 3.52808 0 3.41382 4724 153 0.046212
15.5108 90356 88328 0.183347 0 3.52806 0 3.41379 4724 153 0.0463481
15.5109 89892 88328 0.183347 96.4048 3.52877 0 3.41376 4725 154 0.0463481
15.511 89429 88328 0.183347 96.4048 3.52949 0 3.41374 4726 155 0.0463481
15.5111 88966 86880 0.183347 0 3.52947 0 3.41371 4726 155 0.0464845
15.5112 88502 86880 0.183347 96.4048 3.53019 0 3.41368 4727 156 0.0464845
15.5114 88039 86880 0.183347 96.4048 3.53091 0 3.41366 4728 157 0.0464845
15.5115 87576 85432 0.183347 0 3.53088 0 3.41363 4728 157 0.0466212
15.5116 87112 85432 0.183347 96.4048 3.5316 0 3.4136 4729 158 0.0466212
15.5117 86649 85432 0.183347 96.4048 3.53232 0 3.41358 4730 159 0.0466212
15.5118 86185 83984 0.183347 0 3.53229 0 3.41355 4730 159 0.0467582
15.512 85722 83984 0.183347 96.4048 3.53301 0 3.41353 4731 160 0.0467582
15.5121 83984 83984 0.183347 96.4048 3.53373 0 3.4135 4732 161 0.0467632
15.5122 82536 82536 0.183347 0 3.5337 0 3.41347 4732 161 0.0468989
15.5123 81088 81088 0.183347 0 3.53367 0 3.41345 4732 161 0.0470365
15.5124 79640 79640 0.183347 0 3.53365 0 3.41342 4732 161 0.0471744
15.5126 78192 78192 0.183347 0 3.53362 0 3.41339 4732 161 0.0473126
15.5127 76744 76744 0.183347 0 3.53359 0 3.41337 4732 161 0.0474511
15.5128 75296 75296 0.183347 0 3.53356 0 3.41334 4732 161 0.0475899
15.5129 73848 73848 0.183347 0 3.53354 0 3.41331 4732 161 0.047729
15.6422 75296 72400 0.183347 2.1503 3.5221 0 3.3851 4756 185 0.0478684
15.6425 76744 72400 0.177304 96.4048 3.52353 96.4048 3.38653 4758 185 0.046414
15.762 78192 73848 0.133441 4.55379 3.53135 4.55379 3.39538 4805 185 0.037908
15.7623 79640 75296 0.131886 144.607 3.5335 144.607 3.39754 4808 185 0.0375429
15.8837 81088 76744 0.13534 4.86315 3.54367 4.86315 3.40875 4859 185 0.0379127
15.884 82536 78192 0.133548 144.607 3.5458 144.607 3.41088 4862 185 0.0375073
16.0073 83984 79640 0.137128 4.97997 3.55685 4.97997 3.42297 4915 185 0.0379085
16.1325 85432 81088 0.139187 5.27358 3.57017 5.27358 3.43733 4972 185 0.0380925
16.1327 86880 82536 0.137414 144.607 3.57227 144.607 3.43943 4975 185 0.0376772
16.2592 88328 83984 0.125877 5.21849 3.58508 5.21849 3.45328 5032 185 0.0358868
16.266 89776 85432 0.127047 98.1263 3.62419 98.1263 3.49244 5089 185 0.0359052
16.3879 91224 86880 0.127161 0.4749 3.60075 0.4749 3.46998 5094 185 0.0357838
16.5185 92672 88328 0.129132 5.5874 3.61646 5.5874 3.48673 5157 185 0.0359161
16.6505 94120 89776 0.146423 5.53142 3.63164 5.53142 3.50293 5220 185 0.0384697
16.7841 95568 91224 0.132536 5.63517 3.64759 5.63517 3.5199 5285 185 0.0361264
16.7843 97016 92672 0.132719 144.607 3.64961 144.607 3.52192 5288 185 0.0360174
16.9192 98464 94120 0.149888 5.4131 3.66366 5.4131 3.53699 5351 185 0.0386741
17.0557 99912 95568 0.151682 5.68585 3.67984 5.68585 3.55419 5418 185 0.0388649
17.3333 101360 97016 0.154852 5.71504 3.71245 5.71504 3.58881 5555 185 0.0393216
17.4742 102808 98464 0.15658 5.67571 3.72827 5.67571 3.60563 5624 185 0.0395179
17.7593 104256 99912 0.159277 5.72822 3.76038 5.72822 3.63971 5765 185 0.0399121
18.0491 105704 101360 0.144863 5.71554 3.79178 5.71554 3.67304 5908 185 0.0371244
20.8045 107152 102808 0.177471 5.45275 4.01176 5.45275 3.90875 7205 185 0.0435887
21.125 108600 104256 0.160196 5.31365 4.03151 5.31365 3.93006 7352 185 0.0396952
21.448 110048 105704 0.180441 5.34387 4.05127 5.34387 3.95135 7501 185 0.0440292
21.6106 111496 107152 0.181405 5.34395 4.061 5.34395 3.96183 7576 185 0.0441299
21.7743 112944 108600 0.163125 5.4462 4.07141 5.4462 3.97299 7653 185 0.0398932
21.939 114392 110048 0.18337 5.41837 4.08152 5.41837 3.98384 7730 185 0.0443465
21.9394 112944 111496 0.181073 144.411 4.0846 144.411 3.98692 7736 185 0.0436536
21.9396 112015 111496 0.181073 96.4048 4.08511 0 3.9869 7737 186 0.0436514
21.9397 111550 110048 0.181073 0 4.08508 0 3.98688 7737 186 0.0437819
21.9398 111085 110048 0.181073 96.4048 4.08559 0 3.98685 7738 187 0.0437819
21.9399 110621 108600 0.181073 0 4.08557 0 3.98683 7738 187 0.0439138
21.94 110156 108600 0.181073 96.4048 4.08607 0 3.98681 7739 188 0.0439138
21.9402 109691 108600 0.181073 96.4048 4.08658 0 3.98679 7740 189 0.0439138
21.9403 109226 107152 0.181073 0 4.08656 0 3.98677 7740 189 0.0440461
21.9404 108761 107152 0.181073 96.4048 4.08706 0 3.98675 7741 190 0.0440461
21.9405 108297 107152 0.181073 96.4048 4.08757 0 3.98672 7742 191 0.0440461
21.9406 107832 105704 0.181073 0 4.08754 0 3.9867 7742 191 0.0441786
21.9408 107367 105704 0.181073 96.4048 4.08805 0 3.98668 7743 192 0.0441786
21.9409 106902 105704 0.181073 96.4048 4.08855 0 3.98666 7744 193 0.0441786
21.941 106437 104256 0.181073 0 4.08853 0 3.98664 7744 193 0.0443114
21.9411 105973 104256 0.181073 96.4048 4.08904 0 3.98661 7745 194 0.0443114
21.9412 105508 104256 0.181073 96.4048 4.08954 0 3.98659 7746 195 0.0443114
21.9414 105043 102808 0.181073 0 4.08952 0 3.98657 7746 195 0.0444446
21.9415 104578 102808 0.181073 96.4048 4.09003 0 3.98655 7747 196 0.0444446
21.9416 104113 102808 0.181073 96.4048 4.09053 0 3.98653 7748 197 0.0444446
21.9417 103649 101360 0.181073 0 4.09051 0 3.98651 7748 197 0.044578
21.9418 103184 101360 0.181073 96.4048 4.09102 0 3.98648 7749 198 0.044578
21.942 102719 101360 0.181073 96.4048 4.09152 0 3.98646 7750 199 0.044578
21.9421 102254 99912 0.181073 0 4.0915 0 3.98644 7750 199 0.0447117
21.9422 101790 99912 0.181073 96.4048 4.092 0 3.98642 7751 200 0.0447117
21.9423 101325 99912 0.181073 96.4048 4.09251 0 3.9864 7752 201 0.0447117
21.9424 100860 98464 0.181073 0 4.09249 0 3.98637 7752 201 0.0448457
21.9426 100395 98464 0.181073 96.4048 4.09299 0 3.98635 7753 202 0.0448457
21.9427 99930 98464 0.181073 96.4048 4.0935 0 3.98633 7754 203 0.0448457
21.9428 99466 98464 0.181073 96.4048 4.094 0 3.98631 7755 204 0.0448457
21.9429 99001 97016 0.181073 0 4.09398 0 3.98629 7755 204 0.0449801
21.943 98536 97016 0.181073 96.4048 4.09449 0 3.98626 7756 205 0.0449801
21.9432 98071 97016 0.181073 96.4048 4.09499 0 3.98624 7757 206 0.0449801
21.9433 97606 95568 0.181073 0 4.09497 0 3.98622 7757 206 0.0451147
21.9434 97142 95568 0.181073 96.4048 4.09548 0 3.9862 7758 207 0.0451147
21.9435 96677 95568 0.181073 96.4048 4.09598 0 3.98618 7759 208 0.0451147
21.9436 96212 94120 0.181073 0 4.09596 0 3.98616 7759 208 0.0452496
21.9438 95747 94120 0.181073 96.4048 4.09646 0 3.98613 7760 209 0.0452496
21.9439 94120 94120 0.181073 96.4048 4.09697 0 3.98611 7761 210 0.0452539
21.944 92672 92672 0.181073 0 4.09695 0 3.98609 7761 210 0.0453882
21.9441 91224 91224 0.181073 0 4.09692 0 3.98607 7761 210 0.0455237
21.9442 89776 89776 0.181073 0 4.0969 0 3.98605 7761 210 0.0456595
21.9444 88328 88328 0.181073 0 4.09688 0 3.98602 7761 210 0.0457956
21.9445 86880 86880 0.181073 0 4.09686 0 3.986 7761 210 0.045932
21.9446 85432 85432 0.181073 0 4.09683 0 3.98598 7761 210 0.0460687
21.9447 83984 83984 0.181073 0 4.09681 0 3.98596 7761 210 0.0462058
21.9448 82536 82536 0.181073 0 4.09679 0 3.98594 7761 210 0.0463431
21.945 81088 81088 0.181073 0 4.09677 0 3.98592 7761 210 0.0464807
21.9451 79640 79640 0.181073 0 4.09675 0 3.98589 7761 210 0.0466186
22.0914 81088 78192 0.181073 2.37451 4.08534 0 3.95949 7791 240 0.0467568
22.0917 82536 78192 0.177439 96.4048 4.08634 96.4048 3.96049 7793 240 0.04589
22.2331 83984 79640 0.150001 4.01345 4.08588 4.01345 3.96083 7842 240 0.0400599
22.2333 85432 81088 0.149126 144.607 4.08739 144.607 3.96235 7845 240 0.0397653
22.3768 86880 82536 0.159858 4.44076 4.08966 4.44076 3.96542 7900 240 0.0416559
22.3771 88328 83984 0.157876 144.607 4.09117 144.607 3.96693 7903 240 0.0411266
22.3775 89776 85432 0.154623 120.506 4.09367 120.506 3.96943 7908 240 0.0403636
22.522 91224 86880 0.161764 4.25079 4.09468 4.25079 3.97124 7961 240 0.0416291
22.5222 92672 88328 0.159793 144.607 4.09618 144.607 3.97274 7964 240 0.0410955
22.6694 94120 89776 0.146141 4.80057 4.10075 4.80057 3.97811 8025 240 0.0384211
22.6697 95568 91224 0.146373 144.607 4.10224 144.607 3.9796 8028 240 0.0383253
22.8184 97016 92672 0.14779 4.9059 4.10748 4.9059 3.98564 8091 240 0.0384365
22.9688 98464 94120 0.149367 5.15904 4.11437 5.15904 3.99333 8158 240 0.0385807
22.9691 99912 95568 0.149571 144.607 4.11584 144.607 3.9948 8161 240 0.0384823
23.1207 101360 97016 0.168663 4.96538 4.12141 4.96538 4.00116 8226 240 0.0421323
23.121 102808 98464 0.16658 144.607 4.12287 144.607 4.00262 8229 240 0.0415496
23.2739 104256 99912 0.170548 5.07394 4.12912 5.07394 4.00967 8296 240 0.0422771
23.4288 105704 101360 0.172134 5.31012 4.13693 5.31012 4.01826 8367 240 0.0424966
23.585 107152 102808 0.155501 5.4135 4.14538 5.4135 4.0275 8440 240 0.0389097
23.7428 108600 104256 0.175024 5.3599 4.15345 5.3599 4.03636 8513 240 0.0428865
23.9021 110048 105704 0.158423 5.45276 4.16211 5.45276 4.0458 8588 240 0.0392102
24.0625 111496 107152 0.178473 5.416 4.17047 5.416 4.05493 8663 240 0.0434266
24.2245 112944 108600 0.160917 5.5068 4.17941 5.5068 4.06464 8740 240 0.0394427
24.6948 114392 110048 0.161867 5.73897 4.20911 5.73897 4.09653 8973 240 0.0395033
27.3887 115840 111496 0.164276 6.71252 4.45534 6.71252 4.35383 10534 240 0.0398683
27.6869 117288 112944 0.148804 6.17581 4.47387 6.17581 4.37346 10693 240 0.0367496
27.9884 118736 114392 0.168201 6.1862 4.49231 6.1862 4.39298 10854 240 0.0404399
28.1402 120184 115840 0.169304 6.18273 4.50143 6.18273 4.40263 10935 240 0.0405491
28.2925 121632 117288 0.152073 6.31041 4.51117 6.31041 4.41291 11018 240 0.0369486
28.4455 123080 118736 0.170474 6.28562 4.52071 6.28562 4.42298 11101 240 0.0405457
28.5993 124528 120184 0.153396 6.40188 4.53083 6.40188 4.43362 11186 240 0.0369341
28.7535 125976 121632 0.172018 6.38691 4.54078 6.38691 4.44409 11271 240 0.0406297
28.7576 127424 123080 0.156276 99.2402 4.55424 99.2402 4.45756 11306 240 0.0372216
28.9081 128872 124528 0.15458 4.07778 4.55175 4.07778 4.45558 11359 240 0.0367688
29.0635 130320 125976 0.154907 6.63575 4.5629 6.63575 4.46724 11448 240 0.0367022
29.0637 131768 127424 0.154919 144.607 4.56405 144.607 4.4684 11451 240 0.036576
29.219 133216 128872 0.173612 6.49165 4.57429 6.49165 4.47915 11538 240 0.040346
29.2192 134664 130320 0.17141 144.607 4.57545 144.607 4.4803 11541 240 0.0397229
29.3751 136112 131768 0.174285 6.61529 4.58627 6.61529 4.49163 11630 240 0.0402441
29.3753 137560 133216 0.172124 144.607 4.58741 144.607 4.49277 11633 240 0.0396278
29.5317 139008 134664 0.174685 6.73797 4.59881 6.73797 4.50467 11724 240 0.0400818
29.532 140456 136112 0.172349 144.607 4.59995 144.607 4.50581 11727 240 0.039425
29.6889 141904 137560 0.175434 6.86497 4.61192 6.86497 4.51828 11820 240 0.0400013
29.6892 143352 139008 0.173255 144.607 4.61305 144.607 4.51941 11823 240 0.0393769
29.6894 144800 140456 0.171348 144.607 4.61419 144.607 4.52054 11826 240 0.038823
29.8466 146248 141904 0.175974 6.85447 4.62598 6.85447 4.53283 11919 240 0.0397491
29.8468 147696 143352 0.173727 144.607 4.62711 144.607 4.53396 11922 240 0.039108
29.8492 149144 144800 0.162201 101.225 4.63489 101.225 4.54175 11943 240 0.0364945
30.0048 150592 146248 0.158138 5.88106 4.64135 5.88106 4.54869 12022 240 0.0355559
30.0051 152040 147696 0.158246 144.607 4.64247 144.607 4.54981 12025 240 0.0354529
30.006 153488 149144 0.158353 108.455 4.6458 108.455 4.55314 12034 240 0.0353501
30.1633 154936 150592 0.176974 6.84923 4.65729 6.84923 4.56512 12127 240 0.0392363
30.1635 156384 152040 0.174728 144.607 4.6584 144.607 4.56623 12130 240 0.0385924
30.1638 157832 153488 0.172637 144.607 4.65952 144.607 4.56735 12133 240 0.037994
30.3226 159280 154936 0.159007 7.51111 4.67446 7.51111 4.58277 12236 240 0.0349867
30.3229 160728 156384 0.159006 144.607 4.67556 144.607 4.58388 12239 240 0.0348641
30.3231 162176 157832 0.159131 144.607 4.67667 144.607 4.58499 12242 240 0.0347666
30.3313 163624 159280 0.159869 97.8225 4.70177 97.8225 4.61011 12311 240 0.0347918
30.4825 165072 160728 0.178202 2.83544 4.69251 2.83544 4.60131 12348 240 0.0386681
30.4827 166520 162176 0.175926 144.607 4.69361 144.607 4.60241 12351 240 0.0380142
30.4829 167968 163624 0.173936 144.607 4.69472 144.607 4.60351 12354 240 0.0374357
30.6429 169416 165072 0.17881 7.89491 4.71142 7.89491 4.62069 12463 240 0.0384495
30.6431 170864 166520 0.176584 144.607 4.71252 144.607 4.62179 12466 240 0.0378052
30.6433 172312 167968 0.174636 144.607 4.71361 144.607 4.62289 12469 240 0.0372348
30.6436 173760 169416 0.172931 144.607 4.71471 144.607 4.62398 12472 240 0.0367272
30.6522 175208 170864 0.160966 97.7437 4.74097 97.7437 4.65027 12545 240 0.0340485
30.8041 176656 172312 0.161082 2.97451 4.73226 2.97451 4.64201 12584 240 0.0339528
30.8044 178104 173760 0.161197 144.607 4.73335 144.607 4.6431 12587 240 0.0338572
30.8046 179552 175208 0.161172 144.607 4.73444 144.607 4.64419 12590 240 0.0337337
30.8048 181000 176656 0.161151 144.607 4.73553 144.607 4.64528 12593 240 0.0336111
30.9657 182448 178104 0.180353 8.27972 4.75395 8.27972 4.66417 12708 240 0.0377464
30.966 183896 179552 0.177934 144.607 4.75503 144.607 4.66525 12711 240 0.0370524
30.9662 185344 181000 0.175942 144.607 4.75612 144.607 4.66634 12714 240 0.0364692
30.9665 186792 182448 0.174199 144.607 4.7572 144.607 4.66742 12717 240 0.0359511
30.9677 188240 183896 0.168353 106.045 4.76113 106.045 4.67136 12728 240 0.0345333
31.1282 189688 185344 0.180761 7.86536 4.77714 7.86536 4.68783 12837 240 0.0372599
31.1284 191136 186792 0.178541 144.607 4.77822 144.607 4.68891 12840 240 0.0366124
31.1287 192584 188240 0.176599 144.607 4.7793 144.607 4.68999 12843 240 0.0360398
31.1289 194032 189688 0.174899 144.607 4.78038 144.607 4.69107 12846 240 0.0355308
31.1292 195480 191136 0.173411 144.607 4.78146 144.607 4.69215 12849 240 0.0350759
31.2915 196928 192584 0.163184 8.77705 4.80219 8.77705 4.71334 12972 240 0.0327459
31.2917 198376 194032 0.163161 144.607 4.80326 144.607 4.71442 12975 240 0.0326265
31.292 199824 195480 0.163141 144.607 4.80434 144.607 4.71549 12978 240 0.032508
31.2922 201272 196928 0.163249 144.607 4.80541 144.607 4.71656 12981 240 0.0324161
31.2925 202720 198376 0.163342 144.607 4.80648 144.607 4.71764 12984 240 0.0323217
31.3062 204168 199824 0.164 97.2504 4.84693 97.2504 4.75813 13099 240 0.0323447
31.4555 205616 201272 0.1825 1.00826 4.82871 1.00826 4.74032 13112 240 0.0364217
31.4557 207064 202720 0.180188 144.607 4.82977 144.607 4.74139 13115 240 0.0357477
31.456 208512 204168 0.178164 144.607 4.83084 144.607 4.74246 13118 240 0.0351528
31.4562 209960 205616 0.176519 144.607 4.83191 144.607 4.74353 13121 240 0.0346544
31.4565 211408 207064 0.175079 144.607 4.83298 144.607 4.7446 13124 240 0.034209
31.4713 209960 208512 0.164708 97.968 4.87672 97.968 4.78838 13249 240 0.031818
31.4714 209060 208512 0.164708 96.4048 4.87707 0 4.78836 13250 241 0.0318157
31.4715 208610 207064 0.164708 0 4.87705 0 4.78834 13250 241 0.0319263
31.4716 208160 207064 0.164708 96.4048 4.8774 0 4.78832 13251 242 0.0319263
31.4717 207710 205616 0.164708 0 4.87738 0 4.78831 13251 242 0.0320382
31.4719 207260 205616 0.164708 96.4048 4.87773 0 4.78829 13252 243 0.0320382
31.472 206810 205616 0.164708 96.4048 4.87808 0 4.78827 13253 244 0.0320382
31.4721 206360 204168 0.164708 0 4.87806 0 4.78825 13253 244 0.0321505
31.6201 205910 204168 0.164708 0.0782506 4.85559 0 4.76583 13254 245 0.0321505
31.6202 205460 204168 0.164708 96.4048 4.85594 0 4.76581 13255 246 0.0321505
31.6204 205010 202720 0.164708 0 4.85592 0 4.7658 13255 246 0.0322631
31.6205 204560 202720 0.164708 96.4048 4.85627 0 4.76578 13256 247 0.0322631
31.6206 202662 201272 0.164708 95.8845 4.85661 0 4.76576 13257 248 0.032382
31.6207 202212 199824 0.164708 0 4.8566 0 4.76574 13257 248 0.0324891
31.6209 200314 198376 0.164708 96.4048 4.85694 0 4.76572 13258 249 0.0326086
31.621 199864 198376 0.164708 96.4048 4.85729 0 4.76571 13259 250 0.0326025
31.6211 197966 196928 0.164708 96.4048 4.85764 0 4.76569 13260 251 0.0327223
31.6212 197516 195480 0.164708 0 4.85762 0 4.76567 13260 251 0.0328303
31.6213 195617 194032 0.164708 96.4048 4.85797 0 4.76565 13261 252 0.0329507
31.6215 195167 194032 0.164708 96.4048 4.85832 0 4.76563 13262 253 0.0329447
31.6216 191136 191136 0.164708 0 4.8583 0 4.76562 13262 253 0.0332028
31.6217 189688 189688 0.164708 0 4.85828 0 4.7656 13262 253 0.0332929
31.6218 188240 188240 0.164708 0 4.85826 0 4.76558 13262 253 0.0334084
31.6219 186792 186792 0.164708 0 4.85824 0 4.76556 13262 253 0.0335242
31.6221 185344 185344 0.164708 0 4.85822 0 4.76554 13262 253 0.0336404
31.6222 183896 183896 0.164708 0 4.85821 0 4.76552 13262 253 0.0337568
31.6223 182448 182448 0.164708 0 4.85819 0 4.76551 13262 253 0.0338735
31.6224 181000 181000 0.164708 0 4.85817 0 4.76549 13262 253 0.0339906
31.6225 179552 179552 0.164708 0 4.85815 0 4.76547 13262 253 0.0341079
31.6227 178104 178104 0.164708 0 4.85813 0 4.76545 13262 253 0.0342255
31.6228 176656 176656 0.164708 0 4.85811 0 4.76543 13262 253 0.0343434
31.6229 175208 175208 0.164708 0 4.85809 0 4.76542 13262 253 0.0344617
31.623 173760 173760 0.164708 0 4.85808 0 4.7654 13262 253 0.0345802
31.6231 172312 172312 0.164708 0 4.85806 0 4.76538 13262 253 0.034699
31.6233 170864 170864 0.164708 0 4.85804 0 4.76536 13262 253 0.0348181
31.6234 169416 169416 0.164708 0 4.85802 0 4.76534 13262 253 0.0349375
31.6235 167968 167968 0.164708 0 4.858 0 4.76533 13262 253 0.0350572
31.6236 166520 166520 0.164708 0 4.85798 0 4.76531 13262 253 0.0351773
31.6237 165127 165072 0.164708 0 4.85797 0 4.76529 13262 253 0.0352973
31.6239 164677 163624 0.164708 0 4.85795 0 4.76527 13262 253 0.0354148
31.624 162176 162176 0.164708 0 4.85793 0 4.76525 13262 253 0.0355465
31.6241 160728 160728 0.164708 0 4.85791 0 4.76524 13262 253 0.0356603
31.6242 159280 159280 0.164708 0 4.85789 0 4.76522 13262 253 0.0357818
31.6243 157832 157832 0.164708 0 4.85787 0 4.7652 13262 253 0.0359036
31.6245 156384 156384 0.164708 0 4.85785 0 4.76518 13262 253 0.0360257
31.6246 154936 154936 0.164708 0 4.85784 0 4.76516 13262 253 0.0361481
31.6247 153488 153488 0.164708 0 4.85782 0 4.76514 13262 253 0.0362708
31.6248 152040 152040 0.164708 0 4.8578 0 4.76513 13262 253 0.0363938
31.6249 150592 150592 0.164708 0 4.85778 0 4.76511 13262 253 0.0365171
31.6251 149144 149144 0.164708 0 4.85776 0 4.76509 13262 253 0.0366406
31.6252 147696 147696 0.164708 0 4.85774 0 4.76507 13262 253 0.0367645
31.7744 149144 146248 0.164708 7.91741 4.87211 0 4.74269 13364 355 0.0368887
31.7747 150592 146248 0.162745 96.4048 4.87281 96.4048 4.74339 13366 355 0.0364814
31.7763 152040 147696 0.154571 103.291 4.87802 103.291 4.7486 13381 355 0.0347444
31.9233 153488 149144 0.166493 6.22729 4.88423 6.22729 4.75541 13460 355 0.0370175
31.9235 154936 150592 0.164431 144.607 4.88528 144.607 4.75646 13463 355 0.0364591
31.9238 156384 152040 0.162627 144.607 4.88633 144.607 4.75751 13466 355 0.0359623
31.931 157832 153488 0.150519 98.0115 4.90736 98.0115 4.77857 13527 355 0.0335006
32.0745 159280 154936 0.167695 3.31038 4.90021 3.31038 4.772 13568 355 0.0367825
32.0747 160728 156384 0.165608 144.607 4.90126 144.607 4.77305 13571 355 0.0362149
32.0749 162176 157832 0.163782 144.607 4.90231 144.607 4.7741 13574 355 0.0357105
32.2272 163624 159280 0.169336 7.98935 4.91689 7.98935 4.78929 13679 355 0.0367724
32.2274 165072 160728 0.167294 144.607 4.91793 144.607 4.79033 13682 355 0.0362085
32.2277 166520 162176 0.165507 144.607 4.91897 144.607 4.79137 13685 355 0.0357071
32.2305 167968 163624 0.155704 100.422 4.92752 100.422 4.79993 13710 355 0.0336136
32.3812 169416 165072 0.153325 6.53462 4.935 6.53462 4.808 13795 355 0.0330433
32.3815 170864 166520 0.15341 144.607 4.93604 144.607 4.80904 13798 355 0.0329388
32.3817 172312 167968 0.153483 144.607 4.93707 144.607 4.81008 13801 355 0.0328326
32.5371 173760 169416 0.154642 8.42517 4.95373 8.42517 4.82734 13914 355 0.0329308
32.5373 175208 170864 0.154812 144.607 4.95476 144.607 4.82837 13917 355 0.0328435
32.5375 176656 172312 0.15496 144.607 4.95579 144.607 4.8294 13920 355 0.0327526
32.694 178104 173760 0.174258 8.51502 4.97282 8.51502 4.84704 14035 355 0.0366713
32.6942 179552 175208 0.172101 144.607 4.97385 144.607 4.84807 14038 355 0.0360645
32.6945 181000 176656 0.170213 144.607 4.97487 144.607 4.84909 14041 355 0.0355266
32.852 182448 178104 0.157552 8.7507 4.99298 8.7507 4.8678 14160 355 0.0327782
32.8522 183896 179552 0.157733 144.607 4.994 144.607 4.86883 14163 355 0.0326959
33.0116 185344 181000 0.176539 8.94253 5.01306 8.94253 4.88849 14286 355 0.0366081
33.0118 186792 182448 0.174347 144.607 5.01408 144.607 4.8895 14289 355 0.0359849
33.0121 188240 183896 0.172553 144.607 5.01509 144.607 4.89052 14292 355 0.0354612
33.172 189688 185344 0.178263 8.90893 5.03387 8.90893 4.9099 14415 355 0.0366627
33.1722 191136 186792 0.176105 144.607 5.03488 144.607 4.91091 14418 355 0.0360409
33.3339 192584 188240 0.160963 9.24626 5.0553 9.24626 4.93193 14547 355 0.0326382
33.3341 194032 189688 0.161218 144.607 5.0563 144.607 4.93293 14550 355 0.0325741
33.4969 195480 191136 0.162206 9.32032 5.07703 9.32032 4.95426 14681 355 0.0326598
33.4971 196928 192584 0.16243 144.607 5.07803 144.607 4.95526 14684 355 0.0325907
33.6609 198376 194032 0.163392 9.40707 5.09909 9.40707 4.97692 14817 355 0.0326742
33.6708 199824 195480 0.164203 97.5805 5.12615 97.5805 5.00402 14900 355 0.0327281
33.8255 201272 196928 0.164388 4.11666 5.12154 4.11666 4.99996 14955 355 0.0326527
33.8359 199824 198376 0.164825 98.6405 5.1501 98.6405 5.02856 15043 355 0.0326304
33.836 198921 198376 0.164825 96.4048 5.15042 0 5.02854 15044 356 0.0326281
33.8361 198469 196928 0.164825 0 5.1504 0 5.02853 15044 356 0.0327408
33.8362 198017 196928 0.164825 96.4048 5.15073 0 5.02851 15045 357 0.0327408
33.8364 197565 195480 0.164825 0 5.15071 0 5.02849 15045 357 0.0328548
33.8365 197113 195480 0.164825 96.4048 5.15103 0 5.02847 15046 358 0.0328548
33.8366 196661 195480 0.164825 96.4048 5.15136 0 5.02845 15047 359 0.0328548
33.8367 196210 194032 0.164825 0 5.15134 0 5.02844 15047 359 0.0329692
33.8368 195758 194032 0.164825 96.4048 5.15166 0 5.02842 15048 360 0.0329692
33.837 195306 194032 0.164825 96.4048 5.15199 0 5.0284 15049 361 0.0329692
33.8371 194854 192584 0.164825 0 5.15197 0 5.02838 15049 361 0.0330838
33.8372 194402 192584 0.164825 96.4048 5.15229 0 5.02836 15050 362 0.0330838
33.8373 193950 192584 0.164825 96.4048 5.15262 0 5.02835 15051 363 0.0330838
33.8374 193498 191136 0.164825 0 5.1526 0 5.02833 15051 363 0.0331988
33.8376 193047 191136 0.164825 96.4048 5.15292 0 5.02831 15052 364 0.0331988
33.8377 192595 191136 0.164825 96.4048 5.15325 0 5.02829 15053 365 0.0331988
33.8378 192143 191136 0.164825 96.4048 5.15357 0 5.02828 15054 366 0.0331988
33.8379 191691 189688 0.164825 0 5.15355 0 5.02826 15054 366 0.033314
33.838 191239 189688 0.164825 96.4048 5.15388 0 5.02824 15055 367 0.033314
33.8382 190787 189688 0.164825 96.4048 5.1542 0 5.02822 15056 368 0.033314
33.8383 190335 188240 0.164825 0 5.15418 0 5.0282 15056 368 0.0334296
33.8384 188240 188240 0.164825 96.4048 5.15451 0 5.02819 15057 369 0.033437
33.8385 186792 186792 0.164825 0 5.15449 0 5.02817 15057 369 0.0335488
33.8386 185344 185344 0.164825 0 5.15447 0 5.02815 15057 369 0.0336649
33.8388 183896 183896 0.164825 0 5.15445 0 5.02813 15057 369 0.0337813
33.8389 182448 182448 0.164825 0 5.15443 0 5.02811 15057 369 0.0338981
33.839 181000 181000 0.164825 0 5.15442 0 5.0281 15057 369 0.0340151
33.8391 179552 179552 0.164825 0 5.1544 0 5.02808 15057 369 0.0341324
33.8392 178104 178104 0.164825 0 5.15438 0 5.02806 15057 369 0.03425
33.8394 176656 176656 0.164825 0 5.15436 0 5.02804 15057 369 0.034368
33.8395 175208 175208 0.164825 0 5.15434 0 5.02803 15057 369 0.0344862
33.8396 173760 173760 0.164825 0 5.15432 0 5.02801 15057 369 0.0346047
33.8397 172312 172312 0.164825 0 5.15431 0 5.02799 15057 369 0.0347235
33.8398 170864 170864 0.164825 0 5.15429 0 5.02797 15057 369 0.0348426
33.84 169416 169416 0.164825 0 5.15427 0 5.02795 15057 369 0.0349621
33.8401 167968 167968 0.164825 0 5.15425 0 5.02794 15057 369 0.0350818
33.8402 166520 166520 0.164825 0 5.15423 0 5.02792 15057 369 0.0352018
33.8403 165072 165072 0.164825 0 5.15421 0 5.0279 15057 369 0.0353221
33.8404 163624 163624 0.164825 0 5.1542 0 5.02788 15057 369 0.0354427
33.8406 162176 162176 0.164825 0 5.15418 0 5.02786 15057 369 0.0355636
33.8407 160728 160728 0.164825 0 5.15416 0 5.02785 15057 369 0.0356848
33.8408 159810 159280 0.164825 0 5.15414 0 5.02783 15057 369 0.0358041
33.8409 157832 157832 0.164825 0 5.15412 0 5.02781 15057 369 0.0359313
33.841 156384 156384 0.164825 0 5.1541 0 5.02779 15057 369 0.0360502
33.8412 154936 154936 0.164825 0 5.15409 0 5.02778 15057 369 0.0361726
33.8413 153488 153488 0.164825 0 5.15407 0 5.02776 15057 369 0.0362953
33.8414 152040 152040 0.164825 0 5.15405 0 5.02774 15057 369 0.0364183
33.8415 150592 150592 0.164825 0 5.15403 0 5.02772 15057 369 0.0365416
33.8416 149144 149144 0.164825 0 5.15401 0 5.0277 15057 369 0.0366652
33.8418 147696 147696 0.164825 0 5.15399 0 5.02769 15057 369 0.0367891
33.9626 146248 146248 0.164825 0 5.13565 0 5.00979 15057 369 0.0369133
33.9628 144800 144800 0.164825 0 5.13563 0 5.00977 15057 369 0.0370377
33.9629 143352 143352 0.164825 0 5.13561 0 5.00976 15057 369 0.0371625
33.963 141904 141904 0.164825 0 5.1356 0 5.00974 15057 369 0.0372876
33.9631 140456 140456 0.164825 0 5.13558 0 5.00972 15057 369 0.037413
33.9732 141904 139008 0.164825 95.2633 5.16235 0 5.00823 15140 452 0.0375387
33.9735 143352 139008 0.161347 96.4048 5.163 96.4048 5.00888 15142 452 0.0368216
34.0796 144800 140456 0.160927 1.41932 5.15134 1.41932 4.9977 15155 452 0.0366109
34.0889 146248 141904 0.116545 97.6408 5.17677 97.6408 5.02317 15234 452 0.0294966
34.1979 147696 143352 0.129929 2.23208 5.16739 2.23208 5.01428 15255 452 0.0310643
34.3186 149144 144800 0.132363 9.69809 5.18331 9.69809 5.03075 15356 452 0.0312858
34.3188 150592 146248 0.130943 144.607 5.18429 144.607 5.03172 15359 452 0.0309578
34.4415 152040 147696 0.121177 9.53662 5.19979 9.53662 5.04777 15460 452 0.0295433
34.5666 153488 149144 0.12341 9.72383 5.21617 9.72383 5.06469 15565 452 0.0296976
34.5726 154936 150592 0.125181 98.3329 5.23235 98.3329 5.0809 15616 452 0.0298018
34.6996 156384 152040 0.12739 9.75905 5.24892 9.75905 5.09802 15723 452 0.0299714
34.8228 157832 153488 0.136307 5.92537 5.25131 5.92537 5.10095 15786 452 0.0311297
34.9522 159280 154936 0.129076 9.04075 5.26534 9.04075 5.11554 15887 452 0.0299558
34.9589 160728 156384 0.130448 98.1263 5.28321 98.1263 5.13344 15944 452 0.0300247
35.0913 162176 157832 0.132591 9.88543 5.30058 9.88543 5.15137 16057 452 0.0302092
35.2253 163624 159280 0.134215 9.77017 5.31758 9.77017 5.16894 16170 452 0.0303259
35.3611 165072 160728 0.135713 9.64048 5.33418 9.64048 5.18611 16283 452 0.030429
35.4987 166520 162176 0.137741 9.68258 5.35103 9.68258 5.20353 16398 452 0.0306189
35.7702 167968 163624 0.15503 7.0384 5.36384 7.0384 5.21746 16563 452 0.0334851
36.055 169416 165072 0.14209 9.39642 5.39569 9.39642 5.25047 16794 452 0.0310725
36.3447 170864 166520 0.161026 9.3166 5.42695 9.3166 5.28288 17027 452 0.0344197
39.0965 172312 167968 0.156514 8.93705 5.674 8.93705 5.54008 19150 452 0.0334084
39.4108 173760 169416 0.175147 8.73392 5.69841 8.73392 5.56555 19387 452 0.0372325
39.7268 175208 170864 0.157884 8.76074 5.72277 8.76074 5.59097 19626 452 0.0334356
39.8852 176656 172312 0.158514 8.85052 5.73519 8.85052 5.60391 19747 452 0.0334401
40.0438 178104 173760 0.176527 8.83711 5.74748 8.83711 5.61672 19868 452 0.0371948
40.203 179552 175208 0.159093 8.94928 5.76016 8.94928 5.62992 19991 452 0.0333172
40.3626 181000 176656 0.177473 8.92906 5.77268 8.92906 5.64296 20114 452 0.0371796
40.3628 182448 178104 0.175164 144.607 5.77351 144.607 5.64379 20117 452 0.0365245
40.5227 183896 179552 0.15989 8.91563 5.7859 8.91563 5.65669 20240 452 0.0331221
40.6834 185344 181000 0.160331 9.15053 5.7992 9.15053 5.6705 20367 452 0.0330931
40.6837 186792 182448 0.160415 144.607 5.80002 144.607 5.67132 20370 452 0.0329929
40.8443 188240 183896 0.17926 9.01316 5.81266 9.01316 5.68446 20495 452 0.0370159
40.8446 189688 185344 0.176978 144.607 5.81347 144.607 5.68528 20498 452 0.0363603
41.0059 191136 186792 0.179579 9.11646 5.82647 9.11646 5.69878 20625 452 0.0368596
41.0062 192584 188240 0.177382 144.607 5.82729 144.607 5.6996 20628 452 0.0362231
41.1684 194032 189688 0.180493 9.21201 5.84062 9.21201 5.71344 20757 452 0.0368476
41.1686 195480 191136 0.178306 144.607 5.84143 144.607 5.71425 20760 452 0.0362102
41.3316 196928 192584 0.181359 9.31344 5.85512 9.31344 5.72844 20891 452 0.036827
41.3318 198376 194032 0.179064 144.607 5.85593 144.607 5.72925 20894 452 0.0361606
41.3321 199824 195480 0.177181 144.607 5.85673 144.607 5.73005 20897 452 0.0356013
41.4955 201272 196928 0.182059 9.28605 5.87024 9.28605 5.74406 21028 452 0.0366542
41.4957 202720 198376 0.179801 144.607 5.87104 144.607 5.74486 21031 452 0.0359945
41.5056 204168 199824 0.164491 97.5805 5.89281 97.5805 5.76666 21114 452 0.0324469
41.6602 205616 201272 0.164453 4.11986 5.88623 4.11986 5.76055 21169 452 0.0323259
41.6606 204168 202720 0.164453 160.095 5.88757 160.095 5.76189 21174 452 0.032213
41.6607 203263 202720 0.164453 96.4048 5.88783 0 5.76187 21175 453 0.0322108
41.6608 201363 199824 0.164453 0 5.88782 0 5.76186 21175 453 0.0324417
41.6609 200910 199824 0.164453 96.4048 5.88808 0 5.76184 21176 454 0.0324357
41.6611 200458 198376 0.164453 0 5.88806 0 5.76182 21176 454 0.0325491
41.6612 200005 198376 0.164453 96.4048 5.88832 0 5.76181 21177 455 0.0325491
41.6613 199553 198376 0.164453 96.4048 5.88858 0 5.76179 21178 456 0.0325491
41.6614 199100 196928 0.164453 0 5.88856 0 5.76177 21178 456 0.0326629
41.6615 198648 196928 0.164453 96.4048 5.88883 0 5.76176 21179 457 0.0326629
41.6617 198195 196928 0.164453 96.4048 5.88909 0 5.76174 21180 458 0.0326629
41.6618 197743 195480 0.164453 0 5.88907 0 5.76172 21180 458 0.0327769
41.6619 197290 195480 0.164453 96.4048 5.88933 0 5.76171 21181 459 0.0327769
41.662 196838 195480 0.164453 96.4048 5.88959 0 5.76169 21182 460 0.0327769
41.6621 196385 194032 0.164453 0 5.88957 0 5.76167 21182 460 0.0328913
41.6623 195933 194032 0.164453 96.4048 5.88984 0 5.76166 21183 461 0.0328913
41.6624 195480 194032 0.164453 96.4048 5.8901 0 5.76164 21184 462 0.0328913
41.6625 195028 194032 0.164453 96.4048 5.89036 0 5.76162 21185 463 0.0328913
41.6626 194575 192584 0.164453 0 5.89034 0 5.76161 21185 463 0.0330059
41.6627 194123 192584 0.164453 96.4048 5.8906 0 5.76159 21186 464 0.0330059
41.6629 193670 192584 0.164453 96.4048 5.89086 0 5.76157 21187 465 0.0330059
41.663 191136 191136 0.164453 0 5.89085 0 5.76156 21187 465 0.0331319
41.6631 189688 189688 0.164453 0 5.89083 0 5.76154 21187 465 0.0332395
41.6632 188240 188240 0.164453 0 5.89081 0 5.76152 21187 465 0.033355
41.6633 186792 186792 0.164453 0 5.89079 0 5.76151 21187 465 0.0334708
41.6635 185344 185344 0.164453 0 5.89078 0 5.76149 21187 465 0.033587
41.6636 183896 183896 0.164453 0 5.89076 0 5.76147 21187 465 0.0337034
41.6637 182448 182448 0.164453 0 5.89074 0 5.76146 21187 465 0.0338201
41.6638 181000 181000 0.164453 0 5.89073 0 5.76144 21187 465 0.0339372
41.6639 179552 179552 0.164453 0 5.89071 0 5.76142 21187 465 0.0340545
41.6641 178104 178104 0.164453 0 5.89069 0 5.76141 21187 465 0.0341721
41.6642 176656 176656 0.164453 0 5.89068 0 5.76139 21187 465 0.03429
41.6643 175208 175208 0.164453 0 5.89066 0 5.76137 21187 465 0.0344083
41.6644 173760 173760 0.164453 0 5.89064 0 5.76136 21187 465 0.0345268
41.6645 172312 172312 0.164453 0 5.89063 0 5.76134 21187 465 0.0346456
41.6647 170864 170864 0.164453 0 5.89061 0 5.76132 21187 465 0.0347647
41.6648 169416 169416 0.164453 0 5.89059 0 5.76131 21187 465 0.0348841
41.6649 167968 167968 0.164453 0 5.89057 0 5.76129 21187 465 0.0350039
41.665 166520 166520 0.164453 0 5.89056 0 5.76127 21187 465 0.0351239
41.6651 165072 165072 0.164453 0 5.89054 0 5.76126 21187 465 0.0352442
41.6653 164022 163624 0.164453 0 5.89052 0 5.76124 21187 465 0.035363
41.6654 163570 162176 0.164453 0 5.89051 0 5.76122 21187 465 0.0354823
41.6655 160728 160728 0.164453 0 5.89049 0 5.76121 21187 465 0.0356175
41.6656 159280 159280 0.164453 0 5.89047 0 5.76119 21187 465 0.0357284
41.6657 157832 157832 0.164453 0 5.89046 0 5.76117 21187 465 0.0358502
41.6659 156384 156384 0.164453 0 5.89044 0 5.76116 21187 465 0.0359723
41.666 154936 154936 0.164453 0 5.89042 0 5.76114 21187 465 0.0360947
41.6661 153488 153488 0.164453 0 5.8904 0 5.76113 21187 465 0.0362174
41.6662 152040 152040 0.164453 0 5.89039 0 5.76111 21187 465 0.0363404
41.6663 150592 150592 0.164453 0 5.89037 0 5.76109 21187 465 0.0364637
41.6665 149144 149144 0.164453 0 5.89035 0 5.76108 21187 465 0.0365873
41.6666 147696 147696 0.164453 0 5.89034 0 5.76106 21187 465 0.0367112
41.6667 146248 146248 0.164453 0 5.89032 0 5.76104 21187 465 0.0368353
41.6668 144800 144800 0.164453 0 5.8903 0 5.76103 21187 465 0.0369598
41.6669 143352 143352 0.164453 0 5.89029 0 5.76101 21187 465 0.0370846
41.6707 141904 140456 0.164453 93.2786 5.8981 0 5.76049 21217 495 0.0373351
41.8164 143352 140456 0.164453 4.37122 5.89278 0 5.74042 21272 550 0.0373351
41.8216 144800 141904 0.164453 98.6717 5.90424 0 5.73971 21316 594 0.0372097
41.8218 146248 141904 0.162771 96.4048 5.90476 96.4048 5.74023 21318 594 0.0368612
41.8247 147696 143352 0.15342 100.422 5.91127 100.422 5.74676 21343 594 0.0349015
41.9432 149144 144800 0.165987 2.44434 5.90148 2.44434 5.73743 21368 594 0.0372827
41.9434 150592 146248 0.161239 144.607 5.90227 144.607 5.73822 21371 594 0.0361742
41.9437 152040 147696 0.156959 144.607 5.90307 144.607 5.73902 21374 594 0.0352018
42.073 153488 149144 0.128045 8.86996 5.91219 8.86996 5.74864 21473 594 0.0303069
42.0732 154936 150592 0.128289 144.607 5.91298 144.607 5.74943 21476 594 0.0302166
42.0734 156384 152040 0.128503 144.607 5.91377 144.607 5.75023 21479 594 0.0301226
42.2054 157832 153488 0.145242 8.86784 5.92301 8.86784 5.75997 21580 594 0.0325732
42.2056 159280 154936 0.143712 144.607 5.9238 144.607 5.76076 21583 594 0.0321919
42.2059 160728 156384 0.142248 144.607 5.92458 144.607 5.76155 21586 594 0.0318266
42.3392 162176 157832 0.133022 9.11937 5.93465 9.11937 5.77213 21691 594 0.0302719
42.3395 163624 159280 0.133144 144.607 5.93544 144.607 5.77292 21694 594 0.030168
42.3397 165072 160728 0.133251 144.607 5.93622 144.607 5.77371 21697 594 0.0300622
42.475 166520 162176 0.149747 9.16102 5.9465 9.16102 5.7845 21804 594 0.0326297
42.4753 167968 163624 0.148028 144.607 5.94728 144.607 5.78528 21807 594 0.0322033
42.4839 169416 165072 0.136289 97.7437 5.96597 97.7437 5.80401 21880 594 0.0301538
42.6131 170864 166520 0.13647 3.67683 5.95903 3.67683 5.79756 21921 594 0.0300611
42.6133 172312 167968 0.136662 144.607 5.95982 144.607 5.79834 21924 594 0.0299704
42.7527 173760 169416 0.154217 9.55737 5.97155 9.55737 5.8106 22039 594 0.0328506
42.753 175208 170864 0.152315 144.607 5.97233 144.607 5.81138 22042 594 0.0323763
42.7602 176656 172312 0.140259 98.0115 5.98784 98.0115 5.82692 22103 594 0.0301767
42.8945 178104 173760 0.156055 4.91509 5.98448 4.91509 5.82407 22160 594 0.0328429
42.8947 179552 175208 0.154298 144.607 5.98526 144.607 5.82485 22163 594 0.0323899
43.0385 181000 176656 0.142424 9.75333 5.99784 9.75333 5.83796 22284 594 0.0301733
43.0387 182448 178104 0.142621 144.607 5.99862 144.607 5.83874 22287 594 0.0300879
43.1846 183896 179552 0.144487 9.76754 6.01135 9.76754 5.85201 22410 594 0.0302821
43.1848 185344 181000 0.144676 144.607 6.01212 144.607 5.85278 22413 594 0.0301968
43.3324 186792 182448 0.146576 9.81319 6.02506 9.81319 5.86627 22538 594 0.030405
43.3326 188240 183896 0.146754 144.607 6.02583 144.607 5.86704 22541 594 0.0303192
43.482 189688 185344 0.148212 9.84989 6.03897 9.84989 5.88072 22668 594 0.0304578
43.486 191136 186792 0.149692 99.2402 6.04772 99.2402 5.88949 22703 594 0.030605
43.6335 192584 188240 0.150065 7.62124 6.05304 7.62124 5.89534 22800 594 0.0305562
43.7866 194032 189688 0.151897 10.0642 6.06706 10.0642 5.90992 22933 594 0.0307741
43.7902 195480 191136 0.153177 99.6183 6.07476 99.6183 5.91763 22964 594 0.0308958
43.9415 196928 192584 0.170689 7.88697 6.081 7.88697 5.92441 23067 594 0.0343509
44.0979 198376 194032 0.172918 9.99589 6.09489 9.99589 5.93886 23202 594 0.0347346
44.2559 199824 195480 0.156887 10.0437 6.10899 10.0437 5.95351 23339 594 0.0312569
44.4151 201272 196928 0.176142 9.96789 6.12282 9.96789 5.9679 23476 594 0.0352448
44.5759 202720 198376 0.159471 10.0151 6.13686 10.0151 5.9825 23615 594 0.0315366
44.9021 204168 199824 0.162556 9.90679 6.16425 9.90679 6.01101 23894 594 0.0320464
45.217 205616 201272 0.181527 10.3396 6.19332 10.3396 6.04115 24175 594 0.0361842
47.9818 207064 202720 0.147245 11.8945 6.52185 11.8945 6.37844 27014 594 0.0289144
48.2792 208512 204168 0.165026 11.1012 6.55005 11.1012 6.40753 27299 594 0.0322206
48.5794 209960 205616 0.150119 11.0761 6.57802 11.0761 6.43638 27586 594 0.0291993
48.7301 211408 207064 0.15047 11.1473 6.59215 11.1473 6.45094 27731 594 0.0291506
48.8812 212856 208512 0.167658 11.1118 6.60613 11.1118 6.46536 27876 594 0.0324444
49.0332 214304 209960 0.151524 11.2028 6.62038 11.2028 6.48004 28023 594 0.0291194
49.1856 215752 211408 0.169075 11.1763 6.63449 11.1763 6.49459 28170 594 0.0325292
49.3389 217200 212856 0.152603 11.2573 6.64885 11.2573 6.50939 28319 594 0.0290962
49.3392 218648 214304 0.152777 144.607 6.64953 144.607 6.51006 28322 594 0.0290182
49.4924 220096 215752 0.170563 11.1149 6.66335 11.1149 6.52432 28469 594 0.0325246
49.6467 221544 217200 0.170908 11.3373 6.67787 11.3373 6.53928 28620 594 0.0324911
49.6469 222992 218648 0.168795 144.607 6.67854 144.607 6.53994 28623 594 0.0319172
49.8015 224440 220096 0.154574 11.3109 6.69293 11.3109 6.55476 28774 594 0.0289159
49.8018 225888 221544 0.154627 144.607 6.69359 144.607 6.55543 28777 594 0.0288169
49.9569 227336 222992 0.155125 11.4252 6.70828 11.4252 6.57055 28930 594 0.0288027
49.9571 228784 224440 0.155234 144.607 6.70895 144.607 6.57121 28933 594 0.0287152
50.113 230232 225888 0.15568 11.521 6.72391 11.521 6.58661 29088 594 0.0286922
50.1132 231680 227336 0.155845 144.607 6.72457 144.607 6.58727 29091 594 0.028616
50.1262 233128 228784 0.156425 97.2974 6.74802 97.2974 6.61075 29200 594 0.02862
50.2696 234576 230232 0.15644 3.95963 6.74007 3.95963 6.60319 29249 594 0.0285157
50.2698 236024 231680 0.15651 144.607 6.74073 144.607 6.60385 29252 594 0.0284223
50.4265 237472 233128 0.174244 11.7549 6.75631 11.7549 6.61986 29411 594 0.0320532
50.4267 238920 234576 0.172088 144.607 6.75697 144.607 6.62051 29414 594 0.0314591
50.427 240368 236024 0.170202 144.607 6.75762 144.607 6.62117 29417 594 0.0309338
50.5841 241816 237472 0.174671 11.7189 6.77304 11.7189 6.63701 29576 594 0.0318329
50.5844 243264 238920 0.172587 144.607 6.77369 144.607 6.63767 29579 594 0.031254
50.5846 244712 240368 0.170764 144.607 6.77435 144.607 6.63832 29582 594 0.0307416
50.743 246160 241816 0.158102 11.9226 6.79042 11.9226 6.65481 29745 594 0.0279922
50.7432 247608 243264 0.158214 144.607 6.79107 144.607 6.65547 29748 594 0.0279097
50.7435 249056 244712 0.158312 144.607 6.79172 144.607 6.65612 29751 594 0.0278248
50.9024 250504 246160 0.176735 12.0233 6.80806 12.0233 6.67288 29916 594 0.0316826
50.9027 251952 247608 0.174643 144.607 6.80871 144.607 6.67353 29919 594 0.031095
50.9029 253400 249056 0.172688 144.607 6.80936 144.607 6.67419 29922 594 0.0305472
50.9032 254848 250504 0.171102 144.607 6.81001 144.607 6.67484 29925 594 0.0300892
51.063 256296 251952 0.159938 12.105 6.82658 12.105 6.69183 30092 594 0.0276307
51.0632 257744 253400 0.160071 144.607 6.82723 144.607 6.69248 30095 594 0.0275548
51.0635 259192 254848 0.160187 144.607 6.82788 144.607 6.69313 30098 594 0.0274759
51.0675 260640 256296 0.160916 99.2402 6.83527 99.2402 6.70053 30133 594 0.0275207
51.2242 262088 257744 0.161147 10.2763 6.8458 10.2763 6.71147 30272 594 0.0274658
51.2245 263536 259192 0.161254 144.607 6.84645 144.607 6.71212 30275 594 0.0273862
51.2247 264984 260640 0.161222 144.607 6.84709 144.607 6.71276 30278 594 0.0272788
51.225 266432 262088 0.161194 144.607 6.84774 144.607 6.71341 30281 594 0.0271726
51.3866 267880 263536 0.161806 12.5434 6.86565 12.5434 6.73175 30456 594 0.0271963
51.3868 269328 264984 0.16183 144.607 6.8663 144.607 6.73239 30459 594 0.0271013
51.387 270776 266432 0.161976 144.607 6.86694 144.607 6.73304 30462 594 0.0270313
51.3873 272224 267880 0.162104 144.607 6.86758 144.607 6.73368 30465 594 0.026958
51.4024 273672 269328 0.162809 97.1699 6.89418 97.1699 6.76032 30592 594 0.0270033
51.5501 275120 270776 0.162958 4.15741 6.88634 4.15741 6.75286 30645 594 0.0269351
51.5503 276568 272224 0.163088 144.607 6.88698 144.607 6.75351 30648 594 0.0268634
51.5506 278016 273672 0.163202 144.607 6.88763 144.607 6.75415 30651 594 0.0267887
51.5508 279464 275120 0.163177 144.607 6.88827 144.607 6.75479 30654 594 0.0266855
51.5703 280912 276568 0.16424 96.9999 6.92228 96.9999 6.78885 30817 594 0.0268083
51.7146 282360 278016 0.182014 1.68568 6.90767 1.68568 6.77461 30838 594 0.0307325
51.7148 283808 279464 0.179762 144.607 6.90831 144.607 6.77525 30841 594 0.030091
51.7151 285256 280912 0.177917 144.607 6.90895 144.607 6.7759 30844 594 0.0295557
51.7154 283808 282360 0.177917 160.095 6.91002 160.095 6.77697 30849 594 0.0294592
51.7156 282906 282360 0.177917 96.4048 6.91023 0 6.77695 30850 595 0.0294569
51.7157 281007 279464 0.177917 0 6.91021 0 6.77694 30850 595 0.0296551
51.7158 280556 279464 0.177917 96.4048 6.91042 0 6.77692 30851 596 0.0296491
51.7159 278657 276568 0.177917 0 6.9104 0 6.7769 30851 596 0.0298495
51.716 278206 276568 0.177917 96.4048 6.91061 0 6.77689 30852 597 0.0298435
51.7162 277755 276568 0.177917 96.4048 6.91082 0 6.77687 30853 598 0.0298435
51.7163 277303 275120 0.177917 0 6.9108 0 6.77686 30853 598 0.0299411
51.7164 276852 275120 0.177917 96.4048 6.91101 0 6.77684 30854 599 0.0299411
51.7165 276401 275120 0.177917 96.4048 6.91122 0 6.77683 30855 600 0.0299411
51.7167 275950 273672 0.177917 0 6.9112 0 6.77681 30855 600 0.030039
51.7168 275499 273672 0.177917 96.4048 6.91141 0 6.77679 30856 601 0.030039
51.7169 275048 273672 0.177917 96.4048 6.91162 0 6.77678 30857 602 0.030039
51.717 274597 272224 0.177917 0 6.9116 0 6.77676 30857 602 0.0301373
51.7171 272224 272224 0.177917 96.4048 6.91181 0 6.77675 30858 603 0.0301469
51.7173 270776 270776 0.177917 0 6.9118 0 6.77673 30858 603 0.0302392
51.7174 269328 269328 0.177917 0 6.91178 0 6.77672 30858 603 0.030338
51.7175 267880 267880 0.177917 0 6.91176 0 6.7767 30858 603 0.0304372
51.7176 266432 266432 0.177917 0 6.91175 0 6.77668 30858 603 0.0305366
51.7177 264984 264984 0.177917 0 6.91173 0 6.77667 30858 603 0.0306363
51.7179 263536 263536 0.177917 0 6.91172 0 6.77665 30858 603 0.0307364
51.718 262088 262088 0.177917 0 6.9117 0 6.77664 30858 603 0.0308367
51.7181 260640 260640 0.177917 0 6.91168 0 6.77662 30858 603 0.0309373
51.7182 259192 259192 0.177917 0 6.91167 0 6.77661 30858 603 0.0310383
51.7183 257744 257744 0.177917 0 6.91165 0 6.77659 30858 603 0.0311395
51.7185 256296 256296 0.177917 0 6.91164 0 6.77657 30858 603 0.031241
51.7186 254848 254848 0.177917 0 6.91162 0 6.77656 30858 603 0.0313428
51.7187 253400 253400 0.177917 0 6.9116 0 6.77654 30858 603 0.031445
51.7188 252924 251952 0.177917 0 6.91159 0 6.77653 30858 603 0.031544
51.7189 250504 250504 0.177917 0 6.91157 0 6.77651 30858 603 0.0316568
51.7191 249056 249056 0.177917 0 6.91155 0 6.7765 30858 603 0.0317531
51.7192 247608 247608 0.177917 0 6.91154 0 6.77648 30858 603 0.0318564
51.7193 246160 246160 0.177917 0 6.91152 0 6.77646 30858 603 0.03196
51.7194 244712 244712 0.177917 0 6.91151 0 6.77645 30858 603 0.0320639
51.7195 243264 243264 0.177917 0 6.91149 0 6.77643 30858 603 0.0321681
51.7197 241816 241816 0.177917 0 6.91147 0 6.77642 30858 603 0.0322726
51.7198 240368 240368 0.177917 0 6.91146 0 6.7764 30858 603 0.0323774
51.7199 238920 238920 0.177917 0 6.91144 0 6.77639 30858 603 0.0324825
51.72 237472 237472 0.177917 0 6.91143 0 6.77637 30858 603 0.0325879
51.7201 236024 236024 0.177917 0 6.91141 0 6.77635 30858 603 0.0326936
51.7203 234576 234576 0.177917 0 6.91139 0 6.77634 30858 603 0.0327996
51.7204 233128 233128 0.177917 0 6.91138 0 6.77632 30858 603 0.0329059
51.7205 231703 231680 0.177917 0 6.91136 0 6.77631 30858 603 0.0330124
51.7206 231252 230232 0.177917 0 6.91135 0 6.77629 30858 603 0.0331161
51.7207 228784 228784 0.177917 0 6.91133 0 6.77627 30858 603 0.0332337
51.7209 227336 227336 0.177917 0 6.91131 0 6.77626 30858 603 0.0333341
51.721 225888 225888 0.177917 0 6.9113 0 6.77624 30858 603 0.0334419
51.7211 224440 224440 0.177917 0 6.91128 0 6.77623 30858 603 0.03355
51.7212 222992 222992 0.177917 0 6.91127 0 6.77621 30858 603 0.0336583
51.7213 221544 221544 0.177917 0 6.91125 0 6.7762 30858 603 0.033767
51.7215 220096 220096 0.177917 0 6.91123 0 6.77618 30858 603 0.033876
51.7216 218648 218648 0.177917 0 6.91122 0 6.77616 30858 603 0.0339853
51.7217 217200 217200 0.177917 0 6.9112 0 6.77615 30858 603 0.0340949
51.7218 215752 215752 0.177917 0 6.91119 0 6.77613 30858 603 0.0342047
51.7219 214304 214304 0.177917 0 6.91117 0 6.77612 30858 603 0.0343149
51.7221 212856 212856 0.177917 0 6.91115 0 6.7761 30858 603 0.0344254
51.7222 211408 211408 0.177917 0 6.91114 0 6.77609 30858 603 0.0345361
51.7223 210031 209960 0.177917 0 6.91112 0 6.77607 30858 603 0.0346468
51.7224 209580 208512 0.177917 0 6.91111 0 6.77605 30858 603 0.0347552
51.7225 207064 207064 0.177917 0 6.91109 0 6.77604 30858 603 0.0348778
51.7227 205616 205616 0.177917 0 6.91107 0 6.77602 30858 603 0.0349822
51.7228 204168 204168 0.177917 0 6.91106 0 6.77601 30858 603 0.0350944
51.7229 202720 202720 0.177917 0 6.91104 0 6.77599 30858 603 0.035207
51.723 201272 201272 0.177917 0 6.91102 0 6.77598 30858 603 0.0353199
51.7231 199824 199824 0.177917 0 6.91101 0 6.77596 30858 603 0.035433
51.7233 198376 198376 0.177917 0 6.91099 0 6.77594 30858 603 0.0355465
51.7354 196928 195480 0.177917 95.4503 6.93176 0 6.77435 30958 703 0.0357743
51.879 198376 195480 0.177917 2.17818 6.91861 0 6.7556 30985 730 0.0357743
51.8921 199824 196928 0.177917 97.3038 6.94142 0 6.7539 31095 840 0.0356602
51.8923 201272 196928 0.175302 96.4048 6.94183 96.4048 6.75431 31097 840 0.0350504
51.8926 202720 198376 0.173015 144.607 6.94247 144.607 6.75495 31100 840 0.0344143
52.0247 204168 199824 0.180437 1.13933 6.92772 1.13933 6.74069 31113 840 0.0360337
52.025 205616 201272 0.176258 144.607 6.92836 144.607 6.74132 31116 840 0.0349313
52.0252 207064 202720 0.1726 144.607 6.929 144.607 6.74196 31119 840 0.0339814
52.0255 208512 204168 0.1694 144.607 6.92963 144.607 6.7426 31122 840 0.0331585
52.0353 209960 205616 0.147492 97.5805 6.9468 97.5805 6.7598 31205 840 0.0287326
52.1729 211408 207064 0.147541 4.46241 6.94024 4.46241 6.75374 31258 840 0.0286293
52.1731 212856 208512 0.147724 144.607 6.94088 144.607 6.75437 31261 840 0.0285496
52.1734 214304 209960 0.147883 144.607 6.94151 144.607 6.75501 31264 840 0.0284663
52.1736 215752 211408 0.147898 144.607 6.94215 144.607 6.75564 31267 840 0.0283578
52.3225 217200 212856 0.165305 10.8154 6.95317 10.8154 6.7672 31406 840 0.0316101
52.3227 218648 214304 0.163392 144.607 6.9538 144.607 6.76783 31409 840 0.0311004
52.323 220096 215752 0.161593 144.607 6.95443 144.607 6.76846 31412 840 0.0306214
52.3232 221544 217200 0.160144 144.607 6.95506 144.607 6.76909 31415 840 0.0302192
52.4737 222992 218648 0.167094 11.0111 6.96669 11.0111 6.78126 31558 840 0.0315501
52.4739 224440 220096 0.165082 144.607 6.96732 144.607 6.78189 31561 840 0.0310139
52.4741 225888 221544 0.163447 144.607 6.96795 144.607 6.78252 31564 840 0.0305639
52.4806 227336 222992 0.152144 98.1901 6.97923 98.1901 6.79382 31619 840 0.0282445
52.6261 228784 224440 0.168625 7.56272 6.98085 7.56272 6.79595 31714 840 0.0314451
52.6264 230232 225888 0.166672 144.607 6.98147 144.607 6.79658 31717 840 0.0309165
52.6353 231680 227336 0.153265 97.7076 6.9968 97.7076 6.81193 31792 840 0.028128
52.7798 233128 228784 0.170067 6.4911 6.99542 6.4911 6.81105 31873 840 0.0314371
52.7803 234576 230232 0.166302 120.506 6.99645 120.506 6.81209 31878 840 0.0305151
52.7863 236024 231680 0.154654 98.3329 7.00685 98.3329 6.82251 31929 840 0.0280676
52.7962 237472 233128 0.154088 97.5805 7.02375 97.5805 6.83944 32012 840 0.0278541
52.937 238920 234576 0.154994 3.37252 7.01404 3.37252 6.83022 32053 840 0.0279192
52.9437 240368 236024 0.155722 98.1263 7.02562 98.1263 6.84182 32110 840 0.0279519
52.9536 241816 237472 0.155786 97.5805 7.04247 97.5805 6.85871 32193 840 0.0278584
53.0954 243264 238920 0.156586 3.51306 7.03304 3.51306 6.84977 32236 840 0.0279069
53.1021 244712 240368 0.156683 98.1263 7.04458 98.1263 6.86134 32293 840 0.0278207
53.2494 246160 241816 0.174028 6.21205 7.04228 6.21205 6.85954 32372 840 0.0313706
53.2496 247608 243264 0.172024 144.607 7.0429 144.607 6.86017 32375 840 0.0308132
53.2559 249056 244712 0.158489 98.2587 7.0536 98.2587 6.87089 32428 840 0.0278597
53.2662 250504 246160 0.158417 97.5258 7.07115 97.5258 6.88848 32515 840 0.0277414
53.4098 251952 247608 0.165655 3.46896 7.06147 3.46896 6.87928 32558 840 0.029115
53.4168 253400 249056 0.159325 98.0669 7.07334 98.0669 6.89118 32617 840 0.0277141
53.4274 254848 250504 0.159455 97.5003 7.09124 97.5003 6.90911 32706 840 0.027637
53.5734 256296 251952 0.160725 4.68139 7.08467 4.68139 6.90304 32765 840 0.0277885
53.5803 257744 253400 0.160226 98.0669 7.09651 98.0669 6.9149 32824 840 0.0275858
53.7288 259192 254848 0.160287 5.69381 7.09263 5.69381 6.91153 32897 840 0.0274959
53.7327 260640 256296 0.160965 99.4174 7.09924 99.4174 6.91815 32930 840 0.0275305
53.7435 262088 257744 0.161228 97.476 7.11742 97.476 6.93637 33021 840 0.0274823
53.8913 263536 259192 0.161557 4.78105 7.11102 4.78105 6.93046 33082 840 0.0274478
53.9021 264984 260640 0.16227 97.476 7.12915 97.476 6.94862 33173 840 0.027492
54.0539 266432 262088 0.180143 6.64071 7.12777 6.64071 6.94776 33260 840 0.0313666
54.0621 267880 263536 0.163494 97.8225 7.14148 97.8225 6.96149 33329 840 0.027543
54.2179 269328 264984 0.181294 8.54784 7.14552 8.54784 6.96605 33444 840 0.0314442
54.2227 270776 266432 0.165397 98.8149 7.15365 98.8149 6.97419 33485 840 0.0277408
54.3825 272224 267880 0.182257 10.5103 7.16351 10.5103 6.98459 33630 840 0.0314795
54.383 270776 269328 0.1801 144.411 7.16473 144.411 6.9858 33636 840 0.0308576
54.3831 269877 269328 0.1801 96.4048 7.16493 0 6.98579 33637 841 0.0308553
54.3832 269428 267880 0.1801 0 7.16491 0 6.98577 33637 841 0.0309533
54.3834 268978 267880 0.1801 96.4048 7.16511 0 6.98576 33638 842 0.0309533
54.3835 268528 266432 0.1801 0 7.16509 0 6.98574 33638 842 0.0310528
54.3836 268079 266432 0.1801 96.4048 7.16529 0 6.98572 33639 843 0.0310528
54.3837 267629 266432 0.1801 96.4048 7.16549 0 6.98571 33640 844 0.0310528
54.3838 267179 264984 0.1801 0 7.16547 0 6.98569 33640 844 0.0311525
54.384 266730 264984 0.1801 96.4048 7.16567 0 6.98568 33641 845 0.0311525
54.3841 266280 264984 0.1801 96.4048 7.16586 0 6.98566 33642 846 0.0311525
54.3842 265830 263536 0.1801 0 7.16585 0 6.98565 33642 846 0.0312525
54.3843 265381 263536 0.1801 96.4048 7.16605 0 6.98563 33643 847 0.0312525
54.3844 264931 263536 0.1801 96.4048 7.16624 0 6.98562 33644 848 0.0312525
54.3846 264482 262088 0.1801 0 7.16623 0 6.9856 33644 848 0.0313529
54.3847 264032 262088 0.1801 96.4048 7.16642 0 6.98559 33645 849 0.0313529
54.3848 262088 262088 0.1801 96.4048 7.16662 0 6.98557 33646 850 0.0313592
54.3849 260640 260640 0.1801 0 7.16661 0 6.98556 33646 850 0.0314569
54.385 259192 259192 0.1801 0 7.16659 0 6.98554 33646 850 0.0315578
54.3852 257744 257744 0.1801 0 7.16657 0 6.98552 33646 850 0.031659
54.3853 256296 256296 0.1801 0 7.16656 0 6.98551 33646 850 0.0317605
54.3854 254848 254848 0.1801 0 7.16654 0 6.98549 33646 850 0.0318624
54.3855 253400 253400 0.1801 0 7.16653 0 6.98548 33646 850 0.0319645
54.3856 251952 251952 0.1801 0 7.16651 0 6.98546 33646 850 0.0320669
54.3858 250504 250504 0.1801 0 7.16649 0 6.98545 33646 850 0.0321696
54.3859 249056 249056 0.1801 0 7.16648 0 6.98543 33646 850 0.0322726
54.386 247608 247608 0.1801 0 7.16646 0 6.98542 33646 850 0.0323759
54.3861 246160 246160 0.1801 0 7.16645 0 6.9854 33646 850 0.0324796
54.3862 244712 244712 0.1801 0 7.16643 0 6.98539 33646 850 0.0325835
54.3864 243264 243264 0.1801 0 7.16642 0 6.98537 33646 850 0.0326877
54.3865 241816 241816 0.1801 0 7.1664 0 6.98535 33646 850 0.0327922
54.3866 241226 240368 0.1801 0 7.16638 0 6.98534 33646 850 0.0328939
54.3867 238920 238920 0.1801 0 7.16637 0 6.98532 33646 850 0.0330078
54.3868 237472 237472 0.1801 0 7.16635 0 6.98531 33646 850 0.0331075
54.387 236024 236024 0.1801 0 7.16634 0 6.98529 33646 850 0.0332132
54.3871 234576 234576 0.1801 0 7.16632 0 6.98528 33646 850 0.0333192
54.3872 233128 233128 0.1801 0 7.1663 0 6.98526 33646 850 0.0334255
54.3873 231680 231680 0.1801 0 7.16629 0 6.98525 33646 850 0.0335321
54.3874 230232 230232 0.1801 0 7.16627 0 6.98523 33646 850 0.033639
54.3876 228784 228784 0.1801 0 7.16626 0 6.98522 33646 850 0.0337461
54.3877 227336 227336 0.1801 0 7.16624 0 6.9852 33646 850 0.0338536
54.3878 224440 224440 0.1801 0 7.16623 0 6.98518 33646 850 0.0340807
54.3879 222992 222992 0.1801 0 7.16621 0 6.98517 33646 850 0.0341779
54.388 221544 221544 0.1801 0 7.16619 0 6.98515 33646 850 0.0342866
54.3882 220096 220096 0.1801 0 7.16618 0 6.98514 33646 850 0.0343955
54.3883 218648 218648 0.1801 0 7.16616 0 6.98512 33646 850 0.0345048
54.3884 217422 217200 0.1801 0 7.16615 0 6.98511 33646 850 0.0346133
54.3885 215752 215752 0.1801 0 7.16613 0 6.98509 33646 850 0.0347255
54.3886 214304 214304 0.1801 0 7.16611 0 6.98508 33646 850 0.0348344
54.3888 212856 212856 0.1801 0 7.1661 0 6.98506 33646 850 0.0349449
54.3889 211408 211408 0.1801 0 7.16608 0 6.98505 33646 850 0.0350557
54.389 209960 209960 0.1801 0 7.16607 0 6.98503 33646 850 0.0351667
54.3891 208512 208512 0.1801 0 7.16605 0 6.98501 33646 850 0.0352781
54.3892 207064 207064 0.1801 0 7.16604 0 6.985 33646 850 0.0353898
54.3894 205616 205616 0.1801 0 7.16602 0 6.98498 33646 850 0.0355017
54.3895 204168 204168 0.1801 0 7.166 0 6.98497 33646 850 0.035614
54.3896 202720 202720 0.1801 0 7.16599 0 6.98495 33646 850 0.0357265
54.3897 201272 201272 0.1801 0 7.16597 0 6.98494 33646 850 0.0358394
54.3898 199824 199824 0.1801 0 7.16596 0 6.98492 33646 850 0.0359525
54.39 198376 198376 0.1801 0 7.16594 0 6.98491 33646 850 0.036066
54.3901 196928 196928 0.1801 0 7.16592 0 6.98489 33646 850 0.0361797
54.3902 195480 195480 0.1801 0 7.16591 0 6.98488 33646 850 0.0362938
54.3903 194617 194032 0.1801 0 7.16589 0 6.98486 33646 850 0.0364057
54.3904 192584 192584 0.1801 0 7.16588 0 6.98485 33646 850 0.0365264
54.3906 191136 191136 0.1801 0 7.16586 0 6.98483 33646 850 0.0366377
54.3907 189688 189688 0.1801 0 7.16585 0 6.98481 33646 850 0.036753
54.5426 191136 188240 0.1801 9.99141 7.17371 0 6.96536 33777 981 0.0368685
54.5428 192584 188240 0.176587 96.4048 7.17411 96.4048 6.96576 33779 981 0.0360371
54.6641 194032 189688 0.148478 10.9877 7.18256 10.9877 6.97468 33894 981 0.0301575
54.6727 195480 191136 0.123799 97.7437 7.1969 97.7437 6.98904 33967 981 0.0262841
54.7823 196928 192584 0.130124 7.08237 7.19667 7.08237 6.98923 34034 981 0.0270162
54.7905 198376 194032 0.117918 97.8225 7.21018 97.8225 7.00277 34103 981 0.0253387
54.9022 199824 195480 0.126338 7.15261 7.21006 7.15261 7.00308 34172 981 0.0262706
54.9106 201272 196928 0.11998 97.782 7.22394 97.782 7.01699 34243 981 0.0253534
