0.537735 14480 0 0 0 0 0 0 0 0 0.0439727
0.701999 15928 13032 0.140375 0.705207 0.165014 0.705207 0.165014 10 0 0.0450859
0.702239 18824 13032 0.143453 96.4048 0.19795 96.4048 0.19795 12 0 0.0456013
0.866859 10136 8688 0.166646 0.492577 0.2539 0.492577 0.2539 19 0 0.0505863
0.984737 7240 5792 0.166646 0.393086 0.270562 0 0.223507 23 4 0.050773
0.984857 8688 5792 0.166646 96.4048 0.282291 0 0.22348 24 5 0.0507618
0.984977 10136 7240 0.166646 192.81 0.305778 0 0.223453 26 7 0.0506087
1.1085 8688 8688 0.166646 0.187558 0.292604 0 0.198553 28 9 0.0504558
1.10862 10136 7240 0.166646 0 0.292572 0 0.198531 28 9 0.0506087
1.10874 8688 8688 0.166646 192.81 0.313436 0 0.19851 30 11 0.0504558
1.10886 10136 7240 0.166646 0 0.313403 0 0.198488 30 11 0.0506087
1.10898 8688 8688 0.166646 192.81 0.33426 0 0.198467 32 13 0.0504558
1.1091 13032 7240 0.166646 0 0.334224 0 0.198445 32 13 0.0506385
1.23443 14480 10136 0.177066 0.369721 0.337828 0.369721 0.215834 36 13 0.0526342
1.36288 15928 11584 0.171809 0.81164 0.382484 0.81164 0.271989 45 13 0.0512788
1.49409 17376 13032 0.14871 1.14768 0.449685 1.14768 0.348894 58 13 0.0464953
1.90168 18824 14480 0.140229 0.9379 0.554323 0.9379 0.475134 91 13 0.0449109
2.47965 20272 15928 0.161163 1.18251 0.700745 1.18251 0.640014 150 13 0.0485566
2.78089 21720 17376 0.156479 1.03826 0.737307 1.03826 0.683155 177 13 0.04748
3.09018 23168 18824 0.16498 1.08615 0.772222 1.08615 0.723489 206 13 0.0490417
3.40644 24616 20272 0.16268 1.13547 0.805946 1.13547 0.761738 237 13 0.0484138
3.72907 26064 21720 0.173437 1.11305 0.832516 1.11305 0.792133 268 13 0.0505884
4.05735 27512 23168 0.168736 1.23505 0.865085 1.23505 0.82797 303 13 0.0493941
4.32843 28960 24616 0.153692 1.49564 0.904576 1.49564 0.869785 338 13 0.0461993
4.57139 30408 26064 0.126665 1.85944 0.955326 1.85944 0.922383 377 13 0.0417161
4.8188 31856 27512 0.13554 1.82603 1.00003 1.82603 0.968779 416 13 0.0428293
5.0715 33304 28960 0.129387 1.97119 1.04842 1.97119 1.01873 459 13 0.0417889
5.32912 34752 30408 0.14246 1.93349 1.09121 1.93349 1.06295 502 13 0.0436256
5.59095 36200 31856 0.133852 2.07941 1.13748 2.07941 1.11055 549 13 0.042132
5.85686 37648 33304 0.148898 2.04746 1.1788 2.04746 1.15309 596 13 0.0444331
5.99433 39096 34752 0.138542 4.12923 1.24646 4.12923 1.22134 645 13 0.0425515
6.26577 40544 36200 0.140138 2.17647 1.28675 2.17647 1.26271 696 13 0.0426578
6.54045 41992 37648 0.1385 2.23511 1.32658 2.23511 1.30355 749 13 0.0422509
6.67647 43440 39096 0.138197 0.766469 1.31517 0.766469 1.29261 758 13 0.042057
6.81574 44888 40544 0.155453 2.4122 1.33758 2.4122 1.31549 787 13 0.0449072
6.81598 46336 41992 0.153397 144.607 1.34263 144.607 1.32054 790 13 0.0443729
6.95585 47784 43440 0.14172 2.40184 1.36393 2.40184 1.34228 819 13 0.0421824
6.95609 49232 44888 0.14163 144.607 1.36888 144.607 1.34723 822 13 0.0420224
6.95633 50680 46336 0.141551 144.607 1.37383 144.607 1.35218 825 13 0.0418645
7.09667 52128 47784 0.140627 2.39361 1.394 2.39361 1.37278 854 13 0.0415698
7.09691 53576 49232 0.140673 144.607 1.39885 144.607 1.37763 857 13 0.0414329
7.23834 55024 50680 0.158469 2.70294 1.42433 2.70294 1.40352 890 13 0.0444766
7.23858 56472 52128 0.15641 144.607 1.42908 144.607 1.40828 893 13 0.0439316
7.23882 57920 53576 0.154609 144.607 1.43383 144.607 1.41303 896 13 0.0434439
7.38109 59368 55024 0.160909 2.68696 1.45799 2.68696 1.43758 929 13 0.0445325
7.38133 60816 56472 0.158671 144.607 1.46265 144.607 1.44225 932 13 0.0439427
7.38157 62264 57920 0.156712 144.607 1.46731 144.607 1.44691 935 13 0.0434173
7.52444 63712 59368 0.144412 2.99998 1.49641 2.99998 1.4764 972 13 0.0410472
7.52468 65160 60816 0.144236 144.607 1.50098 144.607 1.48097 975 13 0.0408754
7.52492 66608 62264 0.144081 144.607 1.50555 144.607 1.48554 978 13 0.0407076
7.66876 68056 63712 0.161336 3.14101 1.53622 3.14101 1.51659 1017 13 0.0437654
7.669 69504 65160 0.159169 144.607 1.54071 144.607 1.52107 1020 13 0.0431897
7.66924 70952 66608 0.157398 144.607 1.54519 144.607 1.52555 1023 13 0.0427007
7.66948 72400 68056 0.155848 144.607 1.54967 144.607 1.53004 1026 13 0.0422606
7.81439 73848 69504 0.145661 3.27744 1.58171 3.27744 1.56244 1067 13 0.0402712
7.81463 75296 70952 0.145703 144.607 1.58611 144.607 1.56684 1070 13 0.0401385
7.81487 76744 72400 0.14574 144.607 1.59051 144.607 1.57124 1073 13 0.0400052
7.81992 78192 73848 0.146024 98.7001 1.65318 98.7001 1.63392 1116 13 0.0399146
7.96098 79640 75296 0.146019 0.410583 1.63116 0.410583 1.61225 1121 13 0.0397745
7.96387 81088 76744 0.146802 100.422 1.66694 100.422 1.64803 1146 13 0.0397712
8.1083 82536 78192 0.147187 2.48631 1.68153 2.48631 1.66296 1177 13 0.0396996
8.10854 83984 79640 0.147289 144.607 1.68577 144.607 1.6672 1180 13 0.0395792
8.10878 85432 81088 0.147253 144.607 1.69 144.607 1.67143 1183 13 0.039435
8.11094 86880 82536 0.147404 101.761 1.71669 101.761 1.69812 1202 13 0.0393237
8.11455 88328 83984 0.147617 99.6183 1.76018 99.6183 1.74162 1233 13 0.0392237
8.25754 89776 85432 0.148094 1.05316 1.74794 1.05316 1.7297 1246 13 0.0391705
8.25946 91224 86880 0.148544 102.43 1.77137 102.43 1.75314 1263 13 0.0391133
8.26187 92672 88328 0.148639 101.225 1.8003 101.225 1.78208 1284 13 0.0389937
8.40582 94120 89776 0.166553 1.36801 1.7929 1.36801 1.77498 1301 13 0.0423542
8.4063 95568 91224 0.162673 120.506 1.79969 120.506 1.78177 1306 13 0.0414067
8.40774 97016 92672 0.155316 104.439 1.81729 104.439 1.79938 1319 13 0.0398145
8.40966 98464 94120 0.15162 102.43 1.84029 102.43 1.82238 1336 13 0.0389885
8.41231 99912 95568 0.150188 100.787 1.87138 100.787 1.85348 1359 13 0.0385932
8.55578 101360 97016 0.150013 0.888151 1.8549 0.888151 1.8373 1370 13 0.038427
8.55698 102808 98464 0.15008 106.045 1.86953 106.045 1.85193 1381 13 0.0383047
8.55866 104256 99912 0.150236 103.291 1.88946 103.291 1.87187 1396 13 0.0381989
8.56082 105704 101360 0.150356 101.761 1.91469 101.761 1.8971 1415 13 0.0380867
8.56371 107152 102808 0.150444 100.422 1.94787 100.422 1.93028 1440 13 0.0379692
8.70766 108600 104256 0.161119 0.885186 1.9303 0.885186 1.913 1451 13 0.0398811
8.70886 110048 105704 0.15637 106.045 1.94466 106.045 1.92737 1462 13 0.0388103
8.7103 111496 107152 0.153782 104.439 1.96163 104.439 1.94434 1475 13 0.0381856
8.71198 112944 108600 0.152249 103.291 1.9812 103.291 1.96391 1490 13 0.0377684
8.71439 114392 110048 0.151781 101.225 2.00857 101.225 1.99129 1511 13 0.0375502
8.85918 115840 111496 0.151929 0.880044 1.99012 0.880044 1.97312 1522 13 0.0374458
8.86038 117288 112944 0.152271 106.045 2.00423 106.045 1.98724 1533 13 0.0373775
8.86182 118736 114392 0.152475 104.439 2.0209 104.439 2.00391 1546 13 0.037284
8.86375 120184 115840 0.152746 102.43 2.04268 102.43 2.02569 1563 13 0.0372036
8.86543 121632 117288 0.152844 103.291 2.06189 103.291 2.0449 1578 13 0.0370913
8.86783 123080 118736 0.152959 101.225 2.08876 101.225 2.07178 1599 13 0.0369825
9.01323 124528 120184 0.166959 0.876407 2.06921 0.876407 2.0525 1610 13 0.0396514
9.01443 125976 121632 0.160551 106.045 2.08307 106.045 2.06636 1621 13 0.0381922
9.01587 127424 123080 0.15694 104.439 2.09944 104.439 2.08273 1634 13 0.0373498
9.01755 128872 124528 0.155155 103.291 2.11832 103.291 2.10162 1649 13 0.0368779
9.01947 130320 125976 0.154626 102.43 2.1397 102.43 2.123 1666 13 0.036649
9.02212 131768 127424 0.154385 100.787 2.1686 100.787 2.15191 1689 13 0.0364751
9.16775 133216 128872 0.168382 0.874961 2.14805 0.874961 2.13162 1700 13 0.0391851
9.16919 134664 130320 0.160832 104.439 2.16414 104.439 2.14771 1713 13 0.0374778
9.17064 136112 131768 0.157618 104.439 2.18022 104.439 2.1638 1726 13 0.0367123
9.17256 137560 133216 0.155899 102.43 2.20123 102.43 2.18481 1743 13 0.0362527
9.17472 139008 134664 0.155499 101.761 2.2247 101.761 2.20829 1762 13 0.0360492
9.17712 140456 136112 0.155372 101.225 2.25063 101.225 2.23422 1783 13 0.0358985
9.32312 141904 137560 0.173468 0.71411 2.22656 0.71411 2.21041 1792 13 0.0395513
9.32432 143352 139008 0.165069 106.045 2.23994 106.045 2.22379 1803 13 0.0375898
9.32576 144800 140456 0.160154 104.439 2.25575 104.439 2.2396 1816 13 0.0364554
9.32744 146248 141904 0.157861 103.291 2.27397 103.291 2.25782 1831 13 0.035876
9.32937 147696 143352 0.156938 102.43 2.29461 102.43 2.27847 1848 13 0.0355711
9.33177 149144 144800 0.156641 101.225 2.32008 101.225 2.30395 1869 13 0.0353888
9.33417 150592 146248 0.15658 101.225 2.34555 101.225 2.32942 1890 13 0.0352526
9.48101 152040 147696 0.169136 0.867801 2.32266 0.867801 2.30678 1901 13 0.0377113
9.48221 153488 149144 0.163423 106.045 2.33581 106.045 2.31992 1912 13 0.0363731
9.48365 154936 150592 0.160152 104.439 2.35133 104.439 2.33545 1925 13 0.0355836
9.48509 156384 152040 0.158792 104.439 2.36685 104.439 2.35097 1938 13 0.0351898
9.48702 157832 153488 0.158272 102.43 2.38713 102.43 2.37125 1955 13 0.0349644
9.48918 159280 154936 0.157908 101.761 2.40978 101.761 2.39391 1974 13 0.0347703
9.49182 160728 156384 0.158063 100.787 2.43718 100.787 2.42131 1997 13 0.0346781
9.63938 162176 157832 0.15834 0.863561 2.41309 0.863561 2.39747 2008 13 0.0346105
9.64058 163624 159280 0.158578 106.045 2.426 106.045 2.41038 2019 13 0.0345355
9.64202 165072 160728 0.159009 104.439 2.44126 104.439 2.42564 2032 13 0.0344992
9.64347 166520 162176 0.159113 104.439 2.45651 104.439 2.4409 2045 13 0.0343987
9.64515 167968 163624 0.159243 103.291 2.4741 103.291 2.45848 2060 13 0.0343035
9.64707 169416 165072 0.159282 102.43 2.49402 102.43 2.47841 2077 13 0.0341906
9.64947 170864 166520 0.159582 101.225 2.51861 101.225 2.503 2098 13 0.0341301
9.65212 172312 167968 0.159604 100.787 2.54552 100.787 2.52992 2121 13 0.0340143
9.79991 173760 169416 0.170495 0.862157 2.52013 0.862157 2.50477 2132 13 0.0361828
9.80112 175208 170864 0.165508 106.045 2.53283 106.045 2.51746 2143 13 0.0349862
9.80256 176656 172312 0.162568 104.439 2.54782 104.439 2.53245 2156 13 0.0342553
9.804 178104 173760 0.161309 104.439 2.5628 104.439 2.54744 2169 13 0.0338799
9.80592 179552 175208 0.160735 102.43 2.58238 102.43 2.56702 2186 13 0.0336453
9.80784 181000 176656 0.160537 102.43 2.60195 102.43 2.5866 2203 13 0.0334873
9.81025 182448 178104 0.160822 101.225 2.62611 101.225 2.61076 2224 13 0.0334268
9.96069 183896 179552 0.179128 1.92502 2.61552 1.92502 2.60041 2249 13 0.0373356
9.96093 185344 181000 0.176987 144.607 2.61895 144.607 2.60383 2252 13 0.0367127
9.96141 186792 182448 0.173474 120.506 2.62464 120.506 2.60952 2257 13 0.0357862
9.96285 188240 183896 0.16715 104.439 2.63937 104.439 2.62426 2270 13 0.034274
9.96429 189688 185344 0.164421 104.439 2.6541 104.439 2.63899 2283 13 0.0335802
9.96597 191136 186792 0.163024 103.291 2.67109 103.291 2.65598 2298 13 0.0331743
9.9679 192584 188240 0.162636 102.43 2.69033 102.43 2.67523 2315 13 0.0329788
9.9703 194032 189688 0.16262 101.225 2.71408 101.225 2.69898 2336 13 0.0328598
9.97294 195480 191136 0.162503 100.787 2.74008 100.787 2.72498 2359 13 0.0327207
10.124 196928 192584 0.162784 1.91736 2.7278 1.91736 2.71293 2384 13 0.0326633
10.1242 198376 194032 0.162936 144.607 2.73117 144.607 2.7163 2387 13 0.03258
10.1247 199824 195480 0.16306 120.506 2.73676 120.506 2.72189 2392 13 0.0324913
10.1261 201272 196928 0.163405 104.439 2.75125 104.439 2.73637 2405 13 0.0324483
10.1276 202720 198376 0.163649 104.439 2.76572 104.439 2.75085 2418 13 0.0323852
10.1295 204168 199824 0.16383 102.43 2.78464 102.43 2.76977 2435 13 0.0323093
10.1314 205616 201272 0.163942 102.43 2.80355 102.43 2.78868 2452 13 0.0322193
10.1338 207064 202720 0.164117 101.225 2.82689 101.225 2.81203 2473 13 0.0321431
10.1367 208512 204168 0.164281 100.422 2.85465 100.422 2.8398 2498 13 0.0320646
10.1391 209960 205616 0.164448 101.225 2.87797 101.225 2.86312 2519 13 0.0319872
10.2887 211408 207064 0.180725 0.851769 2.84851 0.851769 2.83387 2530 13 0.0355403
10.2893 209960 208512 0.178634 134.82 2.85622 134.82 2.84159 2537 13 0.0349283
10.2894 209060 208512 0.178634 96.4048 2.85732 0 2.84155 2538 14 0.034926
10.2896 208610 207064 0.178634 0 2.85728 0 2.84152 2538 14 0.0350366
10.2897 208160 207064 0.178634 96.4048 2.85837 0 2.84149 2539 15 0.0350366
10.2898 206262 204168 0.178634 0 2.85834 0 2.84145 2539 15 0.0352668
10.2899 205812 204168 0.178634 96.4048 2.85943 0 2.84142 2540 16 0.0352608
10.29 205362 204168 0.178634 96.4048 2.86053 0 2.84139 2541 17 0.0352608
10.2902 204912 202720 0.178634 0 2.86049 0 2.84135 2541 17 0.0353733
10.2903 204462 202720 0.178634 96.4048 2.86158 0 2.84132 2542 18 0.0353733
10.2904 204012 202720 0.178634 96.4048 2.86268 0 2.84129 2543 19 0.0353733
10.2905 203562 201272 0.178634 0 2.86264 0 2.84126 2543 19 0.0354862
10.2906 203112 201272 0.178634 96.4048 2.86374 0 2.84122 2544 20 0.0354862
10.2908 202662 201272 0.178634 96.4048 2.86483 0 2.84119 2545 21 0.0354862
10.2909 202212 199824 0.178634 0 2.86479 0 2.84116 2545 21 0.0355993
10.291 201762 199824 0.178634 95.8845 2.86589 0 2.84112 2546 22 0.0355993
10.2911 201312 199824 0.178634 96.4048 2.86698 0 2.84109 2547 23 0.0355993
10.2912 199414 198376 0.178634 96.4048 2.86807 0 2.84106 2548 24 0.0357188
10.2914 198964 196928 0.178634 0 2.86804 0 2.84102 2548 24 0.0358265
10.2915 198513 196928 0.178634 96.4048 2.86913 0 2.84099 2549 25 0.0358265
10.2916 198063 196928 0.178634 96.4048 2.87022 0 2.84096 2550 26 0.0358265
10.2917 195480 195480 0.178634 0 2.87019 0 2.84092 2550 26 0.0359521
10.2919 194032 194032 0.178634 0 2.87015 0 2.84089 2550 26 0.0360583
10.292 192584 192584 0.178634 0 2.87012 0 2.84086 2550 26 0.0361729
10.2921 191136 191136 0.178634 0 2.87009 0 2.84082 2550 26 0.0362879
10.2922 189688 189688 0.178634 0 2.87005 0 2.84079 2550 26 0.0364031
10.2923 188240 188240 0.178634 0 2.87002 0 2.84076 2550 26 0.0365187
10.2925 186792 186792 0.178634 0 2.86999 0 2.84072 2550 26 0.0366345
10.2926 185344 185344 0.178634 0 2.86995 0 2.84069 2550 26 0.0367506
10.2927 182448 182448 0.178634 0 2.86992 0 2.84066 2550 26 0.036995
10.2928 181000 181000 0.178634 0 2.86989 0 2.84062 2550 26 0.0371008
10.2929 179552 179552 0.178634 0 2.86985 0 2.84059 2550 26 0.0372182
10.2931 178104 178104 0.178634 0 2.86982 0 2.84056 2550 26 0.0373358
10.2932 176656 176656 0.178634 0 2.86979 0 2.84053 2550 26 0.0374537
10.2933 175208 175208 0.178634 0 2.86975 0 2.84049 2550 26 0.0375719
10.2934 173760 173760 0.178634 0 2.86972 0 2.84046 2550 26 0.0376904
10.2935 172312 172312 0.178634 0 2.86969 0 2.84043 2550 26 0.0378093
10.2937 170864 170864 0.178634 0 2.86965 0 2.84039 2550 26 0.0379284
10.2938 169416 169416 0.178634 0 2.86962 0 2.84036 2550 26 0.0380478
10.2939 168023 167968 0.178634 0 2.86958 0 2.84033 2550 26 0.0381672
10.294 167573 166520 0.178634 0 2.86955 0 2.84029 2550 26 0.0382842
10.2941 165072 165072 0.178634 0 2.86952 0 2.84026 2550 26 0.0384152
10.2943 163624 163624 0.178634 0 2.86948 0 2.84023 2550 26 0.0385284
10.2944 162176 162176 0.178634 0 2.86945 0 2.84019 2550 26 0.0386493
10.2945 160728 160728 0.178634 0 2.86942 0 2.84016 2550 26 0.0387706
10.2946 157832 157832 0.178634 0 2.86938 0 2.84013 2550 26 0.039025
10.2947 156384 156384 0.178634 0 2.86935 0 2.84009 2550 26 0.039136
10.2949 154936 154936 0.178634 0 2.86932 0 2.84006 2550 26 0.0392584
10.295 153488 153488 0.178634 0 2.86928 0 2.84003 2550 26 0.039381
10.2951 152040 152040 0.178634 0 2.86925 0 2.83999 2550 26 0.039504
10.2952 150592 150592 0.178634 0 2.86922 0 2.83996 2550 26 0.0396273
10.2953 149144 149144 0.178634 0 2.86918 0 2.83993 2550 26 0.0397509
10.2955 147696 147696 0.178634 0 2.86915 0 2.8399 2550 26 0.0398748
10.2965 146248 144800 0.178634 85.6931 2.87785 0 2.8396 2558 34 0.0401235
10.2989 144800 143352 0.178634 96.4048 2.89967 0 2.83893 2578 54 0.0402483
10.3018 143352 141904 0.178634 96.4048 2.92585 0 2.83814 2602 78 0.0403733
10.3042 141904 140456 0.178634 96.4048 2.94765 0 2.83748 2622 98 0.0404987
10.4491 147696 140456 0.178634 1.03919 2.92118 0 2.79813 2635 111 0.0405546
10.4594 149144 146248 0.178634 100.961 3.0169 0 2.79539 2724 200 0.039999
10.4596 150592 146248 0.17568 96.4048 3.01905 96.4048 2.79755 2726 200 0.0393068
10.6039 152040 147696 0.191095 0.240811 2.98124 0.240811 2.76275 2729 200 0.0429866
10.6046 153488 149144 0.179511 112.472 2.98868 112.472 2.77021 2736 200 0.0399597
10.6077 154936 150592 0.160428 100.113 3.01728 100.113 2.79888 2763 200 0.0356391
10.6121 156384 152040 0.156843 99.0827 3.05644 99.0827 2.83813 2800 200 0.0348085
10.7612 157832 153488 0.156665 2.87428 3.05392 2.87428 2.83863 2837 200 0.034651
10.7626 159280 154936 0.157119 104.439 3.0675 104.439 2.85224 2850 200 0.0346163
10.767 160728 156384 0.157597 99.0827 3.10608 99.0827 2.8909 2887 200 0.0345871
10.7734 162176 157832 0.157832 98.1901 3.16334 98.1901 2.9483 2942 200 0.0345109
10.9216 163624 159280 0.158447 1.79831 3.14483 1.79831 2.9327 2965 200 0.0345098
10.925 165072 160728 0.158666 99.8478 3.17461 99.8478 2.96254 2994 200 0.0344314
10.9295 166520 162176 0.158974 98.9418 3.21462 98.9418 3.00264 3033 200 0.034371
11.0793 167968 163624 0.159084 2.39851 3.20359 2.39851 2.99448 3064 200 0.034272
11.0819 169416 165072 0.159446 100.787 3.22687 100.787 3.0178 3087 200 0.0342233
11.0867 170864 166520 0.159838 98.8149 3.26831 98.8149 3.05934 3128 200 0.0341811
11.2399 172312 167968 0.178388 4.00741 3.27838 4.00741 3.07226 3181 200 0.0381091
11.2402 173760 169416 0.176214 144.607 3.2814 144.607 3.07528 3184 200 0.0374795
11.2447 175208 170864 0.162252 98.9418 3.32025 98.9418 3.11421 3223 200 0.0343099
11.2519 176656 172312 0.161114 98.0115 3.38092 98.0115 3.17502 3284 200 0.0339593
11.4034 178104 173760 0.161885 2.36998 3.36749 2.36998 3.16432 3315 200 0.0339969
11.4083 179552 175208 0.162563 98.8149 3.4077 98.8149 3.20462 3356 200 0.034017
11.4157 181000 176656 0.162562 97.9597 3.4694 97.9597 3.26646 3419 200 0.0338986
11.5694 182448 178104 0.163458 3.24113 3.46637 3.24113 3.26612 3462 200 0.0339653
11.5744 183896 179552 0.163578 98.7001 3.5079 98.7001 3.30773 3505 200 0.0338726
11.7298 185344 181000 0.182311 3.65339 3.50982 3.65339 3.31231 3554 200 0.0379867
11.7327 186792 182448 0.16836 100.422 3.53364 100.422 3.33618 3579 200 0.0346516
11.7395 185344 183896 0.164844 99.7779 3.5898 99.7779 3.39245 3638 200 0.0337852
11.7397 184438 183896 0.164844 96.4048 3.59075 0 3.39242 3639 201 0.0337829
11.7398 183985 182448 0.164844 0 3.59071 0 3.39238 3639 201 0.0338986
11.7399 183532 182448 0.164844 96.4048 3.59166 0 3.39235 3640 202 0.0338986
11.74 183079 181000 0.164844 0 3.59163 0 3.39231 3640 202 0.0340156
11.7401 182625 181000 0.164844 96.4048 3.59258 0 3.39228 3641 203 0.0340156
11.7403 182172 181000 0.164844 96.4048 3.59353 0 3.39224 3642 204 0.0340156
11.7404 181719 179552 0.164844 0 3.59349 0 3.39221 3642 204 0.0341329
11.7405 181266 179552 0.164844 96.4048 3.59444 0 3.39217 3643 205 0.0341329
11.7406 180813 179552 0.164844 96.4048 3.59539 0 3.39214 3644 206 0.0341329
11.7407 180359 178104 0.164844 0 3.59535 0 3.3921 3644 206 0.0342506
11.7409 179906 178104 0.164844 96.4048 3.5963 0 3.39207 3645 207 0.0342506
11.741 179453 178104 0.164844 96.4048 3.59725 0 3.39203 3646 208 0.0342506
11.7411 179000 176656 0.164844 0 3.59722 0 3.392 3646 208 0.0343685
11.7412 178547 176656 0.164844 96.4048 3.59817 0 3.39196 3647 209 0.0343685
11.7413 178093 176656 0.164844 96.4048 3.59912 0 3.39193 3648 210 0.0343685
11.7415 177640 175208 0.164844 0 3.59908 0 3.39189 3648 210 0.0344867
11.7416 177187 175208 0.164844 96.4048 3.60003 0 3.39186 3649 211 0.0344867
11.7417 176734 175208 0.164844 96.4048 3.60098 0 3.39183 3650 212 0.0344867
11.7418 176281 175208 0.164844 96.4048 3.60193 0 3.39179 3651 213 0.0344867
11.7419 175827 173760 0.164844 0 3.60189 0 3.39176 3651 213 0.0346052
11.7421 175374 173760 0.164844 96.4048 3.60284 0 3.39172 3652 214 0.0346052
11.7422 173760 173760 0.164844 96.4048 3.60379 0 3.39169 3653 215 0.0346095
11.7423 172312 172312 0.164844 0 3.60375 0 3.39165 3653 215 0.0347274
11.7424 170864 170864 0.164844 0 3.60372 0 3.39162 3653 215 0.0348465
11.7425 169416 169416 0.164844 0 3.60368 0 3.39158 3653 215 0.0349659
11.7427 167968 167968 0.164844 0 3.60364 0 3.39155 3653 215 0.0350857
11.7428 166520 166520 0.164844 0 3.60361 0 3.39151 3653 215 0.0352057
11.7429 165072 165072 0.164844 0 3.60357 0 3.39148 3653 215 0.035326
11.743 163624 163624 0.164844 0 3.60353 0 3.39144 3653 215 0.0354466
11.7431 162176 162176 0.164844 0 3.60349 0 3.39141 3653 215 0.0355675
11.7433 160728 160728 0.164844 0 3.60346 0 3.39137 3653 215 0.0356887
11.7434 159280 159280 0.164844 0 3.60342 0 3.39134 3653 215 0.0358102
11.7435 157832 157832 0.164844 0 3.60338 0 3.3913 3653 215 0.035932
11.7436 156384 156384 0.164844 0 3.60335 0 3.39127 3653 215 0.0360541
11.7437 154936 154936 0.164844 0 3.60331 0 3.39124 3653 215 0.0361765
11.7439 153488 153488 0.164844 0 3.60327 0 3.3912 3653 215 0.0362992
11.744 152040 152040 0.164844 0 3.60324 0 3.39117 3653 215 0.0364222
11.7441 150592 150592 0.164844 0 3.6032 0 3.39113 3653 215 0.0365455
11.7442 149144 149144 0.164844 0 3.60316 0 3.3911 3653 215 0.0366691
11.7443 147696 147696 0.164844 0 3.60313 0 3.39106 3653 215 0.0367929
11.7445 146248 146248 0.164844 0 3.60309 0 3.39103 3653 215 0.0369171
11.7446 144800 144800 0.164844 0 3.60305 0 3.39099 3653 215 0.0370416
11.7447 143352 143352 0.164844 0 3.60302 0 3.39096 3653 215 0.0371664
11.8944 142309 141904 0.164844 0 3.55766 0 3.34827 3653 215 0.0372897
11.8945 140456 140456 0.164844 0 3.55763 0 3.34824 3653 215 0.0374192
11.8947 139008 139008 0.164844 0 3.55759 0 3.34821 3653 215 0.0375425
11.8948 137560 137560 0.164844 0 3.55756 0 3.34817 3653 215 0.0376685
11.8949 134664 134664 0.164844 0 3.55752 0 3.34814 3653 215 0.0379325
11.895 133216 133216 0.164844 0 3.55748 0 3.34811 3653 215 0.0380482
11.8951 131768 131768 0.164844 0 3.55745 0 3.34807 3653 215 0.0381754
11.8953 130320 130320 0.164844 0 3.55741 0 3.34804 3653 215 0.0383029
11.8978 128872 127424 0.164844 91.7904 3.57613 0 3.34733 3673 235 0.0385587
11.9043 130320 127424 0.164844 96.4145 3.62673 0 3.3455 3727 289 0.0385587
12.024 131768 128872 0.164844 3.48455 3.62531 0 3.3122 3763 325 0.0384306
12.0242 133216 128872 0.160113 96.4048 3.62717 96.4048 3.31406 3765 325 0.0374611
12.149 134664 130320 0.141477 6.40224 3.65568 6.40224 3.3458 3834 325 0.0339491
12.1565 136112 131768 0.128013 97.9597 3.71348 97.9597 3.40378 3897 325 0.0318089
12.2801 137560 133216 0.128811 4.40333 3.72042 4.40333 3.41385 3944 325 0.031791
12.4097 139008 134664 0.129719 7.06492 3.75533 7.06492 3.45196 4023 325 0.0317898
12.415 140456 136112 0.131397 98.5958 3.79572 98.5958 3.49247 4068 325 0.0319
12.5428 141904 137560 0.14685 4.62091 3.80413 4.62091 3.50398 4119 325 0.0342192
12.5512 143352 139008 0.133728 97.782 3.86711 97.782 3.56716 4190 325 0.0319862
12.6862 144800 140456 0.135009 8.49873 3.91638 8.49873 3.61961 4289 325 0.032051
12.817 146248 141904 0.139787 4.51483 3.92249 4.51483 3.62875 4340 325 0.0326652
12.9528 147696 143352 0.136924 6.56918 3.95023 6.56918 3.65958 4417 325 0.0320914
12.9619 149144 144800 0.138773 97.6733 4.01626 97.6733 3.72581 4494 325 0.0322545
13.1029 150592 146248 0.140836 8.62959 4.06589 8.62959 3.77856 4599 325 0.0324593
13.2454 152040 147696 0.142639 8.53499 4.11397 8.53499 3.82974 4704 325 0.03263
13.3896 153488 149144 0.144201 8.43542 4.16051 8.43542 3.87934 4809 325 0.0327667
13.6732 154936 150592 0.146263 5.26958 4.18351 5.26958 3.90817 4938 325 0.0329945
13.8225 156384 152040 0.147848 8.29872 4.22798 8.29872 3.95561 5045 325 0.0331473
14.2807 157832 153488 0.152888 8.16647 4.35434 8.16647 4.09071 5368 325 0.0339351
16.9707 159280 154936 0.149604 8.8408 5.06549 8.8408 4.84365 7421 325 0.0332132
17.2467 160728 156384 0.137622 9.1914 5.13152 9.1914 4.91322 7640 325 0.031087
17.5276 162176 157832 0.156093 9.11269 5.19533 9.11269 4.98053 7861 325 0.0341737
17.6786 163624 159280 0.142928 13.8927 5.26958 13.8927 5.05662 8042 325 0.0316951
17.9585 165072 160728 0.160207 6.41319 5.2874 6.41319 5.07777 8197 325 0.0347379
18.1044 166520 162176 0.161636 8.97343 5.3171 8.97343 5.10915 8310 325 0.0349052
18.2515 167968 163624 0.146159 9.05764 5.34725 9.05764 5.14097 8425 325 0.0318776
18.2517 169416 165072 0.146264 144.607 5.34908 144.607 5.14281 8428 325 0.0317752
18.3989 170864 166520 0.163984 8.89285 5.37743 8.89285 5.17281 8541 325 0.035026
18.5473 172312 167968 0.164811 9.13309 5.40748 9.13309 5.2045 8658 325 0.0350788
18.5476 173760 169416 0.162835 144.607 5.40928 144.607 5.2063 8661 325 0.0345487
18.697 175208 170864 0.1489 9.06701 5.43853 9.06701 5.23717 8778 325 0.0317575
18.8474 176656 172312 0.1499 9.32452 5.46952 9.32452 5.26977 8899 325 0.0318173
18.8476 178104 173760 0.149913 144.607 5.47129 144.607 5.27154 8902 325 0.0317007
18.998 179552 175208 0.167675 9.16308 5.50053 9.16308 5.30236 9021 325 0.0350917
18.9983 181000 176656 0.16559 144.607 5.50229 144.607 5.30412 9024 325 0.0345289
19.1494 182448 178104 0.168238 9.27264 5.53205 9.27264 5.33545 9145 325 0.0349772
19.1497 183896 179552 0.166083 144.607 5.5338 144.607 5.3372 9148 325 0.0343978
19.1499 185344 181000 0.164198 144.607 5.53554 144.607 5.33894 9151 325 0.033884
19.3016 186792 182448 0.169017 9.24325 5.56467 9.24325 5.36962 9272 325 0.0347944
19.3018 188240 183896 0.16689 144.607 5.5664 144.607 5.37135 9275 325 0.0342184
19.4546 189688 185344 0.152641 9.62532 5.59829 9.62532 5.40477 9402 325 0.0312589
19.4549 191136 186792 0.152686 144.607 5.60001 144.607 5.40649 9405 325 0.0311511
19.4551 192584 188240 0.15285 144.607 5.60172 144.607 5.40821 9408 325 0.0310657
19.6083 194032 189688 0.153468 9.60267 5.63298 9.60267 5.44098 9535 325 0.0310654
19.6086 195480 191136 0.153535 144.607 5.63469 144.607 5.44269 9538 325 0.0309626
19.6088 196928 192584 0.153593 144.607 5.63639 144.607 5.4444 9541 325 0.0308585
19.7627 198376 194032 0.171333 9.70821 5.6681 9.70821 5.4776 9670 325 0.0343792
19.763 199824 195480 0.169166 144.607 5.66979 144.607 5.4793 9673 325 0.0337871
19.7632 201272 196928 0.167396 144.607 5.67148 144.607 5.48099 9676 325 0.0332896
19.918 202720 198376 0.154927 9.95484 5.70477 9.95484 5.51575 9809 325 0.0306531
19.9182 204168 199824 0.155061 144.607 5.70644 144.607 5.51743 9812 325 0.0305652
19.9185 205616 201272 0.155178 144.607 5.70812 144.607 5.51911 9815 325 0.0304743
19.9211 207064 202720 0.155567 100.787 5.72073 100.787 5.53175 9838 325 0.0304356
20.0735 208512 204168 0.173175 8.59128 5.74252 8.59128 5.55497 9951 325 0.0339987
20.0737 209960 205616 0.171028 144.607 5.74419 144.607 5.55664 9954 325 0.0334051
20.074 211408 207064 0.169025 144.607 5.74585 144.607 5.5583 9957 325 0.0328522
20.0872 212856 208512 0.156223 97.2812 5.80608 97.2812 5.61866 10068 325 0.030113
20.2299 214304 209960 0.173594 2.35332 5.78172 2.35332 5.59561 10097 325 0.0336464
20.2302 215752 211408 0.17152 144.607 5.78336 144.607 5.59727 10100 325 0.0330684
20.2304 217200 212856 0.169705 144.607 5.78501 144.607 5.59892 10103 325 0.0325561
20.2419 218648 214304 0.156816 97.409 5.83723 97.409 5.65124 10200 325 0.0297838
20.3869 220096 215752 0.174455 3.75707 5.82244 3.75707 5.63777 10247 325 0.0334004
20.3871 221544 217200 0.172399 144.607 5.82408 144.607 5.63941 10250 325 0.0328239
20.3873 222992 218648 0.170474 144.607 5.82571 144.607 5.64105 10253 325 0.0322853
20.3876 224440 220096 0.168789 144.607 5.82735 144.607 5.64269 10256 325 0.0318068
20.5446 225888 221544 0.175066 10.6953 5.86456 10.6953 5.68131 10401 325 0.0331029
20.5449 227336 222992 0.172933 144.607 5.86618 144.607 5.68294 10404 325 0.0325078
20.5451 228784 224440 0.171066 144.607 5.86781 144.607 5.68456 10407 325 0.0319813
20.5453 230232 225888 0.169433 144.607 5.86943 144.607 5.68619 10410 325 0.0315131
20.5574 231680 227336 0.158571 97.3688 5.92291 97.3688 5.73978 10511 325 0.029146
20.703 233128 228784 0.175892 3.89755 5.90866 3.89755 5.72682 10560 325 0.0327532
20.7032 234576 230232 0.173781 144.607 5.91027 144.607 5.72843 10563 325 0.032161
20.7035 236024 231680 0.171933 144.607 5.91188 144.607 5.73004 10566 325 0.0316371
20.7037 237472 233128 0.170316 144.607 5.91349 144.607 5.73165 10569 325 0.0311712
20.7167 238920 234576 0.159105 97.2974 5.97074 97.2974 5.78901 10678 325 0.028717
20.8621 240368 236024 0.159232 3.74465 5.95522 3.74465 5.77476 10725 325 0.0286361
20.8623 241816 237472 0.159328 144.607 5.95682 144.607 5.77636 10728 325 0.0285495
20.8626 243264 238920 0.159287 144.607 5.95842 144.607 5.77796 10731 325 0.028436
20.8693 244712 240368 0.159654 98.1263 5.98814 98.1263 5.80774 10788 325 0.028404
21.022 246160 241816 0.177444 7.9642 6.00249 7.9642 5.8234 10893 325 0.0321614
21.0223 247608 243264 0.175264 144.607 6.00408 144.607 5.82499 10896 325 0.0315495
21.0225 249056 244712 0.173356 144.607 6.00566 144.607 5.82658 10899 325 0.0310091
21.029 250504 246160 0.160711 98.1901 6.03411 98.1901 5.85508 10954 325 0.0281984
21.0367 251952 247608 0.160556 97.9111 6.06769 97.9111 5.88873 11019 325 0.0280635
21.1826 253400 249056 0.178148 3.73231 6.05161 3.73231 5.87388 11066 325 0.0318077
21.1828 254848 250504 0.17588 144.607 6.05318 144.607 5.87545 11069 325 0.0311738
21.1866 256296 251952 0.162757 99.4174 6.07013 99.4174 5.89243 11102 325 0.0282019
21.1919 257744 253400 0.161269 98.5958 6.09321 98.5958 5.91556 11147 325 0.0277959
21.1972 259192 254848 0.161357 98.5958 6.11628 98.5958 5.93867 11192 325 0.0277116
21.3439 260640 256296 0.161247 4.18465 6.103 4.18465 5.92662 11245 325 0.0275875
21.3442 262088 257744 0.161341 144.607 6.10456 144.607 5.92818 11248 325 0.027505
21.347 263536 259192 0.161623 100.422 6.11731 100.422 5.94094 11273 325 0.0274611
21.3507 264984 260640 0.161791 99.6183 6.13309 99.6183 5.95676 11304 325 0.0273944
21.355 266432 262088 0.161821 99.0827 6.15192 99.0827 5.97562 11341 325 0.0272999
21.3605 267880 263536 0.162032 98.5005 6.17582 98.5005 5.99957 11388 325 0.0272425
21.5057 269328 264984 0.179612 3.27202 6.15622 3.27202 5.98116 11429 325 0.0310389
21.5059 270776 266432 0.17741 144.607 6.15777 144.607 5.98271 11432 325 0.0304173
21.509 272224 267880 0.164957 100.113 6.17141 100.113 5.99638 11459 325 0.0275488
21.5129 273672 269328 0.162482 99.4174 6.18808 99.4174 6.01308 11492 325 0.0269362
21.5165 275120 270776 0.162406 99.6183 6.20373 99.6183 6.02876 11523 325 0.0268219
21.521 276568 272224 0.162492 98.9418 6.22341 98.9418 6.04847 11562 325 0.0267408
21.5268 278016 273672 0.16266 98.4132 6.24811 98.4132 6.07322 11611 325 0.026677
21.6698 279464 275120 0.170848 1.70126 6.21811 1.70126 6.04437 11632 325 0.0283274
21.6727 280912 276568 0.164659 100.422 6.23064 100.422 6.05693 11657 325 0.0268958
21.6756 282360 278016 0.163519 100.422 6.24317 100.422 6.06948 11682 325 0.0265612
21.6789 283808 279464 0.16331 99.8478 6.2577 99.8478 6.08404 11711 325 0.0264209
21.6828 285256 280912 0.163419 99.4174 6.27422 99.4174 6.10059 11744 325 0.0263468
21.6873 286704 282360 0.163615 98.9418 6.29373 98.9418 6.12014 11783 325 0.026291
21.8324 288152 283808 0.16363 2.7955 6.27049 2.7955 6.09805 11818 325 0.0261978
21.8329 289600 285256 0.163717 120.506 6.27301 120.506 6.10057 11823 325 0.02612
21.8355 291048 286704 0.164087 100.787 6.28445 100.787 6.11203 11846 325 0.0261013
21.8384 292496 288152 0.164229 100.422 6.29688 100.422 6.12449 11871 325 0.0260356
21.8417 293944 289600 0.164349 99.8478 6.31129 99.8478 6.13892 11900 325 0.0259657
21.8454 295392 291048 0.164547 99.6183 6.32669 99.6183 6.15435 11931 325 0.0259123
21.8494 296840 292496 0.164667 99.2402 6.34406 99.2402 6.17175 11966 325 0.0258431
21.8542 298288 293944 0.164762 98.8149 6.3644 98.8149 6.19213 12007 325 0.0257689
21.9972 299736 295392 0.164667 1.53924 6.33303 1.53924 6.16188 12026 325 0.0256554
21.998 298288 296840 0.164745 128.423 6.33704 128.423 6.16589 12034 325 0.0255782
21.9981 297388 296840 0.164745 96.4048 6.33753 0 6.16586 12035 326 0.0255759
21.9982 296937 295392 0.164745 0 6.33749 0 6.16583 12035 326 0.0256683
21.9983 296487 295392 0.164745 96.4048 6.33799 0 6.16579 12036 327 0.0256683
21.9984 296037 293944 0.164745 0 6.33795 0 6.16576 12036 327 0.0257621
21.9986 295586 293944 0.164745 96.4048 6.33844 0 6.16573 12037 328 0.0257621
21.9987 295136 293944 0.164745 96.4048 6.33894 0 6.16569 12038 329 0.0257621
21.9988 294686 292496 0.164745 0 6.3389 0 6.16566 12038 329 0.0258562
21.9989 294235 292496 0.164745 96.4048 6.33939 0 6.16562 12039 330 0.0258562
21.999 293785 292496 0.164745 96.4048 6.33988 0 6.16559 12040 331 0.0258562
21.9992 293335 291048 0.164745 0 6.33985 0 6.16556 12040 331 0.0259505
21.9993 292884 291048 0.164745 96.4048 6.34034 0 6.16552 12041 332 0.0259505
21.9994 292434 291048 0.164745 96.4048 6.34083 0 6.16549 12042 333 0.0259505
21.9995 291984 289600 0.164745 0 6.3408 0 6.16546 12042 333 0.0260452
21.9996 289600 289600 0.164745 96.4048 6.34129 0 6.16542 12043 334 0.0260549
21.9998 288152 288152 0.164745 0 6.34126 0 6.16539 12043 334 0.0261435
21.9999 286704 286704 0.164745 0 6.34122 0 6.16535 12043 334 0.0262388
22 285256 285256 0.164745 0 6.34119 0 6.16532 12043 334 0.0263344
22.0001 283808 283808 0.164745 0 6.34115 0 6.16529 12043 334 0.0264302
22.0002 282360 282360 0.164745 0 6.34112 0 6.16525 12043 334 0.0265264
22.0004 280912 280912 0.164745 0 6.34108 0 6.16522 12043 334 0.0266228
22.0005 279464 279464 0.164745 0 6.34105 0 6.16519 12043 334 0.0267196
22.0006 276568 276568 0.164745 0 6.34101 0 6.16515 12043 334 0.0269252
22.0007 275120 275120 0.164745 0 6.34098 0 6.16512 12043 334 0.0270116
22.0008 273672 273672 0.164745 0 6.34094 0 6.16509 12043 334 0.0271096
22.001 272224 272224 0.164745 0 6.34091 0 6.16505 12043 334 0.0272078
22.0011 270776 270776 0.164745 0 6.34088 0 6.16502 12043 334 0.0273063
22.0012 270039 269328 0.164745 0 6.34084 0 6.16498 12043 334 0.0274024
22.0013 267880 267880 0.164745 0 6.34081 0 6.16495 12043 334 0.0275089
22.0014 266432 266432 0.164745 0 6.34077 0 6.16492 12043 334 0.0276038
22.0016 264984 264984 0.164745 0 6.34074 0 6.16488 12043 334 0.0277035
22.0017 263536 263536 0.164745 0 6.3407 0 6.16485 12043 334 0.0278035
22.0018 262088 262088 0.164745 0 6.34067 0 6.16482 12043 334 0.0279039
22.0019 260640 260640 0.164745 0 6.34063 0 6.16478 12043 334 0.0280045
22.002 259192 259192 0.164745 0 6.3406 0 6.16475 12043 334 0.0281054
22.0022 257744 257744 0.164745 0 6.34056 0 6.16471 12043 334 0.0282066
22.0023 256296 256296 0.164745 0 6.34053 0 6.16468 12043 334 0.0283082
22.0024 254848 254848 0.164745 0 6.34049 0 6.16465 12043 334 0.02841
22.0025 253400 253400 0.164745 0 6.34046 0 6.16461 12043 334 0.0285121
22.0026 251952 251952 0.164745 0 6.34043 0 6.16458 12043 334 0.0286145
22.0028 250504 250504 0.164745 0 6.34039 0 6.16455 12043 334 0.0287172
22.0029 249542 249056 0.164745 0 6.34036 0 6.16451 12043 334 0.0288182
22.003 247608 247608 0.164745 0 6.34032 0 6.16448 12043 334 0.0289265
22.0031 246160 246160 0.164745 0 6.34029 0 6.16445 12043 334 0.0290272
22.0032 244712 244712 0.164745 0 6.34025 0 6.16441 12043 334 0.0291311
22.0034 243264 243264 0.164745 0 6.34022 0 6.16438 12043 334 0.0292353
22.0035 240368 240368 0.164745 0 6.34018 0 6.16434 12043 334 0.0294558
22.0036 238920 238920 0.164745 0 6.34015 0 6.16431 12043 334 0.0295497
22.0037 237472 237472 0.164745 0 6.34011 0 6.16428 12043 334 0.0296551
22.0038 236024 236024 0.164745 0 6.34008 0 6.16424 12043 334 0.0297608
22.004 234576 234576 0.164745 0 6.34004 0 6.16421 12043 334 0.0298668
22.0041 233128 233128 0.164745 0 6.34001 0 6.16418 12043 334 0.0299731
22.0042 231680 231680 0.164745 0 6.33997 0 6.16414 12043 334 0.0300797
22.0043 230232 230232 0.164745 0 6.33994 0 6.16411 12043 334 0.0301866
22.0044 228784 228784 0.164745 0 6.33991 0 6.16407 12043 334 0.0302938
22.0046 227598 227336 0.164745 0 6.33987 0 6.16404 12043 334 0.0304
22.0047 225888 225888 0.164745 0 6.33984 0 6.16401 12043 334 0.0305105
22.0048 224440 224440 0.164745 0 6.3398 0 6.16397 12043 334 0.0306171
22.0049 222992 222992 0.164745 0 6.33977 0 6.16394 12043 334 0.0307255
22.005 221544 221544 0.164745 0 6.33973 0 6.16391 12043 334 0.0308342
22.0052 220096 220096 0.164745 0 6.3397 0 6.16387 12043 334 0.0309432
22.0053 218648 218648 0.164745 0 6.33966 0 6.16384 12043 334 0.0310524
22.0054 217200 217200 0.164745 0 6.33963 0 6.16381 12043 334 0.031162
22.0055 215752 215752 0.164745 0 6.33959 0 6.16377 12043 334 0.0312719
22.0056 214304 214304 0.164745 0 6.33956 0 6.16374 12043 334 0.031382
22.0058 212856 212856 0.164745 0 6.33952 0 6.1637 12043 334 0.0314925
22.0059 211408 211408 0.164745 0 6.33949 0 6.16367 12043 334 0.0316033
22.006 209960 209960 0.164745 0 6.33946 0 6.16364 12043 334 0.0317144
22.0061 208512 208512 0.164745 0 6.33942 0 6.1636 12043 334 0.0318257
22.0068 207064 205616 0.164745 80.3373 6.34185 0 6.1634 12048 339 0.0320493
22.0105 205616 204168 0.164745 96.4048 6.3566 0 6.16239 12078 369 0.0321616
22.0145 204168 202720 0.164745 96.4048 6.37331 0 6.16125 12112 403 0.0322742
22.0193 202720 201272 0.164745 96.4048 6.39296 0 6.1599 12152 443 0.032387
22.1473 208512 201272 0.164745 1.99146 6.36753 0 6.12431 12174 465 0.0324429
22.1615 209960 207064 0.164745 99.6865 6.42722 0 6.12039 12296 587 0.0319374
22.1617 211408 207064 0.161902 96.4048 6.4282 96.4048 6.12137 12298 587 0.0313498
22.162 212856 208512 0.159414 144.607 6.4297 144.607 6.12287 12301 587 0.0307374
22.2886 214304 209960 0.168042 0.823191 6.39784 0.823191 6.09276 12310 587 0.0324158
22.2903 215752 211408 0.152682 103.291 6.40515 103.291 6.1001 12325 587 0.0292217
22.2949 217200 212856 0.143781 98.9418 6.4241 98.9418 6.11911 12364 587 0.0275401
22.3009 218648 214304 0.143051 98.3329 6.44887 98.3329 6.14395 12415 587 0.027308
22.4333 220096 215752 0.159232 3.93667 6.43404 3.93667 6.13092 12460 587 0.0301474
22.4345 221544 217200 0.1523 106.045 6.43937 106.045 6.13628 12471 587 0.0287097
22.4391 222992 218648 0.145806 98.9418 6.45819 98.9418 6.15516 12510 587 0.0274435
22.4436 224440 220096 0.145176 98.9418 6.47701 98.9418 6.17404 12549 587 0.0272266
22.4499 225888 221544 0.145212 98.2587 6.50256 98.2587 6.19967 12602 587 0.0271238
22.5811 227336 222992 0.152272 2.38364 6.47862 2.38364 6.17749 12629 587 0.0282681
22.5847 228784 224440 0.147361 99.6183 6.49349 99.6183 6.19241 12660 587 0.0272776
22.5895 230232 225888 0.146797 98.8149 6.51313 98.8149 6.21211 12701 587 0.0270711
22.5958 231680 227336 0.146936 98.2587 6.5385 98.2587 6.23757 12754 587 0.0269875
22.7284 233128 228784 0.14737 2.35773 6.5141 2.35773 6.21492 12781 587 0.0269558
22.7323 234576 230232 0.1484 99.4174 6.52981 99.4174 6.23069 12814 587 0.0270296
22.7371 236024 231680 0.148497 98.8149 6.54932 98.8149 6.25026 12855 587 0.0269399
22.7435 237472 233128 0.148788 98.1901 6.57547 98.1901 6.27649 12910 587 0.0268849
22.8776 238920 234576 0.149085 2.67791 6.55262 2.67791 6.2554 12941 587 0.0268314
22.8813 240368 236024 0.149857 99.6183 6.56728 99.6183 6.2701 12972 587 0.0268636
22.8863 241816 237472 0.14998 98.7001 6.5876 98.7001 6.29049 13015 587 0.02678
22.8928 243264 238920 0.150178 98.1901 6.61356 98.1901 6.31653 13070 587 0.0267102
23.0283 244712 240368 0.15027 3.16221 6.59325 3.16221 6.29797 13107 587 0.0266218
23.0331 246160 241816 0.151109 98.8149 6.61249 98.8149 6.31727 13148 587 0.0266692
23.0399 247608 243264 0.15126 98.1263 6.63922 98.1263 6.34409 13205 587 0.0265921
23.0466 249056 244712 0.151425 98.1263 6.66593 98.1263 6.37089 13262 587 0.026518
23.1829 250504 246160 0.152163 2.97546 6.64424 2.97546 6.35093 13297 587 0.0265497
23.1881 251952 247608 0.152529 98.5958 6.66521 98.5958 6.37196 13342 587 0.0265137
23.1951 253400 249056 0.152713 98.0669 6.69267 98.0669 6.39951 13401 587 0.0264443
23.3344 254848 250504 0.152912 4.4085 6.67904 4.4085 6.38763 13454 587 0.0263783
23.3375 256296 251952 0.15373 100.113 6.69154 100.113 6.40018 13481 587 0.0264284
23.3447 257744 253400 0.153903 98.0115 6.71975 98.0115 6.42847 13542 587 0.0263584
23.4895 259192 254848 0.170982 7.12035 6.72222 7.12035 6.43273 13631 587 0.0297555
23.4897 260640 256296 0.168985 144.607 6.72363 144.607 6.43415 13634 587 0.0292143
23.4955 262088 257744 0.156242 98.4132 6.74613 98.4132 6.45673 13683 587 0.0264975
23.5063 263536 259192 0.155664 97.476 6.78788 97.476 6.4986 13774 587 0.0262854
23.6473 264984 260640 0.156369 3.86277 6.77044 3.86277 6.48289 13821 587 0.0263198
23.6545 266432 262088 0.157314 98.0115 6.79825 98.0115 6.51079 13882 587 0.0264023
23.6655 267880 263536 0.15724 97.4527 6.8406 97.4527 6.55327 13975 587 0.0262876
23.8091 269328 264984 0.158242 5.08243 6.82999 5.08243 6.5444 14038 587 0.0263835
23.819 270776 266432 0.158176 97.5805 6.86753 97.5805 6.58206 14121 587 0.0262707
23.9639 272224 267880 0.175613 5.03607 6.85646 5.03607 6.57271 14184 587 0.0298992
23.967 273672 269328 0.16265 100.113 6.86862 100.113 6.5849 14211 587 0.0269707
23.9783 275120 270776 0.159782 97.4304 6.91127 97.4304 6.62769 14306 587 0.0262913
24.1245 276568 272224 0.177423 5.30741 6.90155 5.30741 6.61969 14373 587 0.0300244
24.1356 278016 273672 0.161147 97.4527 6.94303 97.4527 6.66129 14466 587 0.0263687
24.287 279464 275120 0.161293 7.57466 6.94696 7.57466 6.66699 14565 587 0.0263003
24.2945 280912 276568 0.162677 97.9597 6.97487 97.9597 6.69498 14628 587 0.0264849
24.4509 282360 278016 0.162706 9.69971 6.99231 9.69971 6.71421 14759 587 0.0263937
24.4545 283808 279464 0.16401 99.6183 7.00596 99.6183 6.7279 14790 587 0.0265661
24.6156 285256 280912 0.164267 11.8619 7.03775 11.8619 6.76151 14955 587 0.0265228
24.616 283808 282360 0.164267 160.384 7.04 160.384 6.76376 14960 587 0.0264263
24.6161 282906 282360 0.164267 96.4048 7.04044 0 6.76373 14961 588 0.0264241
24.6162 282455 280912 0.164267 0 7.0404 0 6.7637 14961 588 0.0265194
24.6164 282004 280912 0.164267 96.4048 7.04084 0 6.76366 14962 589 0.0265194
24.6165 281553 279464 0.164267 0 7.0408 0 6.76363 14962 589 0.0266162
24.6166 281102 279464 0.164267 96.4048 7.04124 0 6.7636 14963 590 0.0266162
24.6167 280651 279464 0.164267 96.4048 7.04168 0 6.76357 14964 591 0.0266162
24.6168 280199 278016 0.164267 0 7.04164 0 6.76353 14964 591 0.0267132
24.617 279748 278016 0.164267 96.4048 7.04208 0 6.7635 14965 592 0.0267132
24.6171 279297 278016 0.164267 96.4048 7.04251 0 6.76347 14966 593 0.0267132
24.6172 278846 276568 0.164267 0 7.04248 0 6.76343 14966 593 0.0268106
24.6173 278395 276568 0.164267 96.4048 7.04292 0 6.7634 14967 594 0.0268106
24.6174 277944 276568 0.164267 96.4048 7.04335 0 6.76337 14968 595 0.0268106
24.6176 277493 275120 0.164267 0 7.04332 0 6.76333 14968 595 0.0269082
24.6177 275120 275120 0.164267 96.4048 7.04375 0 6.7633 14969 596 0.0269179
24.6178 273672 273672 0.164267 0 7.04372 0 6.76327 14969 596 0.0270095
24.6179 272224 272224 0.164267 0 7.04368 0 6.76324 14969 596 0.0271078
24.618 270776 270776 0.164267 0 7.04365 0 6.7632 14969 596 0.0272063
24.6182 269328 269328 0.164267 0 7.04362 0 6.76317 14969 596 0.0273052
24.6183 267880 267880 0.164267 0 7.04358 0 6.76314 14969 596 0.0274043
24.6184 266432 266432 0.164267 0 7.04355 0 6.7631 14969 596 0.0275037
24.6185 264984 264984 0.164267 0 7.04351 0 6.76307 14969 596 0.0276035
24.6186 263536 263536 0.164267 0 7.04348 0 6.76304 14969 596 0.0277035
24.6188 262088 262088 0.164267 0 7.04344 0 6.763 14969 596 0.0278038
24.6189 260640 260640 0.164267 0 7.04341 0 6.76297 14969 596 0.0279045
24.619 259192 259192 0.164267 0 7.04338 0 6.76294 14969 596 0.0280054
24.6191 257744 257744 0.164267 0 7.04334 0 6.76291 14969 596 0.0281066
24.6192 256296 256296 0.164267 0 7.04331 0 6.76287 14969 596 0.0282081
24.6194 255820 254848 0.164267 0 7.04327 0 6.76284 14969 596 0.0283066
24.6195 253400 253400 0.164267 0 7.04324 0 6.76281 14969 596 0.0284188
24.6196 250504 250504 0.164267 0 7.0432 0 6.76277 14969 596 0.0286284
24.6197 249056 249056 0.164267 0 7.04317 0 6.76274 14969 596 0.0287202
24.6198 247608 247608 0.164267 0 7.04313 0 6.76271 14969 596 0.0288235
24.62 246160 246160 0.164267 0 7.0431 0 6.76267 14969 596 0.0289271
24.6201 244712 244712 0.164267 0 7.04307 0 6.76264 14969 596 0.029031
24.6202 243264 243264 0.164267 0 7.04303 0 6.76261 14969 596 0.0291353
24.6203 241816 241816 0.164267 0 7.043 0 6.76258 14969 596 0.0292398
24.6204 240368 240368 0.164267 0 7.04296 0 6.76254 14969 596 0.0293446
24.6206 238920 238920 0.164267 0 7.04293 0 6.76251 14969 596 0.0294497
24.6207 237472 237472 0.164267 0 7.04289 0 6.76248 14969 596 0.0295551
24.6208 236024 236024 0.164267 0 7.04286 0 6.76244 14969 596 0.0296608
24.6209 234576 234576 0.164267 0 7.04282 0 6.76241 14969 596 0.0297668
24.6211 233151 233128 0.164267 0 7.04279 0 6.76238 14969 596 0.0298729
24.6212 232700 231680 0.164267 0 7.04276 0 6.76234 14969 596 0.0299763
24.6213 230232 230232 0.164267 0 7.04272 0 6.76231 14969 596 0.0300936
24.6214 228784 228784 0.164267 0 7.04269 0 6.76228 14969 596 0.0301937
24.6215 227336 227336 0.164267 0 7.04265 0 6.76225 14969 596 0.0303012
24.6217 225888 225888 0.164267 0 7.04262 0 6.76221 14969 596 0.030409
24.6218 224440 224440 0.164267 0 7.04258 0 6.76218 14969 596 0.0305171
24.6219 222992 222992 0.164267 0 7.04255 0 6.76215 14969 596 0.0306255
24.622 221544 221544 0.164267 0 7.04252 0 6.76211 14969 596 0.0307341
24.6221 220096 220096 0.164267 0 7.04248 0 6.76208 14969 596 0.0308431
24.6223 218648 218648 0.164267 0 7.04245 0 6.76205 14969 596 0.0309524
24.6224 217200 217200 0.164267 0 7.04241 0 6.76201 14969 596 0.031062
24.6225 215752 215752 0.164267 0 7.04238 0 6.76198 14969 596 0.0311718
24.6226 214304 214304 0.164267 0 7.04234 0 6.76195 14969 596 0.031282
24.6227 212856 212856 0.164267 0 7.04231 0 6.76192 14969 596 0.0313925
24.6229 211479 211408 0.164267 0 7.04227 0 6.76188 14969 596 0.0315029
24.623 211028 209960 0.164267 0 7.04224 0 6.76185 14969 596 0.031611
24.6231 208512 208512 0.164267 0 7.04221 0 6.76182 14969 596 0.0317332
24.6232 207064 207064 0.164267 0 7.04217 0 6.76178 14969 596 0.0318373
24.6233 205616 205616 0.164267 0 7.04214 0 6.76175 14969 596 0.0319493
24.6235 204168 204168 0.164267 0 7.0421 0 6.76172 14969 596 0.0320616
24.6236 202720 202720 0.164267 0 7.04207 0 6.76168 14969 596 0.0321741
24.6237 201272 201272 0.164267 0 7.04203 0 6.76165 14969 596 0.032287
24.6238 199824 199824 0.164267 0 7.042 0 6.76162 14969 596 0.0324001
24.6239 198376 198376 0.164267 0 7.04197 0 6.76159 14969 596 0.0325136
24.7491 199824 196928 0.164267 12.6752 7.07046 0 6.72738 15106 733 0.0326273
24.7494 201272 196928 0.159358 96.4048 7.07133 96.4048 6.72825 15108 733 0.0316279
24.7506 202720 198376 0.142718 106.045 7.07614 106.045 6.73307 15119 733 0.0284844
24.8671 204168 199824 0.124551 11.2307 7.09561 11.2307 6.75415 15232 733 0.0256955
24.8782 205616 201272 0.119829 97.4527 7.13576 97.4527 6.79445 15325 733 0.024995
24.9885 207064 202720 0.120045 5.14579 7.12698 5.14579 6.78718 15374 733 0.024908
24.9892 208512 204168 0.120485 112.472 7.13001 112.472 6.79023 15381 733 0.0248485
25.1117 209960 205616 0.121829 12.9612 7.15845 12.9612 6.82031 15518 733 0.0249007
25.1119 211408 207064 0.121976 144.607 7.15976 144.607 6.82163 15521 733 0.0248068
25.1273 212856 208512 0.123539 97.158 7.21485 97.158 6.87693 15650 733 0.0248914
25.244 214304 209960 0.125453 7.24773 7.215 7.24773 6.87864 15723 733 0.0250269
25.3639 215752 211408 0.139329 8.59722 7.22154 8.59722 6.88677 15812 733 0.0269249
25.3682 217200 212856 0.128251 99.0827 7.2372 99.0827 6.90249 15849 733 0.0251792
25.4929 218648 214304 0.127308 10.4949 7.25314 10.4949 6.92007 15962 733 0.0249409
25.4994 220096 215752 0.129239 98.1901 7.27628 98.1901 6.94329 16017 733 0.0250944
25.6233 221544 217200 0.129488 9.07009 7.28495 9.07009 6.95357 16114 733 0.025019
25.6372 222992 218648 0.130732 97.2359 7.33386 97.2359 7.00266 16231 733 0.0250838
25.7605 224440 220096 0.132378 7.42298 7.33429 7.42298 7.00467 16310 733 0.0252102
25.8892 225888 221544 0.132611 10.1716 7.34839 10.1716 7.02041 16423 733 0.0251351
25.9036 227336 222992 0.133969 97.2082 7.39841 97.2082 7.07061 16544 733 0.0252253
26.0297 228784 224440 0.136042 7.26023 7.39774 7.26023 7.07153 16623 733 0.0254279
26.1611 230232 225888 0.150282 9.95772 7.4106 9.95772 7.08604 16736 733 0.0276883
26.1763 231680 227336 0.136996 97.1699 7.46252 97.1699 7.13814 16863 733 0.0253581
26.3148 233128 228784 0.138445 13.4616 7.4941 13.4616 7.17143 17024 733 0.0254759
26.4548 234576 230232 0.139825 13.4884 7.52582 13.4884 7.20486 17187 733 0.0255871
26.5961 236024 231680 0.141315 13.3622 7.55683 13.3622 7.23757 17350 733 0.0257203
26.7386 237472 233128 0.142505 13.2496 7.58717 13.2496 7.26961 17513 733 0.0258087
27.0115 238920 234576 0.143984 8.27782 7.59415 8.27782 7.2798 17708 733 0.0259485
27.1576 240368 236024 0.145267 13.0812 7.62367 13.0812 7.31101 17873 733 0.0260596
27.6019 241816 237472 0.148269 12.96 7.70956 12.96 7.40193 18370 733 0.026475
30.2349 243264 238920 0.176367 12.4196 8.11974 12.4196 7.8389 21193 733 0.0321193
30.5566 244712 240368 0.160279 12.5683 8.16657 12.5683 7.88869 21542 733 0.0285289
30.8774 246160 241816 0.17875 11.6625 8.20289 11.6625 7.9279 21865 733 0.0324698
31.0395 247608 243264 0.17975 12.0774 8.22313 12.0774 7.94957 22034 733 0.0326037
31.2027 249056 244712 0.162394 12.1393 8.24361 12.1393 7.97148 22205 733 0.028644
31.3667 250504 246160 0.181289 12.0771 8.26365 12.0771 7.99295 22376 733 0.0327666
31.5315 251952 247608 0.164405 12.1649 8.28403 12.1649 8.01475 22549 733 0.0288525
31.5318 250504 249056 0.164405 160.384 8.28578 160.384 8.01649 22554 733 0.0287492
31.5319 249599 249056 0.164405 96.4048 8.28611 0 8.01646 22555 734 0.0287469
31.5321 249147 247608 0.164405 0 8.28608 0 8.01643 22555 734 0.0288491
31.5322 248694 247608 0.164405 96.4048 8.28642 0 8.0164 22556 735 0.0288491
31.5323 248242 246160 0.164405 0 8.28638 0 8.01637 22556 735 0.0289527
31.5324 247789 246160 0.164405 96.4048 8.28672 0 8.01634 22557 736 0.0289527
31.5325 247337 246160 0.164405 96.4048 8.28706 0 8.01631 22558 737 0.0289527
31.5327 246884 244712 0.164405 0 8.28702 0 8.01628 22558 737 0.0290567
31.5328 246432 244712 0.164405 96.4048 8.28736 0 8.01625 22559 738 0.0290567
31.5329 245979 244712 0.164405 96.4048 8.2877 0 8.01622 22560 739 0.0290567
31.533 245527 243264 0.164405 0 8.28766 0 8.01618 22560 739 0.0291609
31.5331 245074 243264 0.164405 96.4048 8.288 0 8.01615 22561 740 0.0291609
31.5333 244622 243264 0.164405 96.4048 8.28834 0 8.01612 22562 741 0.0291609
31.5334 244169 241816 0.164405 0 8.2883 0 8.01609 22562 741 0.0292654
31.5335 243717 241816 0.164405 96.4048 8.28864 0 8.01606 22563 742 0.0292654
31.5336 243264 241816 0.164405 96.4048 8.28898 0 8.01603 22564 743 0.0292654
31.5337 241816 241816 0.164405 96.4048 8.28931 0 8.016 22565 744 0.0292687
31.5339 240368 240368 0.164405 0 8.28928 0 8.01597 22565 744 0.0293735
31.534 238920 238920 0.164405 0 8.28925 0 8.01594 22565 744 0.0294786
31.5341 237472 237472 0.164405 0 8.28922 0 8.01591 22565 744 0.029584
31.5342 236024 236024 0.164405 0 8.28919 0 8.01588 22565 744 0.0296897
31.5343 234576 234576 0.164405 0 8.28915 0 8.01585 22565 744 0.0297957
31.5345 233128 233128 0.164405 0 8.28912 0 8.01582 22565 744 0.029902
31.5346 231680 231680 0.164405 0 8.28909 0 8.01579 22565 744 0.0300086
31.5347 230232 230232 0.164405 0 8.28906 0 8.01576 22565 744 0.0301155
31.5348 228784 228784 0.164405 0 8.28903 0 8.01573 22565 744 0.0302227
31.5349 227336 227336 0.164405 0 8.289 0 8.0157 22565 744 0.0303302
31.5351 225888 225888 0.164405 0 8.28896 0 8.01567 22565 744 0.030438
31.5352 224440 224440 0.164405 0 8.28893 0 8.01564 22565 744 0.030546
31.5353 222992 222992 0.164405 0 8.2889 0 8.0156 22565 744 0.0306544
31.5354 221544 221544 0.164405 0 8.28887 0 8.01557 22565 744 0.0307631
31.5355 220096 220096 0.164405 0 8.28884 0 8.01554 22565 744 0.0308721
31.5357 218719 218648 0.164405 0 8.28881 0 8.01551 22565 744 0.030981
31.5358 217200 217200 0.164405 0 8.28878 0 8.01548 22565 744 0.0310913
31.5359 215752 215752 0.164405 0 8.28874 0 8.01545 22565 744 0.0312008
31.536 214304 214304 0.164405 0 8.28871 0 8.01542 22565 744 0.031311
31.5361 212856 212856 0.164405 0 8.28868 0 8.01539 22565 744 0.0314215
31.5363 211408 211408 0.164405 0 8.28865 0 8.01536 22565 744 0.0315322
31.5364 209960 209960 0.164405 0 8.28862 0 8.01533 22565 744 0.0316433
31.5365 208512 208512 0.164405 0 8.28859 0 8.0153 22565 744 0.0317547
31.5366 207064 207064 0.164405 0 8.28855 0 8.01527 22565 744 0.0318663
31.5367 205616 205616 0.164405 0 8.28852 0 8.01524 22565 744 0.0319783
31.5369 204168 204168 0.164405 0 8.28849 0 8.01521 22565 744 0.0320905
31.537 202720 202720 0.164405 0 8.28846 0 8.01518 22565 744 0.0322031
31.5371 201272 201272 0.164405 0 8.28843 0 8.01515 22565 744 0.0323159
31.5372 199824 199824 0.164405 0 8.2884 0 8.01512 22565 744 0.0324291
31.5373 198376 198376 0.164405 0 8.28836 0 8.01509 22565 744 0.0325425
31.5375 196928 196928 0.164405 0 8.28833 0 8.01505 22565 744 0.0326563
31.5376 195480 195480 0.164405 0 8.2883 0 8.01502 22565 744 0.0327703
31.5377 194173 194032 0.164405 0 8.28827 0 8.01499 22565 744 0.032884
31.5378 192584 192584 0.164405 0 8.28824 0 8.01496 22565 744 0.0330001
31.5379 191136 191136 0.164405 0 8.28821 0 8.01493 22565 744 0.0331143
31.5381 189688 189688 0.164405 0 8.28818 0 8.0149 22565 744 0.0332295
31.5382 188240 188240 0.164405 0 8.28814 0 8.01487 22565 744 0.0333451
31.5383 186792 186792 0.164405 0 8.28811 0 8.01484 22565 744 0.0334609
31.5384 185344 185344 0.164405 0 8.28808 0 8.01481 22565 744 0.033577
31.5385 183896 183896 0.164405 0 8.28805 0 8.01478 22565 744 0.0336935
31.5387 182448 182448 0.164405 0 8.28802 0 8.01475 22565 744 0.0338102
31.5388 181000 181000 0.164405 0 8.28799 0 8.01472 22565 744 0.0339272
31.5389 179552 179552 0.164405 0 8.28795 0 8.01469 22565 744 0.0340445
31.539 178104 178104 0.164405 0 8.28792 0 8.01466 22565 744 0.0341622
31.5391 176656 176656 0.164405 0 8.28789 0 8.01463 22565 744 0.0342801
31.5393 175208 175208 0.164405 0 8.28786 0 8.0146 22565 744 0.0343983
31.6964 176656 173760 0.164405 8.10747 8.28696 0 7.97486 22675 854 0.0345168
31.6967 178104 173760 0.164355 96.4048 8.28763 96.4048 7.97553 22677 854 0.0345063
31.6969 179552 175208 0.16431 144.607 8.28867 144.607 7.97656 22680 854 0.0343785
31.6972 181000 176656 0.164397 144.607 8.2897 144.607 7.9776 22683 854 0.0342783
31.7084 182448 178104 0.158612 97.4304 8.32145 97.4304 8.00946 22778 854 0.0329859
31.8448 183896 179552 0.175332 1.44395 8.292 1.44395 7.98134 22795 854 0.0364455
31.8451 185344 181000 0.172165 144.607 8.29303 144.607 7.98238 22798 854 0.0356078
31.8453 186792 182448 0.16927 144.607 8.29406 144.607 7.98341 22801 854 0.0348496
31.8475 188240 183896 0.155449 101.761 8.3004 101.761 7.98978 22820 854 0.0319035
31.995 189688 185344 0.149822 8.24308 8.30014 8.24308 7.99094 22925 854 0.0307446
31.9953 191136 186792 0.14997 144.607 8.30116 144.607 7.99197 22928 854 0.0306549
31.9955 192584 188240 0.149973 144.607 8.30219 144.607 7.993 22931 854 0.0305398
31.9957 194032 189688 0.149977 144.607 8.30321 144.607 7.99402 22934 854 0.0304249
32.1468 195480 191136 0.150688 9.58679 8.30924 9.58679 8.00151 23059 854 0.030438
32.147 196928 192584 0.150852 144.607 8.31026 144.607 8.00253 23062 854 0.0303529
32.1473 198376 194032 0.150995 144.607 8.31128 144.607 8.00355 23065 854 0.0302643
32.1523 199824 195480 0.152185 98.7001 8.32547 98.7001 8.01778 23108 854 0.030368
32.2999 201272 196928 0.152318 6.98699 8.31935 6.98699 8.01308 23197 854 0.0302785
32.3001 202720 198376 0.152528 144.607 8.32037 144.607 8.01409 23200 854 0.0302036
32.3004 204168 199824 0.152587 144.607 8.32138 144.607 8.01511 23203 854 0.030101
32.4546 205616 201272 0.15377 10.136 8.33001 10.136 8.02519 23338 854 0.0302082
32.4549 207064 202720 0.153923 144.607 8.33102 144.607 8.0262 23341 854 0.0301242
32.4551 208512 204168 0.154058 144.607 8.33203 144.607 8.02721 23344 854 0.0300369
32.4578 209960 205616 0.154916 100.787 8.33956 100.787 8.03477 23367 854 0.0300868
32.6106 211408 207064 0.172619 8.71584 8.34132 8.71584 8.03796 23482 854 0.0336489
32.6108 212856 208512 0.170542 144.607 8.34232 144.607 8.03897 23485 854 0.0330736
32.6111 214304 209960 0.168849 144.607 8.34333 144.607 8.03997 23488 854 0.0325909
32.768 215752 211408 0.174226 10.4082 8.35322 10.4082 8.05131 23629 854 0.0336794
32.7683 217200 212856 0.172198 144.607 8.35422 144.607 8.05232 23632 854 0.0331094
32.7685 218648 214304 0.170423 144.607 8.35521 144.607 8.05332 23635 854 0.0326038
32.9269 220096 215752 0.15795 10.606 8.36604 10.606 8.06559 23780 854 0.0298946
32.9271 221544 217200 0.158082 144.607 8.36704 144.607 8.06659 23783 854 0.0298105
32.9305 222992 218648 0.159158 99.8478 8.37638 99.8478 8.07597 23812 854 0.0299133
33.0867 224440 220096 0.177001 8.97306 8.3792 8.97306 8.0802 23933 854 0.0336608
33.0869 225888 221544 0.174876 144.607 8.38019 144.607 8.0812 23936 854 0.0330591
33.2476 227336 222992 0.160334 11.0321 8.393 11.0321 8.09545 24089 854 0.0298208
33.2478 228784 224440 0.160417 144.607 8.39399 144.607 8.09644 24092 854 0.0297291
33.2548 230232 225888 0.161129 98.0669 8.41278 98.0669 8.1153 24151 854 0.0297645
33.4098 231680 227336 0.161312 7.24904 8.40738 7.24904 8.11128 24248 854 0.0296938
33.41 233128 228784 0.161523 144.607 8.40836 144.607 8.11226 24251 854 0.0296291
33.5732 234576 230232 0.180816 11.1455 8.42166 11.1455 8.127 24408 854 0.0338116
33.5734 236024 231680 0.178714 144.607 8.42264 144.607 8.12798 24411 854 0.0332012
33.7377 237472 233128 0.181962 11.2131 8.43622 11.2131 8.143 24570 854 0.0338763
33.7385 236024 234576 0.177877 123.853 8.4391 123.853 8.14589 24579 854 0.0327903
33.7387 235117 234576 0.177877 96.4048 8.43942 0 8.14586 24580 855 0.032788
33.7388 234664 233128 0.177877 0 8.43939 0 8.14583 24580 855 0.0328932
33.7389 234210 233128 0.177877 96.4048 8.4397 0 8.1458 24581 856 0.0328932
33.739 233757 231680 0.177877 0 8.43967 0 8.14577 24581 856 0.0329998
33.7392 233303 231680 0.177877 96.4048 8.43998 0 8.14574 24582 857 0.0329998
33.7393 232849 231680 0.177877 96.4048 8.4403 0 8.14571 24583 858 0.0329998
33.7394 232396 230232 0.177877 0 8.44027 0 8.14568 24583 858 0.0331067
33.7395 231942 230232 0.177877 96.4048 8.44058 0 8.14565 24584 859 0.0331067
33.7396 231489 230232 0.177877 96.4048 8.44089 0 8.14563 24585 860 0.0331067
33.7398 231035 228784 0.177877 0 8.44086 0 8.1456 24585 860 0.0332139
33.7399 230581 228784 0.177877 96.4048 8.44118 0 8.14557 24586 861 0.0332139
33.74 230128 228784 0.177877 96.4048 8.44149 0 8.14554 24587 862 0.0332139
33.7401 229674 227336 0.177877 0 8.44146 0 8.14551 24587 862 0.0333214
33.7402 229221 227336 0.177877 96.4048 8.44177 0 8.14548 24588 863 0.0333214
33.7404 228767 227336 0.177877 96.4048 8.44209 0 8.14545 24589 864 0.0333214
33.7405 228313 225888 0.177877 0 8.44206 0 8.14542 24589 864 0.0334291
33.7406 225888 225888 0.177877 96.4048 8.44237 0 8.14539 24590 865 0.0334392
33.7407 224440 224440 0.177877 0 8.44234 0 8.14536 24590 865 0.0335406
33.7408 222992 222992 0.177877 0 8.44231 0 8.14534 24590 865 0.033649
33.741 221544 221544 0.177877 0 8.44228 0 8.14531 24590 865 0.0337576
33.7411 220096 220096 0.177877 0 8.44225 0 8.14528 24590 865 0.0338666
33.7412 218648 218648 0.177877 0 8.44222 0 8.14525 24590 865 0.0339759
33.7413 217200 217200 0.177877 0 8.44219 0 8.14522 24590 865 0.0340855
33.7414 215752 215752 0.177877 0 8.44216 0 8.14519 24590 865 0.0341953
33.7416 214304 214304 0.177877 0 8.44213 0 8.14516 24590 865 0.0343055
33.7417 212856 212856 0.177877 0 8.4421 0 8.14513 24590 865 0.034416
33.7418 211408 211408 0.177877 0 8.44207 0 8.1451 24590 865 0.0345268
33.7419 209960 209960 0.177877 0 8.44204 0 8.14507 24590 865 0.0346378
33.742 208512 208512 0.177877 0 8.44201 0 8.14505 24590 865 0.0347492
33.7422 207064 207064 0.177877 0 8.44198 0 8.14502 24590 865 0.0348608
33.7423 205616 205616 0.177877 0 8.44195 0 8.14499 24590 865 0.0349728
33.7424 204168 204168 0.177877 0 8.44192 0 8.14496 24590 865 0.0350851
33.7425 202734 202720 0.177877 0 8.44189 0 8.14493 24590 865 0.0351976
33.7426 202281 201272 0.177877 0 8.44186 0 8.1449 24590 865 0.0353071
33.7428 199824 199824 0.177877 0 8.44183 0 8.14487 24590 865 0.0354306
33.7429 198376 198376 0.177877 0 8.4418 0 8.14484 24590 865 0.0355371
33.743 196928 196928 0.177877 0 8.44177 0 8.14481 24590 865 0.0356508
33.7431 195480 195480 0.177877 0 8.44174 0 8.14478 24590 865 0.0357649
33.7432 194032 194032 0.177877 0 8.44171 0 8.14476 24590 865 0.0358792
33.7434 192584 192584 0.177877 0 8.44168 0 8.14473 24590 865 0.0359939
33.7435 191136 191136 0.177877 0 8.44165 0 8.1447 24590 865 0.0361088
33.7436 189688 189688 0.177877 0 8.44162 0 8.14467 24590 865 0.036224
33.7437 188240 188240 0.177877 0 8.44159 0 8.14464 24590 865 0.0363396
33.7438 186792 186792 0.177877 0 8.44156 0 8.14461 24590 865 0.0364554
33.744 185344 185344 0.177877 0 8.44153 0 8.14458 24590 865 0.0365716
33.7441 183896 183896 0.177877 0 8.4415 0 8.14455 24590 865 0.036688
33.7442 182448 182448 0.177877 0 8.44147 0 8.14452 24590 865 0.0368047
33.7443 181000 181000 0.177877 0 8.44144 0 8.14449 24590 865 0.0369218
33.7444 179552 179552 0.177877 0 8.44141 0 8.14447 24590 865 0.0370391
33.7446 178104 178104 0.177877 0 8.44138 0 8.14444 24590 865 0.0371567
33.7447 176701 176656 0.177877 0 8.44135 0 8.14441 24590 865 0.0372744
33.7448 176248 175208 0.177877 0 8.44132 0 8.14438 24590 865 0.0373895
33.7449 173760 173760 0.177877 0 8.44129 0 8.14435 24590 865 0.0375187
33.745 172312 172312 0.177877 0 8.44126 0 8.14432 24590 865 0.0376302
33.7452 170864 170864 0.177877 0 8.44123 0 8.14429 24590 865 0.0377493
33.7453 169416 169416 0.177877 0 8.4412 0 8.14426 24590 865 0.0378687
33.7454 167968 167968 0.177877 0 8.44117 0 8.14423 24590 865 0.0379884
33.7455 166520 166520 0.177877 0 8.44114 0 8.1442 24590 865 0.0381084
33.7456 165072 165072 0.177877 0 8.44111 0 8.14418 24590 865 0.0382288
33.9028 163624 162176 0.177877 7.22296 8.43546 0 8.10642 24688 963 0.0384703
33.9033 165072 162176 0.177877 96.5357 8.43671 0 8.1063 24692 967 0.0384703
34.0287 166520 163624 0.177877 10.1576 8.44305 0 8.07642 24802 1077 0.0383494
34.029 167968 163624 0.171393 96.4048 8.44367 96.4048 8.07704 24804 1077 0.0368626
34.0292 169416 165072 0.165718 144.607 8.44463 144.607 8.07801 24807 1077 0.0355101
34.1458 170864 166520 0.139128 10.6343 8.45211 10.6343 8.08674 24914 1077 0.0304747
34.146 172312 167968 0.136487 144.607 8.45307 144.607 8.0877 24917 1077 0.0299437
34.2652 173760 169416 0.131259 11.176 8.46254 11.176 8.09844 25032 1077 0.0290516
34.2655 175208 170864 0.129852 144.607 8.46349 144.607 8.0994 25035 1077 0.0287335
34.3869 176656 172312 0.133287 11.1566 8.47301 11.1566 8.1102 25152 1077 0.0291062
34.3896 178104 173760 0.12475 100.787 8.4801 100.787 8.11732 25175 1077 0.0278089
34.5109 179552 175208 0.135866 9.44958 8.48351 9.44958 8.12201 25274 1077 0.0292535
34.6371 181000 176656 0.138491 11.2931 8.49375 11.2931 8.13356 25397 1077 0.0295405
34.6373 182448 178104 0.137055 144.607 8.49469 144.607 8.1345 25400 1077 0.0291991
34.7647 183896 179552 0.126489 11.1866 8.50455 11.1866 8.14569 25523 1077 0.0275649
34.7722 185344 181000 0.12779 97.9597 8.52372 97.9597 8.16493 25586 1077 0.0276222
34.8942 186792 182448 0.128103 6.16763 8.51548 6.16763 8.15794 25651 1077 0.0275477
35.0258 188240 183896 0.129928 11.3573 8.52615 11.3573 8.16996 25780 1077 0.0276828
35.1588 189688 185344 0.14647 11.2342 8.5364 11.2342 8.18155 25909 1077 0.0301537
35.1648 191136 186792 0.133685 98.3329 8.55174 98.3329 8.19695 25960 1077 0.0279899
35.2937 192584 188240 0.133499 7.28432 8.54711 7.28432 8.19362 26041 1077 0.0278466
35.4303 194032 189688 0.135349 11.2769 8.55764 11.2769 8.20551 26174 1077 0.0280065
35.5685 195480 191136 0.152031 11.1494 8.56771 11.1494 8.21695 26307 1077 0.0306835
35.8495 196928 192584 0.155843 11.0872 8.58746 11.0872 8.23945 26576 1077 0.0312847
35.992 198376 194032 0.157134 10.9736 8.59691 10.9736 8.25028 26711 1077 0.0314192
36.2814 199824 195480 0.160581 10.9296 8.61551 10.9296 8.27165 26984 1077 0.0319863
36.575 201272 196928 0.146602 10.8475 8.63343 10.8475 8.29233 27259 1077 0.0292557
39.3432 202720 198376 0.174751 10.3992 8.75767 10.3992 8.44056 29744 1077 0.0348098
39.6587 204168 199824 0.157642 10.2426 8.76948 10.2426 8.4549 30023 1077 0.0310625
39.9757 205616 201272 0.17623 10.269 8.78137 10.269 8.46929 30304 1077 0.0349249
40.1343 207064 202720 0.176688 10.2978 8.78737 10.2978 8.47651 30445 1077 0.0349187
40.2938 208512 204168 0.158809 10.3888 8.7937 10.3888 8.48408 30588 1077 0.0309533
40.4533 209960 205616 0.17754 10.3809 8.79997 10.3809 8.49156 30731 1077 0.0348935
40.6139 211408 207064 0.159819 10.4631 8.80654 10.4631 8.49935 30876 1077 0.0309297
40.6141 212856 208512 0.159967 144.607 8.80734 144.607 8.50016 30879 1077 0.0308476
40.7745 214304 209960 0.178655 10.3265 8.81332 10.3265 8.50734 31022 1077 0.0348218
40.9357 215752 211408 0.179091 10.5679 8.82023 10.5679 8.51546 31169 1077 0.0348144
40.9359 217200 212856 0.17683 144.607 8.82102 144.607 8.51625 31172 1077 0.0341701
41.0976 218648 214304 0.161454 10.5286 8.82774 10.5286 8.52417 31319 1077 0.0307033
41.0979 220096 215752 0.161522 144.607 8.82854 144.607 8.52497 31322 1077 0.030607
41.2603 221544 217200 0.162346 10.6245 8.83561 10.6245 8.53324 31471 1077 0.0306651
41.2606 222992 218648 0.162428 144.607 8.8364 144.607 8.53403 31474 1077 0.0305723
41.4237 224440 220096 0.162953 10.7195 8.84382 10.7195 8.54264 31625 1077 0.0305709
41.424 225888 221544 0.162959 144.607 8.8446 144.607 8.54343 31628 1077 0.0304631
41.4362 227336 222992 0.16364 97.3499 8.87078 97.3499 8.5697 31731 1077 0.0304951
41.588 228784 224440 0.163875 3.89283 8.85262 3.89283 8.55263 31782 1077 0.0304355
41.5882 230232 225888 0.164015 144.607 8.8534 144.607 8.55341 31785 1077 0.0303567
41.7526 231680 227336 0.182939 10.9231 8.86155 10.9231 8.56274 31940 1077 0.0345437
41.7531 230232 228784 0.180572 144.215 8.86311 144.215 8.56431 31946 1077 0.0338597
41.7532 229339 228784 0.180572 96.4048 8.86336 0 8.56428 31947 1078 0.0338574
41.7533 227444 225888 0.180572 0 8.86334 0 8.56426 31947 1078 0.0340776
41.7535 226997 225888 0.180572 96.4048 8.86359 0 8.56424 31948 1079 0.0340716
41.7536 226550 224440 0.180572 0 8.86357 0 8.56421 31948 1079 0.0341797
41.7537 226103 224440 0.180572 96.4048 8.86382 0 8.56419 31949 1080 0.0341797
41.7538 225656 224440 0.180572 96.4048 8.86407 0 8.56416 31950 1081 0.0341797
41.7539 225209 222992 0.180572 0 8.86404 0 8.56414 31950 1081 0.0342881
41.7541 224762 222992 0.180572 96.4048 8.8643 0 8.56411 31951 1082 0.0342881
41.7542 224315 222992 0.180572 96.4048 8.86455 0 8.56409 31952 1083 0.0342881
41.7543 223868 221544 0.180572 0 8.86452 0 8.56406 31952 1083 0.0343968
41.7544 223422 221544 0.180572 96.4048 8.86477 0 8.56404 31953 1084 0.0343968
41.7545 222975 221544 0.180572 96.4048 8.86503 0 8.56401 31954 1085 0.0343968
41.7547 222528 220096 0.180572 0 8.865 0 8.56399 31954 1085 0.0345057
41.7548 222081 220096 0.180572 96.4048 8.86525 0 8.56396 31955 1086 0.0345057
41.7549 221634 220096 0.180572 96.4048 8.8655 0 8.56394 31956 1087 0.0345057
41.755 221187 220096 0.180572 96.4048 8.86576 0 8.56392 31957 1088 0.0345057
41.7551 220740 218648 0.180572 0 8.86573 0 8.56389 31957 1088 0.034615
41.7553 218648 218648 0.180572 96.4048 8.86598 0 8.56387 31958 1089 0.0346224
41.7554 217200 217200 0.180572 0 8.86596 0 8.56384 31958 1089 0.034728
41.7555 215752 215752 0.180572 0 8.86593 0 8.56382 31958 1089 0.0348378
41.7556 214304 214304 0.180572 0 8.86591 0 8.56379 31958 1089 0.034948
41.7557 212856 212856 0.180572 0 8.86588 0 8.56377 31958 1089 0.0350585
41.7559 211408 211408 0.180572 0 8.86586 0 8.56374 31958 1089 0.0351692
41.756 209960 209960 0.180572 0 8.86583 0 8.56372 31958 1089 0.0352803
41.7561 208512 208512 0.180572 0 8.8658 0 8.56369 31958 1089 0.0353917
41.7562 207064 207064 0.180572 0 8.86578 0 8.56367 31958 1089 0.0355033
41.7563 205616 205616 0.180572 0 8.86575 0 8.56364 31958 1089 0.0356153
41.7565 204168 204168 0.180572 0 8.86573 0 8.56362 31958 1089 0.0357275
41.7566 202720 202720 0.180572 0 8.8657 0 8.56359 31958 1089 0.0358401
41.7567 201272 201272 0.180572 0 8.86568 0 8.56357 31958 1089 0.035953
41.7568 199824 199824 0.180572 0 8.86565 0 8.56355 31958 1089 0.0360661
41.7569 198376 198376 0.180572 0 8.86563 0 8.56352 31958 1089 0.0361796
41.7571 196928 196928 0.180572 0 8.8656 0 8.5635 31958 1089 0.0362933
41.7572 195480 195480 0.180572 0 8.86557 0 8.56347 31958 1089 0.0364074
41.7573 194386 194032 0.180572 0 8.86555 0 8.56345 31958 1089 0.0365201
41.7574 192584 192584 0.180572 0 8.86552 0 8.56342 31958 1089 0.0366384
41.7575 191136 191136 0.180572 0 8.8655 0 8.5634 31958 1089 0.0367513
41.7577 189688 189688 0.180572 0 8.86547 0 8.56337 31958 1089 0.0368665
41.7578 188240 188240 0.180572 0 8.86545 0 8.56335 31958 1089 0.0369821
41.7579 186792 186792 0.180572 0 8.86542 0 8.56332 31958 1089 0.0370979
41.758 185344 185344 0.180572 0 8.8654 0 8.5633 31958 1089 0.037214
41.7581 183896 183896 0.180572 0 8.86537 0 8.56327 31958 1089 0.0373305
41.7583 182448 182448 0.180572 0 8.86535 0 8.56325 31958 1089 0.0374472
41.7584 181000 181000 0.180572 0 8.86532 0 8.56323 31958 1089 0.0375642
41.7585 179552 179552 0.180572 0 8.86529 0 8.5632 31958 1089 0.0376816
41.7586 178104 178104 0.180572 0 8.86527 0 8.56318 31958 1089 0.0377992
41.7587 176656 176656 0.180572 0 8.86524 0 8.56315 31958 1089 0.0379171
41.7589 175208 175208 0.180572 0 8.86522 0 8.56313 31958 1089 0.0380353
41.759 173760 173760 0.180572 0 8.86519 0 8.5631 31958 1089 0.0381539
41.7591 172312 172312 0.180572 0 8.86517 0 8.56308 31958 1089 0.0382727
41.7592 170864 170864 0.180572 0 8.86514 0 8.56305 31958 1089 0.0383918
41.7594 169416 169416 0.180572 0 8.86512 0 8.56303 31958 1089 0.0385112
41.7595 168032 167968 0.180572 0 8.86509 0 8.563 31958 1089 0.0386306
41.7596 166520 166520 0.180572 0 8.86506 0 8.56298 31958 1089 0.0387513
41.7597 165072 165072 0.180572 0 8.86504 0 8.56295 31958 1089 0.0388712
41.7598 163624 163624 0.180572 0 8.86501 0 8.56293 31958 1089 0.0389918
41.76 162176 162176 0.180572 0 8.86499 0 8.5629 31958 1089 0.0391128
41.886 163624 160728 0.180572 9.28216 8.86624 0 8.53714 32059 1190 0.039234
41.8862 165072 160728 0.174625 96.4048 8.86675 96.4048 8.53764 32061 1190 0.0378354
41.8865 166520 162176 0.169422 144.607 8.86752 144.607 8.53842 32064 1190 0.0365484
41.8867 167968 163624 0.164744 144.607 8.8683 144.607 8.5392 32067 1190 0.0354257
42.014 169416 165072 0.127567 9.19441 8.86929 9.19441 8.54119 32168 1190 0.0288991
42.0142 170864 166520 0.127747 144.607 8.87007 144.607 8.54197 32171 1190 0.028803
42.0144 172312 167968 0.127903 144.607 8.87084 144.607 8.54274 32174 1190 0.0287043
42.0207 173760 169416 0.129071 98.2587 8.88414 98.2587 8.55608 32227 1190 0.0287444
42.1449 175208 170864 0.129305 5.68732 8.87471 5.68732 8.54763 32288 1190 0.0286575
42.1452 176656 172312 0.129642 144.607 8.87549 144.607 8.5484 32291 1190 0.0285852
42.1454 178104 173760 0.129812 144.607 8.87626 144.607 8.54918 32294 1190 0.02849
42.2781 179552 175208 0.131781 10.2168 8.88047 10.2168 8.55441 32411 1190 0.0286503
42.2783 181000 176656 0.132058 144.607 8.88124 144.607 8.55518 32414 1190 0.028572
42.2786 182448 178104 0.132176 144.607 8.88201 144.607 8.55596 32417 1190 0.0284711
42.4127 183896 179552 0.148672 10.2797 8.88643 10.2797 8.56141 32536 1190 0.0310069
42.4129 185344 181000 0.146838 144.607 8.8872 144.607 8.56218 32539 1190 0.0305676
42.4131 186792 182448 0.145359 144.607 8.88797 144.607 8.56295 32542 1190 0.0301958
42.5496 188240 183896 0.135258 10.4382 8.89294 10.4382 8.56897 32665 1190 0.0284568
42.5499 189688 185344 0.135476 144.607 8.89371 144.607 8.56973 32668 1190 0.0283732
42.5501 191136 186792 0.135791 144.607 8.89447 144.607 8.5705 32671 1190 0.0283048
42.6888 192584 188240 0.152876 10.4425 8.8995 10.4425 8.57658 32796 1190 0.0310704
42.689 194032 189688 0.151266 144.607 8.90026 144.607 8.57735 32799 1190 0.0306585
42.6893 195480 191136 0.149858 144.607 8.90103 144.607 8.57811 32802 1190 0.0302882
42.8299 196928 192584 0.139807 10.6292 8.9067 10.6292 8.58485 32931 1190 0.0284681
42.8301 198376 194032 0.140082 144.607 8.90746 144.607 8.58561 32934 1190 0.0283973
42.8409 199824 195480 0.141465 97.476 8.92982 97.476 8.60805 33025 1190 0.0285063
42.9728 201272 196928 0.157335 3.77542 8.91399 3.77542 8.59321 33068 1190 0.0312299
42.9731 202720 198376 0.155668 144.607 8.91475 144.607 8.59397 33071 1190 0.0307944
43.1184 204168 199824 0.143793 10.9243 8.92152 10.9243 8.60182 33208 1190 0.0285498
43.1186 205616 201272 0.144068 144.607 8.92228 144.607 8.60258 33211 1190 0.028483
43.2656 207064 202720 0.145872 10.9569 8.92919 10.9569 8.61058 33350 1190 0.0286766
43.2658 208512 204168 0.146013 144.607 8.92994 144.607 8.61133 33353 1190 0.0285883
43.2807 209960 205616 0.147344 97.1823 8.96033 97.1823 8.64182 33478 1190 0.0287068
43.4148 211408 207064 0.147694 1.46853 8.93719 1.46853 8.61967 33495 1190 0.028656
43.4295 212856 208512 0.149523 97.195 8.96698 97.195 8.64957 33618 1190 0.0288685
43.5658 214304 209960 0.166271 1.95358 8.94502 1.95358 8.62861 33641 1190 0.0320364
43.7184 215752 211408 0.168397 11.1587 8.95275 11.1587 8.63744 33788 1190 0.0323817
43.7187 217200 212856 0.166473 144.607 8.95349 144.607 8.63818 33791 1190 0.0318574
43.8727 218648 214304 0.152974 11.0542 8.96087 11.0542 8.64667 33938 1190 0.0290546
43.8775 220096 215752 0.15439 98.8149 8.97071 98.8149 8.65654 33979 1190 0.0292098
44.0287 221544 217200 0.154795 8.50631 8.96912 8.50631 8.65603 34090 1190 0.0291765
44.1863 222992 218648 0.15635 11.2423 8.97723 11.2423 8.66526 34243 1190 0.0293642
44.3453 224440 220096 0.175544 11.1489 8.98501 11.1489 8.67416 34396 1190 0.0333219
44.5056 225888 221544 0.159308 11.2015 8.993 11.2015 8.68326 34551 1190 0.0297247
44.6675 227336 222992 0.178387 11.0934 9.00061 11.0934 8.69199 34706 1190 0.0337694
44.8306 228784 224440 0.162251 11.1455 9.00841 11.1455 8.70093 34863 1190 0.0301009
44.9951 230232 225888 0.181684 11.0559 9.0159 11.0559 8.70953 35020 1190 0.0343444
45.1602 228784 227336 0.164595 11.4366 9.02475 11.4366 8.7195 35183 1190 0.0303698
45.1604 227885 227336 0.164595 96.4048 9.02498 0 8.71948 35184 1191 0.0303676
45.1605 227435 225888 0.164595 0 9.02496 0 8.71946 35184 1191 0.0304743
45.1606 226986 225888 0.164595 96.4048 9.02519 0 8.71944 35185 1192 0.0304743
45.1607 226536 224440 0.164595 0 9.02517 0 8.71941 35185 1192 0.0305824
45.1608 226086 224440 0.164595 96.4048 9.0254 0 8.71939 35186 1193 0.0305824
45.161 225637 224440 0.164595 96.4048 9.02563 0 8.71937 35187 1194 0.0305823
45.1611 225187 222992 0.164595 0 9.02561 0 8.71934 35187 1194 0.0306907
45.1612 224737 222992 0.164595 96.4048 9.02584 0 8.71932 35188 1195 0.0306907
45.1613 224288 222992 0.164595 96.4048 9.02607 0 8.7193 35189 1196 0.0306907
45.1614 223838 221544 0.164595 0 9.02605 0 8.71927 35189 1196 0.0307994
45.1616 223388 221544 0.164595 96.4048 9.02628 0 8.71925 35190 1197 0.0307994
45.1617 222939 221544 0.164595 96.4048 9.02651 0 8.71923 35191 1198 0.0307994
45.1618 222489 220096 0.164595 0 9.02649 0 8.7192 35191 1198 0.0309084
45.1619 222039 220096 0.164595 96.4048 9.02672 0 8.71918 35192 1199 0.0309084
45.162 221589 220096 0.164595 96.4048 9.02696 0 8.71916 35193 1200 0.0309084
45.1622 221140 220096 0.164595 96.4048 9.02719 0 8.71913 35194 1201 0.0309084
45.1623 220690 218648 0.164595 0 9.02716 0 8.71911 35194 1201 0.0310177
45.1624 218648 218648 0.164595 96.4048 9.0274 0 8.71909 35195 1202 0.0310247
45.1625 217200 217200 0.164595 0 9.02737 0 8.71906 35195 1202 0.0311306
45.1626 215752 215752 0.164595 0 9.02735 0 8.71904 35195 1202 0.0312405
45.1628 214304 214304 0.164595 0 9.02732 0 8.71902 35195 1202 0.0313507
45.1629 212856 212856 0.164595 0 9.0273 0 8.71899 35195 1202 0.0314611
45.163 211408 211408 0.164595 0 9.02728 0 8.71897 35195 1202 0.0315719
45.1631 209960 209960 0.164595 0 9.02725 0 8.71895 35195 1202 0.031683
45.1632 208512 208512 0.164595 0 9.02723 0 8.71892 35195 1202 0.0317943
45.1634 207064 207064 0.164595 0 9.0272 0 8.7189 35195 1202 0.031906
45.1635 205616 205616 0.164595 0 9.02718 0 8.71888 35195 1202 0.0320179
45.1636 204168 204168 0.164595 0 9.02716 0 8.71886 35195 1202 0.0321302
45.1637 202720 202720 0.164595 0 9.02713 0 8.71883 35195 1202 0.0322428
45.1638 201272 201272 0.164595 0 9.02711 0 8.71881 35195 1202 0.0323556
45.164 199824 199824 0.164595 0 9.02708 0 8.71879 35195 1202 0.0324688
45.1641 198376 198376 0.164595 0 9.02706 0 8.71876 35195 1202 0.0325822
45.1642 196928 196928 0.164595 0 9.02704 0 8.71874 35195 1202 0.032696
45.1643 195480 195480 0.164595 0 9.02701 0 8.71872 35195 1202 0.03281
45.1644 194172 194032 0.164595 0 9.02699 0 8.71869 35195 1202 0.0329237
45.1646 192584 192584 0.164595 0 9.02696 0 8.71867 35195 1202 0.0330398
45.1647 191136 191136 0.164595 0 9.02694 0 8.71865 35195 1202 0.0331539
45.1648 189688 189688 0.164595 0 9.02692 0 8.71862 35195 1202 0.0332692
45.1649 188240 188240 0.164595 0 9.02689 0 8.7186 35195 1202 0.0333847
45.165 186792 186792 0.164595 0 9.02687 0 8.71858 35195 1202 0.0335006
45.1652 185344 185344 0.164595 0 9.02684 0 8.71855 35195 1202 0.0336167
45.1653 183896 183896 0.164595 0 9.02682 0 8.71853 35195 1202 0.0337331
45.1654 182448 182448 0.164595 0 9.0268 0 8.71851 35195 1202 0.0338499
45.1655 181000 181000 0.164595 0 9.02677 0 8.71848 35195 1202 0.0339669
45.1656 179552 179552 0.164595 0 9.02675 0 8.71846 35195 1202 0.0340842
45.1658 178104 178104 0.164595 0 9.02672 0 8.71844 35195 1202 0.0342018
45.1659 176656 176656 0.164595 0 9.0267 0 8.71841 35195 1202 0.0343198
45.166 175208 175208 0.164595 0 9.02668 0 8.71839 35195 1202 0.034438
45.1661 173760 173760 0.164595 0 9.02665 0 8.71837 35195 1202 0.0345565
45.1662 172312 172312 0.164595 0 9.02663 0 8.71834 35195 1202 0.0346753
45.1664 170864 170864 0.164595 0 9.0266 0 8.71832 35195 1202 0.0347944
45.1665 169416 169416 0.164595 0 9.02658 0 8.7183 35195 1202 0.0349139
45.1666 167968 167968 0.164595 0 9.02656 0 8.71828 35195 1202 0.0350336
45.1667 167205 166520 0.164595 0 9.02653 0 8.71825 35195 1202 0.0351509
45.1668 165072 165072 0.164595 0 9.02651 0 8.71823 35195 1202 0.0352783
45.167 163624 163624 0.164595 0 9.02648 0 8.71821 35195 1202 0.0353945
45.1671 162176 162176 0.164595 0 9.02646 0 8.71818 35195 1202 0.0355154
45.1672 160728 160728 0.164595 0 9.02644 0 8.71816 35195 1202 0.0356366
45.2915 162176 159280 0.164595 9.23029 9.02699 0 8.69424 35294 1301 0.0357581
45.2917 163624 159280 0.160396 96.4048 9.02746 96.4048 8.69471 35296 1301 0.0348973
45.2919 165072 160728 0.156721 144.607 9.02818 144.607 8.69543 35299 1301 0.0340515
45.4179 166520 162176 0.1258 9.65888 9.02993 9.65888 8.6981 35404 1301 0.0289049
45.4181 167968 163624 0.12595 144.607 9.03064 144.607 8.69882 35407 1301 0.0288037
45.5466 169416 165072 0.127413 10.1906 9.03391 10.1906 8.70303 35520 1301 0.0288782
45.5468 170864 166520 0.127611 144.607 9.03463 144.607 8.70374 35523 1301 0.0287847
45.6762 172312 167968 0.129118 10.2939 9.0382 10.2939 8.70825 35638 1301 0.0288707
45.6764 173760 169416 0.129228 144.607 9.03891 144.607 8.70896 35641 1301 0.0287663
45.8071 175208 170864 0.129933 10.3766 9.04273 10.3766 8.71372 35758 1301 0.028745
45.8174 176656 172312 0.131028 97.5258 9.06268 97.5258 8.73375 35845 1301 0.0287801
45.9396 178104 173760 0.131217 3.31777 9.0474 3.31777 8.71934 35880 1301 0.0286882
46.0735 179552 175208 0.132994 10.6443 9.05204 10.6443 8.72494 36003 1301 0.0288259
46.0737 181000 176656 0.133119 144.607 9.05275 144.607 8.72565 36006 1301 0.0287261
46.2085 182448 178104 0.149021 10.3966 9.05667 10.3966 8.73052 36127 1301 0.0311864
46.3451 183896 179552 0.150865 10.5986 9.06121 10.5986 8.73603 36252 1301 0.0314005
46.4831 185344 181000 0.137056 10.665 9.06597 10.665 8.74175 36379 1301 0.0289643
46.4922 186792 182448 0.138142 97.6733 9.08338 97.6733 8.75922 36456 1301 0.0290159
46.6221 188240 183896 0.153649 4.54824 9.07074 4.54824 8.74749 36507 1301 0.0315632
46.7677 189688 185344 0.141079 13.9198 9.08584 13.9198 8.76359 36682 1301 0.0292504
47.0463 191136 186792 0.157666 8.94177 9.08499 8.94177 8.76465 36897 1301 0.0320991
47.1896 192584 188240 0.158707 10.5859 9.08955 10.5859 8.77018 37028 1301 0.0321877
47.4792 194032 189688 0.160691 10.6005 9.09876 10.6005 8.78135 37293 1301 0.0324676
47.772 195480 191136 0.146202 10.5622 9.10773 10.5622 8.79226 37560 1301 0.0296446
50.5172 196928 192584 0.174757 10.1823 9.16613 10.1823 8.8678 39973 1301 0.035268
50.8347 198376 194032 0.158463 9.88861 9.17064 9.88861 8.87417 40244 1301 0.0316791
51.1554 199824 195480 0.178134 9.86081 9.17497 9.86081 8.88036 40517 1301 0.0358255
51.3171 201272 196928 0.179434 9.81237 9.17698 9.81237 8.8833 40654 1301 0.0360203
51.4801 202720 198376 0.162043 9.8822 9.17921 9.8822 8.88646 40793 1301 0.0320548
51.6441 204168 199824 0.181633 9.81704 9.18123 9.81704 8.88941 40932 1301 0.0363232
51.8088 205616 201272 0.164225 9.91472 9.18357 9.91472 8.89267 41073 1301 0.0322782
51.8092 204168 202720 0.164225 160.384 9.18462 160.384 8.89373 41078 1301 0.0321654
51.8093 203263 202720 0.164225 96.4048 9.18482 0 8.89371 41079 1302 0.0321631
51.8094 202811 201272 0.164225 0 9.1848 0 8.89369 41079 1302 0.0322749
51.8095 202358 201272 0.164225 96.4048 9.185 0 8.89367 41080 1303 0.0322749
51.8097 201906 199824 0.164225 0 9.18498 0 8.89365 41080 1303 0.032388
51.8098 201453 199824 0.164225 96.4048 9.18518 0 8.89363 41081 1304 0.032388
51.8099 201001 199824 0.164225 96.4048 9.18539 0 8.89361 41082 1305 0.032388
51.81 200548 198376 0.164225 0 9.18537 0 8.89359 41082 1305 0.0325015
51.8101 200096 198376 0.164225 96.4048 9.18557 0 8.89356 41083 1306 0.0325015
51.8103 199643 198376 0.164225 96.4048 9.18577 0 8.89354 41084 1307 0.0325015
51.8104 199191 196928 0.164225 0 9.18575 0 8.89352 41084 1307 0.0326152
51.8105 198738 196928 0.164225 96.4048 9.18595 0 8.8935 41085 1308 0.0326152
51.8106 198286 196928 0.164225 96.4048 9.18615 0 8.89348 41086 1309 0.0326152
51.8107 197833 195480 0.164225 0 9.18613 0 8.89346 41086 1309 0.0327293
51.8109 197381 195480 0.164225 96.4048 9.18633 0 8.89344 41087 1310 0.0327293
51.811 196928 195480 0.164225 96.4048 9.18654 0 8.89342 41088 1311 0.0327293
51.8111 196476 195480 0.164225 96.4048 9.18674 0 8.8934 41089 1312 0.0327293
51.8112 196023 194032 0.164225 0 9.18672 0 8.89338 41089 1312 0.0328436
51.8113 195571 194032 0.164225 96.4048 9.18692 0 8.89336 41090 1313 0.0328436
51.8115 195118 194032 0.164225 96.4048 9.18712 0 8.89334 41091 1314 0.0328436
51.8116 192584 192584 0.164225 0 9.1871 0 8.89332 41091 1314 0.0329693
51.8117 191136 191136 0.164225 0 9.18708 0 8.8933 41091 1314 0.0330766
51.8118 189688 189688 0.164225 0 9.18706 0 8.89328 41091 1314 0.0331918
51.8119 188240 188240 0.164225 0 9.18704 0 8.89326 41091 1314 0.0333073
51.8121 186792 186792 0.164225 0 9.18702 0 8.89323 41091 1314 0.0334232
51.8122 185344 185344 0.164225 0 9.18699 0 8.89321 41091 1314 0.0335393
51.8123 183896 183896 0.164225 0 9.18697 0 8.89319 41091 1314 0.0336558
51.8124 182448 182448 0.164225 0 9.18695 0 8.89317 41091 1314 0.0337725
51.8125 181000 181000 0.164225 0 9.18693 0 8.89315 41091 1314 0.0338895
51.8127 179552 179552 0.164225 0 9.18691 0 8.89313 41091 1314 0.0340068
51.8128 178104 178104 0.164225 0 9.18689 0 8.89311 41091 1314 0.0341245
51.8129 176656 176656 0.164225 0 9.18687 0 8.89309 41091 1314 0.0342424
51.813 175208 175208 0.164225 0 9.18684 0 8.89307 41091 1314 0.0343606
51.8131 173760 173760 0.164225 0 9.18682 0 8.89305 41091 1314 0.0344791
51.8133 172312 172312 0.164225 0 9.1868 0 8.89303 41091 1314 0.034598
51.8134 170864 170864 0.164225 0 9.18678 0 8.89301 41091 1314 0.0347171
51.8135 169416 169416 0.164225 0 9.18676 0 8.89299 41091 1314 0.0348365
51.8136 167968 167968 0.164225 0 9.18674 0 8.89297 41091 1314 0.0349562
51.8137 166520 166520 0.164225 0 9.18672 0 8.89295 41091 1314 0.0350762
51.8139 165470 165072 0.164225 0 9.1867 0 8.89293 41091 1314 0.0351947
51.814 165018 163624 0.164225 0 9.18667 0 8.8929 41091 1314 0.0353138
51.8141 162176 162176 0.164225 0 9.18665 0 8.89288 41091 1314 0.0354487
51.8142 160728 160728 0.164225 0 9.18663 0 8.89286 41091 1314 0.0355592
51.8143 159280 159280 0.164225 0 9.18661 0 8.89284 41091 1314 0.0356807
51.8145 157832 157832 0.164225 0 9.18659 0 8.89282 41091 1314 0.0358025
51.8146 156384 156384 0.164225 0 9.18657 0 8.8928 41091 1314 0.0359246
51.8147 154936 154936 0.164225 0 9.18655 0 8.89278 41091 1314 0.036047
51.8148 153488 153488 0.164225 0 9.18653 0 8.89276 41091 1314 0.0361697
51.8149 152040 152040 0.164225 0 9.1865 0 8.89274 41091 1314 0.0362927
51.8151 150592 150592 0.164225 0 9.18648 0 8.89272 41091 1314 0.036416
51.8152 149144 149144 0.164225 0 9.18646 0 8.8927 41091 1314 0.0365396
51.8153 147696 147696 0.164225 0 9.18644 0 8.89268 41091 1314 0.0366635
51.8154 146248 146248 0.164225 0 9.18642 0 8.89266 41091 1314 0.0367877
51.8155 144800 144800 0.164225 0 9.1864 0 8.89264 41091 1314 0.0369122
51.8157 143352 143352 0.164225 0 9.18638 0 8.89262 41091 1314 0.0370369
51.966 144800 141904 0.164225 6.62738 9.17897 0 8.86689 41177 1400 0.037162
51.9662 146248 141904 0.163322 96.4048 9.17938 96.4048 8.8673 41179 1400 0.0369746
51.9665 147696 143352 0.162531 144.607 9.18 144.607 8.86793 41182 1400 0.0366868
51.9667 149144 144800 0.161715 144.607 9.18063 144.607 8.86855 41185 1400 0.0363953
52.1128 150592 146248 0.16887 7.05594 9.17467 7.05594 8.86347 41274 1400 0.0377777
52.1131 152040 147696 0.166262 144.607 9.1753 144.607 8.8641 41277 1400 0.0370922
52.1133 153488 149144 0.163979 144.607 9.17592 144.607 8.86472 41280 1400 0.0364884
52.1215 154936 150592 0.148225 97.8225 9.18982 97.8225 8.87867 41349 1400 0.0333369
52.2616 156384 152040 0.16503 2.56308 9.17205 2.56308 8.86174 41380 1400 0.0364613
52.2618 157832 153488 0.163027 144.607 9.17268 144.607 8.86236 41383 1400 0.0359214
52.2621 159280 154936 0.161273 144.607 9.1733 144.607 8.86299 41386 1400 0.0354405
52.4117 160728 156384 0.166667 7.97566 9.16988 7.97566 8.86045 41489 1400 0.0364396
52.4119 162176 157832 0.164583 144.607 9.1705 144.607 8.86108 41492 1400 0.0358774
52.4121 163624 159280 0.162885 144.607 9.17112 144.607 8.8617 41495 1400 0.0354033
52.5634 165072 160728 0.150714 8.19326 9.16831 8.19326 8.85977 41602 1400 0.0329256
52.5637 166520 162176 0.150875 144.607 9.16893 144.607 8.86039 41605 1400 0.0328335
52.5639 167968 163624 0.151016 144.607 9.16955 144.607 8.86101 41608 1400 0.0327382
52.7163 169416 165072 0.169696 8.28716 9.167 8.28716 8.85936 41717 1400 0.036367
52.7165 170864 166520 0.167609 144.607 9.16761 144.607 8.85998 41720 1400 0.0357931
52.7167 172312 167968 0.165783 144.607 9.16823 144.607 8.86059 41723 1400 0.0352834
52.8705 173760 169416 0.153366 8.51074 9.16632 8.51074 8.85958 41836 1400 0.032691
52.8708 175208 170864 0.153445 144.607 9.16693 144.607 8.86019 41839 1400 0.0325863
52.871 176656 172312 0.15364 144.607 9.16755 144.607 8.86081 41842 1400 0.0325036
53.0263 178104 173760 0.172646 8.58092 9.16583 8.58092 8.85999 41957 1400 0.0363055
53.0265 179552 175208 0.170565 144.607 9.16645 144.607 8.86061 41960 1400 0.0357225
53.1833 181000 176656 0.156233 8.93868 9.16577 8.93868 8.86084 42081 1400 0.0326404
53.1836 182448 178104 0.156329 144.607 9.16639 144.607 8.86145 42084 1400 0.0325409
53.1838 183896 179552 0.156413 144.607 9.167 144.607 8.86206 42087 1400 0.0324395
53.3413 185344 181000 0.157355 8.89777 9.1662 8.89777 8.86217 42208 1400 0.0325047
53.3416 186792 182448 0.157436 144.607 9.16681 144.607 8.86278 42211 1400 0.0324034
53.5004 188240 183896 0.176523 9.11543 9.16666 9.11543 8.86353 42336 1400 0.0363706
53.5007 189688 185344 0.174333 144.607 9.16727 144.607 8.86414 42339 1400 0.0357485
53.6607 191136 186792 0.177678 9.19175 9.16734 9.19175 8.86512 42466 1400 0.0364086
53.8221 192584 188240 0.179035 9.40359 9.16805 9.40359 8.86673 42597 1400 0.036614
53.8223 194032 189688 0.176906 144.607 9.16866 144.607 8.86734 42600 1400 0.035996
53.9848 195480 191136 0.161641 9.341 9.16917 9.341 8.86876 42731 1400 0.0325446
54.148 196928 192584 0.162954 9.58369 9.17042 9.58369 8.87092 42866 1400 0.0326984
54.1482 198376 194032 0.163085 144.607 9.17102 144.607 8.87152 42869 1400 0.0326107
54.3122 199824 195480 0.181952 9.39329 9.1717 9.39329 8.8731 43002 1400 0.0367422
54.4768 201272 196928 0.183292 9.64048 9.17311 9.64048 8.87541 43139 1400 0.0369568
54.4773 199824 198376 0.181006 144.411 9.17431 144.411 8.87661 43145 1400 0.0362845
54.4774 198921 198376 0.181006 96.4048 9.1745 0 8.87659 43146 1401 0.0362822
54.4776 198469 196928 0.181006 0 9.17448 0 8.87657 43146 1401 0.0363949
54.4777 198017 196928 0.181006 96.4048 9.17467 0 8.87655 43147 1402 0.0363949
54.4778 197565 195480 0.181006 0 9.17465 0 8.87653 43147 1402 0.0365089
54.4779 197113 195480 0.181006 96.4048 9.17484 0 8.87651 43148 1403 0.0365089
54.478 196661 195480 0.181006 96.4048 9.17504 0 8.87649 43149 1404 0.0365089
54.4782 196210 194032 0.181006 0 9.17502 0 8.87648 43149 1404 0.0366233
54.4783 195758 194032 0.181006 96.4048 9.17521 0 8.87646 43150 1405 0.0366233
54.4784 195306 194032 0.181006 96.4048 9.1754 0 8.87644 43151 1406 0.0366233
54.4785 194854 192584 0.181006 0 9.17538 0 8.87642 43151 1406 0.0367379
54.4786 194402 192584 0.181006 96.4048 9.17557 0 8.8764 43152 1407 0.0367379
54.4788 193950 192584 0.181006 96.4048 9.17576 0 8.87638 43153 1408 0.0367379
54.4789 193498 191136 0.181006 0 9.17574 0 8.87636 43153 1408 0.0368528
54.479 193047 191136 0.181006 96.4048 9.17594 0 8.87634 43154 1409 0.0368528
54.4791 192595 191136 0.181006 96.4048 9.17613 0 8.87632 43155 1410 0.0368528
54.4792 192143 191136 0.181006 96.4048 9.17632 0 8.8763 43156 1411 0.0368528
54.4794 191691 189688 0.181006 0 9.1763 0 8.87628 43156 1411 0.0369681
54.4795 191239 189688 0.181006 96.4048 9.17649 0 8.87626 43157 1412 0.0369681
54.4796 190787 189688 0.181006 96.4048 9.17669 0 8.87624 43158 1413 0.0369681
54.4797 190335 188240 0.181006 0 9.17667 0 8.87622 43158 1413 0.0370836
54.4798 188240 188240 0.181006 96.4048 9.17686 0 8.8762 43159 1414 0.0370911
54.48 186792 186792 0.181006 0 9.17684 0 8.87618 43159 1414 0.0372028
54.4801 185344 185344 0.181006 0 9.17682 0 8.87616 43159 1414 0.037319
54.4802 183896 183896 0.181006 0 9.1768 0 8.87614 43159 1414 0.0374354
54.4803 182448 182448 0.181006 0 9.17678 0 8.87612 43159 1414 0.0375521
54.4804 181000 181000 0.181006 0 9.17676 0 8.8761 43159 1414 0.0376692
54.4806 179552 179552 0.181006 0 9.17674 0 8.87608 43159 1414 0.0377865
54.4807 178104 178104 0.181006 0 9.17672 0 8.87606 43159 1414 0.0379041
54.4808 176656 176656 0.181006 0 9.1767 0 8.87604 43159 1414 0.038022
54.4809 175208 175208 0.181006 0 9.17668 0 8.87602 43159 1414 0.0381403
54.481 173760 173760 0.181006 0 9.17666 0 8.87601 43159 1414 0.0382588
54.4812 172312 172312 0.181006 0 9.17664 0 8.87599 43159 1414 0.0383776
54.4813 170864 170864 0.181006 0 9.17662 0 8.87597 43159 1414 0.0384967
54.4814 169416 169416 0.181006 0 9.1766 0 8.87595 43159 1414 0.0386161
54.4815 167968 167968 0.181006 0 9.17658 0 8.87593 43159 1414 0.0387358
54.4817 166520 166520 0.181006 0 9.17655 0 8.87591 43159 1414 0.0388559
54.4818 165072 165072 0.181006 0 9.17653 0 8.87589 43159 1414 0.0389762
54.4819 163624 163624 0.181006 0 9.17651 0 8.87587 43159 1414 0.0390968
54.482 162176 162176 0.181006 0 9.17649 0 8.87585 43159 1414 0.0392177
54.4821 160728 160728 0.181006 0 9.17647 0 8.87583 43159 1414 0.0393389
54.4823 159810 159280 0.181006 0 9.17645 0 8.87581 43159 1414 0.0394582
54.4824 157832 157832 0.181006 0 9.17643 0 8.87579 43159 1414 0.0395854
54.4825 156384 156384 0.181006 0 9.17641 0 8.87577 43159 1414 0.0397043
54.4826 154936 154936 0.181006 0 9.17639 0 8.87575 43159 1414 0.0398267
54.4827 153488 153488 0.181006 0 9.17637 0 8.87573 43159 1414 0.0399494
54.4829 152040 152040 0.181006 0 9.17635 0 8.87571 43159 1414 0.0400724
54.483 150592 150592 0.181006 0 9.17633 0 8.87569 43159 1414 0.0401957
54.4831 149144 149144 0.181006 0 9.17631 0 8.87567 43159 1414 0.0403192
54.4832 147696 147696 0.181006 0 9.17629 0 8.87565 43159 1414 0.0404431
54.4833 146248 146248 0.181006 0 9.17627 0 8.87563 43159 1414 0.0405673
54.4835 144800 144800 0.181006 0 9.17625 0 8.87561 43159 1414 0.0406918
54.4836 143352 143352 0.181006 0 9.17623 0 8.87559 43159 1414 0.0408166
54.4837 141904 141904 0.181006 0 9.17621 0 8.87557 43159 1414 0.0409417
54.4838 140456 140456 0.181006 0 9.17619 0 8.87555 43159 1414 0.041067
54.6085 141904 139008 0.181006 7.70871 9.17284 0 8.85528 43242 1497 0.0411927
54.6088 143352 139008 0.174755 96.4048 9.17322 96.4048 8.85567 43244 1497 0.039719
54.6136 144800 140456 0.130136 98.8149 9.18111 98.8149 8.86359 43285 1497 0.0313436
54.7247 146248 141904 0.125433 5.31529 9.17326 5.31529 8.85638 43336 1497 0.0305807
54.8438 147696 143352 0.117445 9.82531 9.17468 9.82531 8.85848 43437 1497 0.0294741
54.8441 149144 144800 0.117765 144.607 9.17527 144.607 8.85908 43440 1497 0.0293861
54.9651 150592 146248 0.132963 9.47773 9.17594 9.47773 8.86044 43539 1497 0.0312485
54.9653 152040 147696 0.131593 144.607 9.17653 144.607 8.86103 43542 1497 0.0309263
