0.200133 14480 0 0 0 0 0 0 0 0 0 1.06959
0.401462 15928 13032 0.200125 0.575376 0.288545 0.575376 0.288545 10 0 1 0.925016
0.403866 17376 13032 0.200484 9.64048 0.344194 9.64048 0.344194 12 0 1 0.924973
0.406269 20272 14480 0.201174 14.4607 0.427697 14.4607 0.427697 15 0 1 0.916417
0.408672 21720 17376 0.202027 19.281 0.538564 19.281 0.538564 19 0 1 0.89931
0.411075 23168 18824 0.203149 14.4607 0.619955 14.4607 0.619955 22 0 1 0.890767
0.60275 24616 20272 0.228005 0.181307 0.480465 0.181307 0.480465 25 0 1 0.880183
0.605153 26064 21720 0.225004 14.4607 0.535984 14.4607 0.535984 28 0 1 0.872049
0.607556 28960 23168 0.222379 14.4607 0.591063 14.4607 0.591063 31 0 1 0.864004
0.810045 33304 26064 0.211346 1.02975 0.700722 1.02975 0.700722 49 0 1 0.848584
1.01013 39096 30408 0.207303 1.2158 0.802748 1.2158 0.802748 70 0 1 0.824722
1.21142 43440 36200 0.225724 1.49629 0.917985 1.49629 0.917985 96 0 1 0.790991
1.41271 47784 40544 0.229312 1.66894 1.02498 1.66894 1.02498 125 0 1 0.767182
1.61279 56472 44888 0.209051 1.79475 1.12048 1.79475 1.12048 156 0 1 0.746153
1.81408 62264 53576 0.227882 2.18688 1.23881 2.18688 1.23881 194 0 1 0.698826
2.01537 68056 59368 0.231492 2.41708 1.35649 2.41708 1.35649 236 0 1 0.669157
2.21665 75296 65160 0.228719 2.64728 1.4737 2.64728 1.4737 282 0 1 0.640687
2.41794 83984 72400 0.227535 2.93503 1.59535 2.93503 1.59535 333 0 1 0.605856
2.47802 99912 81088 0.20918 10.7973 1.81846 10.7973 1.81846 389 0 1 0.568232
2.68532 118736 97016 0.209639 3.74407 1.96711 3.74407 1.96711 456 0 1 0.497978
2.8866 143352 115840 0.204356 4.66152 2.15499 4.66152 2.15499 537 0 1 0.423014
3.08669 173760 140456 0.20286 5.61583 2.37933 5.61583 2.37933 634 0 1 0.334447
3.28798 209960 170864 0.204467 6.8484 2.65292 6.8484 2.65292 753 0 1 0.240417
3.48806 254848 207064 0.203354 8.27901 2.97565 8.27901 2.97565 896 0 1 0.153967
3.68935 308424 251952 0.204826 10.0712 3.36278 10.0712 3.36278 1071 0 1 0.0807379
3.89843 360552 305528 0.212599 11.6905 3.80941 11.6905 3.80941 1282 0 1 0.0315627
4.15317 363448 357656 0.257067 11.2775 4.26747 11.2775 4.26747 1530 0 1 0.0101842
4.45116 327248 360552 0.300453 9.71823 4.63239 9.71823 4.63239 1780 0 1 0.0260093
4.75156 291048 324352 0.302849 8.67643 4.88806 8.67643 4.88806 2005 0 1 0.0142466
5.02072 282360 288152 0.271546 8.56453 5.08515 8.56453 5.08515 2204 0 1 0.0137026
5.26104 298288 279464 0.242795 9.35126 5.28003 9.35126 5.28003 2398 0 1 0.0223289
5.49415 322904 295392 0.235492 10.1871 5.48823 10.1871 5.48823 2603 0 1 0.0146369
5.73928 335936 320008 0.247619 10.4439 5.69988 10.4439 5.69988 2824 0 1 0.0019971
6.00603 327248 333040 0.269229 10.0313 5.89226 10.0313 5.89226 3055 0 1 0.00141178
6.2824 309872 324352 0.278665 9.38899 6.04609 9.38899 6.04609 3279 0 1 0.00321081
6.55156 299736 306976 0.271653 9.12403 6.17254 9.12403 6.17254 3491 0 1 0.0041841
6.8063 302632 296840 0.257169 9.32216 6.29042 9.32216 6.29042 3696 0 1 0.00759497
7.05383 312768 299736 0.249952 9.73408 6.41126 9.73408 6.41126 3904 0 1 0.00711643
7.30376 320008 309872 0.252209 9.96492 6.53287 9.96492 6.53287 4119 0 1 0.00272364
7.5609 322904 317112 0.25957 9.86572 6.64622 9.86572 6.64622 4338 0 1 0.000668657
7.82526 317112 320008 0.266754 9.72812 6.75033 9.72812 6.75033 4560 0 1 0.000599158
8.09201 309872 314216 0.269151 9.46678 6.83988 9.46678 6.83988 4778 0 1 0.00168103
8.35396 305528 306976 0.264347 9.41937 6.92076 9.41937 6.92076 4991 0 1 0.00327319
8.6087 308424 302632 0.257148 9.50406 6.9972 9.50406 6.9972 5200 0 1 0.00482436
8.86103 314216 305528 0.254797 9.73229 7.07509 9.73229 7.07509 5412 0 1 0.00393435
9.11577 317112 311320 0.257039 9.82238 7.15186 9.82238 7.15186 5628 0 1 0.00185993
9.37532 315664 314216 0.261998 9.72974 7.22323 9.72974 7.22323 5846 0 1 0.00112486
9.63727 311320 312768 0.264418 9.59626 7.28773 9.59626 7.28773 6063 0 1 0.00161471
9.89681 309872 308424 0.261913 9.50658 7.34592 9.50658 7.34592 6276 0 1 0.00262482
10.154 312768 306976 0.259462 9.59543 7.40289 9.59543 7.40289 6489 0 1 0.00315533
10.4087 315664 309872 0.257148 9.73143 7.45987 9.73143 7.45987 6703 0 1 0.00225422
10.6658 318560 312768 0.259523 9.73058 7.51462 9.73058 7.51462 6919 0 1 0.00149617
10.9254 317112 315664 0.261834 9.72974 7.56724 9.72974 7.56724 7137 0 1 0.000848407
11.1873 312768 314216 0.264428 9.59626 7.61475 9.59626 7.61475 7354 0 1 0.00129927
11.4493 308424 309872 0.264423 9.50781 7.65806 9.50781 7.65806 7569 0 1 0.00236491
11.7064 311320 305528 0.259601 9.50533 7.69864 9.50533 7.69864 7780 0 1 0.00366923
11.9612 314216 308424 0.257067 9.73143 7.74193 9.73143 7.74193 7994 0 1 0.00268932
12.2183 317112 311320 0.259622 9.73058 7.78378 9.73058 7.78378 8210 0 1 0.00185131
12.4779 315664 314216 0.261977 9.72974 7.82426 9.72974 7.82426 8428 0 1 0.00112477
12.7398 311320 312768 0.264181 9.59626 7.86069 9.59626 7.86069 8645 0 1 0.00161267
12.9993 309872 308424 0.262 9.50658 7.89356 9.50658 7.89356 8858 0 1 0.00262516
13.2565 312768 306976 0.259649 9.59543 7.92657 9.59543 7.92657 9071 0 1 0.00315517
13.5112 315664 309872 0.257131 9.73143 7.9606 9.73143 7.9606 9285 0 1 0.00225432
13.7684 318560 312768 0.25948 9.73058 7.99365 9.73058 7.99365 9501 0 1 0.00149621
14.0279 317112 315664 0.261998 9.72974 8.02578 9.72974 8.02578 9719 0 1 0.000849036
14.2899 312768 314216 0.264335 9.59626 8.05456 9.59626 8.05456 9936 0 1 0.00129846
14.5518 308424 309872 0.264262 9.50781 8.08072 9.50781 8.08072 10151 0 1 0.0023635
14.809 311320 305528 0.259462 9.50533 8.10546 9.50533 8.10546 10362 0 1 0.00366936
15.0637 314216 308424 0.257148 9.73143 8.13296 9.73143 8.13296 10576 0 1 0.00268885
15.3208 317112 311320 0.259523 9.73058 8.15977 9.73058 8.15977 10792 0 1 0.00185139
15.5804 315664 314216 0.261834 9.72974 8.18593 9.72974 8.18593 11010 0 1 0.00112423
15.8423 311320 312768 0.264428 9.59626 8.20924 9.59626 8.20924 11227 0 1 0.0016148
16.1019 309872 308424 0.261994 9.50658 8.23016 9.50658 8.23016 11440 0 1 0.00262514
16.359 312768 306976 0.259544 9.59543 8.25162 9.59543 8.25162 11653 0 1 0.00315525
16.6138 315664 309872 0.257077 9.73143 8.27431 9.73143 8.27431 11867 0 1 0.00225463
16.8709 318560 312768 0.259568 9.73058 8.2965 9.73058 8.2965 12083 0 1 0.00149613
17.1304 317112 315664 0.261974 9.72974 8.31822 9.72974 8.31822 12301 0 1 0.000848938
17.3924 312768 314216 0.264206 9.59626 8.33747 9.59626 8.33747 12518 0 1 0.00129736
17.6543 308424 309872 0.264428 9.50781 8.35483 9.50781 8.35483 12733 0 1 0.00236495
17.9115 311320 305528 0.259649 9.50533 8.37135 9.50533 8.37135 12944 0 1 0.00366919
18.1662 314216 308424 0.257088 9.73143 8.39042 9.73143 8.39042 13158 0 1 0.00268919
18.4234 317112 311320 0.259529 9.73058 8.40913 9.73058 8.40913 13374 0 1 0.00185139
18.6829 315664 314216 0.261998 9.72974 8.42747 9.72974 8.42747 13592 0 1 0.00112486
18.9449 311320 312768 0.264335 9.59626 8.44363 9.59626 8.44363 13809 0 1 0.00161399
19.2044 309872 308424 0.2619 9.50658 8.458 9.50658 8.458 14022 0 1 0.00262478
19.4616 312768 306976 0.259528 9.59543 8.47303 9.59543 8.47303 14235 0 1 0.00315527
19.7163 315664 309872 0.257166 9.73143 8.48929 9.73143 8.48929 14449 0 1 0.00225412
19.9734 318560 312768 0.259601 9.73058 8.50527 9.73058 8.50527 14665 0 1 0.0014961
20.233 317112 315664 0.261811 9.72974 8.52097 9.72974 8.52097 14883 0 1 0.000848321
20.4949 312768 314216 0.264346 9.59626 8.53472 9.59626 8.53472 15100 0 1 0.00129856
20.7569 308424 309872 0.264341 9.50781 8.547 9.50781 8.547 15315 0 1 0.00236419
21.014 311320 305528 0.259544 9.50533 8.55872 9.50533 8.55872 15526 0 1 0.00366928
21.2688 314216 308424 0.257077 9.73143 8.57277 9.73143 8.57277 15740 0 1 0.00268926
21.5259 317112 311320 0.259568 9.73058 8.5866 9.73058 8.5866 15956 0 1 0.00185135
21.7854 315664 314216 0.261974 9.72974 8.60022 9.72974 8.60022 16174 0 1 0.00112476
22.0474 311320 312768 0.264206 9.59626 8.61205 9.59626 8.61205 16391 0 1 0.00161289
22.3069 309872 308424 0.262 9.50658 8.62246 9.50658 8.62246 16604 0 1 0.00262516
22.5641 312768 306976 0.259599 9.59543 8.63355 9.59543 8.63355 16817 0 1 0.0031552
22.8188 315664 309872 0.257101 9.73143 8.64581 9.73143 8.64581 17031 0 1 0.00225449
23.076 318560 312768 0.259462 9.73058 8.65789 9.73058 8.65789 17247 0 1 0.00149623
23.3355 317112 315664 0.261998 9.72974 8.66982 9.72974 8.66982 17465 0 1 0.000849035
23.5975 312768 314216 0.264383 9.59626 8.6801 9.59626 8.6801 17682 0 1 0.00129888
23.8594 308424 309872 0.264299 9.50781 8.68919 9.50781 8.68919 17897 0 1 0.00236382
24.1165 311320 305528 0.259528 9.50533 8.69789 9.50533 8.69789 18108 0 1 0.00366929
24.3713 314216 308424 0.257166 9.73143 8.70869 9.73143 8.70869 18322 0 1 0.00268875
24.6284 317112 311320 0.259601 9.73058 8.71936 9.73058 8.71936 18538 0 1 0.00185132
24.888 315664 314216 0.261811 9.72974 8.7299 9.72974 8.7299 18756 0 1 0.00112414
25.1499 311320 312768 0.264346 9.59626 8.73892 9.59626 8.73892 18973 0 1 0.00161408
25.4095 309872 308424 0.261993 9.50658 8.74676 9.50658 8.74676 19186 0 1 0.00262514
25.6666 312768 306976 0.259406 9.59543 8.75527 9.59543 8.75527 19399 0 1 0.0031554
25.9214 315664 309872 0.257172 9.73143 8.76486 9.73143 8.76486 19613 0 1 0.00225409
26.1785 318560 312768 0.259649 9.73058 8.77434 9.73058 8.77434 19829 0 1 0.00149606
26.438 317112 315664 0.26197 9.72974 8.78372 9.72974 8.78372 20047 0 1 0.000848923
26.7 312768 314216 0.264236 9.59626 8.7917 9.59626 8.7917 20264 0 1 0.00129761
26.9619 308424 309872 0.264346 9.50781 8.79865 9.50781 8.79865 20479 0 1 0.00236423
27.2191 311320 305528 0.259595 9.50533 8.80533 9.50533 8.80533 20690 0 1 0.00366923
27.4738 314216 308424 0.257106 9.73143 8.81392 9.73143 8.81392 20904 0 1 0.00268909
27.731 317112 311320 0.259462 9.73058 8.82242 9.73058 8.82242 21120 0 1 0.00185145
27.9905 315664 314216 0.261998 9.72974 8.83083 9.72974 8.83083 21338 0 1 0.00112486
28.2525 311320 312768 0.264383 9.59626 8.83793 9.59626 8.83793 21555 0 1 0.00161441
28.512 309872 308424 0.261886 9.50658 8.84401 9.50658 8.84401 21768 0 1 0.00262472
28.7691 312768 306976 0.259603 9.59543 8.85073 9.59543 8.85073 21981 0 1 0.0031552
29.0239 315664 309872 0.25719 9.73143 8.85846 9.73143 8.85846 22195 0 1 0.00225398
29.281 318560 312768 0.259544 9.73058 8.86612 9.73058 8.86612 22411 0 1 0.00149615
29.5406 317112 315664 0.261927 9.72974 8.87371 9.72974 8.87371 22629 0 1 0.000848754
29.8025 312768 314216 0.264396 9.59626 8.88006 9.59626 8.88006 22846 0 1 0.00129899
30.0645 308424 309872 0.26439 9.50781 8.88553 9.50781 8.88553 23061 0 1 0.00236461
30.3216 311320 305528 0.259406 9.50533 8.89078 9.50533 8.89078 23272 0 1 0.00366942
30.5764 314216 308424 0.257172 9.73143 8.89779 9.73143 8.89779 23486 0 1 0.00268872
30.8335 317112 311320 0.259649 9.73058 8.90473 9.73058 8.90473 23702 0 1 0.00185129
31.093 315664 314216 0.26197 9.72974 8.91162 9.72974 8.91162 23920 0 1 0.00112475
31.355 311320 312768 0.264236 9.59626 8.91734 9.59626 8.91734 24137 0 1 0.00161314
31.6145 309872 308424 0.262 9.50658 8.92218 9.50658 8.92218 24350 0 1 0.00262516
31.8717 312768 306976 0.259537 9.59543 8.92761 9.59543 8.92761 24563 0 1 0.00315526
32.1264 315664 309872 0.257121 9.73143 8.93398 9.73143 8.93398 24777 0 1 0.00225438
32.3836 318560 312768 0.259528 9.73058 8.94031 9.73058 8.94031 24993 0 1 0.00149616
32.6431 317112 315664 0.261998 9.72974 8.94658 9.72974 8.94658 25211 0 1 0.000849034
32.9051 312768 314216 0.264438 9.59626 8.95175 9.59626 8.95175 25428 0 1 0.00129937
33.167 308424 309872 0.264217 9.50781 8.95615 9.50781 8.95615 25643 0 1 0.00236312
33.4241 311320 305528 0.259603 9.50533 8.96037 9.50533 8.96037 25854 0 1 0.00366923
33.6789 314216 308424 0.25719 9.73143 8.9662 9.73143 8.9662 26068 0 1 0.00268861
33.936 317112 311320 0.259544 9.73058 8.972 9.73058 8.972 26284 0 1 0.00185137
34.1956 315664 314216 0.261927 9.72974 8.97775 9.72974 8.97775 26502 0 1 0.00112458
34.4575 311320 312768 0.264396 9.59626 8.98245 9.59626 8.98245 26719 0 1 0.00161451
34.7171 309872 308424 0.261983 9.50658 8.98637 9.50658 8.98637 26932 0 1 0.0026251
34.9742 312768 306976 0.259473 9.59543 8.99085 9.59543 8.99085 27145 0 1 0.00315532
35.2289 315664 309872 0.257196 9.73143 8.9962 9.73143 8.9962 27359 0 1 0.00225395
35.4861 318560 312768 0.259599 9.73058 9.00152 9.73058 9.00152 27575 0 1 0.0014961
35.7456 317112 315664 0.261966 9.72974 9.00681 9.72974 9.00681 27793 0 1 0.000848907
36.0076 312768 314216 0.26427 9.59626 9.0111 9.59626 9.0111 28010 0 1 0.0012979
36.2695 308424 309872 0.264395 9.50781 9.01469 9.50781 9.01469 28225 0 1 0.00236466
36.5267 311320 305528 0.259538 9.50533 9.01814 9.50533 9.01814 28436 0 1 0.00366928
36.7814 314216 308424 0.257121 9.73143 9.02308 9.73143 9.02308 28650 0 1 0.002689
37.0386 317112 311320 0.259528 9.73058 9.02799 9.73058 9.02799 28866 0 1 0.00185139
37.2981 315664 314216 0.261998 9.72974 9.03287 9.72974 9.03287 29084 0 1 0.00112486
37.56 311320 312768 0.264438 9.59626 9.0368 9.59626 9.0368 29301 0 1 0.00161489
37.8196 309872 308424 0.26187 9.50658 9.04003 9.50658 9.04003 29514 0 1 0.00262466
38.0767 312768 306976 0.259546 9.59543 9.04378 9.59543 9.04378 29727 0 1 0.00315525
38.3315 315664 309872 0.257217 9.73143 9.04835 9.73143 9.04835 29941 0 1 0.00225383
38.5886 318560 312768 0.259479 9.73058 9.05289 9.73058 9.05289 30157 0 1 0.00149621
38.8482 317112 315664 0.261916 9.72974 9.05742 9.72974 9.05742 30375 0 1 0.000848714
39.1101 312768 314216 0.264452 9.59626 9.06103 9.59626 9.06103 30592 0 1 0.00129949
39.3721 308424 309872 0.264437 9.50781 9.064 9.50781 9.064 30807 0 1 0.00236503
39.6292 311320 305528 0.259473 9.50533 9.06686 9.50533 9.06686 31018 0 1 0.00366935
39.8839 314216 308424 0.257196 9.73143 9.07111 9.73143 9.07111 31232 0 1 0.00268858
40.1411 317112 311320 0.259599 9.73058 9.07533 9.73058 9.07533 31448 0 1 0.00185132
40.4006 315664 314216 0.261966 9.72974 9.07953 9.72974 9.07953 31666 0 1 0.00112473
40.6626 311320 312768 0.26427 9.59626 9.08286 9.59626 9.08286 31883 0 1 0.00161342
40.9221 309872 308424 0.261999 9.50658 9.08555 9.50658 9.08555 32096 0 1 0.00262516
41.1793 312768 306976 0.259615 9.59543 9.08873 9.59543 9.08873 32309 0 1 0.00315519
41.434 315664 309872 0.257139 9.73143 9.09269 9.73143 9.09269 32523 0 1 0.00225428
41.6912 318560 312768 0.259603 9.73058 9.09662 9.73058 9.09662 32739 0 1 0.0014961
41.9507 317112 315664 0.261998 9.72974 9.10054 9.72974 9.10054 32957 0 1 0.000849033
42.2126 312768 314216 0.264339 9.59626 9.10361 9.59626 9.10361 33174 0 1 0.00129849
42.4746 308424 309872 0.26427 9.50781 9.10611 9.50781 9.10611 33389 0 1 0.00236357
42.7317 311320 305528 0.259546 9.50533 9.10851 9.50533 9.10851 33600 0 1 0.00366928
42.9865 314216 308424 0.257217 9.73143 9.1122 9.73143 9.1122 33814 0 1 0.00268846
43.2436 317112 311320 0.259479 9.73058 9.11588 9.73058 9.11588 34030 0 1 0.00185144
43.5032 315664 314216 0.261916 9.72974 9.11954 9.72974 9.11954 34248 0 1 0.00112454
43.7651 311320 312768 0.264451 9.59626 9.12239 9.59626 9.12239 34465 0 1 0.001615
44.0247 309872 308424 0.261982 9.50658 9.12466 9.50658 9.12466 34678 0 1 0.00262509
44.2818 312768 306976 0.259398 9.59543 9.12739 9.59543 9.12739 34891 0 1 0.00315541
44.5365 315664 309872 0.257224 9.73143 9.13085 9.73143 9.13085 35105 0 1 0.0022538
44.7937 318560 312768 0.259542 9.73058 9.13429 9.73058 9.13429 35321 0 1 0.00149615
45.0532 317112 315664 0.261961 9.72974 9.13772 9.72974 9.13772 35539 0 1 0.000848887
45.3152 312768 314216 0.264308 9.59626 9.14037 9.59626 9.14037 35756 0 1 0.00129823
45.5771 308424 309872 0.264452 9.50781 9.14248 9.50781 9.14248 35971 0 1 0.00236516
45.8343 311320 305528 0.259615 9.50533 9.14452 9.50533 9.14452 36182 0 1 0.00366922
46.089 314216 308424 0.257139 9.73143 9.14776 9.73143 9.14776 36396 0 1 0.0026889
46.3461 317112 311320 0.259603 9.73058 9.151 9.73058 9.151 36612 0 1 0.00185132
46.6057 315664 314216 0.261998 9.72974 9.15422 9.72974 9.15422 36830 0 1 0.00112486
46.8676 311320 312768 0.264339 9.59626 9.15669 9.59626 9.15669 37047 0 1 0.00161401
47.1272 309872 308424 0.261873 9.50658 9.15862 9.50658 9.15862 37260 0 1 0.00262467
47.3843 312768 306976 0.259624 9.59543 9.16099 9.59543 9.16099 37473 0 1 0.00315518
47.6391 315664 309872 0.257248 9.73143 9.16404 9.73143 9.16404 37687 0 1 0.00225366
47.8962 318560 312768 0.259547 9.73058 9.16708 9.73058 9.16708 37903 0 1 0.00149614
48.1558 317112 315664 0.261904 9.72974 9.17011 9.72974 9.17011 38121 0 1 0.000848668
48.4177 312768 314216 0.264372 9.59626 9.17242 9.59626 9.17242 38338 0 1 0.00129879
48.6797 308424 309872 0.264358 9.50781 9.17422 9.50781 9.17422 38553 0 1 0.00236433
48.9368 311320 305528 0.259398 9.50533 9.17596 9.50533 9.17596 38764 0 1 0.00366943
49.1915 314216 308424 0.257224 9.73143 9.17884 9.73143 9.17884 38978 0 1 0.00268842
49.4487 317112 311320 0.259542 9.73058 9.18171 9.73058 9.18171 39194 0 1 0.00185137
49.7082 315664 314216 0.261918 9.72974 9.18457 9.72974 9.18457 39412 0 1 0.00112454
49.9702 311320 312768 0.264357 9.59626 9.18673 9.59626 9.18673 39629 0 1 0.00161418
50.2297 309872 308424 0.261999 9.50658 9.18838 9.50658 9.18838 39842 0 1 0.00262516
50.4869 312768 306976 0.259559 9.59543 9.19045 9.59543 9.19045 40055 0 1 0.00315524
50.7416 315664 309872 0.257016 9.73143 9.19317 9.73143 9.19317 40269 0 1 0.002255
50.9987 318560 312768 0.259547 9.73058 9.19588 9.73058 9.19588 40485 0 1 0.00149615
51.2583 317112 315664 0.261994 9.72974 9.19858 9.72974 9.19858 40703 0 1 0.00084902
51.5202 312768 314216 0.26439 9.59626 9.2006 9.59626 9.2006 40920 0 1 0.00129894
51.7822 308424 309872 0.264308 9.50781 9.20216 9.50781 9.20216 41135 0 1 0.0023639
52.0393 311320 305528 0.259624 9.50533 9.20366 9.50533 9.20366 41346 0 1 0.00366921
52.2941 314216 308424 0.257248 9.73143 9.20623 9.73143 9.20623 41560 0 1 0.00268829
52.5512 317112 311320 0.259547 9.73058 9.20879 9.73058 9.20879 41776 0 1 0.00185137
52.8108 315664 314216 0.261904 9.72974 9.21135 9.72974 9.21135 41994 0 1 0.00112449
53.0727 311320 312768 0.264373 9.59626 9.21325 9.59626 9.21325 42211 0 1 0.00161431
53.3323 309872 308424 0.26198 9.50658 9.21468 9.50658 9.21468 42424 0 1 0.00262508
53.5894 312768 306976 0.259455 9.59543 9.21651 9.59543 9.21651 42637 0 1 0.00315534
53.8441 315664 309872 0.257256 9.73143 9.21894 9.73143 9.21894 42851 0 1 0.00225362
54.1013 318560 312768 0.25962 9.73058 9.22137 9.73058 9.22137 43067 0 1 0.00149608
54.3608 317112 315664 0.261906 9.72974 9.2238 9.72974 9.2238 43285 0 1 0.000848676
54.6228 312768 314216 0.264265 9.59626 9.22559 9.59626 9.22559 43502 0 1 0.00129786
54.8847 308424 309872 0.264374 9.50781 9.22694 9.50781 9.22694 43717 0 1 0.00236447
55.1419 311320 305528 0.259559 9.50533 9.22823 9.50533 9.22823 43928 0 1 0.00366926
55.3966 314216 308424 0.257016 9.73143 9.23055 9.73143 9.23055 44142 0 1 0.00268962
55.6537 317112 311320 0.259547 9.73058 9.23286 9.73058 9.23286 44358 0 1 0.00185137
55.9133 315664 314216 0.261994 9.72974 9.23516 9.72974 9.23516 44576 0 1 0.00112484
56.1752 311320 312768 0.26439 9.59626 9.23685 9.59626 9.23685 44793 0 1 0.00161447
56.4348 309872 308424 0.261855 9.50658 9.23809 9.50658 9.23809 45006 0 1 0.00262461
56.6919 312768 306976 0.259571 9.59543 9.23971 9.59543 9.23971 45219 0 1 0.00315523
56.9467 315664 309872 0.257141 9.73143 9.24191 9.73143 9.24191 45433 0 1 0.00225426
57.2038 318560 312768 0.259387 9.73058 9.24411 9.73058 9.24411 45649 0 1 0.00149632
57.4634 317112 315664 0.262 9.72974 9.2463 9.72974 9.2463 45867 0 1 0.000849041
57.7253 312768 314216 0.264426 9.59626 9.24789 9.59626 9.24789 46084 0 1 0.00129926
57.9872 308424 309872 0.264409 9.50781 9.24906 9.50781 9.24906 46299 0 1 0.00236478
58.2444 311320 305528 0.259455 9.50533 9.25019 9.50533 9.25019 46510 0 1 0.00366937
58.4991 314216 308424 0.257256 9.73143 9.25229 9.73143 9.25229 46724 0 1 0.00268824
58.7563 317112 311320 0.259614 9.73058 9.25438 9.73058 9.25438 46940 0 1 0.00185131
59.0158 315664 314216 0.261913 9.72974 9.25647 9.72974 9.25647 47158 0 1 0.00112452
59.2778 311320 312768 0.264265 9.59626 9.25797 9.59626 9.25797 47375 0 1 0.00161339
59.5373 309872 308424 0.261999 9.50658 9.25906 9.50658 9.25906 47588 0 1 0.00262516
59.7945 312768 306976 0.259639 9.59543 9.2605 9.59543 9.2605 47801 0 1 0.00315517
60.0492 315664 309872 0.257018 9.73143 9.2625 9.73143 9.2625 48015 0 1 0.00225498
60.3063 318560 312768 0.259624 9.73058 9.2645 9.73058 9.2645 48231 0 1 0.00149608
60.5659 317112 315664 0.261994 9.72974 9.26649 9.72974 9.26649 48449 0 1 0.000849018
60.8278 312768 314216 0.264303 9.59626 9.26791 9.59626 9.26791 48666 0 1 0.00129819
61.0898 308424 309872 0.264209 9.50781 9.26894 9.50781 9.26894 48881 0 1 0.00236306
61.3469 311320 305528 0.259571 9.50533 9.26993 9.50533 9.26993 49092 0 1 0.00366926
61.6017 314216 308424 0.257141 9.73143 9.27184 9.73143 9.27184 49306 0 1 0.00268889
61.8588 317112 311320 0.259387 9.73058 9.27375 9.73058 9.27375 49522 0 1 0.00185154
62.1184 315664 314216 0.262 9.72974 9.27565 9.72974 9.27565 49740 0 1 0.00112486
62.3803 311320 312768 0.264426 9.59626 9.277 9.59626 9.277 49957 0 1 0.00161478
62.6398 309872 308424 0.261977 9.50658 9.27795 9.50658 9.27795 50170 0 1 0.00262507
62.897 312768 306976 0.259377 9.59543 9.27925 9.59543 9.27925 50383 0 1 0.00315543
63.1517 315664 309872 0.25715 9.73143 9.28107 9.73143 9.28107 50597 0 1 0.00225421
63.4089 318560 312768 0.259559 9.73058 9.28289 9.73058 9.28289 50813 0 1 0.00149613
63.6684 317112 315664 0.2619 9.72974 9.28472 9.72974 9.28472 51031 0 1 0.000848654
63.9304 312768 314216 0.264303 9.59626 9.28599 9.59626 9.28599 51248 0 1 0.00129819
64.1923 308424 309872 0.264427 9.50781 9.2869 9.50781 9.2869 51463 0 1 0.00236494
64.4495 311320 305528 0.259639 9.50533 9.28777 9.50533 9.28777 51674 0 1 0.0036692
64.7042 314216 308424 0.257018 9.73143 9.28952 9.73143 9.28952 51888 0 1 0.00268961
64.9613 317112 311320 0.259624 9.73058 9.29126 9.73058 9.29126 52104 0 1 0.00185131
65.2209 315664 314216 0.261994 9.72974 9.29301 9.72974 9.29301 52322 0 1 0.00112484
65.4828 311320 312768 0.264303 9.59626 9.29422 9.59626 9.29422 52539 0 1 0.00161371
65.7424 309872 308424 0.261834 9.50658 9.29506 9.50658 9.29506 52752 0 1 0.00262453
65.9995 312768 306976 0.259652 9.59543 9.29623 9.59543 9.29623 52965 0 1 0.00315516
66.2543 315664 309872 0.25715 9.73143 9.2979 9.73143 9.2979 53179 0 1 0.00225421
66.5114 318560 312768 0.259455 9.73058 9.29957 9.73058 9.29957 53395 0 1 0.00149624
66.7709 317112 315664 0.262 9.72974 9.30125 9.72974 9.30125 53613 0 1 0.000849041
67.0329 312768 314216 0.264344 9.59626 9.3024 9.59626 9.3024 53830 0 1 0.00129854
67.2948 308424 309872 0.264324 9.50781 9.3032 9.50781 9.3032 54045 0 1 0.00236404
67.552 311320 305528 0.259377 9.50533 9.30397 9.50533 9.30397 54256 0 1 0.00366946
67.8067 314216 308424 0.257149 9.73143 9.30557 9.73143 9.30557 54470 0 1 0.00268884
68.0639 317112 311320 0.259559 9.73058 9.30718 9.73058 9.30718 54686 0 1 0.00185136
68.3234 315664 314216 0.2619 9.72974 9.30878 9.72974 9.30878 54904 0 1 0.00112448
68.5854 311320 312768 0.264303 9.59626 9.30988 9.59626 9.30988 55121 0 1 0.00161371
68.8449 309872 308424 0.261998 9.50658 9.31062 9.50658 9.31062 55334 0 1 0.00262516
69.102 312768 306976 0.259588 9.59543 9.31168 9.59543 9.31168 55547 0 1 0.00315521
69.3568 315664 309872 0.25702 9.73143 9.31323 9.73143 9.31323 55761 0 1 0.00225497
69.6139 318560 312768 0.259571 9.73058 9.31477 9.73058 9.31477 55977 0 1 0.00149612
69.8735 317112 315664 0.261993 9.72974 9.31631 9.72974 9.31631 56195 0 1 0.000849015
70.1354 312768 314216 0.264346 9.59626 9.31735 9.59626 9.31735 56412 0 1 0.00129856
70.3974 308424 309872 0.264239 9.50781 9.31806 9.50781 9.31806 56627 0 1 0.00236331
70.6545 311320 305528 0.259652 9.50533 9.31874 9.50533 9.31874 56838 0 1 0.00366919
70.9093 314216 308424 0.25715 9.73143 9.32023 9.73143 9.32023 57052 0 1 0.00268884
71.1664 317112 311320 0.259455 9.73058 9.32171 9.73058 9.32171 57268 0 1 0.00185146
71.4259 315664 314216 0.262 9.72974 9.32319 9.72974 9.32319 57486 0 1 0.00112486
71.6879 311320 312768 0.264344 9.59626 9.32419 9.59626 9.32419 57703 0 1 0.00161406
71.9474 309872 308424 0.261974 9.50658 9.32485 9.50658 9.32485 57916 0 1 0.00262506
72.2046 312768 306976 0.259431 9.59543 9.32581 9.59543 9.32581 58129 0 1 0.00315537
72.4593 315664 309872 0.25717 9.73143 9.32724 9.73143 9.32724 58343 0 1 0.0022541
72.7165 318560 312768 0.259639 9.73058 9.32866 9.73058 9.32866 58559 0 1 0.00149607
72.976 317112 315664 0.261886 9.72974 9.33009 9.72974 9.33009 58777 0 1 0.0008486
73.238 312768 314216 0.264347 9.59626 9.33104 9.59626 9.33104 58994 0 1 0.00129856
73.4999 308424 309872 0.264345 9.50781 9.33167 9.50781 9.33167 59209 0 1 0.00236422
73.757 311320 305528 0.259571 9.50533 9.33228 9.50533 9.33228 59420 0 1 0.00366925
74.0118 314216 308424 0.257039 9.73143 9.33365 9.73143 9.33365 59634 0 1 0.00268948
74.2689 317112 311320 0.259571 9.73058 9.33503 9.73058 9.33503 59850 0 1 0.00185135
74.5285 315664 314216 0.261993 9.72974 9.3364 9.72974 9.3364 60068 0 1 0.00112484
74.7904 311320 312768 0.264346 9.59626 9.33731 9.59626 9.33731 60285 0 1 0.00161408
75.05 309872 308424 0.261811 9.50658 9.3379 9.50658 9.3379 60498 0 1 0.00262444
75.3071 312768 306976 0.259601 9.59543 9.33878 9.59543 9.33878 60711 0 1 0.0031552
75.5619 315664 309872 0.257173 9.73143 9.3401 9.73143 9.3401 60925 0 1 0.00225408
75.819 318560 312768 0.259377 9.73058 9.34142 9.73058 9.34142 61141 0 1 0.00149633
76.0785 317112 315664 0.262 9.72974 9.34275 9.72974 9.34275 61359 0 1 0.00084904
76.3405 312768 314216 0.264393 9.59626 9.34362 9.59626 9.34362 61576 0 1 0.00129897
76.6024 308424 309872 0.264371 9.50781 9.34418 9.50781 9.34418 61791 0 1 0.00236445
76.8596 311320 305528 0.259431 9.50533 9.34472 9.50533 9.34472 62002 0 1 0.00366939
77.1143 314216 308424 0.25717 9.73143 9.346 9.73143 9.346 62216 0 1 0.00268872
77.3715 317112 311320 0.259639 9.73058 9.34727 9.73058 9.34727 62432 0 1 0.00185129
77.631 315664 314216 0.261886 9.72974 9.34855 9.72974 9.34855 62650 0 1 0.00112442
77.893 311320 312768 0.264347 9.59626 9.34939 9.59626 9.34939 62867 0 1 0.00161409
78.1525 309872 308424 0.261998 9.50658 9.34991 9.50658 9.34991 63080 0 1 0.00262516
78.4096 312768 306976 0.25951 9.59543 9.35071 9.59543 9.35071 63293 0 1 0.00315528
78.6644 315664 309872 0.257045 9.73143 9.35195 9.73143 9.35195 63507 0 1 0.00225482
78.9215 318560 312768 0.259652 9.73058 9.35318 9.73058 9.35318 63723 0 1 0.00149606
79.1811 317112 315664 0.261992 9.72974 9.35441 9.72974 9.35441 63941 0 1 0.000849011
79.443 312768 314216 0.264396 9.59626 9.35521 9.59626 9.35521 64158 0 1 0.00129899
79.705 308424 309872 0.264274 9.50781 9.35571 9.50781 9.35571 64373 0 1 0.0023636
79.9621 311320 305528 0.259601 9.50533 9.35619 9.50533 9.35619 64584 0 1 0.00366923
80.2168 314216 308424 0.257173 9.73143 9.35739 9.73143 9.35739 64798 0 1 0.00268871
80.474 317112 311320 0.259377 9.73058 9.35858 9.73058 9.35858 65014 0 1 0.00185155
80.7335 315664 314216 0.262 9.72974 9.35977 9.72974 9.35977 65232 0 1 0.00112486
80.9955 311320 312768 0.264393 9.59626 9.36054 9.59626 9.36054 65449 0 1 0.00161449
81.255 309872 308424 0.261937 9.50658 9.361 9.50658 9.361 65662 0 1 0.00262492
81.5122 312768 306976 0.25953 9.59543 9.36174 9.59543 9.36174 65875 0 1 0.00315526
81.7669 315664 309872 0.257195 9.73143 9.36289 9.73143 9.36289 66089 0 1 0.00225396
82.0241 318560 312768 0.259588 9.73058 9.36405 9.73058 9.36405 66305 0 1 0.00149611
82.2836 317112 315664 0.26187 9.72974 9.3652 9.72974 9.3652 66523 0 1 0.000848539
82.5456 312768 314216 0.264396 9.59626 9.36593 9.59626 9.36593 66740 0 1 0.001299
82.8075 308424 309872 0.264393 9.50781 9.36638 9.50781 9.36638 66955 0 1 0.00236464
83.0646 311320 305528 0.259512 9.50533 9.36681 9.50533 9.36681 67166 0 1 0.00366931
83.3194 314216 308424 0.257045 9.73143 9.36793 9.73143 9.36793 67380 0 1 0.00268945
83.5765 317112 311320 0.259652 9.73058 9.36904 9.73058 9.36904 67596 0 1 0.00185129
83.8361 315664 314216 0.261992 9.72974 9.37016 9.72974 9.37016 67814 0 1 0.00112483
84.098 311320 312768 0.264396 9.59626 9.37086 9.59626 9.37086 68031 0 1 0.00161452
84.3576 309872 308424 0.261926 9.50658 9.37128 9.50658 9.37128 68244 0 1 0.00262488
84.6147 312768 306976 0.259544 9.59543 9.37196 9.59543 9.37196 68457 0 1 0.00315525
84.8694 315664 309872 0.257197 9.73143 9.37304 9.73143 9.37304 68671 0 1 0.00225394
85.1266 318560 312768 0.259431 9.73058 9.37412 9.73058 9.37412 68887 0 1 0.00149626
85.3861 317112 315664 0.261999 9.72974 9.3752 9.72974 9.3752 69105 0 1 0.00084904
85.6481 312768 314216 0.264449 9.59626 9.37588 9.59626 9.37588 69322 0 1 0.00129946
85.91 308424 309872 0.264391 9.50781 9.37628 9.50781 9.37628 69537 0 1 0.00236462
86.1672 311320 305528 0.25953 9.50533 9.37667 9.50533 9.37667 69748 0 1 0.00366929
86.4219 314216 308424 0.257195 9.73143 9.37771 9.73143 9.37771 69962 0 1 0.00268858
86.6791 317112 311320 0.259588 9.73058 9.37876 9.73058 9.37876 70178 0 1 0.00185133
86.9386 315664 314216 0.26187 9.72974 9.37981 9.72974 9.37981 70396 0 1 0.00112436
87.2005 311320 312768 0.264396 9.59626 9.38046 9.59626 9.38046 70613 0 1 0.00161452
87.4601 309872 308424 0.261996 9.50658 9.38083 9.50658 9.38083 70826 0 1 0.00262515
87.7172 312768 306976 0.259585 9.59543 9.38146 9.59543 9.38146 71039 0 1 0.00315521
87.972 315664 309872 0.257052 9.73143 9.38247 9.73143 9.38247 71253 0 1 0.00225478
88.2291 318560 312768 0.259602 9.73058 9.38349 9.73058 9.38349 71469 0 1 0.0014961
88.4887 317112 315664 0.261991 9.72974 9.3845 9.72974 9.3845 71687 0 1 0.000849006
88.7506 312768 314216 0.264236 9.59626 9.38513 9.59626 9.38513 71904 0 1 0.00129762
89.0126 308424 309872 0.264396 9.50781 9.38549 9.50781 9.38549 72119 0 1 0.00236467
89.2697 311320 305528 0.259544 9.50533 9.38584 9.50533 9.38584 72330 0 1 0.00366928
89.5244 314216 308424 0.257197 9.73143 9.38682 9.73143 9.38682 72544 0 1 0.00268857
89.7816 317112 311320 0.259431 9.73058 9.3878 9.73058 9.3878 72760 0 1 0.00185149
90.0411 315664 314216 0.261999 9.72974 9.38879 9.72974 9.38879 72978 0 1 0.00112486
90.3031 311320 312768 0.264445 9.59626 9.38939 9.59626 9.38939 73195 0 1 0.00161495
90.5626 309872 308424 0.261933 9.50658 9.38973 9.50658 9.38973 73408 0 1 0.0026249
90.8198 312768 306976 0.259463 9.59543 9.39031 9.59543 9.39031 73621 0 1 0.00315533
91.0745 315664 309872 0.257223 9.73143 9.39126 9.73143 9.39126 73835 0 1 0.0022538
91.3316 318560 312768 0.259529 9.73058 9.39222 9.73058 9.39222 74051 0 1 0.00149616
91.5912 317112 315664 0.261851 9.72974 9.39317 9.72974 9.39317 74269 0 1 0.000848469
91.8531 312768 314216 0.264453 9.59626 9.39375 9.59626 9.39375 74486 0 1 0.00129949
92.1151 308424 309872 0.264449 9.50781 9.39408 9.50781 9.39408 74701 0 1 0.00236514
92.3722 311320 305528 0.259585 9.50533 9.39439 9.50533 9.39439 74912 0 1 0.00366924
92.627 314216 308424 0.257052 9.73143 9.39531 9.73143 9.39531 75126 0 1 0.00268941
92.8841 317112 311320 0.259602 9.73058 9.39624 9.73058 9.39624 75342 0 1 0.00185132
93.1437 315664 314216 0.261991 9.72974 9.39717 9.72974 9.39717 75560 0 1 0.00112483
93.4056 311320 312768 0.264236 9.59626 9.39773 9.59626 9.39773 75777 0 1 0.00161314
93.6652 309872 308424 0.262 9.50658 9.39803 9.50658 9.39803 75990 0 1 0.00262516
93.9223 312768 306976 0.259622 9.59543 9.39857 9.59543 9.39857 76203 0 1 0.00315519
94.177 315664 309872 0.257226 9.73143 9.39947 9.73143 9.39947 76417 0 1 0.00225379
94.4342 318560 312768 0.259493 9.73058 9.40037 9.73058 9.40037 76633 0 1 0.0014962
94.6937 317112 315664 0.261999 9.72974 9.40128 9.72974 9.40128 76851 0 1 0.00084904
94.9557 312768 314216 0.264365 9.59626 9.40182 9.59626 9.40182 77068 0 1 0.00129873
95.2176 308424 309872 0.26431 9.50781 9.40211 9.50781 9.40211 77283 0 1 0.00236392
95.4748 311320 305528 0.259463 9.50533 9.40238 9.50533 9.40238 77494 0 1 0.00366936
95.7295 314216 308424 0.257223 9.73143 9.40326 9.73143 9.40326 77708 0 1 0.00268843
95.9866 317112 311320 0.259529 9.73058 9.40414 9.73058 9.40414 77924 0 1 0.00185139
96.2462 315664 314216 0.261851 9.72974 9.40502 9.72974 9.40502 78142 0 1 0.00112429
96.5081 311320 312768 0.264453 9.59626 9.40553 9.59626 9.40553 78359 0 1 0.00161502
96.7677 309872 308424 0.261995 9.50658 9.40581 9.50658 9.40581 78572 0 1 0.00262515
97.0248 312768 306976 0.259526 9.59543 9.40631 9.59543 9.40631 78785 0 1 0.00315527
97.2796 315664 309872 0.257059 9.73143 9.40716 9.73143 9.40716 78999 0 1 0.00225474
97.5367 318560 312768 0.259546 9.73058 9.40801 9.73058 9.40801 79215 0 1 0.00149615
97.7963 317112 315664 0.261978 9.72974 9.40887 9.72974 9.40887 79433 0 1 0.000848956
98.0582 312768 314216 0.264283 9.59626 9.40937 9.59626 9.40937 79650 0 1 0.00129801
98.3202 308424 309872 0.264453 9.50781 9.40963 9.50781 9.40963 79865 0 1 0.00236517
98.5773 311320 305528 0.259622 9.50533 9.40988 9.50533 9.40988 80076 0 1 0.00366921
98.832 314216 308424 0.257226 9.73143 9.41071 9.73143 9.41071 80290 0 1 0.00268841
99.0892 317112 311320 0.259493 9.73058 9.41154 9.73058 9.41154 80506 0 1 0.00185142
99.3487 315664 314216 0.261999 9.72974 9.41237 9.72974 9.41237 80724 0 1 0.00112486
99.6107 311320 312768 0.264366 9.59626 9.41285 9.59626 9.41285 80941 0 1 0.00161426
99.8702 309872 308424 0.261924 9.50658 9.4131 9.50658 9.4131 81154 0 1 0.00262486
100.127 312768 306976 0.259529 9.59543 9.41356 9.59543 9.41356 81367 0 1 0.00315526
100.382 315664 309872 0.257254 9.73143 9.41437 9.73143 9.41437 81581 0 1 0.00225363
100.639 318560 312768 0.259605 9.73058 9.41518 9.73058 9.41518 81797 0 1 0.0014961
100.899 317112 315664 0.26183 9.72974 9.41599 9.72974 9.41599 82015 0 1 0.000848391
101.161 312768 314216 0.264374 9.59626 9.41645 9.59626 9.41645 82232 0 1 0.0012988
101.423 308424 309872 0.26437 9.50781 9.41669 9.50781 9.41669 82447 0 1 0.00236444
101.68 311320 305528 0.259526 9.50533 9.41691 9.50533 9.41691 82658 0 1 0.0036693
101.935 314216 308424 0.257059 9.73143 9.4177 9.73143 9.4177 82872 0 1 0.00268937
102.192 317112 311320 0.259546 9.73058 9.41849 9.73058 9.41849 83088 0 1 0.00185137
102.451 315664 314216 0.261978 9.72974 9.41928 9.72974 9.41928 83306 0 1 0.00112478
102.713 311320 312768 0.264283 9.59626 9.41973 9.59626 9.41973 83523 0 1 0.00161354
102.973 309872 308424 0.262 9.50658 9.41995 9.50658 9.41995 83736 0 1 0.00262516
103.23 312768 306976 0.259568 9.59543 9.42038 9.59543 9.42038 83949 0 1 0.00315523
103.485 315664 309872 0.257115 9.73143 9.42115 9.73143 9.42115 84163 0 1 0.00225441
103.742 318560 312768 0.25942 9.73058 9.42192 9.73058 9.42192 84379 0 1 0.00149628
104.001 317112 315664 0.261999 9.72974 9.42268 9.72974 9.42268 84597 0 1 0.000849036
104.263 312768 314216 0.264418 9.59626 9.42312 9.59626 9.42312 84814 0 1 0.00129919
104.525 308424 309872 0.264354 9.50781 9.42333 9.50781 9.42333 85029 0 1 0.0023643
104.782 311320 305528 0.259529 9.50533 9.42353 9.50533 9.42353 85240 0 1 0.00366929
105.037 314216 308424 0.257254 9.73143 9.42428 9.73143 9.42428 85454 0 1 0.00268825
105.294 317112 311320 0.259583 9.73058 9.42503 9.73058 9.42503 85670 0 1 0.00185134
105.554 315664 314216 0.261855 9.72974 9.42578 9.72974 9.42578 85888 0 1 0.00112431
105.816 311320 312768 0.264374 9.59626 9.4262 9.59626 9.4262 86105 0 1 0.00161433
106.075 309872 308424 0.261995 9.50658 9.4264 9.50658 9.4264 86318 0 1 0.00262514
106.332 312768 306976 0.259601 9.59543 9.42681 9.59543 9.42681 86531 0 1 0.0031552
106.587 315664 309872 0.257067 9.73143 9.42753 9.73143 9.42753 86745 0 1 0.00225469
106.844 318560 312768 0.259622 9.73058 9.42826 9.73058 9.42826 86961 0 1 0.00149608
107.104 317112 315664 0.261977 9.72974 9.42899 9.72974 9.42899 87179 0 1 0.000848951
107.366 312768 314216 0.264181 9.59626 9.4294 9.59626 9.4294 87396 0 1 0.00129715
107.628 308424 309872 0.264375 9.50781 9.42959 9.50781 9.42959 87611 0 1 0.00236448
107.885 311320 305528 0.259568 9.50533 9.42977 9.50533 9.42977 87822 0 1 0.00366926
108.14 314216 308424 0.257115 9.73143 9.43048 9.73143 9.43048 88036 0 1 0.00268904
108.397 317112 311320 0.25942 9.73058 9.4312 9.73058 9.4312 88252 0 1 0.0018515
108.656 315664 314216 0.261999 9.72974 9.43191 9.72974 9.43191 88470 0 1 0.00112486
108.918 311320 312768 0.264418 9.59626 9.4323 9.59626 9.4323 88687 0 1 0.00161471
109.178 309872 308424 0.261913 9.50658 9.43248 9.50658 9.43248 88900 0 1 0.00262482
109.435 312768 306976 0.259462 9.59543 9.43286 9.59543 9.43286 89113 0 1 0.00315533
109.69 315664 309872 0.257148 9.73143 9.43356 9.73143 9.43356 89327 0 1 0.00225422
109.947 318560 312768 0.259523 9.73058 9.43425 9.73058 9.43425 89543 0 1 0.00149617
110.206 317112 315664 0.261834 9.72974 9.43495 9.72974 9.43495 89761 0 1 0.000848407
110.468 312768 314216 0.264428 9.59626 9.43533 9.59626 9.43533 89978 0 1 0.00129927
110.73 308424 309872 0.264423 9.50781 9.4355 9.50781 9.4355 90193 0 1 0.00236491
110.987 311320 305528 0.259601 9.50533 9.43566 9.50533 9.43566 90404 0 1 0.00366923
111.242 314216 308424 0.257067 9.73143 9.43634 9.73143 9.43634 90618 0 1 0.00268932
111.499 317112 311320 0.259622 9.73058 9.43702 9.73058 9.43702 90834 0 1 0.00185131
111.759 315664 314216 0.261977 9.72974 9.4377 9.72974 9.4377 91052 0 1 0.00112477
112.021 311320 312768 0.264181 9.59626 9.43807 9.59626 9.43807 91269 0 1 0.00161267
112.28 309872 308424 0.262 9.50658 9.43823 9.50658 9.43823 91482 0 1 0.00262516
112.537 312768 306976 0.259649 9.59543 9.43859 9.59543 9.43859 91695 0 1 0.00315517
112.792 315664 309872 0.257088 9.73143 9.43925 9.73143 9.43925 91909 0 1 0.00225457
113.049 318560 312768 0.259529 9.73058 9.43991 9.73058 9.43991 92125 0 1 0.00149616
113.309 317112 315664 0.261998 9.72974 9.44058 9.72974 9.44058 92343 0 1 0.000849036
113.571 312768 314216 0.264335 9.59626 9.44093 9.59626 9.44093 92560 0 1 0.00129846
113.833 308424 309872 0.264262 9.50781 9.44109 9.50781 9.44109 92775 0 1 0.0023635
114.09 311320 305528 0.259462 9.50533 9.44123 9.50533 9.44123 92986 0 1 0.00366936
114.345 314216 308424 0.257145 9.73143 9.44188 9.73143 9.44188 93200 0 1 0.00268886
114.602 317112 311320 0.259526 9.73058 9.44253 9.73058 9.44253 93416 0 1 0.00185139
114.861 315664 314216 0.261834 9.72974 9.44318 9.72974 9.44318 93634 0 1 0.00112423
115.123 311320 312768 0.264428 9.59626 9.44352 9.59626 9.44352 93851 0 1 0.0016148
115.383 309872 308424 0.261994 9.50658 9.44367 9.50658 9.44367 94064 0 1 0.00262514
115.64 312768 306976 0.259544 9.59543 9.444 9.59543 9.444 94277 0 1 0.00315525
115.895 315664 309872 0.257077 9.73143 9.44464 9.73143 9.44464 94491 0 1 0.00225463
116.152 318560 312768 0.259568 9.73058 9.44527 9.73058 9.44527 94707 0 1 0.00149613
116.411 317112 315664 0.261974 9.72974 9.4459 9.72974 9.4459 94925 0 1 0.000848938
116.673 312768 314216 0.264206 9.59626 9.44624 9.59626 9.44624 95142 0 1 0.00129736
116.935 308424 309872 0.264428 9.50781 9.44638 9.50781 9.44638 95357 0 1 0.00236495
117.192 311320 305528 0.259649 9.50533 9.44651 9.50533 9.44651 95568 0 1 0.00366919
117.447 314216 308424 0.257088 9.73143 9.44713 9.73143 9.44713 95782 0 1 0.00268919
117.704 317112 311320 0.259529 9.73058 9.44774 9.73058 9.44774 95998 0 1 0.00185139
117.964 315664 314216 0.261998 9.72974 9.44837 9.72974 9.44837 96216 0 1 0.00112486
118.226 311320 312768 0.264335 9.59626 9.44869 9.59626 9.44869 96433 0 1 0.00161399
118.485 309872 308424 0.2619 9.50658 9.44882 9.50658 9.44882 96646 0 1 0.00262478
118.743 312768 306976 0.259528 9.59543 9.44914 9.59543 9.44914 96859 0 1 0.00315527
118.997 315664 309872 0.257166 9.73143 9.44974 9.73143 9.44974 97073 0 1 0.00225412
119.254 318560 312768 0.259601 9.73058 9.45035 9.73058 9.45035 97289 0 1 0.0014961
119.514 317112 315664 0.261811 9.72974 9.45095 9.72974 9.45095 97507 0 1 0.000848321
119.776 312768 314216 0.264346 9.59626 9.45127 9.59626 9.45127 97724 0 1 0.00129856
120.038 308424 309872 0.264341 9.50781 9.4514 9.50781 9.4514 97939 0 1 0.00236419
120.295 311320 305528 0.25948 9.50533 9.45151 9.50533 9.45151 98150 0 1 0.00366934
120.55 314216 308424 0.25715 9.73143 9.4521 9.73143 9.4521 98364 0 1 0.00268884
120.807 317112 311320 0.259568 9.73058 9.45269 9.73058 9.45269 98580 0 1 0.00185135
121.066 315664 314216 0.261974 9.72974 9.45329 9.72974 9.45329 98798 0 1 0.00112476
121.328 311320 312768 0.264206 9.59626 9.4536 9.59626 9.4536 99015 0 1 0.00161289
121.588 309872 308424 0.262 9.50658 9.45371 9.50658 9.45371 99228 0 1 0.00262516
121.845 312768 306976 0.259595 9.59543 9.45401 9.59543 9.45401 99441 0 1 0.00315521
122.1 315664 309872 0.257106 9.73143 9.45459 9.73143 9.45459 99655 0 1 0.00225446
122.357 318560 312768 0.259462 9.73058 9.45517 9.73058 9.45517 99871 0 1 0.00149623
122.617 317112 315664 0.261998 9.72974 9.45575 9.72974 9.45575 100089 0 1 0.000849035
122.878 312768 314216 0.264383 9.59626 9.45605 9.59626 9.45605 100306 0 1 0.00129888
123.14 308424 309872 0.264299 9.50781 9.45616 9.50781 9.45616 100521 0 1 0.00236382
123.398 311320 305528 0.259528 9.50533 9.45626 9.50533 9.45626 100732 0 1 0.00366929
123.652 314216 308424 0.257166 9.73143 9.45683 9.73143 9.45683 100946 0 1 0.00268874
123.909 317112 311320 0.259601 9.73058 9.4574 9.73058 9.4574 101162 0 1 0.00185132
124.169 315664 314216 0.261811 9.72974 9.45797 9.72974 9.45797 101380 0 1 0.00112414
124.431 311320 312768 0.264346 9.59626 9.45826 9.59626 9.45826 101597 0 1 0.00161408
124.69 309872 308424 0.261993 9.50658 9.45836 9.50658 9.45836 101810 0 1 0.00262514
124.948 312768 306976 0.259406 9.59543 9.45864 9.59543 9.45864 102023 0 1 0.0031554
125.202 315664 309872 0.257172 9.73143 9.45919 9.73143 9.45919 102237 0 1 0.00225409
125.459 318560 312768 0.259649 9.73058 9.45975 9.73058 9.45975 102453 0 1 0.00149606
125.719 317112 315664 0.26197 9.72974 9.46031 9.72974 9.46031 102671 0 1 0.000848923
125.981 312768 314216 0.264236 9.59626 9.46059 9.59626 9.46059 102888 0 1 0.00129761
126.243 308424 309872 0.264346 9.50781 9.46069 9.50781 9.46069 103103 0 1 0.00236423
126.5 311320 305528 0.259595 9.50533 9.46078 9.50533 9.46078 103314 0 1 0.00366923
126.755 314216 308424 0.257106 9.73143 9.46132 9.73143 9.46132 103528 0 1 0.00268909
127.012 317112 311320 0.259462 9.73058 9.46187 9.73058 9.46187 103744 0 1 0.00185145
127.272 315664 314216 0.261998 9.72974 9.46242 9.72974 9.46242 103962 0 1 0.00112486
127.533 311320 312768 0.264383 9.59626 9.46269 9.59626 9.46269 104179 0 1 0.00161441
127.793 309872 308424 0.261761 9.50658 9.46278 9.50658 9.46278 104392 0 1 0.00262427
128.05 312768 306976 0.259603 9.59543 9.46305 9.59543 9.46305 104605 0 1 0.0031552
128.305 315664 309872 0.25719 9.73143 9.46358 9.73143 9.46358 104819 0 1 0.00225398
128.562 318560 312768 0.259544 9.73058 9.46411 9.73058 9.46411 105035 0 1 0.00149615
128.822 317112 315664 0.261927 9.72974 9.46465 9.72974 9.46465 105253 0 1 0.000848754
129.084 312768 314216 0.264396 9.59626 9.46491 9.59626 9.46491 105470 0 1 0.00129899
129.345 308424 309872 0.264382 9.50781 9.465 9.50781 9.465 105685 0 1 0.00236454
129.603 311320 305528 0.259414 9.50533 9.46508 9.50533 9.46508 105896 0 1 0.00366941
129.857 314216 308424 0.257172 9.73143 9.4656 9.73143 9.4656 106110 0 1 0.00268872
130.114 317112 311320 0.259649 9.73058 9.46613 9.73058 9.46613 106326 0 1 0.00185129
130.374 315664 314216 0.26197 9.72974 9.46665 9.72974 9.46665 106544 0 1 0.00112475
130.636 311320 312768 0.264236 9.59626 9.46691 9.59626 9.46691 106761 0 1 0.00161314
130.896 309872 308424 0.261999 9.50658 9.46699 9.50658 9.46699 106974 0 1 0.00262516
131.153 312768 306976 0.259538 9.59543 9.46724 9.59543 9.46724 107187 0 1 0.00315526
131.407 315664 309872 0.257121 9.73143 9.46775 9.73143 9.46775 107401 0 1 0.00225438
131.665 318560 312768 0.259528 9.73058 9.46827 9.73058 9.46827 107617 0 1 0.00149616
131.924 317112 315664 0.261998 9.72974 9.46878 9.72974 9.46878 107835 0 1 0.000849034
132.186 312768 314216 0.264438 9.59626 9.46904 9.59626 9.46904 108052 0 1 0.00129937
132.448 308424 309872 0.264217 9.50781 9.46911 9.50781 9.46911 108267 0 1 0.00236312
132.705 311320 305528 0.259603 9.50533 9.46918 9.50533 9.46918 108478 0 1 0.00366923
132.96 314216 308424 0.25719 9.73143 9.46968 9.73143 9.46968 108692 0 1 0.00268861
133.217 317112 311320 0.259544 9.73058 9.47019 9.73058 9.47019 108908 0 1 0.00185137
133.477 315664 314216 0.261927 9.72974 9.47069 9.72974 9.47069 109126 0 1 0.00112458
133.739 311320 312768 0.264396 9.59626 9.47094 9.59626 9.47094 109343 0 1 0.00161451
133.998 309872 308424 0.261983 9.50658 9.47101 9.50658 9.47101 109556 0 1 0.0026251
134.255 312768 306976 0.259473 9.59543 9.47125 9.59543 9.47125 109769 0 1 0.00315532
134.51 315664 309872 0.257196 9.73143 9.47174 9.73143 9.47174 109983 0 1 0.00225395
134.767 318560 312768 0.259599 9.73058 9.47223 9.73058 9.47223 110199 0 1 0.0014961
135.027 317112 315664 0.261966 9.72974 9.47273 9.72974 9.47273 110417 0 1 0.000848907
135.289 312768 314216 0.26427 9.59626 9.47297 9.59626 9.47297 110634 0 1 0.0012979
135.551 308424 309872 0.264395 9.50781 9.47303 9.50781 9.47303 110849 0 1 0.00236466
135.808 311320 305528 0.259538 9.50533 9.4731 9.50533 9.4731 111060 0 1 0.00366928
136.062 314216 308424 0.257121 9.73143 9.47358 9.73143 9.47358 111274 0 1 0.002689
136.32 317112 311320 0.259528 9.73058 9.47406 9.73058 9.47406 111490 0 1 0.00185139
136.579 315664 314216 0.261998 9.72974 9.47455 9.72974 9.47455 111708 0 1 0.00112486
136.841 311320 312768 0.264421 9.59626 9.47478 9.59626 9.47478 111925 0 1 0.00161474
137.101 309872 308424 0.261889 9.50658 9.47484 9.50658 9.47484 112138 0 1 0.00262473
137.358 312768 306976 0.259546 9.59543 9.47507 9.59543 9.47507 112351 0 1 0.00315525
137.612 315664 309872 0.257217 9.73143 9.47554 9.73143 9.47554 112565 0 1 0.00225383
137.87 318560 312768 0.259479 9.73058 9.47602 9.73058 9.47602 112781 0 1 0.00149621
138.129 317112 315664 0.261916 9.72974 9.4765 9.72974 9.4765 112999 0 1 0.000848714
138.391 312768 314216 0.264451 9.59626 9.47672 9.59626 9.47672 113216 0 1 0.00129948
138.653 308424 309872 0.264438 9.50781 9.47678 9.50781 9.47678 113431 0 1 0.00236504
138.91 311320 305528 0.259473 9.50533 9.47683 9.50533 9.47683 113642 0 1 0.00366935
139.165 314216 308424 0.257196 9.73143 9.4773 9.73143 9.4773 113856 0 1 0.00268858
139.422 317112 311320 0.259599 9.73058 9.47777 9.73058 9.47777 114072 0 1 0.00185132
139.682 315664 314216 0.261966 9.72974 9.47824 9.72974 9.47824 114290 0 1 0.00112473
139.944 311320 312768 0.26427 9.59626 9.47846 9.59626 9.47846 114507 0 1 0.00161342
140.203 309872 308424 0.261999 9.50658 9.47851 9.50658 9.47851 114720 0 1 0.00262516
140.46 312768 306976 0.259615 9.59543 9.47872 9.59543 9.47872 114933 0 1 0.00315519
140.715 315664 309872 0.257139 9.73143 9.47918 9.73143 9.47918 115147 0 1 0.00225428
140.972 318560 312768 0.259603 9.73058 9.47964 9.73058 9.47964 115363 0 1 0.0014961
141.232 317112 315664 0.261998 9.72974 9.4801 9.72974 9.4801 115581 0 1 0.000849033
141.494 312768 314216 0.264339 9.59626 9.48031 9.59626 9.48031 115798 0 1 0.00129849
141.756 308424 309872 0.26427 9.50781 9.48036 9.50781 9.48036 116013 0 1 0.00236357
142.013 311320 305528 0.259546 9.50533 9.48041 9.50533 9.48041 116224 0 1 0.00366928
142.267 314216 308424 0.257217 9.73143 9.48086 9.73143 9.48086 116438 0 1 0.00268846
142.525 317112 311320 0.259479 9.73058 9.48131 9.73058 9.48131 116654 0 1 0.00185144
142.784 315664 314216 0.261916 9.72974 9.48176 9.72974 9.48176 116872 0 1 0.00112454
143.046 311320 312768 0.264451 9.59626 9.48197 9.59626 9.48197 117089 0 1 0.001615
143.306 309872 308424 0.261982 9.50658 9.48201 9.50658 9.48201 117302 0 1 0.00262509
143.563 312768 306976 0.259398 9.59543 9.48222 9.59543 9.48222 117515 0 1 0.00315541
143.818 315664 309872 0.257224 9.73143 9.48266 9.73143 9.48266 117729 0 1 0.0022538
144.075 318560 312768 0.259542 9.73058 9.4831 9.73058 9.4831 117945 0 1 0.00149615
144.334 317112 315664 0.261918 9.72974 9.48355 9.72974 9.48355 118163 0 1 0.000848721
144.596 312768 314216 0.264357 9.59626 9.48375 9.59626 9.48375 118380 0 1 0.00129865
144.858 308424 309872 0.264452 9.50781 9.48379 9.50781 9.48379 118595 0 1 0.00236516
145.115 311320 305528 0.259615 9.50533 9.48383 9.50533 9.48383 118806 0 1 0.00366922
145.37 314216 308424 0.257139 9.73143 9.48427 9.73143 9.48427 119020 0 1 0.0026889
145.627 317112 311320 0.259603 9.73058 9.4847 9.73058 9.4847 119236 0 1 0.00185132
145.887 315664 314216 0.261995 9.72974 9.48514 9.72974 9.48514 119454 0 1 0.00112485
146.149 311320 312768 0.264341 9.59626 9.48534 9.59626 9.48534 119671 0 1 0.00161404
146.408 309872 308424 0.261873 9.50658 9.48537 9.50658 9.48537 119884 0 1 0.00262467
146.665 312768 306976 0.259624 9.59543 9.48557 9.59543 9.48557 120097 0 1 0.00315518
146.92 315664 309872 0.257248 9.73143 9.48599 9.73143 9.48599 120311 0 1 0.00225366
147.177 318560 312768 0.259547 9.73058 9.48642 9.73058 9.48642 120527 0 1 0.00149614
147.437 317112 315664 0.261904 9.72974 9.48685 9.72974 9.48685 120745 0 1 0.000848667
147.699 312768 314216 0.264373 9.59626 9.48704 9.59626 9.48704 120962 0 1 0.00129879
147.961 308424 309872 0.264358 9.50781 9.48708 9.50781 9.48708 121177 0 1 0.00236433
148.218 311320 305528 0.259398 9.50533 9.48711 9.50533 9.48711 121388 0 1 0.00366943
148.473 314216 308424 0.257224 9.73143 9.48753 9.73143 9.48753 121602 0 1 0.00268842
148.73 317112 311320 0.259542 9.73058 9.48795 9.73058 9.48795 121818 0 1 0.00185137
148.989 315664 314216 0.261918 9.72974 9.48837 9.72974 9.48837 122036 0 1 0.00112454
149.251 311320 312768 0.264357 9.59626 9.48856 9.59626 9.48856 122253 0 1 0.00161418
149.511 309872 308424 0.261999 9.50658 9.48859 9.50658 9.48859 122466 0 1 0.00262516
149.768 312768 306976 0.259559 9.59543 9.48878 9.59543 9.48878 122679 0 1 0.00315524
150.023 315664 309872 0.257016 9.73143 9.48919 9.73143 9.48919 122893 0 1 0.002255
150.28 318560 312768 0.259547 9.73058 9.4896 9.73058 9.4896 123109 0 1 0.00149615
150.539 317112 315664 0.261994 9.72974 9.49001 9.72974 9.49001 123327 0 1 0.00084902
150.801 312768 314216 0.26439 9.59626 9.4902 9.59626 9.4902 123544 0 1 0.00129894
151.063 308424 309872 0.264308 9.50781 9.49023 9.50781 9.49023 123759 0 1 0.0023639
151.32 311320 305528 0.259624 9.50533 9.49025 9.50533 9.49025 123970 0 1 0.00366921
151.575 314216 308424 0.257248 9.73143 9.49066 9.73143 9.49066 124184 0 1 0.00268829
151.832 317112 311320 0.259463 9.73058 9.49107 9.73058 9.49107 124400 0 1 0.00185145
152.092 315664 314216 0.262 9.72974 9.49147 9.72974 9.49147 124618 0 1 0.00112486
152.354 311320 312768 0.264373 9.59626 9.49165 9.59626 9.49165 124835 0 1 0.00161431
152.613 309872 308424 0.26198 9.50658 9.49168 9.50658 9.49168 125048 0 1 0.00262508
152.87 312768 306976 0.259455 9.59543 9.49185 9.59543 9.49185 125261 0 1 0.00315534
153.125 315664 309872 0.257256 9.73143 9.49225 9.73143 9.49225 125475 0 1 0.00225362
153.382 318560 312768 0.259614 9.73058 9.49265 9.73058 9.49265 125691 0 1 0.00149609
153.642 317112 315664 0.261913 9.72974 9.49305 9.72974 9.49305 125909 0 1 0.000848701
153.904 312768 314216 0.264265 9.59626 9.49323 9.59626 9.49323 126126 0 1 0.00129786
154.166 308424 309872 0.264374 9.50781 9.49325 9.50781 9.49325 126341 0 1 0.00236447
154.423 311320 305528 0.259559 9.50533 9.49327 9.50533 9.49327 126552 0 1 0.00366926
154.678 314216 308424 0.257016 9.73143 9.49367 9.73143 9.49367 126766 0 1 0.00268962
154.935 317112 311320 0.259546 9.73058 9.49406 9.73058 9.49406 126982 0 1 0.00185137
155.194 315664 314216 0.261995 9.72974 9.49445 9.72974 9.49445 127200 0 1 0.00112484
155.456 311320 312768 0.26439 9.59626 9.49462 9.59626 9.49462 127417 0 1 0.00161447
155.716 309872 308424 0.261855 9.50658 9.49464 9.50658 9.49464 127630 0 1 0.00262461
155.973 312768 306976 0.259571 9.59543 9.49481 9.59543 9.49481 127843 0 1 0.00315523
156.228 315664 309872 0.257141 9.73143 9.4952 9.73143 9.4952 128057 0 1 0.00225426
156.485 318560 312768 0.259387 9.73058 9.49558 9.73058 9.49558 128273 0 1 0.00149632
156.744 317112 315664 0.262 9.72974 9.49597 9.72974 9.49597 128491 0 1 0.000849041
157.006 312768 314216 0.264426 9.59626 9.49614 9.59626 9.49614 128708 0 1 0.00129926
157.268 308424 309872 0.264409 9.50781 9.49616 9.50781 9.49616 128923 0 1 0.00236478
157.525 311320 305528 0.259455 9.50533 9.49617 9.50533 9.49617 129134 0 1 0.00366937
157.78 314216 308424 0.257256 9.73143 9.49655 9.73143 9.49655 129348 0 1 0.00268824
158.037 317112 311320 0.259614 9.73058 9.49693 9.73058 9.49693 129564 0 1 0.00185131
158.297 315664 314216 0.261913 9.72974 9.49731 9.72974 9.49731 129782 0 1 0.00112452
158.559 311320 312768 0.264265 9.59626 9.49748 9.59626 9.49748 129999 0 1 0.00161339
158.818 309872 308424 0.261999 9.50658 9.49749 9.50658 9.49749 130212 0 1 0.00262516
159.075 312768 306976 0.259639 9.59543 9.49765 9.59543 9.49765 130425 0 1 0.00315517
159.33 315664 309872 0.257018 9.73143 9.49803 9.73143 9.49803 130639 0 1 0.00225498
159.587 318560 312768 0.259624 9.73058 9.4984 9.73058 9.4984 130855 0 1 0.00149608
159.847 317112 315664 0.261994 9.72974 9.49878 9.72974 9.49878 131073 0 1 0.000849018
160.109 312768 314216 0.264303 9.59626 9.49893 9.59626 9.49893 131290 0 1 0.00129819
160.371 308424 309872 0.264209 9.50781 9.49895 9.50781 9.49895 131505 0 1 0.00236306
160.628 311320 305528 0.259571 9.50533 9.49896 9.50533 9.49896 131716 0 1 0.00366926
160.883 314216 308424 0.257131 9.73143 9.49933 9.73143 9.49933 131930 0 1 0.00268895
161.14 317112 311320 0.259398 9.73058 9.4997 9.73058 9.4997 132146 0 1 0.00185153
161.399 315664 314216 0.262 9.72974 9.50007 9.72974 9.50007 132364 0 1 0.00112486
161.661 311320 312768 0.264426 9.59626 9.50022 9.59626 9.50022 132581 0 1 0.00161478
161.921 309872 308424 0.261977 9.50658 9.50023 9.50658 9.50023 132794 0 1 0.00262507
162.178 312768 306976 0.259377 9.59543 9.50038 9.59543 9.50038 133007 0 1 0.00315543
162.433 315664 309872 0.257149 9.73143 9.50075 9.73143 9.50075 133221 0 1 0.00225422
162.69 318560 312768 0.259559 9.73058 9.50111 9.73058 9.50111 133437 0 1 0.00149613
162.949 317112 315664 0.2619 9.72974 9.50147 9.72974 9.50147 133655 0 1 0.000848654
163.211 312768 314216 0.264303 9.59626 9.50163 9.59626 9.50163 133872 0 1 0.00129819
163.473 308424 309872 0.264427 9.50781 9.50164 9.50781 9.50164 134087 0 1 0.00236494
163.73 311320 305528 0.259639 9.50533 9.50164 9.50533 9.50164 134298 0 1 0.0036692
163.985 314216 308424 0.257018 9.73143 9.502 9.73143 9.502 134512 0 1 0.00268961
164.242 317112 311320 0.259624 9.73058 9.50236 9.73058 9.50236 134728 0 1 0.00185131
164.502 315664 314216 0.261994 9.72974 9.50271 9.72974 9.50271 134946 0 1 0.00112484
164.764 311320 312768 0.264303 9.59626 9.50286 9.59626 9.50286 135163 0 1 0.00161371
165.023 309872 308424 0.261834 9.50658 9.50287 9.50658 9.50287 135376 0 1 0.00262453
165.281 312768 306976 0.259652 9.59543 9.50301 9.59543 9.50301 135589 0 1 0.00315516
165.535 315664 309872 0.25715 9.73143 9.50336 9.73143 9.50336 135803 0 1 0.00225421
165.792 318560 312768 0.259455 9.73058 9.50372 9.73058 9.50372 136019 0 1 0.00149624
166.052 317112 315664 0.262 9.72974 9.50407 9.72974 9.50407 136237 0 1 0.000849041
166.314 312768 314216 0.264344 9.59626 9.50422 9.59626 9.50422 136454 0 1 0.00129854
166.576 308424 309872 0.264324 9.50781 9.50422 9.50781 9.50422 136669 0 1 0.00236404
166.833 311320 305528 0.259377 9.50533 9.50422 9.50533 9.50422 136880 0 1 0.00366946
167.088 314216 308424 0.257149 9.73143 9.50457 9.73143 9.50457 137094 0 1 0.00268884
167.345 317112 311320 0.259559 9.73058 9.50492 9.73058 9.50492 137310 0 1 0.00185136
167.604 315664 314216 0.2619 9.72974 9.50527 9.72974 9.50527 137528 0 1 0.00112448
167.866 311320 312768 0.264303 9.59626 9.50541 9.59626 9.50541 137745 0 1 0.00161371
168.126 309872 308424 0.261998 9.50658 9.50541 9.50658 9.50541 137958 0 1 0.00262516
168.383 312768 306976 0.259571 9.59543 9.50555 9.59543 9.50555 138171 0 1 0.00315523
168.638 315664 309872 0.257039 9.73143 9.50589 9.73143 9.50589 138385 0 1 0.00225485
168.895 318560 312768 0.259571 9.73058 9.50623 9.73058 9.50623 138601 0 1 0.00149612
169.154 317112 315664 0.261993 9.72974 9.50657 9.72974 9.50657 138819 0 1 0.000849015
169.416 312768 314216 0.264346 9.59626 9.50671 9.59626 9.50671 139036 0 1 0.00129856
169.678 308424 309872 0.264239 9.50781 9.50671 9.50781 9.50671 139251 0 1 0.00236331
169.936 311320 305528 0.259651 9.50533 9.50671 9.50533 9.50671 139462 0 1 0.00366919
170.19 314216 308424 0.257151 9.73143 9.50705 9.73143 9.50705 139676 0 1 0.00268883
170.447 317112 311320 0.259455 9.73058 9.50738 9.73058 9.50738 139892 0 1 0.00185146
170.707 315664 314216 0.262 9.72974 9.50772 9.72974 9.50772 140110 0 1 0.00112486
170.969 311320 312768 0.264344 9.59626 9.50786 9.59626 9.50786 140327 0 1 0.00161406
171.228 309872 308424 0.261974 9.50658 9.50786 9.50658 9.50786 140540 0 1 0.00262506
171.486 312768 306976 0.259431 9.59543 9.50799 9.59543 9.50799 140753 0 1 0.00315537
171.74 315664 309872 0.25717 9.73143 9.50832 9.73143 9.50832 140967 0 1 0.0022541
171.997 318560 312768 0.259639 9.73058 9.50865 9.73058 9.50865 141183 0 1 0.00149607
172.257 317112 315664 0.261886 9.72974 9.50898 9.72974 9.50898 141401 0 1 0.0008486
172.519 312768 314216 0.264347 9.59626 9.50912 9.59626 9.50912 141618 0 1 0.00129856
172.781 308424 309872 0.264345 9.50781 9.50911 9.50781 9.50911 141833 0 1 0.00236422
173.038 311320 305528 0.259571 9.50533 9.50911 9.50533 9.50911 142044 0 1 0.00366925
173.293 314216 308424 0.257039 9.73143 9.50944 9.73143 9.50944 142258 0 1 0.00268948
173.55 317112 311320 0.259571 9.73058 9.50976 9.73058 9.50976 142474 0 1 0.00185135
173.809 315664 314216 0.261993 9.72974 9.51009 9.72974 9.51009 142692 0 1 0.00112484
174.071 311320 312768 0.264346 9.59626 9.51022 9.59626 9.51022 142909 0 1 0.00161408
174.331 309872 308424 0.261811 9.50658 9.51022 9.50658 9.51022 143122 0 1 0.00262444
174.588 312768 306976 0.259601 9.59543 9.51034 9.59543 9.51034 143335 0 1 0.0031552
174.843 315664 309872 0.257173 9.73143 9.51066 9.73143 9.51066 143549 0 1 0.00225408
175.1 318560 312768 0.259377 9.73058 9.51099 9.73058 9.51099 143765 0 1 0.00149633
175.36 317112 315664 0.262 9.72974 9.51131 9.72974 9.51131 143983 0 1 0.00084904
175.621 312768 314216 0.264393 9.59626 9.51144 9.59626 9.51144 144200 0 1 0.00129897
175.883 308424 309872 0.264342 9.50781 9.51143 9.50781 9.51143 144415 0 1 0.0023642
176.141 311320 305528 0.259464 9.50533 9.51142 9.50533 9.51142 144626 0 1 0.00366936
176.395 314216 308424 0.25717 9.73143 9.51174 9.73143 9.51174 144840 0 1 0.00268872
176.652 317112 311320 0.259639 9.73058 9.51206 9.73058 9.51206 145056 0 1 0.00185129
176.912 315664 314216 0.261886 9.72974 9.51238 9.72974 9.51238 145274 0 1 0.00112442
177.174 311320 312768 0.264347 9.59626 9.5125 9.59626 9.5125 145491 0 1 0.00161409
177.433 309872 308424 0.261996 9.50658 9.51249 9.50658 9.51249 145704 0 1 0.00262515
177.691 312768 306976 0.259512 9.59543 9.51261 9.59543 9.51261 145917 0 1 0.00315528
177.945 315664 309872 0.257045 9.73143 9.51293 9.73143 9.51293 146131 0 1 0.00225482
178.203 318560 312768 0.259652 9.73058 9.51324 9.73058 9.51324 146347 0 1 0.00149606
178.462 317112 315664 0.261992 9.72974 9.51356 9.72974 9.51356 146565 0 1 0.000849011
178.724 312768 314216 0.264396 9.59626 9.51368 9.59626 9.51368 146782 0 1 0.00129899
178.986 308424 309872 0.264273 9.50781 9.51367 9.50781 9.51367 146997 0 1 0.0023636
179.243 311320 305528 0.259601 9.50533 9.51366 9.50533 9.51366 147208 0 1 0.00366923
179.498 314216 308424 0.257173 9.73143 9.51397 9.73143 9.51397 147422 0 1 0.00268871
179.755 317112 311320 0.259377 9.73058 9.51428 9.73058 9.51428 147638 0 1 0.00185155
180.015 315664 314216 0.262 9.72974 9.51459 9.72974 9.51459 147856 0 1 0.00112486
180.276 311320 312768 0.264393 9.59626 9.51471 9.59626 9.51471 148073 0 1 0.00161449
180.536 309872 308424 0.261937 9.50658 9.51469 9.50658 9.51469 148286 0 1 0.00262492
180.793 312768 306976 0.25953 9.59543 9.51481 9.59543 9.51481 148499 0 1 0.00315526
181.048 315664 309872 0.257195 9.73143 9.51511 9.73143 9.51511 148713 0 1 0.00225396
181.305 318560 312768 0.259588 9.73058 9.51542 9.73058 9.51542 148929 0 1 0.00149611
181.565 317112 315664 0.26187 9.72974 9.51573 9.72974 9.51573 149147 0 1 0.000848539
181.827 312768 314216 0.264396 9.59626 9.51584 9.59626 9.51584 149364 0 1 0.001299
182.088 308424 309872 0.264393 9.50781 9.51583 9.50781 9.51583 149579 0 1 0.00236464
182.346 311320 305528 0.259512 9.50533 9.51581 9.50533 9.51581 149790 0 1 0.00366931
182.6 314216 308424 0.257045 9.73143 9.51612 9.73143 9.51612 150004 0 1 0.00268945
182.858 317112 311320 0.259652 9.73058 9.51642 9.73058 9.51642 150220 0 1 0.00185129
183.117 315664 314216 0.261992 9.72974 9.51672 9.72974 9.51672 150438 0 1 0.00112483
183.379 311320 312768 0.264332 9.59626 9.51683 9.59626 9.51683 150655 0 1 0.00161396
183.639 309872 308424 0.262 9.50658 9.51682 9.50658 9.51682 150868 0 1 0.00262516
183.896 312768 306976 0.259544 9.59543 9.51693 9.59543 9.51693 151081 0 1 0.00315525
184.15 315664 309872 0.257197 9.73143 9.51723 9.73143 9.51723 151295 0 1 0.00225394
184.408 318560 312768 0.259431 9.73058 9.51752 9.73058 9.51752 151511 0 1 0.00149626
184.667 317112 315664 0.261999 9.72974 9.51782 9.72974 9.51782 151729 0 1 0.00084904
184.929 312768 314216 0.264445 9.59626 9.51793 9.59626 9.51793 151946 0 1 0.00129942
185.191 308424 309872 0.264396 9.50781 9.51792 9.50781 9.51792 152161 0 1 0.00236467
185.448 311320 305528 0.25953 9.50533 9.5179 9.50533 9.5179 152372 0 1 0.00366929
185.703 314216 308424 0.257195 9.73143 9.51819 9.73143 9.51819 152586 0 1 0.00268858
185.96 317112 311320 0.259588 9.73058 9.51849 9.73058 9.51849 152802 0 1 0.00185133
186.22 315664 314216 0.26187 9.72974 9.51878 9.72974 9.51878 153020 0 1 0.00112436
186.482 311320 312768 0.264396 9.59626 9.51889 9.59626 9.51889 153237 0 1 0.00161452
186.741 309872 308424 0.261996 9.50658 9.51887 9.50658 9.51887 153450 0 1 0.00262515
186.998 312768 306976 0.259585 9.59543 9.51898 9.59543 9.51898 153663 0 1 0.00315521
187.253 315664 309872 0.257052 9.73143 9.51927 9.73143 9.51927 153877 0 1 0.00225478
187.51 318560 312768 0.259602 9.73058 9.51956 9.73058 9.51956 154093 0 1 0.0014961
187.77 317112 315664 0.261991 9.72974 9.51985 9.72974 9.51985 154311 0 1 0.000849006
188.032 312768 314216 0.264236 9.59626 9.51995 9.59626 9.51995 154528 0 1 0.00129762
188.294 308424 309872 0.264396 9.50781 9.51994 9.50781 9.51994 154743 0 1 0.00236467
188.551 311320 305528 0.259544 9.50533 9.51992 9.50533 9.51992 154954 0 1 0.00366928
188.805 314216 308424 0.257197 9.73143 9.5202 9.73143 9.5202 155168 0 1 0.00268857
189.063 317112 311320 0.259431 9.73058 9.52049 9.73058 9.52049 155384 0 1 0.00185149
189.322 315664 314216 0.261999 9.72974 9.52078 9.72974 9.52078 155602 0 1 0.00112486
189.584 311320 312768 0.264445 9.59626 9.52088 9.59626 9.52088 155819 0 1 0.00161495
189.844 309872 308424 0.261933 9.50658 9.52086 9.50658 9.52086 156032 0 1 0.0026249
190.101 312768 306976 0.259463 9.59543 9.52096 9.59543 9.52096 156245 0 1 0.00315533
190.356 315664 309872 0.257223 9.73143 9.52124 9.73143 9.52124 156459 0 1 0.0022538
190.613 318560 312768 0.259529 9.73058 9.52153 9.73058 9.52153 156675 0 1 0.00149616
190.872 317112 315664 0.261851 9.72974 9.52181 9.72974 9.52181 156893 0 1 0.000848469
191.134 312768 314216 0.264453 9.59626 9.52191 9.59626 9.52191 157110 0 1 0.00129949
191.396 308424 309872 0.264449 9.50781 9.52189 9.50781 9.52189 157325 0 1 0.00236514
191.653 311320 305528 0.259585 9.50533 9.52187 9.50533 9.52187 157536 0 1 0.00366924
191.908 314216 308424 0.257052 9.73143 9.52215 9.73143 9.52215 157750 0 1 0.00268941
192.165 317112 311320 0.259602 9.73058 9.52243 9.73058 9.52243 157966 0 1 0.00185132
192.425 315664 314216 0.261981 9.72974 9.52271 9.72974 9.52271 158184 0 1 0.00112479
192.687 311320 312768 0.264248 9.59626 9.52281 9.59626 9.52281 158401 0 1 0.00161324
192.946 309872 308424 0.262 9.50658 9.52278 9.50658 9.52278 158614 0 1 0.00262516
193.203 312768 306976 0.259622 9.59543 9.52288 9.59543 9.52288 158827 0 1 0.00315519
193.458 315664 309872 0.257226 9.73143 9.52316 9.73143 9.52316 159041 0 1 0.00225379
193.715 318560 312768 0.259493 9.73058 9.52343 9.73058 9.52343 159257 0 1 0.0014962
193.975 317112 315664 0.261999 9.72974 9.52371 9.72974 9.52371 159475 0 1 0.000849037
194.237 312768 314216 0.264366 9.59626 9.5238 9.59626 9.5238 159692 0 1 0.00129873
194.499 308424 309872 0.26431 9.50781 9.52378 9.50781 9.52378 159907 0 1 0.00236392
194.756 311320 305528 0.259463 9.50533 9.52376 9.50533 9.52376 160118 0 1 0.00366936
195.011 314216 308424 0.257223 9.73143 9.52403 9.73143 9.52403 160332 0 1 0.00268843
195.268 317112 311320 0.259529 9.73058 9.5243 9.73058 9.5243 160548 0 1 0.00185139
195.527 315664 314216 0.261851 9.72974 9.52457 9.72974 9.52457 160766 0 1 0.00112429
195.789 311320 312768 0.264453 9.59626 9.52467 9.59626 9.52467 160983 0 1 0.00161502
196.049 309872 308424 0.261995 9.50658 9.52465 9.50658 9.52465 161196 0 1 0.00262515
196.306 312768 306976 0.259526 9.59543 9.52474 9.59543 9.52474 161409 0 1 0.00315527
196.561 315664 309872 0.257059 9.73143 9.52501 9.73143 9.52501 161623 0 1 0.00225474
196.818 318560 312768 0.259546 9.73058 9.52528 9.73058 9.52528 161839 0 1 0.00149615
197.077 317112 315664 0.261978 9.72974 9.52555 9.72974 9.52555 162057 0 1 0.000848956
197.339 312768 314216 0.264283 9.59626 9.52564 9.59626 9.52564 162274 0 1 0.00129801
197.601 308424 309872 0.264453 9.50781 9.52562 9.50781 9.52562 162489 0 1 0.00236517
197.858 311320 305528 0.259622 9.50533 9.52559 9.50533 9.52559 162700 0 1 0.00366921
198.113 314216 308424 0.257226 9.73143 9.52585 9.73143 9.52585 162914 0 1 0.00268841
198.37 317112 311320 0.259493 9.73058 9.52612 9.73058 9.52612 163130 0 1 0.00185142
198.63 315664 314216 0.261999 9.72974 9.52639 9.72974 9.52639 163348 0 1 0.00112486
198.892 311320 312768 0.264366 9.59626 9.52648 9.59626 9.52648 163565 0 1 0.00161426
199.151 309872 308424 0.261924 9.50658 9.52645 9.50658 9.52645 163778 0 1 0.00262486
199.408 312768 306976 0.259529 9.59543 9.52654 9.59543 9.52654 163991 0 1 0.00315526
199.663 315664 309872 0.257254 9.73143 9.5268 9.73143 9.5268 164205 0 1 0.00225363
199.92 318560 312768 0.259583 9.73058 9.52706 9.73058 9.52706 164421 0 1 0.00149611
