0.200133 14480 0 0 0 0 0 0 0 0 1.06959
0.401462 15928 13032 0.200125 0.575376 0.288545 0.575376 0.288545 10 0 0.925016
0.403866 17376 13032 0.200484 9.64048 0.344194 9.64048 0.344194 12 0 0.924973
0.406269 20272 14480 0.201174 14.4607 0.427697 14.4607 0.427697 15 0 0.916417
0.408672 21720 17376 0.202027 19.281 0.538564 19.281 0.538564 19 0 0.89931
0.411075 23168 18824 0.203149 14.4607 0.619955 14.4607 0.619955 22 0 0.890767
0.60275 24616 20272 0.228005 0.181307 0.480465 0.181307 0.480465 25 0 0.880183
0.605153 26064 21720 0.225004 14.4607 0.535984 14.4607 0.535984 28 0 0.872049
0.607556 28960 23168 0.222379 14.4607 0.591063 14.4607 0.591063 31 0 0.864004
0.810045 33304 26064 0.211346 1.02975 0.700722 1.02975 0.700722 49 0 0.848584
1.01013 39096 30408 0.207303 1.2158 0.802748 1.2158 0.802748 70 0 0.824722
1.21142 43440 36200 0.225724 1.49629 0.917985 1.49629 0.917985 96 0 0.790991
1.41271 47784 40544 0.229312 1.66894 1.02498 1.66894 1.02498 125 0 0.767182
1.61279 56472 44888 0.209051 1.79475 1.12048 1.79475 1.12048 156 0 0.746153
1.81408 62264 53576 0.227882 2.18688 1.23881 2.18688 1.23881 194 0 0.698826
2.01537 68056 59368 0.231492 2.41708 1.35649 2.41708 1.35649 236 0 0.669157
2.21665 75296 65160 0.228719 2.64728 1.4737 2.64728 1.4737 282 0 0.640687
2.41794 83984 72400 0.227535 2.93503 1.59535 2.93503 1.59535 333 0 0.605856
2.47802 99912 81088 0.20918 10.7973 1.81846 10.7973 1.81846 389 0 0.568232
2.68532 118736 97016 0.209639 3.74407 1.96711 3.74407 1.96711 456 0 0.497978
2.8866 143352 115840 0.204356 4.66152 2.15499 4.66152 2.15499 537 0 0.423014
3.08669 173760 140456 0.20286 5.61583 2.37933 5.61583 2.37933 634 0 0.334447
3.28798 209960 170864 0.204467 6.8484 2.65292 6.8484 2.65292 753 0 0.240417
3.48806 254848 207064 0.203354 8.27901 2.97565 8.27901 2.97565 896 0 0.153967
3.68935 308424 251952 0.204826 10.0712 3.36278 10.0712 3.36278 1071 0 0.0807379
3.89843 360552 305528 0.212599 11.6905 3.80941 11.6905 3.80941 1282 0 0.0315627
4.15317 363448 357656 0.257067 11.2775 4.26747 11.2775 4.26747 1530 0 0.0101842
4.45116 327248 360552 0.300453 9.71823 4.63239 9.71823 4.63239 1780 0 0.0260093
4.75156 291048 324352 0.302849 8.67643 4.88806 8.67643 4.88806 2005 0 0.0142466
5.02072 282360 288152 0.271546 8.56453 5.08515 8.56453 5.08515 2204 0 0.0137026
5.26104 298288 279464 0.242795 9.35126 5.28003 9.35126 5.28003 2398 0 0.0223289
5.49415 322904 295392 0.235492 10.1871 5.48823 10.1871 5.48823 2603 0 0.0146369
5.73928 335936 320008 0.247619 10.4439 5.69988 10.4439 5.69988 2824 0 0.0019971
6.00603 327248 333040 0.269229 10.0313 5.89226 10.0313 5.89226 3055 0 0.00141178
6.2824 309872 324352 0.278665 9.38899 6.04609 9.38899 6.04609 3279 0 0.00321081
6.55156 299736 306976 0.271653 9.12403 6.17254 9.12403 6.17254 3491 0 0.0041841
6.8063 302632 296840 0.257169 9.32216 6.29042 9.32216 6.29042 3696 0 0.00759497
7.05383 312768 299736 0.249952 9.73408 6.41126 9.73408 6.41126 3904 0 0.00711643
7.30376 320008 309872 0.252209 9.96492 6.53287 9.96492 6.53287 4119 0 0.00272364
7.5609 321456 317112 0.25957 9.86572 6.64622 9.86572 6.64622 4338 0 0.000609106
7.82526 315664 318560 0.266754 9.6843 6.74885 9.6843 6.74885 4559 0 0.000755878
8.08961 309872 312768 0.26668 9.4652 6.83761 9.4652 6.83761 4775 0 0.00177876
8.34915 308424 306976 0.262 9.46195 6.91919 9.46195 6.91919 4987 0 0.00309949
8.60389 311320 305528 0.257193 9.59501 6.99842 9.59501 6.99842 5198 0 0.00367695
8.85863 314216 308424 0.257115 9.73143 7.07701 9.73143 7.07701 5412 0 0.00268904
9.11577 315664 311320 0.25942 9.73058 7.15186 9.73058 7.15186 5628 0 0.00179195
9.37532 314216 312768 0.261999 9.68511 7.22199 9.68511 7.22199 5845 0 0.00144038
9.63487 312768 311320 0.261988 9.59585 7.28594 9.59585 7.28594 6060 0 0.00179557
9.89441 311320 309872 0.2619 9.59585 7.34653 9.59585 7.34653 6275 0 0.00219015
10.1516 312768 308424 0.259528 9.59543 7.4035 9.59543 7.4035 6488 0 0.00262139
10.4087 314216 309872 0.259544 9.68553 7.45987 9.68553 7.45987 6703 0 0.00218675
10.6658 315664 311320 0.259523 9.68553 7.51353 9.68553 7.51353 6918 0 0.00179184
10.9254 314216 312768 0.261834 9.68511 7.56512 9.68511 7.56512 7135 0 0.00143975
11.1849 312768 311320 0.261999 9.59585 7.61224 9.59585 7.61224 7350 0 0.00179561
11.4445 311320 309872 0.261993 9.59585 7.65723 9.59585 7.65723 7565 0 0.00219051
11.7016 312768 308424 0.259479 9.59543 7.69982 9.59543 7.69982 7778 0 0.00262144
11.9588 314216 309872 0.259463 9.68553 7.74252 9.68553 7.74252 7993 0 0.00218683
12.2159 315664 311320 0.259568 9.68553 7.78342 9.68553 7.78342 8208 0 0.0017918
12.4754 314216 312768 0.261974 9.68511 7.82298 9.68511 7.82298 8425 0 0.00144028
12.735 312768 311320 0.261778 9.59585 7.85911 9.59585 7.85911 8640 0 0.00179477
12.9945 311320 309872 0.262 9.59585 7.8938 9.59585 7.8938 8855 0 0.00219054
13.2517 312768 308424 0.259542 9.59543 7.92682 9.59543 7.92682 9068 0 0.00262137
13.5088 314216 309872 0.259526 9.68553 7.9603 9.68553 7.9603 9283 0 0.00218676
13.766 315664 311320 0.259406 9.68553 7.99253 9.68553 7.99253 9498 0 0.00179197
14.0255 314216 312768 0.261998 9.68511 8.02385 9.68511 8.02385 9715 0 0.00144038
14.2851 312768 311320 0.261985 9.59585 8.05241 9.59585 8.05241 9930 0 0.00179555
14.5446 311320 309872 0.26187 9.59585 8.07995 9.59585 8.07995 10145 0 0.00219003
14.8017 312768 308424 0.259547 9.59543 8.10628 9.59543 8.10628 10358 0 0.00262137
15.0589 314216 309872 0.259568 9.68553 8.13325 9.68553 8.13325 10573 0 0.00218672
15.316 315664 311320 0.25954 9.68553 8.15931 9.68553 8.15931 10788 0 0.00179182
15.5756 314216 312768 0.261927 9.68511 8.18473 9.68511 8.18473 11005 0 0.0014401
15.8351 312768 311320 0.261999 9.59585 8.20786 9.59585 8.20786 11220 0 0.00179561
16.0947 311320 309872 0.261991 9.59585 8.23024 9.59585 8.23024 11435 0 0.0021905
16.3518 312768 308424 0.259483 9.59543 8.25171 9.59543 8.25171 11648 0 0.00262143
16.609 314216 309872 0.259462 9.68553 8.27391 9.68553 8.27391 11863 0 0.00218683
16.8661 315664 311320 0.259599 9.68553 8.29543 9.68553 8.29543 12078 0 0.00179177
17.1256 314216 312768 0.261966 9.68511 8.31649 9.68511 8.31649 12295 0 0.00144025
17.3852 312768 311320 0.261873 9.59585 8.33559 9.59585 8.33559 12510 0 0.00179512
17.6447 311320 309872 0.261999 9.59585 8.35413 9.59585 8.35413 12725 0 0.00219054
17.9019 312768 308424 0.259565 9.59543 8.37196 9.59543 8.37196 12938 0 0.00262135
18.159 314216 309872 0.25948 9.68553 8.39056 9.68553 8.39056 13153 0 0.00218681
18.4162 315664 311320 0.259603 9.68553 8.40864 9.68553 8.40864 13368 0 0.00179177
18.6757 314216 312768 0.261998 9.68511 8.42638 9.68511 8.42638 13585 0 0.00144038
18.9352 312768 311320 0.26198 9.59585 8.44241 9.59585 8.44241 13800 0 0.00179553
19.1948 311320 309872 0.26183 9.59585 8.45801 9.59585 8.45801 14015 0 0.00218989
19.4519 312768 308424 0.259571 9.59543 8.47305 9.59543 8.47305 14228 0 0.00262135
19.7091 314216 309872 0.259595 9.68553 8.48886 9.68553 8.48886 14443 0 0.0021867
19.9662 315664 311320 0.259547 9.68553 8.50428 9.68553 8.50428 14658 0 0.00179182
20.2258 314216 312768 0.261904 9.68511 8.51943 9.68511 8.51943 14875 0 0.00144001
20.4853 312768 311320 0.261999 9.59585 8.53307 9.59585 8.53307 15090 0 0.00179561
20.7449 311320 309872 0.261988 9.59585 8.54636 9.59585 8.54636 15305 0 0.00219049
21.002 312768 308424 0.259487 9.59543 8.55921 9.59543 8.55921 15518 0 0.00262143
21.2591 314216 309872 0.259603 9.68553 8.57283 9.68553 8.57283 15733 0 0.0021867
21.5163 315664 311320 0.25962 9.68553 8.58613 9.68553 8.58613 15948 0 0.00179176
21.7758 314216 312768 0.261955 9.68511 8.59923 9.68511 8.59923 16165 0 0.00144021
22.0354 312768 311320 0.261834 9.59585 8.61097 9.59585 8.61097 16380 0 0.00179498
22.2949 311320 309872 0.261999 9.59585 8.62243 9.59585 8.62243 16595 0 0.00219053
22.5521 312768 308424 0.259595 9.59543 8.63353 9.59543 8.63353 16808 0 0.00262133
22.8092 314216 309872 0.259463 9.68553 8.64539 9.68553 8.64539 17023 0 0.00218683
23.0664 315664 311320 0.259625 9.68553 8.65698 9.68553 8.65698 17238 0 0.00179175
23.3259 314216 312768 0.261997 9.68511 8.66842 9.68511 8.66842 17455 0 0.00144038
23.5854 312768 311320 0.261974 9.59585 8.67863 9.59585 8.67863 17670 0 0.00179551
23.845 311320 309872 0.261778 9.59585 8.68861 9.59585 8.68861 17885 0 0.0021897
24.1021 312768 308424 0.259603 9.59543 8.69829 9.59543 8.69829 18098 0 0.00262132
24.3593 314216 309872 0.259614 9.68553 8.70871 9.68553 8.70871 18313 0 0.00218669
24.6164 315664 311320 0.259551 9.68553 8.71891 9.68553 8.71891 18528 0 0.00179181
24.876 314216 312768 0.261875 9.68511 8.72899 9.68511 8.72899 18745 0 0.0014399
25.1355 312768 311320 0.261998 9.59585 8.73794 9.59585 8.73794 18960 0 0.00179561
25.3951 311320 309872 0.261985 9.59585 8.74671 9.59585 8.74671 19175 0 0.00219048
25.6522 312768 308424 0.259473 9.59543 8.75522 9.59543 8.75522 19388 0 0.00262144
25.9093 314216 309872 0.259624 9.68553 8.76445 9.68553 8.76445 19603 0 0.00218668
26.1665 315664 311320 0.259646 9.68553 8.7735 9.68553 8.7735 19818 0 0.00179174
26.426 314216 312768 0.261942 9.68511 8.78246 9.68511 8.78246 20035 0 0.00144016
26.6856 312768 311320 0.261927 9.59585 8.79037 9.59585 8.79037 20250 0 0.00179532
26.9451 311320 309872 0.261999 9.59585 8.79813 9.59585 8.79813 20465 0 0.00219053
27.2023 312768 308424 0.259603 9.59543 8.80566 9.59543 8.80566 20678 0 0.00262132
27.4594 314216 309872 0.259455 9.68553 8.8139 9.68553 8.8139 20893 0 0.00218684
27.7165 315664 311320 0.259653 9.68553 8.82199 9.68553 8.82199 21108 0 0.00179173
27.9761 314216 312768 0.261996 9.68511 8.83 9.68511 8.83 21325 0 0.00144037
28.2356 312768 311320 0.261966 9.59585 8.83704 9.59585 8.83704 21540 0 0.00179548
28.4952 311320 309872 0.261873 9.59585 8.84395 9.59585 8.84395 21755 0 0.00219005
28.7523 312768 308424 0.259624 9.59543 8.85067 9.59543 8.85067 21968 0 0.00262131
29.0095 314216 309872 0.259639 9.68553 8.85807 9.68553 8.85807 22183 0 0.00218667
29.2666 315664 311320 0.259414 9.68553 8.86534 9.68553 8.86534 22398 0 0.00179196
29.5262 314216 312768 0.262 9.68511 8.87255 9.68511 8.87255 22615 0 0.00144039
29.7857 312768 311320 0.261998 9.59585 8.87885 9.59585 8.87885 22830 0 0.0017956
30.0452 311320 309872 0.26198 9.59585 8.88504 9.59585 8.88504 23045 0 0.00219046
30.3024 312768 308424 0.259455 9.59543 8.89107 9.59543 8.89107 23258 0 0.00262146
30.5595 314216 309872 0.259652 9.68553 8.89776 9.68553 8.89776 23473 0 0.00218666
30.8167 315664 311320 0.259538 9.68553 8.90433 9.68553 8.90433 23688 0 0.00179183
31.0762 314216 312768 0.261924 9.68511 8.91085 9.68511 8.91085 23905 0 0.00144009
31.3358 312768 311320 0.261904 9.59585 8.91652 9.59585 8.91652 24120 0 0.00179524
31.5953 311320 309872 0.261999 9.59585 8.9221 9.59585 8.9221 24335 0 0.00219053
31.8524 312768 308424 0.259625 9.59543 8.92754 9.59543 8.92754 24548 0 0.00262131
32.1096 314216 309872 0.259431 9.68553 8.93361 9.68553 8.93361 24763 0 0.00218686
32.3667 315664 311320 0.259546 9.68553 8.93958 9.68553 8.93958 24978 0 0.00179182
32.6263 314216 312768 0.261995 9.68511 8.94552 9.68511 8.94552 25195 0 0.00144037
32.8858 312768 311320 0.261955 9.59585 8.95065 9.59585 8.95065 25410 0 0.00179544
33.1454 311320 309872 0.261834 9.59585 8.9557 9.59585 8.9557 25625 0 0.0021899
33.4025 312768 308424 0.259651 9.59543 8.96062 9.59543 8.96062 25838 0 0.00262129
33.6597 314216 309872 0.259529 9.68553 8.96616 9.68553 8.96616 26053 0 0.00218676
33.9168 315664 311320 0.259398 9.68553 8.97162 9.68553 8.97162 26268 0 0.00179198
34.1763 314216 312768 0.262 9.68511 8.97704 9.68511 8.97704 26485 0 0.00144039
34.4359 312768 311320 0.261997 9.59585 8.9817 9.59585 8.9817 26700 0 0.0017956
34.6954 311320 309872 0.261945 9.59585 8.98629 9.59585 8.98629 26915 0 0.00219032
34.9526 312768 308424 0.259464 9.59543 8.99077 9.59543 8.99077 27128 0 0.00262145
35.2097 314216 309872 0.259546 9.68553 8.99585 9.68553 8.99585 27343 0 0.00218674
35.4669 315664 311320 0.259559 9.68553 9.00085 9.68553 9.00085 27558 0 0.00179181
35.7264 314216 312768 0.2619 9.68511 9.00582 9.68511 9.00582 27775 0 0.00144
35.986 312768 311320 0.261875 9.59585 9.01008 9.59585 9.01008 27990 0 0.00179513
36.2455 311320 309872 0.261996 9.59585 9.01427 9.59585 9.01427 28205 0 0.00219052
36.5026 312768 308424 0.259512 9.59543 9.01836 9.59543 9.01836 28418 0 0.0026214
36.7598 314216 309872 0.25942 9.68553 9.02303 9.68553 9.02303 28633 0 0.00218687
37.0169 315664 311320 0.259571 9.68553 9.02763 9.68553 9.02763 28848 0 0.0017918
37.2765 314216 312768 0.261993 9.68511 9.03221 9.68511 9.03221 29065 0 0.00144036
37.536 312768 311320 0.261942 9.59585 9.03611 9.59585 9.03611 29280 0 0.00179538
37.7956 311320 309872 0.261926 9.59585 9.03995 9.59585 9.03995 29495 0 0.00219025
38.0527 312768 308424 0.259544 9.59543 9.04371 9.59543 9.04371 29708 0 0.00262137
38.3098 314216 309872 0.259548 9.68553 9.04801 9.68553 9.04801 29923 0 0.00218674
38.567 315664 311320 0.259377 9.68553 9.05226 9.68553 9.05226 30138 0 0.001792
38.8265 314216 312768 0.262 9.68511 9.05649 9.68511 9.05649 30355 0 0.00144039
39.0861 312768 311320 0.261996 9.59585 9.06008 9.59585 9.06008 30570 0 0.0017956
39.3456 311320 309872 0.261928 9.59585 9.06361 9.59585 9.06361 30785 0 0.00219026
39.6028 312768 308424 0.259463 9.59543 9.06706 9.59543 9.06706 30998 0 0.00262145
39.8599 314216 309872 0.25957 9.68553 9.07105 9.68553 9.07105 31213 0 0.00218672
40.1171 315664 311320 0.259588 9.68553 9.07499 9.68553 9.07499 31428 0 0.00179178
40.3766 314216 312768 0.26187 9.68511 9.07891 9.68511 9.07891 31645 0 0.00143988
40.6361 312768 311320 0.262 9.59585 9.08222 9.59585 9.08222 31860 0 0.00179561
40.8957 311320 309872 0.261995 9.59585 9.08548 9.59585 9.08548 32075 0 0.00219052
41.1528 312768 308424 0.259526 9.59543 9.08866 9.59543 9.08866 32288 0 0.00262139
41.41 314216 309872 0.259406 9.68553 9.09237 9.68553 9.09237 32503 0 0.00218689
41.6671 315664 311320 0.259602 9.68553 9.09603 9.68553 9.09603 32718 0 0.00179177
41.9267 314216 312768 0.261991 9.68511 9.09968 9.68511 9.09968 32935 0 0.00144035
42.1862 312768 311320 0.26184 9.59585 9.10273 9.59585 9.10273 33150 0 0.001795
42.4458 311320 309872 0.262 9.59585 9.10574 9.59585 9.10574 33365 0 0.00219054
42.7029 312768 308424 0.259568 9.59543 9.10869 9.59543 9.10869 33578 0 0.00262135
42.96 314216 309872 0.259573 9.68553 9.11215 9.68553 9.11215 33793 0 0.00218672
43.2172 315664 311320 0.259493 9.68553 9.11556 9.68553 9.11556 34008 0 0.00179187
43.4767 314216 312768 0.261999 9.68511 9.11896 9.68511 9.11896 34225 0 0.00144039
43.7363 312768 311320 0.261989 9.59585 9.12179 9.59585 9.12179 34440 0 0.00179557
43.9958 311320 309872 0.261913 9.59585 9.12458 9.59585 9.12458 34655 0 0.0021902
44.253 312768 308424 0.259462 9.59543 9.12732 9.59543 9.12732 34868 0 0.00262145
44.5101 314216 309872 0.259601 9.68553 9.13054 9.68553 9.13054 35083 0 0.0021867
44.7672 315664 311320 0.259605 9.68553 9.13373 9.68553 9.13373 35298 0 0.00179177
45.0268 314216 312768 0.26183 9.68511 9.13691 9.68511 9.13691 35515 0 0.00143974
45.2863 312768 311320 0.261999 9.59585 9.13954 9.59585 9.13954 35730 0 0.00179561
45.5459 311320 309872 0.261994 9.59585 9.14214 9.59585 9.14214 35945 0 0.00219051
45.803 312768 308424 0.259544 9.59543 9.14469 9.59543 9.14469 36158 0 0.00262137
46.0602 314216 309872 0.25953 9.68553 9.14771 9.68553 9.14771 36373 0 0.00218676
46.3173 315664 311320 0.259624 9.68553 9.15069 9.68553 9.15069 36588 0 0.00179175
46.5769 314216 312768 0.261988 9.68511 9.15367 9.68511 9.15367 36805 0 0.00144034
46.8364 312768 311320 0.261791 9.59585 9.15612 9.59585 9.15612 37020 0 0.00179482
47.0959 311320 309872 0.262 9.59585 9.15854 9.59585 9.15854 37235 0 0.00219054
47.3531 312768 308424 0.259599 9.59543 9.16092 9.59543 9.16092 37448 0 0.00262132
47.6102 314216 309872 0.259585 9.68553 9.16375 9.68553 9.16375 37663 0 0.00218671
47.8674 315664 311320 0.25948 9.68553 9.16655 9.68553 9.16655 37878 0 0.00179188
48.1269 314216 312768 0.261999 9.68511 9.16935 9.68511 9.16935 38095 0 0.00144039
48.3865 312768 311320 0.261986 9.59585 9.17164 9.59585 9.17164 38310 0 0.00179556
48.646 311320 309872 0.261886 9.59585 9.1739 9.59585 9.1739 38525 0 0.0021901
48.9032 312768 308424 0.259603 9.59543 9.17612 9.59543 9.17612 38738 0 0.00262132
49.1603 314216 309872 0.259622 9.68553 9.17878 9.68553 9.17878 38953 0 0.00218668
49.4174 315664 311320 0.259626 9.68553 9.18142 9.68553 9.18142 39168 0 0.00179175
49.677 314216 312768 0.261778 9.68511 9.18405 9.68511 9.18405 39385 0 0.00143955
49.9365 312768 311320 0.261999 9.59585 9.18619 9.59585 9.18619 39600 0 0.00179561
50.1961 311320 309872 0.261992 9.59585 9.18831 9.59585 9.18831 39815 0 0.00219051
50.4532 312768 308424 0.259547 9.59543 9.19038 9.59543 9.19038 40028 0 0.00262137
50.7104 314216 309872 0.259529 9.68553 9.19289 9.68553 9.19289 40243 0 0.00218676
50.9675 315664 311320 0.259651 9.68553 9.19538 9.68553 9.19538 40458 0 0.00179173
51.227 314216 312768 0.261968 9.68511 9.19786 9.68511 9.19786 40675 0 0.00144026
51.4866 312768 311320 0.261889 9.59585 9.19987 9.59585 9.19987 40890 0 0.00179518
51.7461 311320 309872 0.261999 9.59585 9.20185 9.59585 9.20185 41105 0 0.00219054
52.0033 312768 308424 0.25962 9.59543 9.2038 9.59543 9.2038 41318 0 0.00262131
52.2604 314216 309872 0.259601 9.68553 9.20617 9.68553 9.20617 41533 0 0.0021867
52.5176 315664 311320 0.259464 9.68553 9.20852 9.68553 9.20852 41748 0 0.0017919
52.7771 314216 312768 0.261998 9.68511 9.21086 9.68511 9.21086 41965 0 0.00144038
53.0367 312768 311320 0.261982 9.59585 9.21274 9.59585 9.21274 42180 0 0.00179554
53.2962 311320 309872 0.261851 9.59585 9.21461 9.59585 9.21461 42395 0 0.00218997
53.5533 312768 308424 0.259625 9.59543 9.21644 9.59543 9.21644 42608 0 0.00262131
53.8105 314216 309872 0.259649 9.68553 9.21868 9.68553 9.21868 42823 0 0.00218666
54.0676 315664 311320 0.259512 9.68553 9.2209 9.68553 9.2209 43038 0 0.00179185
54.3272 314216 312768 0.261873 9.68511 9.22312 9.68511 9.22312 43255 0 0.0014399
54.5867 312768 311320 0.261999 9.59585 9.22489 9.59585 9.22489 43470 0 0.00179561
54.8463 311320 309872 0.26199 9.59585 9.22665 9.59585 9.22665 43685 0 0.0021905
55.1034 312768 308424 0.259551 9.59543 9.22837 9.59543 9.22837 43898 0 0.00262137
55.3606 314216 309872 0.259528 9.68553 9.23049 9.68553 9.23049 44113 0 0.00218676
55.6177 315664 311320 0.259544 9.68553 9.23259 9.68553 9.23259 44328 0 0.00179182
55.8772 314216 312768 0.261958 9.68511 9.2347 9.68511 9.2347 44545 0 0.00144022
56.1368 312768 311320 0.261855 9.59585 9.23637 9.59585 9.23637 44760 0 0.00179505
56.3963 311320 309872 0.261999 9.59585 9.23802 9.59585 9.23802 44975 0 0.00219054
56.6535 312768 308424 0.259646 9.59543 9.23964 9.59543 9.23964 45188 0 0.00262129
56.9106 314216 309872 0.259479 9.68553 9.24166 9.68553 9.24166 45403 0 0.00218681
57.1678 315664 311320 0.259463 9.68553 9.24365 9.68553 9.24365 45618 0 0.0017919
57.4273 314216 312768 0.261997 9.68511 9.24565 9.68511 9.24565 45835 0 0.00144038
57.6868 312768 311320 0.261977 9.59585 9.24722 9.59585 9.24722 46050 0 0.00179552
57.9464 311320 309872 0.261806 9.59585 9.24879 9.59585 9.24879 46265 0 0.0021898
58.2035 312768 308424 0.259653 9.59543 9.25032 9.59543 9.25032 46478 0 0.00262128
58.4607 314216 309872 0.259542 9.68553 9.25223 9.68553 9.25223 46693 0 0.00218675
58.7178 315664 311320 0.259477 9.68553 9.25413 9.68553 9.25413 46908 0 0.00179189
58.9774 314216 312768 0.26189 9.68511 9.25603 9.68511 9.25603 47125 0 0.00143996
59.2369 312768 311320 0.261998 9.59585 9.25751 9.59585 9.25751 47340 0 0.00179561
59.4965 311320 309872 0.261987 9.59585 9.25899 9.59585 9.25899 47555 0 0.00219048
59.7536 312768 308424 0.259414 9.59543 9.26044 9.59543 9.26044 47768 0 0.00262151
60.0107 314216 309872 0.259547 9.68553 9.26226 9.68553 9.26226 47983 0 0.00218674
60.2679 315664 311320 0.259565 9.68553 9.26407 9.68553 9.26407 48198 0 0.0017918
60.5274 314216 312768 0.261949 9.68511 9.26587 9.68511 9.26587 48415 0 0.00144019
60.787 312768 311320 0.261811 9.59585 9.26728 9.59585 9.26728 48630 0 0.00179489
61.0465 311320 309872 0.261999 9.59585 9.26868 9.59585 9.26868 48845 0 0.00219053
61.3037 312768 308424 0.259538 9.59543 9.27005 9.59543 9.27005 49058 0 0.00262138
61.5608 314216 309872 0.259483 9.68553 9.27178 9.68553 9.27178 49273 0 0.00218681
61.818 315664 311320 0.259462 9.68553 9.2735 9.68553 9.2735 49488 0 0.0017919
62.0775 314216 312768 0.261996 9.68511 9.27522 9.68511 9.27522 49705 0 0.00144037
62.337 312768 311320 0.26197 9.59585 9.27656 9.59585 9.27656 49920 0 0.00179549
62.5966 311320 309872 0.261889 9.59585 9.27788 9.59585 9.27788 50135 0 0.00219011
62.8537 312768 308424 0.259546 9.59543 9.27918 9.59543 9.27918 50348 0 0.00262137
63.1109 314216 309872 0.259565 9.68553 9.28084 9.68553 9.28084 50563 0 0.00218673
63.368 315664 311320 0.25948 9.68553 9.28248 9.68553 9.28248 50778 0 0.00179188
63.6276 314216 312768 0.262 9.68511 9.28412 9.68511 9.28412 50995 0 0.00144039
63.8871 312768 311320 0.261998 9.59585 9.28539 9.59585 9.28539 51210 0 0.0017956
64.1467 311320 309872 0.261982 9.59585 9.28665 9.59585 9.28665 51425 0 0.00219047
64.4038 312768 308424 0.259398 9.59543 9.28788 9.59543 9.28788 51638 0 0.00262153
64.6609 314216 309872 0.259571 9.68553 9.28946 9.68553 9.28946 51853 0 0.00218672
64.9181 315664 311320 0.259595 9.68553 9.29103 9.68553 9.29103 52068 0 0.00179178
65.1776 314216 312768 0.261933 9.68511 9.2926 9.68511 9.2926 52285 0 0.00144013
65.4372 312768 311320 0.261916 9.59585 9.2938 9.59585 9.2938 52500 0 0.00179528
65.6967 311320 309872 0.261999 9.59585 9.29499 9.59585 9.29499 52715 0 0.00219053
65.9539 312768 308424 0.259559 9.59543 9.29617 9.59543 9.29617 52928 0 0.00262136
66.211 314216 309872 0.259362 9.68553 9.29768 9.68553 9.29768 53143 0 0.00218694
66.4681 315664 311320 0.259603 9.68553 9.29918 9.68553 9.29918 53358 0 0.00179177
66.7277 314216 312768 0.261995 9.68511 9.30068 9.68511 9.30068 53575 0 0.00144037
66.9872 312768 311320 0.261961 9.59585 9.30182 9.59585 9.30182 53790 0 0.00179546
67.2468 311320 309872 0.261855 9.59585 9.30296 9.59585 9.30296 54005 0 0.00218998
67.5039 312768 308424 0.259571 9.59543 9.30407 9.59543 9.30407 54218 0 0.00262135
67.7611 314216 309872 0.259587 9.68553 9.30552 9.68553 9.30552 54433 0 0.00218671
68.0182 315664 311320 0.259473 9.68553 9.30696 9.68553 9.30696 54648 0 0.00179189
68.2778 314216 312768 0.262 9.68511 9.30839 9.68511 9.30839 54865 0 0.00144039
68.5373 312768 311320 0.261997 9.59585 9.30948 9.59585 9.30948 55080 0 0.0017956
68.7968 311320 309872 0.261977 9.59585 9.31056 9.59585 9.31056 55295 0 0.00219045
69.054 312768 308424 0.259377 9.59543 9.31162 9.59543 9.31162 55508 0 0.00262155
69.3111 314216 309872 0.259602 9.68553 9.31301 9.68553 9.31301 55723 0 0.0021867
69.5683 315664 311320 0.259615 9.68553 9.31439 9.68553 9.31439 55938 0 0.00179176
69.8278 314216 312768 0.261913 9.68511 9.31576 9.68511 9.31576 56155 0 0.00144005
70.0874 312768 311320 0.26189 9.59585 9.3168 9.59585 9.3168 56370 0 0.00179519
70.3469 311320 309872 0.261998 9.59585 9.31783 9.59585 9.31783 56585 0 0.00219053
70.604 312768 308424 0.259588 9.59543 9.31884 9.59543 9.31884 56798 0 0.00262133
70.8612 314216 309872 0.259473 9.68553 9.32017 9.68553 9.32017 57013 0 0.00218682
71.1183 315664 311320 0.259624 9.68553 9.32149 9.68553 9.32149 57228 0 0.00179175
71.3779 314216 312768 0.261994 9.68511 9.32282 9.68511 9.32282 57445 0 0.00144036
71.6374 312768 311320 0.261949 9.59585 9.32381 9.59585 9.32381 57660 0 0.00179541
71.897 311320 309872 0.261811 9.59585 9.32479 9.59585 9.32479 57875 0 0.00218982
72.1541 312768 308424 0.259602 9.59543 9.32575 9.59543 9.32575 58088 0 0.00262132
72.4113 314216 309872 0.259603 9.68553 9.32703 9.68553 9.32703 58303 0 0.0021867
72.6684 315664 311320 0.259455 9.68553 9.3283 9.68553 9.3283 58518 0 0.00179191
72.9279 314216 312768 0.262 9.68511 9.32957 9.68511 9.32957 58735 0 0.00144039
73.1875 312768 311320 0.261996 9.59585 9.33051 9.59585 9.33051 58950 0 0.0017956
73.447 311320 309872 0.26197 9.59585 9.33145 9.59585 9.33145 59165 0 0.00219042
73.7042 312768 308424 0.259493 9.59543 9.33237 9.59543 9.33237 59378 0 0.00262142
73.9613 314216 309872 0.259624 9.68553 9.3336 9.68553 9.3336 59593 0 0.00218668
74.2185 315664 311320 0.259639 9.68553 9.33482 9.68553 9.33482 59808 0 0.00179174
74.478 314216 312768 0.261886 9.68511 9.33604 9.68511 9.33604 60025 0 0.00143995
74.7376 312768 311320 0.262 9.59585 9.33694 9.59585 9.33694 60240 0 0.00179561
74.9971 311320 309872 0.261998 9.59585 9.33784 9.59585 9.33784 60455 0 0.00219053
75.2542 312768 308424 0.259583 9.59543 9.33872 9.59543 9.33872 60668 0 0.00262134
75.5114 314216 309872 0.25948 9.68553 9.3399 9.68553 9.3399 60883 0 0.00218681
75.7685 315664 311320 0.259652 9.68553 9.34107 9.68553 9.34107 61098 0 0.00179173
76.0281 314216 312768 0.261992 9.68511 9.34225 9.68511 9.34225 61315 0 0.00144036
76.2876 312768 311320 0.261933 9.59585 9.34311 9.59585 9.34311 61530 0 0.00179535
76.5472 311320 309872 0.261916 9.59585 9.34397 9.59585 9.34397 61745 0 0.00219021
76.8043 312768 308424 0.259622 9.59543 9.34481 9.59543 9.34481 61958 0 0.00262131
77.0614 314216 309872 0.259626 9.68553 9.34594 9.68553 9.34594 62173 0 0.00218668
77.3186 315664 311320 0.259431 9.68553 9.34707 9.68553 9.34707 62388 0 0.00179194
77.5781 314216 312768 0.261999 9.68511 9.34821 9.68511 9.34821 62605 0 0.00144039
77.8377 312768 311320 0.261995 9.59585 9.34903 9.59585 9.34903 62820 0 0.00179559
78.0972 311320 309872 0.261961 9.59585 9.34985 9.59585 9.34985 63035 0 0.00219038
78.3544 312768 308424 0.25948 9.59543 9.35066 9.59543 9.35066 63248 0 0.00262143
78.6115 314216 309872 0.259651 9.68553 9.35175 9.68553 9.35175 63463 0 0.00218666
78.8687 315664 311320 0.259529 9.68553 9.35284 9.68553 9.35284 63678 0 0.00179183
79.1282 314216 312768 0.261851 9.68511 9.35393 9.68511 9.35393 63895 0 0.00143982
79.3877 312768 311320 0.262 9.59585 9.35472 9.59585 9.35472 64110 0 0.00179561
79.6473 311320 309872 0.261997 9.59585 9.35551 9.59585 9.35551 64325 0 0.00219053
79.9044 312768 308424 0.259598 9.59543 9.35628 9.59543 9.35628 64538 0 0.00262133
80.1616 314216 309872 0.259464 9.68553 9.35734 9.68553 9.35734 64753 0 0.00218683
80.4187 315664 311320 0.259546 9.68553 9.35838 9.68553 9.35838 64968 0 0.00179182
80.6783 314216 312768 0.26199 9.68511 9.35944 9.68511 9.35944 65185 0 0.00144035
80.9378 312768 311320 0.261913 9.59585 9.36019 9.59585 9.36019 65400 0 0.00179527
81.1974 311320 309872 0.26189 9.59585 9.36095 9.59585 9.36095 65615 0 0.00219011
81.4545 312768 308424 0.259649 9.59543 9.36169 9.59543 9.36169 65828 0 0.00262129
81.7116 314216 309872 0.259512 9.68553 9.36271 9.68553 9.36271 66043 0 0.00218678
81.9688 315664 311320 0.25942 9.68553 9.36372 9.68553 9.36372 66258 0 0.00179195
82.2283 314216 312768 0.261999 9.68511 9.36473 9.68511 9.36473 66475 0 0.00144039
82.4879 312768 311320 0.261994 9.59585 9.36546 9.59585 9.36546 66690 0 0.00179559
82.7474 311320 309872 0.261893 9.59585 9.36618 9.59585 9.36618 66905 0 0.00219012
83.0046 312768 308424 0.259528 9.59543 9.36689 9.59543 9.36689 67118 0 0.00262139
83.2617 314216 309872 0.259544 9.68553 9.36788 9.68553 9.36788 67333 0 0.00218675
83.5188 315664 311320 0.259548 9.68553 9.36886 9.68553 9.36886 67548 0 0.00179182
83.7784 314216 312768 0.261806 9.68511 9.36984 9.68511 9.36984 67765 0 0.00143965
84.0379 312768 311320 0.262 9.59585 9.37053 9.59585 9.37053 67980 0 0.00179561
84.2975 311320 309872 0.261993 9.59585 9.37123 9.59585 9.37123 68195 0 0.00219051
84.5546 312768 308424 0.259479 9.59543 9.37191 9.59543 9.37191 68408 0 0.00262144
84.8118 314216 309872 0.259463 9.68553 9.37286 9.68553 9.37286 68623 0 0.00218683
85.0689 315664 311320 0.25957 9.68553 9.37381 9.68553 9.37381 68838 0 0.0017918
85.3285 314216 312768 0.261987 9.68511 9.37475 9.68511 9.37475 69055 0 0.00144033
85.588 312768 311320 0.261886 9.59585 9.37542 9.59585 9.37542 69270 0 0.00179517
85.8475 311320 309872 0.261999 9.59585 9.37609 9.59585 9.37609 69485 0 0.00219054
86.1047 312768 308424 0.259542 9.59543 9.37674 9.59543 9.37674 69698 0 0.00262137
86.3618 314216 309872 0.259526 9.68553 9.37766 9.68553 9.37766 69913 0 0.00218676
86.619 315664 311320 0.259406 9.68553 9.37858 9.68553 9.37858 70128 0 0.00179197
86.8785 314216 312768 0.261999 9.68511 9.37949 9.68511 9.37949 70345 0 0.00144038
87.1381 312768 311320 0.261992 9.59585 9.38014 9.59585 9.38014 70560 0 0.00179558
87.3976 311320 309872 0.26186 9.59585 9.38078 9.59585 9.38078 70775 0 0.00219
87.6548 312768 308424 0.259547 9.59543 9.38141 9.59543 9.38141 70988 0 0.00262137
87.9119 314216 309872 0.259568 9.68553 9.3823 9.68553 9.3823 71203 0 0.00218672
88.169 315664 311320 0.259573 9.68553 9.38318 9.68553 9.38318 71418 0 0.0017918
88.4286 314216 312768 0.261889 9.68511 9.38407 9.68511 9.38407 71635 0 0.00143996
88.6881 312768 311320 0.261999 9.59585 9.38469 9.59585 9.38469 71850 0 0.00179561
88.9477 311320 309872 0.26199 9.59585 9.3853 9.59585 9.3853 72065 0 0.0021905
89.2048 312768 308424 0.259483 9.59543 9.38591 9.59543 9.38591 72278 0 0.00262143
89.462 314216 309872 0.259462 9.68553 9.38677 9.68553 9.38677 72493 0 0.00218683
89.7191 315664 311320 0.259601 9.68553 9.38763 9.68553 9.38763 72708 0 0.00179177
89.9786 314216 312768 0.261982 9.68511 9.38849 9.68511 9.38849 72925 0 0.00144032
90.2382 312768 311320 0.261851 9.59585 9.38908 9.59585 9.38908 73140 0 0.00179504
90.4977 311320 309872 0.261999 9.59585 9.38967 9.59585 9.38967 73355 0 0.00219054
90.7549 312768 308424 0.259565 9.59543 9.39026 9.59543 9.39026 73568 0 0.00262135
91.012 314216 309872 0.259544 9.68553 9.39109 9.68553 9.39109 73783 0 0.00218675
91.2692 315664 311320 0.25953 9.68553 9.39192 9.68553 9.39192 73998 0 0.00179183
91.5287 314216 312768 0.261999 9.68511 9.39275 9.68511 9.39275 74215 0 0.00144038
91.7883 312768 311320 0.261978 9.59585 9.39333 9.59585 9.39333 74430 0 0.00179553
92.0478 311320 309872 0.26183 9.59585 9.3939 9.59585 9.3939 74645 0 0.00218989
92.3049 312768 308424 0.259571 9.59543 9.39446 9.59543 9.39446 74858 0 0.00262135
92.5621 314216 309872 0.259599 9.68553 9.39527 9.68553 9.39527 75073 0 0.0021867
92.8192 315664 311320 0.259585 9.68553 9.39607 9.68553 9.39607 75288 0 0.00179178
93.0788 314216 312768 0.261855 9.68511 9.39688 9.68511 9.39688 75505 0 0.00143983
93.3383 312768 311320 0.261999 9.59585 9.39743 9.59585 9.39743 75720 0 0.00179561
93.5979 311320 309872 0.261988 9.59585 9.39798 9.59585 9.39798 75935 0 0.00219049
93.855 312768 308424 0.259487 9.59543 9.39852 9.59543 9.39852 76148 0 0.00262143
94.1122 314216 309872 0.259603 9.68553 9.39931 9.68553 9.39931 76363 0 0.0021867
94.3693 315664 311320 0.259622 9.68553 9.40009 9.68553 9.40009 76578 0 0.00179176
94.6288 314216 312768 0.261977 9.68511 9.40087 9.68511 9.40087 76795 0 0.0014403
94.8884 312768 311320 0.261806 9.59585 9.4014 9.59585 9.4014 77010 0 0.00179487
95.1479 311320 309872 0.261999 9.59585 9.40193 9.59585 9.40193 77225 0 0.00219053
95.4051 312768 308424 0.259595 9.59543 9.40245 9.59543 9.40245 77438 0 0.00262133
95.6622 314216 309872 0.259547 9.68553 9.40321 9.68553 9.40321 77653 0 0.00218674
95.9194 315664 311320 0.259529 9.68553 9.40397 9.68553 9.40397 77868 0 0.00179183
96.1789 314216 312768 0.261998 9.68511 9.40473 9.68511 9.40473 78085 0 0.00144038
96.4384 312768 311320 0.261972 9.59585 9.40524 9.59585 9.40524 78300 0 0.0017955
96.698 311320 309872 0.261778 9.59585 9.40576 9.59585 9.40576 78515 0 0.0021897
96.9551 312768 308424 0.259603 9.59543 9.40626 9.59543 9.40626 78728 0 0.00262132
97.2123 314216 309872 0.25962 9.68553 9.407 9.68553 9.407 78943 0 0.00218668
97.4694 315664 311320 0.259601 9.68553 9.40773 9.68553 9.40773 79158 0 0.00179177
97.729 314216 312768 0.261811 9.68511 9.40847 9.68511 9.40847 79375 0 0.00143967
97.9885 312768 311320 0.261998 9.59585 9.40897 9.59585 9.40897 79590 0 0.00179561
98.2481 311320 309872 0.261985 9.59585 9.40946 9.59585 9.40946 79805 0 0.00219048
98.5052 312768 308424 0.259473 9.59543 9.40994 9.59543 9.40994 80018 0 0.00262144
98.7623 314216 309872 0.259625 9.68553 9.41066 9.68553 9.41066 80233 0 0.00218668
99.0195 315664 311320 0.259649 9.68553 9.41138 9.68553 9.41138 80448 0 0.00179174
99.279 314216 312768 0.261937 9.68511 9.41209 9.68511 9.41209 80665 0 0.00144014
99.5386 312768 311320 0.261927 9.59585 9.41257 9.59585 9.41257 80880 0 0.00179532
99.7981 311320 309872 0.261999 9.59585 9.41305 9.59585 9.41305 81095 0 0.00219053
100.055 312768 308424 0.259615 9.59543 9.41352 9.59543 9.41352 81308 0 0.00262131
100.312 314216 309872 0.259551 9.68553 9.41421 9.68553 9.41421 81523 0 0.00218674
100.57 315664 311320 0.259528 9.68553 9.41491 9.68553 9.41491 81738 0 0.00179184
100.829 314216 312768 0.261996 9.68511 9.4156 9.68511 9.4156 81955 0 0.00144037
101.089 312768 311320 0.261966 9.59585 9.41607 9.59585 9.41607 82170 0 0.00179548
101.348 311320 309872 0.261873 9.59585 9.41653 9.59585 9.41653 82385 0 0.00219005
101.605 312768 308424 0.259624 9.59543 9.41698 9.59543 9.41698 82598 0 0.00262131
101.862 314216 309872 0.259646 9.68553 9.41766 9.68553 9.41766 82813 0 0.00218666
102.12 315664 311320 0.259479 9.68553 9.41833 9.68553 9.41833 83028 0 0.00179188
102.379 314216 312768 0.261916 9.68511 9.41901 9.68511 9.41901 83245 0 0.00144006
102.639 312768 311320 0.261998 9.59585 9.41945 9.59585 9.41945 83460 0 0.0017956
102.898 311320 309872 0.26198 9.59585 9.4199 9.59585 9.4199 83675 0 0.00219046
103.155 312768 308424 0.259455 9.59543 9.42034 9.59543 9.42034 83888 0 0.00262146
103.413 314216 309872 0.259653 9.68553 9.421 9.68553 9.421 84103 0 0.00218666
103.67 315664 311320 0.259542 9.68553 9.42165 9.68553 9.42165 84318 0 0.00179182
103.929 314216 312768 0.261918 9.68511 9.42231 9.68511 9.42231 84535 0 0.00144007
104.189 312768 311320 0.261904 9.59585 9.42274 9.59585 9.42274 84750 0 0.00179524
104.448 311320 309872 0.261999 9.59585 9.42317 9.59585 9.42317 84965 0 0.00219053
104.705 312768 308424 0.259639 9.59543 9.4236 9.59543 9.4236 85178 0 0.00262129
104.963 314216 309872 0.259414 9.68553 9.42424 9.68553 9.42424 85393 0 0.00218688
105.22 315664 311320 0.259547 9.68553 9.42488 9.68553 9.42488 85608 0 0.00179182
105.479 314216 312768 0.261994 9.68511 9.42552 9.68511 9.42552 85825 0 0.00144037
105.739 312768 311320 0.261955 9.59585 9.42593 9.59585 9.42593 86040 0 0.00179544
105.998 311320 309872 0.261834 9.59585 9.42635 9.59585 9.42635 86255 0 0.0021899
106.256 312768 308424 0.259652 9.59543 9.42676 9.59543 9.42676 86468 0 0.00262129
106.513 314216 309872 0.259538 9.68553 9.42738 9.68553 9.42738 86683 0 0.00218675
106.77 315664 311320 0.259387 9.68553 9.42801 9.68553 9.42801 86898 0 0.00179199
107.029 314216 312768 0.262 9.68511 9.42863 9.68511 9.42863 87115 0 0.00144039
107.289 312768 311320 0.261997 9.59585 9.42903 9.59585 9.42903 87330 0 0.0017956
107.548 311320 309872 0.261974 9.59585 9.42944 9.59585 9.42944 87545 0 0.00219043
107.806 312768 308424 0.259431 9.59543 9.42983 9.59543 9.42983 87758 0 0.00262149
108.063 314216 309872 0.259546 9.68553 9.43044 9.68553 9.43044 87973 0 0.00218674
108.32 315664 311320 0.259559 9.68553 9.43105 9.68553 9.43105 88188 0 0.00179181
108.579 314216 312768 0.2619 9.68511 9.43165 9.68511 9.43165 88405 0 0.00144
108.839 312768 311320 0.261875 9.59585 9.43205 9.59585 9.43205 88620 0 0.00179513
109.099 311320 309872 0.261998 9.59585 9.43244 9.59585 9.43244 88835 0 0.00219053
109.356 312768 308424 0.259529 9.59543 9.43282 9.59543 9.43282 89048 0 0.00262139
109.613 314216 309872 0.259398 9.68553 9.43341 9.68553 9.43341 89263 0 0.0021869
109.87 315664 311320 0.259571 9.68553 9.434 9.68553 9.434 89478 0 0.0017918
110.129 314216 312768 0.261993 9.68511 9.43459 9.68511 9.43459 89695 0 0.00144036
110.389 312768 311320 0.261942 9.59585 9.43497 9.59585 9.43497 89910 0 0.00179538
110.649 311320 309872 0.261927 9.59585 9.43535 9.59585 9.43535 90125 0 0.00219025
110.906 312768 308424 0.259546 9.59543 9.43572 9.59543 9.43572 90338 0 0.00262137
111.163 314216 309872 0.259559 9.68553 9.4363 9.68553 9.4363 90553 0 0.00218673
111.42 315664 311320 0.259362 9.68553 9.43687 9.68553 9.43687 90768 0 0.00179202
111.68 314216 312768 0.262 9.68511 9.43745 9.68511 9.43745 90985 0 0.00144039
111.939 312768 311320 0.261996 9.59585 9.43782 9.59585 9.43782 91200 0 0.0017956
112.199 311320 309872 0.261966 9.59585 9.43818 9.59585 9.43818 91415 0 0.0021904
112.456 312768 308424 0.25942 9.59543 9.43854 9.59543 9.43854 91628 0 0.0026215
112.713 314216 309872 0.259571 9.68553 9.43911 9.68553 9.43911 91843 0 0.00218672
112.97 315664 311320 0.259587 9.68553 9.43967 9.68553 9.43967 92058 0 0.00179178
113.23 314216 312768 0.26187 9.68511 9.44023 9.68511 9.44023 92275 0 0.00143988
113.489 312768 311320 0.262 9.59585 9.44059 9.59585 9.44059 92490 0 0.00179561
113.749 311320 309872 0.261998 9.59585 9.44094 9.59585 9.44094 92705 0 0.00219053
114.006 312768 308424 0.259548 9.59543 9.44129 9.59543 9.44129 92918 0 0.00262137
114.263 314216 309872 0.259377 9.68553 9.44184 9.68553 9.44184 93133 0 0.00218693
114.52 315664 311320 0.259602 9.68553 9.44239 9.68553 9.44239 93348 0 0.00179177
114.78 314216 312768 0.261991 9.68511 9.44293 9.68511 9.44293 93565 0 0.00144035
115.039 312768 311320 0.261924 9.59585 9.44328 9.59585 9.44328 93780 0 0.00179531
115.299 311320 309872 0.261904 9.59585 9.44362 9.59585 9.44362 93995 0 0.00219016
115.556 312768 308424 0.25957 9.59543 9.44396 9.59543 9.44396 94208 0 0.00262135
115.813 314216 309872 0.259571 9.68553 9.4445 9.68553 9.4445 94423 0 0.00218672
116.07 315664 311320 0.259493 9.68553 9.44503 9.68553 9.44503 94638 0 0.00179187
116.33 314216 312768 0.261999 9.68511 9.44557 9.68511 9.44557 94855 0 0.00144039
116.589 312768 311320 0.261995 9.59585 9.4459 9.59585 9.4459 95070 0 0.00179559
116.849 311320 309872 0.261955 9.59585 9.44623 9.59585 9.44623 95285 0 0.00219036
117.106 312768 308424 0.259406 9.59543 9.44656 9.59543 9.44656 95498 0 0.00262152
117.363 314216 309872 0.259601 9.68553 9.44709 9.68553 9.44709 95713 0 0.0021867
117.62 315664 311320 0.259605 9.68553 9.44761 9.68553 9.44761 95928 0 0.00179177
117.88 314216 312768 0.26183 9.68511 9.44813 9.68511 9.44813 96145 0 0.00143974
118.139 312768 311320 0.262 9.59585 9.44845 9.59585 9.44845 96360 0 0.00179561
118.399 311320 309872 0.261997 9.59585 9.44878 9.59585 9.44878 96575 0 0.00219053
118.656 312768 308424 0.259573 9.59543 9.4491 9.59543 9.4491 96788 0 0.00262135
118.913 314216 309872 0.259493 9.68553 9.44961 9.68553 9.44961 97003 0 0.0021868
119.17 315664 311320 0.259624 9.68553 9.45012 9.68553 9.45012 97218 0 0.00179175
119.43 314216 312768 0.261988 9.68511 9.45063 9.68511 9.45063 97435 0 0.00144034
119.689 312768 311320 0.2619 9.59585 9.45094 9.59585 9.45094 97650 0 0.00179522
119.949 311320 309872 0.261875 9.59585 9.45125 9.59585 9.45125 97865 0 0.00219005
120.206 312768 308424 0.259601 9.59543 9.45156 9.59543 9.45156 98078 0 0.00262132
120.463 314216 309872 0.259583 9.68553 9.45206 9.68553 9.45206 98293 0 0.00218671
120.72 315664 311320 0.25948 9.68553 9.45256 9.68553 9.45256 98508 0 0.00179188
120.98 314216 312768 0.261999 9.68511 9.45306 9.68511 9.45306 98725 0 0.00144039
121.239 312768 311320 0.261993 9.59585 9.45336 9.59585 9.45336 98940 0 0.00179559
121.499 311320 309872 0.261942 9.59585 9.45367 9.59585 9.45367 99155 0 0.00219031
121.756 312768 308424 0.25953 9.59543 9.45397 9.59543 9.45397 99368 0 0.00262139
122.013 314216 309872 0.259622 9.68553 9.45446 9.68553 9.45446 99583 0 0.00218668
122.27 315664 311320 0.259626 9.68553 9.45494 9.68553 9.45494 99798 0 0.00179175
122.53 314216 312768 0.261778 9.68511 9.45543 9.68511 9.45543 100015 0 0.00143955
122.79 312768 311320 0.262 9.59585 9.45573 9.59585 9.45573 100230 0 0.00179561
123.049 311320 309872 0.261996 9.59585 9.45602 9.59585 9.45602 100445 0 0.00219052
123.306 312768 308424 0.259542 9.59543 9.45631 9.59543 9.45631 100658 0 0.00262137
123.563 314216 309872 0.259529 9.68553 9.45679 9.68553 9.45679 100873 0 0.00218676
123.821 315664 311320 0.259651 9.68553 9.45727 9.68553 9.45727 101088 0 0.00179173
124.08 314216 312768 0.261985 9.68511 9.45774 9.68511 9.45774 101305 0 0.00144033
124.34 312768 311320 0.26187 9.59585 9.45803 9.59585 9.45803 101520 0 0.00179511
124.599 311320 309872 0.262 9.59585 9.45832 9.59585 9.45832 101735 0 0.00219054
124.856 312768 308424 0.259619 9.59543 9.4586 9.59543 9.4586 101948 0 0.00262131
125.113 314216 309872 0.259601 9.68553 9.45907 9.68553 9.45907 102163 0 0.0021867
125.371 315664 311320 0.259464 9.68553 9.45953 9.68553 9.45953 102378 0 0.0017919
125.63 314216 312768 0.261999 9.68511 9.46 9.68511 9.46 102595 0 0.00144038
125.89 312768 311320 0.261991 9.59585 9.46028 9.59585 9.46028 102810 0 0.00179558
126.149 311320 309872 0.261924 9.59585 9.46056 9.59585 9.46056 103025 0 0.00219024
126.406 312768 308424 0.259529 9.59543 9.46083 9.59543 9.46083 103238 0 0.00262139
126.663 314216 309872 0.259649 9.68553 9.46129 9.68553 9.46129 103453 0 0.00218666
126.921 315664 311320 0.259512 9.68553 9.46174 9.68553 9.46174 103668 0 0.00179185
127.18 314216 312768 0.261873 9.68511 9.4622 9.68511 9.4622 103885 0 0.0014399
127.44 312768 311320 0.261999 9.59585 9.46247 9.59585 9.46247 104100 0 0.00179561
127.699 311320 309872 0.261995 9.59585 9.46274 9.59585 9.46274 104315 0 0.00219052
127.956 312768 308424 0.259545 9.59543 9.46301 9.59543 9.46301 104528 0 0.00262137
128.214 314216 309872 0.259528 9.68553 9.46345 9.68553 9.46345 104743 0 0.00218676
128.471 315664 311320 0.259544 9.68553 9.4639 9.68553 9.4639 104958 0 0.00179182
128.73 314216 312768 0.26198 9.68511 9.46434 9.68511 9.46434 105175 0 0.00144031
128.99 312768 311320 0.26183 9.59585 9.46461 9.59585 9.46461 105390 0 0.00179496
129.249 311320 309872 0.262 9.59585 9.46487 9.59585 9.46487 105605 0 0.00219054
129.506 312768 308424 0.259646 9.59543 9.46513 9.59543 9.46513 105818 0 0.00262129
129.764 314216 309872 0.259479 9.68553 9.46557 9.68553 9.46557 106033 0 0.00218681
130.021 315664 311320 0.259463 9.68553 9.466 9.68553 9.466 106248 0 0.0017919
130.28 314216 312768 0.261999 9.68511 9.46644 9.68511 9.46644 106465 0 0.00144038
130.54 312768 311320 0.261988 9.59585 9.4667 9.59585 9.4667 106680 0 0.00179557
130.799 311320 309872 0.261791 9.59585 9.46695 9.59585 9.46695 106895 0 0.00218975
131.057 312768 308424 0.259653 9.59543 9.4672 9.59543 9.4672 107108 0 0.00262129
131.314 314216 309872 0.259542 9.68553 9.46763 9.68553 9.46763 107323 0 0.00218675
131.571 315664 311320 0.259526 9.68553 9.46806 9.68553 9.46806 107538 0 0.00179184
131.83 314216 312768 0.261834 9.68511 9.46848 9.68511 9.46848 107755 0 0.00143975
132.09 312768 311320 0.261999 9.59585 9.46874 9.59585 9.46874 107970 0 0.00179561
132.349 311320 309872 0.261986 9.59585 9.46898 9.59585 9.46898 108185 0 0.00219048
132.607 312768 308424 0.259414 9.59543 9.46923 9.59543 9.46923 108398 0 0.00262151
132.864 314216 309872 0.259547 9.68553 9.46965 9.68553 9.46965 108613 0 0.00218674
133.121 315664 311320 0.259568 9.68553 9.47007 9.68553 9.47007 108828 0 0.0017918
133.38 314216 312768 0.261974 9.68511 9.47048 9.68511 9.47048 109045 0 0.00144028
133.64 312768 311320 0.261778 9.59585 9.47073 9.59585 9.47073 109260 0 0.00179477
133.9 311320 309872 0.261999 9.59585 9.47097 9.59585 9.47097 109475 0 0.00219053
134.157 312768 308424 0.259538 9.59543 9.47121 9.59543 9.47121 109688 0 0.00262138
134.414 314216 309872 0.259483 9.68553 9.47162 9.68553 9.47162 109903 0 0.00218681
134.671 315664 311320 0.259462 9.68553 9.47203 9.68553 9.47203 110118 0 0.0017919
134.931 314216 312768 0.261998 9.68511 9.47244 9.68511 9.47244 110335 0 0.00144038
135.19 312768 311320 0.261985 9.59585 9.47267 9.59585 9.47267 110550 0 0.00179555
135.45 311320 309872 0.26187 9.59585 9.47291 9.59585 9.47291 110765 0 0.00219003
135.707 312768 308424 0.259546 9.59543 9.47314 9.59543 9.47314 110978 0 0.00262137
135.964 314216 309872 0.259565 9.68553 9.47354 9.68553 9.47354 111193 0 0.00218673
136.221 315664 311320 0.259544 9.68553 9.47394 9.68553 9.47394 111408 0 0.00179182
136.481 314216 312768 0.261927 9.68511 9.47435 9.68511 9.47435 111625 0 0.0014401
136.74 312768 311320 0.261999 9.59585 9.47458 9.59585 9.47458 111840 0 0.00179561
137 311320 309872 0.261981 9.59585 9.47481 9.59585 9.47481 112055 0 0.00219046
137.257 312768 308424 0.259398 9.59543 9.47503 9.59543 9.47503 112268 0 0.00262153
137.514 314216 309872 0.259571 9.68553 9.47543 9.68553 9.47543 112483 0 0.00218672
137.771 315664 311320 0.259599 9.68553 9.47582 9.68553 9.47582 112698 0 0.00179177
138.031 314216 312768 0.261966 9.68511 9.47621 9.68511 9.47621 112915 0 0.00144025
138.29 312768 311320 0.261873 9.59585 9.47644 9.59585 9.47644 113130 0 0.00179512
138.55 311320 309872 0.261999 9.59585 9.47666 9.59585 9.47666 113345 0 0.00219053
138.807 312768 308424 0.259559 9.59543 9.47688 9.59543 9.47688 113558 0 0.00262136
139.064 314216 309872 0.259487 9.68553 9.47726 9.68553 9.47726 113773 0 0.0021868
139.321 315664 311320 0.259603 9.68553 9.47765 9.68553 9.47765 113988 0 0.00179177
139.581 314216 312768 0.261998 9.68511 9.47804 9.68511 9.47804 114205 0 0.00144038
139.84 312768 311320 0.261958 9.59585 9.47825 9.59585 9.47825 114420 0 0.00179545
140.1 311320 309872 0.261855 9.59585 9.47847 9.59585 9.47847 114635 0 0.00218998
140.357 312768 308424 0.259571 9.59543 9.47869 9.59543 9.47869 114848 0 0.00262135
140.614 314216 309872 0.259595 9.68553 9.47906 9.68553 9.47906 115063 0 0.0021867
140.871 315664 311320 0.259547 9.68553 9.47944 9.68553 9.47944 115278 0 0.00179182
141.131 314216 312768 0.261904 9.68511 9.47982 9.68511 9.47982 115495 0 0.00144001
141.39 312768 311320 0.261997 9.59585 9.48003 9.59585 9.48003 115710 0 0.0017956
141.65 311320 309872 0.261977 9.59585 9.48024 9.59585 9.48024 115925 0 0.00219045
141.907 312768 308424 0.259377 9.59543 9.48045 9.59543 9.48045 116138 0 0.00262155
142.164 314216 309872 0.259603 9.68553 9.48082 9.68553 9.48082 116353 0 0.0021867
142.421 315664 311320 0.25962 9.68553 9.48119 9.68553 9.48119 116568 0 0.00179176
142.681 314216 312768 0.261955 9.68511 9.48156 9.68511 9.48156 116785 0 0.00144021
142.94 312768 311320 0.261834 9.59585 9.48177 9.59585 9.48177 117000 0 0.00179498
143.2 311320 309872 0.261998 9.59585 9.48198 9.59585 9.48198 117215 0 0.00219053
143.457 312768 308424 0.259588 9.59543 9.48218 9.59543 9.48218 117428 0 0.00262133
143.714 314216 309872 0.259473 9.68553 9.48255 9.68553 9.48255 117643 0 0.00218682
143.971 315664 311320 0.259625 9.68553 9.48291 9.68553 9.48291 117858 0 0.00179175
144.231 314216 312768 0.261997 9.68511 9.48327 9.68511 9.48327 118075 0 0.00144038
144.49 312768 311320 0.261945 9.59585 9.48347 9.59585 9.48347 118290 0 0.0017954
144.75 311320 309872 0.261811 9.59585 9.48368 9.59585 9.48368 118505 0 0.00218982
145.007 312768 308424 0.259602 9.59543 9.48387 9.59543 9.48387 118718 0 0.00262132
145.264 314216 309872 0.259615 9.68553 9.48423 9.68553 9.48423 118933 0 0.00218669
145.521 315664 311320 0.259551 9.68553 9.48459 9.68553 9.48459 119148 0 0.00179181
145.781 314216 312768 0.261875 9.68511 9.48494 9.68511 9.48494 119365 0 0.0014399
146.04 312768 311320 0.261996 9.59585 9.48514 9.59585 9.48514 119580 0 0.0017956
146.3 311320 309872 0.26197 9.59585 9.48534 9.59585 9.48534 119795 0 0.00219042
146.557 312768 308424 0.259493 9.59543 9.48553 9.59543 9.48553 120008 0 0.00262142
146.814 314216 309872 0.259624 9.68553 9.48588 9.68553 9.48588 120223 0 0.00218668
147.071 315664 311320 0.259646 9.68553 9.48623 9.68553 9.48623 120438 0 0.00179174
147.331 314216 312768 0.261877 9.68511 9.48658 9.68511 9.48658 120655 0 0.00143991
147.591 312768 311320 0.262 9.59585 9.48677 9.59585 9.48677 120870 0 0.00179561
147.85 311320 309872 0.261998 9.59585 9.48696 9.59585 9.48696 121085 0 0.00219053
148.107 312768 308424 0.259605 9.59543 9.48715 9.59543 9.48715 121298 0 0.00262132
148.364 314216 309872 0.259455 9.68553 9.4875 9.68553 9.4875 121513 0 0.00218684
148.622 315664 311320 0.259653 9.68553 9.48784 9.68553 9.48784 121728 0 0.00179173
148.881 314216 312768 0.261992 9.68511 9.48818 9.68511 9.48818 121945 0 0.00144035
149.141 312768 311320 0.261933 9.59585 9.48837 9.59585 9.48837 122160 0 0.00179535
149.4 311320 309872 0.261916 9.59585 9.48856 9.59585 9.48856 122375 0 0.00219021
149.657 312768 308424 0.259624 9.59543 9.48874 9.59543 9.48874 122588 0 0.00262131
149.914 314216 309872 0.259639 9.68553 9.48908 9.68553 9.48908 122803 0 0.00218667
150.172 315664 311320 0.259414 9.68553 9.48941 9.68553 9.48941 123018 0 0.00179196
150.431 314216 312768 0.261999 9.68511 9.48975 9.68511 9.48975 123235 0 0.00144039
150.691 312768 311320 0.261995 9.59585 9.48993 9.59585 9.48993 123450 0 0.00179559
150.95 311320 309872 0.261961 9.59585 9.49012 9.59585 9.49012 123665 0 0.00219038
151.207 312768 308424 0.25948 9.59543 9.4903 9.59543 9.4903 123878 0 0.00262143
151.465 314216 309872 0.259652 9.68553 9.49063 9.68553 9.49063 124093 0 0.00218666
151.722 315664 311320 0.259538 9.68553 9.49096 9.68553 9.49096 124308 0 0.00179183
151.981 314216 312768 0.26184 9.68511 9.49129 9.68511 9.49129 124525 0 0.00143977
152.241 312768 311320 0.262 9.59585 9.49147 9.59585 9.49147 124740 0 0.00179561
152.5 311320 309872 0.261997 9.59585 9.49165 9.59585 9.49165 124955 0 0.00219053
152.757 312768 308424 0.259626 9.59543 9.49182 9.59543 9.49182 125168 0 0.0026213
153.015 314216 309872 0.259431 9.68553 9.49215 9.68553 9.49215 125383 0 0.00218686
153.272 315664 311320 0.259546 9.68553 9.49247 9.68553 9.49247 125598 0 0.00179182
153.531 314216 312768 0.261989 9.68511 9.4928 9.68511 9.4928 125815 0 0.00144034
153.791 312768 311320 0.261913 9.59585 9.49297 9.59585 9.49297 126030 0 0.00179527
154.05 311320 309872 0.26189 9.59585 9.49314 9.59585 9.49314 126245 0 0.00219011
154.308 312768 308424 0.259651 9.59543 9.49331 9.59543 9.49331 126458 0 0.00262129
154.565 314216 309872 0.259529 9.68553 9.49363 9.68553 9.49363 126673 0 0.00218676
154.822 315664 311320 0.259398 9.68553 9.49395 9.68553 9.49395 126888 0 0.00179198
155.081 314216 312768 0.261999 9.68511 9.49427 9.68511 9.49427 127105 0 0.00144039
155.341 312768 311320 0.261994 9.59585 9.49444 9.59585 9.49444 127320 0 0.00179559
155.6 311320 309872 0.261949 9.59585 9.49461 9.59585 9.49461 127535 0 0.00219034
155.858 312768 308424 0.259464 9.59543 9.49478 9.59543 9.49478 127748 0 0.00262145
156.115 314216 309872 0.259546 9.68553 9.49509 9.68553 9.49509 127963 0 0.00218674
156.372 315664 311320 0.259547 9.68553 9.4954 9.68553 9.4954 128178 0 0.00179182
156.631 314216 312768 0.261806 9.68511 9.49572 9.68511 9.49572 128395 0 0.00143965
156.891 312768 311320 0.262 9.59585 9.49588 9.59585 9.49588 128610 0 0.00179561
157.15 311320 309872 0.261996 9.59585 9.49605 9.59585 9.49605 128825 0 0.00219052
157.408 312768 308424 0.259512 9.59543 9.49621 9.59543 9.49621 129038 0 0.0026214
157.665 314216 309872 0.25942 9.68553 9.49652 9.68553 9.49652 129253 0 0.00218687
157.922 315664 311320 0.25957 9.68553 9.49683 9.68553 9.49683 129468 0 0.0017918
158.181 314216 312768 0.261987 9.68511 9.49714 9.68511 9.49714 129685 0 0.00144033
158.441 312768 311320 0.261886 9.59585 9.4973 9.59585 9.4973 129900 0 0.00179517
158.701 311320 309872 0.262 9.59585 9.49746 9.59585 9.49746 130115 0 0.00219054
158.958 312768 308424 0.259544 9.59543 9.49762 9.59543 9.49762 130328 0 0.00262137
159.215 314216 309872 0.259548 9.68553 9.49792 9.68553 9.49792 130543 0 0.00218674
159.472 315664 311320 0.259377 9.68553 9.49822 9.68553 9.49822 130758 0 0.001792
159.732 314216 312768 0.261999 9.68511 9.49853 9.68511 9.49853 130975 0 0.00144038
159.991 312768 311320 0.261992 9.59585 9.49869 9.59585 9.49869 131190 0 0.00179558
160.251 311320 309872 0.261933 9.59585 9.49884 9.59585 9.49884 131405 0 0.00219028
160.508 312768 308424 0.259463 9.59543 9.499 9.59543 9.499 131618 0 0.00262145
160.765 314216 309872 0.25957 9.68553 9.4993 9.68553 9.4993 131833 0 0.00218672
161.022 315664 311320 0.259571 9.68553 9.49959 9.68553 9.49959 132048 0 0.0017918
161.282 314216 312768 0.261889 9.68511 9.49989 9.68511 9.49989 132265 0 0.00143996
161.541 312768 311320 0.261999 9.59585 9.50005 9.59585 9.50005 132480 0 0.00179561
161.801 311320 309872 0.261995 9.59585 9.5002 9.59585 9.5002 132695 0 0.00219052
162.058 312768 308424 0.259526 9.59543 9.50035 9.59543 9.50035 132908 0 0.00262139
162.315 314216 309872 0.259406 9.68553 9.50064 9.68553 9.50064 133123 0 0.00218689
162.572 315664 311320 0.259601 9.68553 9.50094 9.68553 9.50094 133338 0 0.00179177
162.832 314216 312768 0.261982 9.68511 9.50123 9.68511 9.50123 133555 0 0.00144032
163.091 312768 311320 0.261851 9.59585 9.50138 9.59585 9.50138 133770 0 0.00179504
163.351 311320 309872 0.262 9.59585 9.50153 9.59585 9.50153 133985 0 0.00219054
163.608 312768 308424 0.259568 9.59543 9.50168 9.59543 9.50168 134198 0 0.00262135
163.865 314216 309872 0.25954 9.68553 9.50197 9.68553 9.50197 134413 0 0.00218675
164.122 315664 311320 0.25953 9.68553 9.50226 9.68553 9.50226 134628 0 0.00179183
164.382 314216 312768 0.261999 9.68511 9.50254 9.68511 9.50254 134845 0 0.00144038
164.641 312768 311320 0.26199 9.59585 9.50269 9.59585 9.50269 135060 0 0.00179557
164.901 311320 309872 0.261913 9.59585 9.50284 9.59585 9.50284 135275 0 0.0021902
165.158 312768 308424 0.259462 9.59543 9.50298 9.59543 9.50298 135488 0 0.00262145
165.415 314216 309872 0.259599 9.68553 9.50327 9.68553 9.50327 135703 0 0.0021867
165.672 315664 311320 0.259585 9.68553 9.50355 9.68553 9.50355 135918 0 0.00179178
165.932 314216 312768 0.261855 9.68511 9.50383 9.68511 9.50383 136135 0 0.00143983
166.191 312768 311320 0.261999 9.59585 9.50398 9.59585 9.50398 136350 0 0.00179561
166.451 311320 309872 0.261994 9.59585 9.50412 9.59585 9.50412 136565 0 0.00219051
166.708 312768 308424 0.259544 9.59543 9.50426 9.59543 9.50426 136778 0 0.00262137
166.965 314216 309872 0.25953 9.68553 9.50454 9.68553 9.50454 136993 0 0.00218676
167.222 315664 311320 0.259622 9.68553 9.50482 9.68553 9.50482 137208 0 0.00179176
167.482 314216 312768 0.261977 9.68511 9.5051 9.68511 9.5051 137425 0 0.0014403
167.741 312768 311320 0.261806 9.59585 9.50524 9.59585 9.50524 137640 0 0.00179487
168.001 311320 309872 0.262 9.59585 9.50538 9.59585 9.50538 137855 0 0.00219054
168.258 312768 308424 0.259599 9.59543 9.50551 9.59543 9.50551 138068 0 0.00262132
168.515 314216 309872 0.259542 9.68553 9.50579 9.68553 9.50579 138283 0 0.00218675
168.772 315664 311320 0.259529 9.68553 9.50606 9.68553 9.50606 138498 0 0.00179183
169.032 314216 312768 0.261998 9.68511 9.50634 9.68511 9.50634 138715 0 0.00144038
169.291 312768 311320 0.261987 9.59585 9.50648 9.59585 9.50648 138930 0 0.00179556
169.551 311320 309872 0.261886 9.59585 9.50661 9.59585 9.50661 139145 0 0.0021901
169.808 312768 308424 0.259603 9.59543 9.50675 9.59543 9.50675 139358 0 0.00262132
170.065 314216 309872 0.259619 9.68553 9.50702 9.68553 9.50702 139573 0 0.00218668
170.322 315664 311320 0.259601 9.68553 9.50729 9.68553 9.50729 139788 0 0.00179177
170.582 314216 312768 0.261811 9.68511 9.50756 9.68511 9.50756 140005 0 0.00143967
170.842 312768 311320 0.261999 9.59585 9.50769 9.59585 9.50769 140220 0 0.00179561
171.101 311320 309872 0.261992 9.59585 9.50783 9.59585 9.50783 140435 0 0.00219051
171.358 312768 308424 0.259463 9.59543 9.50796 9.59543 9.50796 140648 0 0.00262145
171.615 314216 309872 0.259625 9.68553 9.50822 9.68553 9.50822 140863 0 0.00218668
171.872 315664 311320 0.259649 9.68553 9.50849 9.68553 9.50849 141078 0 0.00179174
172.132 314216 312768 0.26197 9.68511 9.50875 9.68511 9.50875 141295 0 0.00144027
172.392 312768 311320 0.261889 9.59585 9.50889 9.59585 9.50889 141510 0 0.00179518
172.651 311320 309872 0.261999 9.59585 9.50902 9.59585 9.50902 141725 0 0.00219054
172.908 312768 308424 0.259614 9.59543 9.50914 9.59543 9.50914 141938 0 0.00262131
173.165 314216 309872 0.259551 9.68553 9.50941 9.68553 9.50941 142153 0 0.00218674
173.423 315664 311320 0.259528 9.68553 9.50967 9.68553 9.50967 142368 0 0.00179184
173.682 314216 312768 0.261998 9.68511 9.50993 9.68511 9.50993 142585 0 0.00144038
173.942 312768 311320 0.261982 9.59585 9.51006 9.59585 9.51006 142800 0 0.00179554
174.201 311320 309872 0.261851 9.59585 9.51019 9.59585 9.51019 143015 0 0.00218997
174.458 312768 308424 0.259624 9.59543 9.51031 9.59543 9.51031 143228 0 0.00262131
174.715 314216 309872 0.259646 9.68553 9.51057 9.68553 9.51057 143443 0 0.00218666
174.973 315664 311320 0.259479 9.68553 9.51083 9.68553 9.51083 143658 0 0.00179188
175.232 314216 312768 0.261916 9.68511 9.51108 9.68511 9.51108 143875 0 0.00144006
175.492 312768 311320 0.261999 9.59585 9.51121 9.59585 9.51121 144090 0 0.00179561
175.751 311320 309872 0.26199 9.59585 9.51134 9.59585 9.51134 144305 0 0.0021905
176.008 312768 308424 0.259442 9.59543 9.51146 9.59543 9.51146 144518 0 0.00262148
176.266 314216 309872 0.259653 9.68553 9.51171 9.68553 9.51171 144733 0 0.00218666
176.523 315664 311320 0.259542 9.68553 9.51197 9.68553 9.51197 144948 0 0.00179182
176.782 314216 312768 0.261961 9.68511 9.51222 9.68511 9.51222 145165 0 0.00144023
177.042 312768 311320 0.261855 9.59585 9.51234 9.59585 9.51234 145380 0 0.00179505
177.301 311320 309872 0.261999 9.59585 9.51246 9.59585 9.51246 145595 0 0.00219054
177.558 312768 308424 0.259638 9.59543 9.51258 9.59543 9.51258 145808 0 0.00262129
177.816 314216 309872 0.259414 9.68553 9.51283 9.68553 9.51283 146023 0 0.00218688
178.073 315664 311320 0.259547 9.68553 9.51308 9.68553 9.51308 146238 0 0.00179182
178.332 314216 312768 0.261997 9.68511 9.51333 9.68511 9.51333 146455 0 0.00144038
178.592 312768 311320 0.261977 9.59585 9.51345 9.59585 9.51345 146670 0 0.00179552
178.851 311320 309872 0.261806 9.59585 9.51357 9.59585 9.51357 146885 0 0.0021898
179.109 312768 308424 0.259652 9.59543 9.51369 9.59543 9.51369 147098 0 0.00262129
179.366 314216 309872 0.259538 9.68553 9.51394 9.68553 9.51394 147313 0 0.00218675
179.623 315664 311320 0.259483 9.68553 9.51418 9.68553 9.51418 147528 0 0.00179188
179.882 314216 312768 0.26189 9.68511 9.51443 9.68511 9.51443 147745 0 0.00143996
180.142 312768 311320 0.261998 9.59585 9.51455 9.59585 9.51455 147960 0 0.00179561
180.401 311320 309872 0.261972 9.59585 9.51466 9.59585 9.51466 148175 0 0.00219043
180.659 312768 308424 0.259431 9.59543 9.51478 9.59543 9.51478 148388 0 0.00262149
180.916 314216 309872 0.259546 9.68553 9.51502 9.68553 9.51502 148603 0 0.00218674
181.173 315664 311320 0.259565 9.68553 9.51526 9.68553 9.51526 148818 0 0.0017918
181.432 314216 312768 0.261949 9.68511 9.51551 9.68511 9.51551 149035 0 0.00144019
181.692 312768 311320 0.261811 9.59585 9.51562 9.59585 9.51562 149250 0 0.00179489
181.952 311320 309872 0.261998 9.59585 9.51574 9.59585 9.51574 149465 0 0.00219053
182.209 312768 308424 0.259529 9.59543 9.51585 9.59543 9.51585 149678 0 0.00262139
182.466 314216 309872 0.259398 9.68553 9.51609 9.68553 9.51609 149893 0 0.0021869
182.723 315664 311320 0.259571 9.68553 9.51633 9.68553 9.51633 150108 0 0.0017918
182.982 314216 312768 0.261996 9.68511 9.51657 9.68511 9.51657 150325 0 0.00144037
183.242 312768 311320 0.26197 9.59585 9.51668 9.59585 9.51668 150540 0 0.00179549
183.502 311320 309872 0.261889 9.59585 9.51679 9.59585 9.51679 150755 0 0.00219011
183.759 312768 308424 0.259546 9.59543 9.5169 9.59543 9.5169 150968 0 0.00262137
184.016 314216 309872 0.259559 9.68553 9.51714 9.68553 9.51714 151183 0 0.00218673
184.273 315664 311320 0.259487 9.68553 9.51737 9.68553 9.51737 151398 0 0.00179188
184.533 314216 312768 0.262 9.68511 9.51761 9.68511 9.51761 151615 0 0.00144039
184.792 312768 311320 0.261998 9.59585 9.51772 9.59585 9.51772 151830 0 0.0017956
185.052 311320 309872 0.261963 9.59585 9.51783 9.59585 9.51783 152045 0 0.00219039
185.309 312768 308424 0.25942 9.59543 9.51793 9.59543 9.51793 152258 0 0.0026215
185.566 314216 309872 0.259571 9.68553 9.51817 9.68553 9.51817 152473 0 0.00218672
185.823 315664 311320 0.259595 9.68553 9.5184 9.68553 9.5184 152688 0 0.00179178
186.083 314216 312768 0.261933 9.68511 9.51863 9.68511 9.51863 152905 0 0.00144013
186.342 312768 311320 0.261916 9.59585 9.51874 9.59585 9.51874 153120 0 0.00179528
186.602 311320 309872 0.261997 9.59585 9.51884 9.59585 9.51884 153335 0 0.00219053
186.859 312768 308424 0.259548 9.59543 9.51895 9.59543 9.51895 153548 0 0.00262137
187.116 314216 309872 0.259377 9.68553 9.51918 9.68553 9.51918 153763 0 0.00218693
187.373 315664 311320 0.259603 9.68553 9.51941 9.68553 9.51941 153978 0 0.00179177
187.633 314216 312768 0.261995 9.68511 9.51964 9.68511 9.51964 154195 0 0.00144037
187.892 312768 311320 0.261918 9.59585 9.51974 9.59585 9.51974 154410 0 0.00179529
188.152 311320 309872 0.261904 9.59585 9.51985 9.59585 9.51985 154625 0 0.00219016
188.409 312768 308424 0.25957 9.59543 9.51995 9.59543 9.51995 154838 0 0.00262135
188.666 314216 309872 0.259588 9.68553 9.52018 9.68553 9.52018 155053 0 0.00218671
188.923 315664 311320 0.259473 9.68553 9.5204 9.68553 9.5204 155268 0 0.00179189
189.183 314216 312768 0.262 9.68511 9.52063 9.68511 9.52063 155485 0 0.00144039
189.442 312768 311320 0.261994 9.59585 9.52073 9.59585 9.52073 155700 0 0.00179559
189.702 311320 309872 0.261955 9.59585 9.52083 9.59585 9.52083 155915 0 0.00219036
189.959 312768 308424 0.259406 9.59543 9.52093 9.59543 9.52093 156128 0 0.00262152
190.216 314216 309872 0.259602 9.68553 9.52116 9.68553 9.52116 156343 0 0.0021867
190.473 315664 311320 0.259615 9.68553 9.52138 9.68553 9.52138 156558 0 0.00179176
190.733 314216 312768 0.261913 9.68511 9.5216 9.68511 9.5216 156775 0 0.00144005
190.992 312768 311320 0.26189 9.59585 9.5217 9.59585 9.5217 156990 0 0.00179519
191.252 311320 309872 0.261997 9.59585 9.5218 9.59585 9.5218 157205 0 0.00219053
191.509 312768 308424 0.259573 9.59543 9.5219 9.59543 9.5219 157418 0 0.00262135
191.766 314216 309872 0.259493 9.68553 9.52212 9.68553 9.52212 157633 0 0.0021868
192.023 315664 311320 0.259624 9.68553 9.52234 9.68553 9.52234 157848 0 0.00179175
192.283 314216 312768 0.261994 9.68511 9.52256 9.68511 9.52256 158065 0 0.00144036
192.542 312768 311320 0.261893 9.59585 9.52266 9.59585 9.52266 158280 0 0.0017952
192.802 311320 309872 0.261875 9.59585 9.52276 9.59585 9.52276 158495 0 0.00219005
193.059 312768 308424 0.259601 9.59543 9.52285 9.59543 9.52285 158708 0 0.00262132
193.316 314216 309872 0.259605 9.68553 9.52307 9.68553 9.52307 158923 0 0.00218669
193.573 315664 311320 0.259455 9.68553 9.52329 9.68553 9.52329 159138 0 0.00179191
193.833 314216 312768 0.262 9.68511 9.5235 9.68511 9.5235 159355 0 0.00144039
194.092 312768 311320 0.261993 9.59585 9.5236 9.59585 9.5236 159570 0 0.00179558
194.352 311320 309872 0.261942 9.59585 9.5237 9.59585 9.5237 159785 0 0.00219031
194.609 312768 308424 0.25953 9.59543 9.52379 9.59543 9.52379 159998 0 0.00262139
194.866 314216 309872 0.259624 9.68553 9.524 9.68553 9.524 160213 0 0.00218668
195.123 315664 311320 0.259639 9.68553 9.52422 9.68553 9.52422 160428 0 0.00179174
195.383 314216 312768 0.261761 9.68511 9.52443 9.68511 9.52443 160645 0 0.00143949
195.643 312768 311320 0.261999 9.59585 9.52452 9.59585 9.52452 160860 0 0.00179561
195.902 311320 309872 0.261996 9.59585 9.52462 9.59585 9.52462 161075 0 0.00219052
196.159 312768 308424 0.259585 9.59543 9.52471 9.59543 9.52471 161288 0 0.00262134
196.416 314216 309872 0.25948 9.68553 9.52492 9.68553 9.52492 161503 0 0.00218681
196.674 315664 311320 0.259652 9.68553 9.52513 9.68553 9.52513 161718 0 0.00179173
196.933 314216 312768 0.261983 9.68511 9.52534 9.68511 9.52534 161935 0 0.00144032
197.193 312768 311320 0.26187 9.59585 9.52544 9.59585 9.52544 162150 0 0.00179511
197.452 311320 309872 0.262 9.59585 9.52553 9.59585 9.52553 162365 0 0.00219054
197.709 312768 308424 0.259622 9.59543 9.52562 9.59543 9.52562 162578 0 0.00262131
197.966 314216 309872 0.259626 9.68553 9.52583 9.68553 9.52583 162793 0 0.00218668
198.224 315664 311320 0.259431 9.68553 9.52603 9.68553 9.52603 163008 0 0.00179194
198.483 314216 312768 0.261999 9.68511 9.52624 9.68511 9.52624 163225 0 0.00144038
198.743 312768 311320 0.261991 9.59585 9.52633 9.59585 9.52633 163440 0 0.00179558
199.002 311320 309872 0.261924 9.59585 9.52642 9.59585 9.52642 163655 0 0.00219024
199.259 312768 308424 0.259529 9.59543 9.52651 9.59543 9.52651 163868 0 0.00262139
199.517 314216 309872 0.259651 9.68553 9.52672 9.68553 9.52672 164083 0 0.00218666
199.774 315664 311320 0.259529 9.68553 9.52692 9.68553 9.52692 164298 0 0.00179183
