0.200133 14480 0 0 0 0 0 0 0 0 1.05117
0.401462 15928 13032 0.200125 0.575376 0.288545 0.575376 0.288545 10 0 0.90789
0.403866 17376 13032 0.200484 9.64048 0.344194 9.64048 0.344194 12 0 0.907876
0.406269 18824 14480 0.201174 14.4607 0.427697 14.4607 0.427697 15 0 0.897846
0.408672 20272 15928 0.202027 14.4607 0.510219 14.4607 0.510219 18 0 0.887865
0.411075 21720 17376 0.203149 14.4607 0.591775 14.4607 0.591775 21 0 0.877933
0.60275 23168 18824 0.228005 0.181307 0.461246 0.181307 0.461246 24 0 0.867876
0.605153 24616 20272 0.225004 14.4607 0.516841 14.4607 0.516841 27 0 0.858054
0.607556 26064 21720 0.222379 14.4607 0.571997 14.4607 0.571997 30 0 0.848308
0.811246 27512 23168 0.226621 0.9668 0.671125 0.9668 0.671125 47 0 0.838675
1.01133 30408 24616 0.211946 0.984218 0.733069 0.984218 0.733069 64 0 0.829163
1.21277 31856 27512 0.223792 1.15013 0.802342 1.15013 0.802342 84 0 0.809964
1.41409 33304 28960 0.227442 1.20836 0.860145 1.20836 0.860145 105 0 0.800555
1.61417 34752 30408 0.209598 1.2158 0.90423 1.2158 0.90423 126 0 0.791214
1.81549 36200 31856 0.224975 1.32344 0.950716 1.32344 0.950716 149 0 0.781791
2.01558 37648 33304 0.208446 1.33159 0.988525 1.33159 0.988525 172 0 0.772617
2.21686 39096 34752 0.227012 1.43874 1.0294 1.43874 1.0294 197 0 0.763305
2.2457 40544 36200 0.208075 10.0422 1.14514 10.0422 1.14514 222 0 0.754225
2.44819 41992 37648 0.205365 1.54462 1.17818 1.54462 1.17818 249 0 0.74518
2.64828 44888 39096 0.203162 1.56317 1.20727 1.56317 1.20727 276 0 0.736271
2.84956 46336 41992 0.208459 1.72649 1.24395 1.72649 1.24395 306 0 0.718081
3.05085 47784 43440 0.20926 1.78404 1.27958 1.78404 1.27958 337 0 0.709168
3.25094 50680 44888 0.203426 1.79475 1.31129 1.79475 1.31129 368 0 0.700571
3.45222 52128 47784 0.209166 1.95669 1.34892 1.95669 1.34892 402 0 0.682818
3.65351 53576 49232 0.209928 2.01424 1.38557 2.01424 1.38557 437 0 0.674128
3.8536 56472 50680 0.203368 2.02633 1.41884 2.02633 1.41884 472 0 0.665769
4.05488 57920 53576 0.209863 2.18688 1.45697 2.18688 1.45697 510 0 0.648442
4.25617 59368 55024 0.21047 2.24443 1.49421 2.24443 1.49421 549 0 0.639979
4.45626 63712 56472 0.203486 2.25791 1.5285 2.25791 1.5285 588 0 0.631987
4.65754 65160 60816 0.210563 2.47463 1.56939 2.47463 1.56939 631 0 0.606726
4.85763 69504 62264 0.203947 2.48949 1.60729 2.48949 1.60729 674 0 0.598942
5.05892 70952 66608 0.211363 2.70483 1.65096 2.70483 1.65096 721 0 0.574347
5.259 75296 68056 0.2041 2.72107 1.69167 2.72107 1.69167 768 0 0.566794
5.46029 76744 72400 0.212314 2.93503 1.73751 2.93503 1.73751 819 0 0.542854
5.66038 81088 73848 0.204277 2.95265 1.78046 2.95265 1.78046 870 0 0.535533
5.86166 82536 78192 0.213287 3.16523 1.82801 3.16523 1.82801 925 0 0.51225
6.06175 88328 79640 0.204432 3.18424 1.87278 3.18424 1.87278 980 0 0.505354
6.26304 89776 85432 0.214271 3.45298 1.92357 3.45298 1.92357 1040 0 0.475248
6.46432 91224 86880 0.216044 3.51052 1.97298 3.51052 1.97298 1101 0 0.467999
6.66441 97016 88328 0.203507 3.53161 2.01978 3.53161 2.01978 1162 0 0.461495
6.8657 98464 94120 0.21499 3.79827 2.07192 3.79827 2.07192 1228 0 0.432682
7.06698 101360 95568 0.21709 3.85582 2.12273 3.85582 2.12273 1295 0 0.42585
7.26707 108600 98464 0.203604 3.93687 2.17268 3.93687 2.17268 1363 0 0.413061
7.46715 115840 105704 0.204214 4.22635 2.22771 4.22635 2.22771 1436 0 0.379933
7.66844 117288 112944 0.221372 4.54642 2.28857 4.54642 2.28857 1515 0 0.347298
7.86853 123080 114392 0.207652 4.57372 2.34668 4.57372 2.34668 1594 0 0.341686
8.06982 125976 120184 0.218117 4.83417 2.40872 4.83417 2.40872 1678 0 0.317047
8.27113 127424 123080 0.221054 4.94849 2.47054 4.94849 2.47054 1764 0 0.305215
8.47245 128872 124528 0.220332 5.00603 2.53079 5.00603 2.53079 1851 0 0.299424
8.5785 137560 125976 0.203964 9.50322 2.61698 9.50322 2.61698 1938 0 0.294917
8.78105 146248 134664 0.204996 5.37589 2.68062 5.37589 2.68062 2032 0 0.261642
8.98237 156384 143352 0.203798 5.75406 2.74951 5.75406 2.74951 2132 0 0.230794
9.18369 166520 153488 0.203843 6.15684 2.8242 6.15684 2.8242 2239 0 0.196861
9.39753 170864 163624 0.21407 6.1214 2.89923 6.1214 2.89923 2352 0 0.164313
9.59901 182448 167968 0.20449 6.7269 2.97957 6.7269 2.97957 2469 0 0.153497
9.79909 195480 179552 0.202905 7.179 3.06531 7.179 3.06531 2593 0 0.123005
9.99918 209960 192584 0.202966 7.70006 3.15806 7.70006 3.15806 2726 0 0.0928795
10.2007 224440 207064 0.204301 8.27927 3.25921 8.27927 3.25921 2870 0 0.0640477
10.4135 230232 221544 0.214435 8.38026 3.36389 8.38026 3.36389 3024 0 0.0382603
10.6412 221544 227336 0.230806 8.03962 3.46393 8.03962 3.46393 3182 0 0.031156
10.8748 207064 218648 0.236376 7.53851 3.55144 7.53851 3.55144 3334 0 0.0450314
11.0995 201272 204168 0.227647 7.32055 3.62774 7.32055 3.62774 3476 0 0.0668449
11.3069 209960 198376 0.209714 7.70703 3.70258 7.70703 3.70258 3614 0 0.0787401
11.5084 224440 207064 0.204636 8.27811 3.78269 8.27811 3.78269 3758 0 0.0640373
11.713 234576 221544 0.20922 8.71657 3.8689 8.71657 3.8689 3912 0 0.0392604
11.9319 233128 231680 0.221739 8.52104 3.95424 8.52104 3.95424 4073 0 0.0248456
12.1593 224440 230232 0.23014 8.09962 4.03176 8.09962 4.03176 4232 0 0.0276024
12.4642 170864 221544 0.299665 5.85071 4.07626 5.85071 4.07626 4386 0 0.0820877
12.7742 124528 167968 0.314042 4.37216 4.08344 4.37216 4.08344 4503 0 0.188717
13.0077 117288 121632 0.237355 4.16728 4.08494 4.16728 4.08494 4587 0 0.312026
13.2067 124528 114392 0.204011 4.59898 4.09269 4.59898 4.09269 4666 0 0.342039
13.4083 131768 121632 0.205618 4.88536 4.1046 4.88536 4.1046 4751 0 0.311931
13.6078 141904 128872 0.203041 5.16686 4.12018 5.16686 4.12018 4840 0 0.284005
13.8093 150592 139008 0.205202 5.57506 4.14142 5.57506 4.14142 4937 0 0.245764
14.0089 162176 147696 0.203044 5.92157 4.16677 5.92157 4.16677 5039 0 0.21636
14.2074 173760 159280 0.203052 6.41756 4.19823 6.41756 4.19823 5149 0 0.179134
14.406 186792 170864 0.202821 6.88429 4.23525 6.88429 4.23525 5267 0 0.145937
14.605 201272 183896 0.20219 7.3933 4.27828 7.3933 4.27828 5394 0 0.112841
14.8063 212856 198376 0.205959 7.94002 4.32807 7.94002 4.32807 5532 0 0.0796077
15.0076 225888 209960 0.20569 8.40032 4.3827 8.40032 4.3827 5678 0 0.058387
15.2089 238920 222992 0.206058 8.91939 4.44275 8.91939 4.44275 5833 0 0.0382065
15.4074 254848 236024 0.205082 9.51235 4.50806 9.51235 4.50806 5996 0 0.0236649
15.609 263536 251952 0.211543 10.0556 4.57971 10.0556 4.57971 6171 0 0.0080939
15.8213 269328 260640 0.214649 9.82583 4.65007 9.82583 4.65007 6351 0 0.00319897
16.0408 267880 266432 0.22199 9.70938 4.71931 9.70938 4.71931 6535 0 0.00100241
16.2642 260640 264984 0.226167 9.48698 4.78481 9.48698 4.78481 6718 0 0.0020577
16.4853 257744 257744 0.223485 9.37851 4.84642 9.37851 4.84642 6897 0 0.0040605
16.6992 262088 254848 0.216258 9.53216 4.90644 9.53216 4.90644 7073 0 0.00563348
16.9107 269328 259192 0.213995 9.80481 4.9677 9.80481 4.9677 7252 0 0.00403356
17.127 270776 266432 0.218577 9.90827 5.03009 9.90827 5.03009 7437 0 0.00100047
17.3481 267880 267880 0.223595 9.69287 5.08951 9.69287 5.08951 7622 0 0.00079416
17.5716 262088 264984 0.22586 9.53682 5.14608 9.53682 5.14608 7806 0 0.00180449
17.7927 259192 259192 0.223537 9.4309 5.19932 9.4309 5.19932 7986 0 0.00342778
18.009 260640 256296 0.218583 9.53336 5.25138 9.53336 5.25138 8164 0 0.00465571
18.2244 263536 257744 0.216972 9.62469 5.30308 9.62469 5.30308 8343 0 0.00405752
18.4536 251952 260640 0.231481 9.09517 5.35019 9.09517 5.35019 8523 0 0.00463296
18.6855 237472 249056 0.234346 8.59438 5.39044 8.59438 5.39044 8695 0 0.0118787
18.907 233128 234576 0.224165 8.4712 5.42653 8.4712 5.42653 8857 0 0.0218748
19.1157 241816 230232 0.211265 8.82756 5.46366 8.82756 5.46366 9016 0 0.0275759
19.3169 259192 238920 0.203882 9.55323 5.50627 9.55323 5.50627 9182 0 0.0214656
19.5182 278016 256296 0.204066 10.2438 5.55513 10.2438 5.55513 9360 0 0.0095654
19.7321 280912 275120 0.217371 10.3446 5.60704 10.3446 5.60704 9551 0 0.000118004
19.9604 269328 278016 0.230736 9.74196 5.65434 9.74196 5.65434 9743 0 0.00200994
20.1911 256296 266432 0.23313 9.23879 5.69529 9.23879 5.69529 9927 0 0.00338885
20.425 240368 253400 0.235325 8.66758 5.72933 8.66758 5.72933 10102 0 0.00975896
20.6493 233128 237472 0.226871 8.52258 5.75967 8.52258 5.75967 10267 0 0.0193632
20.8583 241816 230232 0.211574 8.8136 5.79026 8.8136 5.79026 10426 0 0.0275706
21.0621 256296 238920 0.206482 9.43166 5.82551 9.43166 5.82551 10592 0 0.0201687
21.2939 247608 253400 0.229418 8.79511 5.85784 8.79511 5.85784 10768 0 0.00725619
21.5808 194032 244712 0.29002 6.86417 5.87122 6.86417 5.87122 10938 0 0.0549887
21.858 156384 191136 0.280271 5.55974 5.86727 5.55974 5.86727 11071 0 0.115375
22.0731 159280 153488 0.218468 5.70668 5.8657 5.70668 5.8657 11177 0 0.195355
22.2726 170864 156384 0.202832 6.27171 5.86934 6.27171 5.86934 11285 0 0.188115
22.4721 183896 167968 0.202719 6.73628 5.87703 6.73628 5.87703 11401 0 0.154027
22.6716 198376 181000 0.202781 7.25892 5.88919 7.25892 5.88919 11526 0 0.119909
22.873 211408 195480 0.204601 7.82189 5.90621 7.82189 5.90621 11662 0 0.0860985
23.0744 225888 208512 0.204747 8.33951 5.92745 8.33951 5.92745 11807 0 0.0614601
23.2736 243264 222992 0.203008 8.95421 5.95336 8.95421 5.95336 11961 0 0.0400475
23.4728 262088 240368 0.202506 9.65194 5.98475 9.65194 5.98475 12127 0 0.0208511
23.6732 275120 259192 0.208659 10.351 6.0217 10.351 6.0217 12306 0 0.00567872
23.8894 276568 272224 0.218819 10.1225 6.05883 10.1225 6.05883 12495 0 0.000131019
24.1154 266432 273672 0.228206 9.69176 6.09286 9.69176 6.09286 12684 0 0.00144919
24.3563 244712 263536 0.241932 8.79879 6.11963 8.79879 6.11963 12867 0 0.00845696
24.5943 225888 241816 0.240642 8.12834 6.13906 8.12834 6.13906 13034 0 0.0196726
24.814 224440 222992 0.222257 8.17296 6.15707 8.17296 6.15707 13189 0 0.0357992
25.0153 240368 221544 0.204001 8.80091 6.17836 8.80091 6.17836 13342 0 0.0413964
25.2175 257744 237472 0.204209 9.45691 6.20463 9.45691 6.20463 13507 0 0.0228646
25.4418 250504 254848 0.226696 9.08997 6.23007 9.08997 6.23007 13683 0 0.00610792
25.6825 228784 247608 0.24333 8.22957 6.24881 8.22957 6.24881 13854 0 0.016704
25.9177 214304 225888 0.237991 7.73152 6.26227 7.73152 6.26227 14011 0 0.0349903
26.131 217200 211408 0.216154 7.92724 6.27586 7.92724 6.27586 14157 0 0.0535993
26.3435 222992 214304 0.213335 8.07059 6.29033 8.07059 6.29033 14305 0 0.0492021
26.5651 218648 220096 0.224996 7.94435 6.30413 7.94435 6.30413 14457 0 0.040135
26.7927 209960 215752 0.23 7.58262 6.31499 7.58262 6.31499 14606 0 0.0475156
27.0174 202720 207064 0.228 7.42587 6.32423 7.42587 6.32423 14750 0 0.0617859
27.2268 205616 199824 0.215455 7.68828 6.33472 7.68828 6.33472 14889 0 0.0748612
27.4269 221544 202720 0.202422 8.10533 6.34764 8.10533 6.34764 15029 0 0.0727466
27.627 238920 218648 0.202519 8.74217 6.36498 8.74217 6.36498 15180 0 0.0462887
27.8283 256296 236024 0.203853 9.43813 6.38721 9.43813 6.38721 15344 0 0.0243408
28.0295 273672 253400 0.204297 10.1287 6.41408 10.1287 6.41408 15520 0 0.0104084
28.2509 275120 270776 0.220866 9.83926 6.44091 9.83926 6.44091 15708 0 0.000264405
28.5313 220096 272224 0.283158 7.80817 6.45435 7.80817 6.45435 15897 0 0.0441258
28.8117 175208 217200 0.283066 6.19696 6.45185 6.19696 6.45185 16047 0 0.0747974
29.0354 170864 172312 0.226931 6.1617 6.44961 6.1617 6.44961 16166 0 0.139733
29.2623 179552 167968 0.207451 5.97399 6.44592 5.97399 6.44592 16283 0 0.152638
29.4362 192584 176656 0.202786 8.12577 6.45585 8.12577 6.45585 16405 0 0.13043
29.6357 207064 189688 0.202252 7.60631 6.46359 7.60631 6.46359 16536 0 0.0993273
29.837 221544 204168 0.204467 8.17204 6.47512 8.17204 6.47512 16678 0 0.0693566
30.0383 237472 218648 0.204151 8.74754 6.49035 8.74754 6.49035 16830 0 0.0455966
30.2395 253400 234576 0.204275 9.38058 6.50959 9.38058 6.50959 16993 0 0.0252099
30.4391 270776 250504 0.20391 10.045 6.53276 10.045 6.53276 17166 0 0.0121859
30.6487 276568 267880 0.214922 10.2768 6.55837 10.2768 6.55837 17352 0 0.00113973
30.8722 270776 273672 0.22583 9.8478 6.58218 9.8478 6.58218 17542 0 0.000500904
31.1005 259192 267880 0.230847 9.43752 6.60314 9.43752 6.60314 17728 0 0.00256241
31.324 253400 256296 0.225871 9.22584 6.62186 9.22584 6.62186 17906 0 0.00510404
31.5379 257744 250504 0.216343 9.42384 6.64086 9.42384 6.64086 18080 0 0.00819749
31.747 267880 254848 0.211351 9.80669 6.66171 9.80669 6.66171 18257 0 0.00680329
31.9585 275120 264984 0.213985 10.0239 6.68396 10.0239 6.68396 18440 0 0.00205586
32.1795 272224 272224 0.223414 9.90245 6.70607 9.90245 6.70607 18629 0 0.000224454
32.4054 262088 269328 0.228366 9.53792 6.72581 9.53792 6.72581 18815 0 0.00185393
32.6289 256296 259192 0.225778 9.27767 6.74329 9.27767 6.74329 18994 0 0.00378135
32.8452 257744 253400 0.218731 9.42625 6.76096 9.42625 6.76096 19170 0 0.00619872
33.0567 264984 254848 0.213854 9.69525 6.77973 9.69525 6.77973 19347 0 0.00610086
33.2682 272224 262088 0.21383 9.91436 6.79966 9.91436 6.79966 19528 0 0.00293576
33.4869 273672 269328 0.221193 9.90533 6.81994 9.90533 6.81994 19715 0 0.000454557
33.7104 267880 270776 0.225779 9.69231 6.83898 9.69231 6.83898 19902 0 0.000712932
33.9363 259192 264984 0.228422 9.43536 6.85627 9.43536 6.85627 20086 0 0.00239559
34.1574 256296 256296 0.223435 9.32612 6.87225 9.32612 6.87225 20264 0 0.00474868
34.44 208512 253400 0.278268 7.214 6.87506 7.214 6.87506 20440 0 0.0397571
34.7367 157832 205616 0.300003 5.58372 6.86403 5.58372 6.86403 20583 0 0.104022
34.976 144800 154936 0.24279 5.1784 6.85249 5.1784 6.85249 20690 0 0.193381
35.2105 150592 141904 0.209297 4.89053 6.83943 4.89053 6.83943 20789 0 0.2348
35.3769 162176 147696 0.202443 7.10112 6.84066 7.10112 6.84066 20891 0 0.216381
35.576 173760 159280 0.202508 6.39943 6.83819 6.39943 6.83819 21001 0 0.179153
35.7751 186792 170864 0.202562 6.86485 6.83834 6.86485 6.83834 21119 0 0.145946
35.9743 201272 183896 0.202507 7.38844 6.84138 7.38844 6.84138 21246 0 0.11283
36.1756 214304 198376 0.204699 7.94184 6.8475 7.94184 6.8475 21384 0 0.0801161
36.3769 228784 211408 0.204766 8.45519 6.85641 8.45519 6.85641 21531 0 0.0564782
36.5763 244712 225888 0.203873 9.06558 6.86844 9.06558 6.86844 21687 0 0.0355089
36.7816 251952 241816 0.21244 9.42319 6.8827 9.42319 6.8827 21854 0 0.0153113
37.0019 249056 249056 0.222894 9.09766 6.89589 9.09766 6.89589 22027 0 0.00901965
37.2259 241816 246160 0.22735 8.79147 6.9073 8.79147 6.9073 22197 0 0.0117454
37.4358 249056 238920 0.212681 9.10458 6.91962 9.10458 6.91962 22362 0 0.0179601
37.6408 262088 246160 0.207437 9.66302 6.93456 9.66302 6.93456 22533 0 0.0134018
37.8507 270776 259192 0.212389 9.87709 6.95088 9.87709 6.95088 22712 0 0.00436039
38.073 264984 267880 0.224882 9.69316 6.96689 9.69316 6.96689 22898 0 0.00113778
38.2999 254848 262088 0.229766 9.29056 6.98066 9.29056 6.98066 23080 0 0.00365845
38.5186 256296 251952 0.221076 9.26969 6.99365 9.26969 6.99365 23255 0 0.00705315
38.7277 264984 253400 0.211461 9.69588 7.00824 9.69588 7.00824 23430 0 0.00724041
38.9392 272224 262088 0.213831 9.96913 7.02432 9.96913 7.02432 23612 0 0.00293574
39.1579 273672 269328 0.22119 9.90533 7.04041 9.90533 7.04041 23799 0 0.000454549
39.3814 267880 270776 0.225783 9.69231 7.05546 9.69231 7.05546 23986 0 0.000712976
39.6073 259192 264984 0.228417 9.43536 7.06904 9.43536 7.06904 24170 0 0.00239549
39.8284 256296 256296 0.223442 9.32612 7.08157 9.32612 7.08157 24348 0 0.00474873
40.0423 260640 253400 0.216406 9.53216 7.09466 9.53216 7.09466 24524 0 0.00643183
40.2537 267880 257744 0.213829 9.80481 7.10889 9.80481 7.10889 24703 0 0.00466865
40.4676 272224 264984 0.216299 9.91128 7.12371 9.91128 7.12371 24886 0 0.00158977
40.6887 269328 269328 0.223462 9.79766 7.13824 9.79766 7.13824 25073 0 0.000548293
40.9122 263536 266432 0.225913 9.53682 7.15134 9.53682 7.15134 25257 0 0.00144929
41.1333 260640 260640 0.223526 9.4309 7.16359 9.4309 7.16359 25437 0 0.00285007
41.3545 257744 257744 0.223066 9.32397 7.17514 9.32397 7.17514 25615 0 0.00405775
41.5753 254848 254848 0.22324 9.23123 7.18607 9.23123 7.18607 25791 0 0.00549135
41.7937 256296 251952 0.220905 9.23004 7.19675 9.23004 7.19675 25965 0 0.00705281
42.0096 257744 253400 0.218432 9.38979 7.20802 9.38979 7.20802 26140 0 0.00619957
42.2271 259192 254848 0.220397 9.42638 7.21944 9.42638 7.21944 26317 0 0.00539784
42.4386 264984 256296 0.214008 9.69525 7.23178 9.69525 7.23178 26494 0 0.00510548
42.6525 269328 262088 0.216381 9.85712 7.24495 9.85712 7.24495 26676 0 0.00246718
42.8711 270776 266432 0.221017 9.79939 7.25798 9.79939 7.25798 26861 0 0.000999479
43.0922 267880 267880 0.223602 9.69287 7.27047 9.69287 7.27047 27046 0 0.000794215
43.3157 262088 264984 0.22583 9.53682 7.28216 9.53682 7.28216 27230 0 0.00180413
43.5368 259192 259192 0.22352 9.4309 7.29308 9.4309 7.29308 27410 0 0.00342766
43.7531 260640 256296 0.218661 9.53336 7.30415 9.53336 7.30415 27588 0 0.0046555
43.967 264984 257744 0.216323 9.69464 7.31578 9.69464 7.31578 27767 0 0.00420049
44.1809 269328 262088 0.216343 9.80296 7.32782 9.80296 7.32782 27948 0 0.00246745
44.3996 270776 266432 0.221004 9.79939 7.33999 9.79939 7.33999 28133 0 0.000999452
44.6207 267880 267880 0.223542 9.69287 7.35165 9.69287 7.35165 28318 0 0.000793782
44.8442 262088 264984 0.225834 9.53682 7.36254 9.53682 7.36254 28502 0 0.00180419
45.0653 259192 259192 0.223613 9.4309 7.37269 9.4309 7.37269 28682 0 0.00342832
45.2816 260640 256296 0.218666 9.53336 7.38301 9.53336 7.38301 28860 0 0.00465548
45.4954 264984 257744 0.216366 9.69464 7.39388 9.69464 7.39388 29039 0 0.00420018
45.7093 269328 262088 0.216206 9.80296 7.40515 9.80296 7.40515 29220 0 0.00246848
45.928 270776 266432 0.22119 9.79939 7.41655 9.79939 7.41655 29405 0 0.00099986
46.1491 267880 267880 0.223529 9.69287 7.42746 9.69287 7.42746 29590 0 0.000793693
46.3726 262088 264984 0.225851 9.53682 7.43762 9.53682 7.43762 29774 0 0.00180438
46.5937 259192 259192 0.223544 9.4309 7.44708 9.4309 7.44708 29954 0 0.00342783
46.81 260640 256296 0.218575 9.53336 7.45672 9.53336 7.45672 30132 0 0.00465574
47.0239 264984 257744 0.21634 9.69464 7.4669 9.69464 7.4669 30311 0 0.00420037
47.2443 266432 262088 0.220149 9.51426 7.47645 9.51426 7.47645 30492 0 0.00223231
47.501 230232 263536 0.259311 8.25513 7.48066 8.25513 7.48066 30675 0 0.0206113
47.7578 198376 227336 0.259616 7.08227 7.47852 7.08227 7.47852 30832 0 0.0450294
47.9904 192584 195480 0.226897 6.77492 7.47511 6.77492 7.47511 30968 0 0.0841068
48.1975 204168 189688 0.206181 7.38189 7.47471 7.38189 7.47471 31100 0 0.0982052
48.3988 217200 201272 0.205985 8.05694 7.47713 8.05694 7.47713 31240 0 0.0743207
48.6001 230232 214304 0.206183 8.57489 7.48168 8.57489 7.48168 31389 0 0.0511508
48.7845 247608 227336 0.202767 9.86183 7.49067 9.86183 7.49067 31546 0 0.0343305
48.99 257744 244712 0.210939 9.58186 7.49945 9.58186 7.49945 31716 0 0.0135711
49.1943 272224 254848 0.206663 10.0374 7.50999 10.0374 7.50999 31893 0 0.00832033
49.4058 279464 269328 0.213805 10.1882 7.52145 10.1882 7.52145 32079 0 0.00115691
49.6293 272224 276568 0.225994 9.89963 7.53216 9.89963 7.53216 32270 0 0.000761563
49.86 259192 269328 0.233007 9.38943 7.54075 9.38943 7.54075 32457 0 0.00284031
50.0835 253400 256296 0.225996 9.174 7.54804 9.174 7.54804 32634 0 0.00510553
50.2974 257744 250504 0.216177 9.42384 7.55602 9.42384 7.55602 32808 0 0.00819874
50.5065 266432 254848 0.211638 9.80669 7.56534 9.80669 7.56534 32985 0 0.00643799
50.7179 273672 263536 0.213761 9.96913 7.57536 9.96913 7.57536 33167 0 0.00246988
50.9366 275120 270776 0.221074 9.90533 7.58536 9.90533 7.58536 33354 0 0.000264808
51.1625 264984 272224 0.228312 9.69176 7.59466 9.69176 7.59466 33543 0 0.00152951
51.409 238920 262088 0.247187 8.5065 7.59903 8.5065 7.59903 33724 0 0.0119266
51.6517 217200 236024 0.245349 7.82756 7.60011 7.82756 7.60011 33888 0 0.0269683
51.8718 218648 214304 0.221415 7.84236 7.60114 7.84236 7.60114 34037 0 0.0487438
52.0705 234576 215752 0.20267 8.68669 7.60528 8.68669 7.60528 34186 0 0.0500726
52.2733 250504 231680 0.205105 9.19698 7.61145 9.19698 7.61145 34347 0 0.0283914
52.4908 251952 247608 0.22025 9.1077 7.61765 9.1077 7.61765 34518 0 0.0099494
52.7246 236024 249056 0.236418 8.57137 7.62188 8.57137 7.62188 34691 0 0.0125247
52.9584 221544 233128 0.236553 7.97682 7.62345 7.97682 7.62345 34852 0 0.0262302
53.1786 220096 218648 0.222965 7.99578 7.62499 7.99578 7.62499 35004 0 0.0420272
53.3799 236024 217200 0.204003 8.68999 7.62901 8.68999 7.62901 35155 0 0.047787
53.5797 254848 233128 0.202404 9.33585 7.63537 9.33585 7.63537 35316 0 0.0281788
53.7809 272224 251952 0.204151 10.0712 7.64449 10.0712 7.64449 35491 0 0.0112679
53.99 279464 269328 0.213843 10.3053 7.65479 10.3053 7.65479 35677 0 0.00115644
54.2179 270776 276568 0.227355 9.71001 7.66343 9.71001 7.66343 35868 0 0.0010847
54.5248 201272 267880 0.306985 7.02082 7.65981 7.02082 7.65981 36054 0 0.0721151
54.8221 153488 198376 0.300492 5.37703 7.64743 5.37703 7.64743 36192 0 0.114308
55.0749 149144 150592 0.227856 4.81077 7.63441 4.81077 7.63441 36297 0 0.20497
55.2419 160728 146248 0.202503 7.00433 7.6325 7.00433 7.6325 36398 0 0.221282
55.4432 170864 157832 0.204596 6.33045 7.62778 6.33045 7.62778 36508 0 0.183128
55.6445 182448 167968 0.204419 6.7333 7.62454 6.7333 7.62454 36625 0 0.153499
55.8438 196928 179552 0.202508 7.20759 7.62305 7.20759 7.62305 36749 0 0.123546
56.0431 211408 194032 0.20243 7.78885 7.62364 7.78885 7.62364 36883 0 0.0897697
56.2429 227336 208512 0.202942 8.34724 7.62621 8.34724 7.62621 37027 0 0.0621006
56.4555 230232 224440 0.217304 8.44637 7.6293 8.44637 7.6293 37182 0 0.0339207
56.6855 218648 227336 0.232996 7.95682 7.63063 7.95682 7.63063 37340 0 0.0319844
56.9185 205616 215752 0.235916 7.45833 7.62993 7.45833 7.62993 37490 0 0.0489166
57.1397 202720 202720 0.224157 7.38474 7.62898 7.38474 7.62898 37631 0 0.0692111
57.3396 217200 199824 0.203255 7.9956 7.63026 7.9956 7.63026 37769 0 0.0777826
57.5396 233128 214304 0.202887 8.575 7.63354 8.575 7.63354 37917 0 0.0523617
57.7467 241816 230232 0.210653 8.89159 7.63805 8.89159 7.63805 38076 0 0.0275869
57.9705 236024 238920 0.226575 8.59312 7.64174 8.59312 7.64174 38242 0 0.0177003
58.2026 221544 233128 0.234999 8.08633 7.64351 8.08633 7.64351 38404 0 0.0261811
58.417 225888 218648 0.215203 8.2125 7.6456 8.2125 7.6456 38556 0 0.0422633
58.6184 241816 222992 0.2045 8.91577 7.64996 8.91577 7.64996 38711 0 0.0393613
58.8188 256296 238920 0.206571 9.53708 7.65639 9.53708 7.65639 38876 0 0.0201663
59.0348 257744 253400 0.218571 9.4375 7.66291 9.4375 7.66291 39052 0 0.00619915
59.2635 246160 254848 0.231406 8.96553 7.66794 8.96553 7.66794 39229 0 0.00727445
59.4913 237472 243264 0.23043 8.54448 7.67129 8.54448 7.67129 39397 0 0.0144249
59.7087 240368 234576 0.22 8.63167 7.67479 8.63167 7.67479 39559 0 0.0217188
59.9183 247608 237472 0.212225 9.06187 7.67964 9.06187 7.67964 39723 0 0.0193764
60.1305 253400 244712 0.214806 9.22427 7.6851 9.22427 7.6851 39892 0 0.012601
60.3536 247608 250504 0.225264 9.03727 7.69009 9.03727 7.69009 40066 0 0.00840591
60.5833 236024 244712 0.232425 8.57222 7.69344 8.57222 7.69344 40236 0 0.0140592
60.8077 228784 233128 0.227032 8.36103 7.6959 8.36103 7.6959 40398 0 0.0239262
61.0216 231680 225888 0.216462 8.50312 7.69873 8.50312 7.69873 40555 0 0.0320175
61.2252 244712 228784 0.207508 8.99 7.70302 8.99 7.70302 40713 0 0.0306453
61.4253 263536 241816 0.202523 9.6685 7.70943 9.6685 7.70943 40880 0 0.019552
61.6272 280912 260640 0.204825 10.3865 7.7182 10.3865 7.7182 41061 0 0.00694943
61.8435 282360 278016 0.218834 10.2832 7.72717 10.2832 7.72717 41253 0 0.000149366
62.0742 267880 279464 0.233018 9.69069 7.73446 9.69069 7.73446 41446 0 0.00320546
62.3073 251952 264984 0.235619 9.14355 7.73974 9.14355 7.73974 41630 0 0.00492523
62.5284 249056 249056 0.223435 9.06415 7.74442 9.06415 7.74442 41803 0 0.00902308
62.7351 260640 246160 0.209239 9.52838 7.7503 9.52838 7.7503 41973 0 0.0128885
62.9393 276568 257744 0.206645 10.0941 7.7579 10.0941 7.7579 42151 0 0.00747054
63.1532 280912 273672 0.216341 10.2362 7.7663 10.2362 7.7663 42340 0 0.000286232
63.4707 205616 278016 0.311576 7.04165 7.76267 7.04165 7.76267 42533 0 0.0834748
63.8156 137560 202720 0.348412 4.70244 7.74613 4.70244 7.74613 42673 0 0.146817
64.0671 120184 134664 0.255143 4.28402 7.73254 4.28402 7.73254 42766 0 0.265647
64.3229 124528 117288 0.211801 3.71226 7.71655 3.71226 7.71655 42848 0 0.329217
64.5242 128872 121632 0.211816 4.89171 7.70774 4.89171 7.70774 42933 0 0.311348
64.6685 139008 125976 0.20244 6.98386 7.70612 6.98386 7.70612 43020 0 0.295328
64.8698 147696 136112 0.204932 5.46721 7.69918 5.46721 7.69918 43115 0 0.256298
65.0687 159280 144800 0.202431 5.82414 7.69345 5.82414 7.69345 43215 0 0.226242
65.2676 170864 156384 0.202531 6.29007 7.68917 6.29007 7.68917 43323 0 0.188126
65.4665 183896 167968 0.202408 6.756 7.68633 6.756 7.68633 43439 0 0.154038
65.6654 198376 181000 0.202597 7.28017 7.6851 7.28017 7.6851 43564 0 0.119915
65.8667 211408 195480 0.204867 7.82674 7.68554 7.82674 7.68554 43700 0 0.0860903
66.068 225888 208512 0.204891 8.34469 7.68754 8.34469 7.68754 43845 0 0.0614557
66.2669 243264 222992 0.202666 8.96917 7.69139 8.96917 7.69139 43999 0 0.0400592
66.4658 260640 240368 0.203854 9.66807 7.69731 9.66807 7.69731 44165 0 0.0201126
66.6664 272224 257744 0.210337 10.2761 7.70507 10.2761 7.70507 44343 0 0.00580522
66.8803 276568 269328 0.216238 10.0738 7.71264 10.0738 7.71264 44529 0 0.000689089
67.1038 270776 273672 0.225805 9.79597 7.71958 9.79597 7.71958 44718 0 0.000500621
67.4101 207064 267880 0.298821 7.03377 7.71647 7.03377 7.71647 44904 0 0.0605587
67.7668 133216 204168 0.360451 4.61236 7.70013 4.61236 7.70013 45046 0 0.158182
68.0646 108600 130320 0.279354 3.53891 7.68192 3.53891 7.68192 45137 0 0.288326
68.2377 115840 105704 0.202997 4.8866 7.67483 4.8866 7.67483 45210 0 0.379972
68.439 123080 112944 0.205007 4.54642 7.66563 4.54642 7.66563 45289 0 0.348186
68.6376 131768 120184 0.202366 4.83993 7.65745 4.83993 7.65745 45372 0 0.318241
68.8389 140456 128872 0.205217 5.17946 7.6502 5.17946 7.6502 45462 0 0.283576
69.0402 149144 137560 0.205131 5.52476 7.64401 5.52476 7.64401 45558 0 0.251001
69.2448 157832 146248 0.207207 5.77581 7.63849 5.77581 7.63849 45660 0 0.220363
69.4488 166520 154936 0.208018 6.13287 7.63407 6.13287 7.63407 45768 0 0.191758
69.6617 167968 163624 0.216862 6.20205 7.62969 6.20205 7.62969 45882 0 0.164066
69.8865 162176 165072 0.228711 5.92717 7.62421 5.92717 7.62421 45997 0 0.16031
70.1112 156384 159280 0.228839 5.66946 7.61795 5.66946 7.61795 46107 0 0.177594
70.336 152040 153488 0.227057 5.46139 7.61105 5.46139 7.61105 46213 0 0.195541
70.5582 147696 149144 0.226447 5.37035 7.604 5.37035 7.604 46316 0 0.209742
70.7762 149144 144800 0.222227 5.36734 7.59711 5.36734 7.59711 46417 0 0.224192
70.9858 152040 146248 0.213751 5.58203 7.59116 5.58203 7.59116 46518 0 0.219351
71.1996 153488 149144 0.217995 5.63513 7.58529 5.63513 7.58529 46622 0 0.209483
71.4009 163624 150592 0.205381 6.04155 7.58093 6.04155 7.58093 46727 0 0.206231
71.5993 175208 160728 0.202621 6.48182 7.57789 6.48182 7.57789 46838 0 0.174745
71.8006 185344 172312 0.205609 6.90463 7.576 6.90463 7.576 46958 0 0.141001
72.0019 196928 182448 0.205458 7.3074 7.57525 7.3074 7.57525 47085 0 0.115254
72.2003 211408 194032 0.202822 7.8249 7.57594 7.8249 7.57594 47219 0 0.0897561
72.3986 227336 208512 0.202901 8.41211 7.57823 8.41211 7.57823 47363 0 0.062102
72.5969 243264 224440 0.203496 9.0547 7.58226 9.0547 7.58226 47518 0 0.0374296
72.7982 256296 240368 0.208259 9.61078 7.58787 9.61078 7.58787 47685 0 0.0182431
72.9977 266432 253400 0.210294 10.1632 7.5949 10.1632 7.5949 47860 0 0.00762213
73.2098 272224 263536 0.214398 9.9946 7.60186 9.9946 7.60186 48043 0 0.00221281
73.4285 273672 269328 0.221194 9.85236 7.60856 9.85236 7.60856 48229 0 0.000454561
73.6519 267880 270776 0.225777 9.69231 7.61488 9.69231 7.61488 48416 0 0.000712909
73.8778 259192 264984 0.228321 9.43536 7.62045 9.43536 7.62045 48600 0 0.00239389
74.0989 256296 256296 0.223377 9.32612 7.62554 9.32612 7.62554 48778 0 0.00474828
74.3434 236024 253400 0.242341 8.34136 7.62789 8.34136 7.62789 48954 0 0.0121026
74.6126 195480 233128 0.27224 6.96934 7.62552 6.96934 7.62552 49116 0 0.0476491
74.8605 173760 192584 0.250911 6.26295 7.621 6.26295 7.621 49250 0 0.0970104
75.0835 181000 170864 0.210353 6.18064 7.61673 6.18064 7.61673 49369 0 0.144182
75.2649 195480 178104 0.202303 7.85447 7.6173 7.85447 7.6173 49492 0 0.127236
75.4662 208512 192584 0.204499 7.71164 7.61755 7.71164 7.61755 49626 0 0.0923028
75.6675 222992 205616 0.204379 8.22959 7.61918 8.22959 7.61918 49769 0 0.0666746
75.8669 240368 220096 0.202282 8.82904 7.62236 8.82904 7.62236 49921 0 0.0441668
76.0663 259192 237472 0.202764 9.52607 7.62735 9.52607 7.62735 50085 0 0.0236054
76.2661 273672 256296 0.206671 10.2648 7.63426 10.2648 7.63426 50262 0 0.00757613
76.4871 270776 270776 0.223523 9.85268 7.64067 9.85268 7.64067 50450 0 0.000359238
76.7202 254848 267880 0.235558 9.24351 7.64554 9.24351 7.64554 50636 0 0.00426711
76.9508 241816 251952 0.233105 8.79036 7.64897 8.79036 7.64897 50811 0 0.00944173
77.1666 243264 238920 0.218279 8.85965 7.65235 8.85965 7.65235 50976 0 0.0172441
77.3679 260640 240368 0.203763 9.61078 7.65745 9.61078 7.65745 51143 0 0.0201156
77.5679 280912 257744 0.202465 10.3093 7.66429 10.3093 7.66429 51321 0 0.00967902
77.7818 283808 278016 0.216824 10.395 7.6718 10.395 7.6718 51513 0 0.000241268
78.0125 269328 280912 0.233058 9.7409 7.67792 9.7409 7.67792 51707 0 0.0034052
78.2457 253400 266432 0.235527 9.14355 7.68228 9.14355 7.68228 51891 0 0.00456654
78.4667 250504 250504 0.223398 9.06415 7.68618 9.06415 7.68618 52064 0 0.00805704
78.6758 259192 247608 0.21152 9.52967 7.69108 9.52967 7.69108 52236 0 0.0109916
78.8825 272224 256296 0.209057 9.97678 7.69707 9.97678 7.69707 52414 0 0.00699145
79.0964 276568 269328 0.216174 10.1279 7.70364 10.1279 7.70364 52601 0 0.000689571
79.3199 269328 273672 0.225993 9.79597 7.70953 9.79597 7.70953 52790 0 0.000752362
79.5482 259192 266432 0.230611 9.38678 7.71435 9.38678 7.71435 52975 0 0.00244185
79.7693 256296 256296 0.223619 9.27372 7.71867 9.27372 7.71867 53152 0 0.00474998
79.9832 260640 253400 0.216263 9.53216 7.72352 9.53216 7.72352 53328 0 0.00643288
80.1947 267880 257744 0.21398 9.80481 7.72901 9.80481 7.72901 53507 0 0.00466682
80.4085 272224 264984 0.216247 9.91128 7.73481 9.91128 7.73481 53690 0 0.00159016
80.6296 269328 269328 0.223508 9.79766 7.74047 9.79766 7.74047 53877 0 0.000548615
80.8531 263536 266432 0.225872 9.53682 7.74543 9.53682 7.74543 54061 0 0.0014488
81.0742 260640 260640 0.223538 9.4309 7.75003 9.4309 7.75003 54241 0 0.00285016
81.328 233128 257744 0.249337 8.12382 7.7512 8.12382 7.7512 54419 0 0.0148068
81.631 173760 230232 0.30622 6.07974 7.74499 6.07974 7.74499 54578 0 0.0805411
81.9033 141904 170864 0.27577 5.06215 7.73607 5.06215 7.73607 54697 0 0.159925
82.1041 152040 139008 0.204288 5.53729 7.7307 5.53729 7.7307 54793 0 0.246152
82.3032 163624 149144 0.202557 5.99318 7.72649 5.99318 7.72649 54896 0 0.21153
82.5045 173760 160728 0.204755 6.44555 7.72337 6.44555 7.72337 55008 0 0.17426
82.7058 185344 170864 0.204564 6.8484 7.72124 6.8484 7.72124 55127 0 0.145408
82.9049 199824 182448 0.202568 7.33146 7.7203 7.33146 7.7203 55253 0 0.116344
83.104 215752 196928 0.202382 7.91333 7.72077 7.91333 7.72077 55389 0 0.0842633
83.3035 231680 212856 0.203036 8.53292 7.72271 8.53292 7.72271 55536 0 0.0547086
83.5172 233128 228784 0.220654 8.62029 7.72501 8.62029 7.72501 55695 0 0.0282717
83.7447 224440 230232 0.230362 8.09454 7.72601 8.09454 7.72601 55854 0 0.0276069
83.9752 212856 221544 0.23336 7.74199 7.72605 7.74199 7.72605 56008 0 0.0397386
84.1969 208512 209960 0.224718 7.62578 7.72579 7.62578 7.72579 56154 0 0.0562083
84.4013 221544 205616 0.205697 8.10638 7.72671 8.10638 7.72671 56297 0 0.0661083
84.5988 238920 218648 0.202868 8.85641 7.72935 8.85641 7.72935 56448 0 0.0462766
84.8112 243264 236024 0.215174 8.9421 7.73239 8.9421 7.73239 56612 0 0.0203605
85.0377 234576 240368 0.229217 8.54319 7.73455 8.54319 7.73455 56779 0 0.0169426
85.2646 225888 231680 0.230216 8.16652 7.7357 8.16652 7.7357 56939 0 0.0259173
85.4781 228784 222992 0.216404 8.3584 7.73725 8.3584 7.73725 57093 0 0.0358902
85.6835 240368 225888 0.208 8.79684 7.73979 8.79684 7.73979 57249 0 0.0338125
85.8916 250504 237472 0.210669 9.12939 7.74316 9.12939 7.74316 57413 0 0.0200684
86.1104 249056 247608 0.221651 9.05472 7.74649 9.05472 7.74649 57584 0 0.00995206
86.326 250504 246160 0.220161 9.18452 7.75008 9.18452 7.75008 57755 0 0.011026
86.5303 264984 247608 0.206663 9.69719 7.75468 9.69719 7.75468 57926 0 0.012872
86.737 278016 262088 0.209003 10.201 7.76051 10.201 7.76051 58108 0 0.00457121
86.9557 279464 275120 0.22114 10.1172 7.76644 10.1172 7.76644 58299 0 2.92152e-05
87.184 267880 276568 0.230583 9.69122 7.77148 9.69122 7.77148 58490 0 0.00191892
87.4147 254848 264984 0.233145 9.23879 7.77535 9.23879 7.77535 58674 0 0.00374507
87.6358 251952 251952 0.223381 9.16893 7.77886 9.16893 7.77886 58849 0 0.0071466
87.8449 260640 249056 0.211558 9.52967 7.78303 9.52967 7.78303 59021 0 0.00996975
88.0515 273672 257744 0.209014 9.97678 7.78818 9.97678 7.78818 59199 0 0.00630386
88.3021 249056 270776 0.243783 8.64394 7.79061 8.64394 7.79061 59386 0 0.0088141
88.6559 162176 246160 0.357215 5.59979 7.78187 5.59979 7.78187 59557 0 0.129636
88.9757 115840 159280 0.323484 3.98362 7.76821 3.98362 7.76821 59667 0 0.216172
89.1827 120184 112944 0.2108 4.36552 7.76032 4.36552 7.76032 59745 0 0.347602
89.3814 128872 117288 0.202557 4.72148 7.75356 4.72148 7.75356 59826 0 0.330203
89.5827 137560 125976 0.205042 5.0643 7.74752 5.0643 7.74752 59914 0 0.294883
89.784 146248 134664 0.205179 5.40959 7.74228 5.40959 7.74228 60008 0 0.261637
89.9853 154936 143352 0.20514 5.75488 7.73783 5.75488 7.73783 60108 0 0.230392
90.1866 165072 152040 0.205108 6.10018 7.73417 6.10018 7.73417 60214 0 0.201503
90.3879 175208 162176 0.205088 6.5031 7.73143 6.5031 7.73143 60327 0 0.169902
90.5866 188240 172312 0.202462 6.93668 7.72969 6.93668 7.72969 60446 0 0.141989
90.7879 199824 185344 0.205091 7.4239 7.72901 7.4239 7.72901 60575 0 0.108287
90.9866 215752 196928 0.202522 7.92763 7.72945 7.92763 7.72945 60711 0 0.0842584
91.1854 231680 212856 0.202693 8.56884 7.73127 8.56884 7.73127 60858 0 0.0547204
91.3867 246160 228784 0.206314 9.14829 7.7344 9.14829 7.7344 61017 0 0.0312034
91.5855 259192 243264 0.208026 9.78841 7.73886 9.78841 7.73886 61185 0 0.0157071
91.7964 264984 256296 0.21502 9.72243 7.74341 9.72243 7.74341 61362 0 0.00509438
92.0185 259192 262088 0.224972 9.4925 7.74763 9.4925 7.74763 61544 0 0.00267288
92.2541 243264 256296 0.235071 8.75369 7.7502 8.75369 7.7502 61722 0 0.00820783
92.518 204168 240368 0.266508 7.32955 7.749 7.32955 7.749 61889 0 0.038234
92.7641 182448 201272 0.249011 6.54166 7.7458 6.54166 7.7458 62028 0 0.0789583
92.9865 188240 179552 0.212149 6.51292 7.74285 6.51292 7.74285 62153 0 0.120972
93.1718 202720 185344 0.20311 7.99983 7.74336 7.99983 7.74336 62281 0 0.109348
93.3716 218648 199824 0.202687 8.00146 7.74392 8.00146 7.74392 62419 0 0.0783841
93.5714 234576 215752 0.202859 8.63926 7.74583 8.63926 7.74583 62568 0 0.0500661
93.7728 249056 231680 0.205661 9.25941 7.74908 9.25941 7.74908 62729 0 0.0277929
93.9862 251952 246160 0.217 9.22878 7.75244 9.22878 7.75244 62899 0 0.0111182
94.2117 243264 249056 0.229001 8.83441 7.75503 8.83441 7.75503 63071 0 0.0099795
94.4184 253400 240368 0.210205 9.30418 7.75842 9.30418 7.75842 63237 0 0.017314
94.6185 272224 250504 0.202645 10.0159 7.76319 10.0159 7.76319 63410 0 0.0129213
94.8276 282360 269328 0.211405 10.3607 7.76892 10.3607 7.76892 63597 0 0.00185781
95.0511 275120 279464 0.225982 10.0033 7.77417 10.0033 7.77417 63790 0 0.000992417
95.2842 259192 272224 0.235473 9.39201 7.77813 9.39201 7.77813 63979 0 0.00369605
95.5101 250504 256296 0.228444 9.07641 7.7812 9.07641 7.7812 64156 0 0.00569538
95.724 254848 247608 0.216207 9.31552 7.78463 9.31552 7.78463 64328 0 0.0101855
95.9306 266432 251952 0.209074 9.80863 7.78899 9.80863 7.78899 64503 0 0.00891806
96.1397 276568 263536 0.21146 10.0837 7.79398 10.0837 7.79398 64685 0 0.00316928
96.3584 278016 273672 0.221003 10.0113 7.79901 10.0113 7.79901 64874 0 5.20511e-05
96.5867 266432 275120 0.230801 9.69122 7.80349 9.69122 7.80349 65065 0 0.00189125
96.815 256296 263536 0.2307 9.23456 7.80686 9.23456 7.80686 65247 0 0.00321083
97.0337 257744 253400 0.221148 9.26969 7.81016 9.26969 7.81016 65422 0 0.00619843
97.2477 262088 254848 0.21549 9.58293 7.81406 9.58293 7.81406 65599 0 0.00563982
97.4709 256296 259192 0.225634 9.287 7.81743 9.287 7.81743 65778 0 0.00377971
97.6993 246160 253400 0.230909 8.92843 7.82003 8.92843 7.82003 65954 0 0.00764693
97.9225 240368 243264 0.225819 8.76817 7.82219 8.76817 7.82219 66123 0 0.0137955
98.1357 244712 237472 0.215644 8.91393 7.82456 8.91393 7.82456 66287 0 0.0188913
98.3362 262088 241816 0.203925 9.64952 7.82828 9.64952 7.82828 66454 0 0.0188118
98.538 279464 259192 0.204386 10.3291 7.83341 10.3291 7.83341 66634 0 0.00754055
98.7543 280912 276568 0.2187 10.2832 7.83877 10.2832 7.83877 66826 0 6.19246e-05
98.985 266432 278016 0.233191 9.69069 7.84309 9.69069 7.84309 67019 0 0.00306678
99.2185 251952 263536 0.234166 9.02968 7.84588 9.02968 7.84588 67201 0 0.004711
99.4761 218648 249056 0.259001 7.73554 7.84559 7.73554 7.84559 67373 0 0.025088
99.7195 198376 215752 0.246199 7.09073 7.84375 7.09073 7.84375 67522 0 0.052538
99.9408 201272 195480 0.21623 7.1185 7.84214 7.1185 7.84214 67658 0 0.0837407
100.142 214304 198376 0.205472 7.93342 7.84233 7.93342 7.84233 67796 0 0.080093
100.344 227336 211408 0.205271 8.45979 7.84357 8.45979 7.84357 67943 0 0.0559363
100.534 244712 224440 0.202558 9.41897 7.84655 9.41897 7.84655 68098 0 0.0380991
100.736 260640 241816 0.204882 9.66833 7.85019 9.66833 7.85019 68266 0 0.0181443
100.937 275120 257744 0.206741 10.2717 7.85504 10.2717 7.85504 68445 0 0.00688576
101.151 279464 272224 0.216417 10.1821 7.85996 10.1821 7.85996 68633 0 0.000364265
101.381 266432 276568 0.232275 9.61069 7.86393 9.61069 7.86393 68824 0 0.00242891
101.618 247608 263536 0.238643 8.96941 7.8665 8.96941 7.8665 69007 0 0.00677093
101.842 241816 244712 0.226514 8.73835 7.86842 8.73835 7.86842 69176 0 0.0126164
102.051 250504 238920 0.211716 9.1891 7.87113 9.1891 7.87113 69342 0 0.0182802
102.254 266432 247608 0.205899 9.81271 7.87499 9.81271 7.87499 69514 0 0.0134752
102.461 279464 263536 0.209199 10.257 7.87979 10.257 7.87979 69697 0 0.00410022
102.68 280912 276568 0.22103 10.1172 7.88456 10.1172 7.88456 69888 0 6.12959e-05
102.91 266432 278016 0.233149 9.69069 7.88861 9.69069 7.88861 70081 0 0.00306569
103.141 253400 263536 0.233026 9.13837 7.8914 9.13837 7.8914 70263 0 0.00415324
103.416 209960 250504 0.271158 7.2945 7.88982 7.2945 7.88982 70436 0 0.0355042
103.699 166520 207064 0.28623 5.89537 7.88437 5.89537 7.88437 70580 0 0.0903677
103.949 153488 163624 0.239548 5.27184 7.87808 5.27184 7.87808 70694 0 0.166656
104.164 160728 150592 0.208523 5.66465 7.87351 5.66465 7.87351 70799 0 0.205484
104.334 172312 157832 0.202596 7.42494 7.87278 7.42494 7.87278 70908 0 0.183609
104.535 183896 169416 0.204718 6.78816 7.87069 6.78816 7.87069 71026 0 0.149419
104.737 195480 181000 0.204557 7.24838 7.8695 7.24838 7.8695 71152 0 0.118853
104.938 208512 192584 0.204563 7.70859 7.86919 7.70859 7.86919 71286 0 0.0923008
105.139 222992 205616 0.204773 8.22634 7.86987 8.22634 7.86987 71429 0 0.0666624
105.339 240368 220096 0.202592 8.83757 7.8717 8.83757 7.8717 71581 0 0.0441559
105.538 259192 237472 0.202799 9.53528 7.87484 9.53528 7.87484 71745 0 0.0236042
105.737 273672 256296 0.206673 10.2911 7.8794 10.2911 7.8794 71922 0 0.00757608
105.952 275120 270776 0.218471 10.1418 7.88398 10.1418 7.88398 72110 0 0.000265993
106.178 264984 272224 0.228264 9.69176 7.88783 9.69176 7.88783 72299 0 0.00152872
106.41 250504 262088 0.233989 9.03052 7.89032 9.03052 7.89032 72480 0 0.00517276
106.635 241816 247608 0.227929 8.83753 7.89232 8.83753 7.89232 72652 0 0.0109826
106.848 246160 238920 0.215573 9.02513 7.89458 9.02513 7.89458 72818 0 0.0174826
107.054 259192 243264 0.208235 9.52034 7.89771 9.52034 7.89771 72987 0 0.0157021
107.262 270776 256296 0.210137 9.88172 7.90154 9.88172 7.90154 73164 0 0.00649765
107.48 272224 267880 0.220672 9.87033 7.90554 9.87033 7.90554 73350 0 0.000698515
107.708 262088 269328 0.230533 9.49659 7.90891 9.49659 7.90891 73537 0 0.00189488
107.936 251952 259192 0.230555 9.09031 7.91141 9.09031 7.91141 73716 0 0.00477431
108.157 249056 249056 0.223131 9.07846 7.91379 9.07846 7.91379 73889 0 0.00902108
108.393 233128 246160 0.236074 8.33772 7.91471 8.33772 7.91471 74059 0 0.0146114
108.633 212856 230232 0.242896 7.6728 7.91418 7.6728 7.91418 74218 0 0.0324598
108.859 205616 209960 0.22874 7.4858 7.91329 7.4858 7.91329 74364 0 0.0567061
109.066 215752 202720 0.209055 7.88499 7.91324 7.88499 7.91324 74505 0 0.0705613
109.265 231680 212856 0.202964 8.55339 7.9144 8.55339 7.9144 74652 0 0.0547111
109.474 240368 228784 0.21169 8.82091 7.91613 8.82091 7.91613 74811 0 0.0293107
109.696 236024 237472 0.224633 8.56351 7.91744 8.56351 7.91744 74975 0 0.0188938
109.926 224440 233128 0.2331 8.09929 7.91782 8.09929 7.91782 75136 0 0.0251297
110.154 215752 221544 0.230201 7.84279 7.91767 7.84279 7.91767 75290 0 0.0388879
110.363 228784 212856 0.206374 8.1725 7.91815 8.1725 7.91815 75438 0 0.0534975
110.565 243264 225888 0.204967 9.0322 7.92018 9.0322 7.92018 75595 0 0.0348926
110.763 253400 240368 0.210092 9.70303 7.92337 9.70303 7.92337 75761 0 0.0173162
110.976 257744 250504 0.215311 9.41791 7.92624 9.41791 7.92624 75934 0 0.00820611
111.197 254848 254848 0.223582 9.27573 7.92892 9.27573 7.92892 76111 0 0.00549369
111.408 259192 251952 0.215149 9.52164 7.93195 9.52164 7.93195 76285 0 0.00729732
111.617 269328 256296 0.211524 9.80669 7.93546 9.80669 7.93546 76462 0 0.00605635
111.831 273672 266432 0.216176 10.0196 7.93944 10.0196 7.93944 76647 0 0.00123486
112.052 269328 270776 0.223645 9.79766 7.94311 9.79766 7.94311 76834 0 0.000498742
112.278 260640 266432 0.228181 9.48664 7.94622 9.48664 7.94622 77019 0 0.00203574
112.499 257744 257744 0.223638 9.32612 7.94893 9.32612 7.94893 77197 0 0.00406158
112.713 262088 254848 0.216189 9.53216 7.95193 9.53216 7.95193 77373 0 0.005634
112.925 269328 259192 0.213949 9.80481 7.9554 9.80481 7.9554 77552 0 0.00403411
113.141 270776 266432 0.218661 9.90827 7.95913 9.90827 7.95913 77737 0 0.00100024
113.368 262088 267880 0.228898 9.4332 7.96209 9.4332 7.96209 77922 0 0.00174761
113.6 247608 259192 0.234529 8.98969 7.96419 8.98969 7.96419 78102 0 0.00628797
113.825 240368 244712 0.226999 8.77327 7.96578 8.77327 7.96578 78272 0 0.0128725
114.037 246160 237472 0.214467 9.01613 7.96773 9.01613 7.96773 78437 0 0.019097
114.257 249056 243264 0.216827 8.8146 7.96937 8.8146 7.96937 78605 0 0.013439
114.552 189688 246160 0.297585 6.67724 7.96604 6.67724 7.96604 78775 0 0.0636234
114.851 143352 186792 0.301997 5.00724 7.95836 5.00724 7.95836 78904 0 0.137999
115.109 136112 140456 0.235404 4.39983 7.95038 4.39983 7.95038 79002 0 0.240297
115.318 140456 133216 0.211424 5.15668 7.94532 5.15668 7.94532 79095 0 0.266144
115.486 149144 137560 0.206021 6.54825 7.94329 6.54825 7.94329 79190 0 0.250975
115.691 156384 146248 0.2092 5.74649 7.93938 5.74649 7.93938 79292 0 0.220011
115.893 166520 153488 0.205615 6.1393 7.93625 6.1393 7.93625 79399 0 0.196807
116.093 178104 163624 0.203674 6.54216 7.93384 6.54216 7.93384 79512 0 0.166069
116.295 189688 175208 0.205127 7.02105 7.93226 7.02105 7.93226 79634 0 0.133678
116.496 202720 186792 0.204875 7.48145 7.93148 7.48145 7.93148 79764 0 0.105359
116.697 215752 199824 0.204939 7.99939 7.9316 7.99939 7.9316 79903 0 0.0772022
116.896 231680 212856 0.202578 8.56251 7.93267 8.56251 7.93267 80050 0 0.0547244
117.097 246160 228784 0.205294 9.15038 7.93477 9.15038 7.93477 80209 0 0.0312323
117.296 262088 243264 0.204929 9.78573 7.93791 9.78573 7.93791 80377 0 0.0168999
117.499 272224 259192 0.211558 10.2103 7.94183 10.2103 7.94183 80556 0 0.00473416
117.716 273672 269328 0.218673 10.0154 7.94564 10.0154 7.94564 80743 0 0.000454895
117.939 267880 270776 0.225834 9.69231 7.94895 9.69231 7.94895 80930 0 0.000713566
118.165 259192 264984 0.228449 9.43536 7.95179 9.43536 7.95179 81114 0 0.00239603
118.42 227336 256296 0.253984 8.09766 7.95211 8.09766 7.95211 81292 0 0.0191998
118.672 198376 224440 0.255456 7.15251 7.95041 7.15251 7.95041 81448 0 0.0461496
118.902 194032 195480 0.225362 6.85286 7.94828 6.85286 7.94828 81584 0 0.0838939
119.107 205616 191136 0.205724 7.5396 7.94758 7.5396 7.94758 81717 0 0.0949788
119.302 215752 202720 0.207935 8.30166 7.94816 8.30166 7.94816 81857 0 0.070587
119.519 217200 212856 0.220482 7.84058 7.94797 7.84058 7.94797 82004 0 0.0510941
119.744 209960 214304 0.227546 7.68512 7.94747 7.68512 7.94747 82153 0 0.0494642
119.968 202720 207064 0.227793 7.37565 7.9464 7.37565 7.9464 82296 0 0.0617826
120.187 204168 199824 0.221271 7.36848 7.94535 7.36848 7.94535 82435 0 0.074759
120.431 186792 201272 0.243326 6.60093 7.94263 6.60093 7.94263 82574 0 0.0764151
120.681 165072 183896 0.253446 5.93315 7.93847 5.93315 7.93847 82702 0 0.117108
120.909 156384 162176 0.2321 5.72891 7.93429 5.72891 7.93429 82815 0 0.169465
121.109 167968 153488 0.20367 6.13689 7.93132 6.13689 7.93132 82921 0 0.197283
121.308 181000 165072 0.202572 6.63877 7.9292 6.63877 7.9292 83035 0 0.16234
121.507 195480 178104 0.202463 7.16288 7.92795 7.16288 7.92795 83158 0 0.12723
121.708 208512 192584 0.204907 7.71164 7.92759 7.71164 7.92759 83292 0 0.0922904
121.91 221544 205616 0.204905 8.22959 7.92809 8.22959 7.92809 83435 0 0.0661316
122.109 238920 218648 0.202758 8.79346 7.9295 8.79346 7.9295 83586 0 0.0462804
122.31 253400 236024 0.205522 9.43813 7.93198 9.43813 7.93198 83750 0 0.0230698
122.511 266432 250504 0.208673 10.0136 7.9354 10.0136 7.9354 83924 0 0.0103086
122.72 272224 263536 0.215074 10.1391 7.93916 10.1391 7.93916 84107 0 0.00220569
122.939 273672 269328 0.221013 9.85236 7.94256 9.85236 7.94256 84293 0 0.000454161
123.162 266432 270776 0.22597 9.69231 7.94574 9.69231 7.94574 84480 0 0.000964695
123.47 201272 263536 0.302685 6.89016 7.94311 6.89016 7.94311 84663 0 0.0647178
123.784 144800 198376 0.317568 5.0528 7.93577 5.0528 7.93577 84800 0 0.129325
124.052 131768 141904 0.245232 4.28893 7.92791 4.28893 7.92791 84899 0 0.237124
124.221 141904 128872 0.203103 6.07171 7.92537 6.07171 7.92537 84988 0 0.284003
124.423 150592 139008 0.204675 5.58231 7.92158 5.58231 7.92158 85085 0 0.245779
124.622 162176 147696 0.202436 5.93641 7.91841 5.93641 7.91841 85187 0 0.216381
124.821 173760 159280 0.202451 6.40201 7.91599 6.40201 7.91599 85297 0 0.179155
125.02 186792 170864 0.202524 6.86761 7.91433 6.86761 7.91433 85415 0 0.145947
125.219 201272 183896 0.202855 7.37645 7.91347 7.37645 7.91347 85542 0 0.112818
125.421 214304 198376 0.204741 7.93388 7.9135 7.93388 7.9135 85680 0 0.0801148
125.622 227336 211408 0.205772 8.45131 7.91436 8.45131 7.91436 85827 0 0.0559218
125.827 236024 224440 0.211211 8.76229 7.91575 8.76229 7.91575 85982 0 0.0348778
126.046 234576 233128 0.221834 8.57096 7.91688 8.57096 7.91688 86144 0 0.0232148
126.265 231680 231680 0.224044 8.509 7.91791 8.509 7.91791 86305 0 0.0249421
126.465 249056 228784 0.202608 9.14744 7.91986 9.14744 7.91986 86463 0 0.0325384
126.665 267880 246160 0.202621 9.84218 7.92289 9.84218 7.92289 86633 0 0.0159858
126.877 273672 264984 0.214434 10.0074 7.92637 10.0074 7.92637 86816 0 0.00180113
127.107 260640 270776 0.23199 9.49861 7.92921 9.49861 7.92921 87004 0 0.00262542
127.336 249056 257744 0.232204 9.0437 7.93122 9.0437 7.93122 87183 0 0.00586078
127.55 253400 246160 0.216263 9.2072 7.93336 9.2072 7.93336 87353 0 0.0112618
127.754 267880 250504 0.206575 9.81061 7.93636 9.81061 7.93636 87526 0 0.0108873
127.963 278016 264984 0.211569 10.1945 7.94005 10.1945 7.94005 87710 0 0.00275616
128.184 275120 275120 0.223492 10.0072 7.94361 10.0072 7.94361 87901 0 0.000123284
128.412 263536 272224 0.23082 9.539 7.94645 9.539 7.94645 88089 0 0.00199337
128.638 254848 260640 0.228206 9.23025 7.9487 9.23025 7.9487 88269 0 0.00379218
128.855 256296 251952 0.218764 9.31913 7.951 9.31913 7.951 88443 0 0.00705352
129.064 266432 253400 0.211419 9.69588 7.95383 9.69588 7.95383 88618 0 0.00760155
129.275 273672 263536 0.21383 10.0239 7.95722 10.0239 7.95722 88801 0 0.00246903
129.494 275120 270776 0.22119 9.90533 7.96051 9.90533 7.96051 88988 0 0.00026507
129.72 266432 272224 0.228158 9.69176 7.96352 9.69176 7.96352 89177 0 0.00116656
129.946 257744 263536 0.22837 9.3328 7.9659 9.3328 7.9659 89359 0 0.00280598
130.164 259192 254848 0.221006 9.32266 7.96818 9.32266 7.96818 89535 0 0.0053987
130.376 266432 256296 0.213987 9.69525 7.97098 9.69525 7.97098 89712 0 0.00535526
130.59 270776 263536 0.216166 9.91128 7.97416 9.91128 7.97416 89895 0 0.00200206
130.808 272224 267880 0.221195 9.79939 7.97721 9.79939 7.97721 90080 0 0.000699491
131.032 266432 269328 0.225777 9.69231 7.98014 9.69231 7.98014 90267 0 0.000902384
131.255 260640 263536 0.225942 9.43316 7.98261 9.43316 7.98261 90449 0 0.00221674
131.474 262088 257744 0.221066 9.4286 7.98502 9.4286 7.98502 90627 0 0.00396631
131.688 266432 259192 0.216323 9.69464 7.98779 9.69464 7.98779 90806 0 0.00356741
131.904 267880 263536 0.218772 9.80115 7.99077 9.80115 7.99077 90989 0 0.00176706
132.123 269328 264984 0.221003 9.69345 7.99359 9.69345 7.99359 91172 0 0.00135528
132.368 244712 266432 0.244348 8.75712 7.995 8.75712 7.995 91357 0 0.00957608
132.625 211408 241816 0.260406 7.50911 7.99405 7.50911 7.99405 91524 0 0.0308602
132.861 196928 208512 0.238 7.14083 7.99254 7.14083 7.99254 91669 0 0.0615514
133.062 209960 194032 0.204483 7.69896 7.9921 7.69896 7.9921 91803 0 0.089175
133.262 225888 207064 0.202613 8.29547 7.99255 8.29547 7.99255 91946 0 0.0646858
133.463 241816 222992 0.204 8.92019 7.99395 8.92019 7.99395 92101 0 0.0393771
133.663 260640 238920 0.202604 9.5717 7.99631 9.5717 7.99631 92266 0 0.0222016
133.864 276568 257744 0.205732 10.3014 7.99978 10.3014 7.99978 92445 0 0.00749575
134.078 279464 273672 0.217465 10.2362 8.00334 10.2362 8.00334 92634 0 0.000140646
134.319 257744 276568 0.241707 9.21815 8.00552 9.21815 8.00552 92826 0 0.00674184
134.578 221544 254848 0.261718 7.91611 8.00535 7.91611 8.00535 93003 0 0.0244385
134.816 205616 218648 0.240149 7.36723 8.00423 7.36723 8.00423 93154 0 0.0457514
135.031 215752 202720 0.208941 7.5996 8.00359 7.5996 8.00359 93295 0 0.0705638
135.221 231680 212856 0.202666 8.95699 8.00493 8.95699 8.00493 93442 0 0.0547213
135.423 246160 228784 0.205707 9.10152 8.00656 9.10152 8.00656 93601 0 0.0312203
135.629 259192 243264 0.208 9.47493 8.00879 9.47493 8.00879 93769 0 0.0157077
135.847 260640 256296 0.221 9.38832 8.01101 9.38832 8.01101 93946 0 0.0046547
136.078 246160 257744 0.234 8.96101 8.01262 8.96101 8.01262 94125 0 0.00690595
136.31 233128 243264 0.234127 8.4063 8.01329 8.4063 8.01329 94293 0 0.0157633
136.528 234576 230232 0.221182 8.425 8.01395 8.425 8.01395 94452 0 0.0265306
136.737 243264 231680 0.210836 8.95752 8.01539 8.95752 8.01539 94613 0 0.0258969
136.945 253400 240368 0.210749 9.23571 8.01724 9.23571 8.01724 94779 0 0.0173036
137.161 254848 250504 0.218554 9.27727 8.01923 9.27727 8.01923 94952 0 0.00796441
137.377 257744 251952 0.219903 9.36658 8.02135 9.36658 8.02135 95127 0 0.00713518
137.592 260640 254848 0.216835 9.51538 8.02367 9.51538 8.02367 95303 0 0.00549088
137.808 263536 257744 0.219111 9.51415 8.02602 9.51415 8.02602 95481 0 0.00404914
138.027 262088 260640 0.221786 9.51295 8.02838 9.51295 8.02838 95661 0 0.00275765
138.249 257744 259192 0.224061 9.35365 8.03051 9.35365 8.03051 95840 0 0.00357039
138.471 253400 254848 0.224305 9.24435 8.03245 9.24435 8.03245 96017 0 0.00563801
138.688 256296 250504 0.219202 9.24079 8.03434 9.24079 8.03434 96190 0 0.00804613
138.902 259192 253400 0.216875 9.50909 8.03662 9.50909 8.03662 96366 0 0.00629005
139.119 262088 256296 0.219426 9.50786 8.03891 9.50786 8.03891 96544 0 0.00473721
139.335 263536 259192 0.218709 9.65759 8.04142 9.65759 8.04142 96724 0 0.00333376
139.551 264984 260640 0.21877 9.69404 8.04398 9.69404 8.04398 96905 0 0.00275598
139.768 266432 262088 0.21866 9.69404 8.04653 9.69404 8.04653 97086 0 0.00223408
139.986 267880 263536 0.22116 9.69345 8.0491 9.69345 8.0491 97269 0 0.0017669
140.207 266432 264984 0.221373 9.62339 8.05158 9.62339 8.05158 97452 0 0.00135616
140.501 207064 263536 0.292598 7.20235 8.0498 7.20235 8.0498 97635 0 0.053614
140.792 159280 204168 0.294407 5.61033 8.04475 5.61033 8.04475 97776 0 0.102072
141.045 150592 156384 0.233387 4.99324 8.03928 4.99324 8.03928 97885 0 0.187224
141.218 162176 147696 0.203048 6.80772 8.03777 6.80772 8.03777 97987 0 0.21636
141.418 173760 159280 0.202469 6.39391 8.03545 6.39391 8.03545 98097 0 0.179154
141.617 186792 170864 0.202468 6.85892 8.0338 6.85892 8.0338 98215 0 0.145949
141.816 201272 183896 0.20262 7.38206 8.03288 7.38206 8.03288 98342 0 0.112826
142.018 214304 198376 0.204361 7.94184 8.03275 7.94184 8.03275 98480 0 0.0801265
142.219 228784 211408 0.204289 8.45979 8.03336 8.45979 8.03336 98627 0 0.056493
142.418 246160 225888 0.202635 9.06773 8.0348 9.06773 8.0348 98783 0 0.036188
142.618 264984 243264 0.203151 9.74578 8.0372 9.74578 8.0372 98951 0 0.0182874
142.82 276568 262088 0.209764 10.366 8.0405 10.366 8.0405 99132 0 0.00408373
143.039 278016 273672 0.221145 10.0642 8.04359 10.0642 8.04359 99322 0 5.2357e-05
143.267 266432 275120 0.230662 9.69122 8.04622 9.69122 8.04622 99513 0 0.00188827
143.495 256296 263536 0.230791 9.23456 8.04811 9.23456 8.04811 99695 0 0.0032128
143.714 257744 253400 0.221066 9.26969 8.04997 9.26969 8.04997 99870 0 0.00619825
143.926 264984 254848 0.213851 9.69525 8.05239 9.69525 8.05239 100047 0 0.00610089
144.137 272224 262088 0.213995 9.91436 8.05512 9.91436 8.05512 100228 0 0.00293374
144.356 273672 269328 0.221005 9.90533 8.05792 9.90533 8.05792 100415 0 0.000454145
144.579 266432 270776 0.225994 9.69231 8.06045 9.69231 8.06045 100602 0 0.000964983
144.805 257744 263536 0.228264 9.38408 8.06251 9.38408 8.06251 100785 0 0.00280421
145.024 259192 254848 0.221183 9.32266 8.06441 9.32266 8.06441 100961 0 0.00539908
145.235 266432 256296 0.213791 9.69525 8.06679 9.69525 8.06679 101138 0 0.00535766
145.449 270776 263536 0.216384 9.91128 8.0695 9.91128 8.0695 101321 0 0.00200043
145.668 272224 267880 0.221051 9.79939 8.0721 9.79939 8.0721 101506 0 0.000699168
145.891 266432 269328 0.225942 9.69231 8.07458 9.69231 8.07458 101693 0 0.000904316
146.115 260640 263536 0.22581 9.43316 8.07666 9.43316 8.07666 101875 0 0.00221518
146.334 262088 257744 0.221074 9.4286 8.07868 9.4286 8.07868 102053 0 0.00396633
146.547 266432 259192 0.216309 9.69464 8.08104 9.69464 8.08104 102232 0 0.00356752
146.764 267880 263536 0.218551 9.80115 8.08357 9.80115 8.08357 102415 0 0.00176765
146.982 269328 264984 0.221217 9.69345 8.08597 9.69345 8.08597 102598 0 0.00135575
147.204 266432 266432 0.223405 9.69124 8.08838 9.69124 8.08838 102783 0 0.00109322
147.428 259192 263536 0.226741 9.3903 8.09036 9.3903 8.09036 102965 0 0.00247639
147.65 254848 256296 0.22458 9.23268 8.09208 9.23268 8.09208 103142 0 0.00489648
147.867 257744 251952 0.219611 9.33349 8.0939 9.33349 8.0939 103317 0 0.00713532
148.08 263536 254848 0.214751 9.60262 8.09606 9.60262 8.09606 103493 0 0.00584111
148.295 264984 260640 0.218138 9.66397 8.09835 9.66397 8.09835 103673 0 0.00275793
148.517 260640 262088 0.224455 9.44507 8.10036 9.44507 8.10036 103854 0 0.00247393
148.742 253400 257744 0.226745 9.23806 8.10208 9.23806 8.10208 104033 0 0.00467607
148.961 251952 250504 0.222 9.12905 8.10359 9.12905 8.10359 104206 0 0.00796632
149.176 254848 249056 0.217145 9.33891 8.10537 9.33891 8.10537 104379 0 0.00901943
149.43 225888 251952 0.252171 7.93722 8.10508 7.93722 8.10508 104553 0 0.0191493
149.692 191136 222992 0.265973 6.79686 8.10279 6.79686 8.10279 104707 0 0.0538495
149.925 181000 188240 0.23503 6.48276 8.10028 6.48276 8.10028 104837 0 0.101119
150.125 194032 178104 0.203007 7.12111 8.09897 7.12111 8.09897 104960 0 0.126684
150.326 207064 191136 0.204608 7.65409 8.09838 7.65409 8.09838 105093 0 0.0954832
150.526 222992 204168 0.202444 8.18833 8.09849 8.18833 8.09849 105234 0 0.0700057
150.727 238920 220096 0.204011 8.80509 8.09944 8.80509 8.09944 105387 0 0.0434709
150.926 256296 236024 0.20305 9.46595 8.10124 9.46595 8.10124 105550 0 0.0243673
151.128 272224 253400 0.20583 10.1287 8.10394 10.1287 8.10394 105726 0 0.0097249
151.339 275120 269328 0.21666 10.243 8.10693 10.243 8.10693 105913 0 0.000547465
151.563 269328 272224 0.225851 9.74414 8.10935 9.74414 8.10935 106101 0 0.000579733
151.789 260640 266432 0.228394 9.43536 8.11132 9.43536 8.11132 106285 0 0.00203928
152.01 257744 257744 0.223399 9.32612 8.11309 9.32612 8.11309 106463 0 0.0040599
152.223 262088 254848 0.216392 9.53216 8.11508 9.53216 8.11508 106639 0 0.0056325
152.435 269328 259192 0.213748 9.80481 8.11743 9.80481 8.11743 106818 0 0.00403658
152.651 270776 266432 0.218764 9.90827 8.11996 9.90827 8.11996 107003 0 0.000999973
152.872 267880 267880 0.223442 9.69287 8.12224 9.69287 8.12224 107188 0 0.000793086
153.096 262088 264984 0.225974 9.53682 8.1243 9.53682 8.1243 107372 0 0.00180583
153.317 259192 259192 0.223377 9.4309 8.12619 9.4309 8.12619 107552 0 0.00342667
153.533 260640 256296 0.218731 9.53336 8.12817 9.53336 8.12817 107730 0 0.00465531
153.747 264984 257744 0.216307 9.69464 8.13035 9.69464 8.13035 107909 0 0.00420061
153.961 269328 262088 0.216323 9.80296 8.13267 9.80296 8.13267 108090 0 0.00246761
154.18 270776 266432 0.221148 9.79939 8.13504 9.79939 8.13504 108275 0 0.000999761
154.401 267880 267880 0.223378 9.69287 8.13727 9.69287 8.13727 108460 0 0.00079265
154.624 262088 264984 0.225994 9.53682 8.13929 9.53682 8.13929 108644 0 0.00180608
154.845 259192 259192 0.223435 9.4309 8.14114 9.4309 8.14114 108824 0 0.00342707
155.062 260640 256296 0.218793 9.53336 8.14308 9.53336 8.14308 109002 0 0.00465516
155.276 264984 257744 0.216236 9.69464 8.14521 9.69464 8.14521 109181 0 0.00420114
155.489 269328 262088 0.216366 9.80296 8.14749 9.80296 8.14749 109362 0 0.00246729
155.708 270776 266432 0.221034 9.79939 8.14981 9.79939 8.14981 109547 0 0.000999513
155.929 267880 267880 0.22358 9.69287 8.152 9.69287 8.152 109732 0 0.000794059
156.153 262088 264984 0.225854 9.53682 8.15398 9.53682 8.15398 109916 0 0.00180442
156.374 259192 259192 0.223472 9.4309 8.15579 9.4309 8.15579 110096 0 0.00342733
156.59 260640 256296 0.218716 9.53336 8.15769 9.53336 8.15769 110274 0 0.00465535
156.804 264984 257744 0.216199 9.69464 8.15979 9.69464 8.15979 110453 0 0.00420142
157.018 269328 262088 0.21634 9.80296 8.16203 9.80296 8.16203 110634 0 0.00246748
157.237 270776 266432 0.221008 9.79939 8.16431 9.79939 8.16431 110819 0 0.00099946
157.458 267880 267880 0.223537 9.69287 8.16645 9.69287 8.16645 111004 0 0.000793747
157.681 262088 264984 0.22584 9.53682 8.16839 9.53682 8.16839 111188 0 0.00180425
157.902 259192 259192 0.223602 9.4309 8.17016 9.4309 8.17016 111368 0 0.00342824
158.119 260640 256296 0.218679 9.53336 8.17203 9.53336 8.17203 111546 0 0.00465545
158.338 259192 257744 0.221434 9.43128 8.17377 9.43128 8.17377 111725 0 0.00396723
158.562 253400 256296 0.226003 9.17188 8.17518 9.17188 8.17518 111902 0 0.00510562
158.785 247608 250504 0.226002 9.01642 8.17637 9.01642 8.17637 112076 0 0.00841422
159.004 249056 244712 0.221221 9.01165 8.17751 9.01165 8.17751 112246 0 0.0121596
159.222 251952 246160 0.217578 9.09663 8.17877 9.09663 8.17877 112417 0 0.0111151
159.491 209960 249056 0.270098 7.40265 8.17746 7.40265 8.17746 112589 0 0.0347269
159.763 172312 207064 0.275541 6.08296 8.17389 6.08296 8.17389 112732 0 0.0828557
160.006 163624 169416 0.233076 5.62901 8.17003 5.62901 8.17003 112850 0 0.14858
160.217 172312 160728 0.207909 6.1511 8.16737 6.1511 8.16737 112962 0 0.173813
160.418 181000 169416 0.207717 6.78627 8.16564 6.78627 8.16564 113080 0 0.14856
160.62 191136 178104 0.207471 7.13133 8.16434 7.13133 8.16434 113204 0 0.125665
160.821 201272 188240 0.207803 7.53391 8.16355 7.53391 8.16355 113335 0 0.101042
160.997 214304 198376 0.204752 9.04301 8.16451 9.04301 8.16451 113472 0 0.0801144
161.208 220096 211408 0.213602 8.05893 8.16437 8.05893 8.16437 113619 0 0.0539582
161.481 183896 217200 0.270006 6.37107 8.16134 6.37107 8.16134 113769 0 0.0640051
161.761 146248 181000 0.283981 5.16764 8.15616 5.16764 8.15616 113894 0 0.139675
162.012 134664 143352 0.240941 4.62393 8.15069 4.62393 8.15069 113994 0 0.231386
162.228 140456 131768 0.20939 4.92864 8.1464 4.92864 8.1464 114086 0 0.271834
162.429 146248 137560 0.2088 5.52476 8.14315 5.52476 8.14315 114182 0 0.250351
162.63 153488 143352 0.208759 5.75496 8.14019 5.75496 8.14019 114282 0 0.229992
162.832 160728 150592 0.208645 6.04271 8.1376 6.04271 8.1376 114387 0 0.205481
163.001 172312 157832 0.202582 7.45701 8.1369 7.45701 8.1369 114496 0 0.18361
163.202 183896 169416 0.205069 6.79085 8.13523 6.79085 8.13523 114614 0 0.149409
163.404 195480 181000 0.20499 7.25125 8.13415 7.25125 8.13415 114740 0 0.118839
163.605 208512 192584 0.204975 7.71164 8.13363 7.71164 8.13363 114874 0 0.0922883
163.806 221544 205616 0.20501 8.22959 8.13374 8.22959 8.13374 115017 0 0.0661285
164.005 238920 218648 0.202808 8.8008 8.13455 8.8008 8.13455 115168 0 0.0462787
164.206 253400 236024 0.206003 9.43618 8.13615 9.43618 8.13615 115332 0 0.0230561
164.41 259192 250504 0.214686 9.88581 8.13832 9.88581 8.13832 115506 0 0.00840643
164.626 260640 256296 0.218687 9.53186 8.14015 9.53186 8.14015 115684 0 0.00465543
164.848 256296 257744 0.223837 9.37 8.1418 9.37 8.1418 115863 0 0.0042017
165.069 253400 253400 0.223853 9.16062 8.14317 9.16062 8.14317 116038 0 0.00629513
165.291 249056 250504 0.224061 9.06225 8.1444 9.06225 8.1444 116212 0 0.00820062
165.517 240368 246160 0.227852 8.79226 8.14528 8.79226 8.14528 116383 0 0.012058
165.737 238920 237472 0.222706 8.63075 8.14593 8.63075 8.14593 116547 0 0.0186579
165.949 243264 236024 0.214893 8.89196 8.14688 8.89196 8.14688 116710 0 0.0203633
166.162 247608 240368 0.214938 9.11016 8.14812 9.11016 8.14812 116877 0 0.0161347
166.364 262088 244712 0.206128 9.67902 8.14998 9.67902 8.14998 117046 0 0.0150953
166.568 276568 259192 0.206811 10.2076 8.1525 10.2076 8.1525 117226 0 0.00625083
166.784 278016 273672 0.218645 10.1761 8.15512 10.1761 8.15512 117416 0 5.28817e-05
167.013 266432 275120 0.230764 9.69122 8.15722 9.69122 8.15722 117607 0 0.00189046
167.241 256296 263536 0.230616 9.23456 8.15869 9.23456 8.15869 117789 0 0.00320906
167.46 257744 253400 0.221111 9.26969 8.16015 9.26969 8.16015 117964 0 0.00619835
167.671 264984 254848 0.213872 9.69525 8.16208 9.69525 8.16208 118141 0 0.00610063
167.883 272224 262088 0.213851 9.91436 8.16429 9.91436 8.16429 118322 0 0.00293549
168.101 273672 269328 0.221169 9.90533 8.16655 9.90533 8.16655 118509 0 0.0004545
168.326 266432 270776 0.226583 9.657 8.16854 9.657 8.16854 118696 0 0.000972387
168.553 256296 263536 0.229888 9.32253 8.1701 9.32253 8.1701 118879 0 0.00319412
168.773 254848 253400 0.22259 9.20889 8.17145 9.20889 8.17145 119054 0 0.00620382
168.986 259192 251952 0.215357 9.52283 8.17315 9.52283 8.17315 119229 0 0.00729535
169.196 266432 256296 0.212925 9.74237 8.17511 9.74237 8.17511 119406 0 0.00536916
169.41 270776 263536 0.216343 9.91018 8.1773 9.91018 8.1773 119589 0 0.00200073
169.629 272224 267880 0.221248 9.79939 8.17939 9.79939 8.17939 119774 0 0.000699621
169.853 266432 269328 0.22586 9.69231 8.18138 9.69231 8.18138 119961 0 0.000903347
170.076 260640 263536 0.225991 9.43316 8.18302 9.43316 8.18302 120143 0 0.00221732
170.296 259192 257744 0.221767 9.39374 8.18458 9.39374 8.18458 120321 0 0.00396829
170.511 260640 256296 0.218138 9.50403 8.18625 9.50403 8.18625 120498 0 0.00465717
170.727 262088 257744 0.218207 9.61142 8.18805 9.61142 8.18805 120677 0 0.00396839
170.943 263536 259192 0.218123 9.61142 8.18985 9.61142 8.18985 120856 0 0.00333562
171.161 264984 260640 0.220572 9.61082 8.19166 9.61082 8.19166 121037 0 0.00275479
171.426 225888 262088 0.262776 7.91478 8.19123 7.91478 8.19123 121218 0 0.0242459
171.704 181000 222992 0.281666 6.44793 8.18841 6.44793 8.18841 121373 0 0.0662128
171.94 167968 178104 0.23845 6.04706 8.18547 6.04706 8.18547 121496 0 0.126736
172.166 176656 165072 0.207862 5.90108 8.18248 5.90108 8.18248 121611 0 0.160936
172.341 189688 173760 0.202366 7.92816 8.18222 7.92816 8.18222 121731 0 0.138088
172.54 204168 186792 0.202781 7.49163 8.18142 7.49163 8.18142 121860 0 0.105954
172.742 218648 201272 0.204214 8.05617 8.18127 8.05617 8.18127 122000 0 0.0749003
172.943 233128 215752 0.204347 8.63161 8.1818 8.63161 8.1818 122150 0 0.049435
173.144 249056 230232 0.204611 9.20705 8.18299 9.20705 8.18299 122310 0 0.030093
173.346 264984 246160 0.205925 9.83896 8.18491 9.83896 8.18491 122481 0 0.0145511
173.557 267880 262088 0.216534 9.92244 8.18703 9.92244 8.18703 122662 0 0.00232747
173.783 257744 264984 0.228581 9.42183 8.18864 9.42183 8.18864 122846 0 0.00275871
174.012 246160 254848 0.231349 8.96488 8.18966 8.96488 8.18966 123023 0 0.00727315
174.23 247608 243264 0.220517 8.93639 8.19059 8.93639 8.19059 123191 0 0.013346
174.432 264984 244712 0.204435 9.69786 8.19233 9.69786 8.19233 123360 0 0.0163651
174.636 280912 262088 0.206656 10.321 8.19482 10.321 8.19482 123542 0 0.00573735
174.855 282360 278016 0.221004 10.2231 8.19736 10.2231 8.19736 123735 0 0.000149014
175.085 267880 279464 0.233169 9.69069 8.19933 9.69069 8.19933 123928 0 0.00320942
175.385 208512 264984 0.292506 7.11515 8.19748 7.11515 8.19748 124112 0 0.0531894
175.731 139008 205616 0.34947 4.78944 8.19077 4.78944 8.19077 124255 0 0.144299
175.998 114392 136112 0.270725 4.07949 8.18453 4.07949 8.18453 124349 0 0.265658
176.198 121632 111496 0.203884 4.45793 8.1803 4.45793 8.1803 124426 0 0.354454
176.399 128872 118736 0.205466 4.76879 8.1764 4.76879 8.1764 124509 0 0.323793
176.599 137560 125976 0.203058 5.05446 8.17288 5.05446 8.17288 124596 0 0.294947
176.8 146248 134664 0.205524 5.4008 8.16972 5.4008 8.16972 124690 0 0.261627
177.002 154936 143352 0.205366 5.74553 8.16696 5.74553 8.16696 124790 0 0.230385
177.203 165072 152040 0.205467 6.09667 8.1646 6.09667 8.1646 124896 0 0.201493
177.405 175208 162176 0.205088 6.49928 8.16271 6.49928 8.16271 125009 0 0.169902
177.604 188240 172312 0.202755 6.92092 8.16132 6.92092 8.16132 125128 0 0.141979
177.805 199824 185344 0.205236 7.41953 8.16048 7.41953 8.16048 125257 0 0.108283
178.004 214304 196928 0.202905 7.91803 8.16021 7.91803 8.16021 125393 0 0.0836629
178.203 230232 211408 0.203359 8.51038 8.1606 8.51038 8.1606 125539 0 0.0571053
178.402 247608 227336 0.202614 9.14067 8.16169 9.14067 8.16169 125696 0 0.0343357
178.603 260640 244712 0.207301 9.78343 8.16352 9.78343 8.16352 125866 0 0.0145374
178.808 267880 257744 0.213543 10.1509 8.16579 10.1509 8.16579 126045 0 0.00467226
179.021 272224 264984 0.216388 9.91128 8.16788 9.91128 8.16788 126228 0 0.00158912
179.248 264984 269328 0.226729 9.57186 8.16965 9.57186 8.16965 126415 0 0.00116382
179.499 233128 262088 0.253728 8.34624 8.1699 8.34624 8.1699 126596 0 0.0167611
179.745 209960 230232 0.248567 7.54005 8.16903 7.54005 8.16903 126756 0 0.0344152
179.968 212856 207064 0.219583 7.4787 8.16818 7.4787 8.16818 126900 0 0.0611398
180.169 227336 209960 0.204947 8.39602 8.16843 8.39602 8.16843 127046 0 0.0589356
180.38 230232 224440 0.219156 8.56151 8.16889 8.56151 8.16889 127202 0 0.0339141
180.609 221544 227336 0.2312 8.01683 8.1687 8.01683 8.1687 127360 0 0.0311646
180.84 209960 218648 0.23423 7.61476 8.16799 7.61476 8.16799 127512 0 0.0439676
181.062 205616 207064 0.225299 7.49875 8.16717 7.49875 8.16717 127656 0 0.0613064
181.28 207064 202720 0.21847 7.51583 8.16639 7.51583 8.16639 127797 0 0.069113
181.503 201272 204168 0.226765 7.30203 8.16532 7.30203 8.16532 127938 0 0.0668321
181.73 192584 198376 0.230167 7.04601 8.16393 7.04601 8.16393 128076 0 0.0787377
181.951 189688 189688 0.223612 6.93501 8.16244 6.93501 8.16244 128208 0 0.0963638
182.162 194032 186792 0.214151 7.14039 8.16125 7.14039 8.16125 128338 0 0.103168
182.363 207064 191136 0.204349 7.65409 8.16069 7.65409 8.16069 128471 0 0.0954913
182.562 222992 204168 0.202613 8.19567 8.16073 8.19567 8.16073 128612 0 0.0699998
182.764 237472 220096 0.204452 8.80509 8.16144 8.80509 8.16144 128765 0 0.0428747
182.963 254848 234576 0.2028 9.41631 8.16281 9.41631 8.16281 128927 0 0.0258962
183.162 272224 251952 0.204971 10.1138 8.16493 10.1138 8.16493 129101 0 0.0112425
183.463 208512 269328 0.297002 7.17016 8.1633 7.17016 8.1633 129287 0 0.0600303
183.804 140456 205616 0.344999 4.8185 8.15709 4.8185 8.15709 129429 0 0.140527
184.065 118736 137560 0.264296 4.22252 8.15152 4.22252 8.15152 129524 0 0.257982
184.317 123080 115840 0.211656 3.71299 8.14543 3.71299 8.14543 129605 0 0.335286
184.465 131768 120184 0.202513 6.52301 8.14414 6.52301 8.14414 129688 0 0.318236
184.666 140456 128872 0.204782 5.17946 8.14091 5.17946 8.14091 129778 0 0.283589
184.867 149144 137560 0.205011 5.52476 8.13806 5.52476 8.13806 129874 0 0.251005
185.069 159280 146248 0.205014 5.87006 8.13559 5.87006 8.13559 129976 0 0.220784
185.27 169416 156384 0.205372 6.26108 8.13355 6.26108 8.13355 130085 0 0.187619
185.47 181000 166520 0.203363 6.67488 8.13198 6.67488 8.13198 130200 0 0.15766
185.671 192584 178104 0.205329 7.1227 8.13088 7.1227 8.13088 130324 0 0.12614
185.873 204168 189688 0.206104 7.58223 8.13029 7.58223 8.13029 130456 0 0.0982073
186.082 208512 201272 0.214962 7.76789 8.12988 7.76789 8.12988 130596 0 0.0721535
186.283 220096 205616 0.206844 8.22959 8.12999 8.22959 8.12999 130739 0 0.0656055
186.483 237472 217200 0.202527 8.7174 8.13062 8.7174 8.13062 130889 0 0.0484741
186.682 256296 234576 0.202353 9.41479 8.13199 9.41479 8.13199 131051 0 0.0266049
186.881 276568 253400 0.202672 10.1703 8.13416 10.1703 8.13416 131226 0 0.0119038
187.093 280912 273672 0.216666 10.3701 8.1367 10.3701 8.1367 131416 0 0.000283961
187.352 246160 278016 0.256309 8.65161 8.13741 8.65161 8.13741 131609 0 0.0174082
187.64 192584 243264 0.290994 6.75852 8.13529 6.75852 8.13529 131777 0 0.0563137
187.892 167968 189688 0.255 6.0229 8.13246 6.0229 8.13246 131908 0 0.105477
188.121 176656 165072 0.208382 5.81218 8.12963 5.81218 8.12963 132023 0 0.160924
188.293 189688 173760 0.203003 8.06176 8.12957 8.06176 8.12957 132143 0 0.138066
188.499 199824 186792 0.208207 7.28341 8.12865 7.28341 8.12865 132272 0 0.104382
188.7 212856 196928 0.204819 7.87343 8.12838 7.87343 8.12838 132409 0 0.0830744
188.901 227336 209960 0.204033 8.34909 8.12861 8.34909 8.12861 132554 0 0.058964
189.117 230232 224440 0.218985 8.36723 8.12889 8.36723 8.12889 132710 0 0.0339144
189.338 225888 227336 0.22546 8.27495 8.12906 8.27495 8.12906 132868 0 0.0303204
189.557 227336 222992 0.221412 8.2144 8.12916 8.2144 8.12916 133023 0 0.0357961
189.77 231680 224440 0.215915 8.42776 8.12949 8.42776 8.12949 133178 0 0.0340687
189.986 233128 228784 0.218537 8.53442 8.12995 8.53442 8.12995 133337 0 0.0282734
190.206 231680 230232 0.221629 8.36146 8.13022 8.36146 8.13022 133496 0 0.0265319
190.518 170864 228784 0.308439 5.90572 8.12658 5.90572 8.12658 133655 0 0.0849719
190.826 124528 167968 0.311948 4.36311 8.1205 4.36311 8.1205 133771 0 0.188327
191.052 120184 121632 0.230036 4.30345 8.11599 4.30345 8.11599 133855 0 0.311382
191.251 128872 117288 0.203272 4.71161 8.11244 4.71161 8.11244 133936 0 0.330178
191.453 136112 125976 0.205471 5.05737 8.10922 5.05737 8.10922 134024 0 0.294566
191.654 144800 133216 0.205406 5.34472 8.10632 5.34472 8.10632 134117 0 0.267032
191.854 154936 141904 0.203045 5.70046 8.10382 5.70046 8.10382 134215 0 0.235888
192.053 166520 152040 0.203116 6.10764 8.10175 6.10764 8.10175 134320 0 0.201982
192.254 176656 163624 0.205475 6.55113 8.10012 6.55113 8.10012 134434 0 0.165597
192.456 188240 173760 0.205535 6.9534 8.09892 6.9534 8.09892 134555 0 0.137515
192.655 201272 185344 0.203355 7.44446 8.09825 7.44446 8.09825 134683 0 0.108813
192.854 214304 198376 0.204742 7.9679 8.09811 7.9679 8.09811 134820 0 0.0801147
193.061 218648 211408 0.214857 8.22283 8.09825 8.22283 8.09825 134967 0 0.0537496
193.264 228784 215752 0.209441 8.51805 8.09869 8.51805 8.09869 135116 0 0.0478875
193.465 244712 225888 0.203727 9.03528 8.09966 9.03528 8.09966 135273 0 0.0355136
193.665 263536 241816 0.202518 9.6685 8.10128 9.6685 8.10128 135440 0 0.0195522
193.867 282360 260640 0.204409 10.3865 8.10366 10.3865 8.10366 135621 0 0.00765534
194.083 283808 279464 0.218834 10.3367 8.10615 10.3367 8.10615 135814 0 0.000292586
194.317 267880 280912 0.235414 9.69017 8.10805 9.69017 8.10805 136009 0 0.00405449
194.55 251952 264984 0.235542 9.09385 8.10923 9.09385 8.10923 136192 0 0.00492282
194.771 249056 249056 0.223381 9.06415 8.11031 9.06415 8.11031 136365 0 0.00902271
194.977 260640 246160 0.209209 9.52838 8.11182 9.52838 8.11182 136535 0 0.0128891
195.182 276568 257744 0.206563 10.0941 8.11389 10.0941 8.11389 136713 0 0.00747272
195.396 280912 273672 0.216226 10.2362 8.11621 10.2362 8.11621 136902 0 0.000287088
195.624 269328 278016 0.230742 9.7927 8.11817 9.7927 8.11817 137095 0 0.00201006
195.855 256296 266432 0.233075 9.23879 8.11949 9.23879 8.11949 137279 0 0.00338741
196.076 253400 253400 0.223462 9.16893 8.12067 9.16893 8.12067 137454 0 0.00629227
196.287 260640 250504 0.21383 9.53093 8.12219 9.53093 8.12219 137628 0 0.0086658
196.496 269328 257744 0.211619 9.9175 8.1241 9.9175 8.1241 137807 0 0.00500579
196.71 273672 266432 0.216263 9.96544 8.12611 9.96544 8.12611 137991 0 0.00123421
196.931 270776 270776 0.223602 9.79766 8.12798 9.79766 8.12798 138178 0 0.000359805
197.157 262088 267880 0.228283 9.53792 8.1296 9.53792 8.1296 138364 0 0.00173704
197.499 181000 259192 0.333627 6.09691 8.12608 6.09691 8.12608 138544 0 0.103161
197.858 117288 178104 0.362051 4.0069 8.11862 4.0069 8.11862 138668 0 0.198004
198.147 102808 114392 0.256378 3.19882 8.11142 3.19882 8.11142 138748 0 0.345186
198.369 104256 99912 0.214103 3.65551 8.10644 3.65551 8.10644 138818 0 0.405429
198.571 107152 101360 0.213947 4.07346 8.10234 4.07346 8.10234 138889 0 0.398836
198.708 114392 104256 0.204085 6.08432 8.10095 6.08432 8.10095 138961 0 0.386447
198.908 121632 111496 0.203595 4.46548 8.0973 4.46548 8.0973 139038 0 0.354464
199.11 128872 118736 0.205717 4.76193 8.09391 4.76193 8.09391 139121 0 0.323786
199.308 137560 125976 0.202894 5.07697 8.09091 5.07697 8.09091 139208 0 0.294952
199.51 146248 134664 0.205051 5.40966 8.0882 5.40966 8.0882 139302 0 0.261641
199.711 154936 143352 0.205344 5.75496 8.08585 5.75496 8.08585 139402 0 0.230386
199.912 165072 152040 0.205642 6.10026 8.08385 6.10026 8.08385 139508 0 0.201487
