0.453955 14480 0 0 0 0 0 0 0 0 0.0439727
0.533266 18824 13032 0.056375 1.46058 0.217227 1.46058 0.217227 10 0 0.0386687
0.533506 20272 15928 0.0593281 192.81 0.303981 192.81 0.303981 14 0 0.0383232
0.533747 21720 17376 0.0619121 144.607 0.368954 144.607 0.368954 17 0 0.0381754
0.533987 23168 18824 0.0641731 144.607 0.433868 144.607 0.433868 20 0 0.0380384
0.534227 24616 20272 0.0662765 144.607 0.498724 144.607 0.498724 23 0 0.03791
0.624347 26064 21720 0.0793669 0.385619 0.482398 0.385619 0.482398 26 0 0.0380956
0.624588 27512 23168 0.080821 144.607 0.537853 144.607 0.537853 29 0 0.0380042
0.624828 28960 24616 0.0820934 144.607 0.593264 144.607 0.593264 32 0 0.0379092
0.625068 30408 26064 0.0833317 144.607 0.648633 144.607 0.648633 35 0 0.0378162
0.625309 31856 27512 0.0844153 144.607 0.70396 144.607 0.70396 38 0 0.037719
0.700529 33304 28960 0.0848251 3.23403 0.975629 3.23403 0.975629 59 0 0.0375906
0.760008 39096 30408 0.0692352 4.0899 1.21936 4.0899 1.21936 80 0 0.0369672
0.811797 49232 36200 0.0613216 5.8156 1.51258 5.8156 1.51258 106 0 0.0364162
0.866109 63712 46336 0.058274 7.0384 1.85909 7.0384 1.85909 139 0 0.0355859
0.925949 82536 60816 0.0579392 8.13052 2.26438 8.13052 2.26438 181 0 0.0344102
0.989513 101360 79640 0.0621547 10.0232 2.7628 10.0232 2.7628 236 0 0.0325907
1.05368 114392 98464 0.0697729 12.4568 3.35313 12.4568 3.35313 305 0 0.030584
1.11628 136112 111496 0.064897 14.2479 3.96413 14.2479 3.96413 382 0 0.0298538
1.17684 156384 133216 0.0680847 17.789 4.67556 17.789 4.67556 475 0 0.0278482
1.23764 192584 153488 0.0621888 20.1955 5.438 20.1955 5.438 581 0 0.0276377
1.29905 236024 189688 0.0626189 24.7143 6.34913 24.7143 6.34913 712 0 0.0256869
1.36237 264984 233128 0.0707047 29.6349 7.43147 29.6349 7.43147 874 0 0.0206034
1.42726 291048 262088 0.0729018 32.492 8.57078 32.492 8.57078 1056 0 0.0183027
1.49154 320008 288152 0.072784 36.0392 9.75467 36.0392 9.75467 1256 0 0.0168227
1.55523 356208 317112 0.0717599 40.0171 10.9939 40.0171 10.9939 1476 0 0.0157936
1.61891 399648 353312 0.0709005 44.5645 12.3145 44.5645 12.3145 1721 0 0.0146637
1.64823 467704 396752 0.0668139 108.258 14.0211 108.258 14.0211 1995 0 0.017154
1.71636 538656 464808 0.0684111 54.5784 15.6311 54.5784 15.6311 2316 0 0.0148042
1.78822 596576 535760 0.0721282 59.8097 17.4063 59.8097 17.4063 2687 0 0.00937496
1.86224 647256 593680 0.0742792 64.1655 19.2648 64.1655 19.2648 3097 0 0.00650772
1.93734 695040 644360 0.0754111 68.6402 21.1788 68.6402 21.1788 3542 0 0.00509031
2.01292 744272 692144 0.0757287 73.4148 23.1402 73.4148 23.1402 4021 0 0.00479438
2.08982 787712 741376 0.0771519 77.1238 25.1267 77.1238 25.1267 4533 0 0.0036542
2.16804 823912 784816 0.0784908 80.2633 27.1161 80.2633 27.1161 5075 0 0.00275778
2.24699 855768 821016 0.0791709 83.1987 29.0865 83.1987 29.0865 5642 0 0.00253025
2.32665 884728 852872 0.0798622 85.7901 31.028 85.7901 31.028 6232 0 0.00263804
2.40692 909344 881832 0.0804144 88.0343 32.9291 88.0343 32.9291 6842 0 0.00272987
2.48863 923824 906448 0.0819702 88.8909 34.7665 88.8909 34.7665 7469 0 0.00259595
2.5713 931064 920928 0.0829683 89.1184 36.514 89.1184 36.514 8105 0 0.00269834
2.65361 941200 928168 0.0825183 90.2124 38.1796 90.2124 38.1796 8746 0 0.00294706
2.73628 948440 938304 0.0829621 90.94 39.7736 90.94 39.7736 9395 0 0.00314193
2.81847 960024 945544 0.0823937 92.0356 41.2976 92.0356 41.2976 10048 0 0.00345915
2.9015 964368 957128 0.0833434 92.3589 42.7588 92.3589 42.7588 10710 0 0.00362927
2.98501 965816 961472 0.0837369 92.2434 44.1432 92.2434 44.1432 11375 0 0.00374729
3.06888 964368 962920 0.0840245 91.847 45.447 91.847 45.447 12040 0 0.00380472
3.15275 962920 961472 0.0841675 91.847 46.6813 91.847 46.6813 12705 0 0.00376792
3.23639 964368 960024 0.0838085 91.8339 47.8481 91.8339 47.8481 13368 0 0.00370729
3.32002 965816 961472 0.0839559 92.1109 48.9631 92.1109 48.9631 14033 0 0.00375773
3.40365 967264 962920 0.083856 92.1109 50.0233 92.1109 50.0233 14698 0 0.00379665
3.48752 965816 964368 0.0841586 92.1232 51.0357 92.1232 51.0357 15365 0 0.00385518
3.57127 964368 962920 0.084 91.9787 51.9959 91.9787 51.9959 16030 0 0.00380354
3.65514 962920 961472 0.0840441 91.847 52.9103 91.847 52.9103 16695 0 0.00376196
3.73889 961472 960024 0.084 91.7021 53.7793 91.7021 53.7793 17358 0 0.00371644
3.82253 962920 958576 0.0839365 91.8339 54.6119 91.8339 54.6119 18021 0 0.0036703
3.90592 965816 960024 0.083487 92.0985 55.4122 92.0985 55.4122 18684 0 0.00370326
3.98955 967264 962920 0.0839424 92.2494 56.1844 92.2494 56.1844 19350 0 0.00380078
4.07342 965816 964368 0.0840658 92.1232 56.9244 92.1232 56.9244 20017 0 0.0038507
4.15717 964368 962920 0.084 91.9787 57.6306 91.9787 57.6306 20682 0 0.00380354
4.24104 962920 961472 0.0842056 91.847 58.3073 91.847 58.3073 21347 0 0.00376976
4.32479 961472 960024 0.084 91.7021 58.954 91.7021 58.954 22010 0 0.00371644
4.40843 962920 958576 0.0838366 91.8339 59.5777 91.8339 59.5777 22673 0 0.00366552
4.49182 964368 960024 0.0836254 92.0985 60.1815 92.0985 60.1815 23336 0 0.00369861
4.57545 965816 961472 0.0838825 92.1109 60.7651 92.1109 60.7651 24001 0 0.00375422
4.65908 967264 962920 0.0838607 92.1109 61.3278 92.1109 61.3278 24666 0 0.00379688
4.74283 965816 964368 0.084 92.2554 61.8739 92.2554 61.8739 25333 0 0.00384754
4.8267 964368 962920 0.0840982 91.847 62.3947 91.847 62.3947 25998 0 0.00380827
4.91069 962920 961472 0.0842136 91.7156 62.8962 91.7156 62.8962 26663 0 0.00377015
4.99433 964368 960024 0.0838874 91.8339 63.3808 91.8339 63.3808 27326 0 0.00371105
5.07796 965816 961472 0.0837737 92.1109 63.854 92.1109 63.854 27991 0 0.00374903
5.16159 967264 962920 0.0839018 92.1109 64.3118 92.1109 64.3118 28656 0 0.00379884
5.24546 965816 964368 0.0841122 92.1232 64.7565 92.1232 64.7565 29323 0 0.00385294
5.32921 964368 962920 0.0839999 91.9787 65.1843 91.9787 65.1843 29988 0 0.00380354
5.41308 962920 961472 0.0841375 91.847 65.5974 91.847 65.5974 30653 0 0.00376647
5.49684 961472 960024 0.084 91.7021 65.9952 91.7021 65.9952 31316 0 0.00371644
5.58047 962920 958576 0.0838845 91.8339 66.3824 91.8339 66.3824 31979 0 0.00366781
5.66386 965816 960024 0.0835743 92.0985 66.761 92.0985 66.761 32642 0 0.00370737
5.74749 967264 962920 0.0839661 92.2494 67.1319 92.2494 67.1319 33308 0 0.00380192
5.83136 965816 964368 0.0840187 92.1232 67.4913 92.1232 67.4913 33975 0 0.00384844
5.91511 964368 962920 0.084 91.9787 67.8381 91.9787 67.8381 34640 0 0.00380354
5.99898 962920 961472 0.0841466 91.847 68.1737 91.847 68.1737 35305 0 0.0037669
6.08274 961472 960024 0.0839999 91.7021 68.4977 91.7021 68.4977 35968 0 0.00371644
6.16637 962920 958576 0.0838079 91.8339 68.8142 91.8339 68.8142 36631 0 0.00366416
6.24976 964368 960024 0.083651 92.0985 69.1249 92.0985 69.1249 37294 0 0.00369981
6.33339 965816 961472 0.0838085 92.1109 69.4284 92.1109 69.4284 37959 0 0.00375069
6.41702 967264 962920 0.0839559 92.1109 69.724 92.1109 69.724 38624 0 0.00380143
6.50077 965816 964368 0.0839998 92.2554 70.0143 92.2554 70.0143 39291 0 0.00384753
6.58464 964368 962920 0.0840567 91.847 70.2924 91.847 70.2924 39956 0 0.00380627
6.66864 962920 961472 0.0841923 91.7156 70.5622 91.7156 70.5622 40621 0 0.00376911
6.75227 964368 960024 0.0839614 91.8339 70.8257 91.8339 70.8257 41284 0 0.00371459
6.8359 965816 961472 0.0837499 92.1109 71.0861 92.1109 71.0861 41949 0 0.0037479
6.91953 967264 962920 0.0839422 92.1109 71.3402 92.1109 71.3402 42614 0 0.00380078
7.0034 965816 964368 0.0840319 92.1232 71.5891 92.1232 71.5891 43281 0 0.00384908
7.08715 964368 962920 0.084 91.9787 71.83 91.9787 71.83 43946 0 0.00380354
7.17102 961472 961472 0.0842501 91.847 72.0642 91.847 72.0642 44611 0 0.00378309
7.25478 960024 958576 0.084 91.5638 72.2893 91.5638 72.2893 45273 0 0.00367334
7.33817 962920 957128 0.0835827 91.8207 72.5112 91.8207 72.5112 45934 0 0.00362186
7.42156 964368 960024 0.0837061 92.2374 72.7329 92.2374 72.7329 46598 0 0.00370242
7.50519 965816 961472 0.0838133 92.1109 72.9488 92.1109 72.9488 47263 0 0.00375092
7.58882 967264 962920 0.083914 92.1109 73.16 92.1109 73.16 47928 0 0.00379943
7.67257 965816 964368 0.0839996 92.2554 73.3684 92.2554 73.3684 48595 0 0.00384752
7.75644 964368 962920 0.0841106 91.847 73.5682 91.847 73.5682 49260 0 0.00380887
7.84044 962920 961472 0.0841884 91.7156 73.7626 91.7156 73.7626 49925 0 0.00376892
7.92407 964368 960024 0.0839248 91.8339 73.9534 91.8339 73.9534 50588 0 0.00371284
8.0077 965816 961472 0.0838989 92.1109 74.143 92.1109 74.143 51253 0 0.003755
8.09133 967264 962920 0.0838873 92.1109 74.3287 92.1109 74.3287 51918 0 0.00379815
8.1752 965816 964368 0.0841264 92.1232 74.5113 92.1232 74.5113 52585 0 0.00385362
8.25895 967264 962920 0.0839267 91.9787 74.6884 91.9787 74.6884 53250 0 0.00380003
8.34282 965816 964368 0.084101 92.1232 74.8637 92.1232 74.8637 53917 0 0.0038524
8.42682 964368 962920 0.0841992 91.7156 75.0316 91.7156 75.0316 54582 0 0.00381315
8.51069 962920 961472 0.0840964 91.847 75.1974 91.847 75.1974 55247 0 0.00376448
8.59432 964368 960024 0.0838781 91.8339 75.3592 91.8339 75.3592 55910 0 0.00371061
8.67795 965816 961472 0.0837866 92.1109 75.5207 92.1109 75.5207 56575 0 0.00374965
8.76158 967264 962920 0.0839018 92.1109 75.679 92.1109 75.679 57240 0 0.00379884
8.84533 965816 964368 0.084 92.2554 75.836 92.2554 75.836 57907 0 0.00384754
8.92921 964368 962920 0.0841259 91.847 75.9864 91.847 75.9864 58572 0 0.00380961
9.0132 962920 961472 0.0842153 91.7156 76.133 91.7156 76.133 59237 0 0.00377023
9.09683 964368 960024 0.0839141 91.8339 76.2773 91.8339 76.2773 59900 0 0.00371233
9.18046 965816 961472 0.0838845 92.1109 76.4215 92.1109 76.4215 60565 0 0.00375432
9.26409 967264 962920 0.0838712 92.1109 76.5632 92.1109 76.5632 61230 0 0.00379738
9.34796 965816 964368 0.0841445 92.1232 76.7028 92.1232 76.7028 61897 0 0.0038545
9.43171 967264 962920 0.0839163 91.9787 76.8384 91.9787 76.8384 62562 0 0.00379953
9.51559 965816 964368 0.0841155 92.1232 76.9732 92.1232 76.9732 63229 0 0.0038531
9.59958 962920 962920 0.0842277 91.7156 77.1021 91.7156 77.1021 63894 0 0.00382571
9.68345 961472 960024 0.0841122 91.7089 77.2287 91.7089 77.2287 64558 0 0.00372184
9.76708 962920 958576 0.0838584 91.8339 77.3537 91.8339 77.3537 65221 0 0.00366657
9.85047 964368 960024 0.0836852 92.0985 77.4785 92.0985 77.4785 65884 0 0.00370144
9.9341 965816 961472 0.0838717 92.1109 77.6017 92.1109 77.6017 66549 0 0.0037537
10.0001 5792 962920 0.0837629 91.1368 77.691 91.1368 77.691 67068 0 1.64227
10.0835 861560 4344 0.0841897 0 77.0485 0 77.0485 67068 0 1.34206
10.1239 1148264 858664 0.0830021 170.862 77.4229 170.862 77.4229 67664 0 0.147501
10.1987 884728 1145368 0.105859 122.556 77.7542 122.556 77.7542 68456 0 0.136688
10.298 706624 881832 0.099317 71.1948 77.691 71.1948 77.691 69066 0 0.0591747
10.3766 653048 703728 0.0783783 71.7877 77.6463 71.7877 77.6463 69553 0 0.00559293
10.4415 687800 650152 0.0641177 80.1588 77.6619 80.1588 77.6619 70002 0 0.00287293
10.5035 744272 684904 0.0618018 88.5579 77.7262 88.5579 77.7262 70476 0 0.00597407
10.5713 765992 741376 0.0664464 87.5321 77.7892 87.5321 77.7892 70989 0 0.000885527
10.6329 742824 763096 0.0726421 99.2292 77.9133 99.2292 77.9133 71516 0 0.00112625
10.7324 666080 739928 0.0820563 59.6126 77.7436 59.6126 77.7436 72028 0 0.0109642
10.8182 583544 663184 0.0850544 61.9745 77.6185 61.9745 77.6185 72487 0 0.0132743
10.8732 534312 580648 0.0795563 84.4068 77.6529 84.4068 77.6529 72888 0 0.00673088
10.9794 487976 531416 0.0796361 40.1323 77.2899 40.1323 77.2899 73256 0 0.00760012
11.0599 445984 485080 0.0796923 48.3463 77.0792 48.3463 77.0792 73592 0 0.00851336
11.1427 399648 443088 0.0822181 42.9554 76.8257 42.9554 76.8257 73899 0 0.0110089
11.1795 366344 396752 0.0793862 86.3232 76.8569 86.3232 76.8569 74173 0 0.0112212
11.2648 320008 363448 0.08555 34.0811 76.533 34.0811 76.533 74424 0 0.0150953
11.4224 256296 317112 0.099369 16.1654 75.6998 16.1654 75.6998 74644 0 0.022092
11.5194 201272 253400 0.102336 21.0251 75.2395 21.0251 75.2395 74820 0 0.0247116
11.6145 159280 198376 0.101222 16.819 74.7614 16.819 74.7614 74958 0 0.0264724
11.7085 125976 156384 0.100356 13.4203 74.2685 13.4203 74.2685 75067 0 0.0286586
11.7215 105704 123080 0.0908005 75.8741 74.2703 75.8741 74.2703 75152 0 0.029628
11.9078 81088 102808 0.107524 4.47816 73.1787 4.47816 73.1787 75224 0 0.0331212
12.011 60816 78192 0.110821 6.1726 72.6029 6.1726 72.6029 75279 0 0.0354076
12.0175 47784 57920 0.10157 71.411 72.6022 71.411 72.6022 75319 0 0.0360905
12.1184 37648 44888 0.101212 3.5578 72.0272 3.5578 72.0272 75350 0 0.0372363
12.319 28960 34752 0.113956 1.44405 70.8781 1.44405 70.8781 75375 0 0.0394244
12.3218 23168 26064 0.10457 72.3036 70.8784 72.3036 70.8784 75393 0 0.0393142
12.4249 18824 20272 0.103648 1.57304 70.3034 1.57304 70.3034 75407 0 0.0398055
12.5289 14480 15928 0.103945 1.22596 69.7303 1.22596 69.7303 75418 0 0.0402838
12.7361 13032 11584 0.117059 0.502982 68.6037 0.502982 68.6037 75427 0 0.0420334
12.7371 11584 10136 0.111864 84.3542 68.6048 84.3542 68.6048 75434 0 0.0416197
12.842 13032 8688 0.109148 0.773005 68.0508 0.773005 68.0508 75441 0 0.0414979
12.9468 11584 10136 0.107779 0.773892 67.5063 0.773892 67.5063 75448 0 0.0412127
13.0522 13032 8688 0.116707 0.76948 66.9675 0.76948 66.9675 75455 0 0.0422981
13.1574 11584 10136 0.113077 0.770358 66.4379 0.770358 66.4379 75462 0 0.0417471
13.2634 13032 8688 0.121454 0.765117 65.9131 0.765117 65.9131 75469 0 0.0428589
13.3683 11584 10136 0.116228 0.773005 65.402 0.773005 65.402 75476 0 0.0420914
13.4735 13032 8688 0.124816 0.771238 64.8976 0.771238 64.8976 75483 0 0.0432835
13.4742 11584 10136 0.118275 112.472 64.9002 112.472 64.9002 75490 0 0.0423258
13.5791 13032 8688 0.112907 0.773005 64.4048 0.773005 64.4048 75497 0 0.0418815
13.6839 11584 10136 0.110297 0.773892 63.9176 0.773892 63.9176 75504 0 0.0414596
13.7884 13032 8688 0.117962 0.775671 63.4388 0.775671 63.4388 75511 0 0.042442
13.8935 11584 10136 0.113697 0.771238 62.9646 0.771238 62.9646 75518 0 0.0418133
13.9996 13032 8688 0.121913 0.764251 62.4932 0.764251 62.4932 75525 0 0.0429156
14.1057 11584 10136 0.11666 0.764251 62.0289 0.764251 62.0289 75532 0 0.0421402
14.2123 13032 8688 0.125704 0.760804 61.5694 0.760804 61.5694 75539 0 0.0433994
14.213 11584 10136 0.119421 112.472 61.572 112.472 61.572 75546 0 0.0424607
14.3193 13032 8688 0.114101 0.763386 61.1209 0.763386 61.1209 75553 0 0.0420093
14.425 11584 10136 0.111302 0.766856 60.6785 0.766856 60.6785 75560 0 0.0415618
14.531 13032 8688 0.119157 0.765117 60.2415 0.765117 60.2415 75567 0 0.0425819
14.637 11584 10136 0.114814 0.765117 59.8109 0.765117 59.8109 75574 0 0.0419344
14.7433 13032 8688 0.123065 0.762524 59.385 0.762524 59.385 75581 0 0.0430596
14.8498 11584 10136 0.117432 0.761663 58.9647 0.761663 58.9647 75588 0 0.0422283
14.9569 13032 8688 0.126365 0.75654 58.5475 0.75654 58.5475 75595 0 0.0434867
14.9577 11584 10136 0.119973 112.472 58.5501 112.472 58.5501 75602 0 0.0425266
15.0651 13032 8688 0.114909 0.754847 58.138 0.754847 58.138 75609 0 0.0420974
15.1722 11584 10136 0.112423 0.757389 57.7331 0.757389 57.7331 75616 0 0.0416781
15.2795 13032 8688 0.120558 0.755693 57.333 0.755693 57.333 75623 0 0.0427496
15.3862 11584 10136 0.116083 0.759948 56.9407 0.759948 56.9407 75630 0 0.0420751
15.4933 13032 8688 0.124152 0.75654 56.552 0.75654 56.552 75637 0 0.0431979
15.6004 11584 10136 0.118491 0.757389 56.1691 0.757389 56.1691 75644 0 0.042351
15.7079 13032 8688 0.12722 0.754004 55.7897 0.754004 55.7897 75651 0 0.0436009
15.7087 11584 10136 0.120751 112.472 55.7923 112.472 55.7923 75658 0 0.0426205
15.816 13032 8688 0.11524 0.755693 55.4189 0.755693 55.4189 75665 0 0.0421338
15.923 11584 10136 0.112645 0.757389 55.0514 0.757389 55.0514 75672 0 0.0417014
16.0301 13032 8688 0.120758 0.757389 54.6887 0.757389 54.6887 75679 0 0.0427739
16.137 11584 10136 0.116342 0.75824 54.3313 0.75824 54.3313 75686 0 0.0421043
16.2442 13032 8688 0.124195 0.75654 53.9778 0.75654 53.9778 75693 0 0.0432033
16.3514 11584 10136 0.118644 0.75654 53.629 0.75654 53.629 75700 0 0.042369
16.4587 13032 8688 0.12731 0.755693 53.2843 0.755693 53.2843 75707 0 0.043613
16.4594 11584 10136 0.120715 112.472 53.2869 112.472 53.2869 75714 0 0.0426162
16.5666 13032 8688 0.115245 0.75654 52.947 0.75654 52.947 75721 0 0.0421344
16.674 11584 10136 0.112744 0.754847 52.6107 0.754847 52.6107 75728 0 0.0417118
16.7818 13032 8688 0.121021 0.752323 52.2777 0.752323 52.2777 75735 0 0.042806
16.8892 11584 10136 0.116614 0.754847 51.95 0.754847 51.95 75742 0 0.042135
16.9969 13032 8688 0.124643 0.753162 51.6257 0.753162 51.6257 75749 0 0.0432611
17.1041 11584 10136 0.119149 0.75654 51.3069 0.75654 51.3069 75756 0 0.0424285
17.2119 13032 8688 0.127676 0.752323 50.9903 0.752323 50.9903 75763 0 0.0436625
17.2126 11584 10136 0.121182 112.472 50.9929 112.472 50.9929 75770 0 0.042673
17.3201 13032 8688 0.115617 0.754004 50.681 0.754004 50.681 75777 0 0.0421757
17.4274 11584 10136 0.113007 0.755693 50.3736 0.755693 50.3736 75784 0 0.0417396
17.5349 13032 8688 0.120871 0.754847 50.0696 0.754847 50.0696 75791 0 0.0427877
17.6422 11584 10136 0.116513 0.755693 49.7696 0.755693 49.7696 75798 0 0.0421236
17.7496 13032 8688 0.124584 0.754847 49.473 0.754847 49.473 75805 0 0.0432535
17.8568 11584 10136 0.118889 0.75654 49.1806 0.75654 49.1806 75812 0 0.0423978
17.9646 13032 8688 0.127633 0.752323 48.89 0.752323 48.89 75819 0 0.0436566
17.9653 11584 10136 0.121057 112.472 48.8926 112.472 48.8926 75826 0 0.0426578
18.0732 13032 8688 0.115654 0.751485 48.6052 0.751485 48.6052 75833 0 0.0421797
18.181 11584 10136 0.113127 0.752323 48.3215 0.752323 48.3215 75840 0 0.0417524
18.2887 13032 8688 0.121246 0.752323 48.0411 0.752323 48.0411 75847 0 0.0428334
18.3959 11584 10136 0.116544 0.75654 47.7656 0.75654 47.7656 75854 0 0.042127
18.5038 13032 8688 0.124711 0.751485 47.4915 0.751485 47.4915 75861 0 0.0432699
18.6114 11584 10136 0.119195 0.754004 47.2214 0.754004 47.2214 75868 0 0.0424339
18.7194 13032 8688 0.127937 0.750649 46.9532 0.750649 46.9532 75875 0 0.0436979
18.7201 11584 10136 0.121357 112.472 46.9557 112.472 46.9557 75882 0 0.0426945
18.8278 13032 8688 0.115829 0.753162 46.6915 0.753162 46.6915 75889 0 0.0421993
18.935 11584 10136 0.112915 0.75654 46.4315 0.75654 46.4315 75896 0 0.0417299
19.0429 13032 8688 0.121121 0.751485 46.1727 0.751485 46.1727 75903 0 0.0428182
19.1504 11584 10136 0.11679 0.754004 45.9176 0.754004 45.9176 75910 0 0.042155
19.2586 13032 8688 0.124856 0.749815 45.664 0.749815 45.664 75917 0 0.0432887
19.3661 11584 10136 0.119401 0.754004 45.4146 0.754004 45.4146 75924 0 0.0424584
19.4739 13032 8688 0.127933 0.752323 45.1674 0.752323 45.1674 75931 0 0.0436973
19.4746 11584 10136 0.121354 112.472 45.1699 112.472 45.1699 75938 0 0.0426941
19.5824 13032 8688 0.115828 0.752323 44.9254 0.752323 44.9254 75945 0 0.0421991
19.6899 11584 10136 0.113119 0.754004 44.6842 0.754004 44.6842 75952 0 0.0417515
19.7977 13032 8688 0.121241 0.752323 44.445 0.752323 44.445 75959 0 0.0428328
19.9053 11584 10136 0.116775 0.754004 44.2089 0.754004 44.2089 75966 0 0.0421532
20.0128 5792 8688 0.127253 0.538574 43.9743 0.538574 43.9743 75971 0 0.0436613
20.1207 10136 2896 0.119161 0.42942 43.7407 0.42942 43.7407 75975 0 0.0432253
20.1873 13032 7240 0.105772 1.56614 43.6017 1.56614 43.6017 75984 0 0.0413414
20.2953 15928 10136 0.109912 0.857619 43.3741 0.857619 43.3741 75992 0 0.0414322
20.3892 18824 13032 0.117542 1.23438 43.1801 1.23438 43.1801 76002 0 0.041948
20.4907 21720 15928 0.118122 1.36906 42.973 1.36906 42.973 76014 0 0.0417121
20.5884 26064 18824 0.119281 1.66011 42.7769 1.66011 42.7769 76028 0 0.0415651
20.688 31856 23168 0.117399 1.97694 42.5805 1.97694 42.5805 76045 0 0.0409212
20.7933 40544 28960 0.106728 2.20102 42.3761 2.20102 42.3761 76065 0 0.0392883
20.7957 52128 37648 0.106062 125.326 42.3857 125.326 42.3857 76091 0 0.0384453
20.9133 62264 49232 0.115809 3.34807 42.1661 3.34807 42.1661 76125 0 0.0382183
21.0462 69504 59368 0.129921 3.57378 41.9224 3.57378 41.9224 76166 0 0.0389001
21.1902 70952 66608 0.145546 3.78216 41.6633 3.78216 41.6633 76213 0 0.0405324
21.3369 72400 68056 0.146502 3.71091 41.4023 3.71091 41.4023 76260 0 0.0405564
21.4813 73848 69504 0.149919 3.92998 41.1504 3.92998 41.1504 76309 0 0.0410189
21.6233 76744 70952 0.143128 3.99648 40.9063 3.99648 40.9063 76358 0 0.0397149
21.7648 78192 73848 0.14701 4.25918 40.6682 4.25918 40.6682 76410 0 0.0400852
21.9079 79640 75296 0.148116 4.29005 40.4305 4.29005 40.4305 76463 0 0.0401398
22.0528 82536 76744 0.144764 4.23669 40.1927 4.23669 40.1927 76516 0 0.0394326
22.1993 83984 79640 0.152324 4.42877 39.9567 4.42877 39.9567 76572 0 0.0404836
22.346 85432 81088 0.15301 4.50047 39.7239 4.50047 39.7239 76629 0 0.0404728
22.492 86880 82536 0.14656 4.52269 39.4955 4.52269 39.4955 76686 0 0.0391769
22.6374 88328 83984 0.152763 4.70073 39.272 4.70073 39.272 76745 0 0.0401521
22.7828 91224 85432 0.145776 4.70073 39.0514 4.70073 39.0514 76804 0 0.0387788
22.9286 92672 88328 0.153766 4.92347 38.8342 4.92347 38.8342 76866 0 0.039929
23.0749 91224 89776 0.154215 4.99055 38.6197 4.99055 38.6197 76929 0 0.0398773
23.2212 92672 88328 0.14666 4.82815 38.4068 4.82815 38.4068 76990 0 0.0386468
23.3672 91224 89776 0.155381 4.99877 38.198 4.99877 38.198 77053 0 0.0400983
23.5131 94120 88328 0.146395 4.84406 37.9911 4.84406 37.9911 77114 0 0.0386122
23.6588 92672 91224 0.156183 5.08649 37.7884 5.08649 37.7884 77178 0 0.0401162
23.8052 91224 89776 0.156664 4.98645 37.5867 4.98645 37.5867 77241 0 0.0403448
23.9513 92672 88328 0.146589 4.8361 37.3869 4.8361 37.3869 77302 0 0.0386344
24.0974 91224 89776 0.157932 4.99466 37.1905 4.99466 37.1905 77365 0 0.0405913
24.2432 94120 88328 0.146416 4.84806 36.9961 4.84806 36.9961 77426 0 0.0386157
24.3891 91224 91224 0.159339 5.0823 36.8052 5.0823 36.8052 77490 0 0.0407443
24.5349 88328 88328 0.159778 4.92347 36.6156 4.92347 36.6156 77552 0 0.0411037
24.6808 85432 85432 0.159334 4.76465 36.4274 4.76465 36.4274 77612 0 0.0412884
24.8262 82536 82536 0.159298 4.62106 36.2411 4.62106 36.2411 77670 0 0.0415556
24.9726 79640 79640 0.159414 4.4324 36.0547 4.4324 36.0547 77726 0 0.0418542
25.119 76744 76744 0.160068 4.2706 35.8694 4.2706 35.8694 77780 0 0.0422614
25.2654 73848 73848 0.160289 4.1158 35.6854 4.1158 35.6854 77832 0 0.0425836
25.4115 72400 70952 0.160206 3.96401 35.503 3.96401 35.503 77882 0 0.0428348
25.5575 70952 69504 0.160087 3.88793 35.3224 3.88793 35.3224 77931 0 0.042951
25.7035 72400 68056 0.146572 3.72924 35.143 3.72924 35.143 77978 0 0.0405684
25.8501 69504 69504 0.161714 3.872 34.9656 3.872 34.9656 78027 0 0.0432905
25.9966 70952 66608 0.147456 3.63792 34.7891 3.63792 34.7891 78073 0 0.0408628
26.0021 72400 68056 0.146539 98.5005 34.8027 98.5005 34.8027 78120 0 0.0405628
26.1486 73848 69504 0.14677 3.87517 34.6294 3.87517 34.6294 78169 0 0.0404624
26.2953 75296 70952 0.146978 3.86882 34.4578 3.86882 34.4578 78218 0 0.0403587
26.4424 76744 72400 0.148205 4.01687 34.2885 4.01687 34.2885 78269 0 0.0404339
26.5892 78192 73848 0.147109 4.02344 34.1213 4.02344 34.1213 78320 0 0.0401024
26.7363 79640 75296 0.148522 4.17439 33.9566 4.17439 33.9566 78373 0 0.0402114
26.8832 81088 76744 0.147191 4.1778 33.7938 4.1778 33.7938 78426 0 0.0398387
27.0303 82536 78192 0.148608 4.33191 33.6335 4.33191 33.6335 78481 0 0.0399495
27.177 83984 79640 0.147055 4.34256 33.4754 4.34256 33.4754 78536 0 0.0395383
27.3241 85432 81088 0.148689 4.48944 33.3194 4.48944 33.3194 78593 0 0.0396877
27.4712 86880 82536 0.147371 4.48944 33.165 4.48944 33.165 78650 0 0.039318
27.6186 88328 83984 0.149318 4.6356 33.0127 4.6356 33.0127 78709 0 0.0395247
27.7658 89776 85432 0.147484 4.64317 32.8623 4.64317 32.8623 78768 0 0.0390634
27.9134 91224 86880 0.149561 4.78884 32.7139 4.78884 32.7139 78829 0 0.0392944
28.0607 92672 88328 0.147602 4.79665 32.5674 4.79665 32.5674 78890 0 0.0388109
28.2083 94120 89776 0.149995 4.94182 32.4227 4.94182 32.4227 78953 0 0.0390998
28.3557 95568 91224 0.147609 4.95392 32.28 4.95392 32.28 79016 0 0.0385403
28.5036 97016 92672 0.150497 5.09042 32.1389 5.09042 32.1389 79081 0 0.038919
28.6514 98464 94120 0.14806 5.09456 31.9994 5.09456 31.9994 79146 0 0.0383488
28.7995 99912 95568 0.151148 5.23854 31.8617 5.23854 31.8617 79213 0 0.0387672
28.9477 101360 97016 0.148359 5.23854 31.7255 5.23854 31.7255 79280 0 0.038132
29.0957 102808 98464 0.151458 5.39929 31.5915 5.39929 31.5915 79349 0 0.0385548
29.2435 104256 99912 0.14807 5.40807 31.4592 5.40807 31.4592 79418 0 0.0378126
29.3917 105704 101360 0.151774 5.55129 31.3286 5.55129 31.3286 79489 0 0.038345
29.5398 107152 102808 0.148434 5.55129 31.1993 5.55129 31.1993 79560 0 0.0376098
29.6882 108600 104256 0.152632 5.69842 31.0719 5.69842 31.0719 79633 0 0.0382367
29.8368 110048 105704 0.148859 5.69381 30.9455 5.69381 30.9455 79706 0 0.0374191
29.9854 108600 107152 0.153417 5.84508 30.8211 5.84508 30.8211 79781 0 0.0381174
30.1315 5792 105704 0.148872 4.36041 30.6928 4.36041 30.6928 79836 0 0.0562079
30.2687 88328 2896 0.164579 0.253253 30.5548 0.253253 30.5548 79839 0 0.0627391
30.3429 117288 85432 0.139849 9.83915 30.5042 9.83915 30.5042 79902 0 0.0392731
30.4764 133216 114392 0.101532 6.94184 30.401 6.94184 30.401 79982 0 0.0309047
30.6467 112944 130320 0.157835 6.19113 30.2664 6.19113 30.2664 80073 0 0.0376092
30.7919 92672 110048 0.168283 6.06019 30.1522 6.06019 30.1522 80149 0 0.0415786
30.8011 83984 89776 0.144012 78.646 30.1666 78.646 30.1666 80211 0 0.0381892
30.9216 85432 81088 0.121171 5.38252 30.07 5.38252 30.07 80267 0 0.0355639
31.0254 95568 82536 0.104461 6.36004 29.9907 6.36004 29.9907 80324 0 0.03384
31.1326 104256 92672 0.107686 7.02501 29.9116 7.02501 29.9116 80389 0 0.0331338
31.2549 105704 101360 0.122065 6.62901 29.8205 6.62901 29.8205 80459 0 0.0337746
31.3967 97016 102808 0.141456 5.80063 29.712 5.80063 29.712 80530 0 0.0365547
31.5433 85432 94120 0.147318 5.21534 29.5982 5.21534 29.5982 80596 0 0.0384535
31.6853 76744 82536 0.143019 4.73052 29.4867 4.73052 29.4867 80654 0 0.0387069
31.8238 70952 73848 0.139387 4.35161 29.3774 4.35161 29.3774 80706 0 0.0388727
32.1036 60816 68056 0.158426 1.98687 29.1386 1.98687 29.1386 80754 0 0.0429404
32.2562 50680 57920 0.1645 3.11228 29.0155 3.11228 29.0155 80795 0 0.0451634
32.261 43440 47784 0.15283 79.534 29.023 79.534 29.023 80828 0 0.043776
32.5755 34752 40544 0.178142 1.0683 28.7532 1.0683 28.7532 80857 0 0.049884
32.5788 28960 31856 0.161811 75.7466 28.758 75.7466 28.758 80879 0 0.0470992
32.7354 24616 26064 0.157956 1.33176 28.6268 1.33176 28.6268 80897 0 0.046897
32.8914 21720 21720 0.156761 1.11408 28.4964 1.11408 28.4964 80912 0 0.0470944
33.2082 17376 18824 0.177449 0.511819 28.2293 0.511819 28.2293 80926 0 0.0518452
33.3717 14480 14480 0.18771 0.779745 28.0949 0.779745 28.0949 80937 0 0.054795
33.3729 13032 11584 0.175758 77.1238 28.0967 77.1238 28.0967 80945 0 0.0521774
33.5368 11584 10136 0.170976 0.494746 27.9618 0.494746 27.9618 80952 0 0.0512455
33.6992 13032 8688 0.18112 0.499137 27.8294 0.499137 27.8294 80959 0 0.0537524
33.8625 11584 10136 0.175469 0.496566 27.6976 0.496566 27.6976 80966 0 0.0522629
34.0275 13032 8688 0.186569 0.491503 27.5657 0.491503 27.5657 80973 0 0.055102
34.1919 11584 10136 0.179215 0.493299 27.4355 0.493299 27.4355 80980 0 0.0531421
34.3566 13032 8688 0.19127 0.49222 27.3063 0.49222 27.3063 80987 0 0.0563142
34.5221 11584 10136 0.182628 0.490075 27.1778 0.490075 27.1778 80994 0 0.0539675
34.6878 13032 8688 0.196247 0.489364 27.0503 0.489364 27.0503 81001 0 0.0576457
34.6885 11584 10136 0.186263 112.472 27.0521 112.472 27.0521 81008 0 0.0548723
34.8539 13032 8688 0.177644 0.490075 26.926 0.490075 26.926 81015 0 0.0529224
35.02 11584 10136 0.173925 0.488302 26.8006 0.488302 26.8006 81022 0 0.0519088
35.1865 13032 8688 0.186946 0.486893 26.6761 0.486893 26.6761 81029 0 0.0551977
35.3524 11584 10136 0.180032 0.48901 26.5533 0.48901 26.5533 81036 0 0.0533376
35.5181 13032 8688 0.192272 0.489364 26.4317 0.489364 26.4317 81043 0 0.0565784
35.6835 11584 10136 0.1836 0.490075 26.3114 0.490075 26.3114 81050 0 0.0542069
35.8498 13032 8688 0.196858 0.487596 26.1916 0.487596 26.1916 81057 0 0.0578126
35.8506 11584 10136 0.186768 112.472 26.1933 112.472 26.1933 81064 0 0.0550001
36.0169 13032 8688 0.178353 0.487596 26.0746 0.487596 26.0746 81071 0 0.0530899
36.1834 11584 10136 0.17451 0.486893 25.9569 0.486893 25.9569 81078 0 0.0520425
36.3499 13032 8688 0.187164 0.486893 25.8402 0.486893 25.8402 81085 0 0.0552531
36.5164 11584 10136 0.180508 0.487244 25.7246 0.487244 25.7246 81092 0 0.0534521
36.6829 13032 8688 0.19284 0.486893 25.61 0.486893 25.61 81099 0 0.0567289
36.8487 11584 10136 0.184186 0.48901 25.497 0.48901 25.497 81106 0 0.054352
37.0153 13032 8688 0.197506 0.486893 25.3845 0.486893 25.3845 81113 0 0.0579903
37.016 11584 10136 0.187202 112.472 25.3862 112.472 25.3862 81120 0 0.0551103
37.1823 13032 8688 0.178663 0.487596 25.2748 0.487596 25.2748 81127 0 0.0531632
37.3487 11584 10136 0.174688 0.487244 25.1644 0.487244 25.1644 81134 0 0.0520832
37.515 13032 8688 0.187105 0.487596 25.055 0.487596 25.055 81141 0 0.0552379
37.6817 11584 10136 0.180468 0.486542 24.9463 0.486542 24.9463 81148 0 0.0534425
37.8482 13032 8688 0.192858 0.486893 24.8387 0.486893 24.8387 81155 0 0.0567336
38.0142 11584 10136 0.184214 0.488656 24.7324 0.488656 24.7324 81162 0 0.0543589
38.1803 13032 8688 0.197426 0.487949 24.6269 0.487949 24.6269 81169 0 0.0579684
38.1811 11584 10136 0.187178 112.472 24.6285 112.472 24.6285 81176 0 0.0551042
38.3471 13032 8688 0.178539 0.488302 24.524 0.488302 24.524 81183 0 0.0531339
38.5134 11584 10136 0.174635 0.487596 24.4202 0.487596 24.4202 81190 0 0.052071
38.6798 13032 8688 0.187058 0.487244 24.3172 0.487244 24.3172 81197 0 0.055226
38.846 11584 10136 0.180328 0.487949 24.2153 0.487949 24.2153 81204 0 0.0534086
39.0128 13032 8688 0.192859 0.486191 24.1138 0.486191 24.1138 81211 0 0.056734
39.1791 11584 10136 0.184324 0.487596 24.0135 0.487596 24.0135 81218 0 0.0543862
39.3459 13032 8688 0.19767 0.486191 23.9138 0.486191 23.9138 81225 0 0.0580355
39.3466 11584 10136 0.187547 112.472 23.9154 112.472 23.9154 81232 0 0.055198
39.5128 13032 8688 0.17881 0.487949 23.8169 0.487949 23.8169 81239 0 0.0531981
39.6791 11584 10136 0.174707 0.487596 23.7191 0.487596 23.7191 81246 0 0.0520875
39.8452 13032 8688 0.187199 0.488302 23.6223 0.488302 23.6223 81253 0 0.055262
40.0113 11584 10136 0.180436 0.487949 23.5262 0.487949 23.5262 81260 0 0.0534347
40.1775 5792 8688 0.196421 0.348535 23.4304 0.348535 23.4304 81265 0 0.057749
40.3323 10136 2896 0.182567 0.299394 23.3416 0.299394 23.3416 81269 0 0.0547478
40.3986 13032 7240 0.152512 1.57182 23.3059 1.57182 23.3059 81278 0 0.0478049
40.5783 15928 10136 0.157894 0.515782 23.205 0.515782 23.205 81286 0 0.0485243
40.7793 17376 13032 0.191542 0.518615 23.0931 0.518615 23.0931 81295 0 0.055929
40.9271 18824 14480 0.189854 0.862157 23.0128 0.862157 23.0128 81306 0 0.0553361
40.9284 21720 15928 0.169467 96.4048 23.0152 96.4048 23.0152 81317 0 0.050317
41.0423 28960 18824 0.139003 1.4237 22.9553 1.4237 22.9553 81331 0 0.0443519
41.1246 37648 26064 0.11363 2.674 22.9147 2.674 22.9147 81350 0 0.0402785
41.1899 49232 34752 0.083578 4.26099 22.8851 4.26099 22.8851 81374 0 0.0371735
41.2568 65160 46336 0.0700871 5.53852 22.857 5.53852 22.857 81406 0 0.0357629
41.3342 83984 62264 0.0713709 6.43697 22.8263 6.43697 22.8263 81449 0 0.0343934
41.4184 94120 81088 0.0875925 7.83891 22.7958 7.83891 22.7958 81506 0 0.0327622
41.5035 105704 91224 0.0858123 8.57839 22.7666 8.57839 22.7666 81569 0 0.031766
41.5889 111496 102808 0.0946213 9.76251 22.7399 9.76251 22.7399 81641 0 0.0310437
41.6753 117288 108600 0.0952364 10.1902 22.7139 10.1902 22.7139 81717 0 0.0305559
41.7596 124528 114392 0.0949911 11.002 22.6903 11.002 22.6903 81797 0 0.0300463
41.842 133216 121632 0.0927152 11.9452 22.6691 11.9452 22.6691 81882 0 0.0292824
41.9243 153488 130320 0.0831364 12.6663 22.6495 12.6663 22.6495 81972 0 0.0285728
41.9351 176656 150592 0.083318 111.401 22.6724 111.401 22.6724 82076 0 0.0270475
42.0214 199824 173760 0.0865809 16.1122 22.6589 16.1122 22.6589 82196 0 0.0252734
42.114 214304 196928 0.0929195 17.0053 22.6465 17.0053 22.6465 82332 0 0.0232085
42.211 221544 211408 0.0972882 17.4413 22.6345 17.4413 22.6345 82478 0 0.0221116
42.3062 233128 218648 0.0953878 18.3802 22.6249 18.3802 22.6249 82629 0 0.021568
42.3992 249056 230232 0.0933087 19.9286 22.619 19.9286 22.619 82789 0 0.0207718
42.4926 264984 246160 0.0937208 21.2165 22.6159 21.2165 22.6159 82960 0 0.01964
42.5871 280912 262088 0.0947515 22.1719 22.6149 22.1719 22.6149 83141 0 0.0185873
42.6837 292496 278016 0.0969839 23.1419 22.6161 23.1419 22.6161 83334 0 0.0174477
42.7811 304080 289600 0.0975193 23.8037 22.6188 23.8037 22.6188 83534 0 0.0167195
42.8786 314216 301184 0.0978197 24.6948 22.6236 24.6948 22.6236 83742 0 0.0159373
42.9767 324352 311320 0.0982563 25.4008 22.6299 25.4008 22.6299 83957 0 0.0153308
43.0751 333040 321456 0.098712 26.2494 22.6382 26.2494 22.6382 84180 0 0.0146924
43.1734 343176 330144 0.0985808 26.8708 22.6478 26.8708 22.6478 84408 0 0.0142065
43.2715 353312 340280 0.0984575 27.7297 22.6593 27.7297 22.6593 84643 0 0.0135991
43.3695 363448 350416 0.0981605 28.744 22.6731 28.744 22.6731 84886 0 0.012993
43.4675 373584 360552 0.0983514 29.4176 22.6883 29.4176 22.6883 85135 0 0.0124389
43.5665 382272 370688 0.0992653 30.068 22.7051 30.068 22.7051 85392 0 0.0119073
43.6663 389512 379376 0.0999934 30.4314 22.7227 30.4314 22.7227 85654 0 0.0114606
43.7664 396752 386616 0.100302 30.9005 22.7414 30.9005 22.7414 85921 0 0.0111075
43.8665 402544 393856 0.100401 31.5948 22.7616 31.5948 22.7616 86194 0 0.0107115
43.9646 414128 399648 0.0983901 32.5676 22.7835 32.5676 22.7835 86470 0 0.010441
44.0624 427160 411232 0.0980394 33.6351 22.8076 33.6351 22.8076 86754 0 0.0099099
44.1617 435848 424264 0.0995213 34.1969 22.8332 34.1969 22.8332 87047 0 0.00924129
44.262 441640 432952 0.100674 34.6365 22.8599 34.6365 22.8599 87347 0 0.00886205
44.363 445984 438744 0.101235 34.8894 22.8873 34.8894 22.8873 87651 0 0.00862315
44.4629 453224 443088 0.10018 35.5724 22.9158 35.5724 22.9158 87958 0 0.00840591
44.5623 461912 450328 0.0996701 36.2538 22.9456 36.2538 22.9456 88269 0 0.00809392
44.6625 469152 459016 0.100557 36.7587 22.9766 36.7587 22.9766 88587 0 0.00775916
44.7632 474944 466256 0.100961 37.1584 23.0085 37.1584 23.0085 88910 0 0.00746266
44.8638 480736 472048 0.100836 37.5483 23.0411 37.5483 23.0411 89236 0 0.00722104
44.9636 489424 477840 0.10004 38.2835 23.0749 38.2835 23.0749 89566 0 0.00700464
45.0637 496664 486528 0.100396 38.886 23.11 38.886 23.11 89902 0 0.00666138
45.1643 503904 493768 0.10078 39.276 23.146 39.276 23.146 90243 0 0.00642499
45.266 506800 501008 0.101973 39.5419 23.1829 39.5419 23.1829 90590 0 0.00618534
45.3685 508248 503904 0.102697 39.3304 23.2193 39.3304 23.2193 90938 0 0.00613351
45.4708 509696 505352 0.102567 39.4898 23.256 39.4898 23.256 91287 0 0.0060719
45.5726 511144 506800 0.102189 39.9505 23.2933 39.9505 23.2933 91638 0 0.00598962
45.6733 516936 508248 0.10099 40.3796 23.3309 40.3796 23.3309 91989 0 0.00589586
45.7744 521280 514040 0.101446 40.8087 23.3695 40.8087 23.3695 92345 0 0.00571058
45.876 522728 518384 0.10215 40.9094 23.4084 40.9094 23.4084 92704 0 0.0055952
45.9786 524176 519832 0.102814 40.5261 23.4466 40.5261 23.4466 93063 0 0.00560404
46.0816 522728 521280 0.103422 40.6093 23.4849 40.6093 23.4849 93424 0 0.00560922
46.1846 521280 519832 0.103207 40.3843 23.5226 40.3843 23.5226 93783 0 0.00563788
46.2874 519832 518384 0.103348 40.4314 23.5602 40.4314 23.5602 94142 0 0.00569757
46.3899 521280 516936 0.102649 40.3476 23.5973 40.3476 23.5973 94499 0 0.00568533
46.4929 519832 518384 0.103391 40.3843 23.6345 40.3843 23.6345 94858 0 0.00570133
46.5957 518384 516936 0.103007 40.2532 23.6711 40.2532 23.6711 95215 0 0.00571597
46.6989 515488 515488 0.103677 40.0658 23.7073 40.0658 23.7073 95572 0 0.0058334
46.8015 514040 512592 0.102974 39.9617 23.743 39.9617 23.743 95926 0 0.00585852
46.9042 515488 511144 0.10288 39.8022 23.7782 39.8022 23.7782 96279 0 0.00589946
47.0067 514040 512592 0.103227 40.1216 23.8138 40.1216 23.8138 96634 0 0.00588033
47.1096 512592 511144 0.102995 39.7557 23.8486 39.7557 23.8486 96987 0 0.00590935
47.2124 509696 509696 0.103515 39.7557 23.8833 39.7557 23.8833 97340 0 0.00601482
47.3151 508248 506800 0.102921 39.5102 23.9171 39.5102 23.9171 97690 0 0.00605192
47.4174 509696 505352 0.102637 39.4898 23.9508 39.4898 23.9508 98039 0 0.00607779
47.52 508248 506800 0.103489 39.623 23.9846 39.623 23.9846 98390 0 0.00610101
47.6229 506800 505352 0.103035 39.3052 24.0177 39.3052 24.0177 98739 0 0.00611196
47.7259 502456 503904 0.103839 39.2594 24.0506 39.2594 24.0506 99088 0 0.00626216
47.8286 501008 499560 0.103 38.9002 24.0825 38.9002 24.0825 99433 0 0.00631282
47.9316 496664 498112 0.103944 38.8094 24.1141 38.8094 24.1141 99778 0 0.00647641
48.0338 498112 493768 0.102499 38.6299 24.145 38.6299 24.145 100119 0 0.00647867
48.1362 496664 495216 0.103489 38.8109 24.1762 38.8109 24.1762 100462 0 0.00651118
48.2384 498112 493768 0.102437 38.6753 24.2069 38.6753 24.2069 100803 0 0.00647343
48.3412 493768 495216 0.104079 38.6295 24.2376 38.6295 24.2376 101146 0 0.00659267
48.4438 495216 490872 0.10287 38.2684 24.2673 38.2684 24.2673 101485 0 0.00661645
48.5466 490872 492320 0.104143 38.4492 24.2973 38.4492 24.2973 101826 0 0.00670386
48.6493 489424 487976 0.103 37.9981 24.3263 37.9981 24.3263 102163 0 0.00673497
48.7519 485080 486528 0.104113 38.0426 24.3551 38.0426 24.3551 102500 0 0.00691588
48.8544 486528 482184 0.102697 37.6352 24.383 37.6352 24.383 102833 0 0.00692724
48.9567 482184 483632 0.104043 37.9502 24.4113 37.9502 24.4113 103168 0 0.00701883
49.0591 483632 479288 0.102647 37.453 24.4386 37.453 24.4386 103499 0 0.00703385
49.1613 479288 480736 0.104346 37.7236 24.4662 37.7236 24.4662 103832 0 0.0071559
49.264 480736 476392 0.102883 37.0961 24.4925 37.0961 24.4925 104161 0 0.00716614
49.3671 473496 477840 0.105253 37.1911 24.519 37.1911 24.519 104492 0 0.00740826
49.47 472048 470600 0.103318 36.6023 24.5442 36.6023 24.5442 104817 0 0.00743146
49.5729 464808 469152 0.105277 36.6023 24.5692 36.6023 24.5692 105142 0 0.00775212
49.6752 466256 461912 0.102687 36.0952 24.5929 36.0952 24.5929 105461 0 0.00772775
49.7776 459016 463360 0.105257 36.3215 24.6171 36.3215 24.6171 105782 0 0.00798402
49.8802 460464 456120 0.102736 35.5591 24.6396 35.5591 24.6396 106097 0 0.00797167
49.9827 450328 457568 0.105901 35.8269 24.6625 35.8269 24.6625 106414 0 0.00837072
50.0859 448880 447432 0.10298 34.6788 24.6832 34.6788 24.6832 106723 0 0.00836108
50.1868 5792 445984 0.110819 34.1266 24.7021 34.1266 24.7021 107020 0 0.358181
50.2831 403992 2896 0.0969261 0.480822 24.6557 0.480822 24.6557 107024 0 0.322945
50.3793 535760 401096 0.0931751 33.8504 24.6733 33.8504 24.6733 107305 0 0.0406244
50.4904 548792 532864 0.133785 38.4577 24.7036 38.4577 24.7036 107674 0 0.00909894
50.5987 603816 545896 0.120413 40.3381 24.7371 40.3381 24.7371 108051 0 0.0119946
50.6933 683456 600920 0.115811 50.9586 24.786 50.9586 24.786 108467 0 0.0159709
50.7828 832600 680560 0.104414 60.9485 24.8497 60.9485 24.8497 108938 0 0.0418603
50.8393 1075864 829704 0.0962631 117.532 24.9527 117.532 24.9527 109511 0 0.106971
50.9437 1307544 1072968 0.104557 82.3157 25.0703 82.3157 25.0703 110253 0 0.104826
51.0667 1414696 1304648 0.123356 84.9191 25.2145 84.9191 25.2145 111155 0 0.0463018
51.2067 1404560 1411800 0.140118 80.7649 25.3663 80.7649 25.3663 112131 0 0.0377467
51.3514 1362568 1401664 0.144908 77.5882 25.5134 77.5882 25.5134 113100 0 0.0405426
51.4915 1349536 1359672 0.140445 77.6365 25.6553 77.6365 25.6553 114039 0 0.0332054
51.6253 1378496 1346640 0.134023 80.5681 25.7976 80.5681 25.7976 114970 0 0.0322844
51.7564 1429176 1375600 0.131314 83.9455 25.9449 83.9455 25.9449 115920 0 0.037483
51.8895 1465376 1426280 0.133311 85.7802 26.0983 85.7802 26.0983 116905 0 0.0402271
52.0269 1472616 1462480 0.1376 85.1969 26.2545 85.1969 26.2545 117916 0 0.042213
52.1675 1455240 1469720 0.140936 83.6332 26.4091 83.6332 26.4091 118931 0 0.0439228
52.3088 1434968 1452344 0.141446 82.3048 26.5601 82.3048 26.5601 119935 0 0.0424422
52.449 1421936 1432072 0.140491 81.783 26.7077 81.783 26.7077 120925 0 0.0398632
52.5877 1419040 1419040 0.138908 81.9524 26.8534 81.9524 26.8534 121906 0 0.0380717
52.7257 1421936 1416144 0.138162 82.1288 26.998 82.1288 26.998 122884 0 0.0376796
52.8641 1420488 1419040 0.138673 82.011 27.1421 82.011 27.1421 123864 0 0.0380236
53.0035 1413248 1417592 0.139685 81.3623 27.2847 81.3623 27.2847 124843 0 0.0381357
53.1433 1403112 1410352 0.140132 80.7514 27.4254 80.7514 27.4254 125818 0 0.0376128
53.283 1394424 1400216 0.139774 80.2267 27.5637 80.2267 27.5637 126785 0 0.0365624
53.4223 1387184 1391528 0.139674 79.9495 27.7004 79.9495 27.7004 127747 0 0.0357075
53.5615 1381392 1384288 0.139468 79.6713 27.8354 79.6713 27.8354 128704 0 0.0349844
53.7005 1377048 1378496 0.139234 79.3236 27.9687 79.3236 27.9687 129656 0 0.034401
53.8395 1372704 1374152 0.139236 79.0736 28.1007 79.0736 28.1007 130605 0 0.0340143
53.9787 1368360 1369808 0.139287 78.8388 28.2315 78.8388 28.2315 131552 0 0.0336382
54.1179 1362568 1365464 0.139459 78.4381 28.3607 78.4381 28.3607 132495 0 0.0333099
54.2573 1355328 1359672 0.139674 78.1211 28.4885 78.1211 28.4885 133435 0 0.0328731
54.3967 1348088 1352432 0.139587 77.7056 28.6146 77.7056 28.6146 134370 0 0.0322352
54.5359 1343744 1345192 0.13933 77.3403 28.739 77.3403 28.739 135299 0 0.0315182
54.6749 1339400 1340848 0.139222 77.2405 28.8623 77.2405 28.8623 136226 0 0.0311347
54.8139 1335056 1336504 0.139194 76.9072 28.9841 76.9072 28.9841 137149 0 0.0307666
54.9532 1327816 1332160 0.139526 76.6081 29.1048 76.6081 29.1048 138070 0 0.0305179
55.093 1317680 1324920 0.140206 75.7821 29.2233 75.7821 29.2233 138985 0 0.0301202
55.2329 1307544 1314784 0.14005 75.2852 29.34 75.2852 29.34 139894 0 0.0292738
55.3722 1301752 1304648 0.139526 74.9445 29.4547 74.9445 29.4547 140795 0 0.0282603
55.5114 1295960 1298856 0.139541 74.695 29.5682 74.695 29.5682 141693 0 0.0278082
55.6517 1284376 1293064 0.140474 73.8525 29.6798 73.8525 29.6798 142587 0 0.0276865
55.7927 1267000 1281480 0.141359 72.7552 29.7887 72.7552 29.7887 143473 0 0.0272428
55.9338 1251072 1264104 0.141207 71.7698 29.8945 71.7698 29.8945 144347 0 0.0258404
56.0745 1236592 1248176 0.140994 71.0481 29.9978 71.0481 29.9978 145210 0 0.0245811
56.2151 1223560 1233696 0.140758 70.2025 30.0984 70.2025 30.0984 146062 0 0.0234611
56.3559 1209080 1220664 0.141069 69.3424 30.1964 69.3424 30.1964 146905 0 0.0226978
56.4971 1193152 1206184 0.141416 68.4269 30.292 68.4269 30.292 147739 0 0.021878
56.6385 1174328 1190256 0.141775 67.4096 30.3846 67.4096 30.3846 148562 0 0.0211003
56.7801 1155504 1171432 0.141751 66.2067 30.474 66.2067 30.474 149371 0 0.0199429
56.9214 1139576 1152608 0.141578 65.3356 30.5605 65.3356 30.5605 150168 0 0.0186327
57.0623 1125096 1136680 0.141237 64.5164 30.6444 64.5164 30.6444 150953 0 0.0176049
57.2041 1107720 1122200 0.142023 63.3984 30.7256 63.3984 30.7256 151729 0 0.0171157
57.3466 1086000 1104824 0.142806 62.1022 30.8035 62.1022 30.8035 152493 0 0.0166483
57.4894 1062832 1083104 0.142967 60.7805 30.878 60.7805 30.878 153242 0 0.0157281
57.6321 1039664 1059936 0.143 59.4009 30.9486 59.4009 30.9486 153974 0 0.0146742
57.7749 1017944 1036768 0.143 58.1026 31.0157 58.1026 31.0157 154690 0 0.0135756
57.9175 997672 1015048 0.142936 56.9332 31.0795 56.9332 31.0795 155391 0 0.0126046
58.0605 975952 994776 0.14323 55.7366 31.1403 55.7366 31.1403 156079 0 0.0120266
58.204 952784 973056 0.143607 54.3387 31.1974 54.3387 31.1974 156752 0 0.0114825
58.3475 929616 949888 0.143699 52.9661 31.251 52.9661 31.251 157408 0 0.0108011
58.4912 906448 926720 0.143932 51.5878 31.3009 51.5878 31.3009 158048 0 0.0102196
58.6349 883280 903552 0.143931 50.2982 31.3475 50.2982 31.3475 158672 0 0.00967531
58.7791 858664 880384 0.144481 48.8451 31.3904 48.8451 31.3904 159280 0 0.00942319
58.9231 835496 855768 0.144336 47.519 31.4299 47.519 31.4299 159871 0 0.00886223
59.0675 812328 832600 0.144644 46.2358 31.466 46.2358 31.466 160447 0 0.00860398
59.2121 787712 809432 0.144894 44.8394 31.4987 44.8394 31.4987 161007 0 0.00853538
59.357 763096 784816 0.145251 43.4061 31.5278 43.4061 31.5278 161550 0 0.00843117
59.5021 738480 760200 0.145308 41.9325 31.5531 41.9325 31.5531 162075 0 0.00836215
59.7318 683456 735584 0.156301 25.6642 31.5305 25.6642 31.5305 162584 0 0.0146711
59.7929 661736 680560 0.145442 89.1934 31.5893 89.1934 31.5893 163054 0 0.00848196
59.9354 648704 658840 0.142774 36.985 31.6022 36.985 31.6022 163509 0 0.00774442
