0.240049 14480 0 0 0 0 0 0 0 0 0.0439727
0.2807 18824 11584 0.04 3.70453 0.536487 3.70453 0.536487 13 0 0.0392075
0.280941 20272 15928 0.04 241.012 0.742193 241.012 0.742193 18 0 0.0387228
0.281181 21720 17376 0.040125 144.607 0.865151 144.607 0.865151 21 0 0.0385668
0.320387 23168 18824 0.0451094 0.886402 0.867752 0.886402 0.867752 24 0 0.0382428
0.320747 24616 20272 0.0444707 96.4048 0.975124 96.4048 0.975124 27 0 0.0381118
0.320987 26064 21720 0.0439119 144.607 1.08266 144.607 1.08266 30 0 0.0379793
0.321228 27512 23168 0.0435479 144.607 1.19003 144.607 1.19003 33 0 0.0378413
0.321468 28960 24616 0.0432294 144.607 1.29725 144.607 1.29725 36 0 0.0377024
0.321708 30408 26064 0.0429507 144.607 1.4043 144.607 1.4043 39 0 0.0375626
0.321949 31856 27512 0.0425819 144.607 1.5112 144.607 1.5112 42 0 0.0374263
0.360554 33304 28960 0.0471341 0.900197 1.44578 0.900197 1.44578 45 0 0.0371398
0.360794 34752 30408 0.0462424 144.607 1.54113 144.607 1.54113 48 0 0.0370152
0.361034 36200 31856 0.0455871 144.607 1.63637 144.607 1.63637 51 0 0.0368857
0.361274 37648 33304 0.0450137 144.607 1.73147 144.607 1.73147 54 0 0.0367548
0.361515 39096 34752 0.044512 144.607 1.82645 144.607 1.82645 57 0 0.0366226
0.361755 40544 36200 0.043948 144.607 1.9213 144.607 1.9213 60 0 0.0364932
0.361995 41992 37648 0.0434545 144.607 2.01603 144.607 2.01603 63 0 0.0363625
0.362236 43440 39096 0.0431477 144.607 2.11063 144.607 2.11063 66 0 0.0362262
0.362476 44888 40544 0.0428792 144.607 2.2051 144.607 2.2051 69 0 0.036089
0.362716 46336 41992 0.0426443 144.607 2.29945 144.607 2.29945 72 0 0.0359512
0.362957 47784 43440 0.0424388 144.607 2.39367 144.607 2.39367 75 0 0.0358127
0.400841 49232 44888 0.0421339 0.917328 2.25414 0.917328 2.25414 78 0 0.0356782
0.401081 50680 46336 0.0419922 144.607 2.33944 144.607 2.33944 81 0 0.0355382
0.401321 52128 47784 0.0418682 144.607 2.42463 144.607 2.42463 84 0 0.0353979
0.401562 53576 49232 0.0416346 144.607 2.50972 144.607 2.50972 87 0 0.035262
0.401802 55024 50680 0.0414303 144.607 2.59471 144.607 2.59471 90 0 0.0351253
0.402042 56472 52128 0.0413765 144.607 2.6796 144.607 2.6796 93 0 0.0349835
0.402283 57920 53576 0.0413295 144.607 2.76439 144.607 2.76439 96 0 0.0348417
0.402523 59368 55024 0.0412883 144.607 2.84907 144.607 2.84907 99 0 0.0346999
0.402763 60816 56472 0.0412522 144.607 2.93365 144.607 2.93365 102 0 0.0345583
0.403004 62264 57920 0.0413457 144.607 3.01814 144.607 3.01814 105 0 0.0344121
0.403244 63712 59368 0.0414275 144.607 3.10252 144.607 3.10252 108 0 0.0342667
0.403484 65160 60816 0.0413741 144.607 3.1868 144.607 3.1868 111 0 0.0341266
0.403725 66608 62264 0.0413273 144.607 3.27098 144.607 3.27098 114 0 0.0339866
0.403965 68056 63712 0.0412864 144.607 3.35506 144.607 3.35506 117 0 0.0338466
0.404205 69504 65160 0.0413756 144.607 3.43905 144.607 3.43905 120 0 0.0337021
0.404445 70952 66608 0.0414536 144.607 3.52293 144.607 3.52293 123 0 0.0335583
0.454076 72400 68056 0.0477719 0.700211 3.2144 0.700211 3.2144 126 0 0.0332233
0.454317 73848 69504 0.0485504 144.607 3.2892 144.607 3.2892 129 0 0.0330646
0.454557 75296 70952 0.0491066 144.607 3.36391 144.607 3.36391 132 0 0.0329122
0.454797 76744 72400 0.0495933 144.607 3.43854 144.607 3.43854 135 0 0.0327621
0.455037 78192 73848 0.0501441 144.607 3.5131 144.607 3.5131 138 0 0.0326116
0.455278 79640 75296 0.0506261 144.607 3.58758 144.607 3.58758 141 0 0.0324632
0.455518 81088 76744 0.0510479 144.607 3.66198 144.607 3.66198 144 0 0.0323167
0.455758 82536 78192 0.0514169 144.607 3.7363 144.607 3.7363 147 0 0.0321717
0.455999 83984 79640 0.0516148 144.607 3.81054 144.607 3.81054 150 0 0.0320301
0.456239 85432 81088 0.0519129 144.607 3.8847 144.607 3.8847 153 0 0.0318873
0.456479 86880 82536 0.0521738 144.607 3.95879 144.607 3.95879 156 0 0.0317456
0.45672 88328 83984 0.0524021 144.607 4.03279 144.607 4.03279 159 0 0.0316047
0.45696 89776 85432 0.0526018 144.607 4.10672 144.607 4.10672 162 0 0.0314647
0.4572 91224 86880 0.0529016 144.607 4.18057 144.607 4.18057 165 0 0.0313237
0.457441 92672 88328 0.0530389 144.607 4.25435 144.607 4.25435 168 0 0.0311853
0.457681 94120 89776 0.053159 144.607 4.32805 144.607 4.32805 171 0 0.0310476
0.457921 95568 91224 0.0532641 144.607 4.40166 144.607 4.40166 174 0 0.0309103
0.458162 97016 92672 0.0534811 144.607 4.47521 144.607 4.47521 177 0 0.0307719
0.458402 98464 94120 0.053671 144.607 4.54867 144.607 4.54867 180 0 0.0306343
0.458642 99912 95568 0.0538371 144.607 4.62206 144.607 4.62206 183 0 0.0304973
0.458883 101360 97016 0.0539825 144.607 4.69537 144.607 4.69537 186 0 0.0303609
0.459123 102808 98464 0.0542347 144.607 4.76861 144.607 4.76861 189 0 0.0302236
0.459363 104256 99912 0.0543303 144.607 4.84176 144.607 4.84176 192 0 0.0300885
0.459604 105704 101360 0.054414 144.607 4.91484 144.607 4.91484 195 0 0.0299538
0.542638 86880 102808 0.0824592 9.90504 5.67845 9.90504 5.67845 266 0 0.0309198
0.70161 63712 83984 0.100419 4.29923 5.36594 4.29923 5.36594 325 0 0.0341312
0.708579 56472 60816 0.0749681 69.8104 5.99979 69.8104 5.99979 367 0 0.0340932
0.765415 57920 53576 0.0597858 5.91065 5.99317 5.91065 5.99317 396 0 0.0344931
0.817204 63712 55024 0.053015 8.7234 6.1662 8.7234 6.1662 435 0 0.0344545
0.872117 68056 60816 0.0547426 8.85996 6.33581 8.85996 6.33581 477 0 0.0338372
0.933158 69504 65160 0.0602599 8.53979 6.47998 8.53979 6.47998 522 0 0.0333553
0.998405 65160 66608 0.0662481 8.34443 6.60182 8.34443 6.60182 569 0 0.0332832
1.06401 60816 62264 0.0658942 7.59232 6.6629 7.59232 6.6629 612 0 0.0337025
1.12782 56472 57920 0.0660663 7.44368 6.70707 7.44368 6.70707 653 0 0.0341308
1.19006 55024 53576 0.0629087 6.88606 6.71643 6.88606 6.71643 690 0 0.0345015
1.25266 53576 52128 0.064633 6.84641 6.72293 6.84641 6.72293 727 0 0.0346581
1.31719 52128 50680 0.0643938 6.28337 6.70139 6.28337 6.70139 762 0 0.0347998
1.384 47784 49232 0.0687016 6.06865 6.67085 6.06865 6.67085 797 0 0.0350302
1.45117 44888 44888 0.0673574 5.34624 6.60954 5.34624 6.60954 828 0 0.0354243
1.5175 41992 41992 0.0696405 5.23939 6.54965 5.23939 6.54965 858 0 0.0357541
1.58358 39096 39096 0.0693741 4.90788 6.48113 4.90788 6.48113 886 0 0.0360412
1.65027 36200 36200 0.0699508 4.51626 6.40173 4.51626 6.40173 912 0 0.0363458
1.72429 31856 33304 0.0752761 3.75603 6.28816 3.75603 6.28816 936 0 0.0367934
1.80204 27512 28960 0.0801415 3.12906 6.15187 3.12906 6.15187 957 0 0.0374098
1.88098 23168 24616 0.0792501 2.49449 5.99837 2.49449 5.99837 974 0 0.0378215
1.96041 18824 20272 0.0832266 2.1877 5.84398 2.1877 5.84398 989 0 0.0384399
2.03983 15928 15928 0.0810688 1.60432 5.6789 1.60432 5.6789 1000 0 0.0387779
2.20157 13032 13032 0.0912396 0.716232 5.31432 0.716232 5.31432 1010 0 0.0396128
2.28376 11584 10136 0.0969478 1.12754 5.16365 1.12754 5.16365 1018 0 0.040295
2.36607 13032 8688 0.101012 0.985158 5.01829 0.985158 5.01829 1025 0 0.0407644
2.36679 11584 10136 0.0948323 112.472 5.05102 112.472 5.05102 1032 0 0.0401432
2.44958 13032 8688 0.0898522 0.979439 4.91341 0.979439 4.91341 1039 0 0.0399735
2.53309 11584 10136 0.0878111 0.970984 4.78343 0.970984 4.78343 1046 0 0.0397033
2.61708 13032 8688 0.0943024 0.965427 4.6609 0.965427 4.6609 1053 0 0.040259
2.70011 11584 10136 0.0907924 0.976604 4.54761 0.976604 4.54761 1060 0 0.039878
2.7835 13032 8688 0.0967709 0.972383 4.4405 0.972383 4.4405 1067 0 0.0404345
2.86641 11584 10136 0.0922254 0.97802 4.34034 0.97802 4.34034 1074 0 0.0399683
2.95028 13032 8688 0.0990171 0.96681 4.24444 0.96681 4.24444 1081 0 0.0406047
2.95101 11584 10136 0.0940603 112.472 4.27088 112.472 4.27088 1088 0 0.04009
3.035 13032 8688 0.0898972 0.965427 4.1794 0.965427 4.1794 1095 0 0.0399762
3.11899 11584 10136 0.0879506 0.965427 4.09285 0.965427 4.09285 1102 0 0.0397111
3.20262 13032 8688 0.0944386 0.969588 4.0113 0.969588 4.0113 1109 0 0.0402684
3.28625 11584 10136 0.0908973 0.969588 3.93389 0.969588 3.93389 1116 0 0.0398845
3.36988 13032 8688 0.0969962 0.969588 3.86032 0.969588 3.86032 1123 0 0.0404511
3.45375 11584 10136 0.0927064 0.96681 3.79005 0.96681 3.79005 1130 0 0.0399996
3.53763 13032 8688 0.0995743 0.96681 3.72312 0.96681 3.72312 1137 0 0.0406485
3.53835 11584 10136 0.0944335 112.472 3.74528 112.472 3.74528 1144 0 0.0401155
3.62234 13032 8688 0.0902253 0.965427 3.68082 0.965427 3.68082 1151 0 0.0399959
3.70585 11584 10136 0.0880455 0.970984 3.61976 0.970984 3.61976 1158 0 0.0397164
3.7896 13032 8688 0.0943147 0.968197 3.56116 0.968197 3.56116 1165 0 0.0402599
3.87299 11584 10136 0.09058 0.972383 3.50542 0.972383 3.50542 1172 0 0.039865
3.95662 13032 8688 0.0969352 0.969588 3.45182 0.969588 3.45182 1179 0 0.0404466
4.04038 11584 10136 0.0925699 0.968197 3.40033 0.968197 3.40033 1186 0 0.0399907
4.12425 13032 8688 0.0995079 0.96681 3.35084 0.96681 3.35084 1193 0 0.0406432
4.12497 11584 10136 0.0942641 112.472 3.36992 112.472 3.36992 1200 0 0.0401039
4.20896 13032 8688 0.0900166 0.965427 3.32193 0.965427 3.32193 1207 0 0.0399834
4.29247 11584 10136 0.087935 0.970984 3.2762 0.970984 3.2762 1214 0 0.0397102
4.37622 13032 8688 0.09425 0.968197 3.23203 0.968197 3.23203 1221 0 0.0402554
4.45961 11584 10136 0.0908667 0.972383 3.18977 0.972383 3.18977 1228 0 0.0398826
4.54325 13032 8688 0.0970195 0.969588 3.1489 0.969588 3.1489 1235 0 0.0404528
4.62688 11584 10136 0.0924877 0.969588 3.10951 0.969588 3.10951 1242 0 0.0399853
4.71075 13032 8688 0.0993503 0.96681 3.07136 0.96681 3.07136 1249 0 0.0406308
4.71147 11584 10136 0.0941878 112.472 3.0881 112.472 3.0881 1256 0 0.0400987
4.79546 13032 8688 0.0900813 0.965427 3.05092 0.965427 3.05092 1263 0 0.0399873
4.87921 11584 10136 0.088074 0.968197 3.01517 0.968197 3.01517 1270 0 0.039718
4.96296 13032 8688 0.0943315 0.968197 2.98063 0.968197 2.98063 1277 0 0.040261
5.0466 11584 10136 0.0909213 0.969588 2.9473 0.969588 2.9473 1284 0 0.039886
5.13023 13032 8688 0.0971216 0.969588 2.91506 0.969588 2.91506 1291 0 0.0404604
5.2141 11584 10136 0.0928061 0.96681 2.88373 0.96681 2.88373 1298 0 0.0400061
5.29797 13032 8688 0.0995369 0.96681 2.85338 0.96681 2.85338 1305 0 0.0406455
5.29869 11584 10136 0.0944085 112.472 2.86829 112.472 2.86829 1312 0 0.0401138
5.38268 13032 8688 0.090197 0.965427 2.8386 0.965427 2.8386 1319 0 0.0399942
5.46619 11584 10136 0.0880421 0.970984 2.81007 0.970984 2.81007 1326 0 0.0397162
5.54995 13032 8688 0.0943128 0.968197 2.78227 0.968197 2.78227 1333 0 0.0402597
5.63334 11584 10136 0.0909088 0.972383 2.75548 0.972383 2.75548 1340 0 0.0398852
5.71697 13032 8688 0.0968935 0.969588 2.72936 0.969588 2.72936 1347 0 0.0404435
5.80072 11584 10136 0.0926377 0.968197 2.70393 0.968197 2.70393 1354 0 0.0399951
5.88459 13032 8688 0.0995339 0.96681 2.67917 0.96681 2.67917 1361 0 0.0406453
5.88531 11584 10136 0.0944065 112.472 2.69262 112.472 2.69262 1368 0 0.0401137
5.9693 13032 8688 0.0902095 0.965427 2.66832 0.965427 2.66832 1375 0 0.039995
6.05282 11584 10136 0.0880349 0.970984 2.6449 0.970984 2.6449 1382 0 0.0397158
6.13657 13032 8688 0.0943085 0.968197 2.62202 0.968197 2.62202 1389 0 0.0402594
6.21996 11584 10136 0.0905758 0.972383 2.5999 0.972383 2.5999 1396 0 0.0398647
6.30359 13032 8688 0.0969328 0.969588 2.57827 0.969588 2.57827 1403 0 0.0404464
6.38722 11584 10136 0.0925682 0.969588 2.55721 0.969588 2.55721 1410 0 0.0399905
6.47109 13032 8688 0.0993975 0.96681 2.53659 0.96681 2.53659 1417 0 0.0406345
6.47181 11584 10136 0.0943151 112.472 2.54884 112.472 2.54884 1424 0 0.0401074
6.55581 13032 8688 0.0900465 0.965427 2.52855 0.965427 2.52855 1431 0 0.0399852
6.63956 11584 10136 0.0880507 0.968197 2.50887 0.968197 2.50887 1438 0 0.0397167
6.72331 13032 8688 0.0943178 0.968197 2.48968 0.968197 2.48968 1445 0 0.0402601
6.80694 11584 10136 0.0907871 0.969588 2.471 0.969588 2.471 1452 0 0.0398777
6.89057 13032 8688 0.0970566 0.969588 2.45278 0.969588 2.45278 1459 0 0.0404556
6.97444 11584 10136 0.0926512 0.96681 2.43491 0.96681 2.43491 1466 0 0.039996
7.05831 13032 8688 0.0995556 0.96681 2.41747 0.96681 2.41747 1473 0 0.040647
7.05904 11584 10136 0.094421 112.472 2.42871 112.472 2.42871 1480 0 0.0401147
7.14303 13032 8688 0.0902336 0.965427 2.4115 0.965427 2.4115 1487 0 0.0399964
7.22654 11584 10136 0.088176 0.970984 2.39485 0.970984 2.39485 1494 0 0.0397237
7.31017 13032 8688 0.0941024 0.969588 2.37855 0.969588 2.37855 1501 0 0.0402454
7.39356 11584 10136 0.0907678 0.972383 2.36269 0.972383 2.36269 1508 0 0.0398765
7.47707 13032 8688 0.0968522 0.970984 2.34714 0.970984 2.34714 1515 0 0.0404405
7.5607 11584 10136 0.0925006 0.969588 2.33191 0.969588 2.33191 1522 0 0.0399861
7.64458 13032 8688 0.0992741 0.96681 2.31693 0.96681 2.31693 1529 0 0.0406248
7.6453 11584 10136 0.0942325 112.472 2.32732 112.472 2.32732 1536 0 0.0401017
7.72929 13032 8688 0.0901075 0.965427 2.31252 0.965427 2.31252 1543 0 0.0399888
7.81304 11584 10136 0.0880915 0.968197 2.29811 0.968197 2.29811 1550 0 0.039719
7.89679 13032 8688 0.0943417 0.968197 2.284 0.968197 2.284 1557 0 0.0402617
7.98042 11584 10136 0.0909282 0.969588 2.27023 0.969588 2.27023 1564 0 0.0398864
8.06405 13032 8688 0.0970299 0.969588 2.25674 0.969588 2.25674 1571 0 0.0404536
8.14793 11584 10136 0.092729 0.96681 2.24346 0.96681 2.24346 1578 0 0.040001
8.2318 13032 8688 0.0994918 0.96681 2.23045 0.96681 2.23045 1585 0 0.040642
8.23252 11584 10136 0.0943783 112.472 2.24011 112.472 2.24011 1592 0 0.0401117
8.31651 13032 8688 0.0901793 0.965427 2.22723 0.965427 2.22723 1599 0 0.0399932
8.40026 11584 10136 0.0881396 0.968197 2.21468 0.968197 2.21468 1606 0 0.0397217
8.48425 13032 8688 0.0944793 0.965427 2.20231 0.965427 2.20231 1613 0 0.0402712
8.56788 11584 10136 0.0908953 0.969588 2.19028 0.969588 2.19028 1620 0 0.0398844
8.65152 13032 8688 0.09712 0.969588 2.17848 0.969588 2.17848 1627 0 0.0404603
8.73515 11584 10136 0.0925843 0.969588 2.16691 0.969588 2.16691 1634 0 0.0399916
8.81902 13032 8688 0.099532 0.96681 2.15549 0.96681 2.15549 1641 0 0.0406452
8.81974 11584 10136 0.0944052 112.472 2.16451 112.472 2.16451 1648 0 0.0401136
8.90373 13032 8688 0.0900993 0.965427 2.1532 0.965427 2.1532 1655 0 0.0399883
8.98748 11584 10136 0.0880861 0.968197 2.14216 0.968197 2.14216 1662 0 0.0397187
9.07123 13032 8688 0.0942292 0.968197 2.13132 0.968197 2.13132 1669 0 0.040254
9.15487 11584 10136 0.0908527 0.969588 2.12071 0.969588 2.12071 1676 0 0.0398818
9.2385 13032 8688 0.0970951 0.969588 2.11029 0.969588 2.11029 1683 0 0.0404584
9.32237 11584 10136 0.0925676 0.96681 2.1 0.96681 2.1 1690 0 0.0399905
9.40624 13032 8688 0.0996315 0.96681 2.08989 0.96681 2.08989 1697 0 0.040653
9.40696 11584 10136 0.0943469 112.472 2.09835 112.472 2.09835 1704 0 0.0401096
9.49095 13032 8688 0.0900652 0.965427 2.08833 0.965427 2.08833 1711 0 0.0399863
9.57471 11584 10136 0.0880632 0.968197 2.07853 0.968197 2.07853 1718 0 0.0397174
9.6587 13032 8688 0.0944208 0.965427 2.06885 0.965427 2.06885 1725 0 0.0402672
9.74221 11584 10136 0.0908718 0.970984 2.05944 0.970984 2.05944 1732 0 0.0398829
9.8256 13032 8688 0.0971062 0.972383 2.05021 0.972383 2.05021 1739 0 0.0404592
9.90923 11584 10136 0.0926844 0.969588 2.04109 0.969588 2.04109 1746 0 0.0399981
9.99286 13032 8688 0.0993407 0.969588 2.03213 0.969588 2.03213 1753 0 0.0406301
9.99358 11584 10136 0.094277 112.472 2.04009 112.472 2.04009 1760 0 0.0401048
10.0769 5792 8688 0.0929924 0.139112 2.02438 0.139112 2.02438 1761 0 0.0402268
10.1176 10136 2896 0.0838549 1.13658 2.02081 1.13658 2.02081 1765 0 0.0402943
10.1954 13032 7240 0.0782856 1.34102 2.01562 1.34102 2.01562 1774 0 0.0395807
10.2939 14480 10136 0.0914101 0.940535 2.00533 0.940535 2.00533 1782 0 0.0399165
10.3713 15928 11584 0.100348 1.34727 2.00042 1.34727 2.00042 1791 0 0.0404056
10.435 18824 13032 0.0891292 1.63706 1.99821 1.63706 1.99821 1800 0 0.0394854
10.4955 23168 15928 0.084264 2.29535 1.99992 2.29535 1.99992 1812 0 0.0389413
10.5604 28960 20272 0.079514 2.67791 2.00409 2.67791 2.00409 1827 0 0.0383073
10.5621 37648 26064 0.0708979 123.949 2.02351 123.949 2.02351 1845 0 0.0375211
10.635 49232 34752 0.0725662 3.81172 2.03577 3.81172 2.03577 1869 0 0.0367755
10.714 62264 46336 0.0769243 4.69552 2.05537 4.69552 2.05537 1901 0 0.0357985
10.7954 75296 59368 0.0806378 5.82979 2.08385 5.82979 2.08385 1942 0 0.0346459
10.8747 88328 72400 0.0850738 7.44946 2.12298 7.44946 2.12298 1993 0 0.0335807
10.95 110048 85432 0.0778002 9.08607 2.17082 9.08607 2.17082 2052 0 0.0325618
11.0248 133216 107152 0.080197 11.6057 2.23488 11.6057 2.23488 2127 0 0.0307491
11.1014 167968 130320 0.0768225 13.6208 2.31338 13.6208 2.31338 2217 0 0.0297369
11.1804 207064 165072 0.0789006 16.7024 2.41514 16.7024 2.41514 2331 0 0.0274046
11.2655 244712 204168 0.0833157 19.1993 2.54189 19.1993 2.54189 2472 0 0.0242497
11.356 262088 241816 0.0959787 21.5086 2.69301 21.5086 2.69301 2640 0 0.0201957
11.4494 272224 259192 0.100898 22.3332 2.85316 22.3332 2.85316 2820 0 0.0189854
11.541 282360 269328 0.101072 23.6274 3.01819 23.6274 3.01819 3007 0 0.0182995
11.6314 312768 279464 0.0921385 24.7422 3.18696 24.7422 3.18696 3200 0 0.018421
11.7219 328696 309872 0.0987665 27.5259 3.37483 27.5259 3.37483 3415 0 0.015729
11.8178 359104 325800 0.0934905 27.1818 3.568 27.1818 3.568 3640 0 0.0155616
11.9164 360552 356208 0.106468 29.0036 3.77857 29.0036 3.77857 3887 0 0.0131904
11.946 372136 357656 0.101314 96.7967 4.00874 96.7967 4.00874 4134 0 0.0128918
12.0473 383720 369240 0.101569 29.276 4.22119 29.276 4.22119 4390 0 0.0122761
12.1481 398200 380824 0.101008 30.3348 4.4379 30.3348 4.4379 4654 0 0.0117462
12.2494 411232 395304 0.101593 31.3344 4.66031 31.3344 4.66031 4928 0 0.0109783
12.3515 421368 408336 0.102449 32.0971 4.88719 32.0971 4.88719 5211 0 0.0102857
12.4545 430056 418472 0.10323 32.5099 5.11558 32.5099 5.11558 5500 0 0.0098189
12.5583 437296 427160 0.104007 33.0276 5.34633 33.0276 5.34633 5796 0 0.00944141
12.6622 443088 434400 0.104255 33.5466 5.57781 33.5466 5.57781 6097 0 0.00910104
12.7664 448880 440192 0.104336 33.8028 5.80814 33.8028 5.80814 6401 0 0.00885061
12.8711 453224 445984 0.104938 34.0903 6.03811 34.0903 6.03811 6709 0 0.00862544
12.976 457568 450328 0.105147 34.3435 6.26694 34.3435 6.26694 7020 0 0.00845782
13.0811 460464 454672 0.105349 34.7057 6.49551 34.7057 6.49551 7335 0 0.00827366
13.1866 461912 457568 0.105778 34.6969 6.72114 34.6969 6.72114 7651 0 0.0081805
13.2922 463360 459016 0.105961 34.7671 6.944 34.7671 6.944 7968 0 0.00813727
13.3974 467704 460464 0.105302 35.1464 7.16532 35.1464 7.16532 8287 0 0.00804711
13.5023 472048 464808 0.105225 35.4478 7.38505 35.4478 7.38505 8608 0 0.00786267
13.6071 476392 469152 0.105 35.9307 7.60486 35.9307 7.60486 8933 0 0.0076675
13.7121 480736 473496 0.105312 36.0691 7.82287 36.0691 7.82287 9260 0 0.00752351
13.8164 486528 477840 0.104578 36.7627 8.04133 36.7627 8.04133 9591 0 0.00731413
13.9218 489424 483632 0.10565 36.7152 8.25838 36.7152 8.25838 9925 0 0.00714432
14.0275 490872 486528 0.106 36.8091 8.4736 36.8091 8.4736 10261 0 0.00705608
14.1337 492320 487976 0.106431 36.7516 8.68612 36.7516 8.68612 10598 0 0.00704183
14.2401 493768 489424 0.106515 36.9279 8.89702 36.9279 8.89702 10937 0 0.00699581
14.3462 495216 490872 0.106374 37.0116 9.10495 37.0116 9.10495 11276 0 0.00692924
14.4522 496664 492320 0.10625 37.2721 9.31151 37.2721 9.31151 11617 0 0.00686447
14.5579 498112 493768 0.106 37.3569 9.51521 37.3569 9.51521 11958 0 0.00678851
14.6641 499560 495216 0.106465 37.4059 9.71724 37.4059 9.71724 12301 0 0.00677887
14.7702 501008 496664 0.106426 37.4483 9.91645 37.4483 9.91645 12644 0 0.00672292
14.8769 499560 498112 0.10688 37.4546 10.114 37.4546 10.114 12989 0 0.00671325
14.9839 498112 496664 0.107167 37.1538 10.3069 37.1538 10.3069 13332 0 0.00679233
15.0912 495216 495216 0.107555 37.0289 10.497 37.0289 10.497 13675 0 0.00689255
15.1985 490872 492320 0.107601 36.7051 10.682 36.7051 10.682 14015 0 0.0070211
15.3054 489424 487976 0.107185 36.5038 10.8624 36.5038 10.8624 14352 0 0.00711238
15.4124 487976 486528 0.1072 36.5038 11.0403 36.5038 11.0403 14689 0 0.00716791
15.5193 486528 485080 0.107248 36.2872 11.2143 36.2872 11.2143 15024 0 0.00722689
15.6266 483632 483632 0.107502 36.1653 11.3856 36.1653 11.3856 15359 0 0.00731679
15.7339 480736 480736 0.107468 35.8414 11.5524 35.8414 11.5524 15691 0 0.00742393
15.841 477840 477840 0.107311 35.7055 11.7157 35.7055 11.7157 16021 0 0.00752053
15.9481 474944 474944 0.107353 35.4493 11.8752 35.4493 11.8752 16349 0 0.00763717
16.0548 473496 472048 0.106973 35.3918 12.0315 35.3918 12.0315 16675 0 0.00770408
16.1619 472048 470600 0.107224 35.1645 12.1847 35.1645 12.1847 17000 0 0.00778506
16.2689 470600 469152 0.107167 35.204 12.336 35.204 12.336 17325 0 0.00783736
16.3763 466256 467704 0.107737 34.8308 12.4836 34.8308 12.4836 17648 0 0.00797927
16.4833 464808 463360 0.107281 34.7317 12.6281 34.7317 12.6281 17969 0 0.00808193
16.5904 463360 461912 0.10728 34.5153 12.7693 34.5153 12.7693 18288 0 0.008141
16.6981 459016 460464 0.107964 34.3227 12.9083 34.3227 12.9083 18607 0 0.00829539
16.8056 454672 456120 0.107818 33.9302 13.0428 33.9302 13.0428 18922 0 0.00846161
16.9133 450328 451776 0.107962 33.6771 13.1742 33.6771 13.1742 19235 0 0.00865836
17.0207 447432 447432 0.107607 33.3211 13.3013 33.3211 13.3013 19544 0 0.00879141
17.1281 444536 444536 0.107628 33.2133 13.4262 33.2133 13.4262 19852 0 0.00891855
17.2358 440192 441640 0.107976 32.924 13.548 32.924 13.548 20158 0 0.00909688
17.3433 435848 437296 0.107771 32.6376 13.6664 32.6376 13.6664 20461 0 0.00926911
17.4509 432952 432952 0.107716 32.2067 13.7806 32.2067 13.7806 20760 0 0.00943977
17.558 430056 430056 0.107481 32.207 13.8931 32.207 13.8931 21058 0 0.00954857
17.6657 425712 427160 0.107899 31.848 14.0025 31.848 14.0025 21354 0 0.00973949
17.773 422816 422816 0.107606 31.6311 14.109 31.6311 14.109 21647 0 0.00989365
17.8804 419920 419920 0.107636 31.2722 14.2121 31.2722 14.2121 21937 0 0.0100319
17.9879 417024 417024 0.107641 31.0566 14.3127 31.0566 14.3127 22225 0 0.0101689
18.0955 412680 414128 0.107966 30.7721 14.4106 30.7721 14.4106 22511 0 0.0103564
18.2034 408336 409784 0.108073 30.3815 14.5053 30.3815 14.5053 22794 0 0.0105754
18.311 405440 405440 0.107787 30.2679 14.5978 30.2679 14.5978 23075 0 0.010741
18.4184 402544 402544 0.107607 29.9782 14.6876 29.9782 14.6876 23353 0 0.0108663
18.5259 399648 399648 0.10775 29.7293 14.7749 29.7293 14.7749 23629 0 0.0110236
18.6336 395304 396752 0.107902 29.4809 14.8598 29.4809 14.8598 23903 0 0.0112017
18.7413 390960 392408 0.107981 29.1581 14.942 29.1581 14.942 24174 0 0.0114289
18.8488 388064 388064 0.107708 28.9753 15.022 28.9753 15.022 24443 0 0.0116064
18.9562 385168 385168 0.107641 28.6842 15.0995 28.6842 15.0995 24709 0 0.0117496
19.0638 382272 382272 0.107829 28.4367 15.1747 28.4367 15.1747 24973 0 0.0119184
19.1714 379376 379376 0.107837 28.1898 15.2478 28.1898 15.2478 25235 0 0.0120712
19.2792 375032 376480 0.108066 27.9434 15.3188 27.9434 15.3188 25495 0 0.0122652
19.3869 372136 372136 0.107879 27.6518 15.3873 27.6518 15.3873 25752 0 0.0124606
19.4944 369240 369240 0.10778 27.575 15.4545 27.575 15.4545 26008 0 0.0126074
19.6022 364896 366344 0.108067 27.2986 15.5196 27.2986 15.5196 26262 0 0.0128109
19.7101 360552 362000 0.108151 26.9461 15.5822 26.9461 15.5822 26513 0 0.0130574
19.8177 357656 357656 0.107833 26.6056 15.642 26.6056 15.642 26760 0 0.0132493
19.9254 354760 354760 0.108 26.4388 15.7004 26.4388 15.7004 27006 0 0.0134275
20.0331 351864 351864 0.107938 26.2531 15.7571 26.2531 15.7571 27250 0 0.013585
20.1211 5792 348968 0.117401 10.536 15.7343 10.536 15.7343 27330 0 0.227648
20.2962 315664 2896 0.103849 0.463078 15.6025 0.463078 15.6025 27337 0 0.212318
20.3905 419920 312768 0.101747 27.0179 15.6553 27.0179 15.6553 27557 0 0.0346604
20.492 490872 417024 0.116038 32.8575 15.7406 32.8575 15.7406 27845 0 0.0199743
20.5266 595128 487976 0.11038 112.807 15.9042 112.807 15.9042 28182 0 0.0267436
20.6303 754408 592232 0.10398 45.8007 16.0545 45.8007 16.0545 28592 0 0.0488066
20.7302 983192 751512 0.100062 60.3255 16.2677 60.3255 16.2677 29112 0 0.0946578
20.8362 1226456 980296 0.106287 74.1071 16.5619 74.1071 16.5619 29790 0 0.111118
20.955 1407456 1223560 0.119203 82.4656 16.9357 82.4656 16.9357 30636 0 0.077694
21.089 1487096 1404560 0.134176 83.9543 17.3615 83.9543 17.3615 31607 0 0.0472452
21.2334 1494336 1484200 0.144641 82.2087 17.8026 82.2087 17.8026 32632 0 0.0455898
21.3804 1484200 1491440 0.147218 81.2701 18.2388 81.2701 18.2388 33663 0 0.0468817
21.5248 1491440 1481304 0.144656 82.0483 18.667 82.0483 18.667 34686 0 0.0452905
21.6671 1513160 1488544 0.142509 83.7842 19.0945 83.7842 19.0945 35715 0 0.0464338
21.8086 1540672 1510264 0.141818 85.3567 19.5246 85.3567 19.5246 36758 0 0.0491422
21.9517 1556600 1537776 0.143393 86.0439 19.9583 86.0439 19.9583 37821 0 0.0515363
22.0969 1559496 1553704 0.145256 85.6311 20.3897 85.6311 20.3897 38894 0 0.053217
22.2435 1550808 1556600 0.146934 85.0259 20.8156 85.0259 20.8156 39970 0 0.0539568
22.3903 1540672 1547912 0.147011 84.4134 21.2327 84.4134 21.2327 41040 0 0.0530274
22.5367 1534880 1537776 0.146549 84.1365 21.6412 84.1365 21.6412 42103 0 0.0516812
22.6821 1536328 1531984 0.145672 84.2944 22.0428 84.2944 22.0428 43161 0 0.0508278
22.8276 1534880 1533432 0.145801 84.3044 22.4397 84.3044 22.4397 44220 0 0.0510111
22.9736 1530536 1531984 0.146227 84.0269 22.8311 84.0269 22.8311 45279 0 0.0509531
23.1198 1524744 1527640 0.146427 83.5719 23.2153 83.5719 23.2153 46334 0 0.0505319
23.2662 1517504 1521848 0.146573 83.2659 23.593 83.2659 23.593 47386 0 0.0499524
23.4123 1511712 1514608 0.14647 83.0064 23.9638 83.0064 23.9638 48433 0 0.0491101
23.5582 1508816 1508816 0.146044 82.7461 24.3278 82.7461 24.3278 49475 0 0.0483644
23.7039 1507368 1505920 0.146 82.6554 24.6865 82.6554 24.6865 50515 0 0.0480337
23.8499 1503024 1504472 0.146193 82.44 25.04 82.44 25.04 51554 0 0.0479413
23.996 1497232 1500128 0.146443 82.2136 25.3881 82.2136 25.3881 52591 0 0.0475457
24.1421 1492888 1494336 0.146344 81.8172 25.7297 81.8172 25.7297 53623 0 0.0468869
24.2878 1491440 1489992 0.145945 81.8486 26.0662 81.8486 26.0662 54652 0 0.0463299
24.4338 1487096 1488544 0.146201 81.6465 26.3983 81.6465 26.3983 55681 0 0.0462516
24.5793 1485648 1484200 0.14577 81.5978 26.7251 81.5978 26.7251 56706 0 0.0456926
24.7248 1487096 1482752 0.1457 81.5978 27.048 81.5978 27.048 57731 0 0.0455295
24.8698 1489992 1484200 0.145209 81.8682 27.3677 81.8682 27.3677 58756 0 0.045608
25.0158 1485648 1487096 0.146199 81.5672 27.684 81.5672 27.684 59784 0 0.0460992
25.162 1479856 1482752 0.146499 81.1955 27.995 81.1955 27.995 60809 0 0.045723
25.308 1475512 1476960 0.146292 80.9324 28.3004 80.9324 28.3004 61829 0 0.04506
25.4537 1474064 1472616 0.145857 80.8941 28.6013 80.8941 28.6013 62846 0 0.0445075
25.5994 1472616 1471168 0.146 80.8274 28.8987 80.8274 28.8987 63863 0 0.0443834
25.7454 1468272 1469720 0.146253 80.5357 29.1915 80.5357 29.1915 64878 0 0.0443084
25.892 1459584 1465376 0.146917 80.0476 29.4794 80.0476 29.4794 65891 0 0.0440808
26.0384 1453792 1456688 0.146602 79.625 29.7613 79.625 29.7613 66897 0 0.043073
26.1848 1446552 1450896 0.146679 79.2433 30.0381 79.2433 30.0381 67899 0 0.0425402
26.3317 1436416 1443656 0.14708 78.6543 30.3092 78.6543 30.3092 68896 0 0.0419812
26.4788 1426280 1433520 0.147303 78.0532 30.5744 78.0532 30.5744 69887 0 0.0410275
26.6258 1416144 1423384 0.147216 77.4231 30.8331 77.4231 30.8331 70870 0 0.0400342
26.7729 1406008 1413248 0.147241 76.9506 31.0865 76.9506 31.0865 71847 0 0.0390752
26.9201 1394424 1403112 0.147465 76.2582 31.3335 76.2582 31.3335 72816 0 0.0382214
27.0672 1384288 1391528 0.147359 75.7691 31.5749 75.7691 31.5749 73778 0 0.0370806
27.2143 1372704 1381392 0.147468 75.2178 31.8108 75.2178 31.8108 74733 0 0.0362382
27.3613 1362568 1369808 0.147281 74.5089 32.0403 74.5089 32.0403 75679 0 0.0351189
27.5085 1350984 1359672 0.147478 73.8972 32.2643 73.8972 32.2643 76618 0 0.0343229
27.656 1339400 1348088 0.147598 73.2268 32.4827 73.2268 32.4827 77550 0 0.0333491
27.8035 1326368 1336504 0.147802 72.5391 32.6952 72.5391 32.6952 78474 0 0.0324724
27.9512 1313336 1323472 0.14782 71.7741 32.9017 71.7741 32.9017 79389 0 0.0314006
28.0988 1300304 1310440 0.1479 71.0475 33.102 71.0475 33.102 80294 0 0.0303638
28.2464 1287272 1297408 0.147843 70.3622 33.2968 70.3622 33.2968 81191 0 0.0293271
28.394 1274240 1284376 0.147787 69.6344 33.4857 69.6344 33.4857 82078 0 0.0283149
28.5419 1261208 1271344 0.148056 68.8382 33.6689 68.8382 33.6689 82957 0 0.0273837
28.6899 1246728 1258312 0.148238 67.9998 33.846 67.9998 33.846 83826 0 0.0265324
28.8381 1230800 1243832 0.148414 67.241 34.0176 67.241 34.0176 84686 0 0.0256099
28.9866 1213424 1227904 0.148803 66.2198 34.1826 66.2198 34.1826 85535 0 0.0246639
29.1347 1198944 1210528 0.148255 65.4175 34.3413 65.4175 34.3413 86371 0 0.0232434
29.2826 1185912 1196048 0.148174 64.6875 34.4946 64.6875 34.4946 87197 0 0.0222247
29.4306 1172880 1183016 0.148245 63.9308 34.6426 63.9308 34.6426 88014 0 0.0214226
29.579 1156952 1169984 0.148699 63.151 34.7857 63.151 34.7857 88823 0 0.0208616
29.7274 1141024 1154056 0.148635 62.2143 34.9226 62.2143 34.9226 89620 0 0.0199169
29.8762 1123648 1138128 0.149 61.2848 35.0539 61.2848 35.0539 90407 0 0.0191702
30.0248 1107720 1120752 0.148907 60.3212 35.1789 60.3212 35.1789 91181 0 0.0181301
30.1405 5792 1104824 0.147489 49.3536 35.2334 49.3536 35.2334 91674 0 2.17527
30.272 962920 2896 0.152249 0.264297 35.0815 0.264297 35.0815 91677 0 1.67681
30.3502 1282928 960024 0.123995 98.7742 35.2456 98.7742 35.2456 92344 0 0.189286
30.486 1101928 1280032 0.159396 75.5029 35.4249 75.5029 35.4249 93229 0 0.088099
30.6575 931064 1099032 0.163575 51.2763 35.5136 51.2763 35.5136 93988 0 0.0712922
30.8012 787712 928168 0.163454 51.7491 35.5893 51.7491 35.5893 94630 0 0.0494931
30.9217 750064 784816 0.135157 52.1912 35.654 52.1912 35.654 95173 0 0.00825456
30.9868 828256 747168 0.108688 91.7802 35.772 91.7802 35.772 95689 0 0.0132404
31.0878 961472 825360 0.10119 65.4175 35.8683 65.4175 35.8683 96259 0 0.0336498
31.1956 1065728 958576 0.108 71.1482 35.9902 71.1482 35.9902 96921 0 0.0247209
31.3186 1078760 1062832 0.123239 69.1027 36.1202 69.1027 36.1202 97655 0 0.0112604
31.4605 994776 1075864 0.142211 60.6509 36.2309 60.6509 36.2309 98398 0 0.026849
31.6063 902104 991880 0.146 54.5208 36.3152 54.5208 36.3152 99084 0 0.0268242
31.7473 835496 899208 0.141281 51.0765 36.3808 51.0765 36.3808 99706 0 0.0160771
31.885 784816 832600 0.137979 48.4548 36.433 48.4548 36.433 100282 0 0.0111321
32.025 729792 781920 0.1403 44.7682 36.4694 44.7682 36.4694 100823 0 0.0119031
32.1703 663184 726896 0.14557 40.0291 36.4855 40.0291 36.4855 101325 0 0.0152475
32.3213 587888 660288 0.151274 34.9726 36.4784 34.9726 36.4784 101781 0 0.0189823
32.4749 515488 584992 0.153729 30.4754 36.45 30.4754 36.45 102185 0 0.0200399
32.6274 454672 512592 0.152745 26.8931 36.4054 26.8931 36.4054 102539 0 0.0191849
32.7779 405440 451776 0.15075 24.005 36.3484 24.005 36.3484 102851 0 0.018869
32.9289 360552 402544 0.151116 21.338 36.2796 21.338 36.2796 103129 0 0.0204692
33.0824 315664 357656 0.153809 18.6322 36.1977 18.6322 36.1977 103376 0 0.0233286
33.373 257744 312768 0.174051 8.65171 35.9579 8.65171 35.9579 103593 0 0.0325661
33.3989 221544 254848 0.159511 78.5521 35.991 78.5521 35.991 103769 0 0.0296669
33.558 189688 218648 0.159394 10.9948 35.8725 10.9948 35.8725 103920 0 0.0317605
33.863 153488 186792 0.177819 4.93799 35.5939 4.93799 35.5939 104050 0 0.0387677
34.0278 123080 150592 0.180004 7.37792 35.4572 7.37792 35.4572 104155 0 0.0415944
34.0403 105704 120184 0.161998 76.9384 35.4724 76.9384 35.4724 104238 0 0.0391479
34.3572 83984 102808 0.181851 2.63221 35.1695 2.63221 35.1695 104310 0 0.0454718
34.523 66608 81088 0.183353 3.98194 35.0197 3.98194 35.0197 104367 0 0.047571
34.5298 56472 63712 0.164622 75.7466 35.0277 75.7466 35.0277 104411 0 0.0446211
34.6938 47784 53576 0.164221 2.61317 34.8744 2.61317 34.8744 104448 0 0.0454856
35.0205 37648 44888 0.185188 1.13459 34.5597 1.13459 34.5597 104480 0 0.05121
35.1869 28960 34752 0.188516 1.74016 34.4044 1.74016 34.4044 104505 0 0.0530294
35.1898 24616 26064 0.170294 72.3036 34.4075 72.3036 34.4075 104523 0 0.0494664
35.3551 20272 21720 0.166966 1.05092 34.2516 1.05092 34.2516 104538 0 0.0491919
35.6845 15928 17376 0.186603 0.457228 33.9396 0.457228 33.9396 104551 0 0.05423
35.6859 13032 13032 0.174984 72.3036 33.9412 72.3036 33.9412 104560 0 0.0518583
36.017 11584 10136 0.191317 0.279941 33.6318 0.279941 33.6318 104568 0 0.056174
36.1839 13032 8688 0.201674 0.485841 33.4789 0.485841 33.4789 104575 0 0.0591539
36.1846 11584 10136 0.190229 112.472 33.4805 112.472 33.4805 104582 0 0.0558894
36.3511 13032 8688 0.180507 0.486893 33.3293 0.486893 33.3293 104589 0 0.0536043
36.5177 11584 10136 0.176049 0.486893 33.1795 0.486893 33.1795 104596 0 0.0523971
36.684 13032 8688 0.187777 0.487596 33.0313 0.487596 33.0313 104603 0 0.0554093
36.85 11584 10136 0.18081 0.488302 32.8847 0.488302 32.8847 104610 0 0.0535248
37.0163 13032 8688 0.193142 0.487596 32.7391 0.487596 32.7391 104617 0 0.0568091
37.1825 11584 10136 0.184183 0.487949 32.595 0.487949 32.595 104624 0 0.0543513
37.3492 13032 8688 0.197739 0.486542 32.4517 0.486542 32.4517 104631 0 0.0580543
37.3499 11584 10136 0.187358 112.472 32.4533 112.472 32.4533 104638 0 0.0551499
37.5162 13032 8688 0.178645 0.487596 32.3116 0.487596 32.3116 104645 0 0.0531589
37.683 11584 10136 0.174801 0.486191 32.1707 0.486191 32.1707 104652 0 0.0521091
37.8493 13032 8688 0.187364 0.487596 32.0315 0.487596 32.0315 104659 0 0.0553039
38.0155 11584 10136 0.180421 0.487949 31.8936 0.487949 31.8936 104666 0 0.0534312
38.1814 13032 8688 0.19261 0.488656 31.7571 0.488656 31.7571 104673 0 0.0566677
38.3474 11584 10136 0.183827 0.488656 31.6218 0.488656 31.6218 104680 0 0.0542629
38.5139 13032 8688 0.197309 0.486893 31.4872 0.486893 31.4872 104687 0 0.0579361
38.5146 11584 10136 0.18718 112.472 31.4887 112.472 31.4887 104694 0 0.0551045
38.681 13032 8688 0.17872 0.487244 31.3553 0.487244 31.3553 104701 0 0.0531767
38.8473 11584 10136 0.174755 0.487596 31.2232 0.487596 31.2232 104708 0 0.0520987
39.0139 13032 8688 0.187128 0.486893 31.092 0.486893 31.092 104715 0 0.055244
39.1804 11584 10136 0.180484 0.486893 30.9619 0.486893 30.9619 104722 0 0.0534464
39.347 13032 8688 0.192826 0.486893 30.8329 0.486893 30.8329 104729 0 0.0567252
39.513 11584 10136 0.184302 0.488302 30.7054 0.488302 30.7054 104736 0 0.0543807
39.6796 13032 8688 0.197657 0.486893 30.5785 0.486893 30.5785 104743 0 0.058032
39.6803 11584 10136 0.187442 112.472 30.58 112.472 30.58 104750 0 0.0551714
39.8464 13032 8688 0.178679 0.488302 30.4546 0.488302 30.4546 104757 0 0.053167
40.0127 11584 10136 0.174699 0.487596 30.3301 0.487596 30.3301 104764 0 0.0520857
40.1784 5792 8688 0.19341 0.209728 30.2058 0.209728 30.2058 104767 0 0.0569365
40.3328 10136 2896 0.180677 0.300093 30.0914 0.300093 30.0914 104771 0 0.0542881
40.3995 13032 7240 0.151481 1.56332 30.0443 1.56332 30.0443 104780 0 0.0476151
40.5792 15928 10136 0.157299 0.515438 29.9134 0.515438 29.9134 104788 0 0.048408
40.7805 17376 13032 0.191193 0.517996 29.7683 0.517996 29.7683 104797 0 0.0558373
40.9285 18824 14480 0.189675 0.860757 29.6638 0.860757 29.6638 104808 0 0.0552897
40.9298 21720 15928 0.169555 106.045 29.666 106.045 29.666 104819 0 0.0503362
41.0441 28960 18824 0.139215 1.41772 29.5873 1.41772 29.5873 104833 0 0.0443855
41.1269 37648 26064 0.114115 2.65848 29.5331 2.65848 29.5331 104852 0 0.0403308
41.193 49232 34752 0.0843565 4.20675 29.4925 4.20675 29.4925 104876 0 0.0372108
41.2609 65160 46336 0.0709097 5.46009 29.4529 5.46009 29.4529 104908 0 0.0357802
41.3396 83984 62264 0.0725757 6.32886 29.4089 6.32886 29.4089 104951 0 0.0344223
41.4253 94120 81088 0.0888799 7.70698 29.364 7.70698 29.364 105008 0 0.0328349
41.5113 105704 91224 0.0872101 8.48254 29.3207 8.48254 29.3207 105071 0 0.0318402
41.5976 111496 102808 0.0956835 9.66733 29.28 9.66733 29.28 105143 0 0.0311184
41.6845 117288 108600 0.0960326 10.1338 29.2401 10.1338 29.2401 105219 0 0.0306127
41.7692 124528 114392 0.0955317 10.9396 29.203 10.9396 29.203 105299 0 0.0300844
41.8522 133216 121632 0.093306 11.8588 29.1685 11.8588 29.1685 105384 0 0.0293214
41.9354 154936 130320 0.0838047 12.5382 29.1356 12.5382 29.1356 105474 0 0.0287122
41.9462 179552 152040 0.0840734 112.472 29.1571 112.472 29.1571 105579 0 0.027083
42.0363 198376 176656 0.0904683 15.8104 29.1284 15.8104 29.1284 105702 0 0.0249341
42.1309 211408 195480 0.0947123 16.537 29.1002 16.537 29.1002 105837 0 0.023373
42.2292 218648 208512 0.098526 17.0889 29.0722 17.0889 29.0722 105982 0 0.0224279
42.325 230232 215752 0.0962613 18.0004 29.0471 18.0004 29.0471 106131 0 0.02185
42.4189 247608 227336 0.094057 19.5031 29.026 19.5031 29.026 106289 0 0.0211226
42.5136 263536 244712 0.0949647 20.798 29.0077 20.798 29.0077 106459 0 0.0198294
42.6097 278016 260640 0.0963379 21.8116 28.9915 21.8116 28.9915 106640 0 0.0187224
42.7075 289600 275120 0.0980986 22.5023 28.9766 22.5023 28.9766 106830 0 0.0177264
42.8058 301184 286704 0.0984463 23.3351 28.9636 23.3351 28.9636 107028 0 0.0169802
42.9043 312768 298288 0.0987739 24.2188 28.9528 24.2188 28.9528 107234 0 0.0162518
43.0032 322904 309872 0.0991294 25.0676 28.9438 25.0676 28.9438 107448 0 0.0154889
43.1022 333040 320008 0.0993901 25.8561 28.9367 25.8561 28.9367 107669 0 0.0148822
43.2014 343176 330144 0.0993303 26.7596 28.9317 26.7596 28.9317 107898 0 0.0142649
43.3005 353312 340280 0.0994507 27.4608 28.9284 27.4608 28.9284 108133 0 0.0136765
43.3992 366344 350416 0.0988101 28.5339 28.9275 28.5339 28.9275 108376 0 0.0131623
43.4982 377928 363448 0.0993327 29.366 28.9285 29.366 28.9285 108627 0 0.0124112
43.5979 388064 375032 0.0999862 30.1991 28.9314 30.1991 28.9314 108887 0 0.0117798
43.6986 395304 385168 0.100981 30.7161 28.9355 30.7161 28.9355 109154 0 0.0112377
43.7994 402544 392408 0.101056 31.1391 28.9406 31.1391 28.9406 109425 0 0.0108719
43.9 411232 399648 0.100822 31.9046 28.9473 31.9046 28.9473 109702 0 0.0105293
43.9988 425712 408336 0.0990085 33.0732 28.9566 33.0732 28.9566 109984 0 0.0101955
44.0975 440192 422816 0.0990087 34.246 28.9685 34.246 28.9685 110276 0 0.00950682
44.1979 450328 437296 0.100452 34.8674 28.9818 34.8674 28.9818 110578 0 0.00877255
44.2987 459016 447432 0.101034 35.5055 28.9967 35.5055 28.9967 110887 0 0.00832799
44.4 466256 456120 0.101588 36.1375 29.013 36.1375 29.013 111203 0 0.00796432
44.5003 476392 463360 0.100635 37.061 29.0311 37.061 29.0311 111524 0 0.00767653
44.6004 487976 473496 0.100297 37.8444 29.0509 37.8444 29.0509 111851 0 0.00729917
44.7012 498112 485080 0.101162 38.6079 29.0725 38.6079 29.0725 112187 0 0.00686775
44.8025 505352 495216 0.101681 39.2252 29.0954 39.2252 29.0954 112530 0 0.00644666
44.9037 515488 502456 0.101299 39.7298 29.1194 39.7298 29.1194 112877 0 0.00624584
45.0041 525624 512592 0.10078 40.9374 29.1458 40.9374 29.1458 113232 0 0.00585362
45.1051 535760 522728 0.101261 41.4311 29.1732 41.4311 29.1732 113593 0 0.00555821
45.2064 544448 532864 0.101664 42.1985 29.2024 42.1985 29.2024 113962 0 0.00522285
45.3085 550240 541552 0.102449 42.4181 29.2322 42.4181 29.2322 114336 0 0.00495137
45.4112 554584 547344 0.102889 42.6211 29.2625 42.6211 29.2625 114714 0 0.00479348
45.5137 558928 551688 0.102833 43.0601 29.2936 43.0601 29.2936 115095 0 0.00466482
45.6155 566168 556032 0.102113 43.8204 29.326 43.8204 29.326 115480 0 0.00454214
45.7164 576304 563272 0.101143 44.6446 29.3598 44.6446 29.3598 115869 0 0.00435483
45.8179 584992 573408 0.101691 45.3468 29.3952 45.3468 29.3952 116266 0 0.00408989
45.9198 592232 582096 0.10217 45.7013 29.4314 45.7013 29.4314 116668 0 0.00387625
46.0225 596576 589336 0.102997 45.8909 29.4681 45.8909 29.4681 117075 0 0.0037179
46.1255 599472 593680 0.103283 46.2338 29.5056 46.2338 29.5056 117486 0 0.00362598
46.2284 602368 596576 0.103248 46.3463 29.5431 46.3463 29.5431 117898 0 0.0035592
46.3309 608160 599472 0.102664 46.7897 29.5812 46.7897 29.5812 118312 0 0.00349113
46.4333 613952 605264 0.102673 47.2972 29.6203 47.2972 29.6203 118730 0 0.00337026
46.5362 618296 611056 0.103078 47.5267 29.6599 47.5267 29.6599 119152 0 0.00326212
46.6388 622640 615400 0.102925 47.9766 29.7002 47.9766 29.7002 119577 0 0.0031644
46.7418 625536 619744 0.103469 48.2586 29.7411 48.2586 29.7411 120006 0 0.00311101
46.8443 629880 622640 0.102791 48.598 29.7823 48.598 29.7823 120436 0 0.0030181
46.9469 635672 626984 0.102734 48.8797 29.8241 48.8797 29.8241 120869 0 0.00296191
47.0494 640016 632776 0.103145 49.5021 29.8669 49.5021 29.8669 121307 0 0.00287225
47.1524 641464 637120 0.103571 49.6085 29.91 49.6085 29.91 121748 0 0.00280822
47.255 645808 638568 0.102871 49.7828 29.9532 49.7828 29.9532 122189 0 0.00275444
47.3575 650152 642912 0.103099 50.2932 29.9972 50.2932 29.9972 122634 0 0.00270659
47.4598 657392 647256 0.102597 50.5786 30.0416 50.5786 30.0416 123081 0 0.00265836
47.5625 660288 654496 0.103303 51.1374 30.0871 51.1374 30.0871 123534 0 0.00253868
47.6653 664632 657392 0.103133 51.1306 30.1325 51.1306 30.1325 123988 0 0.00250387
47.7679 670424 661736 0.102834 51.589 30.1786 51.589 30.1786 124445 0 0.00244834
47.8704 673320 667528 0.103319 52.2146 30.2258 52.2146 30.2258 124907 0 0.00237512
47.9733 674768 670424 0.103725 52.2568 30.273 52.2568 30.273 125371 0 0.0023659
48.0754 679112 671872 0.102947 52.7391 30.3208 52.7391 30.3208 125836 0 0.00231208
48.1778 686352 676216 0.102586 52.8416 30.3686 52.8416 30.3686 126303 0 0.00229387
48.2799 690696 683456 0.102966 53.6464 30.4179 53.6464 30.4179 126776 0 0.00219451
48.3828 695040 687800 0.103074 53.4957 30.4669 53.4957 30.4669 127251 0 0.002164
48.4852 697936 692144 0.10335 54.1994 30.517 54.1994 30.517 127730 0 0.00213215
48.5879 702280 695040 0.10295 54.122 30.567 54.122 30.567 128210 0 0.00209309
48.6903 708072 699384 0.102791 54.652 30.6176 54.652 30.6176 128693 0 0.0020729
48.7927 710968 705176 0.10347 55.2178 30.6692 55.2178 30.6692 129181 0 0.00204744
48.895 712416 708072 0.103595 55.4441 30.7211 55.4441 30.7211 129671 0 0.0020293
48.9974 715312 709520 0.103518 55.5572 30.773 55.5572 30.773 130162 0 0.00202525
49.0995 722552 712416 0.102439 55.8014 30.825 55.8014 30.825 130654 0 0.00199469
49.2017 729792 719656 0.102387 56.3684 30.8781 56.3684 30.8781 131151 0 0.00195532
49.3042 731240 726896 0.103826 56.8483 30.9321 56.8483 30.9321 131654 0 0.00196238
49.4073 734136 728344 0.103455 56.517 30.9854 56.517 30.9854 132157 0 0.00193657
49.5097 735584 731240 0.103963 57.2545 31.0398 57.2545 31.0398 132663 0 0.00196146
49.6124 737032 732688 0.104156 57.1664 31.0939 57.1664 31.0939 133170 0 0.00197477
49.7143 744272 734136 0.102439 57.6382 31.1483 57.6382 31.1483 133677 0 0.00191215
49.8167 745720 741376 0.103821 58.0465 31.2036 58.0465 31.2036 134190 0 0.00192932
49.9188 752960 742824 0.102572 58.1831 31.2588 58.1831 31.2588 134703 0 0.00190926
50.0213 751512 750064 0.104269 58.6566 31.3149 58.6566 31.3149 135222 0 0.00196351
50.1238 757304 748616 0.102836 58.4306 31.3703 58.4306 31.3703 135739 0 0.00189471
50.1786 5792 754408 0.102786 97.2504 31.4423 97.2504 31.4423 136199 0 1.00587
50.2806 679112 4344 0.102785 0 31.3785 0 31.3785 136199 0 0.847342
50.321 905000 676216 0.0992762 134.74 31.4615 134.74 31.4615 136669 0 0.0926416
50.4127 732688 902104 0.0987857 78.8422 31.5477 78.8422 31.5477 137293 0 0.0559343
50.5348 538656 729792 0.11718 47.9177 31.5872 47.9177 31.5872 137798 0 0.0702291
50.6442 414128 535760 0.108256 39.1545 31.6036 39.1545 31.6036 138168 0 0.0331609
50.6897 346072 411232 0.0938457 72.4311 31.6401 72.4311 31.6401 138452 0 0.0175405
50.7785 298288 343176 0.0890534 30.9174 31.6389 30.9174 31.6389 138689 0 0.0166726
50.9641 236024 295392 0.103058 12.7916 31.5702 12.7916 31.5702 138894 0 0.0234425
50.9908 169416 233128 0.121605 69.9152 31.5903 69.9152 31.5903 139055 0 0.0306803
51.2553 121632 166520 0.153881 5.08085 31.4535 5.08085 31.4535 139171 0 0.0370826
51.3991 89776 118736 0.159932 6.68471 31.3842 6.68471 31.3842 139254 0 0.0401278
51.4124 63712 86880 0.140331 52.1107 31.3896 52.1107 31.3896 139314 0 0.0389303
51.5466 44888 60816 0.134556 3.62489 31.3173 3.62489 31.3173 139356 0 0.0399645
51.6775 33304 41992 0.1314 2.56725 31.2445 2.56725 31.2445 139385 0 0.0409828
51.9446 26064 30408 0.149323 0.954074 31.0887 0.954074 31.0887 139407 0 0.044894
52.0853 21720 23168 0.157539 1.39956 31.0085 1.39956 31.0085 139424 0 0.0471143
52.0872 18824 18824 0.1462 78.3289 31.0102 78.3289 31.0102 139437 0 0.0454627
52.3671 15928 15928 0.160742 0.496719 30.8472 0.496719 30.8472 139449 0 0.048483
52.5059 14480 13032 0.16653 0.834674 30.7679 0.834674 30.7679 139459 0 0.0499743
52.6437 13032 11584 0.170011 0.756446 30.6893 0.756446 30.6893 139468 0 0.05088
52.6447 14480 10136 0.15668 84.3542 30.6903 84.3542 30.6903 139475 0 0.048277
52.7828 13032 11584 0.14913 0.754472 30.6119 0.754472 30.6119 139484 0 0.0467217
52.9219 14480 10136 0.144938 0.583261 30.533 0.583261 30.533 139491 0 0.0461443
53.0615 13032 11584 0.156101 0.746681 30.4546 0.746681 30.4546 139500 0 0.0480131
53.2009 14480 10136 0.149108 0.581753 30.3764 0.581753 30.3764 139507 0 0.0468701
53.34 13032 11584 0.160433 0.74926 30.2991 0.74926 30.2991 139516 0 0.0488644
53.4788 14480 10136 0.151647 0.584271 30.222 0.584271 30.222 139523 0 0.0473291
53.6176 13032 11584 0.163664 0.751206 30.1457 0.751206 30.1457 139532 0 0.0495238
53.6186 14480 10136 0.153457 84.3542 30.1466 84.3542 30.1466 139539 0 0.0476641
53.7573 13032 11584 0.147475 0.751206 30.0708 0.751206 30.0708 139548 0 0.0464295
53.8962 14480 10136 0.144077 0.583766 29.9948 0.583766 29.9948 139555 0 0.0459988
54.0353 13032 11584 0.155292 0.749908 29.9195 0.749908 29.9195 139564 0 0.0478583
54.1744 14480 10136 0.14866 0.582758 29.8442 0.582758 29.8442 139571 0 0.0467904
54.3134 13032 11584 0.159865 0.749908 29.7697 0.749908 29.7697 139580 0 0.0487508
54.4526 14480 10136 0.15134 0.582758 29.6951 0.582758 29.6951 139587 0 0.0472729
54.5913 13032 11584 0.163689 0.751857 29.6216 0.751857 29.6216 139596 0 0.049529
54.5922 14480 10136 0.153363 84.3542 29.6226 84.3542 29.6226 139603 0 0.0476465
54.7312 13032 11584 0.147654 0.749908 29.5492 0.749908 29.5492 139612 0 0.0464608
54.8699 14480 10136 0.143948 0.584778 29.476 0.584778 29.476 139619 0 0.045977
55.0086 13032 11584 0.155107 0.751857 29.4036 0.751857 29.4036 139628 0 0.047823
55.148 14480 10136 0.148442 0.581753 29.3308 0.581753 29.3308 139635 0 0.0467518
55.2869 13032 11584 0.159808 0.750556 29.259 0.750556 29.259 139644 0 0.0487392
55.4261 14480 10136 0.151406 0.582255 29.1869 0.582255 29.1869 139651 0 0.0472849
55.5656 13032 11584 0.163731 0.747324 29.1155 0.747324 29.1155 139660 0 0.0495377
55.5666 14480 10136 0.153827 84.3542 29.1165 84.3542 29.1165 139667 0 0.0477333
55.7069 13032 11584 0.148284 0.742845 29.045 0.742845 29.045 139676 0 0.0465718
55.8478 14480 10136 0.14527 0.575797 28.9732 0.575797 28.9732 139683 0 0.0462008
55.988 13032 11584 0.156655 0.743482 28.9025 0.743482 28.9025 139692 0 0.0481199
56.1283 14480 10136 0.150081 0.577768 28.8317 0.577768 28.8317 139699 0 0.0470445
56.2688 13032 11584 0.161306 0.74221 28.7615 0.74221 28.7615 139708 0 0.0490405
56.4098 14480 10136 0.152903 0.575306 28.6911 0.575306 28.6911 139715 0 0.0475608
56.5506 13032 11584 0.165477 0.74031 28.6215 0.74031 28.6215 139724 0 0.0499031
56.5515 14480 10136 0.155444 84.3542 28.6225 84.3542 28.6225 139731 0 0.0480394
56.6927 13032 11584 0.149646 0.73842 28.553 0.73842 28.553 139740 0 0.0468141
56.8338 14480 10136 0.146068 0.574816 28.4836 0.574816 28.4836 139747 0 0.0463376
56.9746 13032 11584 0.157549 0.74031 28.415 0.74031 28.415 139756 0 0.0482934
57.1157 14480 10136 0.150701 0.574816 28.3462 0.574816 28.3462 139763 0 0.0471565
57.2576 13032 11584 0.162329 0.734668 28.2778 0.734668 28.2778 139772 0 0.0492488
57.3998 14480 10136 0.154012 0.570443 28.2092 0.570443 28.2092 139779 0 0.0477681
57.542 13032 11584 0.166887 0.732807 28.1412 0.732807 28.1412 139788 0 0.0502025
57.543 14480 10136 0.156768 84.3542 28.1422 84.3542 28.1422 139795 0 0.0482939
57.6853 13032 11584 0.150891 0.732807 28.0746 0.732807 28.0746 139804 0 0.0470388
57.8275 14480 10136 0.147501 0.569961 28.0069 0.569961 28.0069 139811 0 0.0465862
57.97 13032 11584 0.158939 0.731571 27.9399 0.731571 27.9399 139820 0 0.0485666
58.1129 14480 10136 0.152343 0.567564 27.8726 0.567564 27.8726 139827 0 0.0474571
58.2559 13032 11584 0.164008 0.729112 27.8059 0.729112 27.8059 139836 0 0.0495953
58.3992 14480 10136 0.155523 0.565661 27.7391 0.565661 27.7391 139843 0 0.0480546
58.5427 13032 11584 0.1683 0.726669 27.6729 0.726669 27.6729 139852 0 0.0505065
58.5437 14480 10136 0.15816 84.3542 27.6738 84.3542 27.6738 139859 0 0.0485653
58.6873 13032 11584 0.1523 0.726061 27.6079 0.726061 27.6079 139868 0 0.047297
58.8312 14480 10136 0.148866 0.5633 27.5417 0.5633 27.5417 139875 0 0.046827
58.9749 13032 11584 0.160538 0.725454 27.4764 0.725454 27.4764 139884 0 0.0488855
59.1191 14480 10136 0.153819 0.562361 27.4107 0.562361 27.4107 139891 0 0.0477319
59.2634 13032 11584 0.165714 0.722434 27.3457 0.722434 27.3457 139900 0 0.0499532
59.4081 14480 10136 0.156963 0.560493 27.2805 0.560493 27.2805 139907 0 0.0483317
59.553 13032 11584 0.170012 0.719439 27.2159 0.719439 27.2159 139916 0 0.0508804
59.554 14480 10136 0.159662 84.3542 27.2168 84.3542 27.2168 139923 0 0.0488623
59.6999 13032 11584 0.154008 0.714698 27.152 0.714698 27.152 139932 0 0.0476152
59.8466 14480 10136 0.151108 0.552689 27.0868 0.552689 27.0868 139939 0 0.0472306
59.9904 13032 11584 0.162295 0.724848 27.0236 0.724848 27.0236 139948 0 0.0492419
