0.340049 14480 0 0 0 0 0 0 0 0 0.0428864
0.382547 15928 13032 0.04025 2.7258 0.302812 2.7258 0.302812 10 0 0.0383472
0.382787 17376 13032 0.0404687 96.4048 0.363147 96.4048 0.363147 12 0 0.0383438
0.383028 18824 14480 0.0407852 144.607 0.453649 144.607 0.453649 15 0 0.0381505
0.383268 20272 15928 0.041062 144.607 0.544037 144.607 0.544037 18 0 0.0379584
0.383508 21720 17376 0.0413043 144.607 0.634312 144.607 0.634312 21 0 0.0377674
0.433765 23168 18824 0.0477662 0.691498 0.640938 0.691498 0.640938 24 0 0.0375354
0.434005 24616 20272 0.0482954 144.607 0.720656 144.607 0.720656 27 0 0.0373486
0.493969 21720 21720 0.0576679 2.89772 0.984936 2.89772 0.984936 42 0 0.0372732
0.550088 17376 18824 0.0649093 2.88986 1.17927 2.88986 1.17927 56 0 0.0378678
0.602118 13032 14480 0.0646762 2.44908 1.289 2.44908 1.289 67 0 0.0384231
0.646457 11584 10136 0.057531 1.82882 1.32602 1.82882 1.32602 74 0 0.0387566
0.687071 10136 8688 0.057041 1.99655 1.36566 1.99655 1.36566 81 0 0.0389376
0.687792 11584 7240 0.0516212 80.3373 1.44844 80.3373 1.44844 86 0 0.0390594
0.732972 13032 8688 0.0494357 1.79477 1.46979 1.79477 1.46979 93 0 0.0388579
0.785241 14480 10136 0.0499423 1.55134 1.47522 1.55134 1.47522 100 0 0.0386695
0.841476 13032 11584 0.0575982 1.85394 1.50052 1.85394 1.50052 109 0 0.0385683
0.894467 11584 10136 0.0566712 1.53023 1.50228 1.53023 1.50228 116 0 0.038741
0.941209 10136 8688 0.0610114 1.73479 1.51383 1.73479 1.51383 123 0 0.0390251
0.94193 11584 7240 0.0562615 80.3373 1.57416 80.3373 1.57416 128 0 0.0391146
0.984226 13032 8688 0.0516791 1.91714 1.5889 1.91714 1.5889 135 0 0.0388693
1.02917 14480 10136 0.0494081 1.80437 1.59831 1.80437 1.59831 142 0 0.0386678
1.07867 13032 11584 0.0535683 2.10593 1.62161 2.10593 1.62161 151 0 0.0385072
1.13034 14480 10136 0.0522579 1.56938 1.61922 1.56938 1.61922 158 0 0.0386839
1.18033 11584 11584 0.0582762 2.08568 1.63898 2.08568 1.63898 167 0 0.0385993
1.18129 10136 8688 0.0549607 72.3036 1.69648 72.3036 1.69648 173 0 0.0389043
1.22875 11584 7240 0.0525381 1.22031 1.67809 1.22031 1.67809 178 0 0.0390669
1.27477 10136 8688 0.0548781 1.76197 1.68111 1.76197 1.68111 185 0 0.0389031
1.32091 11584 7240 0.0520433 1.25527 1.66624 1.25527 1.66624 190 0 0.0390627
1.36874 10136 8688 0.0555349 1.69556 1.66726 1.69556 1.66726 197 0 0.0389126
1.41788 11584 7240 0.0531728 1.17854 1.65032 1.17854 1.65032 202 0 0.0390731
1.46703 10136 8688 0.0581255 1.64996 1.65031 1.64996 1.65031 209 0 0.0389583
1.46775 11584 7240 0.0552091 80.3373 1.68896 80.3373 1.68896 214 0 0.0390983
1.51605 13032 8688 0.0529545 1.67869 1.68864 1.67869 1.68864 221 0 0.0388804
1.56388 14480 10136 0.0514148 1.69556 1.68885 1.69556 1.68885 228 0 0.0386774
1.61194 13032 11584 0.0551423 2.16911 1.70317 2.16911 1.70317 237 0 0.0385272
1.66025 14480 10136 0.0523954 1.67869 1.70246 1.67869 1.70246 244 0 0.0386851
1.70903 13032 11584 0.0567853 2.13705 1.71486 2.13705 1.71486 253 0 0.0385534
1.70999 14480 10136 0.0535636 84.3542 1.76132 84.3542 1.76132 260 0 0.0386967
1.75854 15928 11584 0.0515913 2.14763 1.77198 2.14763 1.77198 269 0 0.0384891
1.8066 17376 13032 0.0502846 2.16911 1.78255 2.16911 1.78255 278 0 0.0382923
1.85455 15928 14480 0.0538493 2.65778 1.80517 2.65778 1.80517 289 0 0.0381327
1.90297 17376 13032 0.0510839 2.15296 1.81402 2.15296 1.81402 298 0 0.0382966
1.95163 15928 14480 0.0551138 2.6184 1.83408 2.6184 1.83408 309 0 0.0381491
2.00042 17376 13032 0.0521358 2.13705 1.84147 2.13705 1.84147 318 0 0.0383042
2.04908 14480 14480 0.0566084 2.6184 1.85992 2.6184 1.85992 329 0 0.03819
2.05029 15928 11584 0.0529024 77.1238 1.90403 77.1238 1.90403 337 0 0.0385002
2.09895 17376 13032 0.0511625 2.14233 1.90956 2.14233 1.90956 346 0 0.0382971
2.14834 15928 14480 0.0543631 2.58018 1.92497 2.58018 1.92497 357 0 0.0381389
2.19712 17376 13032 0.051824 2.13705 1.92968 2.13705 1.92968 366 0 0.0383017
2.24519 15928 14480 0.0548371 2.65113 1.94513 2.65113 1.94513 377 0 0.0381452
2.29385 17376 13032 0.0517412 2.14233 1.94931 2.14233 1.94931 386 0 0.0383011
2.34372 15928 14480 0.0558904 2.55531 1.9622 2.55531 1.9622 397 0 0.0381607
2.39442 14480 13032 0.0531462 2.05603 1.96419 2.05603 1.96419 406 0 0.0383136
2.44477 11584 11584 0.0582258 2.07075 1.96638 2.07075 1.96638 415 0 0.0385982
2.44573 10136 8688 0.0550013 72.3036 1.99403 72.3036 1.99403 421 0 0.0389048
2.495 11584 7240 0.0530204 1.17567 1.97787 1.17567 1.97787 426 0 0.0390715
2.54294 10136 8688 0.0560527 1.69131 1.97247 1.69131 1.97247 433 0 0.0389207
2.59185 11584 7240 0.0537248 1.18433 1.9576 1.18433 1.9576 438 0 0.0390791
2.64231 10136 8688 0.0579797 1.60675 1.9509 1.60675 1.9509 445 0 0.0389554
2.69326 11584 7240 0.0555665 1.13685 1.9355 1.13685 1.9355 450 0 0.0391036
2.74385 10136 8688 0.0603092 1.60293 1.92937 1.60293 1.92937 457 0 0.0390073
2.74457 11584 7240 0.0572364 80.3373 1.94996 80.3373 1.94996 462 0 0.0391316
2.79444 10136 8688 0.0548478 1.6261 1.94418 1.6261 1.94418 469 0 0.0389027
2.8431 11584 7240 0.0530133 1.19018 1.93128 1.19018 1.93128 474 0 0.0390714
2.89201 10136 8688 0.0570636 1.65807 1.92666 1.65807 1.92666 481 0 0.038938
2.94163 11584 7240 0.054527 1.16713 1.91384 1.16713 1.91384 486 0 0.0390889
2.9921 10136 8688 0.059187 1.60675 1.90866 1.60675 1.90866 493 0 0.038981
2.99282 11584 7240 0.0563597 80.3373 1.92756 80.3373 1.92756 498 0 0.0391162
3.04377 10136 8688 0.0545906 1.59159 1.92193 1.59159 1.92193 505 0 0.0388992
3.09448 11584 7240 0.0535011 1.14224 1.90916 1.14224 1.90916 510 0 0.0390766
3.14458 10136 8688 0.0579099 1.61831 1.90452 1.61831 1.90452 517 0 0.038954
3.19469 11584 7240 0.0554084 1.15593 1.89278 1.15593 1.89278 522 0 0.0391012
3.24444 10136 8688 0.0598576 1.63003 1.88875 1.63003 1.88875 529 0 0.0389964
3.24516 11584 7240 0.0566038 80.3373 1.90618 80.3373 1.90618 534 0 0.0391203
3.29514 10136 8688 0.054549 1.6222 1.90187 1.6222 1.90187 541 0 0.0388987
3.34537 11584 7240 0.0532819 1.15317 1.89063 1.15317 1.89063 546 0 0.0390742
3.39584 10136 8688 0.0576673 1.60675 1.88641 1.60675 1.88641 553 0 0.0389493
3.44606 11584 7240 0.0554666 1.15317 1.87573 1.15317 1.87573 558 0 0.0391021
3.49605 10136 8688 0.0600079 1.6222 1.8721 1.6222 1.8721 565 0 0.039
3.49677 11584 7240 0.0567045 80.3373 1.88828 80.3373 1.88828 570 0 0.0391221
3.54736 10136 8688 0.0547259 1.60293 1.88421 1.60293 1.88421 577 0 0.038901
3.59819 11584 7240 0.053496 1.13954 1.87369 1.13954 1.87369 582 0 0.0390765
3.64938 10136 8688 0.0583753 1.58412 1.86963 1.58412 1.86963 589 0 0.0389635
3.70008 11584 7240 0.0559409 1.14224 1.85966 1.14224 1.85966 594 0 0.0391094
3.75079 10136 8688 0.06056 1.59913 1.85614 1.59913 1.85614 601 0 0.0390136
3.75151 11584 7240 0.0574044 80.3373 1.87122 80.3373 1.87122 606 0 0.0391348
3.80174 10136 8688 0.0550561 1.61443 1.86783 1.61443 1.86783 613 0 0.0389056
3.85233 11584 7240 0.0536216 1.14495 1.85834 1.14495 1.85834 618 0 0.0390779
3.90291 10136 8688 0.0581 1.60293 1.85502 1.60293 1.85502 625 0 0.0389578
3.95374 11584 7240 0.0557564 1.13954 1.84583 1.13954 1.84583 630 0 0.0391065
4.00421 10136 8688 0.0604364 1.60675 1.84281 1.60675 1.84281 637 0 0.0390105
4.00493 11584 7240 0.0571967 80.3373 1.85694 80.3373 1.85694 642 0 0.0391309
4.05564 10136 8688 0.0551513 1.59913 1.85372 1.59913 1.85372 649 0 0.038907
4.10646 11584 7240 0.053781 1.13954 1.84488 1.13954 1.84488 654 0 0.0390797
4.15753 10136 8688 0.0584412 1.58784 1.84172 1.58784 1.84172 661 0 0.0389648
4.20848 11584 7240 0.0560944 1.13685 1.83319 1.13685 1.83319 666 0 0.0391118
4.25931 10136 8688 0.0606628 1.59535 1.83035 1.59535 1.83035 673 0 0.0390162
4.26003 11584 7240 0.0575984 80.3373 1.84364 80.3373 1.84364 678 0 0.0391384
4.31074 10136 8688 0.0554204 1.59913 1.84076 1.59913 1.84076 685 0 0.0389109
4.36156 11584 7240 0.0538656 1.13954 1.83259 1.13954 1.83259 690 0 0.0390807
4.41239 10136 8688 0.0584979 1.59535 1.82986 1.59535 1.82986 697 0 0.038966
4.4631 11584 7240 0.056023 1.14224 1.82205 1.14224 1.82205 702 0 0.0391107
4.51417 10136 8688 0.06074 1.58784 1.8194 1.58784 1.8194 709 0 0.0390181
4.51489 11584 7240 0.057525 80.3373 1.83193 80.3373 1.83193 714 0 0.039137
4.56584 10136 8688 0.0553713 1.59159 1.82925 1.59159 1.82925 721 0 0.0389101
4.61678 11584 7240 0.0540241 1.13685 1.82161 1.13685 1.82161 726 0 0.0390826
4.66749 10136 8688 0.0585904 1.59913 1.81919 1.59913 1.81919 733 0 0.038968
4.7182 11584 7240 0.0559756 1.14224 1.81192 1.14224 1.81192 738 0 0.0391099
4.76903 10136 8688 0.0607082 1.59535 1.80961 1.59535 1.80961 745 0 0.0390173
4.76975 11584 7240 0.0575038 80.3373 1.82148 80.3373 1.82148 750 0 0.0391366
4.82069 10136 8688 0.055357 1.59159 1.81905 1.59159 1.81905 757 0 0.0389099
4.87176 11584 7240 0.0539189 1.13417 1.81187 1.13417 1.81187 762 0 0.0390813
4.92271 10136 8688 0.0586292 1.59159 1.80959 1.59159 1.80959 769 0 0.0389688
4.97342 11584 7240 0.056111 1.14224 1.80279 1.14224 1.80279 774 0 0.0391121
5.02425 10136 8688 0.060674 1.59535 1.80069 1.59535 1.80069 781 0 0.0390164
5.02497 11584 7240 0.0574808 80.3373 1.81196 80.3373 1.81196 786 0 0.0391362
5.07591 10136 8688 0.0553416 1.59159 1.80975 1.59159 1.80975 793 0 0.0389097
5.12698 11584 7240 0.0540043 1.13417 1.80302 1.13417 1.80302 798 0 0.0390824
5.17781 10136 8688 0.0585771 1.59535 1.80098 1.59535 1.80098 805 0 0.0389677
5.22828 11584 7240 0.0561717 1.14768 1.79467 1.14768 1.79467 810 0 0.0391131
5.27911 10136 8688 0.0606053 1.59535 1.79275 1.59535 1.79275 817 0 0.0390147
5.27983 11584 7240 0.0574348 80.3373 1.80348 80.3373 1.80348 822 0 0.0391353
5.33053 10136 8688 0.0553108 1.59913 1.80153 1.59913 1.80153 829 0 0.0389093
5.38136 11584 7240 0.0538879 1.13954 1.79528 1.13954 1.79528 834 0 0.039081
5.43219 10136 8688 0.0584034 1.59535 1.79341 1.59535 1.79341 841 0 0.038964
5.4829 11584 7240 0.0559597 1.14224 1.78739 1.14224 1.78739 846 0 0.0391097
5.53372 10136 8688 0.0605726 1.59535 1.78562 1.59535 1.78562 853 0 0.0390139
5.53445 11584 7240 0.0574129 80.3373 1.79586 80.3373 1.79586 858 0 0.0391349
5.58515 10136 8688 0.0552961 1.59913 1.79407 1.59913 1.79407 865 0 0.038909
5.63598 11584 7240 0.0538781 1.13954 1.78817 1.13954 1.78817 870 0 0.0390809
5.68669 10136 8688 0.0583968 1.59913 1.78648 1.59913 1.78648 877 0 0.0389639
5.7374 11584 7240 0.0559553 1.14224 1.78079 1.14224 1.78079 882 0 0.0391096
5.78822 10136 8688 0.0605697 1.59535 1.77916 1.59535 1.77916 889 0 0.0390138
5.78894 11584 7240 0.0574109 80.3373 1.78894 80.3373 1.78894 894 0 0.0391349
5.83965 10136 8688 0.0552948 1.59913 1.7873 1.59913 1.7873 901 0 0.038909
5.89048 11584 7240 0.0538772 1.13954 1.78171 1.13954 1.78171 906 0 0.0390809
5.94119 10136 8688 0.0583962 1.59913 1.78015 1.59913 1.78015 913 0 0.0389639
5.99189 11584 7240 0.0559549 1.14224 1.77475 1.14224 1.77475 918 0 0.0391096
6.04272 10136 8688 0.0605694 1.59535 1.77324 1.59535 1.77324 925 0 0.0390138
6.04344 11584 7240 0.0574107 80.3373 1.78261 80.3373 1.78261 930 0 0.0391349
6.09439 10136 8688 0.0554041 1.59159 1.78102 1.59159 1.78102 937 0 0.0389106
6.14546 11584 7240 0.0540598 1.13417 1.77564 1.13417 1.77564 942 0 0.039083
6.19629 10136 8688 0.0586279 1.59535 1.77416 1.59535 1.77416 949 0 0.0389688
6.24675 11584 7240 0.0559851 1.14768 1.7691 1.14768 1.7691 954 0 0.0391101
6.29758 10136 8688 0.0604939 1.59535 1.7677 1.59535 1.7677 961 0 0.0390119
6.2983 11584 7240 0.0574696 80.3373 1.77669 80.3373 1.77669 966 0 0.039136
6.34913 10136 8688 0.0553341 1.59535 1.77524 1.59535 1.77524 973 0 0.0389096
6.4002 11584 7240 0.0540285 1.13417 1.77013 1.13417 1.77013 978 0 0.0390827
6.45115 10136 8688 0.0586226 1.59159 1.76872 1.59159 1.76872 985 0 0.0389687
6.50185 11584 7240 0.0561066 1.14224 1.76383 1.14224 1.76383 990 0 0.039112
6.55268 10136 8688 0.060671 1.59535 1.76252 1.59535 1.76252 997 0 0.0390164
6.5534 11584 7240 0.0574788 80.3373 1.77117 80.3373 1.77117 1002 0 0.0391362
6.60435 10136 8688 0.0554497 1.59159 1.76978 1.59159 1.76978 1009 0 0.0389113
6.65542 11584 7240 0.0540903 1.13417 1.7649 1.13417 1.7649 1014 0 0.0390834
6.70625 10136 8688 0.0586484 1.59535 1.76362 1.59535 1.76362 1021 0 0.0389692
6.75671 11584 7240 0.0559988 1.14768 1.75902 1.14768 1.75902 1026 0 0.0391103
6.80754 10136 8688 0.0605031 1.59535 1.7578 1.59535 1.7578 1033 0 0.0390121
6.80826 11584 7240 0.0574757 80.3373 1.76612 80.3373 1.76612 1038 0 0.0391361
6.85909 10136 8688 0.0553382 1.59535 1.76485 1.59535 1.76485 1045 0 0.0389097
6.91016 11584 7240 0.0540313 1.13417 1.76019 1.13417 1.76019 1050 0 0.0390827
6.96098 10136 8688 0.0584995 1.59535 1.75899 1.59535 1.75899 1057 0 0.038966
7.01145 11584 7240 0.0560241 1.14768 1.75459 1.14768 1.75459 1062 0 0.0391107
7.06228 10136 8688 0.0605063 1.59535 1.75344 1.59535 1.75344 1069 0 0.0390122
7.063 11584 7240 0.0574935 80.3373 1.76146 80.3373 1.76146 1074 0 0.0391364
7.11383 10136 8688 0.0553501 1.59535 1.76028 1.59535 1.76028 1081 0 0.0389098
7.1649 11584 7240 0.0539143 1.13417 1.75581 1.13417 1.75581 1086 0 0.0390813
7.21572 10136 8688 0.0585168 1.59535 1.75468 1.59535 1.75468 1093 0 0.0389664
7.26619 11584 7240 0.0560357 1.14768 1.75047 1.14768 1.75047 1098 0 0.0391109
7.31702 10136 8688 0.0606235 1.59535 1.74939 1.59535 1.74939 1105 0 0.0390152
7.31774 11584 7240 0.057447 80.3373 1.75713 80.3373 1.75713 1110 0 0.0391356
7.36857 10136 8688 0.055319 1.59535 1.75602 1.59535 1.75602 1117 0 0.0389094
7.41964 11584 7240 0.0538934 1.13417 1.75174 1.13417 1.75174 1122 0 0.039081
7.47058 10136 8688 0.0585165 1.59159 1.75064 1.59159 1.75064 1129 0 0.0389664
7.52129 11584 7240 0.0561448 1.14224 1.74654 1.14224 1.74654 1134 0 0.0391127
7.57212 10136 8688 0.0606966 1.59535 1.74553 1.59535 1.74553 1141 0 0.039017
7.57284 11584 7240 0.057496 80.3373 1.75301 80.3373 1.75301 1146 0 0.0391365
7.62379 10136 8688 0.0553518 1.59159 1.75193 1.59159 1.75193 1153 0 0.0389099
7.67486 11584 7240 0.0540111 1.13417 1.74782 1.13417 1.74782 1158 0 0.0390824
7.72568 10136 8688 0.0585816 1.59535 1.74682 1.59535 1.74682 1165 0 0.0389678
7.77615 11584 7240 0.0560791 1.14768 1.74293 1.14768 1.74293 1170 0 0.0391116
7.82698 10136 8688 0.0605276 1.59535 1.74197 1.59535 1.74197 1177 0 0.0390128
7.8277 11584 7240 0.0573827 80.3373 1.74921 80.3373 1.74921 1182 0 0.0391344
7.87853 10136 8688 0.0553716 1.59535 1.74822 1.59535 1.74822 1189 0 0.0389102
7.92959 11584 7240 0.0539287 1.13417 1.74426 1.13417 1.74426 1194 0 0.0390815
7.98042 10136 8688 0.0585401 1.59535 1.74331 1.59535 1.74331 1201 0 0.0389669
8.03089 11584 7240 0.0559263 1.14768 1.73957 1.14768 1.73957 1206 0 0.0391091
8.08172 10136 8688 0.0605502 1.59535 1.73866 1.59535 1.73866 1213 0 0.0390133
8.08244 11584 7240 0.0573979 80.3373 1.74568 80.3373 1.74568 1218 0 0.0391346
8.13327 10136 8688 0.0553955 1.59535 1.74474 1.59535 1.74474 1225 0 0.0389105
8.18433 11584 7240 0.054054 1.13417 1.74093 1.13417 1.74093 1230 0 0.039083
8.23528 10136 8688 0.0586241 1.59159 1.74 1.59159 1.74 1237 0 0.0389687
8.28623 11584 7240 0.0561075 1.13685 1.73629 1.13685 1.73629 1242 0 0.039112
8.3373 10136 8688 0.0607966 1.58784 1.73538 1.58784 1.73538 1249 0 0.0390196
8.33802 11584 7240 0.057688 80.3373 1.74218 80.3373 1.74218 1254 0 0.0391402
8.38897 10136 8688 0.0554804 1.59159 1.74127 1.59159 1.74127 1261 0 0.0389118
8.43979 11584 7240 0.0540015 1.13954 1.73764 1.13954 1.73764 1266 0 0.0390823
8.4905 10136 8688 0.0585752 1.59913 1.73682 1.59913 1.73682 1273 0 0.0389676
8.54121 11584 7240 0.0559654 1.14224 1.73329 1.14224 1.73329 1278 0 0.0391098
8.59216 10136 8688 0.0607015 1.59159 1.73245 1.59159 1.73245 1285 0 0.0390171
8.59288 11584 7240 0.0574992 80.3373 1.73904 80.3373 1.73904 1290 0 0.0391366
8.64383 10136 8688 0.055354 1.59159 1.73817 1.59159 1.73817 1297 0 0.0389099
8.69489 11584 7240 0.0540125 1.13417 1.73462 1.13417 1.73462 1302 0 0.0390825
8.7456 10136 8688 0.0585826 1.59913 1.73384 1.59913 1.73384 1309 0 0.0389678
8.79607 11584 7240 0.0560798 1.14768 1.73047 1.14768 1.73047 1314 0 0.0391116
8.8469 10136 8688 0.060528 1.59535 1.7297 1.59535 1.7297 1321 0 0.0390128
8.84762 11584 7240 0.057383 80.3373 1.7361 80.3373 1.7361 1326 0 0.0391344
8.89844 10136 8688 0.0552761 1.59535 1.7353 1.59535 1.7353 1333 0 0.0389088
8.94951 11584 7240 0.0539741 1.13417 1.73187 1.13417 1.73187 1338 0 0.039082
9.00034 10136 8688 0.0585705 1.59535 1.7311 1.59535 1.7311 1345 0 0.0389675
9.05081 11584 7240 0.0559466 1.14768 1.72785 1.14768 1.72785 1350 0 0.0391095
9.10164 10136 8688 0.0605639 1.59535 1.72711 1.59535 1.72711 1357 0 0.0390137
9.10236 11584 7240 0.057407 80.3373 1.73333 80.3373 1.73333 1362 0 0.0391348
9.15318 10136 8688 0.0552922 1.59535 1.73257 1.59535 1.73257 1369 0 0.038909
9.20425 11584 7240 0.0541098 1.13417 1.72925 1.13417 1.72925 1374 0 0.0390836
9.2552 10136 8688 0.0585521 1.59159 1.72849 1.59159 1.72849 1381 0 0.0389672
9.30591 11584 7240 0.0560593 1.14224 1.72529 1.14224 1.72529 1386 0 0.0391113
9.35673 10136 8688 0.0606393 1.59535 1.72459 1.59535 1.72459 1393 0 0.0390156
9.35746 11584 7240 0.0574576 80.3373 1.73064 80.3373 1.73064 1398 0 0.0391358
9.4084 10136 8688 0.0554355 1.59159 1.72989 1.59159 1.72989 1405 0 0.0389111
9.45947 11584 7240 0.0540808 1.13417 1.72668 1.13417 1.72668 1410 0 0.0390833
9.5103 10136 8688 0.058642 1.59535 1.72597 1.59535 1.72597 1417 0 0.0389691
9.56077 11584 7240 0.0559945 1.14768 1.72292 1.14768 1.72292 1422 0 0.0391102
9.61159 10136 8688 0.060596 1.59535 1.72225 1.59535 1.72225 1429 0 0.0390145
9.61232 11584 7240 0.0574285 80.3373 1.72814 80.3373 1.72814 1434 0 0.0391352
9.66314 10136 8688 0.0553066 1.59535 1.72744 1.59535 1.72744 1441 0 0.0389092
9.71421 11584 7240 0.0540101 1.13417 1.72433 1.13417 1.72433 1446 0 0.0390824
9.76504 10136 8688 0.0586103 1.59535 1.72365 1.59535 1.72365 1453 0 0.0389684
9.81551 11584 7240 0.0560983 1.14768 1.72069 1.14768 1.72069 1458 0 0.0391119
9.86633 10136 8688 0.0604604 1.59535 1.72005 1.59535 1.72005 1465 0 0.0390111
9.86705 11584 7240 0.0574627 80.3373 1.72579 80.3373 1.72579 1470 0 0.0391359
9.91788 10136 8688 0.0553295 1.59535 1.72512 1.59535 1.72512 1477 0 0.0389095
9.96895 11584 7240 0.0539004 1.13417 1.7221 1.13417 1.7221 1482 0 0.0390811
10.0199 10136 8688 0.0585075 1.59159 1.72143 1.59159 1.72143 1489 0 0.0389662
10.0708 11584 7240 0.0561251 1.13685 1.71847 1.13685 1.71847 1494 0 0.0391123
10.1219 10136 8688 0.0607792 1.58784 1.71782 1.58784 1.71782 1501 0 0.0390191
10.1226 11584 7240 0.057647 80.3373 1.72342 80.3373 1.72342 1506 0 0.0391394
10.1736 10136 8688 0.0555487 1.59159 1.72276 1.59159 1.72276 1513 0 0.0389128
10.2243 11584 7240 0.0540472 1.14224 1.71988 1.14224 1.71988 1518 0 0.0390829
10.2748 10136 8688 0.0583852 1.60675 1.71932 1.60675 1.71932 1525 0 0.0389637
10.3252 11584 7240 0.0558518 1.14768 1.71653 1.14768 1.71653 1530 0 0.039108
10.3762 10136 8688 0.0605003 1.59159 1.71591 1.59159 1.71591 1537 0 0.0390121
10.3769 11584 7240 0.0573645 80.3373 1.72138 80.3373 1.72138 1542 0 0.039134
10.428 10136 8688 0.0552637 1.58784 1.72072 1.58784 1.72072 1549 0 0.0389086
10.4793 11584 7240 0.0541864 1.12886 1.71782 1.12886 1.71782 1554 0 0.0390846
10.5301 10136 8688 0.0586991 1.59535 1.71723 1.59535 1.71723 1561 0 0.0389703
10.5807 11584 7240 0.0561578 1.14495 1.7145 1.14495 1.7145 1566 0 0.0391129
10.6315 10136 8688 0.0606096 1.59535 1.71393 1.59535 1.71393 1573 0 0.0390148
10.6322 11584 7240 0.0574377 80.3373 1.71926 80.3373 1.71926 1578 0 0.0391354
10.6831 10136 8688 0.0554377 1.59535 1.71867 1.59535 1.71867 1585 0 0.0389111
10.7341 11584 7240 0.0540979 1.13417 1.71589 1.13417 1.71589 1590 0 0.0390835
10.7852 10136 8688 0.0586691 1.58784 1.71528 1.58784 1.71528 1597 0 0.0389696
10.8361 11584 7240 0.0562627 1.13685 1.71256 1.13685 1.71256 1602 0 0.0391146
10.8872 10136 8688 0.0609006 1.58784 1.71198 1.58784 1.71198 1609 0 0.0390222
10.8879 11584 7240 0.0576326 80.3373 1.71718 80.3373 1.71718 1614 0 0.0391391
10.9389 10136 8688 0.0554433 1.59159 1.7166 1.59159 1.7166 1621 0 0.0389112
10.9899 11584 7240 0.0540724 1.13417 1.71389 1.13417 1.71389 1626 0 0.0390832
11.0405 10136 8688 0.0586227 1.60293 1.71338 1.60293 1.71338 1633 0 0.0389687
11.091 11584 7240 0.0561066 1.14768 1.71081 1.14768 1.71081 1638 0 0.039112
11.1416 10136 8688 0.060546 1.60293 1.71032 1.60293 1.71032 1645 0 0.0390132
11.1423 11584 7240 0.0572994 80.3373 1.71541 80.3373 1.71541 1650 0 0.0391328
11.1931 10136 8688 0.0552201 1.59535 1.71486 1.59535 1.71486 1657 0 0.0389079
11.2442 11584 7240 0.0539521 1.13417 1.71222 1.13417 1.71222 1662 0 0.0390817
11.2953 10136 8688 0.0586808 1.58784 1.71166 1.58784 1.71166 1669 0 0.0389699
11.3462 11584 7240 0.0561456 1.13685 1.70908 1.13685 1.70908 1674 0 0.0391127
11.3971 10136 8688 0.0608221 1.59535 1.70857 1.59535 1.70857 1681 0 0.0390202
11.3978 11584 7240 0.0575801 80.3373 1.71355 80.3373 1.71355 1686 0 0.0391381
11.4487 10136 8688 0.0554081 1.59159 1.713 1.59159 1.713 1693 0 0.0389107
11.4998 11584 7240 0.0539531 1.13417 1.71043 1.13417 1.71043 1698 0 0.0390818
11.5507 10136 8688 0.0586522 1.59159 1.70991 1.59159 1.70991 1705 0 0.0389693
11.6017 11584 7240 0.0561264 1.13685 1.70739 1.13685 1.70739 1710 0 0.0391124
11.6528 10136 8688 0.0607936 1.58784 1.70687 1.58784 1.70687 1717 0 0.0390195
11.6535 11584 7240 0.0576703 80.3373 1.71173 80.3373 1.71173 1722 0 0.0391398
11.7044 10136 8688 0.055578 1.59159 1.71121 1.59159 1.71121 1729 0 0.0389132
11.7552 11584 7240 0.0541763 1.13954 1.70874 1.13954 1.70874 1734 0 0.0390845
11.8058 10136 8688 0.0584716 1.60293 1.70829 1.60293 1.70829 1741 0 0.0389655
11.8563 11584 7240 0.0560054 1.14768 1.7059 1.14768 1.7059 1746 0 0.0391104
11.9073 10136 8688 0.0604938 1.59159 1.70541 1.59159 1.70541 1753 0 0.0390119
11.908 11584 7240 0.0573601 80.3373 1.71017 80.3373 1.71017 1758 0 0.0391339
11.959 10136 8688 0.0553858 1.58784 1.70965 1.58784 1.70965 1765 0 0.0389104
12.0103 11584 7240 0.0542682 1.12886 1.70717 1.12886 1.70717 1770 0 0.0390856
12.0612 10136 8688 0.0586582 1.59535 1.7067 1.59535 1.7067 1777 0 0.0389694
12.1118 11584 7240 0.0561304 1.14495 1.70435 1.14495 1.70435 1782 0 0.0391124
12.1626 10136 8688 0.060687 1.59535 1.70389 1.59535 1.70389 1789 0 0.0390168
12.1633 11584 7240 0.0574895 80.3373 1.70856 80.3373 1.70856 1794 0 0.0391364
12.2141 10136 8688 0.0553475 1.59535 1.70808 1.59535 1.70808 1801 0 0.0389098
12.2652 11584 7240 0.0540375 1.13417 1.7057 1.13417 1.7057 1806 0 0.0390828
12.3162 10136 8688 0.0586286 1.59159 1.70522 1.59159 1.70522 1813 0 0.0389688
12.3671 11584 7240 0.0562356 1.13685 1.70288 1.13685 1.70288 1818 0 0.0391141
12.4182 10136 8688 0.0608824 1.58784 1.70241 1.58784 1.70241 1825 0 0.0390218
12.4189 11584 7240 0.0576204 80.3373 1.70697 80.3373 1.70697 1830 0 0.0391389
12.4698 10136 8688 0.0554352 1.59159 1.7065 1.59159 1.7065 1837 0 0.0389111
12.5205 11584 7240 0.0540669 1.14224 1.70422 1.14224 1.70422 1842 0 0.0390831
12.571 10136 8688 0.058414 1.60675 1.70383 1.60675 1.70383 1849 0 0.0389643
12.6215 11584 7240 0.0559668 1.14768 1.7016 1.14768 1.7016 1854 0 0.0391098
12.6723 10136 8688 0.0603723 1.59535 1.70118 1.59535 1.70118 1861 0 0.0390089
12.673 11584 7240 0.0574037 80.3373 1.70565 80.3373 1.70565 1866 0 0.0391347
12.7239 10136 8688 0.05529 1.59535 1.70521 1.59535 1.70521 1873 0 0.038909
12.7749 11584 7240 0.0538739 1.13417 1.70293 1.13417 1.70293 1878 0 0.0390808
12.8259 10136 8688 0.0584898 1.59159 1.70248 1.59159 1.70248 1885 0 0.0389658
12.8766 11584 7240 0.0561133 1.14224 1.70028 1.14224 1.70028 1890 0 0.0391121
12.9274 10136 8688 0.0606755 1.59535 1.69986 1.59535 1.69986 1897 0 0.0390165
12.9281 11584 7240 0.0574818 80.3373 1.70425 80.3373 1.70425 1902 0 0.0391362
12.9791 10136 8688 0.0554673 1.59159 1.70381 1.59159 1.70381 1909 0 0.0389116
13.0301 11584 7240 0.0541177 1.13417 1.70158 1.13417 1.70158 1914 0 0.0390837
13.0811 10136 8688 0.0586824 1.59159 1.70115 1.59159 1.70115 1921 0 0.0389699
13.1318 11584 7240 0.0561466 1.14224 1.69899 1.14224 1.69899 1926 0 0.0391127
13.1826 10136 8688 0.0606978 1.59535 1.69859 1.59535 1.69859 1933 0 0.039017
13.1834 11584 7240 0.0574968 80.3373 1.70289 80.3373 1.70289 1938 0 0.0391365
13.2343 10136 8688 0.0554617 1.59159 1.70246 1.59159 1.70246 1945 0 0.0389115
13.2854 11584 7240 0.0540984 1.13417 1.70028 1.13417 1.70028 1950 0 0.0390835
13.3363 10136 8688 0.0586538 1.59159 1.69986 1.59159 1.69986 1957 0 0.0389693
13.387 11584 7240 0.0561274 1.14224 1.69775 1.14224 1.69775 1962 0 0.0391124
13.4378 10136 8688 0.060685 1.59535 1.69736 1.59535 1.69736 1969 0 0.0390167
13.4386 11584 7240 0.0574882 80.3373 1.70158 80.3373 1.70158 1974 0 0.0391363
13.4895 10136 8688 0.0554423 1.59159 1.70117 1.59159 1.70117 1981 0 0.0389112
13.5406 11584 7240 0.053976 1.13417 1.69903 1.13417 1.69903 1986 0 0.039082
13.5915 10136 8688 0.0585718 1.59159 1.69862 1.59159 1.69862 1993 0 0.0389676
13.6422 11584 7240 0.0561819 1.14224 1.69656 1.14224 1.69656 1998 0 0.0391133
13.6931 10136 8688 0.0607215 1.59535 1.69618 1.59535 1.69618 2005 0 0.0390176
13.6938 11584 7240 0.0575126 80.3373 1.70032 80.3373 1.70032 2010 0 0.0391368
13.7447 10136 8688 0.0553629 1.59159 1.69992 1.59159 1.69992 2017 0 0.03891
13.7958 11584 7240 0.0539228 1.13417 1.69782 1.13417 1.69782 2022 0 0.0390814
13.8468 10136 8688 0.0586319 1.59159 1.69743 1.59159 1.69743 2029 0 0.0389688
13.8975 11584 7240 0.0561128 1.14224 1.69541 1.14224 1.69541 2034 0 0.0391121
13.9483 10136 8688 0.0606752 1.59535 1.69504 1.59535 1.69504 2041 0 0.0390165
13.949 11584 7240 0.0576066 80.3373 1.69911 80.3373 1.69911 2046 0 0.0391386
14 10136 8688 0.0554259 1.59159 1.69872 1.59159 1.69872 2053 0 0.038911
14.051 11584 7240 0.05409 1.13417 1.69666 1.13417 1.69666 2058 0 0.0390834
14.102 10136 8688 0.0586345 1.59159 1.69628 1.59159 1.69628 2065 0 0.0389689
14.1527 11584 7240 0.0561145 1.14224 1.6943 1.14224 1.6943 2070 0 0.0391122
14.2035 10136 8688 0.0606763 1.59535 1.69395 1.59535 1.69395 2077 0 0.0390165
14.2042 11584 7240 0.0574824 80.3373 1.69794 80.3373 1.69794 2082 0 0.0391362
14.2552 10136 8688 0.0554677 1.59159 1.69756 1.59159 1.69756 2089 0 0.0389116
14.3062 11584 7240 0.0542274 1.13417 1.69555 1.13417 1.69555 2094 0 0.0390851
14.3572 10136 8688 0.0586308 1.59159 1.69518 1.59159 1.69518 2101 0 0.0389688
14.4081 11584 7240 0.0562371 1.13685 1.6932 1.13685 1.6932 2106 0 0.0391142
14.4592 10136 8688 0.0608834 1.58784 1.69283 1.58784 1.69283 2113 0 0.0390218
14.4599 11584 7240 0.0576211 80.3373 1.69675 80.3373 1.69675 2118 0 0.0391389
14.5109 10136 8688 0.0554356 1.59159 1.69638 1.59159 1.69638 2125 0 0.0389111
14.5616 11584 7240 0.0540672 1.14224 1.69445 1.14224 1.69445 2130 0 0.0390831
14.6121 10136 8688 0.0584142 1.60675 1.69415 1.60675 1.69415 2137 0 0.0389643
14.6625 11584 7240 0.0559669 1.14768 1.69227 1.14768 1.69227 2142 0 0.0391098
14.7135 10136 8688 0.0604817 1.59159 1.69192 1.59159 1.69192 2149 0 0.0390116
14.7142 11584 7240 0.057352 80.3373 1.69577 80.3373 1.69577 2154 0 0.0391338
14.7653 10136 8688 0.0554897 1.58784 1.6954 1.58784 1.6954 2161 0 0.0389119
14.8166 11584 7240 0.0541171 1.12886 1.69344 1.12886 1.69344 2166 0 0.0390837
14.8674 10136 8688 0.0586664 1.59535 1.6931 1.59535 1.6931 2173 0 0.0389696
14.918 11584 7240 0.0560109 1.14495 1.69124 1.14495 1.69124 2178 0 0.0391105
14.9688 10136 8688 0.0606069 1.59535 1.69092 1.59535 1.69092 2185 0 0.0390147
14.9695 11584 7240 0.0575316 80.3373 1.69471 80.3373 1.69471 2190 0 0.0391372
15.0204 10136 8688 0.0553756 1.59535 1.69437 1.59535 1.69437 2197 0 0.0389102
15.0714 11584 7240 0.0540407 1.13417 1.69247 1.13417 1.69247 2202 0 0.0390828
15.1225 10136 8688 0.0586152 1.58784 1.69212 1.58784 1.69212 2209 0 0.0389685
15.1734 11584 7240 0.0561016 1.13685 1.69025 1.13685 1.69025 2214 0 0.039112
15.2245 10136 8688 0.0607926 1.58784 1.68991 1.58784 1.68991 2221 0 0.0390195
15.2252 11584 7240 0.0576853 80.3373 1.69364 80.3373 1.69364 2226 0 0.0391401
15.2762 10136 8688 0.0556036 1.59159 1.69329 1.59159 1.69329 2233 0 0.0389136
15.3272 11584 7240 0.0543184 1.13417 1.69143 1.13417 1.69143 2238 0 0.0390862
15.3778 10136 8688 0.0585668 1.60293 1.69114 1.60293 1.69114 2245 0 0.0389675
15.4283 11584 7240 0.0560692 1.14768 1.68936 1.14768 1.68936 2250 0 0.0391114
15.4789 10136 8688 0.0604116 1.60293 1.68908 1.60293 1.68908 2257 0 0.0390099
15.4796 11584 7240 0.057305 80.3373 1.69274 80.3373 1.69274 2262 0 0.0391329
15.5304 10136 8688 0.0552239 1.59535 1.69242 1.59535 1.69242 2269 0 0.038908
15.5815 11584 7240 0.053939 1.13417 1.6906 1.13417 1.6906 2274 0 0.0390816
15.6326 10136 8688 0.0585471 1.58784 1.69026 1.58784 1.69026 2281 0 0.0389671
15.6835 11584 7240 0.0561653 1.13685 1.68846 1.13685 1.68846 2286 0 0.039113
15.7343 10136 8688 0.0608197 1.59535 1.68816 1.59535 1.68816 2293 0 0.0390202
15.7351 11584 7240 0.0575784 80.3373 1.69176 80.3373 1.69176 2298 0 0.0391381
15.786 10136 8688 0.055532 1.59159 1.69144 1.59159 1.69144 2305 0 0.0389125
15.8371 11584 7240 0.0541611 1.13417 1.68964 1.13417 1.68964 2310 0 0.0390843
15.888 10136 8688 0.0587114 1.59159 1.68933 1.59159 1.68933 2317 0 0.0389705
15.939 11584 7240 0.0561661 1.13685 1.68756 1.13685 1.68756 2322 0 0.039113
15.99 10136 8688 0.0608359 1.58784 1.68725 1.58784 1.68725 2329 0 0.0390206
15.9908 11584 7240 0.057685 80.3373 1.69079 80.3373 1.69079 2334 0 0.0391401
16.0417 10136 8688 0.0554784 1.59159 1.69048 1.59159 1.69048 2341 0 0.0389117
16.0925 11584 7240 0.0540002 1.13954 1.68874 1.13954 1.68874 2346 0 0.0390823
16.1431 10136 8688 0.0584786 1.60293 1.68847 1.60293 1.68847 2353 0 0.0389656
16.1936 11584 7240 0.0560101 1.14768 1.68678 1.14768 1.68678 2358 0 0.0391105
16.2445 10136 8688 0.0605107 1.59159 1.68648 1.59159 1.68648 2365 0 0.0390123
16.2453 11584 7240 0.0574808 80.3373 1.68997 80.3373 1.68997 2370 0 0.0391362
16.2963 10136 8688 0.055451 1.58784 1.68965 1.58784 1.68965 2377 0 0.0389113
16.3476 11584 7240 0.0540912 1.12886 1.68789 1.12886 1.68789 2382 0 0.0390834
16.3985 10136 8688 0.058649 1.59535 1.68761 1.59535 1.68761 2389 0 0.0389692
16.4491 11584 7240 0.0561242 1.14495 1.68594 1.14495 1.68594 2394 0 0.0391123
16.4999 10136 8688 0.0606828 1.59535 1.68566 1.59535 1.68566 2401 0 0.0390167
16.5006 11584 7240 0.0574867 80.3373 1.6891 80.3373 1.6891 2406 0 0.0391363
16.5514 10136 8688 0.0553456 1.59535 1.68881 1.59535 1.68881 2413 0 0.0389098
16.6025 11584 7240 0.0540206 1.13417 1.6871 1.13417 1.6871 2418 0 0.0390826
16.6535 10136 8688 0.0586017 1.59159 1.68681 1.59159 1.68681 2425 0 0.0389682
16.7044 11584 7240 0.0560925 1.13685 1.68513 1.13685 1.68513 2430 0 0.0391118
16.7555 10136 8688 0.0607866 1.58784 1.68484 1.58784 1.68484 2437 0 0.0390193
16.7562 11584 7240 0.0576813 80.3373 1.68822 80.3373 1.68822 2442 0 0.03914
16.8071 10136 8688 0.0556009 1.59159 1.68793 1.59159 1.68793 2449 0 0.0389136
16.8578 11584 7240 0.0540823 1.14224 1.68629 1.14224 1.68629 2454 0 0.0390833
16.9083 10136 8688 0.0585336 1.60675 1.68605 1.60675 1.68605 2461 0 0.0389668
16.9588 11584 7240 0.0558126 1.14768 1.68445 1.14768 1.68445 2466 0 0.0391074
17.0096 10136 8688 0.060474 1.59535 1.68418 1.59535 1.68418 2473 0 0.0390114
17.0103 11584 7240 0.0573469 80.3373 1.68751 80.3373 1.68751 2478 0 0.0391337
17.0612 10136 8688 0.0552519 1.59535 1.68724 1.59535 1.68724 2485 0 0.0389084
17.1122 11584 7240 0.0539734 1.13417 1.68559 1.13417 1.68559 2490 0 0.039082
17.1632 10136 8688 0.0585857 1.59159 1.68531 1.59159 1.68531 2497 0 0.0389679
17.2139 11584 7240 0.0560818 1.14224 1.68371 1.14224 1.68371 2502 0 0.0391116
17.2647 10136 8688 0.0606544 1.59535 1.68345 1.59535 1.68345 2509 0 0.0390159
17.2654 11584 7240 0.0574677 80.3373 1.68673 80.3373 1.68673 2514 0 0.039136
17.3164 10136 8688 0.0554422 1.59159 1.68645 1.59159 1.68645 2521 0 0.0389112
17.3674 11584 7240 0.0540853 1.13417 1.68483 1.13417 1.68483 2526 0 0.0390833
17.4184 10136 8688 0.0586451 1.59159 1.68456 1.59159 1.68456 2533 0 0.0389691
17.4691 11584 7240 0.0561216 1.14224 1.68298 1.14224 1.68298 2538 0 0.0391123
17.5199 10136 8688 0.0606811 1.59535 1.68273 1.59535 1.68273 2545 0 0.0390166
17.5206 11584 7240 0.0574856 80.3373 1.68597 80.3373 1.68597 2550 0 0.0391363
17.5716 10136 8688 0.0554405 1.59159 1.68569 1.59159 1.68569 2557 0 0.0389112
17.6227 11584 7240 0.0539748 1.13417 1.68409 1.13417 1.68409 2562 0 0.039082
17.6736 10136 8688 0.058571 1.59159 1.68383 1.59159 1.68383 2569 0 0.0389676
17.7243 11584 7240 0.0561814 1.14224 1.68228 1.14224 1.68228 2574 0 0.0391132
17.7751 10136 8688 0.0607211 1.59535 1.68203 1.59535 1.68203 2581 0 0.0390176
17.7759 11584 7240 0.0575124 80.3373 1.68522 80.3373 1.68522 2586 0 0.0391368
17.8268 10136 8688 0.0553628 1.59159 1.68495 1.59159 1.68495 2593 0 0.03891
17.8779 11584 7240 0.0540184 1.13417 1.68338 1.13417 1.68338 2598 0 0.0390825
17.9288 10136 8688 0.0585866 1.59159 1.68312 1.59159 1.68312 2605 0 0.0389679
17.9795 11584 7240 0.0561781 1.14224 1.68159 1.14224 1.68159 2610 0 0.0391132
18.0304 10136 8688 0.0607189 1.59535 1.68135 1.59535 1.68135 2617 0 0.0390176
18.0311 11584 7240 0.0575109 80.3373 1.68449 80.3373 1.68449 2622 0 0.0391368
18.082 10136 8688 0.0554868 1.59159 1.68423 1.59159 1.68423 2629 0 0.0389119
18.1331 11584 7240 0.0541308 1.13417 1.68268 1.13417 1.68268 2634 0 0.0390839
18.184 10136 8688 0.0586911 1.59159 1.68243 1.59159 1.68243 2641 0 0.0389701
18.2348 11584 7240 0.0561525 1.14224 1.68093 1.14224 1.68093 2646 0 0.0391128
18.2856 10136 8688 0.060606 1.59535 1.68069 1.59535 1.68069 2653 0 0.0390147
18.2863 11584 7240 0.0575447 80.3373 1.68379 80.3373 1.68379 2658 0 0.0391374
18.3373 10136 8688 0.0554938 1.59159 1.68353 1.59159 1.68353 2665 0 0.038912
18.3883 11584 7240 0.0541199 1.13417 1.68201 1.13417 1.68201 2670 0 0.0390838
18.4393 10136 8688 0.0586682 1.59159 1.68176 1.59159 1.68176 2677 0 0.0389696
18.49 11584 7240 0.0560121 1.14224 1.68028 1.14224 1.68028 2682 0 0.0391105
18.5408 10136 8688 0.0606077 1.59535 1.68004 1.59535 1.68004 2689 0 0.0390148
18.5415 11584 7240 0.0575321 80.3373 1.6831 80.3373 1.6831 2694 0 0.0391372
18.5925 10136 8688 0.055376 1.59159 1.68285 1.59159 1.68285 2701 0 0.0389102
18.6435 11584 7240 0.054041 1.13417 1.68135 1.13417 1.68135 2706 0 0.0390828
18.6945 10136 8688 0.0586153 1.59159 1.6811 1.59159 1.6811 2713 0 0.0389685
18.7454 11584 7240 0.0561017 1.13685 1.67963 1.13685 1.67963 2718 0 0.039112
18.7965 10136 8688 0.0607927 1.58784 1.67938 1.58784 1.67938 2725 0 0.0390195
18.7972 11584 7240 0.0576854 80.3373 1.68239 80.3373 1.68239 2730 0 0.0391401
18.8482 10136 8688 0.0556037 1.59159 1.68215 1.59159 1.68215 2737 0 0.0389136
18.8989 11584 7240 0.0540841 1.14224 1.6807 1.14224 1.6807 2742 0 0.0390833
18.9493 10136 8688 0.0585349 1.60675 1.6805 1.60675 1.6805 2749 0 0.0389668
18.9998 11584 7240 0.0558134 1.14768 1.67909 1.14768 1.67909 2754 0 0.0391074
19.0508 10136 8688 0.0604746 1.59159 1.67885 1.59159 1.67885 2761 0 0.0390114
19.0515 11584 7240 0.0574429 80.3373 1.68183 80.3373 1.68183 2766 0 0.0391355
19.1026 10136 8688 0.055412 1.58784 1.68158 1.58784 1.68158 2773 0 0.0389107
19.1539 11584 7240 0.0539557 1.12886 1.6801 1.12886 1.6801 2778 0 0.0390818
19.2047 10136 8688 0.0586539 1.59535 1.67987 1.59535 1.67987 2785 0 0.0389693
19.2553 11584 7240 0.0561275 1.14495 1.67847 1.14495 1.67847 2790 0 0.0391124
19.3061 10136 8688 0.060685 1.59535 1.67825 1.59535 1.67825 2797 0 0.0390167
19.3068 11584 7240 0.0574882 80.3373 1.68119 80.3373 1.68119 2802 0 0.0391363
19.3577 10136 8688 0.0553466 1.59535 1.68096 1.59535 1.68096 2809 0 0.0389098
19.4087 11584 7240 0.0539119 1.13417 1.67952 1.13417 1.67952 2814 0 0.0390813
19.4598 10136 8688 0.0585289 1.58784 1.67928 1.58784 1.67928 2821 0 0.0389667
19.5107 11584 7240 0.0562488 1.13685 1.67787 1.13685 1.67787 2826 0 0.0391144
19.5618 10136 8688 0.0607663 1.58784 1.67763 1.58784 1.67763 2833 0 0.0390188
19.5625 11584 7240 0.0577477 80.3373 1.68053 80.3373 1.68053 2838 0 0.0391413
19.6135 10136 8688 0.0555205 1.59159 1.6803 1.59159 1.6803 2845 0 0.0389124
19.6645 11584 7240 0.0541377 1.13417 1.67888 1.13417 1.67888 2850 0 0.039084
19.7151 10136 8688 0.0585708 1.60293 1.67868 1.60293 1.67868 2857 0 0.0389676
19.7656 11584 7240 0.0560718 1.14768 1.67733 1.14768 1.67733 2862 0 0.0391115
19.8162 10136 8688 0.060552 1.60293 1.67714 1.60293 1.67714 2869 0 0.0390134
19.8169 11584 7240 0.0572741 80.3373 1.68 80.3373 1.68 2874 0 0.0391323
19.8677 10136 8688 0.0552032 1.59535 1.67978 1.59535 1.67978 2881 0 0.0389077
19.9188 11584 7240 0.0538158 1.13417 1.67839 1.13417 1.67839 2886 0 0.0390801
19.9699 10136 8688 0.0585602 1.58784 1.67815 1.58784 1.67815 2893 0 0.0389673
20.0208 11584 7240 0.0561604 1.13685 1.67678 1.13685 1.67678 2898 0 0.0391129
20.0716 10136 8688 0.0608028 1.59535 1.67657 1.59535 1.67657 2905 0 0.0390197
20.0724 11584 7240 0.0575671 80.3373 1.6794 80.3373 1.6794 2910 0 0.0391378
20.1233 10136 8688 0.0555088 1.59159 1.67917 1.59159 1.67917 2917 0 0.0389122
20.1744 11584 7240 0.0541299 1.13417 1.67779 1.13417 1.67779 2922 0 0.0390839
20.2253 10136 8688 0.0586749 1.59159 1.67758 1.59159 1.67758 2929 0 0.0389698
20.2763 11584 7240 0.0561416 1.13685 1.67622 1.13685 1.67622 2934 0 0.0391126
20.3273 10136 8688 0.0608195 1.58784 1.676 1.58784 1.676 2941 0 0.0390201
20.3281 11584 7240 0.0577033 80.3373 1.67879 80.3373 1.67879 2946 0 0.0391405
20.379 10136 8688 0.0556157 1.59159 1.67857 1.59159 1.67857 2953 0 0.0389138
20.4298 11584 7240 0.0540921 1.13954 1.67723 1.13954 1.67723 2958 0 0.0390834
20.4804 10136 8688 0.0585402 1.60293 1.67704 1.60293 1.67704 2965 0 0.0389669
20.5309 11584 7240 0.055817 1.14768 1.67574 1.14768 1.67574 2970 0 0.0391074
20.5818 10136 8688 0.060477 1.59159 1.67553 1.59159 1.67553 2977 0 0.0390115
20.5826 11584 7240 0.0574446 80.3373 1.67829 80.3373 1.67829 2982 0 0.0391355
20.6336 10136 8688 0.0554131 1.58784 1.67807 1.58784 1.67807 2989 0 0.0389108
20.6849 11584 7240 0.0539564 1.12886 1.6767 1.12886 1.6767 2994 0 0.0390818
20.7358 10136 8688 0.0586544 1.59535 1.6765 1.59535 1.6765 3001 0 0.0389693
20.7864 11584 7240 0.0562235 1.14495 1.67521 1.14495 1.67521 3006 0 0.0391139
20.8372 10136 8688 0.06064 1.59535 1.67501 1.59535 1.67501 3013 0 0.0390156
20.8379 11584 7240 0.057458 80.3373 1.67774 80.3373 1.67774 3018 0 0.0391358
20.8887 10136 8688 0.0553264 1.59535 1.67754 1.59535 1.67754 3025 0 0.0389095
20.9398 11584 7240 0.0538983 1.13417 1.67621 1.13417 1.67621 3030 0 0.0390811
20.9907 10136 8688 0.0586155 1.59159 1.67601 1.59159 1.67601 3037 0 0.0389685
21.0417 11584 7240 0.0561018 1.13685 1.6747 1.13685 1.6747 3042 0 0.039112
21.0928 10136 8688 0.0607772 1.58784 1.67449 1.58784 1.67449 3049 0 0.0390191
21.0935 11584 7240 0.057755 80.3373 1.67718 80.3373 1.67718 3054 0 0.0391415
21.1444 10136 8688 0.0555253 1.59159 1.67697 1.59159 1.67697 3061 0 0.0389124
21.1951 11584 7240 0.0540316 1.14224 1.67569 1.14224 1.67569 3066 0 0.0390827
21.2456 10136 8688 0.0584997 1.60675 1.67553 1.60675 1.67553 3073 0 0.0389661
21.2961 11584 7240 0.0559285 1.14768 1.67428 1.14768 1.67428 3078 0 0.0391092
21.3469 10136 8688 0.0604267 1.59535 1.67409 1.59535 1.67409 3085 0 0.0390102
21.3476 11584 7240 0.0573152 80.3373 1.67675 80.3373 1.67675 3090 0 0.0391331
21.3984 10136 8688 0.0552307 1.59535 1.67655 1.59535 1.67655 3097 0 0.0389081
21.4495 11584 7240 0.0539436 1.13417 1.67526 1.13417 1.67526 3102 0 0.0390816
21.5005 10136 8688 0.0585501 1.59159 1.67506 1.59159 1.67506 3109 0 0.0389671
21.5512 11584 7240 0.056058 1.14224 1.67381 1.14224 1.67381 3114 0 0.0391112
21.602 10136 8688 0.0607634 1.59535 1.67363 1.59535 1.67363 3121 0 0.0390187
21.6027 11584 7240 0.0575407 80.3373 1.67625 80.3373 1.67625 3126 0 0.0391373
21.6537 10136 8688 0.0553818 1.59159 1.67605 1.59159 1.67605 3133 0 0.0389103
21.7047 11584 7240 0.0539355 1.13417 1.67478 1.13417 1.67478 3138 0 0.0390815
21.7557 10136 8688 0.0585446 1.59159 1.67458 1.59159 1.67458 3145 0 0.038967
21.8064 11584 7240 0.0561637 1.14224 1.67334 1.14224 1.67334 3150 0 0.039113
21.8572 10136 8688 0.0607093 1.59535 1.67316 1.59535 1.67316 3157 0 0.0390173
21.8579 11584 7240 0.0575045 80.3373 1.67576 80.3373 1.67576 3162 0 0.0391366
21.9089 10136 8688 0.0553575 1.59159 1.67556 1.59159 1.67556 3169 0 0.0389099
21.96 11584 7240 0.0540149 1.13417 1.6743 1.13417 1.6743 3174 0 0.0390825
22.0109 10136 8688 0.0585842 1.59159 1.67411 1.59159 1.67411 3181 0 0.0389678
22.0616 11584 7240 0.0561765 1.14224 1.67289 1.14224 1.67289 3186 0 0.0391132
22.1124 10136 8688 0.0607179 1.59535 1.67271 1.59535 1.67271 3193 0 0.0390176
22.1132 11584 7240 0.0575102 80.3373 1.67528 80.3373 1.67528 3198 0 0.0391368
22.1641 10136 8688 0.0554863 1.59159 1.67508 1.59159 1.67508 3205 0 0.0389119
22.2152 11584 7240 0.0541305 1.13417 1.67384 1.13417 1.67384 3210 0 0.0390839
22.2661 10136 8688 0.0586909 1.59159 1.67365 1.59159 1.67365 3217 0 0.0389701
22.3168 11584 7240 0.0561523 1.14224 1.67244 1.14224 1.67244 3222 0 0.0391128
22.3677 10136 8688 0.0607017 1.59535 1.67227 1.59535 1.67227 3229 0 0.0390171
22.3684 11584 7240 0.0574993 80.3373 1.6748 80.3373 1.6748 3234 0 0.0391366
22.4193 10136 8688 0.0554634 1.59159 1.67462 1.59159 1.67462 3241 0 0.0389115
22.4704 11584 7240 0.0540995 1.13417 1.67339 1.13417 1.67339 3246 0 0.0390835
22.5213 10136 8688 0.0586546 1.59159 1.6732 1.59159 1.6732 3253 0 0.0389693
22.5721 11584 7240 0.056128 1.14224 1.67201 1.14224 1.67201 3258 0 0.0391124
22.6229 10136 8688 0.0606853 1.59535 1.67184 1.59535 1.67184 3265 0 0.0390167
22.6236 11584 7240 0.0574884 80.3373 1.67434 80.3373 1.67434 3270 0 0.0391363
22.6745 10136 8688 0.0554424 1.59159 1.67416 1.59159 1.67416 3277 0 0.0389112
22.7256 11584 7240 0.0539761 1.13417 1.67294 1.13417 1.67294 3282 0 0.039082
22.7766 10136 8688 0.0585719 1.59159 1.67276 1.59159 1.67276 3289 0 0.0389676
22.8273 11584 7240 0.0561819 1.14224 1.67158 1.14224 1.67158 3294 0 0.0391133
22.8781 10136 8688 0.0607215 1.59535 1.67141 1.59535 1.67141 3301 0 0.0390176
22.8788 11584 7240 0.0575126 80.3373 1.67389 80.3373 1.67389 3306 0 0.0391368
22.9298 10136 8688 0.055363 1.59159 1.67371 1.59159 1.67371 3313 0 0.03891
22.9808 11584 7240 0.0540185 1.13417 1.67251 1.13417 1.67251 3318 0 0.0390825
23.0317 10136 8688 0.0585866 1.59535 1.67234 1.59535 1.67234 3325 0 0.0389679
23.0824 11584 7240 0.0560825 1.14224 1.67118 1.14224 1.67118 3330 0 0.0391116
23.1334 10136 8688 0.0606548 1.58784 1.67099 1.58784 1.67099 3337 0 0.039016
23.1342 11584 7240 0.057593 80.3373 1.67344 80.3373 1.67344 3342 0 0.0391383
23.1851 10136 8688 0.0555418 1.59159 1.67326 1.59159 1.67326 3349 0 0.0389127
23.2361 11584 7240 0.0541676 1.13685 1.67209 1.13685 1.67209 3354 0 0.0390844
23.2868 10136 8688 0.0585908 1.59913 1.67193 1.59913 1.67193 3361 0 0.038968
23.3375 11584 7240 0.0560853 1.14224 1.67078 1.14224 1.67078 3366 0 0.0391117
23.3883 10136 8688 0.0605473 1.59535 1.67061 1.59535 1.67061 3373 0 0.0390132
23.389 11584 7240 0.057521 80.3373 1.67304 80.3373 1.67304 3378 0 0.039137
23.44 10136 8688 0.0553685 1.59159 1.67286 1.59159 1.67286 3385 0 0.0389101
23.491 11584 7240 0.0540516 1.13417 1.67169 1.13417 1.67169 3390 0 0.0390829
23.5419 10136 8688 0.0586088 1.59535 1.67153 1.59535 1.67153 3397 0 0.0389684
23.5923 11584 7240 0.0560973 1.14768 1.67041 1.14768 1.67041 3402 0 0.0391119
23.6432 10136 8688 0.0605554 1.59535 1.67024 1.59535 1.67024 3409 0 0.0390134
23.6439 11584 7240 0.0574014 80.3373 1.67264 80.3373 1.67264 3414 0 0.0391347
23.6946 10136 8688 0.0552884 1.59913 1.67249 1.59913 1.67249 3421 0 0.0389089
23.7454 11584 7240 0.0538729 1.13954 1.67135 1.13954 1.67135 3426 0 0.0390808
23.7962 10136 8688 0.0585027 1.59535 1.67118 1.59535 1.67118 3433 0 0.0389661
23.8472 11584 7240 0.0560263 1.13685 1.67004 1.13685 1.67004 3438 0 0.0391107
23.8983 10136 8688 0.0607422 1.58784 1.66987 1.58784 1.66987 3445 0 0.0390182
23.899 11584 7240 0.0575265 80.3373 1.67224 80.3373 1.67224 3450 0 0.0391371
23.9499 10136 8688 0.0553722 1.59159 1.67207 1.59159 1.67207 3457 0 0.0389102
24.0006 11584 7240 0.0540248 1.14224 1.67095 1.14224 1.67095 3462 0 0.0390826
24.051 10136 8688 0.0582607 1.61058 1.67082 1.61058 1.67082 3469 0 0.0389611
24.1012 11584 7240 0.0558641 1.15317 1.66974 1.15317 1.66974 3474 0 0.0391082
24.1518 10136 8688 0.0602742 1.60293 1.6696 1.60293 1.6696 3481 0 0.0390065
24.1525 11584 7240 0.057213 80.3373 1.67195 80.3373 1.67195 3486 0 0.0391312
24.2033 10136 8688 0.0551622 1.59535 1.67179 1.59535 1.67179 3493 0 0.0389071
24.2544 11584 7240 0.0538977 1.13417 1.67066 1.13417 1.67066 3498 0 0.0390811
24.3055 10136 8688 0.0585194 1.58784 1.67048 1.58784 1.67048 3505 0 0.0389665
24.3562 11584 7240 0.0560374 1.14224 1.66938 1.14224 1.66938 3510 0 0.0391109
24.4067 10136 8688 0.0606247 1.60675 1.66925 1.60675 1.66925 3517 0 0.0390152
24.4074 11584 7240 0.0573521 80.3373 1.67158 80.3373 1.67158 3522 0 0.0391338
24.4578 10136 8688 0.0551304 1.60675 1.67144 1.60675 1.67144 3529 0 0.0389067
24.5087 11584 7240 0.053767 1.13954 1.67034 1.13954 1.67034 3534 0 0.0390796
24.5595 10136 8688 0.0583224 1.59535 1.67019 1.59535 1.67019 3541 0 0.0389624
24.6101 11584 7240 0.0559055 1.14495 1.66911 1.14495 1.66911 3546 0 0.0391088
24.6609 10136 8688 0.0605363 1.59535 1.66895 1.59535 1.66895 3553 0 0.039013
24.6616 11584 7240 0.0573886 80.3373 1.67125 80.3373 1.67125 3558 0 0.0391345
24.7125 10136 8688 0.0552798 1.59535 1.6711 1.59535 1.6711 3565 0 0.0389088
24.7633 11584 7240 0.0539765 1.13954 1.67001 1.13954 1.67001 3570 0 0.039082
24.8138 10136 8688 0.0583378 1.60675 1.66988 1.60675 1.66988 3577 0 0.0389627
24.8645 11584 7240 0.05582 1.14224 1.6688 1.14224 1.6688 3582 0 0.0391075
24.9157 10136 8688 0.0604791 1.58412 1.66863 1.58412 1.66863 3589 0 0.0390115
24.9164 11584 7240 0.0575846 80.3373 1.67091 80.3373 1.67091 3594 0 0.0391382
24.9676 10136 8688 0.0556162 1.58412 1.67073 1.58412 1.67073 3601 0 0.0389138
25.0186 11584 7240 0.0540925 1.13417 1.66963 1.13417 1.66963 3606 0 0.0390834
25.0691 10136 8688 0.0585405 1.60675 1.66951 1.60675 1.66951 3613 0 0.0389669
25.1193 11584 7240 0.0560515 1.15317 1.66847 1.15317 1.66847 3618 0 0.0391111
25.17 10136 8688 0.0604291 1.59913 1.66833 1.59913 1.66833 3625 0 0.0390103
25.1708 11584 7240 0.0573167 80.3373 1.67059 80.3373 1.67059 3630 0 0.0391331
25.2218 10136 8688 0.0552317 1.58784 1.67042 1.58784 1.67042 3637 0 0.0389081
25.2731 11584 7240 0.0540556 1.12886 1.66932 1.12886 1.66932 3642 0 0.039083
25.3242 10136 8688 0.0587365 1.58784 1.66916 1.58784 1.66916 3649 0 0.0389711
25.375 11584 7240 0.0563078 1.13954 1.66809 1.13954 1.66809 3654 0 0.0391153
25.4257 10136 8688 0.0608058 1.59913 1.66796 1.59913 1.66796 3661 0 0.0390198
25.4265 11584 7240 0.0574734 80.3373 1.67019 80.3373 1.67019 3666 0 0.0391361
25.4772 10136 8688 0.0553367 1.59913 1.67005 1.59913 1.67005 3673 0 0.0389096
25.528 11584 7240 0.0539052 1.13954 1.66899 1.13954 1.66899 3678 0 0.0390812
25.5788 10136 8688 0.058415 1.59535 1.66884 1.59535 1.66884 3685 0 0.0389643
25.6295 11584 7240 0.0560632 1.14224 1.6678 1.14224 1.6678 3690 0 0.0391113
25.6806 10136 8688 0.0606419 1.58784 1.66764 1.58784 1.66764 3697 0 0.0390156
25.6813 11584 7240 0.0575687 80.3373 1.66985 80.3373 1.66985 3702 0 0.0391379
25.7323 10136 8688 0.0555099 1.59159 1.6697 1.59159 1.6697 3709 0 0.0389122
25.7832 11584 7240 0.0540213 1.13685 1.66864 1.13685 1.66864 3714 0 0.0390826
25.834 10136 8688 0.0586178 1.59535 1.6685 1.59535 1.6685 3721 0 0.0389685
25.8847 11584 7240 0.0561033 1.14224 1.66747 1.14224 1.66747 3726 0 0.039112
25.9358 10136 8688 0.0605731 1.58784 1.66731 1.58784 1.66731 3733 0 0.0390139
25.9365 11584 7240 0.0576183 80.3373 1.6695 80.3373 1.6695 3738 0 0.0391388
25.9875 10136 8688 0.0554338 1.59159 1.66935 1.59159 1.66935 3745 0 0.0389111
26.0384 11584 7240 0.0540796 1.13685 1.6683 1.13685 1.6683 3750 0 0.0390833
26.089 10136 8688 0.0585319 1.60293 1.66818 1.60293 1.66818 3757 0 0.0389667
26.1395 11584 7240 0.0560458 1.14768 1.66717 1.14768 1.66717 3762 0 0.039111
26.1903 10136 8688 0.0604252 1.59535 1.66703 1.59535 1.66703 3769 0 0.0390102
26.191 11584 7240 0.0574391 80.3373 1.6692 80.3373 1.6692 3774 0 0.0391354
26.2419 10136 8688 0.0553137 1.59535 1.66905 1.59535 1.66905 3781 0 0.0389093
26.2927 11584 7240 0.0538899 1.13954 1.66803 1.13954 1.66803 3786 0 0.039081
26.3434 10136 8688 0.0584047 1.59913 1.6679 1.59913 1.6679 3793 0 0.0389641
26.3941 11584 7240 0.0559606 1.14224 1.66689 1.14224 1.66689 3798 0 0.0391097
26.4449 10136 8688 0.0605732 1.59535 1.66675 1.59535 1.66675 3805 0 0.0390139
26.4456 11584 7240 0.0574133 80.3373 1.6689 80.3373 1.6689 3810 0 0.0391349
26.4966 10136 8688 0.0553921 1.59159 1.66875 1.59159 1.66875 3817 0 0.0389105
26.5474 11584 7240 0.0539424 1.13954 1.66773 1.13954 1.66773 3822 0 0.0390816
26.598 10136 8688 0.0584399 1.60293 1.66761 1.60293 1.66761 3829 0 0.0389648
26.6485 11584 7240 0.0559842 1.14768 1.66663 1.14768 1.66663 3834 0 0.0391101
26.6993 10136 8688 0.0603839 1.59535 1.66649 1.59535 1.66649 3841 0 0.0390092
26.7 11584 7240 0.0574115 80.3373 1.66861 80.3373 1.66861 3846 0 0.0391349
26.751 10136 8688 0.0552952 1.59159 1.66847 1.59159 1.66847 3853 0 0.038909
26.8023 11584 7240 0.0541118 1.12886 1.66744 1.12886 1.66744 3858 0 0.0390837
26.8532 10136 8688 0.0586491 1.59159 1.66729 1.59159 1.66729 3865 0 0.0389692
26.9038 11584 7240 0.0561243 1.14495 1.66631 1.14495 1.66631 3870 0 0.0391123
26.9542 10136 8688 0.0606829 1.61058 1.66621 1.61058 1.66621 3877 0 0.0390167
26.9549 11584 7240 0.0572524 80.3373 1.66831 80.3373 1.66831 3882 0 0.0391319
27.0054 10136 8688 0.0550929 1.60675 1.66819 1.60675 1.66819 3889 0 0.0389061
27.0561 11584 7240 0.0537419 1.14224 1.66721 1.14224 1.66721 3894 0 0.0390793
27.1069 10136 8688 0.0583056 1.59535 1.66707 1.59535 1.66707 3901 0 0.038962
27.1578 11584 7240 0.0558942 1.13685 1.66608 1.13685 1.66608 3906 0 0.0391086
27.2089 10136 8688 0.0606244 1.58784 1.66593 1.58784 1.66593 3913 0 0.0390152
27.2096 11584 7240 0.0575433 80.3373 1.66802 80.3373 1.66802 3918 0 0.0391374
27.2606 10136 8688 0.0554792 1.59159 1.66787 1.59159 1.66787 3925 0 0.0389117
27.3114 11584 7240 0.0540007 1.13954 1.66689 1.13954 1.66689 3930 0 0.0390823
27.3621 10136 8688 0.058479 1.59913 1.66677 1.59913 1.66677 3937 0 0.0389656
27.4128 11584 7240 0.0560103 1.14224 1.66579 1.14224 1.66579 3942 0 0.0391105
27.4636 10136 8688 0.0606065 1.59535 1.66566 1.59535 1.66566 3949 0 0.0390147
27.4644 11584 7240 0.0574356 80.3373 1.66773 80.3373 1.66773 3954 0 0.0391353
27.5153 10136 8688 0.0554207 1.59159 1.66759 1.59159 1.66759 3961 0 0.0389109
27.5664 11584 7240 0.0540709 1.13417 1.6666 1.13417 1.6666 3966 0 0.0390832
27.6173 10136 8688 0.0586354 1.59159 1.66646 1.59159 1.66646 3973 0 0.0389689
27.6683 11584 7240 0.0561151 1.13685 1.66549 1.13685 1.66549 3978 0 0.0391122
27.7193 10136 8688 0.0608017 1.58784 1.66534 1.58784 1.66534 3985 0 0.0390197
27.7201 11584 7240 0.0576914 80.3373 1.66739 80.3373 1.66739 3990 0 0.0391402
27.771 10136 8688 0.0556077 1.59159 1.66725 1.59159 1.66725 3997 0 0.0389137
27.8218 11584 7240 0.0540868 1.13954 1.66629 1.13954 1.66629 4002 0 0.0390834
27.8725 10136 8688 0.0585367 1.59913 1.66616 1.59913 1.66616 4009 0 0.0389668
27.9233 11584 7240 0.056049 1.14224 1.66521 1.14224 1.66521 4014 0 0.0391111
27.9741 10136 8688 0.0606324 1.59535 1.66509 1.59535 1.66509 4021 0 0.0390154
27.9748 11584 7240 0.057453 80.3373 1.66711 80.3373 1.66711 4026 0 0.0391357
28.0258 10136 8688 0.055323 1.59159 1.66698 1.59159 1.66698 4033 0 0.0389094
28.0768 11584 7240 0.0538961 1.13417 1.66601 1.13417 1.66601 4038 0 0.0390811
28.1278 10136 8688 0.058614 1.59159 1.66587 1.59159 1.66587 4045 0 0.0389685
28.1787 11584 7240 0.0561965 1.13685 1.66492 1.13685 1.66492 4050 0 0.0391135
28.2298 10136 8688 0.0607312 1.58784 1.66478 1.58784 1.66478 4057 0 0.0390179
28.2305 11584 7240 0.0577242 80.3373 1.66679 80.3373 1.66679 4062 0 0.0391409
28.2815 10136 8688 0.0555047 1.59159 1.66665 1.59159 1.66665 4069 0 0.0389121
28.3323 11584 7240 0.0541272 1.13954 1.6657 1.13954 1.6657 4074 0 0.0390839
28.383 10136 8688 0.0584387 1.59913 1.66559 1.59913 1.66559 4081 0 0.0389648
28.4337 11584 7240 0.0559834 1.14224 1.66465 1.14224 1.66465 4086 0 0.03911
28.4845 10136 8688 0.0605885 1.59535 1.66453 1.59535 1.66453 4093 0 0.0390143
28.4852 11584 7240 0.0575329 80.3373 1.66652 80.3373 1.66652 4098 0 0.0391372
28.5362 10136 8688 0.0553765 1.59159 1.66639 1.59159 1.66639 4105 0 0.0389102
28.5873 11584 7240 0.0541663 1.13417 1.66544 1.13417 1.66544 4110 0 0.0390843
28.6382 10136 8688 0.0585899 1.59159 1.6653 1.59159 1.6653 4117 0 0.038968
28.6892 11584 7240 0.0562097 1.13685 1.66437 1.13685 1.66437 4122 0 0.0391137
28.7402 10136 8688 0.0608651 1.58784 1.66423 1.58784 1.66423 4129 0 0.0390213
28.7409 11584 7240 0.0576088 80.3373 1.6662 80.3373 1.6662 4134 0 0.0391386
28.7919 10136 8688 0.0554274 1.59159 1.66607 1.59159 1.66607 4141 0 0.038911
28.8427 11584 7240 0.0540617 1.13954 1.66514 1.13954 1.66514 4146 0 0.0390831
28.8934 10136 8688 0.0585199 1.59913 1.66503 1.59913 1.66503 4153 0 0.0389665
28.9441 11584 7240 0.0560377 1.14224 1.66411 1.14224 1.66411 4158 0 0.0391109
28.995 10136 8688 0.0606249 1.59535 1.66399 1.59535 1.66399 4165 0 0.0390152
28.9957 11584 7240 0.0574479 80.3373 1.66595 80.3373 1.66595 4170 0 0.0391356
29.0466 10136 8688 0.0554153 1.59159 1.66582 1.59159 1.66582 4177 0 0.0389108
29.0977 11584 7240 0.0539579 1.13417 1.66488 1.13417 1.66488 4182 0 0.0390818
29.1486 10136 8688 0.0585597 1.59159 1.66476 1.59159 1.66476 4189 0 0.0389673
29.1996 11584 7240 0.0561738 1.13685 1.66383 1.13685 1.66383 4194 0 0.0391131
29.2507 10136 8688 0.0608254 1.58784 1.6637 1.58784 1.6637 4201 0 0.0390203
29.2514 11584 7240 0.0576916 80.3373 1.66564 80.3373 1.66564 4206 0 0.0391402
29.3023 10136 8688 0.0555922 1.59159 1.66551 1.59159 1.66551 4213 0 0.0389135
29.3532 11584 7240 0.0540764 1.13954 1.6646 1.13954 1.6646 4218 0 0.0390832
29.4039 10136 8688 0.0585297 1.59913 1.66449 1.59913 1.66449 4225 0 0.0389667
29.4546 11584 7240 0.0560443 1.14224 1.66359 1.14224 1.66359 4230 0 0.039111
29.5054 10136 8688 0.0606293 1.59535 1.66347 1.59535 1.66347 4237 0 0.0390153
29.5061 11584 7240 0.0574509 80.3373 1.66539 80.3373 1.66539 4242 0 0.0391356
29.5571 10136 8688 0.0554466 1.59159 1.66527 1.59159 1.66527 4249 0 0.0389113
29.6081 11584 7240 0.0541039 1.13417 1.66435 1.13417 1.66435 4254 0 0.0390836
29.6591 10136 8688 0.0586731 1.59159 1.66423 1.59159 1.66423 4261 0 0.0389697
29.71 11584 7240 0.0562654 1.13685 1.66332 1.13685 1.66332 4266 0 0.0391146
29.7611 10136 8688 0.0609024 1.58784 1.66319 1.58784 1.66319 4273 0 0.0390223
29.7618 11584 7240 0.0576338 80.3373 1.6651 80.3373 1.6651 4278 0 0.0391391
29.8128 10136 8688 0.0554441 1.59159 1.66497 1.59159 1.66497 4285 0 0.0389112
29.8636 11584 7240 0.0540729 1.13954 1.66408 1.13954 1.66408 4290 0 0.0390832
29.9143 10136 8688 0.0585274 1.59913 1.66397 1.59913 1.66397 4297 0 0.0389666
29.965 11584 7240 0.0560428 1.14224 1.66308 1.14224 1.66308 4302 0 0.039111
30.0158 10136 8688 0.0606282 1.59535 1.66297 1.59535 1.66297 4309 0 0.0390153
30.0166 11584 7240 0.0574502 80.3373 1.66486 80.3373 1.66486 4314 0 0.0391356
30.0675 10136 8688 0.0554168 1.59159 1.66474 1.59159 1.66474 4321 0 0.0389108
30.1186 11584 7240 0.0539589 1.13417 1.66384 1.13417 1.66384 4326 0 0.0390818
30.1695 10136 8688 0.0585604 1.59159 1.66371 1.59159 1.66371 4333 0 0.0389673
30.2205 11584 7240 0.0561742 1.13685 1.66283 1.13685 1.66283 4338 0 0.0391131
30.2715 10136 8688 0.0607163 1.58784 1.6627 1.58784 1.6627 4345 0 0.0390175
30.2723 11584 7240 0.0577436 80.3373 1.66457 80.3373 1.66457 4350 0 0.0391413
30.3232 10136 8688 0.0555177 1.59159 1.66445 1.59159 1.66445 4357 0 0.0389123
30.374 11584 7240 0.0541515 1.13954 1.66357 1.13954 1.66357 4362 0 0.0390842
30.4247 10136 8688 0.05858 1.59913 1.66346 1.59913 1.66346 4369 0 0.0389677
30.4755 11584 7240 0.0559823 1.14224 1.6626 1.14224 1.6626 4374 0 0.03911
30.5263 10136 8688 0.0605877 1.59535 1.66249 1.59535 1.66249 4381 0 0.0390143
30.527 11584 7240 0.057548 80.3373 1.66434 80.3373 1.66434 4386 0 0.0391375
30.578 10136 8688 0.0553867 1.59159 1.66422 1.59159 1.66422 4393 0 0.0389104
30.629 11584 7240 0.0540637 1.13417 1.66334 1.13417 1.66334 4398 0 0.0390831
30.68 10136 8688 0.0586169 1.59159 1.66322 1.59159 1.66322 4405 0 0.0389685
30.7309 11584 7240 0.0561027 1.13685 1.66235 1.13685 1.66235 4410 0 0.039112
30.782 10136 8688 0.0607641 1.58784 1.66222 1.58784 1.66222 4417 0 0.0390187
30.7827 11584 7240 0.0576369 80.3373 1.66407 80.3373 1.66407 4422 0 0.0391392
30.8339 10136 8688 0.0555419 1.58412 1.66393 1.58412 1.66393 4429 0 0.0389127
30.8848 11584 7240 0.0541384 1.13685 1.66306 1.13685 1.66306 4434 0 0.039084
30.9353 10136 8688 0.058667 1.60675 1.66297 1.60675 1.66297 4441 0 0.0389696
30.9858 11584 7240 0.0559019 1.14768 1.66213 1.14768 1.66213 4446 0 0.0391088
31.0366 10136 8688 0.0605339 1.59535 1.66202 1.59535 1.66202 4453 0 0.0390129
31.0373 11584 7240 0.057387 80.3373 1.66385 80.3373 1.66385 4458 0 0.0391344
31.0883 10136 8688 0.0553881 1.59159 1.66373 1.59159 1.66373 4465 0 0.0389104
31.1396 11584 7240 0.0540491 1.12886 1.66285 1.12886 1.66285 4470 0 0.0390829
31.1905 10136 8688 0.0586208 1.59159 1.66273 1.59159 1.66273 4477 0 0.0389686
31.2411 11584 7240 0.0562147 1.14495 1.6619 1.14495 1.6619 4482 0 0.0391138
31.2915 10136 8688 0.0606184 1.61058 1.66181 1.61058 1.66181 4489 0 0.039015
31.2922 11584 7240 0.0572385 80.3373 1.66363 80.3373 1.66363 4494 0 0.0391317
31.3427 10136 8688 0.0551793 1.60675 1.66353 1.60675 1.66353 4501 0 0.0389074
31.3934 11584 7240 0.0537041 1.14224 1.66269 1.14224 1.66269 4506 0 0.0390789
31.4442 10136 8688 0.0582803 1.59535 1.66258 1.59535 1.66258 4513 0 0.0389615
31.4951 11584 7240 0.0560022 1.13685 1.66173 1.13685 1.66173 4518 0 0.0391104
31.5462 10136 8688 0.0607261 1.58784 1.66161 1.58784 1.66161 4525 0 0.0390178
31.5469 11584 7240 0.0575157 80.3373 1.66341 80.3373 1.66341 4530 0 0.0391369
31.5979 10136 8688 0.055365 1.59159 1.6633 1.59159 1.6633 4537 0 0.0389101
31.6487 11584 7240 0.0540199 1.13954 1.66245 1.13954 1.66245 4542 0 0.0390826
31.6994 10136 8688 0.0584919 1.59913 1.66235 1.59913 1.66235 4549 0 0.0389659
31.7501 11584 7240 0.056019 1.14224 1.66152 1.14224 1.66152 4554 0 0.0391106
31.8009 10136 8688 0.0606123 1.59535 1.66142 1.59535 1.66142 4561 0 0.0390149
31.8017 11584 7240 0.0574395 80.3373 1.6632 80.3373 1.6632 4566 0 0.0391354
31.8526 10136 8688 0.0554097 1.59159 1.66309 1.59159 1.66309 4573 0 0.0389107
31.9037 11584 7240 0.0539541 1.13417 1.66224 1.13417 1.66224 4578 0 0.0390818
31.9546 10136 8688 0.0585572 1.59159 1.66213 1.59159 1.66213 4585 0 0.0389673
32.0056 11584 7240 0.0561721 1.13685 1.66129 1.13685 1.66129 4590 0 0.0391131
32.0566 10136 8688 0.0608243 1.58784 1.66117 1.58784 1.66117 4597 0 0.0390203
32.0574 11584 7240 0.0576909 80.3373 1.66294 80.3373 1.66294 4602 0 0.0391402
32.1083 10136 8688 0.0555917 1.59159 1.66283 1.59159 1.66283 4609 0 0.0389134
32.1591 11584 7240 0.0540761 1.13954 1.662 1.13954 1.662 4614 0 0.0390832
32.2098 10136 8688 0.0585295 1.59913 1.6619 1.59913 1.6619 4621 0 0.0389667
32.2606 11584 7240 0.0560442 1.14224 1.66109 1.14224 1.66109 4626 0 0.039111
32.3114 10136 8688 0.0606292 1.59535 1.66098 1.59535 1.66098 4633 0 0.0390153
32.3121 11584 7240 0.0574508 80.3373 1.66274 80.3373 1.66274 4638 0 0.0391356
32.363 10136 8688 0.0554465 1.59159 1.66263 1.59159 1.66263 4645 0 0.0389113
32.4141 11584 7240 0.0541038 1.13417 1.66179 1.13417 1.66179 4650 0 0.0390836
32.4651 10136 8688 0.0586731 1.59159 1.66168 1.59159 1.66168 4657 0 0.0389697
32.516 11584 7240 0.0562654 1.13685 1.66086 1.13685 1.66086 4662 0 0.0391146
32.5671 10136 8688 0.0609024 1.58784 1.66075 1.58784 1.66075 4669 0 0.0390223
32.5678 11584 7240 0.0576338 80.3373 1.66249 80.3373 1.66249 4674 0 0.0391391
32.6187 10136 8688 0.0554441 1.59159 1.66238 1.59159 1.66238 4681 0 0.0389112
32.6696 11584 7240 0.0539772 1.13954 1.66156 1.13954 1.66156 4686 0 0.039082
32.7203 10136 8688 0.0585726 1.59913 1.66147 1.59913 1.66147 4693 0 0.0389676
32.771 11584 7240 0.0559481 1.14224 1.66066 1.14224 1.66066 4698 0 0.0391095
32.8218 10136 8688 0.0605648 1.59535 1.66056 1.59535 1.66056 4705 0 0.0390137
32.8225 11584 7240 0.0575034 80.3373 1.66229 80.3373 1.66229 4710 0 0.0391366
32.8735 10136 8688 0.0554525 1.59159 1.66218 1.59159 1.66218 4717 0 0.0389114
32.9246 11584 7240 0.0539828 1.13417 1.66136 1.13417 1.66136 4722 0 0.0390821
32.9755 10136 8688 0.0585764 1.59159 1.66126 1.59159 1.66126 4729 0 0.0389677
33.0265 11584 7240 0.0560756 1.13685 1.66045 1.13685 1.66045 4734 0 0.0391115
33.0775 10136 8688 0.0607752 1.58784 1.66033 1.58784 1.66033 4741 0 0.039019
33.0782 11584 7240 0.057783 80.3373 1.66205 80.3373 1.66205 4746 0 0.039142
33.1292 10136 8688 0.0555441 1.59159 1.66194 1.59159 1.66194 4753 0 0.0389127
33.18 11584 7240 0.0541692 1.13954 1.66114 1.13954 1.66114 4758 0 0.0390844
33.2307 10136 8688 0.0585919 1.59913 1.66105 1.59913 1.66105 4765 0 0.038968
33.2814 11584 7240 0.0559902 1.14224 1.66026 1.14224 1.66026 4770 0 0.0391102
33.3323 10136 8688 0.0605931 1.59535 1.66016 1.59535 1.66016 4777 0 0.0390144
33.333 11584 7240 0.0574266 80.3373 1.66186 80.3373 1.66186 4782 0 0.0391352
33.3839 10136 8688 0.0553053 1.59159 1.66175 1.59159 1.66175 4789 0 0.0389092
33.435 11584 7240 0.0539799 1.13417 1.66095 1.13417 1.66095 4794 0 0.0390821
33.4859 10136 8688 0.0585608 1.59159 1.66084 1.59159 1.66084 4801 0 0.0389673
33.5369 11584 7240 0.0561608 1.13685 1.66004 1.13685 1.66004 4806 0 0.0391129
33.588 10136 8688 0.0608031 1.58784 1.65993 1.58784 1.65993 4813 0 0.0390197
33.5887 11584 7240 0.057663 80.3373 1.66162 80.3373 1.66162 4818 0 0.0391397
33.6396 10136 8688 0.0555594 1.59159 1.66152 1.59159 1.66152 4825 0 0.038913
33.6905 11584 7240 0.0540544 1.13954 1.66073 1.13954 1.66073 4830 0 0.039083
33.7412 10136 8688 0.058515 1.59913 1.66064 1.59913 1.66064 4837 0 0.0389664
33.7919 11584 7240 0.0560344 1.14224 1.65986 1.14224 1.65986 4842 0 0.0391109
33.8427 10136 8688 0.0606227 1.59535 1.65976 1.59535 1.65976 4849 0 0.0390151
33.8434 11584 7240 0.0574464 80.3373 1.66144 80.3373 1.66144 4854 0 0.0391356
33.8944 10136 8688 0.055428 1.59159 1.66133 1.59159 1.66133 4861 0 0.038911
33.9454 11584 7240 0.0540758 1.13417 1.66054 1.13417 1.66054 4866 0 0.0390832
33.9964 10136 8688 0.0586387 1.59159 1.66044 1.59159 1.66044 4873 0 0.038969
34.0473 11584 7240 0.0561173 1.13685 1.65965 1.13685 1.65965 4878 0 0.0391122
34.0984 10136 8688 0.0608032 1.58784 1.65955 1.58784 1.65955 4885 0 0.0390197
34.0991 11584 7240 0.0576924 80.3373 1.66121 80.3373 1.66121 4890 0 0.0391403
34.1501 10136 8688 0.0556084 1.59159 1.6611 1.59159 1.6611 4897 0 0.0389137
34.2009 11584 7240 0.0540872 1.13954 1.66033 1.13954 1.66033 4902 0 0.0390834
34.2516 10136 8688 0.058537 1.59913 1.66024 1.59913 1.66024 4909 0 0.0389668
34.3023 11584 7240 0.0560492 1.14224 1.65947 1.14224 1.65947 4914 0 0.0391111
34.3531 10136 8688 0.0606326 1.59535 1.65938 1.59535 1.65938 4921 0 0.0390154
34.3539 11584 7240 0.0574531 80.3373 1.66103 80.3373 1.66103 4926 0 0.0391357
34.4048 10136 8688 0.055323 1.59159 1.66093 1.59159 1.66093 4933 0 0.0389094
34.4559 11584 7240 0.0539918 1.13417 1.66015 1.13417 1.66015 4938 0 0.0390822
34.5068 10136 8688 0.0585687 1.59159 1.66004 1.59159 1.66004 4945 0 0.0389675
34.5578 11584 7240 0.0561662 1.13685 1.65927 1.13685 1.65927 4950 0 0.039113
34.6088 10136 8688 0.0608066 1.58784 1.65917 1.58784 1.65917 4957 0 0.0390198
34.6096 11584 7240 0.0576654 80.3373 1.66081 80.3373 1.66081 4962 0 0.0391397
34.6605 10136 8688 0.055561 1.59159 1.66071 1.59159 1.66071 4969 0 0.038913
34.7113 11584 7240 0.0540555 1.13954 1.65994 1.13954 1.65994 4974 0 0.039083
34.762 10136 8688 0.0585157 1.59913 1.65985 1.59913 1.65985 4981 0 0.0389664
34.8128 11584 7240 0.0560349 1.14224 1.6591 1.14224 1.6591 4986 0 0.0391109
34.8636 10136 8688 0.0605273 1.59535 1.65901 1.59535 1.65901 4993 0 0.0390127
34.8643 11584 7240 0.0574919 80.3373 1.66063 80.3373 1.66063 4998 0 0.0391364
34.9152 10136 8688 0.0554585 1.59159 1.66053 1.59159 1.66053 5005 0 0.0389114
34.9663 11584 7240 0.0540962 1.13417 1.65976 1.13417 1.65976 5010 0 0.0390835
35.0173 10136 8688 0.0586523 1.59159 1.65967 1.59159 1.65967 5017 0 0.0389693
35.0682 11584 7240 0.0561265 1.13685 1.65891 1.13685 1.65891 5022 0 0.0391124
35.1193 10136 8688 0.0608093 1.58784 1.6588 1.58784 1.6588 5029 0 0.0390199
35.12 11584 7240 0.0576965 80.3373 1.66042 80.3373 1.66042 5034 0 0.0391403
35.1712 10136 8688 0.0556111 1.58412 1.66031 1.58412 1.66031 5041 0 0.0389137
35.2221 11584 7240 0.0542141 1.13685 1.65955 1.13685 1.65955 5046 0 0.0390849
35.2726 10136 8688 0.0586219 1.60675 1.65947 1.60675 1.65947 5053 0 0.0389686
35.3231 11584 7240 0.0560104 1.14768 1.65874 1.14768 1.65874 5058 0 0.0391105
35.3739 10136 8688 0.0604816 1.59535 1.65865 1.59535 1.65865 5065 0 0.0390116
35.3746 11584 7240 0.0573519 80.3373 1.66025 80.3373 1.66025 5070 0 0.0391338
35.4256 10136 8688 0.055351 1.59159 1.66016 1.59159 1.66016 5077 0 0.0389098
35.4769 11584 7240 0.0539148 1.12886 1.65939 1.12886 1.65939 5082 0 0.0390813
35.5278 10136 8688 0.0586265 1.59159 1.65929 1.59159 1.65929 5089 0 0.0389687
35.5784 11584 7240 0.0562049 1.14495 1.65856 1.14495 1.65856 5094 0 0.0391136
35.6288 10136 8688 0.0605025 1.61058 1.65849 1.61058 1.65849 5101 0 0.0390121
35.6295 11584 7240 0.0572702 80.3373 1.66008 80.3373 1.66008 5106 0 0.0391323
35.6799 10136 8688 0.0550756 1.60675 1.66001 1.60675 1.66001 5113 0 0.0389059
35.7307 11584 7240 0.0537303 1.14224 1.65927 1.14224 1.65927 5118 0 0.0390792
35.7815 10136 8688 0.0582978 1.59535 1.65918 1.59535 1.65918 5125 0 0.0389619
35.8324 11584 7240 0.055889 1.13685 1.65844 1.13685 1.65844 5130 0 0.0391086
35.8835 10136 8688 0.0606502 1.58784 1.65834 1.58784 1.65834 5137 0 0.0390158
35.8842 11584 7240 0.0575899 80.3373 1.65992 80.3373 1.65992 5142 0 0.0391383
35.9352 10136 8688 0.0555397 1.59159 1.65982 1.59159 1.65982 5149 0 0.0389127
35.986 11584 7240 0.0540413 1.13954 1.65909 1.13954 1.65909 5154 0 0.0390828
36.0367 10136 8688 0.0585062 1.59913 1.659 1.59913 1.659 5161 0 0.0389662
36.0874 11584 7240 0.0560285 1.14224 1.65828 1.14224 1.65828 5166 0 0.0391108
36.1382 10136 8688 0.0606187 1.59535 1.65819 1.59535 1.65819 5173 0 0.039015
36.139 11584 7240 0.0574438 80.3373 1.65976 80.3373 1.65976 5178 0 0.0391355
36.1899 10136 8688 0.0553168 1.59159 1.65966 1.59159 1.65966 5185 0 0.0389093
36.241 11584 7240 0.0539876 1.13417 1.65892 1.13417 1.65892 5190 0 0.0390822
36.2919 10136 8688 0.0585659 1.59159 1.65883 1.59159 1.65883 5197 0 0.0389675
36.3429 11584 7240 0.0561643 1.13685 1.6581 1.13685 1.6581 5202 0 0.039113
36.3939 10136 8688 0.0608054 1.58784 1.658 1.58784 1.658 5209 0 0.0390198
36.3947 11584 7240 0.0576645 80.3373 1.65956 80.3373 1.65956 5214 0 0.0391397
36.4456 10136 8688 0.0555604 1.59159 1.65946 1.59159 1.65946 5221 0 0.038913
36.4964 11584 7240 0.0540551 1.13954 1.65874 1.13954 1.65874 5226 0 0.039083
36.5471 10136 8688 0.0585154 1.59913 1.65865 1.59913 1.65865 5233 0 0.0389664
36.5978 11584 7240 0.0560348 1.14224 1.65794 1.14224 1.65794 5238 0 0.0391109
36.6487 10136 8688 0.0606229 1.59535 1.65785 1.59535 1.65785 5245 0 0.0390151
36.6494 11584 7240 0.0574466 80.3373 1.6594 80.3373 1.6594 5250 0 0.0391356
36.7003 10136 8688 0.0554281 1.59159 1.65931 1.59159 1.65931 5257 0 0.038911
36.7514 11584 7240 0.0540758 1.13417 1.65858 1.13417 1.65858 5262 0 0.0390832
36.8024 10136 8688 0.0586387 1.59159 1.65848 1.59159 1.65848 5269 0 0.038969
36.8533 11584 7240 0.0561173 1.13685 1.65776 1.13685 1.65776 5274 0 0.0391122
36.9044 10136 8688 0.0608032 1.58784 1.65767 1.58784 1.65767 5281 0 0.0390197
36.9051 11584 7240 0.0576924 80.3373 1.6592 80.3373 1.6592 5286 0 0.0391403
36.956 10136 8688 0.0556084 1.59159 1.65911 1.59159 1.65911 5293 0 0.0389137
37.0069 11584 7240 0.0540872 1.13954 1.6584 1.13954 1.6584 5298 0 0.0390834
37.0576 10136 8688 0.058537 1.59913 1.65831 1.59913 1.65831 5305 0 0.0389668
37.1083 11584 7240 0.0560492 1.14224 1.65761 1.14224 1.65761 5310 0 0.0391111
37.1591 10136 8688 0.0606326 1.59535 1.65752 1.59535 1.65752 5317 0 0.0390154
37.1598 11584 7240 0.0574531 80.3373 1.65905 80.3373 1.65905 5322 0 0.0391357
37.2108 10136 8688 0.055323 1.59159 1.65896 1.59159 1.65896 5329 0 0.0389094
37.2619 11584 7240 0.0539918 1.13417 1.65824 1.13417 1.65824 5334 0 0.0390822
37.3128 10136 8688 0.0585687 1.59159 1.65815 1.59159 1.65815 5341 0 0.0389675
37.3637 11584 7240 0.0561662 1.13685 1.65744 1.13685 1.65744 5346 0 0.039113
37.4148 10136 8688 0.0607109 1.58784 1.65734 1.58784 1.65734 5353 0 0.0390174
37.4155 11584 7240 0.0577106 80.3373 1.65886 80.3373 1.65886 5358 0 0.0391406
37.4665 10136 8688 0.0555913 1.59159 1.65877 1.59159 1.65877 5365 0 0.0389134
37.5173 11584 7240 0.0540758 1.13954 1.65806 1.13954 1.65806 5370 0 0.0390832
37.568 10136 8688 0.0585293 1.59913 1.65798 1.59913 1.65798 5377 0 0.0389667
37.6187 11584 7240 0.056044 1.14224 1.65729 1.14224 1.65729 5382 0 0.039111
37.6696 10136 8688 0.0605334 1.59535 1.65721 1.59535 1.65721 5389 0 0.0390129
37.6703 11584 7240 0.057496 80.3373 1.65871 80.3373 1.65871 5394 0 0.0391365
37.7212 10136 8688 0.0553518 1.59159 1.65862 1.59159 1.65862 5401 0 0.0389099
37.7723 11584 7240 0.0541498 1.13417 1.65791 1.13417 1.65791 5406 0 0.0390841
37.8232 10136 8688 0.0585788 1.59159 1.65782 1.59159 1.65782 5413 0 0.0389677
37.8742 11584 7240 0.0562022 1.13685 1.65712 1.13685 1.65712 5418 0 0.0391136
37.9253 10136 8688 0.0608601 1.58784 1.65703 1.58784 1.65703 5425 0 0.0390212
37.926 11584 7240 0.0576055 80.3373 1.65852 80.3373 1.65852 5430 0 0.0391386
37.9769 10136 8688 0.0554252 1.59159 1.65843 1.59159 1.65843 5437 0 0.0389109
38.0278 11584 7240 0.0540602 1.13954 1.65774 1.13954 1.65774 5442 0 0.039083
38.0785 10136 8688 0.0585189 1.59913 1.65766 1.59913 1.65766 5449 0 0.0389665
38.1292 11584 7240 0.056037 1.14224 1.65698 1.14224 1.65698 5454 0 0.0391109
38.18 10136 8688 0.0606244 1.59535 1.65689 1.59535 1.65689 5461 0 0.0390152
38.1807 11584 7240 0.0574476 80.3373 1.65838 80.3373 1.65838 5466 0 0.0391356
38.2317 10136 8688 0.0554151 1.59159 1.65829 1.59159 1.65829 5473 0 0.0389108
38.2827 11584 7240 0.0539578 1.13417 1.65759 1.13417 1.65759 5478 0 0.0390818
38.3337 10136 8688 0.0585596 1.59159 1.6575 1.59159 1.6575 5485 0 0.0389673
38.3846 11584 7240 0.0561737 1.13685 1.65681 1.13685 1.65681 5490 0 0.0391131
38.4357 10136 8688 0.0608254 1.58784 1.65672 1.58784 1.65672 5497 0 0.0390203
38.4364 11584 7240 0.0576916 80.3373 1.6582 80.3373 1.6582 5502 0 0.0391402
38.4874 10136 8688 0.0555922 1.59159 1.65811 1.59159 1.65811 5509 0 0.0389135
38.5382 11584 7240 0.0540764 1.13954 1.65743 1.13954 1.65743 5514 0 0.0390832
38.5889 10136 8688 0.0585297 1.59913 1.65735 1.59913 1.65735 5521 0 0.0389667
38.6396 11584 7240 0.0560443 1.14224 1.65667 1.14224 1.65667 5526 0 0.039111
38.6904 10136 8688 0.0606293 1.59535 1.65659 1.59535 1.65659 5533 0 0.0390153
38.6912 11584 7240 0.0574509 80.3373 1.65806 80.3373 1.65806 5538 0 0.0391356
38.7421 10136 8688 0.0554466 1.59159 1.65797 1.59159 1.65797 5545 0 0.0389113
38.7932 11584 7240 0.0541039 1.13417 1.65728 1.13417 1.65728 5550 0 0.0390836
38.8441 10136 8688 0.0586731 1.59159 1.6572 1.59159 1.6572 5557 0 0.0389697
38.8951 11584 7240 0.0562654 1.13685 1.65651 1.13685 1.65651 5562 0 0.0391146
38.9461 10136 8688 0.0609024 1.58784 1.65642 1.58784 1.65642 5569 0 0.0390223
38.9469 11584 7240 0.0576338 80.3373 1.65788 80.3373 1.65788 5574 0 0.0391391
38.9978 10136 8688 0.0554441 1.59159 1.65779 1.59159 1.65779 5581 0 0.0389112
39.0486 11584 7240 0.0540729 1.13954 1.65712 1.13954 1.65712 5586 0 0.0390832
39.0993 10136 8688 0.0585274 1.59913 1.65704 1.59913 1.65704 5593 0 0.0389666
39.15 11584 7240 0.0560428 1.14224 1.65638 1.14224 1.65638 5598 0 0.039111
39.2009 10136 8688 0.0606282 1.59535 1.6563 1.59535 1.6563 5605 0 0.0390153
39.2016 11584 7240 0.0574502 80.3373 1.65774 80.3373 1.65774 5610 0 0.0391356
39.2525 10136 8688 0.0554168 1.59159 1.65766 1.59159 1.65766 5617 0 0.0389108
39.3036 11584 7240 0.0539589 1.13417 1.65698 1.13417 1.65698 5622 0 0.0390818
39.3546 10136 8688 0.0585604 1.59159 1.65689 1.59159 1.65689 5629 0 0.0389673
39.4055 11584 7240 0.0561742 1.13685 1.65622 1.13685 1.65622 5634 0 0.0391131
39.4566 10136 8688 0.0607163 1.58784 1.65613 1.58784 1.65613 5641 0 0.0390175
39.4573 11584 7240 0.0577436 80.3373 1.65757 80.3373 1.65757 5646 0 0.0391413
39.5085 10136 8688 0.0557227 1.58412 1.65748 1.58412 1.65748 5653 0 0.0389155
39.5594 11584 7240 0.0541639 1.13685 1.65681 1.13685 1.65681 5658 0 0.0390843
39.6099 10136 8688 0.0584633 1.60675 1.65674 1.60675 1.65674 5665 0 0.0389653
39.6604 11584 7240 0.0559998 1.14768 1.65609 1.14768 1.65609 5670 0 0.0391103
39.7112 10136 8688 0.0604901 1.59535 1.65602 1.59535 1.65602 5677 0 0.0390118
39.7119 11584 7240 0.0573576 80.3373 1.65744 80.3373 1.65744 5682 0 0.0391339
39.7629 10136 8688 0.0552591 1.59159 1.65736 1.59159 1.65736 5689 0 0.0389085
39.8142 11584 7240 0.054074 1.12886 1.65668 1.12886 1.65668 5694 0 0.0390832
39.8651 10136 8688 0.0587488 1.59159 1.6566 1.59159 1.6566 5701 0 0.0389713
39.9157 11584 7240 0.0561911 1.14495 1.65595 1.14495 1.65595 5706 0 0.0391134
39.9661 10136 8688 0.0606319 1.61058 1.65589 1.61058 1.65589 5713 0 0.0390154
39.9668 11584 7240 0.0573276 80.3373 1.65731 80.3373 1.65731 5718 0 0.0391333
40.0172 10136 8688 0.0551433 1.60675 1.65725 1.60675 1.65725 5725 0 0.0389068
40.0679 11584 7240 0.0536507 1.14224 1.65659 1.14224 1.65659 5730 0 0.0390782
40.1188 10136 8688 0.0582445 1.59535 1.65652 1.59535 1.65652 5737 0 0.0389608
40.1697 11584 7240 0.055949 1.13685 1.65586 1.13685 1.65586 5742 0 0.0391095
40.2208 10136 8688 0.0605654 1.58784 1.65577 1.58784 1.65577 5749 0 0.0390137
40.2215 11584 7240 0.0576132 80.3373 1.65718 80.3373 1.65718 5754 0 0.0391387
40.2725 10136 8688 0.0554303 1.59159 1.6571 1.59159 1.6571 5761 0 0.038911
40.3233 11584 7240 0.0540773 1.13954 1.65645 1.13954 1.65645 5766 0 0.0390832
40.374 10136 8688 0.0584053 1.59913 1.65637 1.59913 1.65637 5773 0 0.0389641
40.4247 11584 7240 0.055961 1.14224 1.65573 1.14224 1.65573 5778 0 0.0391097
40.4755 10136 8688 0.0605735 1.59535 1.65565 1.59535 1.65565 5785 0 0.0390139
40.4763 11584 7240 0.0575229 80.3373 1.65705 80.3373 1.65705 5790 0 0.039137
40.5272 10136 8688 0.0553698 1.59159 1.65697 1.59159 1.65697 5797 0 0.0389101
40.5783 11584 7240 0.0541618 1.13417 1.65631 1.13417 1.65631 5802 0 0.0390843
40.6292 10136 8688 0.0585869 1.59159 1.65623 1.59159 1.65623 5809 0 0.0389679
40.6802 11584 7240 0.0562076 1.13685 1.65558 1.13685 1.65558 5814 0 0.0391137
40.7312 10136 8688 0.0608637 1.58784 1.6555 1.58784 1.6555 5821 0 0.0390213
40.732 11584 7240 0.0576079 80.3373 1.65689 80.3373 1.65689 5826 0 0.0391386
40.7829 10136 8688 0.0554268 1.59159 1.65681 1.59159 1.65681 5833 0 0.038911
40.8337 11584 7240 0.0540613 1.13954 1.65617 1.13954 1.65617 5838 0 0.0390831
40.8843 10136 8688 0.0585196 1.60293 1.6561 1.60293 1.6561 5845 0 0.0389665
40.9348 11584 7240 0.0559125 1.14768 1.65547 1.14768 1.65547 5850 0 0.0391089
40.9856 10136 8688 0.060541 1.59535 1.6554 1.59535 1.6554 5857 0 0.0390131
40.9863 11584 7240 0.0573917 80.3373 1.65678 80.3373 1.65678 5862 0 0.0391345
41.037 10136 8688 0.055282 1.59913 1.65671 1.59913 1.65671 5869 0 0.0389088
41.0881 11584 7240 0.0539936 1.13417 1.65606 1.13417 1.65606 5874 0 0.0390822
41.1389 10136 8688 0.0584742 1.59535 1.65599 1.59535 1.65599 5881 0 0.0389655
41.1896 11584 7240 0.0560071 1.14224 1.65535 1.14224 1.65535 5886 0 0.0391104
41.2405 10136 8688 0.0606044 1.59535 1.65528 1.59535 1.65528 5893 0 0.0390147
41.2412 11584 7240 0.0574342 80.3373 1.65666 80.3373 1.65666 5898 0 0.0391353
41.2921 10136 8688 0.0554354 1.59159 1.65657 1.59159 1.65657 5905 0 0.0389111
41.3432 11584 7240 0.0540964 1.13417 1.65593 1.13417 1.65593 5910 0 0.0390835
41.394 10136 8688 0.0586681 1.59535 1.65586 1.59535 1.65586 5917 0 0.0389696
41.4445 11584 7240 0.056137 1.14768 1.65524 1.14768 1.65524 5922 0 0.0391125
41.4953 10136 8688 0.0604863 1.59535 1.65516 1.59535 1.65516 5929 0 0.0390117
41.4961 11584 7240 0.0574801 80.3373 1.65653 80.3373 1.65653 5934 0 0.0391362
41.5469 10136 8688 0.0553412 1.59535 1.65646 1.59535 1.65646 5941 0 0.0389097
41.5979 11584 7240 0.0539082 1.13417 1.65581 1.13417 1.65581 5946 0 0.0390812
41.6488 10136 8688 0.0585127 1.59535 1.65574 1.59535 1.65574 5953 0 0.0389663
41.6992 11584 7240 0.0561287 1.14768 1.65513 1.14768 1.65513 5958 0 0.0391124
41.7501 10136 8688 0.0605764 1.59535 1.65505 1.59535 1.65505 5965 0 0.039014
41.7508 11584 7240 0.0574155 80.3373 1.65641 80.3373 1.65641 5970 0 0.039135
41.8016 10136 8688 0.0552979 1.59535 1.65634 1.59535 1.65634 5977 0 0.0389091
41.8527 11584 7240 0.0538792 1.13417 1.6557 1.13417 1.6557 5982 0 0.0390809
41.9034 10136 8688 0.058507 1.59913 1.65563 1.59913 1.65563 5989 0 0.0389662
41.9539 11584 7240 0.0559041 1.14768 1.65502 1.14768 1.65502 5994 0 0.0391088
42.0046 10136 8688 0.0605354 1.59913 1.65495 1.59913 1.65495 6001 0 0.0390129
42.0053 11584 7240 0.0573879 80.3373 1.6563 80.3373 1.6563 6006 0 0.0391344
42.056 10136 8688 0.0551544 1.59913 1.65623 1.59913 1.65623 6013 0 0.038907
42.1071 11584 7240 0.0539081 1.13417 1.6556 1.13417 1.6556 6018 0 0.0390812
42.1579 10136 8688 0.0585127 1.59535 1.65553 1.59535 1.65553 6025 0 0.0389663
42.2084 11584 7240 0.0560329 1.14768 1.65492 1.14768 1.65492 6030 0 0.0391108
42.2589 10136 8688 0.0603873 1.60293 1.65486 1.60293 1.65486 6037 0 0.0390093
42.2597 11584 7240 0.0572887 80.3373 1.6562 80.3373 1.6562 6042 0 0.0391326
42.3104 10136 8688 0.055213 1.59913 1.65613 1.59913 1.65613 6049 0 0.0389078
42.3613 11584 7240 0.0539317 1.13685 1.65551 1.13685 1.65551 6054 0 0.0390815
42.4122 10136 8688 0.0584328 1.59535 1.65544 1.59535 1.65544 6061 0 0.0389647
42.4627 11584 7240 0.0559794 1.14495 1.65483 1.14495 1.65483 6066 0 0.03911
42.5136 10136 8688 0.0604901 1.59535 1.65476 1.59535 1.65476 6073 0 0.0390118
42.5143 11584 7240 0.057467 80.3373 1.65609 80.3373 1.65609 6078 0 0.0391359
42.5651 10136 8688 0.0553324 1.59535 1.65602 1.59535 1.65602 6085 0 0.0389096
42.6159 11584 7240 0.0539024 1.13954 1.6554 1.13954 1.6554 6090 0 0.0390812
42.6664 10136 8688 0.0584131 1.60675 1.65535 1.60675 1.65535 6097 0 0.0389642
42.7169 11584 7240 0.0557318 1.14768 1.65475 1.14768 1.65475 6102 0 0.0391061
42.7677 10136 8688 0.06042 1.59535 1.65468 1.59535 1.65468 6109 0 0.0390101
42.7684 11584 7240 0.0573106 80.3373 1.656 80.3373 1.656 6114 0 0.039133
42.8194 10136 8688 0.055337 1.59159 1.65592 1.59159 1.65592 6121 0 0.0389096
42.8704 11584 7240 0.0540148 1.13417 1.6553 1.13417 1.6553 6126 0 0.0390825
42.9211 10136 8688 0.0584884 1.59913 1.65524 1.59913 1.65524 6133 0 0.0389658
42.9715 11584 7240 0.0560167 1.15042 1.65465 1.15042 1.65465 6138 0 0.0391106
43.0223 10136 8688 0.0604057 1.59535 1.65458 1.59535 1.65458 6145 0 0.0390097
43.023 11584 7240 0.0574261 80.3373 1.65589 80.3373 1.65589 6150 0 0.0391352
43.0739 10136 8688 0.055305 1.59535 1.65582 1.59535 1.65582 6157 0 0.0389092
43.1246 11584 7240 0.053884 1.14224 1.65522 1.14224 1.65522 6162 0 0.0390809
43.1748 10136 8688 0.0581664 1.61443 1.65517 1.61443 1.65517 6169 0 0.0389592
43.2246 11584 7240 0.0556759 1.16431 1.65461 1.16431 1.65461 6174 0 0.0391052
43.2747 10136 8688 0.0599274 1.61831 1.65456 1.61831 1.65456 6181 0 0.0389981
43.2754 11584 7240 0.05676 80.3373 1.65588 80.3373 1.65588 6186 0 0.0391231
43.326 10136 8688 0.0547337 1.60293 1.65581 1.60293 1.65581 6193 0 0.0389012
43.3769 11584 7240 0.0535013 1.13685 1.6552 1.13685 1.6552 6198 0 0.0390766
43.4274 10136 8688 0.0582401 1.60675 1.65515 1.60675 1.65515 6205 0 0.0389607
43.4771 11584 7240 0.0556159 1.16431 1.65459 1.16431 1.65459 6210 0 0.0391043
43.528 10136 8688 0.0600122 1.59535 1.65452 1.59535 1.65452 6217 0 0.0390001
43.5287 11584 7240 0.0570375 80.3373 1.65582 80.3373 1.65582 6222 0 0.039128
43.58 10136 8688 0.0551404 1.58041 1.65573 1.58041 1.65573 6229 0 0.0389068
43.6313 11584 7240 0.0541038 1.12886 1.65511 1.12886 1.65511 6234 0 0.0390836
43.6821 10136 8688 0.0586437 1.59535 1.65504 1.59535 1.65504 6241 0 0.0389691
43.7325 11584 7240 0.0561207 1.15042 1.65446 1.15042 1.65446 6246 0 0.0391123
43.7831 10136 8688 0.0604754 1.60293 1.6544 1.60293 1.6544 6253 0 0.0390114
43.7838 11584 7240 0.0573478 80.3373 1.6557 80.3373 1.6557 6258 0 0.0391337
43.8346 10136 8688 0.0552525 1.59535 1.65563 1.59535 1.65563 6265 0 0.0389084
43.8857 11584 7240 0.0538489 1.13417 1.65502 1.13417 1.65502 6270 0 0.0390805
43.9367 10136 8688 0.0584866 1.58784 1.65494 1.58784 1.65494 6277 0 0.0389658
43.9879 11584 7240 0.0561248 1.13151 1.65433 1.13151 1.65433 6282 0 0.0391123
44.0389 10136 8688 0.0608883 1.59159 1.65426 1.59159 1.65426 6289 0 0.0390219
44.0396 11584 7240 0.0577201 80.3373 1.65555 80.3373 1.65555 6294 0 0.0391408
44.0903 10136 8688 0.0555019 1.59913 1.65548 1.59913 1.65548 6301 0 0.0389121
44.141 11584 7240 0.0540159 1.14224 1.65489 1.14224 1.65489 6306 0 0.0390825
44.1918 10136 8688 0.0584892 1.59535 1.65483 1.59535 1.65483 6313 0 0.0389658
44.2427 11584 7240 0.0560172 1.13954 1.65423 1.13954 1.65423 6318 0 0.0391106
44.2937 10136 8688 0.0606111 1.58784 1.65416 1.58784 1.65416 6325 0 0.0390149
44.2945 11584 7240 0.0575481 80.3373 1.65544 80.3373 1.65544 6330 0 0.0391375
44.3454 10136 8688 0.0554961 1.59159 1.65536 1.59159 1.65536 6337 0 0.038912
44.3961 11584 7240 0.054012 1.14224 1.65478 1.14224 1.65478 6342 0 0.0390825
44.4465 10136 8688 0.0584866 1.61058 1.65473 1.61058 1.65473 6349 0 0.0389658
44.4969 11584 7240 0.0556853 1.14768 1.65415 1.14768 1.65415 6354 0 0.0391054
44.5478 10136 8688 0.0603888 1.59535 1.65409 1.59535 1.65409 6361 0 0.0390093
44.5485 11584 7240 0.0572898 80.3373 1.65536 80.3373 1.65536 6366 0 0.0391326
44.5997 10136 8688 0.0554187 1.58412 1.65528 1.58412 1.65528 6373 0 0.0389108
44.651 11584 7240 0.0539602 1.12886 1.65467 1.12886 1.65467 6378 0 0.0390818
44.7019 10136 8688 0.0586569 1.59159 1.6546 1.59159 1.6546 6385 0 0.0389694
44.7524 11584 7240 0.0562252 1.14768 1.65403 1.14768 1.65403 6390 0 0.039114
44.803 10136 8688 0.0605161 1.60293 1.65397 1.60293 1.65397 6397 0 0.0390125
44.8037 11584 7240 0.0573751 80.3373 1.65524 80.3373 1.65524 6402 0 0.0391342
44.8545 10136 8688 0.0553665 1.59535 1.65517 1.59535 1.65517 6409 0 0.0389101
44.9056 11584 7240 0.0539252 1.13417 1.65458 1.13417 1.65458 6414 0 0.0390814
44.9567 10136 8688 0.0585378 1.58784 1.6545 1.58784 1.6545 6421 0 0.0389669
45.0076 11584 7240 0.0561591 1.13685 1.65392 1.13685 1.65392 6426 0 0.0391129
45.0583 10136 8688 0.0608156 1.59913 1.65385 1.59913 1.65385 6433 0 0.03902
45.059 11584 7240 0.0575757 80.3373 1.65511 80.3373 1.65511 6438 0 0.039138
45.1095 10136 8688 0.0554052 1.60675 1.65506 1.60675 1.65506 6445 0 0.0389106
45.1601 11584 7240 0.053746 1.14495 1.65449 1.14495 1.65449 6450 0 0.0390793
45.2107 10136 8688 0.0583084 1.60293 1.65443 1.60293 1.65443 6457 0 0.0389621
45.2615 11584 7240 0.0558003 1.13954 1.65385 1.13954 1.65385 6462 0 0.0391072
45.3126 10136 8688 0.0604659 1.58784 1.65378 1.58784 1.65378 6469 0 0.0390112
45.3133 11584 7240 0.0575758 80.3373 1.65503 80.3373 1.65503 6474 0 0.039138
45.3642 10136 8688 0.0555146 1.59159 1.65496 1.59159 1.65496 6481 0 0.0389123
45.4153 11584 7240 0.0541338 1.13417 1.65437 1.13417 1.65437 6486 0 0.0390839
45.466 10136 8688 0.0585682 1.59913 1.65431 1.59913 1.65431 6493 0 0.0389675
45.5167 11584 7240 0.0560701 1.14224 1.65374 1.14224 1.65374 6498 0 0.0391114
45.5678 10136 8688 0.0605509 1.58784 1.65367 1.58784 1.65367 6505 0 0.0390133
45.5685 11584 7240 0.0576034 80.3373 1.65491 80.3373 1.65491 6510 0 0.0391385
45.6195 10136 8688 0.0554238 1.59159 1.65484 1.59159 1.65484 6517 0 0.0389109
45.6704 11584 7240 0.0540729 1.13685 1.65426 1.13685 1.65426 6522 0 0.0390832
45.7211 10136 8688 0.0585274 1.59913 1.6542 1.59913 1.6542 6529 0 0.0389666
45.7718 11584 7240 0.0560428 1.14224 1.65363 1.14224 1.65363 6534 0 0.039111
45.8227 10136 8688 0.0606283 1.59535 1.65357 1.59535 1.65357 6541 0 0.0390153
45.8234 11584 7240 0.0574502 80.3373 1.65481 80.3373 1.65481 6546 0 0.0391356
45.8743 10136 8688 0.0554305 1.59159 1.65474 1.59159 1.65474 6553 0 0.038911
45.9254 11584 7240 0.0540775 1.13417 1.65416 1.13417 1.65416 6558 0 0.0390833
45.9762 10136 8688 0.0585304 1.59535 1.65409 1.59535 1.65409 6565 0 0.0389667
46.0269 11584 7240 0.0560448 1.14224 1.65353 1.14224 1.65353 6570 0 0.039111
46.078 10136 8688 0.0606296 1.58784 1.65346 1.58784 1.65346 6577 0 0.0390153
46.0787 11584 7240 0.0575468 80.3373 1.65469 80.3373 1.65469 6582 0 0.0391375
46.1297 10136 8688 0.0554815 1.59159 1.65462 1.59159 1.65462 6589 0 0.0389118
46.1806 11584 7240 0.0540023 1.13685 1.65405 1.13685 1.65405 6594 0 0.0390823
46.2312 10136 8688 0.05848 1.60293 1.65399 1.60293 1.65399 6601 0 0.0389656
46.2817 11584 7240 0.056011 1.14768 1.65344 1.14768 1.65344 6606 0 0.0391105
46.3325 10136 8688 0.0605113 1.59535 1.65338 1.59535 1.65338 6613 0 0.0390123
46.3332 11584 7240 0.0573718 80.3373 1.6546 80.3373 1.6546 6618 0 0.0391341
46.3842 10136 8688 0.0553936 1.59159 1.65453 1.59159 1.65453 6625 0 0.0389105
46.4355 11584 7240 0.0541778 1.12886 1.65395 1.12886 1.65395 6630 0 0.0390845
46.4863 10136 8688 0.058707 1.59535 1.65389 1.59535 1.65389 6637 0 0.0389705
46.5368 11584 7240 0.0560381 1.14768 1.65334 1.14768 1.65334 6642 0 0.0391109
46.5873 10136 8688 0.0606251 1.60293 1.65328 1.60293 1.65328 6649 0 0.0390152
46.5881 11584 7240 0.0573387 80.3373 1.6545 80.3373 1.6545 6654 0 0.0391335
46.6388 10136 8688 0.0552464 1.59913 1.65444 1.59913 1.65444 6661 0 0.0389083
46.6897 11584 7240 0.0538448 1.13685 1.65387 1.13685 1.65387 6666 0 0.0390805
46.7406 10136 8688 0.0583745 1.59535 1.65381 1.59535 1.65381 6673 0 0.0389634
46.7915 11584 7240 0.0560497 1.13685 1.65325 1.13685 1.65325 6678 0 0.0391111
46.8426 10136 8688 0.0606329 1.58784 1.65318 1.58784 1.65318 6685 0 0.0390154
46.8433 11584 7240 0.0576877 80.3373 1.65439 80.3373 1.65439 6690 0 0.0391402
46.8942 10136 8688 0.0554802 1.59159 1.65432 1.59159 1.65432 6697 0 0.0389118
46.9451 11584 7240 0.0541264 1.13954 1.65376 1.13954 1.65376 6702 0 0.0390838
46.9957 10136 8688 0.0585632 1.60293 1.65371 1.60293 1.65371 6709 0 0.0389674
47.0461 11584 7240 0.055971 1.14768 1.65316 1.14768 1.65316 6714 0 0.0391099
47.0969 10136 8688 0.0604552 1.59535 1.6531 1.59535 1.6531 6721 0 0.0390109
47.0977 11584 7240 0.0573343 80.3373 1.65431 80.3373 1.65431 6726 0 0.0391334
47.1485 10136 8688 0.0553392 1.59535 1.65424 1.59535 1.65424 6733 0 0.0389097
47.1996 11584 7240 0.0539069 1.13417 1.65368 1.13417 1.65368 6738 0 0.0390812
47.2505 10136 8688 0.0585255 1.59159 1.65361 1.59159 1.65361 6745 0 0.0389666
47.3012 11584 7240 0.0560415 1.14224 1.65307 1.14224 1.65307 6750 0 0.039111
47.352 10136 8688 0.0607524 1.59535 1.653 1.59535 1.653 6757 0 0.0390184
47.3528 11584 7240 0.0575334 80.3373 1.6542 80.3373 1.6542 6762 0 0.0391372
47.4037 10136 8688 0.0553768 1.59159 1.65413 1.59159 1.65413 6769 0 0.0389102
47.4548 11584 7240 0.0539321 1.13417 1.65357 1.13417 1.65357 6774 0 0.0390815
47.5056 10136 8688 0.0586381 1.59535 1.65351 1.59535 1.65351 6781 0 0.038969
47.5563 11584 7240 0.0561169 1.14224 1.65297 1.14224 1.65297 6786 0 0.0391122
47.6074 10136 8688 0.060678 1.58784 1.6529 1.58784 1.6529 6793 0 0.0390165
47.6081 11584 7240 0.0576085 80.3373 1.65409 80.3373 1.65409 6798 0 0.0391386
47.6591 10136 8688 0.0555522 1.59159 1.65402 1.59159 1.65402 6805 0 0.0389128
47.7101 11584 7240 0.0541746 1.13417 1.65347 1.13417 1.65347 6810 0 0.0390844
47.7607 10136 8688 0.0585955 1.60293 1.65341 1.60293 1.65341 6817 0 0.0389681
47.8114 11584 7240 0.0559927 1.14224 1.65287 1.14224 1.65287 6822 0 0.0391102
47.8622 10136 8688 0.0605947 1.59535 1.65281 1.59535 1.65281 6829 0 0.0390144
47.863 11584 7240 0.0574277 80.3373 1.65399 80.3373 1.65399 6834 0 0.0391352
47.9139 10136 8688 0.0553061 1.59159 1.65393 1.59159 1.65393 6841 0 0.0389092
47.965 11584 7240 0.0539804 1.13417 1.65337 1.13417 1.65337 6846 0 0.0390821
48.0158 10136 8688 0.0585611 1.59535 1.65331 1.59535 1.65331 6853 0 0.0389673
48.0665 11584 7240 0.056161 1.14224 1.65277 1.14224 1.65277 6858 0 0.0391129
48.1176 10136 8688 0.0605981 1.58784 1.6527 1.58784 1.6527 6865 0 0.0390145
48.1183 11584 7240 0.0576644 80.3373 1.65388 80.3373 1.65388 6870 0 0.0391397
48.1693 10136 8688 0.055574 1.59159 1.65382 1.59159 1.65382 6877 0 0.0389132
48.2203 11584 7240 0.0541736 1.13417 1.65327 1.13417 1.65327 6882 0 0.0390844
48.2709 10136 8688 0.0584698 1.60293 1.65321 1.60293 1.65321 6889 0 0.0389654
48.3216 11584 7240 0.0560042 1.14224 1.65268 1.14224 1.65268 6894 0 0.0391104
48.3724 10136 8688 0.0606024 1.59535 1.65262 1.59535 1.65262 6901 0 0.0390146
48.3732 11584 7240 0.0574329 80.3373 1.65379 80.3373 1.65379 6906 0 0.0391353
48.4241 10136 8688 0.0554345 1.59159 1.65373 1.59159 1.65373 6913 0 0.0389111
48.4752 11584 7240 0.0540958 1.13417 1.65318 1.13417 1.65318 6918 0 0.0390835
48.526 10136 8688 0.0586677 1.59535 1.65312 1.59535 1.65312 6925 0 0.0389696
48.5767 11584 7240 0.0561367 1.14224 1.65258 1.14224 1.65258 6930 0 0.0391125
48.6278 10136 8688 0.0605955 1.58784 1.65252 1.58784 1.65252 6937 0 0.0390145
48.6285 11584 7240 0.0576333 80.3373 1.65368 80.3373 1.65368 6942 0 0.0391391
48.6795 10136 8688 0.0554438 1.59159 1.65362 1.59159 1.65362 6949 0 0.0389112
48.7305 11584 7240 0.0540864 1.13417 1.65307 1.13417 1.65307 6954 0 0.0390834
48.7811 10136 8688 0.0585364 1.60293 1.65302 1.60293 1.65302 6961 0 0.0389668
48.8318 11584 7240 0.0560488 1.14224 1.65249 1.14224 1.65249 6966 0 0.0391111
48.8826 10136 8688 0.0606323 1.59535 1.65243 1.59535 1.65243 6973 0 0.0390154
48.8834 11584 7240 0.0574529 80.3373 1.65359 80.3373 1.65359 6978 0 0.0391357
48.9343 10136 8688 0.0554323 1.59159 1.65353 1.59159 1.65353 6985 0 0.0389111
48.9854 11584 7240 0.0540787 1.13417 1.65299 1.13417 1.65299 6990 0 0.0390833
49.0362 10136 8688 0.0585312 1.59535 1.65293 1.59535 1.65293 6997 0 0.0389667
49.0869 11584 7240 0.0560453 1.14224 1.6524 1.14224 1.6524 7002 0 0.039111
49.138 10136 8688 0.06063 1.58784 1.65233 1.58784 1.65233 7009 0 0.0390153
49.1387 11584 7240 0.057547 80.3373 1.65349 80.3373 1.65349 7014 0 0.0391375
49.1897 10136 8688 0.0554817 1.59159 1.65342 1.59159 1.65342 7021 0 0.0389118
49.2407 11584 7240 0.0540024 1.13417 1.65288 1.13417 1.65288 7026 0 0.0390823
49.2913 10136 8688 0.0585895 1.60293 1.65283 1.60293 1.65283 7033 0 0.0389679
49.342 11584 7240 0.0560844 1.14224 1.65231 1.14224 1.65231 7038 0 0.0391117
49.3928 10136 8688 0.0606561 1.59535 1.65225 1.59535 1.65225 7045 0 0.039016
49.3936 11584 7240 0.0574688 80.3373 1.6534 80.3373 1.6534 7050 0 0.039136
49.4445 10136 8688 0.0554293 1.59159 1.65333 1.59159 1.65333 7057 0 0.038911
49.4956 11584 7240 0.0539673 1.13417 1.6528 1.13417 1.6528 7062 0 0.0390819
49.5464 10136 8688 0.058566 1.59535 1.65274 1.59535 1.65274 7069 0 0.0389675
49.5971 11584 7240 0.0560686 1.14224 1.65222 1.14224 1.65222 7074 0 0.0391114
49.6482 10136 8688 0.0607706 1.58784 1.65215 1.58784 1.65215 7081 0 0.0390189
49.6489 11584 7240 0.0575455 80.3373 1.65329 80.3373 1.65329 7086 0 0.0391374
49.6999 10136 8688 0.055385 1.59159 1.65323 1.59159 1.65323 7093 0 0.0389103
49.7509 11584 7240 0.0540333 1.13417 1.6527 1.13417 1.6527 7098 0 0.0390827
49.8015 10136 8688 0.0585965 1.60293 1.65265 1.60293 1.65265 7105 0 0.0389681
49.8522 11584 7240 0.0559797 1.14224 1.65213 1.14224 1.65213 7110 0 0.03911
49.903 10136 8688 0.060711 1.59535 1.65207 1.59535 1.65207 7117 0 0.0390174
49.9038 11584 7240 0.0575056 80.3373 1.65321 80.3373 1.65321 7122 0 0.0391367
49.9547 10136 8688 0.0553583 1.59159 1.65314 1.59159 1.65314 7129 0 0.03891
50.0058 11584 7240 0.0539197 1.13417 1.65261 1.13417 1.65261 7134 0 0.0390814
50.0566 10136 8688 0.0586298 1.59535 1.65256 1.59535 1.65256 7141 0 0.0389688
50.1073 11584 7240 0.0561114 1.14224 1.65204 1.14224 1.65204 7146 0 0.0391121
50.1584 10136 8688 0.0606742 1.58784 1.65197 1.58784 1.65197 7153 0 0.0390164
50.1591 11584 7240 0.057606 80.3373 1.65311 80.3373 1.65311 7158 0 0.0391386
50.2101 10136 8688 0.0555505 1.59159 1.65304 1.59159 1.65304 7165 0 0.0389128
50.2611 11584 7240 0.0541735 1.13417 1.65252 1.13417 1.65252 7170 0 0.0390844
50.3117 10136 8688 0.0585947 1.60293 1.65247 1.60293 1.65247 7177 0 0.0389681
50.3624 11584 7240 0.0559922 1.14224 1.65195 1.14224 1.65195 7182 0 0.0391102
50.4132 10136 8688 0.0605944 1.59535 1.65189 1.59535 1.65189 7189 0 0.0390144
50.414 11584 7240 0.0574275 80.3373 1.65302 80.3373 1.65302 7194 0 0.0391352
50.4649 10136 8688 0.0553059 1.59159 1.65296 1.59159 1.65296 7201 0 0.0389092
50.516 11584 7240 0.0539803 1.13417 1.65243 1.13417 1.65243 7206 0 0.0390821
50.5668 10136 8688 0.058561 1.59535 1.65238 1.59535 1.65238 7213 0 0.0389673
50.6175 11584 7240 0.056161 1.14224 1.65187 1.14224 1.65187 7218 0 0.0391129
50.6686 10136 8688 0.0605981 1.58784 1.6518 1.58784 1.6518 7225 0 0.0390145
50.6693 11584 7240 0.0576643 80.3373 1.65292 80.3373 1.65292 7230 0 0.0391397
50.7203 10136 8688 0.055574 1.59159 1.65286 1.59159 1.65286 7237 0 0.0389132
50.7713 11584 7240 0.0541736 1.13417 1.65234 1.13417 1.65234 7242 0 0.0390844
50.8219 10136 8688 0.0584698 1.60293 1.65229 1.60293 1.65229 7249 0 0.0389654
50.8726 11584 7240 0.0560042 1.14224 1.65178 1.14224 1.65178 7254 0 0.0391104
50.9234 10136 8688 0.0606024 1.59535 1.65172 1.59535 1.65172 7261 0 0.0390146
50.9242 11584 7240 0.0574329 80.3373 1.65284 80.3373 1.65284 7266 0 0.0391353
50.9751 10136 8688 0.0554345 1.59159 1.65278 1.59159 1.65278 7273 0 0.0389111
51.0262 11584 7240 0.0540958 1.13417 1.65226 1.13417 1.65226 7278 0 0.0390835
51.077 10136 8688 0.0586677 1.59535 1.6522 1.59535 1.6522 7285 0 0.0389696
51.1277 11584 7240 0.0561367 1.14224 1.65169 1.14224 1.65169 7290 0 0.0391125
51.1788 10136 8688 0.0605955 1.58784 1.65163 1.58784 1.65163 7297 0 0.0390145
51.1795 11584 7240 0.0576333 80.3373 1.65274 80.3373 1.65274 7302 0 0.0391391
51.2305 10136 8688 0.0554438 1.59159 1.65268 1.59159 1.65268 7309 0 0.0389112
51.2815 11584 7240 0.0540864 1.13417 1.65216 1.13417 1.65216 7314 0 0.0390834
51.3321 10136 8688 0.0585364 1.60293 1.65211 1.60293 1.65211 7321 0 0.0389668
51.3828 11584 7240 0.0560488 1.14224 1.65161 1.14224 1.65161 7326 0 0.0391111
51.4336 10136 8688 0.0606323 1.59535 1.65155 1.59535 1.65155 7333 0 0.0390154
51.4344 11584 7240 0.0574529 80.3373 1.65266 80.3373 1.65266 7338 0 0.0391357
51.4853 10136 8688 0.0554323 1.59159 1.6526 1.59159 1.6526 7345 0 0.0389111
51.5364 11584 7240 0.0540787 1.13417 1.65208 1.13417 1.65208 7350 0 0.0390833
51.5872 10136 8688 0.0585312 1.59535 1.65203 1.59535 1.65203 7357 0 0.0389667
51.6379 11584 7240 0.0560453 1.14224 1.65153 1.14224 1.65153 7362 0 0.039111
51.689 10136 8688 0.06063 1.58784 1.65146 1.58784 1.65146 7369 0 0.0390153
51.6897 11584 7240 0.057547 80.3373 1.65256 80.3373 1.65256 7374 0 0.0391375
51.7407 10136 8688 0.0554817 1.59159 1.6525 1.59159 1.6525 7381 0 0.0389118
51.7917 11584 7240 0.0540024 1.13417 1.65199 1.13417 1.65199 7386 0 0.0390823
51.8423 10136 8688 0.0585895 1.60293 1.65194 1.60293 1.65194 7393 0 0.0389679
51.893 11584 7240 0.0560844 1.14224 1.65144 1.14224 1.65144 7398 0 0.0391117
51.9438 10136 8688 0.0606561 1.59535 1.65139 1.59535 1.65139 7405 0 0.039016
51.9446 11584 7240 0.0574688 80.3373 1.65248 80.3373 1.65248 7410 0 0.039136
51.9955 10136 8688 0.0554293 1.59159 1.65242 1.59159 1.65242 7417 0 0.038911
52.0466 11584 7240 0.0539673 1.13417 1.65191 1.13417 1.65191 7422 0 0.0390819
52.0974 10136 8688 0.058566 1.59535 1.65186 1.59535 1.65186 7429 0 0.0389675
52.1481 11584 7240 0.0560686 1.14224 1.65136 1.14224 1.65136 7434 0 0.0391114
52.1992 10136 8688 0.0607706 1.58784 1.6513 1.58784 1.6513 7441 0 0.0390189
52.1999 11584 7240 0.0575455 80.3373 1.65239 80.3373 1.65239 7446 0 0.0391374
52.2509 10136 8688 0.055385 1.59159 1.65233 1.59159 1.65233 7453 0 0.0389103
52.3019 11584 7240 0.0540333 1.13417 1.65182 1.13417 1.65182 7458 0 0.0390827
52.3525 10136 8688 0.0585965 1.60293 1.65177 1.60293 1.65177 7465 0 0.0389681
52.4032 11584 7240 0.0559797 1.14224 1.65128 1.14224 1.65128 7470 0 0.03911
52.454 10136 8688 0.060711 1.59535 1.65123 1.59535 1.65123 7477 0 0.0390174
52.4548 11584 7240 0.0575056 80.3373 1.65231 80.3373 1.65231 7482 0 0.0391367
52.5057 10136 8688 0.0553583 1.59159 1.65225 1.59159 1.65225 7489 0 0.03891
52.5568 11584 7240 0.0539197 1.13417 1.65175 1.13417 1.65175 7494 0 0.0390814
52.6076 10136 8688 0.0586298 1.59535 1.65169 1.59535 1.65169 7501 0 0.0389688
52.6583 11584 7240 0.0561114 1.14224 1.6512 1.14224 1.6512 7506 0 0.0391121
52.7094 10136 8688 0.0606742 1.58784 1.65114 1.58784 1.65114 7513 0 0.0390164
52.7101 11584 7240 0.057606 80.3373 1.65222 80.3373 1.65222 7518 0 0.0391386
52.7611 10136 8688 0.0555505 1.59159 1.65216 1.59159 1.65216 7525 0 0.0389128
52.8121 11584 7240 0.0541735 1.13417 1.65166 1.13417 1.65166 7530 0 0.0390844
52.8627 10136 8688 0.0585947 1.60293 1.65161 1.60293 1.65161 7537 0 0.0389681
52.9134 11584 7240 0.0559922 1.14224 1.65112 1.14224 1.65112 7542 0 0.0391102
52.9642 10136 8688 0.0605944 1.59535 1.65107 1.59535 1.65107 7549 0 0.0390144
52.965 11584 7240 0.0574275 80.3373 1.65214 80.3373 1.65214 7554 0 0.0391352
53.0159 10136 8688 0.0553059 1.59159 1.65208 1.59159 1.65208 7561 0 0.0389092
53.067 11584 7240 0.0539803 1.13417 1.65158 1.13417 1.65158 7566 0 0.0390821
53.1178 10136 8688 0.058561 1.59535 1.65153 1.59535 1.65153 7573 0 0.0389673
53.1685 11584 7240 0.056161 1.14224 1.65104 1.14224 1.65104 7578 0 0.0391129
53.2196 10136 8688 0.0605981 1.58784 1.65098 1.58784 1.65098 7585 0 0.0390145
53.2203 11584 7240 0.0576643 80.3373 1.65205 80.3373 1.65205 7590 0 0.0391397
53.2712 10136 8688 0.055574 1.59159 1.65199 1.59159 1.65199 7597 0 0.0389132
53.3223 11584 7240 0.0541736 1.13417 1.6515 1.13417 1.6515 7602 0 0.0390844
53.3729 10136 8688 0.0584698 1.60293 1.65145 1.60293 1.65145 7609 0 0.0389654
53.4236 11584 7240 0.0560042 1.14224 1.65097 1.14224 1.65097 7614 0 0.0391104
53.4744 10136 8688 0.0606024 1.59535 1.65091 1.59535 1.65091 7621 0 0.0390146
53.4752 11584 7240 0.0574329 80.3373 1.65197 80.3373 1.65197 7626 0 0.0391353
53.5261 10136 8688 0.0554345 1.59159 1.65192 1.59159 1.65192 7633 0 0.0389111
53.5772 11584 7240 0.0540958 1.13417 1.65142 1.13417 1.65142 7638 0 0.0390835
53.628 10136 8688 0.0586677 1.59535 1.65137 1.59535 1.65137 7645 0 0.0389696
53.6787 11584 7240 0.0561367 1.14224 1.65089 1.14224 1.65089 7650 0 0.0391125
53.7298 10136 8688 0.0605955 1.58784 1.65083 1.58784 1.65083 7657 0 0.0390145
53.7305 11584 7240 0.0576333 80.3373 1.65188 80.3373 1.65188 7662 0 0.0391391
53.7814 10136 8688 0.0554438 1.59159 1.65183 1.59159 1.65183 7669 0 0.0389112
53.8325 11584 7240 0.0540864 1.13417 1.65134 1.13417 1.65134 7674 0 0.0390834
53.8831 10136 8688 0.0585364 1.60293 1.65129 1.60293 1.65129 7681 0 0.0389668
53.9338 11584 7240 0.0560488 1.14224 1.65081 1.14224 1.65081 7686 0 0.0391111
53.9846 10136 8688 0.0606323 1.59535 1.65076 1.59535 1.65076 7693 0 0.0390154
53.9854 11584 7240 0.0574529 80.3373 1.65181 80.3373 1.65181 7698 0 0.0391357
54.0363 10136 8688 0.0554323 1.59159 1.65175 1.59159 1.65175 7705 0 0.0389111
54.0874 11584 7240 0.0540787 1.13417 1.65127 1.13417 1.65127 7710 0 0.0390833
54.1382 10136 8688 0.0585312 1.59535 1.65121 1.59535 1.65121 7717 0 0.0389667
54.1889 11584 7240 0.0560453 1.14224 1.65074 1.14224 1.65074 7722 0 0.039111
54.24 10136 8688 0.06063 1.58784 1.65068 1.58784 1.65068 7729 0 0.0390153
54.2407 11584 7240 0.057547 80.3373 1.65172 80.3373 1.65172 7734 0 0.0391375
54.2916 10136 8688 0.0554817 1.59159 1.65167 1.59159 1.65167 7741 0 0.0389118
54.3427 11584 7240 0.0540024 1.13417 1.65118 1.13417 1.65118 7746 0 0.0390823
54.3934 10136 8688 0.0585895 1.59913 1.65113 1.59913 1.65113 7753 0 0.0389679
54.4441 11584 7240 0.0560844 1.14224 1.65066 1.14224 1.65066 7758 0 0.0391117
54.4952 10136 8688 0.0607811 1.58784 1.6506 1.58784 1.6506 7765 0 0.0390192
54.4959 11584 7240 0.0575526 80.3373 1.65164 80.3373 1.65164 7770 0 0.0391376
54.5469 10136 8688 0.0553897 1.59159 1.65158 1.59159 1.65158 7777 0 0.0389104
54.5979 11584 7240 0.0540365 1.13417 1.6511 1.13417 1.6511 7782 0 0.0390828
54.6486 10136 8688 0.0585987 1.59913 1.65105 1.59913 1.65105 7789 0 0.0389681
54.6994 11584 7240 0.0560905 1.14224 1.65058 1.14224 1.65058 7794 0 0.0391118
54.7504 10136 8688 0.0606602 1.58784 1.65052 1.58784 1.65052 7801 0 0.0390161
54.7511 11584 7240 0.0575966 80.3373 1.65156 80.3373 1.65156 7806 0 0.0391384
54.8021 10136 8688 0.0555442 1.59159 1.6515 1.59159 1.6515 7813 0 0.0389127
54.853 11584 7240 0.0541693 1.13685 1.65102 1.13685 1.65102 7818 0 0.0390844
54.9037 10136 8688 0.0585919 1.59913 1.65098 1.59913 1.65098 7825 0 0.038968
54.9545 11584 7240 0.0559903 1.14224 1.65051 1.14224 1.65051 7830 0 0.0391102
