0.200133 14480 0 0 0 0 0 0 0 0 1.05117
0.401462 15928 13032 0.200125 0.575376 0.288545 0.575376 0.288545 10 0 0.90789
0.403866 17376 13032 0.200484 9.64048 0.344194 9.64048 0.344194 12 0 0.907876
0.406269 18824 14480 0.201174 14.4607 0.427697 14.4607 0.427697 15 0 0.897846
0.408672 20272 15928 0.202027 14.4607 0.510219 14.4607 0.510219 18 0 0.887865
0.411075 21720 17376 0.203149 14.4607 0.591775 14.4607 0.591775 21 0 0.877933
0.60275 23168 18824 0.228005 0.181307 0.461246 0.181307 0.461246 24 0 0.867876
0.605153 24616 20272 0.225004 14.4607 0.516841 14.4607 0.516841 27 0 0.858054
0.607556 23168 21720 0.222379 14.4607 0.571997 14.4607 0.571997 30 0 0.848308
0.811246 21720 20272 0.226621 0.853059 0.642567 0.853059 0.642567 45 0 0.858073
1.01133 23168 18824 0.212264 0.752638 0.664344 0.752638 0.664344 58 0 0.867871
1.21262 21720 20272 0.22463 0.863244 0.69736 0.863244 0.69736 73 0 0.858051
1.41271 23168 18824 0.211256 0.752638 0.705189 0.752638 0.705189 86 0 0.867888
1.61399 21720 20272 0.22658 0.863244 0.724901 0.863244 0.724901 101 0 0.858072
1.81408 23168 18824 0.212168 0.752638 0.72796 0.752638 0.72796 114 0 0.867873
2.01537 21720 20272 0.229889 0.863244 0.741471 0.863244 0.741471 129 0 0.858127
2.03219 23168 18824 0.213293 8.95187 0.809437 8.95187 0.809437 142 0 0.867856
2.23348 24616 20272 0.207576 0.863244 0.814286 0.863244 0.814286 157 0 0.858183
2.43356 26064 21720 0.204439 0.868428 0.818738 0.868428 0.818738 172 0 0.848544
2.63485 27512 23168 0.215717 0.978343 0.830931 0.978343 0.830931 189 0 0.838649
2.83493 28960 24616 0.207221 0.984218 0.841749 0.984218 0.841749 206 0 0.829178
3.03622 30408 26064 0.218174 1.09344 0.858436 1.09344 0.858436 225 0 0.819458
3.23631 31856 27512 0.207579 1.10001 0.873371 1.10001 0.873371 244 0 0.810103
3.43759 33304 28960 0.219906 1.20854 0.892997 1.20854 0.892997 265 0 0.8005
3.63768 34752 30408 0.207547 1.2158 0.910752 1.2158 0.910752 286 0 0.79126
3.83897 33304 31856 0.221825 1.32364 0.932401 1.32364 0.932401 309 0 0.78177
4.03905 34752 30408 0.207593 1.2158 0.94644 1.2158 0.94644 330 0 0.791259
4.24034 33304 31856 0.223604 1.32364 0.964345 1.32364 0.964345 353 0 0.78178
4.44043 34752 30408 0.207407 1.2158 0.975676 1.2158 0.975676 374 0 0.791264
4.64171 33304 31856 0.226283 1.32364 0.990765 1.32364 0.990765 397 0 0.781806
4.66815 34752 30408 0.207989 9.20228 1.03727 9.20228 1.03727 418 0 0.79125
4.86944 36200 31856 0.204807 1.32364 1.0491 1.32364 1.0491 441 0 0.781997
5.06952 37648 33304 0.202971 1.33159 1.06025 1.33159 1.06025 464 0 0.772773
5.27081 39096 34752 0.210069 1.43874 1.07471 1.43874 1.07471 489 0 0.763354
5.47089 40544 36200 0.204098 1.44738 1.08834 1.44738 1.08834 514 0 0.754336
5.67218 41992 37648 0.211144 1.55384 1.10486 1.55384 1.10486 541 0 0.745045
5.87227 44888 39096 0.204298 1.56317 1.12047 1.56317 1.12047 568 0 0.736234
6.07355 46336 41992 0.212247 1.72649 1.14056 1.72649 1.14056 598 0 0.718008
6.27484 47784 43440 0.21353 1.78404 1.1612 1.78404 1.1612 629 0 0.709095
6.47493 50680 44888 0.204207 1.79475 1.18078 1.79475 1.18078 660 0 0.700546
6.67621 52128 47784 0.213271 1.95669 1.20417 1.95669 1.20417 694 0 0.682746
6.8775 53576 49232 0.214532 2.01424 1.22788 2.01424 1.22788 729 0 0.674057
7.07759 56472 50680 0.204022 2.02633 1.25045 2.02633 1.25045 764 0 0.665748
7.27887 57920 53576 0.214391 2.18688 1.27635 2.18688 1.27635 802 0 0.648371
7.48016 59368 55024 0.21549 2.24443 1.3024 2.24443 1.3024 841 0 0.639908
7.68025 62264 56472 0.204087 2.25791 1.32729 2.25791 1.32729 880 0 0.631828
7.88154 63712 59368 0.215552 2.41708 1.35512 2.41708 1.35512 922 0 0.614886
8.08282 65160 60816 0.216664 2.47463 1.383 2.47463 1.383 965 0 0.606648
8.28291 69504 62264 0.203935 2.48949 1.40973 2.48949 1.40973 1008 0 0.598942
8.4842 70952 66608 0.216795 2.70483 1.44046 2.70483 1.44046 1055 0 0.574282
8.68428 75296 68056 0.205495 2.72107 1.46996 2.72107 1.46996 1102 0 0.566752
8.88557 76744 72400 0.218331 2.93503 1.50315 2.93503 1.50315 1153 0 0.542798
9.08565 81088 73848 0.205725 2.95265 1.53507 2.95265 1.53507 1204 0 0.53549
9.28694 82536 78192 0.219818 3.16523 1.5704 3.16523 1.5704 1259 0 0.512205
9.48703 86880 79640 0.206138 3.18424 1.60444 3.18424 1.60444 1314 0 0.50511
9.68831 85432 83984 0.221605 3.39543 1.64165 3.39543 1.64165 1373 0 0.482505
9.75801 89776 82536 0.206441 9.47426 1.69759 9.47426 1.69759 1430 0 0.49025
9.95929 95568 86880 0.20383 3.51052 1.73423 3.51052 1.73423 1491 0 0.468661
10.1594 102808 92672 0.202466 3.70529 1.77305 3.70529 1.77305 1555 0 0.440584
10.3595 110048 99912 0.202685 3.99477 1.81596 3.99477 1.81596 1624 0 0.406359
10.5608 117288 107152 0.204118 4.31622 1.86362 4.31622 1.86362 1699 0 0.37348
10.7608 125976 114392 0.202694 4.57372 1.91401 4.57372 1.91401 1778 0 0.342388
10.9621 134664 123080 0.20427 4.94926 1.96974 4.94926 1.96974 1864 0 0.306431
11.1634 143352 131768 0.204396 5.29456 2.02969 5.29456 2.02969 1956 0 0.27252
11.3647 153488 140456 0.204318 5.63986 2.09364 5.63986 2.09364 2054 0 0.240971
11.566 163624 150592 0.204183 6.04271 2.16236 6.04271 2.16236 2159 0 0.206268
11.7661 175208 160728 0.202893 6.42637 2.23487 6.42637 2.23487 2270 0 0.174736
11.9674 186792 172312 0.204301 6.90595 2.31344 6.90595 2.31344 2390 0 0.141457
12.1686 199824 183896 0.204464 7.36635 2.39702 7.36635 2.39702 2518 0 0.112238
12.3699 212856 196928 0.204216 7.88429 2.48631 7.88429 2.48631 2655 0 0.083093
12.57 228784 209960 0.202978 8.3948 2.58036 8.3948 2.58036 2800 0 0.059581
12.7713 244712 225888 0.204345 9.03528 2.6821 9.03528 2.6821 2957 0 0.0354939
12.9714 263536 241816 0.203049 9.6685 2.78986 9.6685 2.78986 3124 0 0.0195339
13.1733 280912 260640 0.205084 10.3865 2.90627 10.3865 2.90627 3305 0 0.00694162
13.3896 282360 278016 0.218666 10.2832 3.02544 10.2832 3.02544 3497 0 0.000149785
13.6203 267880 279464 0.23316 9.69069 3.13834 9.69069 3.13834 3690 0 0.0032092
13.8534 251952 264984 0.235442 9.14355 3.23939 9.14355 3.23939 3874 0 0.00491973
14.0745 249056 249056 0.223638 9.06415 3.33089 9.06415 3.33089 4047 0 0.00902451
14.2811 260640 246160 0.209017 9.52838 3.42058 9.52838 3.42058 4217 0 0.0128933
14.4854 275120 257744 0.206735 10.0941 3.51469 10.0941 3.51469 4395 0 0.00688591
14.6993 279464 272224 0.2163 10.1821 3.6117 10.1821 3.6117 4583 0 0.000365112
14.9252 269328 276568 0.22826 9.79432 3.70528 9.79432 3.70528 4774 0 0.00145927
15.1559 254848 266432 0.233195 9.289 3.79028 9.289 3.79028 4959 0 0.00391732
15.377 251952 251952 0.223349 9.11654 3.86686 9.11654 3.86686 5133 0 0.00714638
15.5861 260640 249056 0.211595 9.52967 3.94282 9.52967 3.94282 5305 0 0.00996913
15.7928 273672 257744 0.20901 9.97678 4.02179 9.97678 4.02179 5483 0 0.00630395
16.0066 278016 270776 0.216336 10.1279 4.10338 10.1279 4.10338 5670 0 0.000498881
16.2325 267880 275120 0.228269 9.79432 4.18258 9.79432 4.18258 5861 0 0.0014271
16.4608 257744 264984 0.230717 9.2853 4.25335 9.2853 4.25335 6044 0 0.00279994
16.6819 254848 254848 0.223377 9.27372 4.31989 9.27372 4.31989 6221 0 0.00549226
16.8934 260640 251952 0.213885 9.53093 4.38512 9.53093 4.38512 6395 0 0.00750526
17.1025 270776 257744 0.211524 9.8621 4.45208 9.8621 4.45208 6573 0 0.00536782
17.3164 275120 267880 0.216176 10.0196 4.52085 10.0196 4.52085 6758 0 0.000934484
17.5399 267880 272224 0.225993 9.79597 4.58806 9.79597 4.58806 6947 0 0.000830942
17.7658 259192 264984 0.228158 9.38408 4.64905 9.38408 4.64905 7130 0 0.00239121
17.9869 256296 256296 0.223565 9.32612 4.70654 9.32612 4.70654 7308 0 0.00474958
18.2008 260640 253400 0.216158 9.53216 4.76324 9.53216 4.76324 7484 0 0.00643367
18.4122 267880 257744 0.213955 9.80481 4.82115 9.80481 4.82115 7663 0 0.00466712
18.6261 272224 264984 0.216307 9.91128 4.8796 9.91128 4.8796 7846 0 0.00158971
18.8472 269328 269328 0.223538 9.79766 4.93729 9.79766 4.93729 8033 0 0.000548828
19.0707 263536 266432 0.225903 9.53682 4.9912 9.53682 4.9912 8217 0 0.00144916
19.2918 260640 260640 0.223472 9.4309 5.04208 9.4309 5.04208 8397 0 0.0028497
19.5081 262088 257744 0.218716 9.53336 5.09188 9.53336 5.09188 8575 0 0.00396682
19.722 266432 259192 0.216199 9.69464 5.14179 9.69464 5.14179 8754 0 0.00356834
19.9383 267880 263536 0.218764 9.80115 5.19234 9.80115 5.19234 8937 0 0.00176708
20.157 266432 264984 0.221013 9.69345 5.24117 9.69345 5.24117 9120 0 0.0013553
20.3781 263536 263536 0.223586 9.58809 5.28833 9.58809 5.28833 9303 0 0.00186159
20.5967 262088 260640 0.22102 9.53454 5.33342 9.53454 5.33342 9483 0 0.0027555
20.813 263536 259192 0.218794 9.58692 5.37762 9.58692 5.37762 9662 0 0.00333355
21.0293 264984 260640 0.218664 9.69404 5.42202 9.69404 5.42202 9843 0 0.00275625
21.2456 266432 262088 0.218654 9.69404 5.46551 9.69404 5.46551 10024 0 0.0022341
21.4643 264984 263536 0.221169 9.69345 5.50858 9.69345 5.50858 10207 0 0.00176692
21.683 263536 262088 0.221004 9.58751 5.54972 9.58751 5.54972 10388 0 0.00223329
21.9017 262088 260640 0.221145 9.58751 5.59004 9.58751 5.59004 10569 0 0.00275577
22.118 263536 259192 0.218577 9.58692 5.62912 9.58692 5.62912 10748 0 0.00333412
22.3343 264984 260640 0.218764 9.69404 5.66849 9.69404 5.66849 10929 0 0.00275599
22.5505 266432 262088 0.218666 9.69404 5.7071 9.69404 5.7071 11110 0 0.00223406
22.7692 264984 263536 0.221127 9.69345 5.74539 9.69345 5.74539 11293 0 0.00176682
22.9879 263536 262088 0.221051 9.58751 5.78194 9.58751 5.78194 11474 0 0.00223339
23.2066 262088 260640 0.221074 9.58751 5.8178 9.58751 5.8178 11655 0 0.00275562
23.4229 263536 259192 0.218658 9.58692 5.85261 9.58692 5.85261 11834 0 0.00333389
23.6392 264984 260640 0.218606 9.69404 5.88775 9.69404 5.88775 12015 0 0.00275641
23.8555 266432 262088 0.218846 9.69404 5.92226 9.69404 5.92226 12196 0 0.00223362
24.0742 264984 263536 0.221005 9.69345 5.95652 9.69345 5.95652 12379 0 0.00176656
24.2929 263536 262088 0.221183 9.58751 5.98921 9.58751 5.98921 12560 0 0.00223368
24.5116 262088 260640 0.221015 9.58751 6.02131 9.58751 6.02131 12741 0 0.00275549
24.7278 263536 259192 0.218717 9.58692 6.0525 9.58692 6.0525 12920 0 0.00333374
24.9441 264984 260640 0.218633 9.69404 6.08407 9.69404 6.08407 13101 0 0.00275633
25.1604 266432 262088 0.218791 9.69404 6.11511 9.69404 6.11511 13282 0 0.00223374
25.3791 264984 263536 0.221066 9.69345 6.14594 9.69345 6.14594 13465 0 0.00176669
25.5978 263536 262088 0.221097 9.58751 6.17534 9.58751 6.17534 13646 0 0.00223349
25.8165 262088 260640 0.221111 9.58751 6.20425 9.58751 6.20425 13827 0 0.0027557
26.0328 263536 259192 0.218551 9.58692 6.23235 9.58692 6.23235 14006 0 0.00333419
26.2491 264984 260640 0.218819 9.69404 6.26088 9.69404 6.26088 14187 0 0.00275586
26.4654 266432 262088 0.218635 9.69404 6.28893 9.69404 6.28893 14368 0 0.00223415
26.6841 264984 263536 0.221239 9.69345 6.31684 9.69345 6.31684 14551 0 0.00176709
26.9027 263536 262088 0.22102 9.58751 6.34342 9.58751 6.34342 14732 0 0.00223332
27.1214 262088 260640 0.221195 9.58751 6.36958 9.58751 6.36958 14913 0 0.00275589
27.3377 263536 259192 0.21858 9.58692 6.39504 9.58692 6.39504 15092 0 0.00333411
27.554 264984 260640 0.218698 9.69404 6.42093 9.69404 6.42093 15273 0 0.00275616
27.7703 266432 262088 0.218772 9.69404 6.44642 9.69404 6.44642 15454 0 0.00223379
27.989 264984 263536 0.221003 9.69345 6.47179 9.69345 6.47179 15637 0 0.00176656
28.2077 263536 262088 0.221145 9.58751 6.49595 9.58751 6.49595 15818 0 0.00223359
28.4264 262088 260640 0.221006 9.58751 6.51973 9.58751 6.51973 15999 0 0.00275548
28.6427 263536 259192 0.218793 9.58692 6.5429 9.58692 6.5429 16178 0 0.00333355
28.8589 264984 260640 0.218583 9.69404 6.56651 9.69404 6.56651 16359 0 0.00275647
29.0752 266432 262088 0.218731 9.69404 6.58978 9.69404 6.58978 16540 0 0.00223389
29.2939 264984 263536 0.221051 9.69345 6.61295 9.69345 6.61295 16723 0 0.00176666
29.5126 263536 262088 0.221074 9.58751 6.63499 9.58751 6.63499 16904 0 0.00223344
29.7313 262088 260640 0.221087 9.58751 6.65671 9.58751 6.65671 17085 0 0.00275564
29.9476 263536 259192 0.218655 9.58692 6.67787 9.58692 6.67787 17264 0 0.0033339
30.1639 264984 260640 0.21874 9.69404 6.6995 9.69404 6.6995 17445 0 0.00275605
30.3802 266432 262088 0.218607 9.69404 6.72082 9.69404 6.72082 17626 0 0.00223422
30.5989 264984 263536 0.221183 9.69345 6.74206 9.69345 6.74206 17809 0 0.00176695
30.8176 263536 262088 0.221015 9.58751 6.76225 9.58751 6.76225 17990 0 0.00223331
31.0362 262088 260640 0.221149 9.58751 6.78216 9.58751 6.78216 18171 0 0.00275578
31.2525 263536 259192 0.218679 9.58692 6.80157 9.58692 6.80157 18350 0 0.00333384
31.4688 264984 260640 0.218692 9.69404 6.82145 9.69404 6.82145 18531 0 0.00275617
31.6851 266432 262088 0.218661 9.69404 6.84106 9.69404 6.84106 18712 0 0.00223408
31.9038 264984 263536 0.221001 9.69345 6.86061 9.69345 6.86061 18895 0 0.00176656
32.1225 263536 262088 0.221221 9.58751 6.87918 9.58751 6.87918 19076 0 0.00223377
32.3412 262088 260640 0.221005 9.58751 6.89749 9.58751 6.89749 19257 0 0.00275547
32.5575 263536 259192 0.218842 9.58692 6.91536 9.58692 6.91536 19436 0 0.00333344
32.7738 264984 260640 0.218556 9.69404 6.9337 9.69404 6.9337 19617 0 0.00275655
32.9901 266432 262088 0.218811 9.69404 6.95179 9.69404 6.95179 19798 0 0.0022337
33.2087 264984 263536 0.22102 9.69345 6.96985 9.69345 6.96985 19981 0 0.00176659
33.4274 263536 262088 0.221166 9.58751 6.98697 9.58751 6.98697 20162 0 0.00223364
33.6461 262088 260640 0.221066 9.58751 7.00388 9.58751 7.00388 20343 0 0.0027556
33.8624 263536 259192 0.218736 9.58692 7.02038 9.58692 7.02038 20522 0 0.00333369
34.0787 264984 260640 0.218676 9.69404 7.03734 9.69404 7.03734 20703 0 0.00275622
34.295 266432 262088 0.218575 9.69404 7.0541 9.69404 7.0541 20884 0 0.00223432
34.5137 264984 263536 0.221145 9.69345 7.07082 9.69345 7.07082 21067 0 0.00176687
34.7324 263536 262088 0.221006 9.58751 7.08667 9.58751 7.08667 21248 0 0.0022333
34.9511 262088 260640 0.221239 9.58751 7.10232 9.58751 7.10232 21429 0 0.002756
35.1673 263536 259192 0.218645 9.58692 7.1176 9.58692 7.1176 21608 0 0.00333393
35.3836 264984 260640 0.218764 9.69404 7.13335 9.69404 7.13335 21789 0 0.00275599
35.5999 266432 262088 0.218616 9.69404 7.1489 9.69404 7.1489 21970 0 0.0022342
35.8186 264984 263536 0.221074 9.69345 7.16444 9.69345 7.16444 22153 0 0.00176671
36.0373 263536 262088 0.221087 9.58751 7.17914 9.58751 7.17914 22334 0 0.00223346
36.256 262088 260640 0.221002 9.58751 7.19367 9.58751 7.19367 22515 0 0.00275547
36.4723 263536 259192 0.218769 9.58692 7.20786 9.58692 7.20786 22694 0 0.00333361
36.6886 264984 260640 0.21866 9.69404 7.22252 9.69404 7.22252 22875 0 0.00275626
36.9049 266432 262088 0.21873 9.69404 7.23701 9.69404 7.23701 23056 0 0.0022339
37.1236 264984 263536 0.221015 9.69345 7.25148 9.69345 7.25148 23239 0 0.00176658
37.3422 263536 262088 0.221149 9.58751 7.26516 9.58751 7.26516 23420 0 0.0022336
37.5609 262088 260640 0.221026 9.58751 7.27868 9.58751 7.27868 23601 0 0.00275552
37.7772 263536 259192 0.218688 9.58692 7.29189 9.58692 7.29189 23780 0 0.00333382
37.9935 264984 260640 0.218752 9.69404 7.30557 9.69404 7.30557 23961 0 0.00275602
38.2098 266432 262088 0.218549 9.69404 7.31909 9.69404 7.31909 24142 0 0.00223439
38.4285 264984 263536 0.22122 9.69345 7.3326 9.69345 7.3326 24325 0 0.00176704
38.6472 263536 262088 0.221005 9.58751 7.34536 9.58751 7.34536 24506 0 0.00223329
38.8659 262088 260640 0.22119 9.58751 7.35798 9.58751 7.35798 24687 0 0.00275588
39.0822 263536 259192 0.218611 9.58692 7.37031 9.58692 7.37031 24866 0 0.00333402
39.2985 264984 260640 0.218819 9.69404 7.3831 9.69404 7.3831 25047 0 0.00275586
39.5147 266432 262088 0.218581 9.69404 7.39575 9.69404 7.39575 25228 0 0.0022343
39.7334 264984 263536 0.221166 9.69345 7.4084 9.69345 7.4084 25411 0 0.00176691
39.9521 263536 262088 0.221066 9.58751 7.42033 9.58751 7.42033 25592 0 0.00223342
40.1708 262088 260640 0.221097 9.58751 7.43212 9.58751 7.43212 25773 0 0.00275567
40.3871 263536 259192 0.218716 9.58692 7.44366 9.58692 7.44366 25952 0 0.00333374
40.6034 264984 260640 0.218628 9.69404 7.45565 9.69404 7.45565 26133 0 0.00275635
40.8197 266432 262088 0.218793 9.69404 7.46751 9.69404 7.46751 26314 0 0.00223374
41.0384 264984 263536 0.221012 9.69345 7.47937 9.69345 7.47937 26497 0 0.00176658
41.2571 263536 262088 0.221239 9.58751 7.49055 9.58751 7.49055 26678 0 0.00223382
41.4757 262088 260640 0.22102 9.58751 7.5016 9.58751 7.5016 26859 0 0.0027555
41.692 263536 259192 0.218794 9.58692 7.51242 9.58692 7.51242 27038 0 0.00333355
41.9083 264984 260640 0.218664 9.69404 7.52368 9.69404 7.52368 27219 0 0.00275625
42.1246 266432 262088 0.218727 9.69404 7.53483 9.69404 7.53483 27400 0 0.0022339
42.3433 264984 263536 0.221085 9.69345 7.54597 9.69345 7.54597 27583 0 0.00176673
42.562 263536 262088 0.221004 9.58751 7.55646 9.58751 7.55646 27764 0 0.00223329
42.7807 262088 260640 0.221145 9.58751 7.56685 9.58751 7.56685 27945 0 0.00275577
42.997 263536 259192 0.218577 9.58692 7.57701 9.58692 7.57701 28124 0 0.00333412
43.2133 264984 260640 0.218764 9.69404 7.5876 9.69404 7.5876 28305 0 0.00275599
43.4296 266432 262088 0.218666 9.69404 7.59809 9.69404 7.59809 28486 0 0.00223406
43.6482 264984 263536 0.221149 9.69345 7.60859 9.69345 7.60859 28669 0 0.00176687
43.8669 263536 262088 0.221026 9.58751 7.61846 9.58751 7.61846 28850 0 0.00223334
44.0856 262088 260640 0.221074 9.58751 7.62823 9.58751 7.62823 29031 0 0.00275562
44.3019 263536 259192 0.218658 9.58692 7.63779 9.58692 7.63779 29210 0 0.00333389
44.5182 264984 260640 0.218606 9.69404 7.64778 9.69404 7.64778 29391 0 0.00275641
44.7345 266432 262088 0.218846 9.69404 7.65767 9.69404 7.65767 29572 0 0.00223362
44.9532 264984 263536 0.221005 9.69345 7.66758 9.69345 7.66758 29755 0 0.00176656
45.1719 263536 262088 0.22119 9.58751 7.67687 9.58751 7.67687 29936 0 0.0022337
45.3906 262088 260640 0.221008 9.58751 7.68608 9.58751 7.68608 30117 0 0.00275548
45.6069 263536 259192 0.218717 9.58692 7.69509 9.58692 7.69509 30296 0 0.00333374
45.8231 264984 260640 0.218633 9.69404 7.70453 9.69404 7.70453 30477 0 0.00275633
46.0394 266432 262088 0.218791 9.69404 7.71387 9.69404 7.71387 30658 0 0.00223374
46.2581 264984 263536 0.221066 9.69345 7.72323 9.69345 7.72323 30841 0 0.00176669
46.4768 263536 262088 0.221097 9.58751 7.732 9.58751 7.732 31022 0 0.00223349
46.6955 262088 260640 0.221113 9.58751 7.74069 9.58751 7.74069 31203 0 0.0027557
46.9118 263536 259192 0.218549 9.58692 7.74921 9.58692 7.74921 31382 0 0.0033342
47.1281 264984 260640 0.218819 9.69404 7.75813 9.69404 7.75813 31563 0 0.00275586
47.3444 266432 262088 0.218635 9.69404 7.76698 9.69404 7.76698 31744 0 0.00223415
47.5631 264984 263536 0.221239 9.69345 7.77583 9.69345 7.77583 31927 0 0.00176709
47.7817 263536 262088 0.22102 9.58751 7.78412 9.58751 7.78412 32108 0 0.00223332
48.0004 262088 260640 0.221195 9.58751 7.79234 9.58751 7.79234 32289 0 0.00275589
48.2167 263536 259192 0.218581 9.58692 7.80039 9.58692 7.80039 32468 0 0.00333411
48.433 264984 260640 0.218697 9.69404 7.80885 9.69404 7.80885 32649 0 0.00275616
48.6493 266432 262088 0.218772 9.69404 7.81723 9.69404 7.81723 32830 0 0.00223379
48.868 264984 263536 0.221003 9.69345 7.82563 9.69345 7.82563 33013 0 0.00176656
49.0867 263536 262088 0.221145 9.58751 7.83347 9.58751 7.83347 33194 0 0.00223359
49.3054 262088 260640 0.221006 9.58751 7.84125 9.58751 7.84125 33375 0 0.00275548
49.5217 263536 259192 0.218793 9.58692 7.84888 9.58692 7.84888 33554 0 0.00333355
49.738 264984 260640 0.218583 9.69404 7.8569 9.69404 7.8569 33735 0 0.00275647
49.9542 266432 262088 0.21873 9.69404 7.86486 9.69404 7.86486 33916 0 0.0022339
50.1729 264984 263536 0.221051 9.69345 7.87283 9.69345 7.87283 34099 0 0.00176666
50.3916 263536 262088 0.221074 9.58751 7.88027 9.58751 7.88027 34280 0 0.00223344
50.6103 262088 260640 0.221087 9.58751 7.88765 9.58751 7.88765 34461 0 0.00275564
50.8266 263536 259192 0.218655 9.58692 7.89488 9.58692 7.89488 34640 0 0.0033339
51.0429 264984 260640 0.21874 9.69404 7.9025 9.69404 7.9025 34821 0 0.00275605
51.2592 266432 262088 0.218608 9.69404 7.91006 9.69404 7.91006 35002 0 0.00223422
51.4779 264984 263536 0.221183 9.69345 7.91764 9.69345 7.91764 35185 0 0.00176695
51.6966 263536 262088 0.221015 9.58751 7.9247 9.58751 7.9247 35366 0 0.00223331
51.9153 262088 260640 0.221149 9.58751 7.9317 9.58751 7.9317 35547 0 0.00275578
52.1315 263536 259192 0.218679 9.58692 7.93857 9.58692 7.93857 35726 0 0.00333384
52.3478 264984 260640 0.218692 9.69404 7.94583 9.69404 7.94583 35907 0 0.00275617
52.5641 266432 262088 0.218661 9.69404 7.95302 9.69404 7.95302 36088 0 0.00223408
52.7828 264984 263536 0.221001 9.69345 7.96023 9.69345 7.96023 36271 0 0.00176656
53.0015 263536 262088 0.22122 9.58751 7.96694 9.58751 7.96694 36452 0 0.00223377
53.2202 262088 260640 0.221005 9.58751 7.9736 9.58751 7.9736 36633 0 0.00275547
53.4365 263536 259192 0.218842 9.58692 7.98013 9.58692 7.98013 36812 0 0.00333344
53.6528 264984 260640 0.218556 9.69404 7.98704 9.69404 7.98704 36993 0 0.00275655
53.8691 266432 262088 0.218811 9.69404 7.9939 9.69404 7.9939 37174 0 0.0022337
54.0877 264984 263536 0.22102 9.69345 8.00077 9.69345 8.00077 37357 0 0.00176659
54.3064 263536 262088 0.221166 9.58751 8.00716 9.58751 8.00716 37538 0 0.00223364
54.5251 262088 260640 0.221066 9.58751 8.0135 9.58751 8.0135 37719 0 0.0027556
54.7414 263536 259192 0.218736 9.58692 8.01971 9.58692 8.01971 37898 0 0.00333369
54.9577 264984 260640 0.218676 9.69404 8.0263 9.69404 8.0263 38079 0 0.00275622
55.174 266432 262088 0.218575 9.69404 8.03284 9.69404 8.03284 38260 0 0.00223432
55.3927 264984 263536 0.221145 9.69345 8.0394 9.69345 8.0394 38443 0 0.00176687
55.6114 263536 262088 0.221006 9.58751 8.04548 9.58751 8.04548 38624 0 0.0022333
55.8301 262088 260640 0.221239 9.58751 8.05152 9.58751 8.05152 38805 0 0.002756
56.0464 263536 259192 0.218645 9.58692 8.05745 9.58692 8.05745 38984 0 0.00333393
56.2626 264984 260640 0.218764 9.69404 8.06374 9.69404 8.06374 39165 0 0.00275599
56.4789 266432 262088 0.218616 9.69404 8.06998 9.69404 8.06998 39346 0 0.0022342
56.6976 264984 263536 0.221074 9.69345 8.07625 9.69345 8.07625 39529 0 0.00176671
56.9163 263536 262088 0.221087 9.58751 8.08205 9.58751 8.08205 39710 0 0.00223346
57.135 262088 260640 0.221127 9.58751 8.08782 9.58751 8.08782 39891 0 0.00275573
57.3513 263536 259192 0.218769 9.58692 8.09347 9.58692 8.09347 40070 0 0.00333361
57.5676 264984 260640 0.21866 9.69404 8.09948 9.69404 8.09948 40251 0 0.00275626
57.7839 266432 262088 0.21873 9.69404 8.10545 9.69404 8.10545 40432 0 0.0022339
58.0026 264984 263536 0.221015 9.69345 8.11144 9.69345 8.11144 40615 0 0.00176658
58.2212 263536 262088 0.221149 9.58751 8.11698 9.58751 8.11698 40796 0 0.0022336
58.4399 262088 260640 0.221026 9.58751 8.12249 9.58751 8.12249 40977 0 0.00275552
58.6562 263536 259192 0.218731 9.58692 8.12789 9.58692 8.12789 41156 0 0.0033337
58.8725 264984 260640 0.218703 9.69404 8.13364 9.69404 8.13364 41337 0 0.00275615
59.0888 266432 262088 0.218549 9.69404 8.13935 9.69404 8.13935 41518 0 0.00223439
59.3075 264984 263536 0.22122 9.69345 8.14508 9.69345 8.14508 41701 0 0.00176704
59.5262 263536 262088 0.221005 9.58751 8.15038 9.58751 8.15038 41882 0 0.00223329
59.7449 262088 260640 0.22119 9.58751 8.15564 9.58751 8.15564 42063 0 0.00275588
59.9612 263536 259192 0.218611 9.58692 8.1608 9.58692 8.1608 42242 0 0.00333402
60.1775 264984 260640 0.218834 9.69404 8.16632 9.69404 8.16632 42423 0 0.00275582
60.3937 266432 262088 0.218564 9.69404 8.17179 9.69404 8.17179 42604 0 0.00223435
60.6124 264984 263536 0.221166 9.69345 8.17728 9.69345 8.17728 42787 0 0.00176691
60.8311 263536 262088 0.221066 9.58751 8.18235 9.58751 8.18235 42968 0 0.00223342
61.0498 262088 260640 0.221097 9.58751 8.18738 9.58751 8.18738 43149 0 0.00275567
61.2661 263536 259192 0.218716 9.58692 8.19232 9.58692 8.19232 43328 0 0.00333374
61.4824 264984 260640 0.218628 9.69404 8.1976 9.69404 8.1976 43509 0 0.00275635
61.6987 266432 262088 0.218798 9.69404 8.20285 9.69404 8.20285 43690 0 0.00223373
61.9174 264984 263536 0.221006 9.69345 8.20811 9.69345 8.20811 43873 0 0.00176657
62.1361 263536 262088 0.221239 9.58751 8.21297 9.58751 8.21297 44054 0 0.00223382
62.3548 262088 260640 0.22102 9.58751 8.21779 9.58751 8.21779 44235 0 0.0027555
62.571 263536 259192 0.218794 9.58692 8.22252 9.58692 8.22252 44414 0 0.00333355
62.7873 264984 260640 0.218664 9.69404 8.22759 9.69404 8.22759 44595 0 0.00275625
63.0036 266432 262088 0.218727 9.69404 8.23263 9.69404 8.23263 44776 0 0.0022339
63.2223 264984 263536 0.221087 9.69345 8.23768 9.69345 8.23768 44959 0 0.00176673
63.441 263536 262088 0.221002 9.58751 8.24233 9.58751 8.24233 45140 0 0.00223329
63.6597 262088 260640 0.221145 9.58751 8.24695 9.58751 8.24695 45321 0 0.00275577
63.876 263536 259192 0.218577 9.58692 8.25149 9.58692 8.25149 45500 0 0.00333412
64.0923 264984 260640 0.218764 9.69404 8.25636 9.69404 8.25636 45681 0 0.00275599
64.3086 266432 262088 0.218666 9.69404 8.26119 9.69404 8.26119 45862 0 0.00223406
64.5272 264984 263536 0.221149 9.69345 8.26605 9.69345 8.26605 46045 0 0.00176687
64.7459 263536 262088 0.221026 9.58751 8.27051 9.58751 8.27051 46226 0 0.00223334
64.9646 262088 260640 0.221074 9.58751 8.27494 9.58751 8.27494 46407 0 0.00275562
65.1809 263536 259192 0.218658 9.58692 8.2793 9.58692 8.2793 46586 0 0.00333389
65.3972 264984 260640 0.218606 9.69404 8.28398 9.69404 8.28398 46767 0 0.00275641
65.6135 266432 262088 0.218846 9.69404 8.28863 9.69404 8.28863 46948 0 0.00223362
65.8322 264984 263536 0.221005 9.69345 8.29329 9.69345 8.29329 47131 0 0.00176656
66.0509 263536 262088 0.22119 9.58751 8.29758 9.58751 8.29758 47312 0 0.0022337
66.2696 262088 260640 0.221008 9.58751 8.30183 9.58751 8.30183 47493 0 0.00275548
66.4859 263536 259192 0.218717 9.58692 8.30601 9.58692 8.30601 47672 0 0.00333374
66.7021 264984 260640 0.218633 9.69404 8.31052 9.69404 8.31052 47853 0 0.00275633
66.9184 266432 262088 0.218791 9.69404 8.31499 9.69404 8.31499 48034 0 0.00223374
67.1371 264984 263536 0.221066 9.69345 8.31948 9.69345 8.31948 48217 0 0.00176669
67.3558 263536 262088 0.221097 9.58751 8.32359 9.58751 8.32359 48398 0 0.00223349
67.5745 262088 260640 0.221113 9.58751 8.32768 9.58751 8.32768 48579 0 0.0027557
67.7908 263536 259192 0.218549 9.58692 8.3317 9.58692 8.3317 48758 0 0.0033342
68.0071 264984 260640 0.218819 9.69404 8.33603 9.69404 8.33603 48939 0 0.00275586
68.2234 266432 262088 0.218635 9.69404 8.34034 9.69404 8.34034 49120 0 0.00223415
68.4421 264984 263536 0.221239 9.69345 8.34466 9.69345 8.34466 49303 0 0.00176709
68.6607 263536 262088 0.22102 9.58751 8.34862 9.58751 8.34862 49484 0 0.00223332
68.8794 262088 260640 0.221195 9.58751 8.35256 9.58751 8.35256 49665 0 0.00275589
69.0957 263536 259192 0.218581 9.58692 8.35642 9.58692 8.35642 49844 0 0.00333411
69.312 264984 260640 0.218697 9.69404 8.36059 9.69404 8.36059 50025 0 0.00275616
69.5283 266432 262088 0.218772 9.69404 8.36474 9.69404 8.36474 50206 0 0.00223379
69.747 264984 263536 0.221003 9.69345 8.36891 9.69345 8.36891 50389 0 0.00176656
69.9657 263536 262088 0.221145 9.58751 8.37272 9.58751 8.37272 50570 0 0.00223359
70.1844 262088 260640 0.221006 9.58751 8.3765 9.58751 8.3765 50751 0 0.00275548
70.4007 263536 259192 0.218793 9.58692 8.38022 9.58692 8.38022 50930 0 0.00333355
70.617 264984 260640 0.218583 9.69404 8.38424 9.69404 8.38424 51111 0 0.00275647
70.8332 266432 262088 0.21873 9.69404 8.38824 9.69404 8.38824 51292 0 0.0022339
71.0519 264984 263536 0.221051 9.69345 8.39226 9.69345 8.39226 51475 0 0.00176666
71.2706 263536 262088 0.221074 9.58751 8.39593 9.58751 8.39593 51656 0 0.00223344
71.4893 262088 260640 0.221087 9.58751 8.39957 9.58751 8.39957 51837 0 0.00275564
71.7056 263536 259192 0.218655 9.58692 8.40316 9.58692 8.40316 52016 0 0.0033339
71.9219 264984 260640 0.21874 9.69404 8.40704 9.69404 8.40704 52197 0 0.00275605
72.1382 266432 262088 0.218608 9.69404 8.4109 9.69404 8.4109 52378 0 0.00223422
72.3569 264984 263536 0.221183 9.69345 8.41477 9.69345 8.41477 52561 0 0.00176695
72.5756 263536 262088 0.221015 9.58751 8.41831 9.58751 8.41831 52742 0 0.00223331
72.7943 262088 260640 0.221149 9.58751 8.42182 9.58751 8.42182 52923 0 0.00275578
73.0105 263536 259192 0.218679 9.58692 8.42527 9.58692 8.42527 53102 0 0.00333384
73.2268 264984 260640 0.218692 9.69404 8.42902 9.69404 8.42902 53283 0 0.00275617
73.4431 266432 262088 0.218661 9.69404 8.43274 9.69404 8.43274 53464 0 0.00223408
73.6618 264984 263536 0.221097 9.69345 8.43649 9.69345 8.43649 53647 0 0.00176676
73.8805 263536 262088 0.221111 9.58751 8.43989 9.58751 8.43989 53828 0 0.00223352
74.0992 262088 260640 0.221005 9.58751 8.44328 9.58751 8.44328 54009 0 0.00275547
74.3155 263536 259192 0.218842 9.58692 8.44661 9.58692 8.44661 54188 0 0.00333344
74.5318 264984 260640 0.218556 9.69404 8.45023 9.69404 8.45023 54369 0 0.00275655
74.7481 266432 262088 0.218811 9.69404 8.45383 9.69404 8.45383 54550 0 0.0022337
74.9667 264984 263536 0.22102 9.69345 8.45744 9.69345 8.45744 54733 0 0.00176659
75.1854 263536 262088 0.221195 9.58751 8.46073 9.58751 8.46073 54914 0 0.00223371
75.4041 262088 260640 0.221033 9.58751 8.464 9.58751 8.464 55095 0 0.00275553
75.6204 263536 259192 0.218736 9.58692 8.46721 9.58692 8.46721 55274 0 0.00333369
75.8367 264984 260640 0.218676 9.69404 8.47071 9.69404 8.47071 55455 0 0.00275622
76.053 266432 262088 0.218575 9.69404 8.47419 9.69404 8.47419 55636 0 0.00223432
76.2717 264984 263536 0.221145 9.69345 8.47768 9.69345 8.47768 55819 0 0.00176687
76.4904 263536 262088 0.221006 9.58751 8.48086 9.58751 8.48086 56000 0 0.0022333
76.7091 262088 260640 0.221248 9.58751 8.48401 9.58751 8.48401 56181 0 0.00275602
76.9254 263536 259192 0.218635 9.58692 8.48711 9.58692 8.48711 56360 0 0.00333396
77.1416 264984 260640 0.218764 9.69404 8.4905 9.69404 8.4905 56541 0 0.00275599
77.3579 266432 262088 0.218616 9.69404 8.49386 9.69404 8.49386 56722 0 0.0022342
77.5766 264984 263536 0.221074 9.69345 8.49724 9.69345 8.49724 56905 0 0.00176671
77.7953 263536 262088 0.221087 9.58751 8.50031 9.58751 8.50031 57086 0 0.00223346
78.014 262088 260640 0.221127 9.58751 8.50336 9.58751 8.50336 57267 0 0.00275573
78.2303 263536 259192 0.218772 9.58692 8.50635 9.58692 8.50635 57446 0 0.0033336
78.4466 264984 260640 0.218657 9.69404 8.50963 9.69404 8.50963 57627 0 0.00275627
78.6629 266432 262088 0.21873 9.69404 8.51288 9.69404 8.51288 57808 0 0.0022339
78.8816 264984 263536 0.221015 9.69345 8.51616 9.69345 8.51616 57991 0 0.00176658
79.1002 263536 262088 0.221149 9.58751 8.51912 9.58751 8.51912 58172 0 0.0022336
79.3189 262088 260640 0.221026 9.58751 8.52206 9.58751 8.52206 58353 0 0.00275552
79.5352 263536 259192 0.218731 9.58692 8.52496 9.58692 8.52496 58532 0 0.0033337
79.7515 264984 260640 0.218704 9.69404 8.52813 9.69404 8.52813 58713 0 0.00275614
79.9678 266432 262088 0.218548 9.69404 8.53128 9.69404 8.53128 58894 0 0.00223439
80.1865 264984 263536 0.22122 9.69345 8.53445 9.69345 8.53445 59077 0 0.00176704
80.4052 263536 262088 0.221005 9.58751 8.53732 9.58751 8.53732 59258 0 0.00223329
80.6239 262088 260640 0.22119 9.58751 8.54017 9.58751 8.54017 59439 0 0.00275588
80.8402 263536 259192 0.218611 9.58692 8.54297 9.58692 8.54297 59618 0 0.00333402
81.0565 264984 260640 0.218834 9.69404 8.54604 9.69404 8.54604 59799 0 0.00275582
81.2727 266432 262088 0.218564 9.69404 8.54909 9.69404 8.54909 59980 0 0.00223434
81.4914 264984 263536 0.221166 9.69345 8.55217 9.69345 8.55217 60163 0 0.00176691
81.7101 263536 262088 0.221066 9.58751 8.55494 9.58751 8.55494 60344 0 0.00223342
81.9288 262088 260640 0.221097 9.58751 8.55769 9.58751 8.55769 60525 0 0.00275567
82.1451 263536 259192 0.218716 9.58692 8.5604 9.58692 8.5604 60704 0 0.00333374
82.3614 264984 260640 0.218628 9.69404 8.56338 9.69404 8.56338 60885 0 0.00275635
82.5777 266432 262088 0.218798 9.69404 8.56634 9.69404 8.56634 61066 0 0.00223373
82.7964 264984 263536 0.221006 9.69345 8.56932 9.69345 8.56932 61249 0 0.00176657
83.0151 263536 262088 0.221239 9.58751 8.572 9.58751 8.572 61430 0 0.00223382
83.2338 262088 260640 0.22102 9.58751 8.57467 9.58751 8.57467 61611 0 0.0027555
83.45 263536 259192 0.218794 9.58692 8.57729 9.58692 8.57729 61790 0 0.00333355
83.6663 264984 260640 0.218664 9.69404 8.58018 9.69404 8.58018 61971 0 0.00275625
83.8826 266432 262088 0.218727 9.69404 8.58305 9.69404 8.58305 62152 0 0.0022339
84.1013 264984 263536 0.221087 9.69345 8.58594 9.69345 8.58594 62335 0 0.00176673
84.32 263536 262088 0.221002 9.58751 8.58854 9.58751 8.58854 62516 0 0.00223329
84.5387 262088 260640 0.221145 9.58751 8.59112 9.58751 8.59112 62697 0 0.00275577
84.755 263536 259192 0.218577 9.58692 8.59366 9.58692 8.59366 62876 0 0.00333412
84.9713 264984 260640 0.218764 9.69404 8.59646 9.69404 8.59646 63057 0 0.00275599
85.1876 266432 262088 0.218666 9.69404 8.59925 9.69404 8.59925 63238 0 0.00223406
85.4062 264984 263536 0.221149 9.69345 8.60205 9.69345 8.60205 63421 0 0.00176687
85.6249 263536 262088 0.221026 9.58751 8.60457 9.58751 8.60457 63602 0 0.00223334
85.8436 262088 260640 0.221074 9.58751 8.60707 9.58751 8.60707 63783 0 0.00275562
86.0599 263536 259192 0.218658 9.58692 8.60953 9.58692 8.60953 63962 0 0.00333389
86.2762 264984 260640 0.218606 9.69404 8.61225 9.69404 8.61225 64143 0 0.00275641
86.4925 266432 262088 0.218846 9.69404 8.61496 9.69404 8.61496 64324 0 0.00223362
86.7112 264984 263536 0.221005 9.69345 8.61768 9.69345 8.61768 64507 0 0.00176656
86.9299 263536 262088 0.22119 9.58751 8.62012 9.58751 8.62012 64688 0 0.0022337
87.1486 262088 260640 0.221008 9.58751 8.62255 9.58751 8.62255 64869 0 0.00275548
87.3649 263536 259192 0.218717 9.58692 8.62493 9.58692 8.62493 65048 0 0.00333374
87.5811 264984 260640 0.218633 9.69404 8.62757 9.69404 8.62757 65229 0 0.00275633
87.7974 266432 262088 0.218791 9.69404 8.6302 9.69404 8.6302 65410 0 0.00223374
88.0161 264984 263536 0.221066 9.69345 8.63284 9.69345 8.63284 65593 0 0.00176669
88.2348 263536 262088 0.221097 9.58751 8.63521 9.58751 8.63521 65774 0 0.00223349
88.4535 262088 260640 0.221113 9.58751 8.63756 9.58751 8.63756 65955 0 0.0027557
88.6698 263536 259192 0.218549 9.58692 8.63988 9.58692 8.63988 66134 0 0.0033342
88.8861 264984 260640 0.218819 9.69404 8.64244 9.69404 8.64244 66315 0 0.00275586
89.1024 266432 262088 0.218635 9.69404 8.645 9.69404 8.645 66496 0 0.00223415
89.3211 264984 263536 0.221239 9.69345 8.64756 9.69345 8.64756 66679 0 0.00176709
89.5397 263536 262088 0.22102 9.58751 8.64986 9.58751 8.64986 66860 0 0.00223332
89.7584 262088 260640 0.221195 9.58751 8.65214 9.58751 8.65214 67041 0 0.00275589
89.9747 263536 259192 0.218581 9.58692 8.65439 9.58692 8.65439 67220 0 0.00333411
90.191 264984 260640 0.218761 9.69404 8.65688 9.69404 8.65688 67401 0 0.002756
90.4073 266432 262088 0.218699 9.69404 8.65937 9.69404 8.65937 67582 0 0.00223398
90.626 264984 263536 0.221003 9.69345 8.66186 9.69345 8.66186 67765 0 0.00176656
90.8447 263536 262088 0.221145 9.58751 8.66409 9.58751 8.66409 67946 0 0.00223359
91.0634 262088 260640 0.221006 9.58751 8.66631 9.58751 8.66631 68127 0 0.00275548
91.2797 263536 259192 0.218793 9.58692 8.66849 9.58692 8.66849 68306 0 0.00333355
91.496 264984 260640 0.218583 9.69404 8.67091 9.69404 8.67091 68487 0 0.00275647
91.7122 266432 262088 0.218753 9.69404 8.67333 9.69404 8.67333 68668 0 0.00223384
91.9309 264984 263536 0.221026 9.69345 8.67575 9.69345 8.67575 68851 0 0.00176661
92.1496 263536 262088 0.221074 9.58751 8.67792 9.58751 8.67792 69032 0 0.00223344
92.3683 262088 260640 0.221087 9.58751 8.68007 9.58751 8.68007 69213 0 0.00275564
92.5846 263536 259192 0.218655 9.58692 8.68219 9.58692 8.68219 69392 0 0.0033339
92.8009 264984 260640 0.21874 9.69404 8.68455 9.69404 8.68455 69573 0 0.00275605
93.0172 266432 262088 0.218608 9.69404 8.68689 9.69404 8.68689 69754 0 0.00223422
93.2359 264984 263536 0.22119 9.69345 8.68925 9.69345 8.68925 69937 0 0.00176697
93.4546 263536 262088 0.221008 9.58751 8.69136 9.58751 8.69136 70118 0 0.0022333
93.6733 262088 260640 0.221149 9.58751 8.69345 9.58751 8.69345 70299 0 0.00275578
93.8895 263536 259192 0.218679 9.58692 8.69551 9.58692 8.69551 70478 0 0.00333384
94.1058 264984 260640 0.218692 9.69404 8.6978 9.69404 8.6978 70659 0 0.00275617
94.3221 266432 262088 0.218661 9.69404 8.70009 9.69404 8.70009 70840 0 0.00223408
94.5408 264984 263536 0.221097 9.69345 8.70238 9.69345 8.70238 71023 0 0.00176676
94.7595 263536 262088 0.221113 9.58751 8.70443 9.58751 8.70443 71204 0 0.00223352
94.9782 262088 260640 0.221002 9.58751 8.70646 9.58751 8.70646 71385 0 0.00275547
95.1945 263536 259192 0.218842 9.58692 8.70846 9.58692 8.70846 71564 0 0.00333344
95.4108 264984 260640 0.218556 9.69404 8.71069 9.69404 8.71069 71745 0 0.00275655
95.6271 266432 262088 0.218811 9.69404 8.71292 9.69404 8.71292 71926 0 0.0022337
95.8457 264984 263536 0.22102 9.69345 8.71516 9.69345 8.71516 72109 0 0.00176659
96.0644 263536 262088 0.221195 9.58751 8.71714 9.58751 8.71714 72290 0 0.00223371
96.2831 262088 260640 0.221034 9.58751 8.71912 9.58751 8.71912 72471 0 0.00275553
96.4994 263536 259192 0.218735 9.58692 8.72106 9.58692 8.72106 72650 0 0.00333369
96.7157 264984 260640 0.218676 9.69404 8.72324 9.69404 8.72324 72831 0 0.00275622
96.932 266432 262088 0.218575 9.69404 8.72541 9.69404 8.72541 73012 0 0.00223432
97.1507 264984 263536 0.221145 9.69345 8.72759 9.69345 8.72759 73195 0 0.00176687
97.3694 263536 262088 0.221006 9.58751 8.72952 9.58751 8.72952 73376 0 0.0022333
97.5881 262088 260640 0.221248 9.58751 8.73144 9.58751 8.73144 73557 0 0.00275602
97.8044 263536 259192 0.218635 9.58692 8.73333 9.58692 8.73333 73736 0 0.00333396
98.0206 264984 260640 0.218764 9.69404 8.73545 9.69404 8.73545 73917 0 0.00275599
98.2369 266432 262088 0.218616 9.69404 8.73756 9.69404 8.73756 74098 0 0.0022342
98.4556 264984 263536 0.221074 9.69345 8.73968 9.69345 8.73968 74281 0 0.00176671
98.6743 263536 262088 0.221087 9.58751 8.74156 9.58751 8.74156 74462 0 0.00223346
98.893 262088 260640 0.221127 9.58751 8.74343 9.58751 8.74343 74643 0 0.00275573
99.1093 263536 259192 0.218772 9.58692 8.74528 9.58692 8.74528 74822 0 0.0033336
99.3256 264984 260640 0.218657 9.69404 8.74734 9.69404 8.74734 75003 0 0.00275627
99.5419 266432 262088 0.21873 9.69404 8.7494 9.69404 8.7494 75184 0 0.0022339
99.7606 264984 263536 0.221015 9.69345 8.75147 9.69345 8.75147 75367 0 0.00176658
99.9793 263536 262088 0.221149 9.58751 8.7533 9.58751 8.7533 75548 0 0.0022336
100.198 262088 260640 0.221026 9.58751 8.75512 9.58751 8.75512 75729 0 0.00275552
100.414 263536 259192 0.218731 9.58692 8.75691 9.58692 8.75691 75908 0 0.0033337
100.631 264984 260640 0.218704 9.69404 8.75892 9.69404 8.75892 76089 0 0.00275614
100.847 266432 262088 0.218548 9.69404 8.76093 9.69404 8.76093 76270 0 0.00223439
101.065 264984 263536 0.22122 9.69345 8.76295 9.69345 8.76295 76453 0 0.00176704
101.284 263536 262088 0.221005 9.58751 8.76473 9.58751 8.76473 76634 0 0.00223329
101.503 262088 260640 0.22119 9.58751 8.7665 9.58751 8.7665 76815 0 0.00275588
101.719 263536 259192 0.218611 9.58692 8.76824 9.58692 8.76824 76994 0 0.00333402
101.935 264984 260640 0.218834 9.69404 8.77021 9.69404 8.77021 77175 0 0.00275582
102.152 266432 262088 0.218564 9.69404 8.77216 9.69404 8.77216 77356 0 0.00223434
102.37 264984 263536 0.221166 9.69345 8.77413 9.69345 8.77413 77539 0 0.00176691
102.589 263536 262088 0.221066 9.58751 8.77587 9.58751 8.77587 77720 0 0.00223342
102.808 262088 260640 0.221097 9.58751 8.77759 9.58751 8.77759 77901 0 0.00275567
103.024 263536 259192 0.218716 9.58692 8.77929 9.58692 8.77929 78080 0 0.00333374
103.24 264984 260640 0.218628 9.69404 8.78121 9.69404 8.78121 78261 0 0.00275635
103.457 266432 262088 0.218798 9.69404 8.78312 9.69404 8.78312 78442 0 0.00223373
103.675 264984 263536 0.221006 9.69345 8.78504 9.69345 8.78504 78625 0 0.00176657
103.894 263536 262088 0.221239 9.58751 8.78673 9.58751 8.78673 78806 0 0.00223382
104.113 262088 260640 0.22102 9.58751 8.78841 9.58751 8.78841 78987 0 0.0027555
104.329 263536 259192 0.218794 9.58692 8.79006 9.58692 8.79006 79166 0 0.00333355
104.545 264984 260640 0.218664 9.69404 8.79193 9.69404 8.79193 79347 0 0.00275625
104.762 266432 262088 0.218727 9.69404 8.7938 9.69404 8.7938 79528 0 0.0022339
104.98 264984 263536 0.221087 9.69345 8.79567 9.69345 8.79567 79711 0 0.00176673
105.199 263536 262088 0.221127 9.58751 8.79732 9.58751 8.79732 79892 0 0.00223355
105.418 262088 260640 0.221145 9.58751 8.79896 9.58751 8.79896 80073 0 0.00275577
105.634 263536 259192 0.218577 9.58692 8.80057 9.58692 8.80057 80252 0 0.00333412
105.85 264984 260640 0.218764 9.69404 8.8024 9.69404 8.8024 80433 0 0.00275599
106.067 266432 262088 0.218666 9.69404 8.80421 9.69404 8.80421 80614 0 0.00223406
106.285 264984 263536 0.221149 9.69345 8.80604 9.69345 8.80604 80797 0 0.00176687
106.504 263536 262088 0.221026 9.58751 8.80765 9.58751 8.80765 80978 0 0.00223334
106.723 262088 260640 0.221111 9.58751 8.80925 9.58751 8.80925 81159 0 0.0027557
106.939 263536 259192 0.218615 9.58692 8.81082 9.58692 8.81082 81338 0 0.00333401
107.155 264984 260640 0.218606 9.69404 8.8126 9.69404 8.8126 81519 0 0.00275641
107.371 266432 262088 0.218846 9.69404 8.81438 9.69404 8.81438 81700 0 0.00223362
107.59 264984 263536 0.221005 9.69345 8.81616 9.69345 8.81616 81883 0 0.00176656
107.809 263536 262088 0.22119 9.58751 8.81773 9.58751 8.81773 82064 0 0.0022337
108.028 262088 260640 0.221008 9.58751 8.81929 9.58751 8.81929 82245 0 0.00275548
108.244 263536 259192 0.21873 9.58692 8.82082 9.58692 8.82082 82424 0 0.00333371
108.46 264984 260640 0.218618 9.69404 8.82256 9.69404 8.82256 82605 0 0.00275637
108.676 266432 262088 0.218791 9.69404 8.8243 9.69404 8.8243 82786 0 0.00223374
108.895 264984 263536 0.221066 9.69345 8.82604 9.69345 8.82604 82969 0 0.00176669
109.114 263536 262088 0.221097 9.58751 8.82757 9.58751 8.82757 83150 0 0.00223349
109.333 262088 260640 0.221113 9.58751 8.82909 9.58751 8.82909 83331 0 0.0027557
109.549 263536 259192 0.218549 9.58692 8.83058 9.58692 8.83058 83510 0 0.0033342
109.765 264984 260640 0.218823 9.69404 8.83229 9.69404 8.83229 83691 0 0.00275585
109.981 266432 262088 0.21863 9.69404 8.83398 9.69404 8.83398 83872 0 0.00223416
110.2 264984 263536 0.221239 9.69345 8.83569 9.69345 8.83569 84055 0 0.00176709
110.419 263536 262088 0.22102 9.58751 8.83717 9.58751 8.83717 84236 0 0.00223332
110.637 262088 260640 0.221195 9.58751 8.83866 9.58751 8.83866 84417 0 0.00275589
110.854 263536 259192 0.218581 9.58692 8.84012 9.58692 8.84012 84596 0 0.00333411
111.07 264984 260640 0.218761 9.69404 8.84178 9.69404 8.84178 84777 0 0.002756
111.286 266432 262088 0.218701 9.69404 8.84344 9.69404 8.84344 84958 0 0.00223397
111.505 264984 263536 0.221002 9.69345 8.8451 9.69345 8.8451 85141 0 0.00176656
111.724 263536 262088 0.221145 9.58751 8.84656 9.58751 8.84656 85322 0 0.00223359
111.942 262088 260640 0.221006 9.58751 8.84801 9.58751 8.84801 85503 0 0.00275548
112.159 263536 259192 0.218793 9.58692 8.84943 9.58692 8.84943 85682 0 0.00333355
112.375 264984 260640 0.218583 9.69404 8.85106 9.69404 8.85106 85863 0 0.00275647
112.591 266432 262088 0.218753 9.69404 8.85268 9.69404 8.85268 86044 0 0.00223384
112.81 264984 263536 0.221026 9.69345 8.8543 9.69345 8.8543 86227 0 0.00176661
113.029 263536 262088 0.221074 9.58751 8.85572 9.58751 8.85572 86408 0 0.00223344
113.247 262088 260640 0.221087 9.58751 8.85714 9.58751 8.85714 86589 0 0.00275564
113.464 263536 259192 0.218655 9.58692 8.85853 9.58692 8.85853 86768 0 0.0033339
113.68 264984 260640 0.21874 9.69404 8.86012 9.69404 8.86012 86949 0 0.00275605
113.896 266432 262088 0.218608 9.69404 8.8617 9.69404 8.8617 87130 0 0.00223422
114.115 264984 263536 0.22119 9.69345 8.8633 9.69345 8.8633 87313 0 0.00176697
114.334 263536 262088 0.221008 9.58751 8.86468 9.58751 8.86468 87494 0 0.0022333
114.552 262088 260640 0.221149 9.58751 8.86606 9.58751 8.86606 87675 0 0.00275578
114.769 263536 259192 0.218679 9.58692 8.86742 9.58692 8.86742 87854 0 0.00333384
114.985 264984 260640 0.218692 9.69404 8.86897 9.69404 8.86897 88035 0 0.00275617
115.201 266432 262088 0.218661 9.69404 8.87052 9.69404 8.87052 88216 0 0.00223408
115.42 264984 263536 0.221097 9.69345 8.87208 9.69345 8.87208 88399 0 0.00176676
115.639 263536 262088 0.221113 9.58751 8.87343 9.58751 8.87343 88580 0 0.00223352
115.857 262088 260640 0.221002 9.58751 8.87478 9.58751 8.87478 88761 0 0.00275547
116.073 263536 259192 0.218842 9.58692 8.87611 9.58692 8.87611 88940 0 0.00333344
116.29 264984 260640 0.218556 9.69404 8.87763 9.69404 8.87763 89121 0 0.00275655
116.506 266432 262088 0.218811 9.69404 8.87915 9.69404 8.87915 89302 0 0.0022337
116.725 264984 263536 0.22102 9.69345 8.88067 9.69345 8.88067 89485 0 0.00176659
116.943 263536 262088 0.221195 9.58751 8.88199 9.58751 8.88199 89666 0 0.00223371
117.162 262088 260640 0.221034 9.58751 8.88331 9.58751 8.88331 89847 0 0.00275553
117.378 263536 259192 0.218735 9.58692 8.88461 9.58692 8.88461 90026 0 0.00333369
117.595 264984 260640 0.218676 9.69404 8.8861 9.69404 8.8861 90207 0 0.00275622
117.811 266432 262088 0.218575 9.69404 8.88758 9.69404 8.88758 90388 0 0.00223432
118.03 264984 263536 0.221145 9.69345 8.88907 9.69345 8.88907 90571 0 0.00176687
118.248 263536 262088 0.221006 9.58751 8.89036 9.58751 8.89036 90752 0 0.0022333
118.467 262088 260640 0.221248 9.58751 8.89165 9.58751 8.89165 90933 0 0.00275602
118.683 263536 259192 0.218635 9.58692 8.89292 9.58692 8.89292 91112 0 0.00333396
118.9 264984 260640 0.218764 9.69404 8.89438 9.69404 8.89438 91293 0 0.00275599
119.116 266432 262088 0.218616 9.69404 8.89583 9.69404 8.89583 91474 0 0.0022342
119.335 264984 263536 0.221074 9.69345 8.89729 9.69345 8.89729 91657 0 0.00176671
119.553 263536 262088 0.221087 9.58751 8.89855 9.58751 8.89855 91838 0 0.00223346
119.772 262088 260640 0.221127 9.58751 8.89981 9.58751 8.89981 92019 0 0.00275573
119.988 263536 259192 0.218772 9.58692 8.90105 9.58692 8.90105 92198 0 0.0033336
120.205 264984 260640 0.218657 9.69404 8.90248 9.69404 8.90248 92379 0 0.00275627
120.421 266432 262088 0.21873 9.69404 8.9039 9.69404 8.9039 92560 0 0.0022339
120.64 264984 263536 0.221015 9.69345 8.90533 9.69345 8.90533 92743 0 0.00176658
120.858 263536 262088 0.221149 9.58751 8.90656 9.58751 8.90656 92924 0 0.0022336
121.077 262088 260640 0.221026 9.58751 8.90779 9.58751 8.90779 93105 0 0.00275552
121.293 263536 259192 0.218731 9.58692 8.909 9.58692 8.909 93284 0 0.0033337
121.51 264984 260640 0.218704 9.69404 8.9104 9.69404 8.9104 93465 0 0.00275614
121.726 266432 262088 0.218644 9.69404 8.91179 9.69404 8.91179 93646 0 0.00223412
121.944 264984 263536 0.221111 9.69345 8.9132 9.69345 8.9132 93829 0 0.00176679
122.163 263536 262088 0.221005 9.58751 8.9144 9.58751 8.9144 94010 0 0.00223329
122.382 262088 260640 0.22119 9.58751 8.91561 9.58751 8.91561 94191 0 0.00275588
122.598 263536 259192 0.218611 9.58692 8.91679 9.58692 8.91679 94370 0 0.00333402
122.814 264984 260640 0.218834 9.69404 8.91816 9.69404 8.91816 94551 0 0.00275582
123.031 266432 262088 0.218564 9.69404 8.91952 9.69404 8.91952 94732 0 0.00223434
123.249 264984 263536 0.221195 9.69345 8.9209 9.69345 8.9209 94915 0 0.00176698
123.468 263536 262088 0.221033 9.58751 8.92208 9.58751 8.92208 95096 0 0.00223335
123.687 262088 260640 0.221097 9.58751 8.92325 9.58751 8.92325 95277 0 0.00275567
123.903 263536 259192 0.218716 9.58692 8.92441 9.58692 8.92441 95456 0 0.00333374
124.119 264984 260640 0.218628 9.69404 8.92575 9.69404 8.92575 95637 0 0.00275635
124.336 266432 262088 0.218798 9.69404 8.92709 9.69404 8.92709 95818 0 0.00223373
124.554 264984 263536 0.221006 9.69345 8.92843 9.69345 8.92843 96001 0 0.00176657
124.773 263536 262088 0.221248 9.58751 8.92959 9.58751 8.92959 96182 0 0.00223384
124.992 262088 260640 0.22101 9.58751 8.93074 9.58751 8.93074 96363 0 0.00275548
125.208 263536 259192 0.218794 9.58692 8.93187 9.58692 8.93187 96542 0 0.00333355
125.424 264984 260640 0.218664 9.69404 8.93319 9.69404 8.93319 96723 0 0.00275625
125.641 266432 262088 0.218727 9.69404 8.9345 9.69404 8.9345 96904 0 0.0022339
125.859 264984 263536 0.221087 9.69345 8.93582 9.69345 8.93582 97087 0 0.00176673
126.078 263536 262088 0.221127 9.58751 8.93695 9.58751 8.93695 97268 0 0.00223355
126.297 262088 260640 0.221148 9.58751 8.93807 9.58751 8.93807 97449 0 0.00275578
126.513 263536 259192 0.218574 9.58692 8.93918 9.58692 8.93918 97628 0 0.00333413
126.729 264984 260640 0.218764 9.69404 8.94047 9.69404 8.94047 97809 0 0.00275599
126.946 266432 262088 0.218666 9.69404 8.94176 9.69404 8.94176 97990 0 0.00223406
127.164 264984 263536 0.221149 9.69345 8.94305 9.69345 8.94305 98173 0 0.00176687
127.383 263536 262088 0.221026 9.58751 8.94415 9.58751 8.94415 98354 0 0.00223334
127.602 262088 260640 0.221111 9.58751 8.94526 9.58751 8.94526 98535 0 0.0027557
127.818 263536 259192 0.218616 9.58692 8.94634 9.58692 8.94634 98714 0 0.00333401
128.034 264984 260640 0.218605 9.69404 8.94761 9.69404 8.94761 98895 0 0.00275641
128.25 266432 262088 0.218846 9.69404 8.94887 9.69404 8.94887 99076 0 0.00223362
128.469 264984 263536 0.221005 9.69345 8.95013 9.69345 8.95013 99259 0 0.00176656
128.688 263536 262088 0.22119 9.58751 8.95122 9.58751 8.95122 99440 0 0.0022337
128.907 262088 260640 0.221008 9.58751 8.9523 9.58751 8.9523 99621 0 0.00275548
129.123 263536 259192 0.21873 9.58692 8.95336 9.58692 8.95336 99800 0 0.00333371
129.339 264984 260640 0.218619 9.69404 8.9546 9.69404 8.9546 99981 0 0.00275637
129.555 266432 262088 0.218791 9.69404 8.95583 9.69404 8.95583 100162 0 0.00223375
129.774 264984 263536 0.221066 9.69345 8.95707 9.69345 8.95707 100345 0 0.00176669
129.993 263536 262088 0.221097 9.58751 8.95813 9.58751 8.95813 100526 0 0.00223349
130.212 262088 260640 0.221113 9.58751 8.95919 9.58751 8.95919 100707 0 0.0027557
130.428 263536 259192 0.218549 9.58692 8.96023 9.58692 8.96023 100886 0 0.0033342
130.644 264984 260640 0.218823 9.69404 8.96145 9.69404 8.96145 101067 0 0.00275585
130.86 266432 262088 0.21863 9.69404 8.96266 9.69404 8.96266 101248 0 0.00223416
131.079 264984 263536 0.221239 9.69345 8.96388 9.69345 8.96388 101431 0 0.00176709
131.298 263536 262088 0.22102 9.58751 8.96492 9.58751 8.96492 101612 0 0.00223332
131.516 262088 260640 0.221195 9.58751 8.96595 9.58751 8.96595 101793 0 0.00275589
131.733 263536 259192 0.218581 9.58692 8.96697 9.58692 8.96697 101972 0 0.00333411
131.949 264984 260640 0.218761 9.69404 8.96816 9.69404 8.96816 102153 0 0.002756
132.165 266432 262088 0.218701 9.69404 8.96935 9.69404 8.96935 102334 0 0.00223397
132.384 264984 263536 0.221002 9.69345 8.97055 9.69345 8.97055 102517 0 0.00176656
132.603 263536 262088 0.221145 9.58751 8.97156 9.58751 8.97156 102698 0 0.00223359
132.821 262088 260640 0.221006 9.58751 8.97258 9.58751 8.97258 102879 0 0.00275548
133.038 263536 259192 0.218793 9.58692 8.97358 9.58692 8.97358 103058 0 0.00333355
133.254 264984 260640 0.218583 9.69404 8.97475 9.69404 8.97475 103239 0 0.00275647
133.47 266432 262088 0.218753 9.69404 8.97591 9.69404 8.97591 103420 0 0.00223384
133.689 264984 263536 0.221026 9.69345 8.97709 9.69345 8.97709 103603 0 0.00176661
133.908 263536 262088 0.221074 9.58751 8.97808 9.58751 8.97808 103784 0 0.00223344
134.126 262088 260640 0.221087 9.58751 8.97908 9.58751 8.97908 103965 0 0.00275564
134.343 263536 259192 0.218655 9.58692 8.98006 9.58692 8.98006 104144 0 0.0033339
134.559 264984 260640 0.21874 9.69404 8.9812 9.69404 8.9812 104325 0 0.00275605
134.775 266432 262088 0.218608 9.69404 8.98235 9.69404 8.98235 104506 0 0.00223422
134.994 264984 263536 0.22119 9.69345 8.9835 9.69345 8.9835 104689 0 0.00176697
135.213 263536 262088 0.221008 9.58751 8.98448 9.58751 8.98448 104870 0 0.0022333
135.431 262088 260640 0.221149 9.58751 8.98545 9.58751 8.98545 105051 0 0.00275578
135.648 263536 259192 0.218679 9.58692 8.98641 9.58692 8.98641 105230 0 0.00333384
135.864 264984 260640 0.218692 9.69404 8.98754 9.69404 8.98754 105411 0 0.00275617
136.08 266432 262088 0.218661 9.69404 8.98866 9.69404 8.98866 105592 0 0.00223408
136.299 264984 263536 0.221097 9.69345 8.98979 9.69345 8.98979 105775 0 0.00176676
136.518 263536 262088 0.221113 9.58751 8.99075 9.58751 8.99075 105956 0 0.00223352
136.736 262088 260640 0.221002 9.58751 8.9917 9.58751 8.9917 106137 0 0.00275547
136.952 263536 259192 0.218842 9.58692 8.99264 9.58692 8.99264 106316 0 0.00333344
137.169 264984 260640 0.218556 9.69404 8.99375 9.69404 8.99375 106497 0 0.00275655
137.385 266432 262088 0.218811 9.69404 8.99485 9.69404 8.99485 106678 0 0.0022337
137.604 264984 263536 0.22102 9.69345 8.99596 9.69345 8.99596 106861 0 0.00176659
137.822 263536 262088 0.221195 9.58751 8.9969 9.58751 8.9969 107042 0 0.00223371
138.041 262088 260640 0.221034 9.58751 8.99783 9.58751 8.99783 107223 0 0.00275553
138.257 263536 259192 0.218791 9.58692 8.99876 9.58692 8.99876 107402 0 0.00333355
138.474 264984 260640 0.218612 9.69404 8.99984 9.69404 8.99984 107583 0 0.00275639
138.69 266432 262088 0.218575 9.69404 9.00092 9.69404 9.00092 107764 0 0.00223432
138.909 264984 263536 0.221145 9.69345 9.00201 9.69345 9.00201 107947 0 0.00176687
139.127 263536 262088 0.221006 9.58751 9.00294 9.58751 9.00294 108128 0 0.0022333
139.346 262088 260640 0.221248 9.58751 9.00385 9.58751 9.00385 108309 0 0.00275602
139.562 263536 259192 0.218635 9.58692 9.00476 9.58692 9.00476 108488 0 0.00333396
139.779 264984 260640 0.218783 9.69404 9.00582 9.69404 9.00582 108669 0 0.00275594
139.995 266432 262088 0.218594 9.69404 9.00689 9.69404 9.00689 108850 0 0.00223426
140.214 264984 263536 0.221074 9.69345 9.00796 9.69345 9.00796 109033 0 0.00176671
140.432 263536 262088 0.221087 9.58751 9.00886 9.58751 9.00886 109214 0 0.00223346
140.651 262088 260640 0.221127 9.58751 9.00976 9.58751 9.00976 109395 0 0.00275573
140.867 263536 259192 0.218772 9.58692 9.01065 9.58692 9.01065 109574 0 0.0033336
141.084 264984 260640 0.218657 9.69404 9.01169 9.69404 9.01169 109755 0 0.00275627
141.3 266432 262088 0.218736 9.69404 9.01274 9.69404 9.01274 109936 0 0.00223388
141.519 264984 263536 0.221008 9.69345 9.01379 9.69345 9.01379 110119 0 0.00176657
141.737 263536 262088 0.221149 9.58751 9.01467 9.58751 9.01467 110300 0 0.0022336
141.956 262088 260640 0.221026 9.58751 9.01556 9.58751 9.01556 110481 0 0.00275552
142.172 263536 259192 0.218731 9.58692 9.01643 9.58692 9.01643 110660 0 0.0033337
142.389 264984 260640 0.218704 9.69404 9.01746 9.69404 9.01746 110841 0 0.00275614
142.605 266432 262088 0.218644 9.69404 9.01848 9.69404 9.01848 111022 0 0.00223412
142.823 264984 263536 0.221113 9.69345 9.01952 9.69345 9.01952 111205 0 0.00176679
143.042 263536 262088 0.221002 9.58751 9.02038 9.58751 9.02038 111386 0 0.00223329
143.261 262088 260640 0.22119 9.58751 9.02125 9.58751 9.02125 111567 0 0.00275588
143.477 263536 259192 0.218611 9.58692 9.0221 9.58692 9.0221 111746 0 0.00333402
143.693 264984 260640 0.218834 9.69404 9.02311 9.69404 9.02311 111927 0 0.00275582
143.91 266432 262088 0.218564 9.69404 9.02412 9.69404 9.02412 112108 0 0.00223434
144.128 264984 263536 0.221195 9.69345 9.02514 9.69345 9.02514 112291 0 0.00176698
144.347 263536 262088 0.221034 9.58751 9.02599 9.58751 9.02599 112472 0 0.00223335
144.566 262088 260640 0.221096 9.58751 9.02684 9.58751 9.02684 112653 0 0.00275567
144.782 263536 259192 0.218716 9.58692 9.02768 9.58692 9.02768 112832 0 0.00333374
144.998 264984 260640 0.218628 9.69404 9.02867 9.69404 9.02867 113013 0 0.00275635
145.215 266432 262088 0.218798 9.69404 9.02966 9.69404 9.02966 113194 0 0.00223373
145.433 264984 263536 0.221006 9.69345 9.03066 9.69345 9.03066 113377 0 0.00176657
145.652 263536 262088 0.221248 9.58751 9.03149 9.58751 9.03149 113558 0 0.00223384
145.871 262088 260640 0.22101 9.58751 9.03233 9.58751 9.03233 113739 0 0.00275548
146.087 263536 259192 0.218794 9.58692 9.03315 9.58692 9.03315 113918 0 0.00333355
146.303 264984 260640 0.218664 9.69404 9.03413 9.69404 9.03413 114099 0 0.00275625
146.52 266432 262088 0.218727 9.69404 9.0351 9.69404 9.0351 114280 0 0.0022339
146.738 264984 263536 0.221087 9.69345 9.03608 9.69345 9.03608 114463 0 0.00176673
146.957 263536 262088 0.221127 9.58751 9.0369 9.58751 9.0369 114644 0 0.00223355
147.176 262088 260640 0.221148 9.58751 9.03772 9.58751 9.03772 114825 0 0.00275578
147.392 263536 259192 0.218575 9.58692 9.03853 9.58692 9.03853 115004 0 0.00333413
147.608 264984 260640 0.218764 9.69404 9.03949 9.69404 9.03949 115185 0 0.00275599
147.825 266432 262088 0.218666 9.69404 9.04044 9.69404 9.04044 115366 0 0.00223406
148.043 264984 263536 0.221149 9.69345 9.04141 9.69345 9.04141 115549 0 0.00176687
148.262 263536 262088 0.221026 9.58751 9.04221 9.58751 9.04221 115730 0 0.00223334
148.481 262088 260640 0.221111 9.58751 9.04302 9.58751 9.04302 115911 0 0.0027557
148.697 263536 259192 0.218616 9.58692 9.04381 9.58692 9.04381 116090 0 0.00333401
148.913 264984 260640 0.218605 9.69404 9.04475 9.69404 9.04475 116271 0 0.00275641
149.129 266432 262088 0.218846 9.69404 9.0457 9.69404 9.0457 116452 0 0.00223362
149.348 264984 263536 0.221005 9.69345 9.04664 9.69345 9.04664 116635 0 0.00176656
149.567 263536 262088 0.22119 9.58751 9.04743 9.58751 9.04743 116816 0 0.0022337
149.786 262088 260640 0.221008 9.58751 9.04822 9.58751 9.04822 116997 0 0.00275548
150.002 263536 259192 0.21873 9.58692 9.049 9.58692 9.049 117176 0 0.00333371
150.218 264984 260640 0.218619 9.69404 9.04993 9.69404 9.04993 117357 0 0.00275637
150.434 266432 262088 0.218791 9.69404 9.05085 9.69404 9.05085 117538 0 0.00223375
150.653 264984 263536 0.221066 9.69345 9.05179 9.69345 9.05179 117721 0 0.00176669
150.872 263536 262088 0.221097 9.58751 9.05256 9.58751 9.05256 117902 0 0.00223349
151.091 262088 260640 0.221113 9.58751 9.05334 9.58751 9.05334 118083 0 0.0027557
151.307 263536 259192 0.218549 9.58692 9.0541 9.58692 9.0541 118262 0 0.0033342
151.523 264984 260640 0.218823 9.69404 9.05501 9.69404 9.05501 118443 0 0.00275585
151.739 266432 262088 0.21863 9.69404 9.05593 9.69404 9.05593 118624 0 0.00223416
151.958 264984 263536 0.221239 9.69345 9.05684 9.69345 9.05684 118807 0 0.00176709
152.177 263536 262088 0.22102 9.58751 9.05761 9.58751 9.05761 118988 0 0.00223332
152.395 262088 260640 0.221195 9.58751 9.05837 9.58751 9.05837 119169 0 0.00275589
152.612 263536 259192 0.218581 9.58692 9.05911 9.58692 9.05911 119348 0 0.00333411
152.828 264984 260640 0.218761 9.69404 9.06001 9.69404 9.06001 119529 0 0.002756
153.044 266432 262088 0.218701 9.69404 9.06091 9.69404 9.06091 119710 0 0.00223397
153.263 264984 263536 0.221127 9.69345 9.06181 9.69345 9.06181 119893 0 0.00176682
153.482 263536 262088 0.221145 9.58751 9.06256 9.58751 9.06256 120074 0 0.00223359
153.7 262088 260640 0.221006 9.58751 9.06331 9.58751 9.06331 120255 0 0.00275548
153.917 263536 259192 0.218793 9.58692 9.06404 9.58692 9.06404 120434 0 0.00333355
154.133 264984 260640 0.218583 9.69404 9.06493 9.69404 9.06493 120615 0 0.00275647
154.349 266432 262088 0.218753 9.69404 9.06581 9.69404 9.06581 120796 0 0.00223384
154.568 264984 263536 0.221026 9.69345 9.0667 9.69345 9.0667 120979 0 0.00176661
154.787 263536 262088 0.221111 9.58751 9.06743 9.58751 9.06743 121160 0 0.00223352
155.005 262088 260640 0.221044 9.58751 9.06817 9.58751 9.06817 121341 0 0.00275555
155.222 263536 259192 0.218655 9.58692 9.06889 9.58692 9.06889 121520 0 0.0033339
155.438 264984 260640 0.21874 9.69404 9.06976 9.69404 9.06976 121701 0 0.00275605
155.654 266432 262088 0.218608 9.69404 9.07063 9.69404 9.07063 121882 0 0.00223422
155.873 264984 263536 0.22119 9.69345 9.0715 9.69345 9.0715 122065 0 0.00176697
156.092 263536 262088 0.221008 9.58751 9.07222 9.58751 9.07222 122246 0 0.0022333
156.31 262088 260640 0.22116 9.58751 9.07294 9.58751 9.07294 122427 0 0.00275581
156.527 263536 259192 0.218666 9.58692 9.07366 9.58692 9.07366 122606 0 0.00333387
156.743 264984 260640 0.218692 9.69404 9.07451 9.69404 9.07451 122787 0 0.00275617
156.959 266432 262088 0.218661 9.69404 9.07536 9.69404 9.07536 122968 0 0.00223408
157.178 264984 263536 0.221097 9.69345 9.07622 9.69345 9.07622 123151 0 0.00176676
157.397 263536 262088 0.221113 9.58751 9.07694 9.58751 9.07694 123332 0 0.00223352
157.615 262088 260640 0.221002 9.58751 9.07764 9.58751 9.07764 123513 0 0.00275547
157.831 263536 259192 0.218846 9.58692 9.07834 9.58692 9.07834 123692 0 0.00333343
158.048 264984 260640 0.218551 9.69404 9.07918 9.69404 9.07918 123873 0 0.00275656
158.264 266432 262088 0.218811 9.69404 9.08002 9.69404 9.08002 124054 0 0.0022337
158.483 264984 263536 0.22102 9.69345 9.08087 9.69345 9.08087 124237 0 0.00176659
158.701 263536 262088 0.221195 9.58751 9.08157 9.58751 9.08157 124418 0 0.00223371
158.92 262088 260640 0.221034 9.58751 9.08227 9.58751 9.08227 124599 0 0.00275553
159.136 263536 259192 0.218791 9.58692 9.08295 9.58692 9.08295 124778 0 0.00333355
159.353 264984 260640 0.218613 9.69404 9.08378 9.69404 9.08378 124959 0 0.00275639
159.569 266432 262088 0.218573 9.69404 9.08461 9.69404 9.08461 125140 0 0.00223432
159.788 264984 263536 0.221145 9.69345 9.08544 9.69345 9.08544 125323 0 0.00176687
160.006 263536 262088 0.221006 9.58751 9.08613 9.58751 9.08613 125504 0 0.0022333
160.225 262088 260640 0.221248 9.58751 9.08681 9.58751 9.08681 125685 0 0.00275602
160.441 263536 259192 0.218635 9.58692 9.08749 9.58692 9.08749 125864 0 0.00333396
160.658 264984 260640 0.218783 9.69404 9.0883 9.69404 9.0883 126045 0 0.00275594
160.874 266432 262088 0.218594 9.69404 9.08912 9.69404 9.08912 126226 0 0.00223426
161.093 264984 263536 0.221074 9.69345 9.08994 9.69345 9.08994 126409 0 0.00176671
161.311 263536 262088 0.221087 9.58751 9.09061 9.58751 9.09061 126590 0 0.00223346
161.53 262088 260640 0.221127 9.58751 9.09128 9.58751 9.09128 126771 0 0.00275573
161.746 263536 259192 0.218772 9.58692 9.09195 9.58692 9.09195 126950 0 0.0033336
161.963 264984 260640 0.218657 9.69404 9.09275 9.69404 9.09275 127131 0 0.00275627
162.179 266432 262088 0.218736 9.69404 9.09355 9.69404 9.09355 127312 0 0.00223388
162.398 264984 263536 0.221008 9.69345 9.09436 9.69345 9.09436 127495 0 0.00176657
162.616 263536 262088 0.221149 9.58751 9.09502 9.58751 9.09502 127676 0 0.0022336
162.835 262088 260640 0.221026 9.58751 9.09569 9.58751 9.09569 127857 0 0.00275552
163.051 263536 259192 0.218731 9.58692 9.09634 9.58692 9.09634 128036 0 0.0033337
163.268 264984 260640 0.218704 9.69404 9.09713 9.69404 9.09713 128217 0 0.00275614
163.484 266432 262088 0.218644 9.69404 9.09792 9.69404 9.09792 128398 0 0.00223412
163.703 264984 263536 0.221113 9.69345 9.09871 9.69345 9.09871 128581 0 0.00176679
163.921 263536 262088 0.221002 9.58751 9.09937 9.58751 9.09937 128762 0 0.00223329
164.14 262088 260640 0.22119 9.58751 9.10002 9.58751 9.10002 128943 0 0.00275588
164.356 263536 259192 0.218611 9.58692 9.10066 9.58692 9.10066 129122 0 0.00333402
164.572 264984 260640 0.218834 9.69404 9.10144 9.69404 9.10144 129303 0 0.00275582
164.789 266432 262088 0.218564 9.69404 9.10222 9.69404 9.10222 129484 0 0.00223434
165.007 264984 263536 0.221195 9.69345 9.103 9.69345 9.103 129667 0 0.00176698
165.226 263536 262088 0.221034 9.58751 9.10364 9.58751 9.10364 129848 0 0.00223335
165.445 262088 260640 0.221096 9.58751 9.10428 9.58751 9.10428 130029 0 0.00275567
165.661 263536 259192 0.218716 9.58692 9.10491 9.58692 9.10491 130208 0 0.00333374
165.877 264984 260640 0.218628 9.69404 9.10568 9.69404 9.10568 130389 0 0.00275635
166.094 266432 262088 0.218798 9.69404 9.10644 9.69404 9.10644 130570 0 0.00223373
166.312 264984 263536 0.221006 9.69345 9.10722 9.69345 9.10722 130753 0 0.00176657
166.531 263536 262088 0.221248 9.58751 9.10785 9.58751 9.10785 130934 0 0.00223384
166.75 262088 260640 0.22101 9.58751 9.10848 9.58751 9.10848 131115 0 0.00275548
166.966 263536 259192 0.218794 9.58692 9.1091 9.58692 9.1091 131294 0 0.00333355
167.182 264984 260640 0.218664 9.69404 9.10985 9.69404 9.10985 131475 0 0.00275625
167.399 266432 262088 0.218727 9.69404 9.11061 9.69404 9.11061 131656 0 0.0022339
167.617 264984 263536 0.221087 9.69345 9.11137 9.69345 9.11137 131839 0 0.00176673
167.836 263536 262088 0.221127 9.58751 9.11199 9.58751 9.11199 132020 0 0.00223355
168.055 262088 260640 0.221148 9.58751 9.11261 9.58751 9.11261 132201 0 0.00275578
168.271 263536 259192 0.218575 9.58692 9.11322 9.58692 9.11322 132380 0 0.00333413
168.487 264984 260640 0.218764 9.69404 9.11396 9.69404 9.11396 132561 0 0.00275599
168.704 266432 262088 0.218666 9.69404 9.11471 9.69404 9.11471 132742 0 0.00223406
168.922 264984 263536 0.221149 9.69345 9.11546 9.69345 9.11546 132925 0 0.00176687
169.141 263536 262088 0.221026 9.58751 9.11607 9.58751 9.11607 133106 0 0.00223334
169.36 262088 260640 0.221111 9.58751 9.11667 9.58751 9.11667 133287 0 0.0027557
169.576 263536 259192 0.218616 9.58692 9.11727 9.58692 9.11727 133466 0 0.00333401
169.792 264984 260640 0.218688 9.69404 9.11801 9.69404 9.11801 133647 0 0.00275618
170.008 266432 262088 0.21875 9.69404 9.11874 9.69404 9.11874 133828 0 0.00223385
170.227 264984 263536 0.221005 9.69345 9.11948 9.69345 9.11948 134011 0 0.00176656
170.446 263536 262088 0.22119 9.58751 9.12008 9.58751 9.12008 134192 0 0.0022337
170.665 262088 260640 0.221008 9.58751 9.12068 9.58751 9.12068 134373 0 0.00275548
170.881 263536 259192 0.21873 9.58692 9.12127 9.58692 9.12127 134552 0 0.00333371
171.097 264984 260640 0.218619 9.69404 9.12199 9.69404 9.12199 134733 0 0.00275637
171.313 266432 262088 0.21882 9.69404 9.12272 9.69404 9.12272 134914 0 0.00223368
171.532 264984 263536 0.221033 9.69345 9.12344 9.69345 9.12344 135097 0 0.00176662
171.751 263536 262088 0.221097 9.58751 9.12403 9.58751 9.12403 135278 0 0.00223349
171.97 262088 260640 0.221113 9.58751 9.12462 9.58751 9.12462 135459 0 0.0027557
172.186 263536 259192 0.218549 9.58692 9.1252 9.58692 9.1252 135638 0 0.0033342
172.402 264984 260640 0.218823 9.69404 9.12592 9.69404 9.12592 135819 0 0.00275585
172.618 266432 262088 0.21863 9.69404 9.12663 9.69404 9.12663 136000 0 0.00223416
172.837 264984 263536 0.221248 9.69345 9.12735 9.69345 9.12735 136183 0 0.00176711
173.056 263536 262088 0.22101 9.58751 9.12793 9.58751 9.12793 136364 0 0.0022333
173.274 262088 260640 0.221195 9.58751 9.12851 9.58751 9.12851 136545 0 0.00275589
173.491 263536 259192 0.218581 9.58692 9.12908 9.58692 9.12908 136724 0 0.00333411
173.707 264984 260640 0.218761 9.69404 9.12978 9.69404 9.12978 136905 0 0.002756
173.923 266432 262088 0.218701 9.69404 9.13049 9.69404 9.13049 137086 0 0.00223397
174.142 264984 263536 0.221127 9.69345 9.13119 9.69345 9.13119 137269 0 0.00176682
174.361 263536 262088 0.221148 9.58751 9.13176 9.58751 9.13176 137450 0 0.0022336
174.579 262088 260640 0.221003 9.58751 9.13234 9.58751 9.13234 137631 0 0.00275547
174.796 263536 259192 0.218793 9.58692 9.1329 9.58692 9.1329 137810 0 0.00333355
175.012 264984 260640 0.218583 9.69404 9.13359 9.69404 9.13359 137991 0 0.00275647
175.228 266432 262088 0.218753 9.69404 9.13428 9.69404 9.13428 138172 0 0.00223384
175.447 264984 263536 0.221026 9.69345 9.13498 9.69345 9.13498 138355 0 0.00176661
175.666 263536 262088 0.221111 9.58751 9.13554 9.58751 9.13554 138536 0 0.00223352
175.884 262088 260640 0.221044 9.58751 9.13611 9.58751 9.13611 138717 0 0.00275555
176.101 263536 259192 0.218654 9.58692 9.13666 9.58692 9.13666 138896 0 0.00333391
176.317 264984 260640 0.21874 9.69404 9.13734 9.69404 9.13734 139077 0 0.00275605
176.533 266432 262088 0.218608 9.69404 9.13803 9.69404 9.13803 139258 0 0.00223422
176.752 264984 263536 0.22119 9.69345 9.13871 9.69345 9.13871 139441 0 0.00176697
176.971 263536 262088 0.221008 9.58751 9.13927 9.58751 9.13927 139622 0 0.0022333
177.189 262088 260640 0.22116 9.58751 9.13982 9.58751 9.13982 139803 0 0.00275581
177.406 263536 259192 0.218666 9.58692 9.14037 9.58692 9.14037 139982 0 0.00333387
177.622 264984 260640 0.218692 9.69404 9.14104 9.69404 9.14104 140163 0 0.00275617
177.838 266432 262088 0.218661 9.69404 9.14171 9.69404 9.14171 140344 0 0.00223408
178.057 264984 263536 0.221097 9.69345 9.14239 9.69345 9.14239 140527 0 0.00176676
178.276 263536 262088 0.221113 9.58751 9.14294 9.58751 9.14294 140708 0 0.00223352
178.494 262088 260640 0.221002 9.58751 9.14348 9.58751 9.14348 140889 0 0.00275547
178.71 263536 259192 0.218846 9.58692 9.14402 9.58692 9.14402 141068 0 0.00333343
178.927 264984 260640 0.218551 9.69404 9.14468 9.69404 9.14468 141249 0 0.00275656
179.143 266432 262088 0.21881 9.69404 9.14535 9.69404 9.14535 141430 0 0.0022337
179.362 264984 263536 0.22102 9.69345 9.14601 9.69345 9.14601 141613 0 0.00176659
179.58 263536 262088 0.221195 9.58751 9.14655 9.58751 9.14655 141794 0 0.00223371
179.799 262088 260640 0.221034 9.58751 9.14709 9.58751 9.14709 141975 0 0.00275553
180.015 263536 259192 0.218791 9.58692 9.14762 9.58692 9.14762 142154 0 0.00333355
180.232 264984 260640 0.218613 9.69404 9.14827 9.69404 9.14827 142335 0 0.00275639
180.448 266432 262088 0.218573 9.69404 9.14893 9.69404 9.14893 142516 0 0.00223432
180.667 264984 263536 0.221145 9.69345 9.14958 9.69345 9.14958 142699 0 0.00176686
180.885 263536 262088 0.221006 9.58751 9.15011 9.58751 9.15011 142880 0 0.0022333
181.104 262088 260640 0.221248 9.58751 9.15064 9.58751 9.15064 143061 0 0.00275602
181.32 263536 259192 0.218635 9.58692 9.15116 9.58692 9.15116 143240 0 0.00333396
181.537 264984 260640 0.218783 9.69404 9.15181 9.69404 9.15181 143421 0 0.00275594
181.753 266432 262088 0.218594 9.69404 9.15245 9.69404 9.15245 143602 0 0.00223426
181.972 264984 263536 0.221074 9.69345 9.15311 9.69345 9.15311 143785 0 0.00176671
182.19 263536 262088 0.221087 9.58751 9.15363 9.58751 9.15363 143966 0 0.00223346
182.409 262088 260640 0.221127 9.58751 9.15415 9.58751 9.15415 144147 0 0.00275573
182.625 263536 259192 0.218772 9.58692 9.15466 9.58692 9.15466 144326 0 0.0033336
182.842 264984 260640 0.218657 9.69404 9.1553 9.69404 9.1553 144507 0 0.00275627
183.058 266432 262088 0.218736 9.69404 9.15593 9.69404 9.15593 144688 0 0.00223388
183.277 264984 263536 0.221008 9.69345 9.15658 9.69345 9.15658 144871 0 0.00176657
183.495 263536 262088 0.221149 9.58751 9.15709 9.58751 9.15709 145052 0 0.0022336
183.714 262088 260640 0.221026 9.58751 9.1576 9.58751 9.1576 145233 0 0.00275552
183.93 263536 259192 0.218731 9.58692 9.15811 9.58692 9.15811 145412 0 0.0033337
184.147 264984 260640 0.218704 9.69404 9.15874 9.69404 9.15874 145593 0 0.00275614
184.363 266432 262088 0.218644 9.69404 9.15936 9.69404 9.15936 145774 0 0.00223412
184.582 264984 263536 0.221113 9.69345 9.16 9.69345 9.16 145957 0 0.00176679
184.8 263536 262088 0.221002 9.58751 9.1605 9.58751 9.1605 146138 0 0.00223329
185.019 262088 260640 0.22119 9.58751 9.16101 9.58751 9.16101 146319 0 0.00275588
185.235 263536 259192 0.218611 9.58692 9.1615 9.58692 9.1615 146498 0 0.00333402
185.451 264984 260640 0.218834 9.69404 9.16213 9.69404 9.16213 146679 0 0.00275582
185.668 266432 262088 0.218564 9.69404 9.16274 9.69404 9.16274 146860 0 0.00223434
185.886 264984 263536 0.221195 9.69345 9.16337 9.69345 9.16337 147043 0 0.00176698
186.105 263536 262088 0.221034 9.58751 9.16387 9.58751 9.16387 147224 0 0.00223335
186.324 262088 260640 0.221145 9.58751 9.16436 9.58751 9.16436 147405 0 0.00275578
186.54 263536 259192 0.21866 9.58692 9.16485 9.58692 9.16485 147584 0 0.00333389
186.756 264984 260640 0.218628 9.69404 9.16547 9.69404 9.16547 147765 0 0.00275635
186.973 266432 262088 0.218798 9.69404 9.16608 9.69404 9.16608 147946 0 0.00223373
187.191 264984 263536 0.221006 9.69345 9.1667 9.69345 9.1667 148129 0 0.00176657
187.41 263536 262088 0.221248 9.58751 9.16719 9.58751 9.16719 148310 0 0.00223384
187.629 262088 260640 0.22101 9.58751 9.16768 9.58751 9.16768 148491 0 0.00275548
187.845 263536 259192 0.218811 9.58692 9.16816 9.58692 9.16816 148670 0 0.00333351
188.061 264984 260640 0.218644 9.69404 9.16876 9.69404 9.16876 148851 0 0.0027563
188.278 266432 262088 0.218727 9.69404 9.16937 9.69404 9.16937 149032 0 0.0022339
188.496 264984 263536 0.221087 9.69345 9.16998 9.69345 9.16998 149215 0 0.00176673
188.715 263536 262088 0.221127 9.58751 9.17046 9.58751 9.17046 149396 0 0.00223355
188.934 262088 260640 0.221148 9.58751 9.17094 9.58751 9.17094 149577 0 0.00275578
189.15 263536 259192 0.218575 9.58692 9.17142 9.58692 9.17142 149756 0 0.00333413
189.366 264984 260640 0.218769 9.69404 9.17201 9.69404 9.17201 149937 0 0.00275598
189.583 266432 262088 0.21866 9.69404 9.17261 9.69404 9.17261 150118 0 0.00223408
189.801 264984 263536 0.221149 9.69345 9.17321 9.69345 9.17321 150301 0 0.00176687
190.02 263536 262088 0.221026 9.58751 9.17369 9.58751 9.17369 150482 0 0.00223334
190.239 262088 260640 0.221111 9.58751 9.17416 9.58751 9.17416 150663 0 0.0027557
190.455 263536 259192 0.218616 9.58692 9.17463 9.58692 9.17463 150842 0 0.00333401
190.671 264984 260640 0.218688 9.69404 9.17522 9.69404 9.17522 151023 0 0.00275618
190.887 266432 262088 0.218752 9.69404 9.17581 9.69404 9.17581 151204 0 0.00223384
191.106 264984 263536 0.221002 9.69345 9.1764 9.69345 9.1764 151387 0 0.00176656
191.325 263536 262088 0.22119 9.58751 9.17687 9.58751 9.17687 151568 0 0.0022337
191.544 262088 260640 0.221008 9.58751 9.17734 9.58751 9.17734 151749 0 0.00275548
191.76 263536 259192 0.21873 9.58692 9.1778 9.58692 9.1778 151928 0 0.00333371
191.976 264984 260640 0.218619 9.69404 9.17838 9.69404 9.17838 152109 0 0.00275637
192.192 266432 262088 0.21882 9.69404 9.17896 9.69404 9.17896 152290 0 0.00223368
192.411 264984 263536 0.221034 9.69345 9.17955 9.69345 9.17955 152473 0 0.00176662
192.63 263536 262088 0.221096 9.58751 9.18001 9.58751 9.18001 152654 0 0.00223349
192.849 262088 260640 0.221113 9.58751 9.18047 9.58751 9.18047 152835 0 0.0027557
193.065 263536 259192 0.218549 9.58692 9.18093 9.58692 9.18093 153014 0 0.0033342
193.281 264984 260640 0.218823 9.69404 9.1815 9.69404 9.1815 153195 0 0.00275585
193.497 266432 262088 0.21863 9.69404 9.18208 9.69404 9.18208 153376 0 0.00223416
193.716 264984 263536 0.221248 9.69345 9.18265 9.69345 9.18265 153559 0 0.00176711
193.935 263536 262088 0.22101 9.58751 9.18311 9.58751 9.18311 153740 0 0.0022333
194.153 262088 260640 0.221194 9.58751 9.18357 9.58751 9.18357 153921 0 0.00275589
194.37 263536 259192 0.218581 9.58692 9.18401 9.58692 9.18401 154100 0 0.00333411
194.586 264984 260640 0.218761 9.69404 9.18458 9.69404 9.18458 154281 0 0.002756
194.802 266432 262088 0.218701 9.69404 9.18515 9.69404 9.18515 154462 0 0.00223397
195.021 264984 263536 0.221127 9.69345 9.18572 9.69345 9.18572 154645 0 0.00176682
195.24 263536 262088 0.221148 9.58751 9.18617 9.58751 9.18617 154826 0 0.0022336
195.458 262088 260640 0.221003 9.58751 9.18662 9.58751 9.18662 155007 0 0.00275547
195.675 263536 259192 0.218793 9.58692 9.18706 9.58692 9.18706 155186 0 0.00333355
195.891 264984 260640 0.218583 9.69404 9.18762 9.69404 9.18762 155367 0 0.00275647
196.107 266432 262088 0.218753 9.69404 9.18818 9.69404 9.18818 155548 0 0.00223384
196.326 264984 263536 0.221026 9.69345 9.18874 9.69345 9.18874 155731 0 0.00176661
196.545 263536 262088 0.221111 9.58751 9.18918 9.58751 9.18918 155912 0 0.00223352
196.763 262088 260640 0.221044 9.58751 9.18963 9.58751 9.18963 156093 0 0.00275555
196.98 263536 259192 0.218654 9.58692 9.19006 9.58692 9.19006 156272 0 0.00333391
197.196 264984 260640 0.21874 9.69404 9.19061 9.69404 9.19061 156453 0 0.00275605
197.412 266432 262088 0.218608 9.69404 9.19117 9.69404 9.19117 156634 0 0.00223422
197.631 264984 263536 0.22119 9.69345 9.19172 9.69345 9.19172 156817 0 0.00176697
197.85 263536 262088 0.221008 9.58751 9.19216 9.58751 9.19216 156998 0 0.0022333
198.068 262088 260640 0.22116 9.58751 9.1926 9.58751 9.1926 157179 0 0.00275581
198.285 263536 259192 0.218666 9.58692 9.19303 9.58692 9.19303 157358 0 0.00333387
198.501 264984 260640 0.218692 9.69404 9.19357 9.69404 9.19357 157539 0 0.00275617
198.717 266432 262088 0.218661 9.69404 9.19412 9.69404 9.19412 157720 0 0.00223408
198.936 264984 263536 0.221097 9.69345 9.19467 9.69345 9.19467 157903 0 0.00176676
199.155 263536 262088 0.221113 9.58751 9.1951 9.58751 9.1951 158084 0 0.00223352
199.373 262088 260640 0.221002 9.58751 9.19553 9.58751 9.19553 158265 0 0.00275547
199.589 263536 259192 0.218846 9.58692 9.19595 9.58692 9.19595 158444 0 0.00333343
199.806 264984 260640 0.218551 9.69404 9.19649 9.69404 9.19649 158625 0 0.00275656
