0.340049 14480 0 0 0 0 0 0 0 0 0.0439727
0.385431 18824 13032 0.040625 2.55258 0.300547 2.55258 0.300547 10 0 0.0390309
0.385671 20272 15928 0.0411719 192.81 0.420503 192.81 0.420503 14 0 0.0386773
0.385912 21720 17376 0.0416504 144.607 0.510293 144.607 0.510293 17 0 0.0385085
0.386152 23168 18824 0.0421941 144.607 0.599971 144.607 0.599971 20 0 0.0383381
0.386392 24616 20272 0.0426698 144.607 0.689538 144.607 0.689538 23 0 0.0381709
0.43821 26064 21720 0.0495861 0.670653 0.687305 0.670653 0.687305 26 0 0.0378289
0.438451 27512 23168 0.0500128 144.607 0.766189 144.607 0.766189 29 0 0.0376704
0.438691 28960 24616 0.0503862 144.607 0.844986 144.607 0.844986 32 0 0.0375135
0.438931 30408 26064 0.050713 144.607 0.923698 144.607 0.923698 35 0 0.0373581
0.439172 31856 27512 0.0511238 144.607 1.00232 144.607 1.00232 38 0 0.0372017
0.439412 33304 28960 0.0514834 144.607 1.08086 144.607 1.08086 41 0 0.0370468
0.439652 34752 30408 0.0516729 144.607 1.15932 144.607 1.15932 44 0 0.0368953
0.439893 36200 31856 0.0518388 144.607 1.23768 144.607 1.23768 47 0 0.0367445
0.513555 33304 33304 0.0703624 3.61692 1.57895 3.61692 1.57895 70 0 0.0366487
0.605362 27512 30408 0.0894587 2.77592 1.76048 2.77592 1.76048 92 0 0.0377497
0.745949 21720 24616 0.0919968 1.48315 1.70821 1.48315 1.70821 110 0 0.0385008
0.800261 18824 18824 0.0791157 2.98599 1.79493 2.98599 1.79493 124 0 0.0383976
0.855175 17376 15928 0.0706128 2.53142 1.84223 2.53142 1.84223 136 0 0.0384354
0.915855 15928 14480 0.069382 2.09991 1.8593 2.09991 1.8593 147 0 0.0385621
0.917057 17376 13032 0.0651898 86.7643 1.97055 86.7643 1.97055 156 0 0.0386527
0.982664 18824 14480 0.0655007 1.94222 1.96866 1.94222 1.96866 167 0 0.0385044
1.05164 17376 15928 0.0670078 1.84748 1.96071 1.84748 1.96071 178 0 0.0383719
1.12421 15928 14480 0.0754194 1.75572 1.94747 1.75572 1.94747 189 0 0.0387119
1.20328 14480 13032 0.076372 1.31861 1.90615 1.31861 1.90615 198 0 0.0388938
1.29244 13032 11584 0.0885271 1.16933 1.85532 1.16933 1.85532 207 0 0.0395914
1.38196 11584 10136 0.0888322 0.905817 1.79382 0.905817 1.79382 214 0 0.0397612
1.46114 13032 8688 0.0965967 1.02403 1.7521 1.02403 1.7521 221 0 0.0404217
1.53336 11584 10136 0.0900384 1.12285 1.72246 1.12285 1.72246 228 0 0.0398322
1.60353 13032 8688 0.0914332 1.15554 1.69765 1.15554 1.69765 235 0 0.0400704
1.60425 11584 10136 0.0844679 112.472 1.74744 112.472 1.74744 242 0 0.0395285
1.67851 10136 8688 0.0803412 1.09196 1.71844 1.09196 1.71844 249 0 0.0394961
1.75794 11584 7240 0.0799942 0.729234 1.67374 0.729234 1.67374 254 0 0.039635
1.84109 13032 8688 0.0886719 0.975193 1.64219 0.975193 1.64219 261 0 0.0399045
1.92508 11584 10136 0.0872548 0.965427 1.61267 0.965427 1.61267 268 0 0.0396727
2.00727 13032 8688 0.0947517 0.986599 1.58703 0.986599 1.58703 275 0 0.0402901
2.0873 11584 10136 0.0902926 1.01326 1.56503 1.01326 1.56503 282 0 0.0398475
2.16672 13032 8688 0.0960177 1.02093 1.54509 1.02093 1.54509 289 0 0.0403797
2.16744 11584 10136 0.0905099 112.472 1.58199 112.472 1.58199 296 0 0.0398607
2.24747 13032 8688 0.0862701 1.01326 1.56174 1.01326 1.56174 303 0 0.0397725
2.32822 11584 10136 0.0845305 1.00422 1.5424 1.00422 1.5424 310 0 0.0395316
2.41004 13032 8688 0.0911809 0.990945 1.52368 0.990945 1.52368 317 0 0.0400546
2.49235 11584 10136 0.0883848 0.985158 1.50589 0.985158 1.50589 324 0 0.0397356
2.57442 13032 8688 0.0947114 0.988043 1.48938 0.988043 1.48938 331 0 0.0402873
2.65613 11584 10136 0.0905157 0.992402 1.4741 0.992402 1.4741 338 0 0.0398611
2.73772 13032 8688 0.0971167 0.993864 1.45978 0.993864 1.45978 345 0 0.04046
2.73844 11584 10136 0.0920313 112.472 1.48901 112.472 1.48901 352 0 0.0399559
2.82063 13032 8688 0.0880853 0.986599 1.47437 0.986599 1.47437 359 0 0.0398712
2.9021 11584 10136 0.0859673 0.99533 1.46092 0.99533 1.46092 366 0 0.0396042
2.98429 13032 8688 0.0923119 0.986599 1.44786 0.986599 1.44786 373 0 0.0401264
3.06648 11584 10136 0.0890175 0.986599 1.4355 0.986599 1.4355 380 0 0.0397719
3.14843 13032 8688 0.0950823 0.989492 1.42389 0.989492 1.42389 387 0 0.0403131
3.23026 11584 10136 0.0907641 0.990945 1.41292 0.990945 1.41292 394 0 0.0398763
3.31185 13032 8688 0.0972624 0.993864 1.4026 0.993864 1.4026 401 0 0.0404709
3.31257 11584 10136 0.0922246 112.472 1.42677 112.472 1.42677 408 0 0.0399683
3.39476 13032 8688 0.0881729 0.986599 1.41611 0.986599 1.41611 415 0 0.0398761
3.47622 11584 10136 0.0859303 0.99533 1.40625 0.99533 1.40625 422 0 0.0396022
3.55841 13032 8688 0.0922902 0.986599 1.39656 0.986599 1.39656 429 0 0.040125
3.6406 11584 10136 0.089003 0.986599 1.3873 0.986599 1.3873 436 0 0.039771
3.72255 13032 8688 0.0951695 0.989492 1.37855 0.989492 1.37855 443 0 0.0403193
3.8045 11584 10136 0.0908225 0.989492 1.37017 0.989492 1.37017 450 0 0.0398799
3.88609 13032 8688 0.097406 0.993864 1.36227 0.993864 1.36227 457 0 0.0404816
3.88681 11584 10136 0.0921958 112.472 1.38288 112.472 1.38288 464 0 0.0399664
3.969 13032 8688 0.0881016 0.986599 1.37467 0.986599 1.37467 471 0 0.0398721
4.05023 11584 10136 0.0858825 0.998274 1.36712 0.998274 1.36712 478 0 0.0395998
4.13218 13032 8688 0.0919734 0.989492 1.35963 0.989492 1.35963 485 0 0.0401047
4.21389 11584 10136 0.0886814 0.992402 1.35251 0.992402 1.35251 492 0 0.0397525
4.29584 13032 8688 0.0947759 0.989492 1.34559 0.989492 1.34559 499 0 0.0402917
4.37779 11584 10136 0.0905588 0.989492 1.33892 0.989492 1.33892 506 0 0.0398637
4.45961 13032 8688 0.0973215 0.990945 1.33254 0.990945 1.33254 513 0 0.0404753
4.46034 11584 10136 0.0921685 112.472 1.3505 112.472 1.3505 520 0 0.0399647
4.54252 13032 8688 0.0881657 0.986599 1.34392 0.986599 1.34392 527 0 0.0398757
4.62399 11584 10136 0.0858961 0.99533 1.33777 0.99533 1.33777 534 0 0.0396005
4.70618 13032 8688 0.0921608 0.986599 1.33164 0.986599 1.33164 541 0 0.0401167
4.78837 11584 10136 0.0890413 0.986599 1.32572 0.986599 1.32572 548 0 0.0397733
4.87032 13032 8688 0.0950962 0.989492 1.32006 0.989492 1.32006 555 0 0.0403141
4.95215 11584 10136 0.0907735 0.990945 1.31462 0.990945 1.31462 562 0 0.0398769
5.03374 13032 8688 0.0972678 0.993864 1.30942 0.993864 1.30942 569 0 0.0404713
5.03446 11584 10136 0.0921326 112.472 1.32534 112.472 1.32534 576 0 0.0399624
5.11665 13032 8688 0.0881446 0.986599 1.3199 0.986599 1.3199 583 0 0.0398745
5.19812 11584 10136 0.086007 0.99533 1.31481 0.99533 1.31481 590 0 0.0396062
5.28031 13032 8688 0.0923352 0.986599 1.30971 0.986599 1.30971 597 0 0.0401279
5.3625 11584 10136 0.0890331 0.986599 1.30475 0.986599 1.30475 604 0 0.0397728
5.44445 13032 8688 0.0950914 0.989492 1.30001 0.989492 1.30001 611 0 0.0403138
5.52639 11584 10136 0.0907702 0.989492 1.2954 0.989492 1.2954 618 0 0.0398767
5.60798 13032 8688 0.0973753 0.993864 1.29102 0.993864 1.29102 625 0 0.0404793
5.6087 11584 10136 0.0921753 112.472 1.30531 112.472 1.30531 632 0 0.0399651
5.69089 13032 8688 0.088144 0.986599 1.30071 0.986599 1.30071 639 0 0.0398745
5.77212 11584 10136 0.0859109 0.998274 1.29645 0.998274 1.29645 646 0 0.0396012
5.85431 13032 8688 0.0922788 0.986599 1.2921 0.986599 1.2921 653 0 0.0401243
5.93638 11584 10136 0.0889954 0.988043 1.2879 0.988043 1.2879 660 0 0.0397706
6.01833 13032 8688 0.0950693 0.989492 1.28383 0.989492 1.28383 667 0 0.0403122
6.10016 11584 10136 0.0907554 0.990945 1.2799 0.990945 1.2799 674 0 0.0398758
6.18175 13032 8688 0.0972573 0.993864 1.27613 0.993864 1.27613 681 0 0.0404705
6.18247 11584 10136 0.0921255 112.472 1.2891 112.472 1.2891 688 0 0.0399619
6.26466 13032 8688 0.0881404 0.986599 1.28513 0.986599 1.28513 695 0 0.0398743
6.34613 11584 10136 0.0860042 0.99533 1.28141 0.99533 1.28141 702 0 0.0396061
6.42832 13032 8688 0.0923335 0.986599 1.27764 0.986599 1.27764 709 0 0.0401278
6.51026 11584 10136 0.089032 0.989492 1.27401 0.989492 1.27401 716 0 0.0397727
6.59197 13032 8688 0.0948564 0.992402 1.27052 0.992402 1.27052 723 0 0.0402973
6.67368 11584 10136 0.0906128 0.992402 1.26711 0.992402 1.26711 730 0 0.039867
6.75527 13032 8688 0.0972694 0.993864 1.26381 0.993864 1.26381 737 0 0.0404714
6.75599 11584 10136 0.0919949 112.472 1.27568 112.472 1.27568 744 0 0.0399535
6.83842 13032 8688 0.0880932 0.983722 1.27216 0.983722 1.27216 751 0 0.0398716
6.91989 11584 10136 0.085957 0.99533 1.2689 0.99533 1.2689 758 0 0.0396036
7.00208 13032 8688 0.0921965 0.986599 1.26559 0.986599 1.26559 765 0 0.040119
7.08403 11584 10136 0.0889558 0.989492 1.2624 0.989492 1.2624 772 0 0.0397683
7.16586 13032 8688 0.0949368 0.990945 1.2593 0.990945 1.2593 779 0 0.040303
7.24757 11584 10136 0.0906666 0.992402 1.25629 0.992402 1.25629 786 0 0.0398703
7.32916 13032 8688 0.0973009 0.993864 1.25337 0.993864 1.25337 793 0 0.0404737
7.32988 11584 10136 0.092016 112.472 1.26431 112.472 1.26431 800 0 0.0399549
7.41231 13032 8688 0.0881056 0.983722 1.26118 0.983722 1.26118 807 0 0.0398723
7.49377 11584 10136 0.0859653 0.99533 1.25829 0.99533 1.25829 814 0 0.0396041
7.57596 13032 8688 0.0920763 0.986599 1.25535 0.986599 1.25535 821 0 0.0401113
7.65791 11584 10136 0.0887503 0.989492 1.2525 0.989492 1.2525 828 0 0.0397564
7.73986 13032 8688 0.0949957 0.989492 1.24972 0.989492 1.24972 835 0 0.0403071
7.82157 11584 10136 0.0907061 0.992402 1.24703 0.992402 1.24703 842 0 0.0398727
7.90316 13032 8688 0.0973241 0.993864 1.24442 0.993864 1.24442 849 0 0.0404755
7.90388 11584 10136 0.0920316 112.472 1.25456 112.472 1.25456 856 0 0.0399559
7.98607 13032 8688 0.0880053 0.986599 1.2518 0.986599 1.2518 863 0 0.0398667
8.06754 11584 10136 0.0860231 0.99533 1.24921 0.99533 1.24921 870 0 0.0396071
8.14973 13032 8688 0.0920265 0.986599 1.24657 0.986599 1.24657 877 0 0.0401081
8.23192 11584 10136 0.088717 0.986599 1.24397 0.986599 1.24397 884 0 0.0397545
8.31387 13032 8688 0.0950855 0.989492 1.24146 0.989492 1.24146 891 0 0.0403134
8.3957 11584 10136 0.0907663 0.990945 1.23902 0.990945 1.23902 898 0 0.0398764
8.47728 13032 8688 0.0973593 0.993864 1.23666 0.993864 1.23666 905 0 0.0404781
8.478 11584 10136 0.0921802 112.472 1.24612 112.472 1.24612 912 0 0.0399654
8.56019 13032 8688 0.0880924 0.986599 1.24363 0.986599 1.24363 919 0 0.0398716
8.64166 11584 10136 0.0860815 0.99533 1.24129 0.99533 1.24129 926 0 0.0396101
8.72385 13032 8688 0.0920607 0.986599 1.23889 0.986599 1.23889 933 0 0.0401103
8.80604 11584 10136 0.0889606 0.986599 1.23653 0.986599 1.23653 940 0 0.0397686
8.88787 13032 8688 0.095119 0.990945 1.23427 0.990945 1.23427 947 0 0.0403157
8.96946 11584 10136 0.0907887 0.993864 1.23208 0.993864 1.23208 954 0 0.0398778
9.05081 13032 8688 0.0971518 0.9968 1.22997 0.9968 1.22997 961 0 0.0404626
9.05153 11584 10136 0.0920255 112.472 1.23883 112.472 1.23883 968 0 0.0399555
9.13372 13032 8688 0.0879725 0.986599 1.23656 0.986599 1.23656 975 0 0.0398648
9.21519 11584 10136 0.0858917 0.99533 1.23443 0.99533 1.23443 982 0 0.0396002
9.29738 13032 8688 0.0922676 0.986599 1.23224 0.986599 1.23224 989 0 0.0401236
9.37932 11584 10136 0.0889878 0.989492 1.23012 0.989492 1.23012 996 0 0.0397702
9.46127 13032 8688 0.0950649 0.989492 1.22803 0.989492 1.22803 1003 0 0.0403119
9.54298 11584 10136 0.0906275 0.992402 1.22601 0.992402 1.22601 1010 0 0.0398679
9.62457 13032 8688 0.0971823 0.993864 1.22405 0.993864 1.22405 1017 0 0.0404649
9.62529 11584 10136 0.0920752 112.472 1.23238 112.472 1.23238 1024 0 0.0399587
9.70748 13032 8688 0.088111 0.986599 1.2303 0.986599 1.2303 1031 0 0.0398726
9.78895 11584 10136 0.0858595 0.99533 1.22834 0.99533 1.22834 1038 0 0.0395986
9.87114 13032 8688 0.0921393 0.986599 1.22633 0.986599 1.22633 1045 0 0.0401153
9.95333 11584 10136 0.0890269 0.986599 1.22435 0.986599 1.22435 1052 0 0.0397724
10.0353 13032 8688 0.0950878 0.989492 1.22243 0.989492 1.22243 1059 0 0.0403135
10.1171 11584 10136 0.0907678 0.990945 1.22056 0.990945 1.22056 1066 0 0.0398765
10.1987 13032 8688 0.0972645 0.993864 1.21875 0.993864 1.21875 1073 0 0.040471
10.1994 11584 10136 0.0921303 112.472 1.22661 112.472 1.22661 1080 0 0.0399622
10.2816 13032 8688 0.0881433 0.986599 1.22469 0.986599 1.22469 1087 0 0.0398744
10.3631 11584 10136 0.0860062 0.99533 1.22289 0.99533 1.22289 1094 0 0.0396062
10.4453 13032 8688 0.0923347 0.986599 1.22103 0.986599 1.22103 1101 0 0.0401279
10.5275 11584 10136 0.0890328 0.986599 1.2192 0.986599 1.2192 1108 0 0.0397728
10.6094 13032 8688 0.0950912 0.989492 1.21743 0.989492 1.21743 1115 0 0.0403138
10.6912 11584 10136 0.0907701 0.990945 1.21569 0.990945 1.21569 1122 0 0.0398767
10.7728 13032 8688 0.0972659 0.993864 1.21401 0.993864 1.21401 1129 0 0.0404711
10.7735 11584 10136 0.0922269 112.472 1.22146 112.472 1.22146 1136 0 0.0399684
10.8557 13032 8688 0.0881743 0.986599 1.21968 0.986599 1.21968 1143 0 0.0398762
10.9372 11584 10136 0.0859312 0.99533 1.21801 0.99533 1.21801 1150 0 0.0396023
11.0194 13032 8688 0.0922907 0.986599 1.21628 0.986599 1.21628 1157 0 0.0401251
11.1016 11584 10136 0.0890034 0.986599 1.21458 0.986599 1.21458 1164 0 0.0397711
11.1835 13032 8688 0.0951697 0.989492 1.21293 0.989492 1.21293 1171 0 0.0403193
11.2652 11584 10136 0.0908227 0.992402 1.21133 0.992402 1.21133 1178 0 0.0398799
11.3466 13032 8688 0.0971717 0.9968 1.20979 0.9968 1.20979 1185 0 0.0404641
11.3473 11584 10136 0.0920681 112.472 1.21686 112.472 1.21686 1192 0 0.0399582
11.4295 13032 8688 0.0881068 0.986599 1.21521 0.986599 1.21521 1199 0 0.0398724
11.511 11584 10136 0.0858567 0.99533 1.21365 0.99533 1.21365 1206 0 0.0395984
11.5934 13032 8688 0.0922471 0.983722 1.21202 0.983722 1.21202 1213 0 0.0401222
11.6753 11584 10136 0.0889741 0.989492 1.21046 0.989492 1.21046 1220 0 0.0397694
11.7571 13032 8688 0.0949475 0.992402 1.20894 0.992402 1.20894 1227 0 0.0403037
11.8385 11584 10136 0.0906738 0.99533 1.20747 0.99533 1.20747 1234 0 0.0398707
11.9201 13032 8688 0.0971257 0.993864 1.20601 0.993864 1.20601 1241 0 0.0404607
11.9208 11584 10136 0.0918986 112.472 1.21274 112.472 1.21274 1248 0 0.0399474
12.003 13032 8688 0.0879274 0.986599 1.21119 0.986599 1.21119 1255 0 0.0398623
12.0845 11584 10136 0.0859709 0.99533 1.20973 0.99533 1.20973 1262 0 0.0396043
12.1667 13032 8688 0.0919959 0.986599 1.20823 0.986599 1.20823 1269 0 0.0401061
12.2486 11584 10136 0.0886965 0.989492 1.20676 0.989492 1.20676 1276 0 0.0397533
12.3303 13032 8688 0.0949898 0.992402 1.20534 0.992402 1.20534 1283 0 0.0403067
12.412 11584 10136 0.0905928 0.992402 1.20394 0.992402 1.20394 1290 0 0.0398658
12.4936 13032 8688 0.0971619 0.993864 1.20257 0.993864 1.20257 1297 0 0.0404634
12.4944 11584 10136 0.0920616 112.472 1.20899 112.472 1.20899 1304 0 0.0399578
12.5768 13032 8688 0.0881867 0.983722 1.20751 0.983722 1.20751 1311 0 0.0398769
12.6583 11584 10136 0.0860489 0.99533 1.20615 0.99533 1.20615 1318 0 0.0396084
12.7404 13032 8688 0.0922347 0.986599 1.20473 0.986599 1.20473 1325 0 0.0401215
12.8224 11584 10136 0.0889658 0.989492 1.20336 0.989492 1.20336 1332 0 0.0397689
12.9042 13032 8688 0.0949426 0.990945 1.20201 0.990945 1.20201 1339 0 0.0403034
12.9862 11584 10136 0.0907955 0.989492 1.20067 0.989492 1.20067 1346 0 0.0398782
13.068 13032 8688 0.0972808 0.990945 1.19935 0.990945 1.19935 1353 0 0.0404722
13.0687 11584 10136 0.0922369 112.472 1.20549 112.472 1.20549 1360 0 0.0399691
13.1511 13032 8688 0.0883051 0.983722 1.2041 0.983722 1.2041 1367 0 0.0398836
13.2326 11584 10136 0.086224 0.99533 1.20282 0.99533 1.20282 1374 0 0.0396176
13.3147 13032 8688 0.0921442 0.988043 1.20149 0.988043 1.20149 1381 0 0.0401156
13.3964 11584 10136 0.0887958 0.992402 1.20022 0.992402 1.20022 1388 0 0.0397591
13.4781 13032 8688 0.094843 0.992402 1.19896 0.992402 1.19896 1395 0 0.0402964
13.5601 11584 10136 0.0907288 0.989492 1.19769 0.989492 1.19769 1402 0 0.0398741
13.6419 13032 8688 0.0972416 0.990945 1.19645 0.990945 1.19645 1409 0 0.0404693
13.6426 11584 10136 0.0922107 112.472 1.20233 112.472 1.20233 1416 0 0.0399674
13.7249 13032 8688 0.0881648 0.985158 1.20103 0.985158 1.20103 1423 0 0.0398756
13.8064 11584 10136 0.0860342 0.99533 1.19982 0.99533 1.19982 1430 0 0.0396076
13.8886 13032 8688 0.0923218 0.986599 1.19855 0.986599 1.19855 1437 0 0.0401271
13.9705 11584 10136 0.0889148 0.989492 1.19733 0.989492 1.19733 1444 0 0.0397659
14.0522 13032 8688 0.0949127 0.992402 1.19614 0.992402 1.19614 1451 0 0.0403013
14.1338 11584 10136 0.0906505 0.993864 1.19497 0.993864 1.19497 1458 0 0.0398693
14.2154 13032 8688 0.0971958 0.993864 1.19381 0.993864 1.19381 1465 0 0.0404659
14.2161 11584 10136 0.0919749 112.472 1.19946 112.472 1.19946 1472 0 0.0399523
14.2984 13032 8688 0.0880815 0.985158 1.19822 0.985158 1.19822 1479 0 0.0398709
14.3797 11584 10136 0.0859491 0.998274 1.1971 0.998274 1.1971 1486 0 0.0396032
14.4616 13032 8688 0.0919831 0.989492 1.19592 0.989492 1.19592 1493 0 0.0401053
14.5433 11584 10136 0.0886879 0.992402 1.19478 0.992402 1.19478 1500 0 0.0397529
14.625 13032 8688 0.0947797 0.992402 1.19364 0.992402 1.19364 1507 0 0.040292
14.7067 11584 10136 0.0905614 0.992402 1.19253 0.992402 1.19253 1514 0 0.0398639
14.7883 13032 8688 0.0970598 0.993864 1.19143 0.993864 1.19143 1521 0 0.0404558
14.789 11584 10136 0.0919795 112.472 1.19686 112.472 1.19686 1528 0 0.0399525
14.8712 13032 8688 0.0879748 0.986599 1.19569 0.986599 1.19569 1535 0 0.039865
14.9525 11584 10136 0.0859069 0.998274 1.19462 0.998274 1.19462 1542 0 0.039601
15.0344 13032 8688 0.0919721 0.989492 1.1935 0.989492 1.1935 1549 0 0.0401046
15.116 11584 10136 0.0886805 0.993864 1.19243 0.993864 1.19243 1556 0 0.0397524
15.1978 13032 8688 0.0947754 0.990945 1.19134 0.990945 1.19134 1563 0 0.0402917
15.2798 11584 10136 0.0905585 0.989492 1.19026 0.989492 1.19026 1570 0 0.0398637
15.3616 13032 8688 0.0973213 0.990945 1.1892 0.990945 1.1892 1577 0 0.0404753
15.3623 11584 10136 0.0921684 112.472 1.19442 112.472 1.19442 1584 0 0.0399647
15.4448 13032 8688 0.0882493 0.983722 1.19329 0.983722 1.19329 1591 0 0.0398804
15.5262 11584 10136 0.0859815 0.99533 1.19226 0.99533 1.19226 1598 0 0.0396049
15.6084 13032 8688 0.0923202 0.986599 1.19117 0.986599 1.19117 1605 0 0.040127
15.6904 11584 10136 0.0890231 0.989492 1.19012 0.989492 1.19012 1612 0 0.0397722
15.7723 13032 8688 0.0950856 0.989492 1.18908 0.989492 1.18908 1619 0 0.0403134
15.8543 11584 10136 0.0907663 0.989492 1.18805 0.989492 1.18805 1626 0 0.0398764
15.9361 13032 8688 0.0973886 0.990945 1.18703 0.990945 1.18703 1633 0 0.0404803
15.9368 11584 10136 0.0923092 112.472 1.19207 112.472 1.19207 1640 0 0.0399737
16.019 13032 8688 0.0881681 0.986599 1.19101 0.986599 1.19101 1647 0 0.0398758
16.1005 11584 10136 0.0860364 0.99533 1.19002 0.99533 1.19002 1654 0 0.0396078
16.1824 13032 8688 0.092048 0.989492 1.18901 0.989492 1.18901 1661 0 0.0401094
16.2644 11584 10136 0.0888407 0.989492 1.188 0.989492 1.188 1668 0 0.0397616
16.3463 13032 8688 0.0949787 0.989492 1.18701 0.989492 1.18701 1675 0 0.0403059
16.4285 11584 10136 0.0906947 0.986599 1.186 0.986599 1.186 1682 0 0.039872
16.5103 13032 8688 0.097456 0.990945 1.18504 0.990945 1.18504 1689 0 0.0404853
16.5111 11584 10136 0.0923543 112.472 1.1899 112.472 1.1899 1696 0 0.0399767
16.5934 13032 8688 0.0883039 0.985158 1.18888 0.985158 1.18888 1703 0 0.0398835
16.6748 11584 10136 0.0860981 0.99533 1.18794 0.99533 1.18794 1710 0 0.039611
16.757 13032 8688 0.0922792 0.986599 1.18695 0.986599 1.18695 1717 0 0.0401243
16.839 11584 10136 0.0888863 0.989492 1.18599 0.989492 1.18599 1724 0 0.0397643
16.9207 13032 8688 0.094896 0.992402 1.18505 0.992402 1.18505 1731 0 0.0403001
17.0024 11584 10136 0.0905436 0.992402 1.18413 0.992402 1.18413 1738 0 0.0398628
17.084 13032 8688 0.0971175 0.993864 1.18322 0.993864 1.18322 1745 0 0.0404601
17.0847 11584 10136 0.0920025 112.472 1.18791 112.472 1.18791 1752 0 0.039954
17.1671 13032 8688 0.0881677 0.983722 1.18693 0.983722 1.18693 1759 0 0.0398758
17.2486 11584 10136 0.0861319 0.99533 1.18603 0.99533 1.18603 1766 0 0.0396127
17.3308 13032 8688 0.0920903 0.986599 1.18508 0.986599 1.18508 1773 0 0.0401122
17.4127 11584 10136 0.0888554 0.989492 1.18416 0.989492 1.18416 1780 0 0.0397625
17.4946 13032 8688 0.0949736 0.990945 1.18326 0.990945 1.18326 1787 0 0.0403055
17.5765 11584 10136 0.0906913 0.989492 1.18236 0.989492 1.18236 1794 0 0.0398718
17.6583 13032 8688 0.0974247 0.990945 1.18147 0.990945 1.18147 1801 0 0.040483
17.6591 11584 10136 0.092224 112.472 1.18601 112.472 1.18601 1808 0 0.0399682
17.7415 13032 8688 0.0883232 0.983722 1.18507 0.983722 1.18507 1815 0 0.0398846
17.823 11584 10136 0.0860017 0.99533 1.1842 0.99533 1.1842 1822 0 0.0396059
17.9052 13032 8688 0.0922227 0.986599 1.1833 0.986599 1.1833 1829 0 0.0401207
17.9871 11584 10136 0.0889734 0.989492 1.18241 0.989492 1.18241 1836 0 0.0397693
18.0691 13032 8688 0.095072 0.989492 1.18154 0.989492 1.18154 1843 0 0.0403124
18.1508 11584 10136 0.0907572 0.992402 1.18069 0.992402 1.18069 1850 0 0.0398759
18.2324 13032 8688 0.0972583 0.993864 1.17985 0.993864 1.17985 1857 0 0.0404706
18.2331 11584 10136 0.0920168 112.472 1.18425 112.472 1.18425 1864 0 0.0399549
18.3153 13032 8688 0.088106 0.986599 1.18337 0.986599 1.18337 1871 0 0.0398723
18.3967 11584 10136 0.0859656 0.99533 1.18253 0.99533 1.18253 1878 0 0.0396041
18.4789 13032 8688 0.0919928 0.986599 1.18166 0.986599 1.18166 1885 0 0.0401059
18.5609 11584 10136 0.0887901 0.989492 1.18081 0.989492 1.18081 1892 0 0.0397587
18.6426 13032 8688 0.095019 0.992402 1.17999 0.992402 1.17999 1899 0 0.0403087
18.7243 11584 10136 0.090626 0.992402 1.17917 0.992402 1.17917 1906 0 0.0398678
18.8059 13032 8688 0.0971658 0.993864 1.17837 0.993864 1.17837 1913 0 0.0404637
18.8066 11584 10136 0.0920349 112.472 1.18263 112.472 1.18263 1920 0 0.0399561
18.889 13032 8688 0.0881867 0.983722 1.18176 0.983722 1.18176 1927 0 0.0398769
18.9705 11584 10136 0.0861446 0.99533 1.18096 0.99533 1.18096 1934 0 0.0396134
19.0527 13032 8688 0.0920977 0.986599 1.18012 0.986599 1.18012 1941 0 0.0401126
19.1346 11584 10136 0.0887647 0.989492 1.17931 0.989492 1.17931 1948 0 0.0397573
19.2166 13032 8688 0.0950298 0.989492 1.1785 0.989492 1.1785 1955 0 0.0403095
19.2985 11584 10136 0.0907289 0.989492 1.1777 0.989492 1.1777 1962 0 0.0398741
19.3804 13032 8688 0.0974468 0.990945 1.17691 0.990945 1.17691 1969 0 0.0404846
19.3811 11584 10136 0.0922388 112.472 1.18105 112.472 1.18105 1976 0 0.0399692
19.4633 13032 8688 0.0882362 0.986599 1.18023 0.986599 1.18023 1983 0 0.0398797
19.5447 11584 10136 0.0860527 0.99533 1.17946 0.99533 1.17946 1990 0 0.0396086
19.6267 13032 8688 0.0920439 0.989492 1.17866 0.989492 1.17866 1997 0 0.0401092
19.7086 11584 10136 0.0887286 0.989492 1.17788 0.989492 1.17788 2004 0 0.0397552
19.7906 13032 8688 0.0950086 0.989492 1.1771 0.989492 1.1771 2011 0 0.040308
19.8725 11584 10136 0.0907148 0.989492 1.17632 0.989492 1.17632 2018 0 0.0398733
19.9541 13032 8688 0.0974385 0.993864 1.17558 0.993864 1.17558 2025 0 0.040484
19.9548 11584 10136 0.0921082 112.472 1.1796 112.472 1.1796 2032 0 0.0399608
20.037 13032 8688 0.0880503 0.986599 1.17881 0.986599 1.17881 2039 0 0.0398692
20.1183 11584 10136 0.0859575 0.998274 1.17808 0.998274 1.17808 2046 0 0.0396037
20.2005 13032 8688 0.0920017 0.986599 1.1773 0.986599 1.1773 2053 0 0.0401065
20.2824 11584 10136 0.0888097 0.989492 1.17654 0.989492 1.17654 2060 0 0.0397599
20.3644 13032 8688 0.0949605 0.989492 1.17579 0.989492 1.17579 2067 0 0.0403046
20.4461 11584 10136 0.0906825 0.992402 1.17505 0.992402 1.17505 2074 0 0.0398713
20.5276 13032 8688 0.0972145 0.993864 1.17433 0.993864 1.17433 2081 0 0.0404673
20.5284 11584 10136 0.0920968 112.472 1.17824 112.472 1.17824 2088 0 0.0399601
20.6106 13032 8688 0.0881237 0.986599 1.17748 0.986599 1.17748 2095 0 0.0398733
20.692 11584 10136 0.085993 0.99533 1.17676 0.99533 1.17676 2102 0 0.0396055
20.7742 13032 8688 0.0922176 0.986599 1.17601 0.986599 1.17601 2109 0 0.0401203
20.8564 11584 10136 0.0890794 0.986599 1.17526 0.986599 1.17526 2116 0 0.0397755
20.9384 13032 8688 0.0951185 0.989492 1.17453 0.989492 1.17453 2123 0 0.0403157
21.0203 11584 10136 0.0907884 0.989492 1.17381 0.989492 1.17381 2130 0 0.0398778
21.1019 13032 8688 0.097386 0.993864 1.17312 0.993864 1.17312 2137 0 0.0404801
21.1026 11584 10136 0.0921824 112.472 1.17692 112.472 1.17692 2144 0 0.0399656
21.1848 13032 8688 0.0881482 0.986599 1.17618 0.986599 1.17618 2151 0 0.0398747
21.266 11584 10136 0.0859137 0.998274 1.1755 0.998274 1.1755 2158 0 0.0396014
21.348 13032 8688 0.0920461 0.989492 1.17479 0.989492 1.17479 2165 0 0.0401093
21.4298 11584 10136 0.0887301 0.990945 1.17409 0.990945 1.17409 2172 0 0.0397553
21.5118 13032 8688 0.0949839 0.989492 1.17338 0.989492 1.17338 2179 0 0.0403062
21.5937 11584 10136 0.0906982 0.989492 1.17269 0.989492 1.17269 2186 0 0.0398722
21.6753 13032 8688 0.0973194 0.993864 1.17201 0.993864 1.17201 2193 0 0.0404751
21.676 11584 10136 0.0921534 112.472 1.17571 112.472 1.17571 2200 0 0.0399637
21.7582 13032 8688 0.0880768 0.986599 1.175 0.986599 1.175 2207 0 0.0398707
21.8394 11584 10136 0.0859752 0.998274 1.17434 0.998274 1.17434 2214 0 0.0396046
21.9216 13032 8688 0.0921078 0.986599 1.17364 0.986599 1.17364 2221 0 0.0401133
22.0036 11584 10136 0.0887714 0.989492 1.17295 0.989492 1.17295 2228 0 0.0397577
22.0855 13032 8688 0.0950337 0.989492 1.17227 0.989492 1.17227 2235 0 0.0403097
22.1672 11584 10136 0.0907316 0.992402 1.17161 0.992402 1.17161 2242 0 0.0398743
22.2488 13032 8688 0.0971183 0.993864 1.17096 0.993864 1.17096 2249 0 0.0404601
22.2495 11584 10136 0.0921281 112.472 1.17456 112.472 1.17456 2256 0 0.0399621
22.3317 13032 8688 0.0881163 0.986599 1.17387 0.986599 1.17387 2263 0 0.0398729
22.4132 11584 10136 0.0858924 0.99533 1.17322 0.99533 1.17322 2270 0 0.0396003
22.4954 13032 8688 0.092268 0.986599 1.17254 0.986599 1.17254 2277 0 0.0401236
22.5776 11584 10136 0.0889881 0.986599 1.17186 0.986599 1.17186 2284 0 0.0397702
22.6595 13032 8688 0.0951608 0.989492 1.1712 0.989492 1.1712 2291 0 0.0403187
22.7415 11584 10136 0.0908167 0.989492 1.17055 0.989492 1.17055 2298 0 0.0398795
22.8231 13032 8688 0.0974025 0.993864 1.16992 0.993864 1.16992 2305 0 0.0404813
22.8238 11584 10136 0.0921935 112.472 1.17343 112.472 1.17343 2312 0 0.0399663
22.906 13032 8688 0.0879752 0.986599 1.17276 0.986599 1.17276 2319 0 0.039865
22.9872 11584 10136 0.0857979 0.998274 1.17215 0.998274 1.17215 2326 0 0.0395954
23.0692 13032 8688 0.0921032 0.989492 1.1715 0.989492 1.1715 2333 0 0.040113
23.1509 11584 10136 0.0887683 0.992402 1.17087 0.992402 1.17087 2340 0 0.0397575
23.2328 13032 8688 0.0948269 0.989492 1.17023 0.989492 1.17023 2347 0 0.0402953
23.3148 11584 10136 0.090593 0.989492 1.16959 0.989492 1.16959 2354 0 0.0398658
23.3966 13032 8688 0.0973415 0.990945 1.16897 0.990945 1.16897 2361 0 0.0404768
23.3973 11584 10136 0.0921819 112.472 1.1724 112.472 1.1724 2368 0 0.0399655
23.4795 13032 8688 0.0881735 0.986599 1.17175 0.986599 1.17175 2375 0 0.0398761
23.561 11584 10136 0.0859014 0.99533 1.17114 0.99533 1.17114 2382 0 0.0396007
23.6432 13032 8688 0.0921639 0.986599 1.17049 0.986599 1.17049 2389 0 0.0401169
23.7253 11584 10136 0.0890434 0.986599 1.16986 0.986599 1.16986 2396 0 0.0397734
23.8073 13032 8688 0.0950974 0.989492 1.16924 0.989492 1.16924 2403 0 0.0403142
23.8891 11584 10136 0.0907743 0.990945 1.16863 0.990945 1.16863 2410 0 0.0398769
23.9707 13032 8688 0.0972683 0.993864 1.16803 0.993864 1.16803 2417 0 0.0404713
23.9714 11584 10136 0.0921329 112.472 1.17138 112.472 1.17138 2424 0 0.0399624
24.0536 13032 8688 0.0881448 0.986599 1.17075 0.986599 1.17075 2431 0 0.0398745
24.1351 11584 10136 0.0860071 0.99533 1.17015 0.99533 1.17015 2438 0 0.0396062
24.2173 13032 8688 0.0923352 0.986599 1.16953 0.986599 1.16953 2445 0 0.0401279
24.2995 11584 10136 0.0890332 0.986599 1.16891 0.986599 1.16891 2452 0 0.0397728
24.3814 13032 8688 0.0950915 0.989492 1.16831 0.989492 1.16831 2459 0 0.0403138
24.4634 11584 10136 0.0907703 0.989492 1.16771 0.989492 1.16771 2466 0 0.0398767
24.545 13032 8688 0.0973753 0.993864 1.16713 0.993864 1.16713 2473 0 0.0404793
24.5457 11584 10136 0.0921753 112.472 1.1704 112.472 1.1704 2480 0 0.0399651
24.6279 13032 8688 0.088144 0.986599 1.16979 0.986599 1.16979 2487 0 0.0398745
24.7091 11584 10136 0.0859109 0.998274 1.16923 0.998274 1.16923 2494 0 0.0396012
24.7913 13032 8688 0.0922788 0.986599 1.16862 0.986599 1.16862 2501 0 0.0401243
24.8734 11584 10136 0.0889954 0.988043 1.16802 0.988043 1.16802 2508 0 0.0397706
24.9553 13032 8688 0.0950693 0.989492 1.16744 0.989492 1.16744 2515 0 0.0403122
25.0371 11584 10136 0.0907554 0.990945 1.16686 0.990945 1.16686 2522 0 0.0398758
25.1187 13032 8688 0.0972573 0.993864 1.1663 0.993864 1.1663 2529 0 0.0404705
25.1194 11584 10136 0.0921255 112.472 1.16949 112.472 1.16949 2536 0 0.0399619
25.2016 13032 8688 0.0881404 0.986599 1.1689 0.986599 1.1689 2543 0 0.0398743
25.2831 11584 10136 0.0860042 0.99533 1.16834 0.99533 1.16834 2550 0 0.0396061
25.3653 13032 8688 0.0923335 0.986599 1.16775 0.986599 1.16775 2557 0 0.0401278
25.4472 11584 10136 0.089032 0.989492 1.16717 0.989492 1.16717 2564 0 0.0397727
25.5289 13032 8688 0.0948564 0.992402 1.16662 0.992402 1.16662 2571 0 0.0402973
25.6107 11584 10136 0.0906128 0.992402 1.16606 0.992402 1.16606 2578 0 0.039867
25.6922 13032 8688 0.0972694 0.993864 1.16551 0.993864 1.16551 2585 0 0.0404714
25.693 11584 10136 0.0919949 112.472 1.16864 112.472 1.16864 2592 0 0.0399535
25.7754 13032 8688 0.0880932 0.983722 1.16804 0.983722 1.16804 2599 0 0.0398716
25.8569 11584 10136 0.085957 0.99533 1.1675 0.99533 1.1675 2606 0 0.0396036
25.9391 13032 8688 0.0921965 0.986599 1.16693 0.986599 1.16693 2613 0 0.040119
26.021 11584 10136 0.0889558 0.989492 1.16637 0.989492 1.16637 2620 0 0.0397683
26.1028 13032 8688 0.0949368 0.990945 1.16582 0.990945 1.16582 2627 0 0.040303
26.1845 11584 10136 0.0906666 0.992402 1.16528 0.992402 1.16528 2634 0 0.0398703
26.2661 13032 8688 0.0973009 0.993864 1.16474 0.993864 1.16474 2641 0 0.0404737
26.2669 11584 10136 0.092016 112.472 1.1678 112.472 1.1678 2648 0 0.0399549
26.3493 13032 8688 0.0881056 0.983722 1.16722 0.983722 1.16722 2655 0 0.0398723
26.4307 11584 10136 0.0859653 0.99533 1.16669 0.99533 1.16669 2662 0 0.0396041
26.5129 13032 8688 0.0919926 0.986599 1.16614 0.986599 1.16614 2669 0 0.0401059
26.5949 11584 10136 0.0887899 0.989492 1.16559 0.989492 1.16559 2676 0 0.0397587
26.6768 13032 8688 0.095019 0.989492 1.16505 0.989492 1.16505 2683 0 0.0403087
26.7585 11584 10136 0.0907217 0.992402 1.16452 0.992402 1.16452 2690 0 0.0398737
26.8401 13032 8688 0.0973332 0.993864 1.164 0.993864 1.164 2697 0 0.0404761
26.8409 11584 10136 0.0920377 112.472 1.16699 112.472 1.16699 2704 0 0.0399563
26.923 13032 8688 0.0880089 0.986599 1.16644 0.986599 1.16644 2711 0 0.0398669
27.0045 11584 10136 0.0860255 0.99533 1.16593 0.99533 1.16593 2718 0 0.0396072
27.0867 13032 8688 0.0920279 0.986599 1.16538 0.986599 1.16538 2725 0 0.0401082
27.1689 11584 10136 0.0887179 0.986599 1.16484 0.986599 1.16484 2732 0 0.0397546
27.2508 13032 8688 0.0950861 0.989492 1.16432 0.989492 1.16432 2739 0 0.0403134
27.3327 11584 10136 0.0907667 0.990945 1.1638 0.990945 1.1638 2746 0 0.0398764
27.4143 13032 8688 0.0973596 0.993864 1.16329 0.993864 1.16329 2753 0 0.0404781
27.415 11584 10136 0.0920553 112.472 1.16622 112.472 1.16622 2760 0 0.0399574
27.4972 13032 8688 0.0880192 0.986599 1.16568 0.986599 1.16568 2767 0 0.0398675
27.5786 11584 10136 0.0860324 0.99533 1.16518 0.99533 1.16518 2774 0 0.0396075
27.6608 13032 8688 0.0920319 0.986599 1.16465 0.986599 1.16465 2781 0 0.0401084
27.743 11584 10136 0.0889413 0.986599 1.16412 0.986599 1.16412 2788 0 0.0397675
27.8248 13032 8688 0.0951077 0.990945 1.16361 0.990945 1.16361 2795 0 0.0403149
27.9064 11584 10136 0.0907811 0.993864 1.16311 0.993864 1.16311 2802 0 0.0398773
27.9878 13032 8688 0.0971473 0.9968 1.16263 0.9968 1.16263 2809 0 0.0404623
27.9885 11584 10136 0.0920225 112.472 1.1655 112.472 1.1655 2816 0 0.0399553
28.0707 13032 8688 0.0879707 0.986599 1.16497 0.986599 1.16497 2823 0 0.0398647
28.1522 11584 10136 0.0858905 0.99533 1.16448 0.99533 1.16448 2830 0 0.0396002
28.2344 13032 8688 0.0922669 0.986599 1.16397 0.986599 1.16397 2837 0 0.0401235
28.3163 11584 10136 0.0889874 0.989492 1.16346 0.989492 1.16346 2844 0 0.0397701
28.3982 13032 8688 0.0950646 0.989492 1.16296 0.989492 1.16296 2851 0 0.0403119
28.48 11584 10136 0.0906273 0.992402 1.16247 0.992402 1.16247 2858 0 0.0398679
28.5615 13032 8688 0.0971822 0.993864 1.16199 0.993864 1.16199 2865 0 0.0404649
28.5623 11584 10136 0.0920752 112.472 1.1648 112.472 1.1648 2872 0 0.0399587
28.6445 13032 8688 0.0880152 0.986599 1.16429 0.986599 1.16429 2879 0 0.0398672
28.7259 11584 10136 0.0859047 0.99533 1.16381 0.99533 1.16381 2886 0 0.0396009
28.8081 13032 8688 0.0921658 0.986599 1.1633 0.986599 1.1633 2893 0 0.040117
28.8903 11584 10136 0.0890447 0.986599 1.1628 0.986599 1.1628 2900 0 0.0397735
28.9723 13032 8688 0.0950982 0.989492 1.16231 0.989492 1.16231 2907 0 0.0403143
29.0541 11584 10136 0.0907748 0.990945 1.16183 0.990945 1.16183 2914 0 0.0398769
29.1357 13032 8688 0.0972686 0.993864 1.16136 0.993864 1.16136 2921 0 0.0404713
29.1364 11584 10136 0.0921331 112.472 1.16411 112.472 1.16411 2928 0 0.0399624
29.2186 13032 8688 0.0881449 0.986599 1.16361 0.986599 1.16361 2935 0 0.0398745
29.3001 11584 10136 0.0860072 0.99533 1.16314 0.99533 1.16314 2942 0 0.0396062
29.3822 13032 8688 0.0922259 0.986599 1.16265 0.986599 1.16265 2949 0 0.0401209
29.4644 11584 10136 0.0890849 0.986599 1.16216 0.986599 1.16216 2956 0 0.0397758
29.5464 13032 8688 0.0951218 0.989492 1.16168 0.989492 1.16168 2963 0 0.0403159
29.6282 11584 10136 0.0907906 0.990945 1.16121 0.990945 1.16121 2970 0 0.0398779
29.7098 13032 8688 0.0972779 0.993864 1.16075 0.993864 1.16075 2977 0 0.040472
29.7105 11584 10136 0.092235 112.472 1.16345 112.472 1.16345 2984 0 0.039969
29.7927 13032 8688 0.0880953 0.986599 1.16296 0.986599 1.16296 2991 0 0.0398717
29.8742 11584 10136 0.085974 0.99533 1.1625 0.99533 1.1625 2998 0 0.0396045
29.9564 13032 8688 0.0923158 0.986599 1.16202 0.986599 1.16202 3005 0 0.0401267
30.0386 11584 10136 0.0890202 0.986599 1.16154 0.986599 1.16154 3012 0 0.039772
30.1205 13032 8688 0.0951795 0.989492 1.16107 0.989492 1.16107 3019 0 0.04032
30.2022 11584 10136 0.0907199 0.992402 1.16062 0.992402 1.16062 3026 0 0.0398736
30.2836 13032 8688 0.0972364 0.9968 1.16018 0.9968 1.16018 3033 0 0.0404689
30.2843 11584 10136 0.0921115 112.472 1.16283 112.472 1.16283 3040 0 0.039961
30.3665 13032 8688 0.0880366 0.986599 1.16235 0.986599 1.16235 3047 0 0.0398684
30.4479 11584 10136 0.085919 0.99533 1.1619 0.99533 1.1619 3054 0 0.0396017
30.5304 13032 8688 0.0922836 0.983722 1.16142 0.983722 1.16142 3061 0 0.0401246
30.6123 11584 10136 0.0889986 0.989492 1.16096 0.989492 1.16096 3068 0 0.0397708
30.694 13032 8688 0.0949618 0.992402 1.16051 0.992402 1.16051 3075 0 0.0403047
30.7755 11584 10136 0.0906834 0.99533 1.16008 0.99533 1.16008 3082 0 0.0398713
30.8571 13032 8688 0.0970356 0.993864 1.15964 0.993864 1.15964 3089 0 0.040454
30.8578 11584 10136 0.0919477 112.472 1.16224 112.472 1.16224 3096 0 0.0399505
30.94 13032 8688 0.0878311 0.986599 1.16177 0.986599 1.16177 3103 0 0.0398569
31.0216 11584 10136 0.0859064 0.993864 1.16133 0.993864 1.16133 3110 0 0.039601
31.104 13032 8688 0.0922625 0.983722 1.16086 0.983722 1.16086 3117 0 0.0401232
31.186 11584 10136 0.0889708 0.989492 1.16041 0.989492 1.16041 3124 0 0.0397692
31.2677 13032 8688 0.0949455 0.992402 1.15997 0.992402 1.15997 3131 0 0.0403036
31.3491 11584 10136 0.0905768 0.99533 1.15954 0.99533 1.15954 3138 0 0.0398648
31.4307 13032 8688 0.0970276 0.993864 1.15911 0.993864 1.15911 3145 0 0.0404534
31.4314 11584 10136 0.0919716 112.472 1.16166 112.472 1.16166 3152 0 0.039952
31.5138 13032 8688 0.088134 0.985158 1.1612 0.985158 1.1612 3159 0 0.0398739
31.5952 11584 10136 0.0859042 0.99533 1.16077 0.99533 1.16077 3166 0 0.0396009
31.6774 13032 8688 0.0922749 0.986599 1.16032 0.986599 1.16032 3173 0 0.040124
31.7594 11584 10136 0.0889928 0.989492 1.15988 0.989492 1.15988 3180 0 0.0397704
31.8413 13032 8688 0.0950678 0.989492 1.15944 0.989492 1.15944 3187 0 0.0403121
31.9233 11584 10136 0.0907544 0.989492 1.15901 0.989492 1.15901 3194 0 0.0398757
32.0051 13032 8688 0.0973817 0.990945 1.15858 0.990945 1.15858 3201 0 0.0404798
32.0058 11584 10136 0.0923045 112.472 1.16109 112.472 1.16109 3208 0 0.0399734
32.088 13032 8688 0.0881653 0.986599 1.16064 0.986599 1.16064 3215 0 0.0398757
32.1695 11584 10136 0.0860346 0.99533 1.16022 0.99533 1.16022 3222 0 0.0396077
32.2517 13032 8688 0.0921426 0.986599 1.15978 0.986599 1.15978 3229 0 0.0401155
32.3336 11584 10136 0.0887947 0.989492 1.15935 0.989492 1.15935 3236 0 0.039759
32.4153 13032 8688 0.0950474 0.992402 1.15892 0.992402 1.15892 3243 0 0.0403107
32.497 11584 10136 0.0906314 0.992402 1.15851 0.992402 1.15851 3250 0 0.0398681
32.5786 13032 8688 0.0971845 0.993864 1.15809 0.993864 1.15809 3257 0 0.0404651
32.5793 11584 10136 0.0920768 112.472 1.16056 112.472 1.16056 3264 0 0.0399588
32.6618 13032 8688 0.0881956 0.983722 1.16011 0.983722 1.16011 3271 0 0.0398774
32.7432 11584 10136 0.0859455 0.99533 1.1597 0.99533 1.1597 3278 0 0.039603
32.8254 13032 8688 0.0922991 0.986599 1.15927 0.986599 1.15927 3285 0 0.0401256
32.9074 11584 10136 0.089009 0.989492 1.15884 0.989492 1.15884 3292 0 0.0397714
32.9893 13032 8688 0.0950773 0.989492 1.15842 0.989492 1.15842 3299 0 0.0403128
33.071 11584 10136 0.0907608 0.992402 1.15801 0.992402 1.15801 3306 0 0.0398761
33.1529 13032 8688 0.0972604 0.990945 1.1576 0.990945 1.1576 3313 0 0.0404707
33.1536 11584 10136 0.0922233 112.472 1.16002 112.472 1.16002 3320 0 0.0399682
33.236 13032 8688 0.0882971 0.983722 1.15958 0.983722 1.15958 3327 0 0.0398831
33.3175 11584 10136 0.0861229 0.99533 1.15918 0.99533 1.15918 3334 0 0.0396123
33.3994 13032 8688 0.0920986 0.989492 1.15877 0.989492 1.15877 3341 0 0.0401127
33.4814 11584 10136 0.0888747 0.989492 1.15835 0.989492 1.15835 3348 0 0.0397636
33.5633 13032 8688 0.0949986 0.989492 1.15794 0.989492 1.15794 3355 0 0.0403073
33.6453 11584 10136 0.090708 0.989492 1.15753 0.989492 1.15753 3362 0 0.0398728
33.7269 13032 8688 0.0972295 0.993864 1.15713 0.993864 1.15713 3369 0 0.0404684
33.7276 11584 10136 0.0922026 112.472 1.15951 112.472 1.15951 3376 0 0.0399669
33.8098 13032 8688 0.08816 0.986599 1.15909 0.986599 1.15909 3383 0 0.0398754
33.891 11584 10136 0.0859216 0.998274 1.15871 0.998274 1.15871 3390 0 0.0396018
33.973 13032 8688 0.0920507 0.989492 1.1583 0.989492 1.1583 3397 0 0.0401096
34.0548 11584 10136 0.0887332 0.990945 1.1579 0.990945 1.1579 3404 0 0.0397555
34.1367 13032 8688 0.0949857 0.989492 1.15749 0.989492 1.15749 3411 0 0.0403064
34.2187 11584 10136 0.0906037 0.989492 1.15709 0.989492 1.15709 3418 0 0.0398664
34.3003 13032 8688 0.0973734 0.993864 1.1567 0.993864 1.1567 3425 0 0.0404791
34.301 11584 10136 0.0920646 112.472 1.15904 112.472 1.15904 3432 0 0.039958
34.3832 13032 8688 0.0880247 0.986599 1.15863 0.986599 1.15863 3439 0 0.0398678
34.4644 11584 10136 0.0859404 0.998274 1.15825 0.998274 1.15825 3446 0 0.0396028
34.5466 13032 8688 0.0920874 0.986599 1.15784 0.986599 1.15784 3453 0 0.040112
34.6285 11584 10136 0.0887577 0.989492 1.15745 0.989492 1.15745 3460 0 0.0397569
34.7105 13032 8688 0.0950257 0.989492 1.15705 0.989492 1.15705 3467 0 0.0403092
34.7922 11584 10136 0.0906168 0.992402 1.15666 0.992402 1.15666 3474 0 0.0398673
34.8738 13032 8688 0.097176 0.993864 1.15628 0.993864 1.15628 3481 0 0.0404644
34.8745 11584 10136 0.0921668 112.472 1.15858 112.472 1.15858 3488 0 0.0399646
34.9567 13032 8688 0.0880553 0.986599 1.15818 0.986599 1.15818 3495 0 0.0398695
35.0382 11584 10136 0.0859472 0.99533 1.1578 0.99533 1.1578 3502 0 0.0396031
35.1204 13032 8688 0.0923001 0.986599 1.1574 0.986599 1.1574 3509 0 0.0401257
35.2026 11584 10136 0.0890096 0.986599 1.157 0.986599 1.157 3516 0 0.0397714
35.2845 13032 8688 0.0951734 0.989492 1.15661 0.989492 1.15661 3523 0 0.0403195
35.3664 11584 10136 0.0907158 0.989492 1.15622 0.989492 1.15622 3530 0 0.0398733
35.448 13032 8688 0.0974684 0.993864 1.15585 0.993864 1.15585 3537 0 0.0404863
35.4488 11584 10136 0.0922376 112.472 1.15811 112.472 1.15811 3544 0 0.0399691
35.5309 13032 8688 0.0880011 0.986599 1.15772 0.986599 1.15772 3551 0 0.0398664
35.6122 11584 10136 0.0858152 0.998274 1.15735 0.998274 1.15735 3558 0 0.0395963
35.6941 13032 8688 0.0921133 0.989492 1.15697 0.989492 1.15697 3565 0 0.0401136
35.776 11584 10136 0.0887751 0.990945 1.15659 0.990945 1.15659 3572 0 0.0397579
35.8579 13032 8688 0.0948308 0.989492 1.15621 0.989492 1.15621 3579 0 0.0402956
35.9399 11584 10136 0.0905957 0.989492 1.15583 0.989492 1.15583 3586 0 0.039866
36.0214 13032 8688 0.0973431 0.993864 1.15546 0.993864 1.15546 3593 0 0.0404769
36.0222 11584 10136 0.0920736 112.472 1.15769 112.472 1.15769 3600 0 0.0399586
36.1044 13032 8688 0.0881393 0.986599 1.1573 0.986599 1.1573 3607 0 0.0398742
36.1856 11584 10136 0.0859879 0.998274 1.15694 0.998274 1.15694 3614 0 0.0396052
36.2678 13032 8688 0.0920058 0.986599 1.15655 0.986599 1.15655 3621 0 0.0401067
36.3497 11584 10136 0.0887988 0.989492 1.15618 0.989492 1.15618 3628 0 0.0397592
36.4317 13032 8688 0.0949404 0.989492 1.1558 0.989492 1.1558 3635 0 0.0403032
36.5134 11584 10136 0.0906691 0.992402 1.15544 0.992402 1.15544 3642 0 0.0398705
36.595 13032 8688 0.097191 0.993864 1.15508 0.993864 1.15508 3649 0 0.0404655
36.5957 11584 10136 0.0920518 112.472 1.15727 112.472 1.15727 3656 0 0.0399572
36.6779 13032 8688 0.0880716 0.986599 1.15689 0.986599 1.15689 3663 0 0.0398704
36.7593 11584 10136 0.0859718 0.99533 1.15653 0.99533 1.15653 3670 0 0.0396044
36.8415 13032 8688 0.0922852 0.986599 1.15615 0.986599 1.15615 3677 0 0.0401247
36.9237 11584 10136 0.0888903 0.986599 1.15577 0.986599 1.15577 3684 0 0.0397645
37.0057 13032 8688 0.0951034 0.989492 1.15541 0.989492 1.15541 3691 0 0.0403146
37.0876 11584 10136 0.0907783 0.989492 1.15504 0.989492 1.15504 3698 0 0.0398772
37.1692 13032 8688 0.0974757 0.993864 1.15468 0.993864 1.15468 3705 0 0.0404868
37.1699 11584 10136 0.0921332 112.472 1.15684 112.472 1.15684 3712 0 0.0399624
37.2521 13032 8688 0.0880649 0.986599 1.15647 0.986599 1.15647 3719 0 0.03987
37.3333 11584 10136 0.0859673 0.998274 1.15612 0.998274 1.15612 3726 0 0.0396042
37.4153 13032 8688 0.0920074 0.989492 1.15576 0.989492 1.15576 3733 0 0.0401069
37.497 11584 10136 0.0887042 0.992402 1.1554 0.992402 1.1554 3740 0 0.0397538
37.579 13032 8688 0.0947893 0.989492 1.15504 0.989492 1.15504 3747 0 0.0402927
37.6609 11584 10136 0.0905678 0.989492 1.15468 0.989492 1.15468 3754 0 0.0398643
37.7427 13032 8688 0.0973267 0.990945 1.15433 0.990945 1.15433 3761 0 0.0404757
37.7435 11584 10136 0.092172 112.472 1.15645 112.472 1.15645 3768 0 0.0399649
37.8256 13032 8688 0.0881677 0.986599 1.15608 0.986599 1.15608 3775 0 0.0398758
37.9071 11584 10136 0.0860225 0.99533 1.15574 0.99533 1.15574 3782 0 0.039607
37.9893 13032 8688 0.0923443 0.986599 1.15537 0.986599 1.15537 3789 0 0.0401285
38.0715 11584 10136 0.0890392 0.986599 1.15501 0.986599 1.15501 3796 0 0.0397731
38.1534 13032 8688 0.095095 0.989492 1.15465 0.989492 1.15465 3803 0 0.040314
38.2353 11584 10136 0.0907726 0.990945 1.1543 0.990945 1.1543 3810 0 0.0398768
38.3169 13032 8688 0.0972674 0.993864 1.15396 0.993864 1.15396 3817 0 0.0404712
38.3176 11584 10136 0.0922279 112.472 1.15605 112.472 1.15605 3824 0 0.0399685
38.3998 13032 8688 0.0881749 0.986599 1.15569 0.986599 1.15569 3831 0 0.0398762
38.4812 11584 10136 0.0859316 0.99533 1.15535 0.99533 1.15535 3838 0 0.0396023
38.5634 13032 8688 0.092291 0.986599 1.15499 0.986599 1.15499 3845 0 0.0401251
38.6456 11584 10136 0.0890035 0.986599 1.15463 0.986599 1.15463 3852 0 0.0397711
38.7276 13032 8688 0.0951698 0.989492 1.15429 0.989492 1.15429 3859 0 0.0403193
38.8095 11584 10136 0.0908227 0.989492 1.15394 0.989492 1.15394 3866 0 0.0398799
38.8911 13032 8688 0.0974061 0.993864 1.1536 0.993864 1.1536 3873 0 0.0404816
38.8918 11584 10136 0.0921959 112.472 1.15567 112.472 1.15567 3880 0 0.0399664
38.974 13032 8688 0.0881016 0.986599 1.15531 0.986599 1.15531 3887 0 0.0398721
39.0552 11584 10136 0.0858825 0.998274 1.15498 0.998274 1.15498 3894 0 0.0395998
39.1372 13032 8688 0.0919734 0.989492 1.15464 0.989492 1.15464 3901 0 0.0401047
39.219 11584 10136 0.0888064 0.990945 1.15429 0.990945 1.15429 3908 0 0.0397597
39.301 13032 8688 0.0948492 0.989492 1.15395 0.989492 1.15395 3915 0 0.0402968
39.3829 11584 10136 0.0906079 0.989492 1.15361 0.989492 1.15361 3922 0 0.0398667
39.4645 13032 8688 0.0973503 0.993864 1.15328 0.993864 1.15328 3929 0 0.0404774
39.4652 11584 10136 0.0920784 112.472 1.15531 112.472 1.15531 3936 0 0.0399589
39.5474 13032 8688 0.0881421 0.986599 1.15496 0.986599 1.15496 3943 0 0.0398744
39.6286 11584 10136 0.0859898 0.998274 1.15464 0.998274 1.15464 3950 0 0.0396053
39.7108 13032 8688 0.0920069 0.986599 1.15429 0.986599 1.15429 3957 0 0.0401068
39.7928 11584 10136 0.0887996 0.989492 1.15395 0.989492 1.15395 3964 0 0.0397593
39.8747 13032 8688 0.0950246 0.989492 1.15361 0.989492 1.15361 3971 0 0.0403091
39.9564 11584 10136 0.0906298 0.992402 1.15328 0.992402 1.15328 3978 0 0.039868
40.038 13032 8688 0.097293 0.993864 1.15296 0.993864 1.15296 3985 0 0.0404731
40.0387 11584 10136 0.0921201 112.472 1.15496 112.472 1.15496 3992 0 0.0399616
40.1209 13032 8688 0.0879322 0.986599 1.15462 0.986599 1.15462 3999 0 0.0398626
40.2024 11584 10136 0.0858784 0.99533 1.1543 0.99533 1.1543 4006 0 0.0395996
40.2846 13032 8688 0.0922305 0.986599 1.15395 0.986599 1.15395 4013 0 0.0401212
40.3668 11584 10136 0.0888536 0.986599 1.15361 0.986599 1.15361 4020 0 0.0397624
40.4487 13032 8688 0.0951657 0.989492 1.15328 0.989492 1.15328 4027 0 0.040319
40.5306 11584 10136 0.0907243 0.990945 1.15295 0.990945 1.15295 4034 0 0.0398738
40.6124 13032 8688 0.0974441 0.990945 1.15263 0.990945 1.15263 4041 0 0.0404844
40.6131 11584 10136 0.0922369 112.472 1.1546 112.472 1.1546 4048 0 0.0399691
40.6955 13032 8688 0.0883308 0.983722 1.15426 0.983722 1.15426 4055 0 0.039885
40.7773 11584 10136 0.0862411 0.992402 1.15393 0.992402 1.15393 4062 0 0.0396185
40.8593 13032 8688 0.0923474 0.988043 1.1536 0.988043 1.1536 4069 0 0.0401287
40.941 11584 10136 0.0889319 0.992402 1.15328 0.992402 1.15328 4076 0 0.0397669
41.0227 13032 8688 0.0949228 0.992402 1.15296 0.992402 1.15296 4083 0 0.040302
41.1044 11584 10136 0.0905615 0.992402 1.15264 0.992402 1.15264 4090 0 0.0398639
41.1863 13032 8688 0.097253 0.990945 1.15232 0.990945 1.15232 4097 0 0.0404702
41.187 11584 10136 0.0920933 112.472 1.15427 112.472 1.15427 4104 0 0.0399598
41.2694 13032 8688 0.0881509 0.983722 1.15392 0.983722 1.15392 4111 0 0.0398748
41.3511 11584 10136 0.0861206 0.992402 1.15361 0.992402 1.15361 4118 0 0.0396121
41.4333 13032 8688 0.0924018 0.986599 1.15327 0.986599 1.15327 4125 0 0.0401322
41.5152 11584 10136 0.0889684 0.990945 1.15295 0.990945 1.15295 4132 0 0.039769
41.5969 13032 8688 0.0949441 0.992402 1.15264 0.992402 1.15264 4139 0 0.0403035
41.6786 11584 10136 0.0906715 0.992402 1.15233 0.992402 1.15233 4146 0 0.0398706
41.7604 13032 8688 0.0973038 0.990945 1.15201 0.990945 1.15201 4153 0 0.0404739
41.7611 11584 10136 0.092143 112.472 1.15393 112.472 1.15393 4160 0 0.039963
41.8436 13032 8688 0.0882757 0.983722 1.1536 0.983722 1.1536 4167 0 0.0398819
41.9253 11584 10136 0.0862042 0.992402 1.15328 0.992402 1.15328 4174 0 0.0396165
42.0075 13032 8688 0.0923258 0.986599 1.15296 0.986599 1.15296 4181 0 0.0401273
42.0894 11584 10136 0.0890268 0.989492 1.15264 0.989492 1.15264 4188 0 0.0397724
42.1711 13032 8688 0.0949784 0.992402 1.15233 0.992402 1.15233 4195 0 0.0403059
42.2531 11584 10136 0.0908195 0.989492 1.15201 0.989492 1.15201 4202 0 0.0398797
42.3349 13032 8688 0.0972948 0.990945 1.1517 0.990945 1.1517 4209 0 0.0404733
42.3356 11584 10136 0.0922463 112.472 1.15359 112.472 1.15359 4216 0 0.0399697
42.418 13032 8688 0.0883107 0.983722 1.15326 0.983722 1.15326 4223 0 0.0398839
42.4995 11584 10136 0.0862276 0.99533 1.15296 0.99533 1.15296 4230 0 0.0396177
42.5816 13032 8688 0.0921464 0.988043 1.15264 0.988043 1.15264 4237 0 0.0401158
42.6635 11584 10136 0.0887973 0.989492 1.15233 0.989492 1.15233 4244 0 0.0397591
42.7455 13032 8688 0.0950489 0.989492 1.15202 0.989492 1.15202 4251 0 0.0403108
42.8274 11584 10136 0.0906324 0.989492 1.15171 0.989492 1.15171 4258 0 0.0398682
42.909 13032 8688 0.0974195 0.993864 1.15141 0.993864 1.15141 4265 0 0.0404826
42.9097 11584 10136 0.0922049 112.472 1.15328 112.472 1.15328 4272 0 0.039967
42.9919 13032 8688 0.0879819 0.986599 1.15296 0.986599 1.15296 4279 0 0.0398654
43.0732 11584 10136 0.0858023 0.998274 1.15267 0.998274 1.15267 4286 0 0.0395956
43.1553 13032 8688 0.0922152 0.986599 1.15235 0.986599 1.15235 4293 0 0.0401202
43.2373 11584 10136 0.0889527 0.989492 1.15204 0.989492 1.15204 4300 0 0.0397681
43.3192 13032 8688 0.0949349 0.989492 1.15174 0.989492 1.15174 4307 0 0.0403028
43.4009 11584 10136 0.0906654 0.992402 1.15144 0.992402 1.15144 4314 0 0.0398702
43.4825 13032 8688 0.0972045 0.993864 1.15114 0.993864 1.15114 4321 0 0.0404665
43.4833 11584 10136 0.0920901 112.472 1.15299 112.472 1.15299 4328 0 0.0399596
43.5654 13032 8688 0.088024 0.986599 1.15267 0.986599 1.15267 4335 0 0.0398677
43.6469 11584 10136 0.0859106 0.99533 1.15238 0.99533 1.15238 4342 0 0.0396012
43.7291 13032 8688 0.0921693 0.986599 1.15207 0.986599 1.15207 4349 0 0.0401172
43.8113 11584 10136 0.089047 0.986599 1.15176 0.986599 1.15176 4356 0 0.0397736
43.8932 13032 8688 0.0950996 0.989492 1.15145 0.989492 1.15145 4363 0 0.0403144
43.9752 11584 10136 0.0907757 0.989492 1.15115 0.989492 1.15115 4370 0 0.039877
44.0568 13032 8688 0.0972691 0.993864 1.15086 0.993864 1.15086 4377 0 0.0404714
44.0575 11584 10136 0.0922291 112.472 1.15268 112.472 1.15268 4384 0 0.0399686
44.1397 13032 8688 0.0880918 0.986599 1.15237 0.986599 1.15237 4391 0 0.0398715
44.2209 11584 10136 0.0858467 0.998274 1.15209 0.998274 1.15209 4398 0 0.0395979
44.3029 13032 8688 0.0920068 0.989492 1.15179 0.989492 1.15179 4405 0 0.0401068
44.3847 11584 10136 0.0887038 0.990945 1.15149 0.990945 1.15149 4412 0 0.0397538
44.4666 13032 8688 0.0948847 0.989492 1.15119 0.989492 1.15119 4419 0 0.0402993
44.5486 11584 10136 0.0906317 0.989492 1.1509 0.989492 1.1509 4426 0 0.0398682
44.6302 13032 8688 0.0973898 0.993864 1.15061 0.993864 1.15061 4433 0 0.0404804
44.6309 11584 10136 0.0920756 112.472 1.15241 112.472 1.15241 4440 0 0.0399587
44.7131 13032 8688 0.0880311 0.986599 1.1521 0.986599 1.1521 4447 0 0.0398681
44.7943 11584 10136 0.0859447 0.998274 1.15182 0.998274 1.15182 4454 0 0.039603
44.8765 13032 8688 0.0920899 0.986599 1.15152 0.986599 1.15152 4461 0 0.0401121
44.9585 11584 10136 0.0887594 0.989492 1.15123 0.989492 1.15123 4468 0 0.039757
45.0404 13032 8688 0.094931 0.989492 1.15093 0.989492 1.15093 4475 0 0.0403026
45.1221 11584 10136 0.0906628 0.992402 1.15064 0.992402 1.15064 4482 0 0.0398701
45.2037 13032 8688 0.097203 0.993864 1.15036 0.993864 1.15036 4489 0 0.0404664
45.2044 11584 10136 0.0920891 112.472 1.15214 112.472 1.15214 4496 0 0.0399596
45.2866 13032 8688 0.0881191 0.986599 1.15184 0.986599 1.15184 4503 0 0.0398731
45.3681 11584 10136 0.08599 0.99533 1.15155 0.99533 1.15155 4510 0 0.0396053
45.4503 13032 8688 0.0923252 0.986599 1.15126 0.986599 1.15126 4517 0 0.0401273
45.5325 11584 10136 0.0890264 0.986599 1.15096 0.986599 1.15096 4524 0 0.0397724
45.6144 13032 8688 0.0950875 0.989492 1.15067 0.989492 1.15067 4531 0 0.0403135
45.6964 11584 10136 0.0907676 0.989492 1.15038 0.989492 1.15038 4538 0 0.0398765
45.778 13032 8688 0.0973738 0.993864 1.1501 0.993864 1.1501 4545 0 0.0404792
45.7787 11584 10136 0.0921742 112.472 1.15185 112.472 1.15185 4552 0 0.039965
45.8609 13032 8688 0.0881434 0.986599 1.15156 0.986599 1.15156 4559 0 0.0398744
45.9421 11584 10136 0.0859105 0.998274 1.15129 0.998274 1.15129 4566 0 0.0396012
46.024 13032 8688 0.0921692 0.989492 1.151 0.989492 1.151 4573 0 0.0401172
46.1057 11584 10136 0.0888126 0.992402 1.15072 0.992402 1.15072 4580 0 0.03976
46.1877 13032 8688 0.094769 0.989492 1.15043 0.989492 1.15043 4587 0 0.0402913
46.2696 11584 10136 0.0905543 0.989492 1.15015 0.989492 1.15015 4594 0 0.0398634
46.3515 13032 8688 0.0973444 0.990945 1.14987 0.990945 1.14987 4601 0 0.040477
46.3522 11584 10136 0.0921702 112.472 1.1516 112.472 1.1516 4608 0 0.0399648
46.4344 13032 8688 0.088196 0.986599 1.15131 0.986599 1.15131 4615 0 0.0398774
46.5159 11584 10136 0.0860258 0.99533 1.15103 0.99533 1.15103 4622 0 0.0396072
46.598 13032 8688 0.0922368 0.986599 1.15074 0.986599 1.15074 4629 0 0.0401216
46.6802 11584 10136 0.0889829 0.986599 1.15045 0.986599 1.15045 4636 0 0.0397699
46.7622 13032 8688 0.0950776 0.989492 1.15017 0.989492 1.15017 4643 0 0.0403128
46.844 11584 10136 0.090886 0.990945 1.14989 0.990945 1.14989 4650 0 0.0398838
46.9256 13032 8688 0.0973338 0.993864 1.14962 0.993864 1.14962 4657 0 0.0404762
46.9263 11584 10136 0.0921767 112.472 1.15133 112.472 1.15133 4664 0 0.0399652
47.0085 13032 8688 0.0881705 0.986599 1.15104 0.986599 1.15104 4671 0 0.039876
47.09 11584 10136 0.0858994 0.99533 1.15077 0.99533 1.15077 4678 0 0.0396006
47.1722 13032 8688 0.0921627 0.986599 1.15049 0.986599 1.15049 4685 0 0.0401168
47.2544 11584 10136 0.0890426 0.986599 1.1502 0.986599 1.1502 4692 0 0.0397733
47.3363 13032 8688 0.095097 0.989492 1.14993 0.989492 1.14993 4699 0 0.0403142
47.4183 11584 10136 0.090774 0.989492 1.14965 0.989492 1.14965 4706 0 0.0398769
47.4998 13032 8688 0.0972681 0.993864 1.14938 0.993864 1.14938 4713 0 0.0404713
47.5006 11584 10136 0.0922285 112.472 1.15107 112.472 1.15107 4720 0 0.0399685
47.5828 13032 8688 0.0881752 0.986599 1.15079 0.986599 1.15079 4727 0 0.0398762
47.664 11584 10136 0.0858068 0.998274 1.15053 0.998274 1.15053 4734 0 0.0395959
47.7462 13032 8688 0.0921084 0.986599 1.15024 0.986599 1.15024 4741 0 0.0401133
47.8282 11584 10136 0.0890062 0.988043 1.14997 0.988043 1.14997 4748 0 0.0397712
47.9102 13032 8688 0.0949663 0.989492 1.14969 0.989492 1.14969 4755 0 0.040305
47.992 11584 10136 0.0908114 0.990945 1.14942 0.990945 1.14942 4762 0 0.0398792
48.0736 13032 8688 0.0972901 0.993864 1.14916 0.993864 1.14916 4769 0 0.0404729
48.0743 11584 10136 0.0921475 112.472 1.15083 112.472 1.15083 4776 0 0.0399633
48.1565 13032 8688 0.0881533 0.986599 1.15055 0.986599 1.15055 4783 0 0.039875
48.238 11584 10136 0.0858879 0.99533 1.15028 0.99533 1.15028 4790 0 0.0396
48.3202 13032 8688 0.092156 0.986599 1.15001 0.986599 1.15001 4797 0 0.0401164
48.4021 11584 10136 0.0889287 0.989492 1.14973 0.989492 1.14973 4804 0 0.0397667
48.4838 13032 8688 0.0949208 0.992402 1.14947 0.992402 1.14947 4811 0 0.0403018
48.5655 11584 10136 0.090656 0.992402 1.1492 0.992402 1.1492 4818 0 0.0398696
48.6471 13032 8688 0.0972947 0.993864 1.14894 0.993864 1.14894 4825 0 0.0404733
48.6479 11584 10136 0.0920119 112.472 1.15059 112.472 1.15059 4832 0 0.0399546
48.7303 13032 8688 0.0881031 0.983722 1.15031 0.983722 1.15031 4839 0 0.0398722
48.8118 11584 10136 0.0859636 0.99533 1.15005 0.99533 1.15005 4846 0 0.039604
48.8939 13032 8688 0.0919916 0.986599 1.14978 0.986599 1.14978 4853 0 0.0401058
48.9759 11584 10136 0.0887893 0.989492 1.14951 0.989492 1.14951 4860 0 0.0397587
49.0577 13032 8688 0.0950186 0.990945 1.14924 0.990945 1.14924 4867 0 0.0403087
49.1394 11584 10136 0.0906257 0.992402 1.14898 0.992402 1.14898 4874 0 0.0398678
49.221 13032 8688 0.0972906 0.993864 1.14873 0.993864 1.14873 4881 0 0.040473
49.2217 11584 10136 0.0921185 112.472 1.15036 112.472 1.15036 4888 0 0.0399615
49.3042 13032 8688 0.0880563 0.983722 1.15008 0.983722 1.15008 4895 0 0.0398695
49.3856 11584 10136 0.0860572 0.99533 1.14982 0.99533 1.14982 4902 0 0.0396088
49.4678 13032 8688 0.0920465 0.986599 1.14955 0.986599 1.14955 4909 0 0.0401094
49.5498 11584 10136 0.0888261 0.989492 1.14929 0.989492 1.14929 4916 0 0.0397608
49.6317 13032 8688 0.0950401 0.989492 1.14902 0.989492 1.14902 4923 0 0.0403102
49.7134 11584 10136 0.0906402 0.992402 1.14877 0.992402 1.14877 4930 0 0.0398687
49.795 13032 8688 0.0972991 0.993864 1.14851 0.993864 1.14851 4937 0 0.0404736
49.7957 11584 10136 0.0921242 112.472 1.15012 112.472 1.15012 4944 0 0.0399618
49.8779 13032 8688 0.0879346 0.986599 1.14985 0.986599 1.14985 4951 0 0.0398627
49.9594 11584 10136 0.08588 0.99533 1.1496 0.99533 1.1496 4958 0 0.0395996
50.0416 13032 8688 0.0922314 0.986599 1.14934 0.986599 1.14934 4965 0 0.0401212
50.1238 11584 10136 0.0888543 0.986599 1.14907 0.986599 1.14907 4972 0 0.0397624
50.2057 13032 8688 0.095166 0.989492 1.14881 0.989492 1.14881 4979 0 0.040319
50.2876 11584 10136 0.0907245 0.990945 1.14855 0.990945 1.14855 4986 0 0.0398739
50.3691 13032 8688 0.0974442 0.993864 1.1483 0.993864 1.1483 4993 0 0.0404844
50.3699 11584 10136 0.092112 112.472 1.14989 112.472 1.14989 5000 0 0.039961
50.4521 13032 8688 0.0880525 0.986599 1.14963 0.986599 1.14963 5007 0 0.0398693
50.5335 11584 10136 0.0860547 0.99533 1.14938 0.99533 1.14938 5014 0 0.0396087
50.6157 13032 8688 0.092045 0.986599 1.14911 0.986599 1.14911 5021 0 0.0401093
50.6979 11584 10136 0.0887294 0.986599 1.14885 0.986599 1.14885 5028 0 0.0397552
50.7797 13032 8688 0.0950928 0.990945 1.1486 0.990945 1.1486 5035 0 0.0403139
50.8613 11584 10136 0.0906755 0.993864 1.14835 0.993864 1.14835 5042 0 0.0398708
50.9427 13032 8688 0.0971948 0.9968 1.14811 0.9968 1.14811 5049 0 0.0404658
50.9434 11584 10136 0.0919586 112.472 1.14968 112.472 1.14968 5056 0 0.0399512
51.0256 13032 8688 0.0880426 0.986599 1.14942 0.986599 1.14942 5063 0 0.0398688
51.107 11584 10136 0.0859387 0.99533 1.14917 0.99533 1.14917 5070 0 0.0396027
51.1892 13032 8688 0.0921858 0.986599 1.14891 0.986599 1.14891 5077 0 0.0401183
51.2712 11584 10136 0.0889487 0.989492 1.14866 0.989492 1.14866 5084 0 0.0397679
51.3531 13032 8688 0.0950575 0.989492 1.1484 0.989492 1.1484 5091 0 0.0403114
51.4348 11584 10136 0.0907475 0.992402 1.14816 0.992402 1.14816 5098 0 0.0398753
51.5164 13032 8688 0.0972526 0.993864 1.14791 0.993864 1.14791 5105 0 0.0404701
51.5172 11584 10136 0.092013 112.472 1.14947 112.472 1.14947 5112 0 0.0399547
51.5993 13032 8688 0.0881038 0.986599 1.14921 0.986599 1.14921 5119 0 0.0398722
51.6808 11584 10136 0.0859641 0.99533 1.14897 0.99533 1.14897 5126 0 0.039604
51.763 13032 8688 0.0922006 0.986599 1.14871 0.986599 1.14871 5133 0 0.0401193
51.8452 11584 10136 0.0889586 0.986599 1.14845 0.986599 1.14845 5140 0 0.0397685
51.9271 13032 8688 0.0950634 0.989492 1.1482 0.989492 1.1482 5147 0 0.0403118
52.009 11584 10136 0.0907514 0.990945 1.14795 0.990945 1.14795 5154 0 0.0398755
52.0906 13032 8688 0.0972549 0.993864 1.14771 0.993864 1.14771 5161 0 0.0404703
52.0913 11584 10136 0.0921239 112.472 1.14925 112.472 1.14925 5168 0 0.0399618
52.1735 13032 8688 0.0880438 0.986599 1.149 0.986599 1.149 5175 0 0.0398688
52.2549 11584 10136 0.0859239 0.99533 1.14876 0.99533 1.14876 5182 0 0.0396019
52.3371 13032 8688 0.0921771 0.986599 1.1485 0.986599 1.1485 5189 0 0.0401177
52.4193 11584 10136 0.0890522 0.986599 1.14825 0.986599 1.14825 5196 0 0.0397739
52.5013 13032 8688 0.0951026 0.989492 1.148 0.989492 1.148 5203 0 0.0403146
52.5831 11584 10136 0.0907777 0.990945 1.14776 0.990945 1.14776 5210 0 0.0398771
52.6647 13032 8688 0.0972703 0.993864 1.14752 0.993864 1.14752 5217 0 0.0404715
52.6654 11584 10136 0.0921342 112.472 1.14904 112.472 1.14904 5224 0 0.0399625
52.7476 13032 8688 0.0881456 0.986599 1.14879 0.986599 1.14879 5231 0 0.0398745
52.8291 11584 10136 0.0860077 0.99533 1.14855 0.99533 1.14855 5238 0 0.0396063
52.9113 13032 8688 0.0923356 0.986599 1.1483 0.986599 1.1483 5245 0 0.040128
52.9934 11584 10136 0.0890334 0.986599 1.14805 0.986599 1.14805 5252 0 0.0397728
53.0754 13032 8688 0.0950916 0.989492 1.14781 0.989492 1.14781 5259 0 0.0403138
53.1571 11584 10136 0.0907703 0.992402 1.14757 0.992402 1.14757 5266 0 0.0398767
53.2384 13032 8688 0.097266 0.9968 1.14734 0.9968 1.14734 5273 0 0.0404711
53.2392 11584 10136 0.092022 112.472 1.14884 112.472 1.14884 5280 0 0.0399553
53.3214 13032 8688 0.0881091 0.986599 1.14859 0.986599 1.14859 5287 0 0.0398725
53.4028 11584 10136 0.0859676 0.99533 1.14836 0.99533 1.14836 5294 0 0.0396042
53.4853 13032 8688 0.0923121 0.983722 1.14811 0.983722 1.14811 5301 0 0.0401264
53.5672 11584 10136 0.0889083 0.989492 1.14786 0.989492 1.14786 5308 0 0.0397655
53.6489 13032 8688 0.0949089 0.992402 1.14763 0.992402 1.14763 5315 0 0.040301
53.7304 11584 10136 0.0906479 0.99533 1.1474 0.99533 1.1474 5322 0 0.0398692
53.812 13032 8688 0.0970693 0.993864 1.14716 0.993864 1.14716 5329 0 0.0404565
53.8127 11584 10136 0.0919702 112.472 1.14866 112.472 1.14866 5336 0 0.039952
53.8949 13032 8688 0.0880238 0.986599 1.14841 0.986599 1.14841 5343 0 0.0398677
53.9765 11584 10136 0.0859398 0.993864 1.14817 0.993864 1.14817 5350 0 0.0396027
54.0589 13032 8688 0.0922665 0.983722 1.14792 0.983722 1.14792 5357 0 0.0401235
54.1408 11584 10136 0.0889734 0.989492 1.14768 0.989492 1.14768 5364 0 0.0397693
54.2226 13032 8688 0.0951265 0.992402 1.14745 0.992402 1.14745 5371 0 0.0403162
54.304 11584 10136 0.090698 0.99533 1.14722 0.99533 1.14722 5378 0 0.0398722
54.3856 13032 8688 0.0970986 0.993864 1.14699 0.993864 1.14699 5385 0 0.0404587
54.3863 11584 10136 0.0920192 112.472 1.14847 112.472 1.14847 5392 0 0.0399551
54.4686 13032 8688 0.0880781 0.985158 1.14822 0.985158 1.14822 5399 0 0.0398708
54.5501 11584 10136 0.0859625 0.99533 1.14799 0.99533 1.14799 5406 0 0.0396039
54.6323 13032 8688 0.0923091 0.986599 1.14775 0.986599 1.14775 5413 0 0.0401263
54.7143 11584 10136 0.0890156 0.989492 1.14751 0.989492 1.14751 5420 0 0.0397718
54.7962 13032 8688 0.0949718 0.989492 1.14728 0.989492 1.14728 5427 0 0.0403054
54.8781 11584 10136 0.0908151 0.989492 1.14704 0.989492 1.14704 5434 0 0.0398794
54.96 13032 8688 0.0972923 0.990945 1.14681 0.990945 1.14681 5441 0 0.0404731
54.9607 11584 10136 0.0922446 112.472 1.14827 112.472 1.14827 5448 0 0.0399696
