0.600133 14480 0 0 0 0 0 0 0 0 0.131491
0.801462 15928 13032 0.200125 0.575376 0.144536 0.575376 0.144536 10 0 0.0472581
0.803866 17376 13032 0.200484 9.64048 0.172924 9.64048 0.172924 12 0 0.0471864
0.806269 21720 14480 0.201174 14.4607 0.215511 14.4607 0.215511 15 0 0.0468714
0.808672 23168 18824 0.202027 24.1012 0.286494 24.1012 0.286494 20 0 0.0456986
0.811075 24616 20272 0.203149 14.4607 0.328492 14.4607 0.328492 23 0 0.0451873
1.00275 26064 21720 0.228005 0.181307 0.300358 0.181307 0.300358 26 0 0.0406988
1.00515 27512 23168 0.225004 14.4607 0.334214 14.4607 0.334214 29 0 0.0408494
1.00756 57920 24616 0.222379 14.4607 0.367908 14.4607 0.367908 32 0 0.0475212
1.21125 69504 55024 0.226387 2.21795 0.679023 2.21795 0.679023 71 0 0.0354959
1.45637 82536 66608 0.233188 2.17383 0.930619 2.17383 0.930619 117 0 0.0327238
1.75197 89776 79640 0.265443 2.15539 1.13726 2.15539 1.13726 172 0 0.0263811
2.08241 83984 86880 0.333428 2.10338 1.29057 2.10338 1.29057 232 0 0.0249686
2.42246 57920 81088 0.371015 1.94172 1.38197 1.94172 1.38197 289 0 0.0344454
2.67239 52128 55024 0.360073 1.76124 1.41744 1.76124 1.41744 327 0 0.0329701
2.78054 53576 49232 0.298402 3.64196 1.50396 3.64196 1.50396 361 0 0.0302041
3.03768 59368 50680 0.263673 1.57671 1.51012 1.57671 1.51012 396 0 0.031477
3.28761 65160 56472 0.256437 1.80759 1.53274 1.80759 1.53274 435 0 0.030996
3.57119 68056 62264 0.28261 1.79738 1.55375 1.79738 1.55375 479 0 0.0281818
3.8776 66608 65160 0.309195 1.70126 1.56541 1.70126 1.56541 524 0 0.0274064
4.18881 65160 63712 0.314361 1.67499 1.57355 1.67499 1.57355 569 0 0.0277839
4.49041 63712 62264 0.305287 1.65156 1.57879 1.65156 1.57879 612 0 0.0278626
4.78841 62264 60816 0.305578 1.63266 1.58214 1.63266 1.58214 654 0 0.028124
5.0792 63712 59368 0.299841 1.6333 1.58507 1.6333 1.58507 695 0 0.0283523
5.37239 57920 60816 0.301777 1.69894 1.59128 1.69894 1.59128 738 0 0.0283197
5.66678 59368 55024 0.296948 1.49526 1.5863 1.49526 1.5863 776 0 0.029147
5.95636 57920 56472 0.292377 1.56008 1.58502 1.56008 1.58502 815 0 0.0289328
6.25196 56472 55024 0.30522 1.52837 1.58234 1.52837 1.58234 854 0 0.0291649
6.54635 57920 53576 0.29716 1.45591 1.57666 1.45591 1.57666 891 0 0.0294099
6.84074 56472 55024 0.306413 1.53461 1.57485 1.53461 1.57485 930 0 0.0291788
7.09428 60816 53576 0.2691 1.69051 1.57898 1.69051 1.57898 967 0 0.0304759
7.3382 66608 57920 0.259254 1.94709 1.59122 1.94709 1.59122 1008 0 0.0304968
7.59655 73848 63712 0.257096 1.97294 1.6042 1.97294 1.6042 1052 0 0.0297762
7.88253 78192 70952 0.278408 1.9848 1.61801 1.9848 1.61801 1101 0 0.0268959
8.17212 57920 75296 0.30732 2.12011 1.6358 2.12011 1.6358 1154 0 0.0285254
8.4629 59368 55024 0.294281 1.51379 1.63161 1.51379 1.63161 1192 0 0.0291704
8.73687 63712 56472 0.277711 1.64903 1.63215 1.64903 1.63215 1231 0 0.0294908
9.01804 65160 60816 0.29801 1.77154 1.6365 1.77154 1.6365 1274 0 0.0280968
9.31243 66608 62264 0.291178 1.692 1.63825 1.692 1.63825 1317 0 0.0279125
9.61283 65160 63712 0.316836 1.69672 1.64008 1.69672 1.64008 1361 0 0.0278611
9.91203 62264 62264 0.323912 1.66482 1.64083 1.66482 1.64083 1404 0 0.0284512
10.2052 59368 59368 0.32624 1.65943 1.64136 1.65943 1.64136 1446 0 0.0290855
10.46 57920 56472 0.307674 1.81896 1.64569 1.81896 1.64569 1486 0 0.0289336
10.7183 60816 55024 0.281147 1.74874 1.64817 1.74874 1.64817 1525 0 0.0295378
10.9406 66608 57920 0.262402 2.08443 1.65704 2.08443 1.65704 1565 0 0.0302501
11.2302 70952 63712 0.276363 1.76009 1.65969 1.76009 1.65969 1609 0 0.0282556
11.3407 69504 68056 0.3037 4.92503 1.69152 4.92503 1.69152 1656 0 0.0268274
11.6568 68056 66608 0.318344 1.72282 1.69237 1.72282 1.69237 1703 0 0.0274037
11.9644 66608 65160 0.310441 1.69462 1.69243 1.69462 1.69243 1748 0 0.0274308
12.266 65160 63712 0.306284 1.72837 1.69331 1.72837 1.69331 1793 0 0.0276171
12.558 66608 62264 0.295092 1.70593 1.69361 1.70593 1.69361 1836 0 0.0278587
12.8427 68056 63712 0.289797 1.83047 1.69664 1.83047 1.69664 1881 0 0.0276817
13.1335 69504 65160 0.292987 1.79265 1.69877 1.79265 1.69877 1926 0 0.027371
13.4279 70952 66608 0.298919 1.8494 1.70207 1.8494 1.70207 1973 0 0.0270683
13.7283 57920 68056 0.302465 1.81241 1.70448 1.81241 1.70448 2020 0 0.0280126
14.0323 56472 55024 0.308232 1.48608 1.69975 1.48608 1.69975 2059 0 0.0292054
14.3159 57920 53576 0.289041 1.51143 1.69602 1.51143 1.69602 2096 0 0.0295219
14.8939 59368 55024 0.294081 1.54328 1.69009 1.54328 1.69009 2173 0 0.0291727
15.1871 60816 56472 0.295446 1.5409 1.68721 1.5409 1.68721 2212 0 0.0288954
15.4814 59368 57920 0.301238 1.6133 1.68581 1.6133 1.68581 2253 0 0.0286144
15.7698 60816 56472 0.291741 1.56658 1.68363 1.56658 1.68363 2292 0 0.0289429
16.0606 62264 57920 0.297866 1.6333 1.68272 1.6333 1.68272 2333 0 0.0286174
16.355 63712 59368 0.29664 1.6133 1.68147 1.6133 1.68147 2374 0 0.0283636
16.653 62264 60816 0.305918 1.67153 1.68129 1.67153 1.68129 2417 0 0.0281279
16.9498 63712 59368 0.299634 1.60024 1.67987 1.60024 1.67987 2458 0 0.0283524
17.1961 69504 60816 0.263593 2.02215 1.68477 2.02215 1.68477 2501 0 0.029642
17.4413 79640 66608 0.248277 2.17383 1.69165 2.17383 1.69165 2547 0 0.0304581
17.7116 57920 76744 0.267311 2.27087 1.70049 2.27087 1.70049 2600 0 0.0297265
18.0108 56472 55024 0.304368 1.50995 1.69732 1.50995 1.69732 2639 0 0.0291567
18.298 57920 53576 0.289546 1.49246 1.69411 1.49246 1.69411 2676 0 0.0295111
18.5768 59368 55024 0.293078 1.6206 1.693 1.6206 1.693 2715 0 0.0291856
18.8303 63712 56472 0.266847 1.78189 1.6942 1.78189 1.6942 2754 0 0.030093
19.0971 68056 60816 0.275715 1.8673 1.69662 1.8673 1.69662 2797 0 0.0288019
19.383 57920 65160 0.282584 1.82278 1.69848 1.82278 1.69848 2842 0 0.0283408
19.6858 56472 55024 0.313281 1.49198 1.6953 1.49198 1.6953 2881 0 0.029314
19.9838 57920 53576 0.300133 1.4383 1.69147 1.4383 1.69147 2918 0 0.0294018
20.2746 56472 55024 0.311215 1.55363 1.6895 1.55363 1.6895 2957 0 0.0292634
20.5606 57920 53576 0.292645 1.49873 1.68684 1.49873 1.68684 2994 0 0.0294559
20.849 56472 55024 0.307064 1.56658 1.68518 1.56658 1.68518 3033 0 0.0291875
21.1398 57920 53576 0.29286 1.47396 1.68227 1.47396 1.68227 3070 0 0.0294528
21.6565 59368 55024 0.290631 1.72632 1.68332 1.72632 1.68332 3147 0 0.0292254
21.9316 57920 56472 0.279172 1.64183 1.6828 1.64183 1.6828 3186 0 0.0293085
22.214 59368 55024 0.297764 1.59991 1.68175 1.59991 1.68175 3225 0 0.0291427
22.5072 60816 56472 0.290077 1.5409 1.67991 1.5409 1.67991 3264 0 0.0289731
22.7944 59368 57920 0.315531 1.65381 1.67959 1.65381 1.67959 3305 0 0.0288541
23.0635 60816 56472 0.288058 1.67848 1.67957 1.67848 1.67957 3344 0 0.0290173
23.3291 62264 57920 0.29093 1.78851 1.68081 1.78851 1.68081 3385 0 0.0286951
23.6115 66608 59368 0.275841 1.68196 1.68083 1.68196 1.68083 3426 0 0.0290552
23.9107 57920 63712 0.314009 1.74226 1.68159 1.74226 1.68159 3471 0 0.0282957
24.0272 56472 55024 0.3048 3.77668 1.69176 3.77668 1.69176 3509 0 0.0291607
24.3264 57920 53576 0.301907 1.43252 1.68857 1.43252 1.68857 3546 0 0.0294055
24.6208 56472 55024 0.300735 1.53461 1.68673 1.53461 1.68673 3585 0 0.0291382
24.8984 59368 53576 0.282963 1.54415 1.68514 1.54415 1.68514 3622 0 0.0297368
25.1784 60816 56472 0.285918 1.65502 1.6848 1.65502 1.6848 3662 0 0.029073
25.4331 66608 57920 0.26333 1.86443 1.6866 1.86443 1.6866 3703 0 0.0301812
25.6999 57920 63712 0.268007 1.91073 1.68893 1.91073 1.68893 3747 0 0.0291231
25.9882 59368 55024 0.287885 1.52641 1.68713 1.52641 1.68713 3785 0 0.0292844
26.2826 60816 56472 0.295208 1.53461 1.68542 1.53461 1.68542 3824 0 0.0288976
26.5818 59368 57920 0.306991 1.58739 1.68431 1.58739 1.68431 3865 0 0.0286617
26.8798 57920 56472 0.300906 1.51604 1.68245 1.51604 1.68245 3904 0 0.0288755
27.1718 56472 55024 0.302351 1.54724 1.681 1.54724 1.681 3943 0 0.0291432
27.4434 59368 53576 0.277882 1.57831 1.67998 1.57831 1.67998 3980 0 0.0299358
27.7209 60816 56472 0.286089 1.66935 1.67987 1.66935 1.67987 4020 0 0.0290682
28.0117 62264 57920 0.298467 1.6333 1.67939 1.6333 1.67939 4061 0 0.0286152
28.3121 60816 59368 0.300822 1.58104 1.67835 1.58104 1.67835 4102 0 0.028353
28.5861 62264 57920 0.290626 1.73359 1.67888 1.73359 1.67888 4143 0 0.0287008
28.8553 66608 59368 0.27309 1.76455 1.67968 1.76455 1.67968 4184 0 0.0291957
29.134 68056 63712 0.288262 1.86992 1.6815 1.86992 1.6815 4229 0 0.0277154
29.4296 69504 65160 0.293516 1.7635 1.68232 1.7635 1.68232 4274 0 0.0273639
29.7372 57920 66608 0.318155 1.76993 1.68323 1.76993 1.68323 4321 0 0.0283361
30.0448 56472 55024 0.310713 1.43101 1.68064 1.43101 1.68064 4359 0 0.0292524
30.326 57920 53576 0.291008 1.52435 1.67919 1.52435 1.67919 4396 0 0.0294827
30.6012 59368 55024 0.295777 1.64183 1.67886 1.64183 1.67886 4435 0 0.0291555
30.88 62264 56472 0.280716 1.6206 1.67833 1.6206 1.67833 4474 0 0.0292913
31.1635 60816 59368 0.301926 1.71568 1.67867 1.71568 1.67867 4516 0 0.028356
31.4507 59368 57920 0.306609 1.65381 1.67844 1.65381 1.67844 4557 0 0.0286566
31.7367 60816 56472 0.28968 1.57974 1.67756 1.57974 1.67756 4596 0 0.0289812
32.0263 59368 57920 0.309085 1.64008 1.67722 1.64008 1.67722 4637 0 0.0286954
32.2498 60816 56472 0.293182 2.02139 1.6796 2.02139 1.6796 4676 0 0.0289211
32.5418 59368 57920 0.306619 1.62658 1.67913 1.62658 1.67913 4717 0 0.0286567
32.8289 60816 56472 0.291368 1.57313 1.6782 1.57313 1.6782 4756 0 0.0289492
33.1053 62264 57920 0.294597 1.71852 1.67854 1.71852 1.67854 4797 0 0.0286421
33.3877 65160 59368 0.282544 1.68196 1.67856 1.68196 1.67856 4838 0 0.0287017
33.6845 63712 62264 0.310268 1.71733 1.67891 1.71733 1.67891 4882 0 0.0279401
33.9909 60816 60816 0.324071 1.62565 1.67843 1.62565 1.67843 4925 0 0.028717
34.2853 62264 57920 0.299597 1.57396 1.67753 1.57396 1.67753 4965 0 0.028613
34.5641 57920 59368 0.293207 1.70371 1.67774 1.70371 1.67774 5006 0 0.0285177
34.8476 56472 55024 0.308905 1.59313 1.67705 1.59313 1.67705 5045 0 0.029217
34.945 57920 53576 0.285443 4.40368 1.68465 4.40368 1.68465 5082 0 0.0296137
35.2309 59368 55024 0.289042 1.57974 1.68379 1.57974 1.68379 5121 0 0.0292577
35.5241 60816 56472 0.29493 1.5409 1.68261 1.5409 1.68261 5160 0 0.0289004
35.8149 62264 57920 0.297165 1.6333 1.68221 1.6333 1.68221 5201 0 0.0286209
36.1081 63712 59368 0.295524 1.61992 1.68171 1.61992 1.68171 5242 0 0.0283723
36.4025 62264 60816 0.300989 1.692 1.68179 1.692 1.68179 5285 0 0.0280939
36.6969 63712 59368 0.297194 1.6133 1.68124 1.6133 1.68124 5326 0 0.0283601
36.9925 57920 60816 0.302614 1.68512 1.68127 1.68512 1.68127 5369 0 0.0283234
37.2869 59368 55024 0.297075 1.49526 1.6798 1.49526 1.6798 5407 0 0.0291462
37.5801 60816 56472 0.2953 1.5409 1.67872 1.5409 1.67872 5446 0 0.0288968
37.8757 59368 57920 0.304134 1.60675 1.67816 1.60675 1.67816 5487 0 0.02863
38.1725 60816 56472 0.299729 1.52218 1.67695 1.52218 1.67695 5526 0 0.0288747
38.4693 59368 57920 0.306371 1.60024 1.67635 1.60024 1.67635 5567 0 0.0286535
38.7649 60816 56472 0.298745 1.52837 1.67523 1.52837 1.67523 5606 0 0.0288762
39.0604 57920 57920 0.306244 1.60675 1.67471 1.60675 1.67471 5647 0 0.0286966
39.9448 59368 55024 0.296001 1.49323 1.67069 1.49323 1.67069 5761 0 0.0291536
40.238 60816 56472 0.295599 1.5409 1.66974 1.5409 1.66974 5800 0 0.028894
40.5384 59368 57920 0.311229 1.54248 1.6688 1.54248 1.6688 5840 0 0.028739
40.8412 57920 56472 0.320076 1.53023 1.66777 1.53023 1.66777 5880 0 0.0292777
41.1368 56472 55024 0.305993 1.52837 1.66677 1.52837 1.66677 5919 0 0.0291736
41.424 57920 53576 0.293738 1.49246 1.66556 1.49246 1.66556 5956 0 0.029441
41.6739 59368 55024 0.287652 1.80759 1.66642 1.80759 1.66642 5995 0 0.0292901
41.9058 68056 56472 0.247056 1.94808 1.66797 1.94808 1.66797 6034 0 0.0321995
42.1582 75296 65160 0.260748 2.11172 1.67063 2.11172 1.67063 6080 0 0.0292203
42.4454 76744 72400 0.29027 2.05717 1.67325 2.05717 1.67325 6131 0 0.0261552
42.7061 75296 73848 0.301658 2.26573 1.67686 2.26573 1.67686 6182 0 0.0258146
43.0137 70952 72400 0.328607 1.92056 1.67861 1.92056 1.67861 6233 0 0.0269982
43.3093 69504 68056 0.30514 1.84188 1.67972 1.84188 1.67972 6280 0 0.0268402
43.5989 57920 66608 0.314301 1.88009 1.68105 1.88009 1.68105 6327 0 0.028211
43.8885 59368 55024 0.29128 1.52008 1.67999 1.52008 1.67999 6365 0 0.0292137
44.154 57920 56472 0.280221 1.70126 1.68012 1.70126 1.68012 6404 0 0.0292659
44.4076 59368 55024 0.29114 1.78189 1.6807 1.78189 1.6807 6443 0 0.0292161
44.5061 65160 56472 0.259542 4.58511 1.68713 4.58511 1.68713 6482 0 0.0307352
44.7849 57920 62264 0.280638 1.82837 1.68801 1.82837 1.68801 6526 0 0.0285674
45.0865 56472 55024 0.304805 1.49792 1.68674 1.49792 1.68674 6565 0 0.0291607
45.3857 55024 53576 0.30166 1.43252 1.68506 1.43252 1.68506 6602 0 0.0294046
45.6428 60816 52128 0.266126 1.66681 1.68496 1.66681 1.68496 6639 0 0.0310383
45.9048 66608 57920 0.264282 1.7689 1.68544 1.7689 1.68544 6679 0 0.0301123
46.1907 57920 63712 0.285317 1.78227 1.68604 1.78227 1.68604 6723 0 0.0283151
46.4659 60816 55024 0.280397 1.59973 1.68552 1.59973 1.68552 6761 0 0.0295667
46.7255 66608 57920 0.263928 1.78527 1.68608 1.78527 1.68608 6801 0 0.0301377
47.0006 70952 63712 0.275296 1.85232 1.68705 1.85232 1.68705 6845 0 0.0283072
47.2986 72400 68056 0.295874 1.82703 1.68793 1.82703 1.68793 6892 0 0.0268308
47.6062 70952 69504 0.31439 1.80759 1.68871 1.80759 1.68871 6940 0 0.0267685
47.9102 69504 68056 0.313567 1.79092 1.68936 1.79092 1.68936 6987 0 0.0269978
48.1986 68056 66608 0.302084 1.88793 1.69054 1.88793 1.69054 7034 0 0.0270715
48.4798 70952 65160 0.285506 1.85394 1.69149 1.85394 1.69149 7079 0 0.0275766
48.7646 72400 68056 0.294432 1.9525 1.69302 1.9525 1.69302 7127 0 0.0268447
49.0566 70952 69504 0.301667 1.94396 1.69451 1.94396 1.69451 7176 0 0.0265643
49.3281 75296 68056 0.279829 2.00488 1.69622 2.00488 1.69622 7223 0 0.0273399
49.6021 78192 72400 0.284664 2.15642 1.69876 2.15642 1.69876 7274 0 0.0263405
49.8905 81088 75296 0.287064 2.08877 1.70101 2.08877 1.70101 7326 0 0.0257765
50.1801 82536 78192 0.293609 2.16011 1.70366 2.16011 1.70366 7380 0 0.0251139
50.4732 83984 79640 0.294846 2.17306 1.70639 2.17306 1.70639 7435 0 0.0248557
50.7688 82536 81088 0.312124 2.23377 1.70946 2.23377 1.70946 7492 0 0.0247334
51.0644 83984 79640 0.298336 2.15539 1.71204 2.15539 1.71204 7547 0 0.0248319
51.3588 82536 81088 0.313366 2.24289 1.71508 2.24289 1.71508 7604 0 0.0247651
51.6508 83984 79640 0.296124 2.182 1.71772 2.182 1.71772 7659 0 0.0248442
51.9128 85432 81088 0.297863 2.52068 1.72178 2.52068 1.72178 7716 0 0.024591
52.1723 57920 82536 0.265237 2.54402 1.72587 2.54402 1.72587 7773 0 0.0309209
52.4427 59368 55024 0.286611 1.67102 1.72558 1.67102 1.72558 7812 0 0.0293169
52.6529 66608 56472 0.253543 2.14845 1.72727 2.14845 1.72727 7851 0 0.0313908
52.9173 70952 63712 0.276502 1.97192 1.72849 1.97192 1.72849 7896 0 0.0282491
53.1913 75296 68056 0.273368 1.98729 1.72983 1.98729 1.72983 7943 0 0.0276423
53.482 73848 72400 0.307946 2.03167 1.73147 2.03167 1.73147 7994 0 0.0261237
53.7776 75296 70952 0.295837 1.92026 1.73251 1.92026 1.73251 8043 0 0.0263278
54.048 72400 72400 0.320479 2.18518 1.73477 2.18518 1.73477 8094 0 0.0265247
54.1622 76744 69504 0.274498 4.87098 1.74138 4.87098 1.74138 8142 0 0.0273311
54.4313 81088 73848 0.273633 2.19493 1.74362 2.19493 1.74362 8193 0 0.0266264
54.7233 82536 78192 0.294948 2.182 1.74596 2.182 1.74596 8248 0 0.0250986
55.0249 81088 79640 0.303626 2.11246 1.74797 2.11246 1.74797 8303 0 0.0248423
55.3313 79640 78192 0.310961 2.07932 1.74981 2.07932 1.74981 8358 0 0.0251932
55.6281 81088 76744 0.300132 2.0686 1.75151 2.0686 1.75151 8411 0 0.0253181
55.9249 79640 78192 0.301825 2.14667 1.7536 2.14667 1.7536 8466 0 0.0250764
56.2181 81088 76744 0.295728 2.09404 1.75538 2.09404 1.75538 8519 0 0.0253364
56.5149 79640 78192 0.301655 2.14667 1.75743 2.14667 1.75743 8574 0 0.0250758
56.784 83984 76744 0.277278 2.28101 1.75992 2.28101 1.75992 8627 0 0.0259537
57.052 89776 81088 0.27327 2.46416 1.76322 2.46416 1.76322 8684 0 0.0255246
57.3308 94120 86880 0.280141 2.49323 1.76677 2.49323 1.76677 8744 0 0.0241412
57.6288 95568 91224 0.298395 2.44899 1.7703 2.44899 1.7703 8807 0 0.0229235
57.9352 94120 92672 0.311645 2.45738 1.77394 2.45738 1.77394 8872 0 0.0228233
58.2308 95568 91224 0.299648 2.4689 1.77746 2.4689 1.77746 8935 0 0.022921
58.5216 97016 92672 0.29853 2.58938 1.7815 2.58938 1.7815 9000 0 0.0226899
58.8123 98464 94120 0.293239 2.58938 1.78549 2.58938 1.78549 9065 0 0.0225015
59.1067 97016 95568 0.300601 2.63638 1.78973 2.63638 1.78973 9132 0 0.0222253
59.3975 98464 94120 0.294799 2.58938 1.79364 2.58938 1.79364 9197 0 0.0224828
59.6883 99912 95568 0.298972 2.66906 1.79791 2.66906 1.79791 9264 0 0.022226
59.9815 101360 97016 0.295366 2.64718 1.80206 2.64718 1.80206 9331 0 0.0220169
60.2771 99912 98464 0.304317 2.70404 1.80648 2.70404 1.80648 9400 0 0.0217856
60.5715 101360 97016 0.297253 2.63638 1.81052 2.63638 1.81052 9467 0 0.0220029
60.8647 99912 98464 0.302958 2.7262 1.81493 2.7262 1.81493 9536 0 0.0217757
61.1567 101360 97016 0.294389 2.65807 1.81895 2.65807 1.81895 9603 0 0.0220269
61.4475 99912 98464 0.301693 2.74873 1.82335 2.74873 1.82335 9672 0 0.0217699
61.737 101360 97016 0.292623 2.68013 1.82737 2.68013 1.82737 9739 0 0.0220498
62.0254 99912 98464 0.301901 2.77164 1.83176 2.77164 1.83176 9808 0 0.0217706
62.315 102808 97016 0.290844 2.68013 1.83571 2.68013 1.83571 9875 0 0.0221239
62.6082 101360 99912 0.305127 2.76571 1.84006 2.76571 1.84006 9945 0 0.0215661
62.9026 99912 98464 0.30802 2.71507 1.84416 2.71507 1.84416 10014 0 0.0218313
63.1946 57920 97016 0.295197 2.65807 1.84792 2.65807 1.84792 10081 0 0.0345428
63.4878 56472 55024 0.305288 1.5409 1.8465 1.5409 1.8465 10120 0 0.0291656
63.7041 62264 53576 0.261008 1.98165 1.84696 1.98165 1.84696 10157 0 0.0311458
63.9432 69504 59368 0.25552 2.03467 1.84766 2.03467 1.84766 10199 0 0.0306886
64.1991 75296 66608 0.263213 2.12724 1.84877 2.12724 1.84877 10246 0 0.0286441
64.4839 79640 72400 0.277981 2.03386 1.84959 2.03386 1.84959 10296 0 0.0266647
64.7927 78192 76744 0.302503 1.98811 1.85025 1.98811 1.85025 10349 0 0.0253244
65.0991 73848 75296 0.323938 2.00371 1.85097 2.00371 1.85097 10402 0 0.0262567
65.3743 75296 70952 0.291888 2.06281 1.85187 2.06281 1.85187 10451 0 0.0263762
65.641 78192 72400 0.286251 2.2147 1.85334 2.2147 1.85334 10502 0 0.0262943
65.9198 82536 75296 0.275629 2.1608 1.85464 2.1608 1.85464 10554 0 0.0262777
66.2118 85432 79640 0.286765 2.182 1.85608 2.182 1.85608 10609 0 0.025049
66.5158 81088 82536 0.321747 2.21007 1.8577 2.21007 1.8577 10667 0 0.0249371
66.8198 57920 78192 0.329211 2.09576 1.85878 2.09576 1.85878 10722 0 0.0297283
67.113 59368 55024 0.298692 1.50139 1.85722 1.50139 1.85722 10760 0 0.0291394
67.3858 63712 56472 0.277251 1.65629 1.85641 1.65629 1.85641 10799 0 0.0295115
67.6717 62264 60816 0.305843 1.74177 1.85593 1.74177 1.85593 10842 0 0.028127
67.7703 63712 59368 0.294541 4.82024 1.86024 4.82024 1.86024 10883 0 0.0283821
68.0731 62264 60816 0.306523 1.645 1.85928 1.645 1.85928 10926 0 0.0281354
68.3771 60816 59368 0.306643 1.56229 1.85796 1.56229 1.85796 10967 0 0.0283964
68.6715 59368 57920 0.304283 1.57396 1.85674 1.57396 1.85674 11007 0 0.0286312
68.9647 60816 56472 0.299066 1.5409 1.8554 1.5409 1.8554 11046 0 0.0288755
69.2567 62264 57920 0.298684 1.62658 1.85443 1.62658 1.85443 11087 0 0.0286146
69.5438 63712 59368 0.291757 1.65381 1.8536 1.65381 1.8536 11128 0 0.0284202
69.8334 65160 60816 0.29664 1.72009 1.85305 1.72009 1.85305 11171 0 0.0281042
70.123 66608 62264 0.291797 1.72009 1.8525 1.72009 1.8525 11214 0 0.0279019
70.4174 65160 63712 0.301748 1.7707 1.85216 1.7707 1.85216 11259 0 0.0275807
70.7118 66608 62264 0.296612 1.692 1.85149 1.692 1.85149 11302 0 0.0278461
71.005 65160 63712 0.301475 1.77796 1.85119 1.77796 1.85119 11347 0 0.0275798
71.2946 66608 62264 0.293328 1.72009 1.85066 1.72009 1.85066 11390 0 0.0278792
71.5878 65160 63712 0.301599 1.77796 1.85036 1.77796 1.85036 11435 0 0.0275802
71.8821 66608 62264 0.29699 1.692 1.84971 1.692 1.84971 11478 0 0.0278437
72.1525 57920 63712 0.284762 1.9281 1.85 1.9281 1.85 11523 0 0.0283317
72.4217 62264 55024 0.271683 1.63544 1.84921 1.63544 1.84921 11561 0 0.0300588
72.686 68056 59368 0.266814 1.79663 1.84902 1.79663 1.84902 11602 0 0.0296772
72.9684 69504 65160 0.292076 1.88707 1.84916 1.88707 1.84916 11648 0 0.0273846
73.2688 57920 66608 0.310753 1.81241 1.84901 1.81241 1.84901 11695 0 0.0281221
73.5331 56472 55024 0.306883 1.66517 1.84835 1.66517 1.84835 11733 0 0.029185
73.8239 57920 53576 0.295196 1.47396 1.84688 1.47396 1.84688 11770 0 0.0294249
74.1099 59368 55024 0.298022 1.57974 1.84585 1.57974 1.84585 11809 0 0.0291416
74.3911 62264 56472 0.285315 1.60675 1.84494 1.60675 1.84494 11848 0 0.0291351
74.6783 63712 59368 0.297341 1.69414 1.84436 1.69414 1.84436 11890 0 0.0283593
74.9318 68056 60816 0.276447 1.96465 1.84477 1.96465 1.84477 11933 0 0.0287669
75.1902 75296 65160 0.260873 2.01777 1.84536 2.01777 1.84536 11978 0 0.0292106
75.4713 78192 72400 0.285893 2.10113 1.84632 2.10113 1.84632 12029 0 0.0263043
75.7681 79640 75296 0.296229 2.02957 1.84703 2.02957 1.84703 12081 0 0.0255786
76.0193 57920 76744 0.271591 2.44471 1.84901 2.44471 1.84901 12134 0 0.029465
76.2788 62264 55024 0.270019 1.74064 1.84864 1.74064 1.84864 12173 0 0.0301558
76.5371 69504 59368 0.254976 1.83842 1.84861 1.83842 1.84861 12214 0 0.0307373
76.8255 70952 66608 0.293429 1.88793 1.84875 1.88793 1.84875 12261 0 0.0271104
77.1331 69504 68056 0.303336 1.76993 1.84844 1.76993 1.84844 12308 0 0.0268249
77.442 65160 66608 0.329992 1.76304 1.8481 1.76304 1.8481 12355 0 0.028086
77.7424 57920 62264 0.307765 1.65816 1.84736 1.65816 1.84736 12398 0 0.0282528
78.0331 56472 55024 0.317314 1.55363 1.84627 1.55363 1.84627 12437 0 0.0294374
78.3179 57920 53576 0.288711 1.50505 1.84503 1.50505 1.84503 12474 0 0.0295293
78.5919 59368 55024 0.299222 1.64903 1.84435 1.64903 1.84435 12513 0 0.0291383
78.849 63712 56472 0.277406 1.75691 1.84406 1.75691 1.84406 12552 0 0.0295044
79.129 65160 60816 0.294639 1.77914 1.84383 1.77914 1.84383 12595 0 0.0281216
79.2311 57920 62264 0.287101 4.87695 1.84774 4.87695 1.84774 12638 0 0.0283589
79.7279 55024 56472 0.328104 0.909381 1.84189 0.909381 1.84189 12677 0 0.0297092
80.0295 50680 53576 0.332339 1.42111 1.84031 1.42111 1.84031 12714 0 0.0305669
80.2994 49232 47784 0.323769 1.45967 1.83903 1.45967 1.83903 12748 0 0.0310355
80.5637 50680 46336 0.294577 1.44607 1.83774 1.44607 1.83774 12781 0 0.03077
80.6538 57920 47784 0.271112 4.24181 1.84043 4.24181 1.84043 12814 0 0.0316628
80.9254 62264 55024 0.274883 1.66362 1.83983 1.66362 1.83983 12853 0 0.0298878
81.209 65160 59368 0.283449 1.67483 1.83926 1.67483 1.83926 12894 0 0.0286709
81.5094 63712 62264 0.306598 1.69672 1.83873 1.69672 1.83873 12938 0 0.0278782
81.7881 65160 60816 0.297797 1.78681 1.83855 1.78681 1.83855 12981 0 0.0280977
82.0585 69504 62264 0.275179 1.8424 1.83857 1.8424 1.83857 13024 0 0.02857
82.3337 72400 66608 0.282677 1.97861 1.83903 1.97861 1.83903 13071 0 0.027412
82.6196 75296 69504 0.286775 1.9443 1.8394 1.9443 1.8394 13119 0 0.0267811
82.9068 76744 72400 0.288643 2.01684 1.84001 2.01684 1.84001 13169 0 0.0261895
83.1988 78192 73848 0.293759 2.02331 1.84066 2.02331 1.84066 13220 0 0.0258508
83.4908 76744 75296 0.304739 2.10266 1.84157 2.10266 1.84157 13273 0 0.0255869
83.7816 78192 73848 0.293744 2.03167 1.84223 2.03167 1.84223 13324 0 0.025851
84.0748 76744 75296 0.305676 2.09404 1.84311 2.09404 1.84311 13377 0 0.0255966
84.3391 81088 73848 0.274678 2.23484 1.84434 2.23484 1.84434 13428 0 0.0265724
84.6107 85432 78192 0.281243 2.34613 1.84595 2.34613 1.84595 13483 0 0.0255441
84.839 89776 82536 0.275651 2.89214 1.84876 2.89214 1.84876 13540 0 0.0250571
85.131 91224 86880 0.297597 2.42004 1.85072 2.42004 1.85072 13601 0 0.0236333
85.4326 89776 88328 0.301164 2.34291 1.85246 2.34291 1.85246 13662 0 0.0233921
85.7366 86880 86880 0.315485 2.32438 1.85414 2.32438 1.85414 13723 0 0.0239121
86.0226 88328 83984 0.294744 2.34936 1.85578 2.34936 1.85578 13781 0 0.0241322
86.3026 92672 85432 0.283656 2.44115 1.85768 2.44115 1.85768 13840 0 0.0242519
86.5921 91224 89776 0.300611 2.52013 1.8599 2.52013 1.8599 13903 0 0.0231556
86.8913 92672 88328 0.29856 2.36172 1.86162 2.36172 1.86162 13964 0 0.0233929
87.1917 89776 89776 0.315934 2.4294 1.86358 2.4294 1.86358 14027 0 0.0234539
87.4681 92672 86880 0.289774 2.51491 1.86564 2.51491 1.86564 14087 0 0.0237768
87.7373 98464 89776 0.274354 2.66835 1.8681 2.66835 1.8681 14149 0 0.0240366
88.0124 104256 95568 0.274862 2.77848 1.87095 2.77848 1.87095 14215 0 0.0230805
88.3008 108600 101360 0.286068 2.81181 1.87402 2.81181 1.87402 14285 0 0.0216272
88.433 57920 105704 0.297733 6.39777 1.88078 6.39777 1.88078 14358 0 0.0388978
88.904 55024 55024 0.329717 0.959129 1.8759 0.959129 1.8759 14397 0 0.0300655
88.9917 60816 52128 0.260727 4.75421 1.87873 4.75421 1.87873 14433 0 0.0314332
89.2441 68056 57920 0.255369 1.83628 1.87861 1.83628 1.87861 14473 0 0.0309626
89.5012 75296 65160 0.259192 2.0272 1.87904 2.0272 1.87904 14518 0 0.0293449
89.7848 78192 72400 0.286094 2.04247 1.87956 2.04247 1.87956 14568 0 0.0262987
90.0924 76744 75296 0.311159 1.99588 1.87996 1.99588 1.87996 14621 0 0.0256889
90.382 78192 73848 0.298062 2.0401 1.88047 2.0401 1.88047 14672 0 0.0258157
90.6451 82536 75296 0.272787 2.33308 1.88178 2.33308 1.88178 14725 0 0.0264243
90.9191 86880 79640 0.275202 2.32555 1.88312 2.32555 1.88312 14780 0 0.0255634
91.2099 88328 83984 0.295568 2.35036 1.88461 2.35036 1.88461 14839 0 0.0241242
91.5031 89776 85432 0.295582 2.3311 1.88604 2.3311 1.88604 14898 0 0.023885
91.8023 88328 86880 0.306055 2.36172 1.88759 2.36172 1.88759 14959 0 0.0236642
92.1003 86880 85432 0.300712 2.2935 1.8889 2.2935 1.8889 15018 0 0.023866
92.3923 85432 83984 0.301285 2.34069 1.89033 2.34069 1.89033 15077 0 0.0241063
92.677 88328 82536 0.288422 2.3186 1.89165 2.3186 1.89165 15134 0 0.0245237
92.963 89776 85432 0.294502 2.43037 1.8933 2.43037 1.8933 15194 0 0.0238957
93.255 91224 86880 0.30008 2.42004 1.89495 2.42004 1.89495 15255 0 0.0236275
93.5482 92672 88328 0.295436 2.41012 1.89657 2.41012 1.89657 15316 0 0.0234116
93.8426 91224 89776 0.304475 2.47898 1.8984 2.47898 1.8984 15379 0 0.0231753
94.1382 92672 88328 0.297812 2.39053 1.89994 2.39053 1.89994 15440 0 0.0233956
94.4338 91224 89776 0.306458 2.4689 1.90172 2.4689 1.90172 15503 0 0.023197
94.7294 92672 88328 0.298135 2.39053 1.90325 2.39053 1.90325 15564 0 0.0233943
95.0021 94120 89776 0.291819 2.67555 1.90546 2.67555 1.90546 15627 0 0.0232222
95.2653 101360 91224 0.269065 2.77329 1.90786 2.77329 1.90786 15690 0 0.0242357
95.5405 57920 98464 0.283701 2.90477 1.91073 2.90477 1.91073 15759 0 0.0354366
95.8324 59368 55024 0.289426 1.50756 1.9095 1.50756 1.9095 15797 0 0.0292495
96.0968 57920 56472 0.265299 1.70899 1.90895 1.70899 1.90895 15836 0 0.0300789
96.3816 59368 55024 0.292901 1.58641 1.908 1.58641 1.908 15875 0 0.029188
96.6483 63712 56472 0.278222 1.6936 1.90741 1.6936 1.90741 15914 0 0.0294682
96.9271 65160 60816 0.292981 1.78681 1.90706 1.78681 1.90706 15957 0 0.0281421
97.2203 66608 62264 0.28898 1.69894 1.90643 1.69894 1.90643 16000 0 0.0279561
97.4967 65160 63712 0.310392 1.88618 1.90638 1.88618 1.90638 16045 0 0.0276856
97.779 68056 62264 0.282121 1.764 1.90596 1.764 1.90596 16088 0 0.028199
98.047 66608 65160 0.302032 1.98862 1.90619 1.98862 1.90619 16134 0 0.0273259
98.3246 68056 63712 0.297502 1.87802 1.90611 1.87802 1.90611 16179 0 0.0275839
98.6117 57920 65160 0.280909 1.81515 1.90585 1.81515 1.90585 16224 0 0.0284019
98.9145 56472 55024 0.32083 1.49198 1.90458 1.49198 1.90458 16263 0 0.0295716
99.1489 57920 53576 0.29747 1.82922 1.9044 1.82922 1.9044 16300 0 0.0294082
99.4396 56472 55024 0.317161 1.55363 1.90338 1.55363 1.90338 16339 0 0.0294322
99.5418 57920 53576 0.295052 4.19644 1.90573 4.19644 1.90573 16376 0 0.0294263
99.835 59368 55024 0.296261 1.5409 1.90466 1.5409 1.90466 16415 0 0.0291516
100.09 65160 56472 0.260934 1.77348 1.90432 1.77348 1.90432 16454 0 0.0306244
100.355 69504 62264 0.270048 1.91937 1.90436 1.91937 1.90436 16498 0 0.028851
100.628 73848 66608 0.277673 1.99605 1.90461 1.99605 1.90461 16545 0 0.027685
100.906 78192 70952 0.279668 2.04495 1.905 2.04495 1.905 16594 0 0.0268431
101.199 79640 75296 0.297557 2.09404 1.90555 2.09404 1.90555 16647 0 0.0255704
101.502 78192 76744 0.304362 2.02756 1.90591 2.02756 1.90591 16700 0 0.0253372
101.808 76744 75296 0.311842 1.9659 1.90609 1.9659 1.90609 16752 0 0.0257046
102.105 75296 73848 0.304416 1.99054 1.90634 1.99054 1.90634 16803 0 0.0258314
102.393 76744 72400 0.296891 2.0486 1.90674 2.0486 1.90674 16854 0 0.0260702
102.676 79640 73848 0.285693 2.09219 1.90725 2.09219 1.90725 16905 0 0.0260613
102.958 57920 76744 0.29019 2.21526 1.90809 2.21526 1.90809 16959 0 0.0287542
103.246 59368 55024 0.295427 1.56658 1.90714 1.56658 1.90714 16998 0 0.0291586
103.511 63712 56472 0.269647 1.70899 1.90663 1.70899 1.90663 17037 0 0.0299152
103.771 68056 60816 0.27002 1.91033 1.90664 1.91033 1.90664 17080 0 0.0291109
104.053 72400 65160 0.279853 1.85394 1.9065 1.85394 1.9065 17125 0 0.027847
104.351 57920 69504 0.304422 1.90477 1.90649 1.90477 1.90649 17174 0 0.0280571
104.651 56472 55024 0.303301 1.46535 1.90523 1.46535 1.90523 17212 0 0.0291485
104.931 57920 53576 0.285705 1.53089 1.90423 1.53089 1.90423 17249 0 0.0296062
105.187 62264 55024 0.273941 1.76516 1.90389 1.76516 1.90389 17288 0 0.029936
105.457 66608 59368 0.268975 1.75671 1.90351 1.75671 1.90351 17329 0 0.0294341
105.737 68056 63712 0.289805 1.8619 1.9034 1.8619 1.9034 17374 0 0.0276816
106.032 69504 65160 0.292305 1.7707 1.90303 1.7707 1.90303 17419 0 0.027381
106.336 68056 66608 0.316026 1.79092 1.90271 1.79092 1.90271 17466 0 0.027324
106.638 66608 65160 0.306368 1.72151 1.9022 1.72151 1.9022 17511 0 0.0273624
106.934 65160 63712 0.316223 1.7635 1.90181 1.7635 1.90181 17556 0 0.0278408
107.224 66608 62264 0.294732 1.72009 1.90132 1.72009 1.90132 17599 0 0.0278624
107.512 65160 63712 0.307671 1.80759 1.90107 1.80759 1.90107 17644 0 0.0276365
107.792 66608 62264 0.287159 1.77914 1.90076 1.77914 1.90076 17687 0 0.0279996
108.076 65160 63712 0.30204 1.83823 1.90059 1.83823 1.90059 17732 0 0.0275818
108.368 66608 62264 0.28958 1.70593 1.90007 1.70593 1.90007 17775 0 0.0279432
108.654 65160 63712 0.313056 1.82278 1.89986 1.82278 1.89986 17820 0 0.0277481
108.947 66608 62264 0.291306 1.69894 1.89932 1.69894 1.89932 17863 0 0.0279103
109.2 65160 63712 0.315518 2.05603 1.89969 2.05603 1.89969 17908 0 0.0278185
109.423 72400 62264 0.259388 2.24076 1.90038 2.24076 1.90038 17951 0 0.0298418
109.683 76744 69504 0.276797 2.17688 1.90104 2.17688 1.90104 18000 0 0.0272192
109.958 57920 73848 0.269271 2.14701 1.90165 2.14701 1.90165 18051 0 0.029261
110.263 56472 56472 0.318655 1.48347 1.9005 1.48347 1.9005 18090 0 0.0292227
110.55 55024 55024 0.316509 1.5328 1.89954 1.5328 1.89954 18128 0 0.0294102
110.629 57920 52128 0.282888 5.29412 1.90196 5.29412 1.90196 18164 0 0.0300048
110.887 63712 55024 0.26277 1.7039 1.9015 1.7039 1.9015 18202 0 0.0307474
111.159 68056 60816 0.272836 1.79159 1.90123 1.79159 1.90123 18244 0 0.0289501
111.451 69504 65160 0.292043 1.78527 1.90093 1.78527 1.90093 18289 0 0.0273851
111.716 73848 66608 0.275018 2.00662 1.90118 2.00662 1.90118 18335 0 0.0278105
111.993 78192 70952 0.281424 2.09576 1.90166 2.09576 1.90166 18385 0 0.0267748
112.258 83984 75296 0.270145 2.31197 1.90263 2.31197 1.90263 18438 0 0.0266794
112.535 88328 81088 0.277494 2.34725 1.90372 2.34725 1.90372 18494 0 0.0252122
112.827 89776 85432 0.29229 2.34069 1.90485 2.34069 1.90485 18553 0 0.0239249
113.129 88328 86880 0.308892 2.29535 1.9059 2.29535 1.9059 18613 0 0.0237066
113.433 86880 85432 0.312565 2.28628 1.90692 2.28628 1.90692 18673 0 0.0240233
113.733 57920 83984 0.303084 2.28429 1.90791 2.28429 1.90791 18732 0 0.0300632
114.015 59368 55024 0.288223 1.55889 1.90704 1.55889 1.90704 18770 0 0.0292763
114.275 65160 56472 0.263741 1.74064 1.90667 1.74064 1.90667 18809 0 0.030413
114.541 69504 62264 0.275127 1.8673 1.90657 1.8673 1.90657 18852 0 0.0285726
114.813 73848 66608 0.27483 2.00488 1.90681 2.00488 1.90681 18899 0 0.02782
115.102 76744 70952 0.286531 1.9601 1.90694 1.9601 1.90694 18948 0 0.0265366
115.405 57920 73848 0.311235 1.95105 1.90706 1.95105 1.90706 18999 0 0.028443
115.705 56472 55024 0.306591 1.50995 1.90603 1.50995 1.90603 19038 0 0.0291811
115.969 60816 53576 0.276521 1.62135 1.90538 1.62135 1.90538 19075 0 0.0300724
116.239 63712 57920 0.283268 1.71386 1.90494 1.71386 1.90494 19115 0 0.0289376
116.529 65160 60816 0.299442 1.72009 1.90448 1.72009 1.90448 19158 0 0.0280932
116.814 63712 62264 0.305783 1.74912 1.9041 1.74912 1.9041 19201 0 0.0278681
117.092 62264 60816 0.304443 1.78681 1.90382 1.78681 1.90382 19244 0 0.0281126
117.37 65160 59368 0.28077 1.71108 1.90336 1.71108 1.90336 19285 0 0.0287668
117.632 66608 62264 0.292865 1.94578 1.90346 1.94578 1.90346 19329 0 0.0278856
117.905 57920 63712 0.289511 1.91111 1.90347 1.91111 1.90347 19374 0 0.0282095
118.192 60816 55024 0.280032 1.5328 1.90257 1.5328 1.90257 19412 0 0.0295811
118.449 65160 57920 0.276385 1.80196 1.90236 1.80196 1.90236 19452 0 0.0292898
118.653 70952 62264 0.262176 2.43847 1.90328 2.43847 1.90328 19495 0 0.029489
118.903 75296 68056 0.272366 2.22473 1.90395 2.22473 1.90395 19543 0 0.0276966
119.169 79640 72400 0.281831 2.22473 1.90467 2.22473 1.90467 19594 0 0.0265099
119.284 83984 76744 0.280999 5.32235 1.90797 5.32235 1.90797 19647 0 0.0257985
119.574 85432 81088 0.292062 2.28011 1.90887 2.28011 1.90887 19704 0 0.0246495
119.874 57920 82536 0.302467 2.19803 1.9096 2.19803 1.9096 19761 0 0.0297186
120.328 56472 55024 0.318385 0.994653 1.90615 0.994653 1.90615 19800 0 0.0294757
120.433 60816 53576 0.270659 4.09997 1.90805 4.09997 1.90805 19837 0 0.030382
120.707 65160 57920 0.276583 1.73359 1.90765 1.73359 1.90765 19878 0 0.0292805
120.996 57920 62264 0.290638 1.72009 1.90721 1.72009 1.90721 19921 0 0.0282801
121.268 60816 55024 0.278542 1.62097 1.90656 1.62097 1.90656 19959 0 0.0296428
121.532 65160 57920 0.270734 1.75281 1.90623 1.75281 1.90623 19999 0 0.0295887
121.811 69504 62264 0.279883 1.78681 1.90596 1.78681 1.90596 20042 0 0.0283586
122.108 68056 66608 0.300282 1.79539 1.90569 1.79539 1.90569 20088 0 0.0270673
122.418 66608 65160 0.315348 1.71885 1.90521 1.71885 1.90521 20134 0 0.0275574
122.716 65160 63712 0.302968 1.74928 1.90484 1.74928 1.90484 20179 0 0.0275864
122.993 68056 62264 0.282983 1.79455 1.90459 1.79455 1.90459 20222 0 0.028169
123.27 70952 65160 0.284059 1.9281 1.90464 1.9281 1.90464 20268 0 0.0276207
123.556 72400 68056 0.291601 1.90379 1.90464 1.90379 1.90464 20315 0 0.0268843
123.848 73848 69504 0.294647 1.94396 1.90473 1.94396 1.90473 20364 0 0.0265901
124.14 75296 70952 0.294367 1.94396 1.90482 1.94396 1.90482 20413 0 0.0263422
124.432 57920 72400 0.300577 1.98364 1.90501 1.98364 1.90501 20463 0 0.028193
124.727 56472 55024 0.304733 1.52837 1.90412 1.52837 1.90412 20502 0 0.0291601
125.01 57920 53576 0.292991 1.55889 1.90334 1.55889 1.90334 20540 0 0.029451
125.297 59368 55024 0.290035 1.57313 1.90258 1.57313 1.90258 20579 0 0.0292369
125.59 60816 56472 0.294075 1.5409 1.90173 1.5409 1.90173 20618 0 0.0289098
125.889 59368 57920 0.307703 1.54867 1.9009 1.54867 1.9009 20658 0 0.0286722
126.187 57920 56472 0.310384 1.51604 1.89999 1.51604 1.89999 20697 0 0.0289825
126.438 60816 55024 0.279494 1.79894 1.89979 1.79894 1.89979 20736 0 0.0296029
126.686 68056 57920 0.252647 1.87194 1.89973 1.87194 1.89973 20776 0 0.031213
126.957 73848 65160 0.265473 1.91956 1.89977 1.91956 1.89977 20821 0 0.0287376
127.259 72400 70952 0.30733 1.92041 1.89982 1.92041 1.89982 20871 0 0.0263642
127.575 68056 69504 0.325304 1.75948 1.89947 1.75948 1.89947 20919 0 0.0273211
127.861 66608 65160 0.315042 1.82278 1.8993 1.82278 1.8993 20964 0 0.0275481
128.137 68056 63712 0.299125 1.88618 1.89927 1.88618 1.89927 21009 0 0.0275784
128.417 72400 65160 0.279951 1.8619 1.89919 1.8619 1.89919 21054 0 0.0278431
128.712 70952 69504 0.30785 1.9281 1.89926 1.9281 1.89926 21103 0 0.0266231
129.015 57920 68056 0.30111 1.79803 1.89902 1.79803 1.89902 21150 0 0.0280078
129.315 55024 55024 0.327407 1.50391 1.8981 1.50391 1.8981 21189 0 0.0299335
129.566 57920 52128 0.292142 1.66056 1.89764 1.66056 1.89764 21225 0 0.0297737
129.815 60816 55024 0.282107 1.76975 1.8974 1.76975 1.8974 21263 0 0.0295025
130.096 62264 57920 0.285955 1.64795 1.89686 1.64795 1.89686 21303 0 0.0288101
130.215 63712 59368 0.293711 3.99252 1.89877 3.99252 1.89877 21344 0 0.0283918
130.514 62264 60816 0.302082 1.66482 1.89824 1.66482 1.89824 21387 0 0.0280972
130.786 66608 59368 0.275838 1.74894 1.89793 1.74894 1.89793 21428 0 0.0290553
131.061 70952 63712 0.279947 1.89442 1.89792 1.89442 1.89792 21473 0 0.0280991
131.349 72400 68056 0.289449 1.88793 1.8979 1.88793 1.8979 21520 0 0.026925
131.653 70952 69504 0.308331 1.86713 1.89783 1.86713 1.89783 21569 0 0.0266309
131.933 73848 68056 0.286822 1.94465 1.89793 1.94465 1.89793 21616 0 0.0270321
132.207 78192 70952 0.280719 2.11414 1.89837 2.11414 1.89837 21666 0 0.0268015
132.485 82536 75296 0.283098 2.21188 1.89903 2.21188 1.89903 21719 0 0.0259694
132.774 57920 79640 0.290804 2.20011 1.89969 2.20011 1.89969 21774 0 0.0292078
133.078 56472 55024 0.309065 1.48608 1.89874 1.48608 1.89874 21813 0 0.0292198
133.357 59368 53576 0.283384 1.53749 1.89799 1.53749 1.89799 21850 0 0.0297227
133.626 63712 56472 0.277393 1.72151 1.89763 1.72151 1.89763 21890 0 0.029505
133.906 66608 60816 0.285827 1.77914 1.89738 1.77914 1.89738 21933 0 0.0283385
134.202 68056 63712 0.295928 1.72431 1.897 1.72431 1.897 21977 0 0.0275942
134.504 66608 65160 0.303365 1.72837 1.89663 1.72837 1.89663 22022 0 0.0273331
134.806 65160 63712 0.31167 1.72151 1.89623 1.72151 1.89623 22067 0 0.0277138
135.101 66608 62264 0.298673 1.692 1.89579 1.692 1.89579 22110 0 0.0278364
135.348 72400 63712 0.26556 2.10593 1.89617 2.10593 1.89617 22155 0 0.0289874
135.605 81088 69504 0.257487 2.16235 1.89668 2.16235 1.89668 22203 0 0.0288907
135.89 57920 78192 0.280273 2.19656 1.8973 2.19656 1.8973 22257 0 0.0292642
136.176 59368 55024 0.294063 1.53924 1.89655 1.53924 1.89655 22295 0 0.0291729
136.431 65160 56472 0.262686 1.77348 1.89632 1.77348 1.89632 22334 0 0.0304907
136.698 69504 62264 0.277025 1.91073 1.89635 1.91073 1.89635 22378 0 0.0284818
136.99 70952 66608 0.298519 1.86462 1.89628 1.86462 1.89628 22425 0 0.0270694
137.296 69504 68056 0.304642 1.77687 1.89602 1.77687 1.89602 22472 0 0.0268353
137.604 66608 66608 0.324422 1.76993 1.89574 1.76993 1.89574 22519 0 0.0277084
137.9 65160 63712 0.304064 1.71733 1.89535 1.71733 1.89535 22563 0 0.0275942
138.189 66608 62264 0.29396 1.72725 1.895 1.72725 1.895 22606 0 0.0278711
138.47 65160 63712 0.30449 1.85394 1.89492 1.85394 1.89492 22651 0 0.0275978
138.739 66608 62264 0.28815 1.85063 1.89483 1.85063 1.89483 22694 0 0.0279751
139.032 65160 63712 0.30993 1.77796 1.89458 1.77796 1.89458 22739 0 0.0276762
139.323 66608 62264 0.295387 1.71298 1.89421 1.71298 1.89421 22782 0 0.0278559
139.613 65160 63712 0.312761 1.80009 1.89401 1.80009 1.89401 22827 0 0.0277405
139.872 66608 62264 0.292635 1.91917 1.89406 1.91917 1.89406 22870 0 0.0278889
140.163 65160 63712 0.310684 1.79265 1.89385 1.79265 1.89385 22915 0 0.0276918
140.455 66608 62264 0.29442 1.70593 1.89346 1.70593 1.89346 22958 0 0.0278658
140.723 65160 63712 0.310196 1.94539 1.89355 1.94539 1.89355 23003 0 0.0276816
140.985 69504 62264 0.272583 1.90156 1.89357 1.90156 1.89357 23046 0 0.0287056
141.265 70952 66608 0.296417 1.94465 1.89367 1.94465 1.89367 23093 0 0.02708
141.384 72400 68056 0.288579 4.57679 1.89593 4.57679 1.89593 23140 0 0.0269442
141.684 70952 69504 0.302868 1.88953 1.89591 1.88953 1.89591 23189 0 0.0265697
141.987 69504 68056 0.30516 1.79803 1.89571 1.79803 1.89571 23236 0 0.0268404
142.285 68056 66608 0.302876 1.82703 1.89556 1.82703 1.89556 23283 0 0.0270755
142.577 69504 65160 0.29485 1.78527 1.89534 1.78527 1.89534 23328 0 0.0273483
142.868 70952 66608 0.295617 1.87232 1.89529 1.87232 1.89529 23375 0 0.0270864
143.161 72400 68056 0.295557 1.85698 1.89521 1.85698 1.89521 23422 0 0.0268335
143.458 70952 69504 0.301543 1.91248 1.89525 1.91248 1.89525 23471 0 0.0265639
143.723 75296 68056 0.270171 2.05024 1.89553 2.05024 1.89553 23518 0 0.0278228
143.981 82536 72400 0.26335 2.2975 1.89625 2.2975 1.89625 23569 0 0.0277616
144.252 88328 79640 0.272039 2.34613 1.8971 2.34613 1.8971 23624 0 0.0258346
144.548 89776 85432 0.298594 2.35134 1.89803 2.35134 1.89803 23684 0 0.0238674
144.859 86880 86880 0.315809 2.27054 1.89883 2.27054 1.89883 23745 0 0.0239222
145.157 85432 83984 0.302544 2.25463 1.89956 2.25463 1.89956 23803 0 0.0241111
145.444 57920 82536 0.290887 2.29919 1.90035 2.29919 1.90035 23860 0 0.0297955
146.004 62264 55024 0.273503 1.59295 1.89917 1.59295 1.89917 23937 0 0.029959
146.288 65160 59368 0.283215 1.67483 1.89873 1.67483 1.89873 23978 0 0.0286788
146.582 63712 62264 0.301664 1.73135 1.8984 1.73135 1.8984 24022 0 0.0278374
146.866 65160 60816 0.29427 1.75653 1.89812 1.75653 1.89812 24065 0 0.0281257
147.148 57920 62264 0.285039 1.764 1.89787 1.764 1.89787 24108 0 0.0284163
147.441 56472 55024 0.301038 1.5409 1.89716 1.5409 1.89716 24147 0 0.0291387
147.697 57920 53576 0.272268 1.67464 1.89677 1.67464 1.89677 24184 0 0.0301709
147.951 63712 55024 0.264164 1.78189 1.89657 1.78189 1.89657 24223 0 0.0306455
148.22 68056 60816 0.26841 1.80759 1.89641 1.80759 1.89641 24265 0 0.0292101
148.494 72400 65160 0.275063 1.90273 1.89642 1.90273 1.89642 24310 0 0.0280629
148.787 70952 69504 0.300458 1.936 1.8965 1.936 1.8965 24359 0 0.0265617
149.091 69504 68056 0.304051 1.79092 1.89629 1.79092 1.89629 24406 0 0.0268301
149.388 68056 66608 0.313392 1.83442 1.89616 1.83442 1.89616 24453 0 0.0272465
149.681 69504 65160 0.296748 1.77796 1.89593 1.77796 1.89593 24498 0 0.0273324
149.965 68056 66608 0.303746 1.91993 1.89598 1.91993 1.89598 24545 0 0.0270812
150.251 70952 65160 0.287073 1.82278 1.89584 1.82278 1.89584 24590 0 0.0275337
150.518 72400 68056 0.290867 2.07508 1.89616 2.07508 1.89616 24638 0 0.0268971
150.798 73848 69504 0.292326 2.0274 1.8964 2.0274 1.8964 24687 0 0.0266204
151.066 76744 70952 0.284798 2.11831 1.89679 2.11831 1.89679 24736 0 0.0265863
151.362 75296 73848 0.307917 2.03782 1.89707 2.03782 1.89707 24788 0 0.0258746
151.661 73848 72400 0.315817 1.97456 1.89722 1.97456 1.89722 24839 0 0.0263107
151.951 75296 70952 0.295797 1.9601 1.89734 1.9601 1.89734 24888 0 0.0263281
152.216 76744 72400 0.295096 2.22473 1.89791 2.22473 1.89791 24939 0 0.0260846
152.445 82536 73848 0.270042 2.58771 1.89895 2.58771 1.89895 24990 0 0.026933
152.725 57920 79640 0.28962 2.31703 1.89971 2.31703 1.89971 25046 0 0.0292309
153.086 56472 55024 0.315004 1.2491 1.89818 1.2491 1.89818 25085 0 0.0293628
153.293 59368 53576 0.280174 2.07382 1.89841 2.07382 1.89841 25122 0 0.0298396
153.543 57920 56472 0.268024 1.85394 1.89834 1.85394 1.89834 25162 0 0.0298972
153.795 62264 55024 0.270766 1.79037 1.89816 1.79037 1.89816 25201 0 0.0301116
154.067 68056 59368 0.264376 1.74894 1.8979 1.74894 1.8979 25242 0 0.029845
154.36 66608 65160 0.304204 1.81747 1.89775 1.81747 1.89775 25288 0 0.0273395
154.668 57920 63712 0.324235 1.69462 1.89734 1.69462 1.89734 25333 0 0.0286868
154.972 56472 55024 0.3082 1.44798 1.89646 1.44798 1.89646 25371 0 0.0292049
155.26 57920 53576 0.29694 1.48624 1.8957 1.48624 1.8957 25408 0 0.0294112
155.648 59368 55024 0.290404 2.29819 1.8967 2.29819 1.8967 25485 0 0.0292297
155.929 62264 56472 0.284172 1.60675 1.89618 1.60675 1.89618 25524 0 0.0291699
156.219 63712 59368 0.294539 1.68008 1.89578 1.68008 1.89578 25566 0 0.0283821
156.5 65160 60816 0.288388 1.77154 1.89556 1.77154 1.89556 25609 0 0.0282277
156.786 66608 62264 0.288055 1.74177 1.89528 1.74177 1.89528 25652 0 0.0279773
157.082 65160 63712 0.300741 1.7635 1.89503 1.7635 1.89503 25697 0 0.0275782
157.38 63712 62264 0.300417 1.67153 1.8946 1.67153 1.8946 25740 0 0.0278348
157.678 57920 60816 0.304729 1.67153 1.89418 1.67153 1.89418 25783 0 0.0283389
157.966 59368 55024 0.292256 1.52641 1.89351 1.52641 1.89351 25821 0 0.0291976
158.252 60816 56472 0.288529 1.57974 1.89294 1.57974 1.89294 25860 0 0.0290063
158.544 62264 57920 0.299215 1.62658 1.89245 1.62658 1.89245 25901 0 0.0286135
158.841 63712 59368 0.298734 1.60024 1.89191 1.60024 1.89191 25942 0 0.0283539
159.095 57920 60816 0.270395 1.95538 1.89201 1.95538 1.89201 25985 0 0.029193
159.35 63712 55024 0.257536 1.72801 1.89175 1.72801 1.89175 26023 0 0.0311645
159.617 69504 60816 0.265186 1.82387 1.89163 1.82387 1.89163 26065 0 0.0295285
159.88 73848 66608 0.269312 2.02494 1.89185 2.02494 1.89185 26111 0 0.0281282
160.147 79640 70952 0.268731 2.12785 1.89225 2.12785 1.89225 26160 0 0.0275118
160.415 83984 76744 0.279528 2.33447 1.89299 2.33447 1.89299 26214 0 0.0258565
160.704 85432 81088 0.296158 2.28011 1.89368 2.28011 1.89368 26271 0 0.0246012
161.001 86880 82536 0.297808 2.22473 1.89429 2.22473 1.89429 26328 0 0.0243497
161.303 83984 83984 0.315402 2.26609 1.89499 2.26609 1.89499 26387 0 0.0243866
161.604 82536 81088 0.304237 2.15086 1.89547 2.15086 1.89547 26443 0 0.0246044
161.898 83984 79640 0.297976 2.17306 1.89597 2.17306 1.89597 26498 0 0.0248332
162.186 82536 81088 0.3084 2.28961 1.89667 2.28961 1.89667 26555 0 0.024657
162.467 85432 79640 0.28674 2.26592 1.89731 2.26592 1.89731 26610 0 0.0250497
162.754 83984 82536 0.303803 2.33953 1.89809 2.33953 1.89809 26668 0 0.0243594
163.049 82536 81088 0.312075 2.24289 1.89871 2.24289 1.89871 26725 0 0.0247322
163.282 57920 79640 0.295995 2.73313 1.8999 2.73313 1.8999 26780 0 0.0291392
163.638 56472 55024 0.316961 1.2702 1.89853 1.2702 1.89853 26819 0 0.0294253
163.843 60816 53576 0.275472 2.08595 1.89877 2.08595 1.89877 26856 0 0.0301227
164.117 62264 57920 0.28599 1.73359 1.89849 1.73359 1.89849 26897 0 0.0288092
164.404 65160 59368 0.284253 1.65381 1.89807 1.65381 1.89807 26938 0 0.028645
164.702 63712 62264 0.313338 1.71041 1.89773 1.71041 1.89773 26982 0 0.0280126
165.004 60816 60816 0.322601 1.65156 1.89728 1.65156 1.89728 27025 0 0.0286484
165.297 59368 57920 0.300822 1.58041 1.89671 1.58041 1.89671 27065 0 0.0286136
165.57 60816 56472 0.291733 1.65629 1.89632 1.65629 1.89632 27104 0 0.028943
165.842 62264 57920 0.297143 1.74123 1.89606 1.74123 1.89606 27145 0 0.028621
165.959 66608 59368 0.276745 4.07484 1.89759 4.07484 1.89759 27186 0 0.0290123
166.244 68056 63712 0.287853 1.83047 1.89748 1.83047 1.89748 27231 0 0.0277252
166.539 69504 65160 0.297105 1.7635 1.89724 1.7635 1.89724 27276 0 0.0273302
166.84 68056 66608 0.305924 1.81241 1.89709 1.81241 1.89709 27323 0 0.0271023
167.127 69504 65160 0.294057 1.81515 1.89695 1.81515 1.89695 27368 0 0.0273571
167.413 70952 66608 0.292169 1.90379 1.89696 1.90379 1.89696 27415 0 0.0271285
167.693 73848 68056 0.283591 1.94465 1.89704 1.94465 1.89704 27462 0 0.0271277
167.957 57920 70952 0.271997 2.19102 1.8975 2.19102 1.8975 27512 0 0.0288838
168.216 63712 55024 0.263532 1.74874 1.89727 1.74874 1.89727 27551 0 0.0306912
168.463 72400 60816 0.252246 1.96553 1.89737 1.96553 1.89737 27593 0 0.0308952
168.715 81088 69504 0.255429 2.20354 1.89783 2.20354 1.89783 27641 0 0.0290699
168.992 85432 78192 0.27532 2.26342 1.89843 2.26342 1.89843 27695 0 0.0258014
169.284 86880 82536 0.29361 2.26135 1.89905 2.26135 1.89905 27752 0 0.0243857
169.589 85432 83984 0.312417 2.23932 1.89967 2.23932 1.89967 27811 0 0.0242588
169.857 89776 82536 0.277566 2.46416 1.90056 2.46416 1.90056 27868 0 0.0249675
170.131 94120 86880 0.281277 2.57925 1.90165 2.57925 1.90165 27929 0 0.0240974
170.419 57920 91224 0.287507 2.53063 1.90271 2.53063 1.90271 27992 0 0.0323807
170.722 56472 55024 0.311267 1.49198 1.90199 1.49198 1.90199 28031 0 0.0292646
170.97 57920 53576 0.25872 1.73154 1.90174 1.73154 1.90174 28068 0 0.0311059
171.24 62264 55024 0.274243 1.67102 1.90137 1.67102 1.90137 28107 0 0.0299203
171.516 66608 59368 0.274365 1.71852 1.90108 1.71852 1.90108 28148 0 0.0291287
171.813 65160 63712 0.304462 1.75636 1.90083 1.75636 1.90083 28193 0 0.0275976
172.121 63712 62264 0.306327 1.6193 1.90033 1.6193 1.90033 28236 0 0.0278747
172.402 62264 60816 0.308281 1.77154 1.90012 1.77154 1.90012 28279 0 0.0281614
172.681 65160 59368 0.282837 1.70371 1.8998 1.70371 1.8998 28320 0 0.0286916
172.96 57920 62264 0.295726 1.82837 1.89968 1.82837 1.89968 28364 0 0.0282108
173.539 59368 55024 0.289023 1.54008 1.89848 1.54008 1.89848 28441 0 0.0292582
173.73 57920 56472 0.293685 2.36465 1.899 2.36465 1.899 28480 0 0.0289146
173.998 60816 55024 0.283963 1.686 1.89867 1.686 1.89867 28519 0 0.0294396
174.238 69504 57920 0.245536 1.9281 1.89871 1.9281 1.89871 28559 0 0.0321011
174.505 76744 66608 0.257924 1.99758 1.89886 1.99758 1.89886 28605 0 0.0291954
174.802 79640 73848 0.285713 1.99054 1.89902 1.99054 1.89902 28656 0 0.0260607
175.12 75296 76744 0.330906 1.96448 1.89914 1.96448 1.89914 28710 0 0.0263926
175.437 69504 72400 0.340866 1.86237 1.89907 1.86237 1.89907 28761 0 0.0279543
175.72 68056 66608 0.306829 1.88707 1.89905 1.88707 1.89905 28807 0 0.0271138
175.976 72400 65160 0.268965 2.03672 1.89925 2.03672 1.89925 28852 0 0.0284042
176.242 76744 69504 0.279363 2.12785 1.8996 2.12785 1.8996 28901 0 0.0271067
176.359 81088 73848 0.273936 5.06871 1.90169 5.06871 1.90169 28952 0 0.0266105
176.646 82536 78192 0.289928 2.21852 1.90221 2.21852 1.90221 29007 0 0.0251745
176.948 81088 79640 0.303008 2.11246 1.90256 2.11246 1.90256 29062 0 0.0248382
177.255 57920 78192 0.312489 2.0712 1.90286 2.0712 1.90286 29117 0 0.029031
177.556 56472 55024 0.303131 1.46535 1.90212 1.46535 1.90212 29155 0 0.0291475
177.824 57920 53576 0.273464 1.59954 1.90166 1.59954 1.90166 29192 0 0.030106
178.096 60816 55024 0.278628 1.65629 1.90128 1.65629 1.90128 29231 0 0.0296391
178.376 63712 57920 0.282027 1.65502 1.9009 1.65502 1.9009 29271 0 0.0289806
178.67 65160 60816 0.294345 1.65943 1.9005 1.65943 1.9005 29313 0 0.0281249
178.94 57920 62264 0.275139 1.8424 1.90041 1.8424 1.90041 29356 0 0.0288106
179.214 60816 55024 0.280887 1.64903 1.90003 1.64903 1.90003 29395 0 0.0295477
179.494 63712 57920 0.280522 1.65502 1.89965 1.65502 1.89965 29435 0 0.029037
179.792 65160 60816 0.296561 1.63266 1.89921 1.63266 1.89921 29477 0 0.0281047
180.096 63712 62264 0.305389 1.6385 1.89876 1.6385 1.89876 29520 0 0.0278637
180.39 62264 60816 0.309486 1.692 1.89843 1.692 1.89843 29563 0 0.0281828
180.679 63712 59368 0.292405 1.64692 1.89803 1.64692 1.89803 29604 0 0.02841
180.967 62264 60816 0.301863 1.72725 1.89775 1.72725 1.89775 29647 0 0.0280963
181.263 63712 59368 0.295914 1.60675 1.89728 1.60675 1.89728 29688 0 0.028369
181.558 62264 60816 0.310696 1.68512 1.89693 1.68512 1.89693 29731 0 0.0282073
181.854 63712 59368 0.298769 1.60675 1.89646 1.60675 1.89646 29772 0 0.0283538
182.147 62264 60816 0.312045 1.69894 1.89614 1.69894 1.89614 29815 0 0.028238
182.426 57920 59368 0.28654 1.70371 1.89585 1.70371 1.89585 29856 0 0.0286527
182.711 59368 55024 0.29876 1.58641 1.89537 1.58641 1.89537 29895 0 0.0291392
182.915 62264 56472 0.285049 2.21164 1.89572 2.21164 1.89572 29934 0 0.0291429
183.209 60816 59368 0.302815 1.65265 1.89533 1.65265 1.89533 29976 0 0.0283602
183.51 59368 57920 0.311921 1.58104 1.89482 1.58104 1.89482 30017 0 0.028755
183.802 60816 56472 0.296137 1.54724 1.89426 1.54724 1.89426 30056 0 0.0288896
184.09 59368 57920 0.301432 1.64692 1.89388 1.64692 1.89388 30097 0 0.0286149
184.381 60816 56472 0.29372 1.55363 1.89334 1.55363 1.89334 30136 0 0.0289141
184.673 59368 57920 0.305544 1.62658 1.89292 1.62658 1.89292 30177 0 0.0286436
184.96 60816 56472 0.29325 1.57313 1.89242 1.57313 1.89242 30216 0 0.0289202
185.239 57920 57920 0.298175 1.70371 1.89214 1.70371 1.89214 30257 0 0.0286609
185.519 60816 55024 0.28286 1.57227 1.89165 1.57227 1.89165 30295 0 0.0294762
185.801 63712 57920 0.285719 1.64093 1.89127 1.64093 1.89127 30335 0 0.0288616
186.092 65160 60816 0.290716 1.67314 1.89093 1.67314 1.89093 30377 0 0.0281791
186.384 57920 62264 0.295751 1.70593 1.89064 1.70593 1.89064 30420 0 0.0282106
186.679 56472 55024 0.317243 1.52837 1.89007 1.52837 1.89007 30459 0 0.029435
186.826 57920 53576 0.292836 2.92375 1.89088 2.92375 1.89088 30496 0 0.0294532
187.114 59368 55024 0.294099 1.56658 1.89038 1.56658 1.89038 30535 0 0.0291725
187.402 60816 56472 0.29179 1.57313 1.88989 1.57313 1.88989 30574 0 0.0289421
187.696 59368 57920 0.301616 1.6133 1.88946 1.6133 1.88946 30615 0 0.0286155
187.992 60816 56472 0.298216 1.52837 1.88889 1.52837 1.88889 30654 0 0.0288779
188.232 66608 57920 0.262095 1.9763 1.889 1.9763 1.889 30695 0 0.0302733
188.472 76744 63712 0.243919 2.12091 1.8893 2.12091 1.8893 30739 0 0.0314384
188.732 85432 73848 0.258517 2.27622 1.88983 2.27622 1.88983 30790 0 0.0280546
189.029 86880 82536 0.299179 2.26376 1.89042 2.26376 1.89042 30848 0 0.0243456
189.347 82536 83984 0.325036 2.14637 1.89085 2.14637 1.89085 30907 0 0.0248507
189.662 79640 79640 0.317853 2.02376 1.89107 2.02376 1.89107 30962 0 0.0251926
189.962 78192 76744 0.312386 2.08234 1.89137 2.08234 1.89137 31016 0 0.0254715
190.251 79640 75296 0.299916 2.12894 1.89173 2.12894 1.89173 31069 0 0.0255644
190.537 82536 76744 0.28871 2.14683 1.89212 2.14683 1.89212 31122 0 0.0254903
190.832 81088 79640 0.304841 2.19458 1.89258 2.19458 1.89258 31178 0 0.0248526
191.133 79640 78192 0.310848 2.12091 1.89294 2.12091 1.89294 31233 0 0.0251907
191.429 81088 76744 0.299734 2.0686 1.89322 2.0686 1.89322 31286 0 0.0253182
191.713 82536 78192 0.298203 2.24672 1.89374 2.24672 1.89374 31341 0 0.0250763
191.996 57920 79640 0.286258 2.24672 1.89426 2.24672 1.89426 31396 0 0.029312
192.286 56472 55024 0.301628 1.56008 1.89376 1.56008 1.89376 31435 0 0.0291403
192.561 59368 53576 0.278183 1.55763 1.89328 1.55763 1.89328 31472 0 0.0299225
192.845 60816 56472 0.296249 1.63398 1.8929 1.63398 1.8929 31512 0 0.0288887
193.143 59368 57920 0.31043 1.59379 1.89243 1.59379 1.89243 31553 0 0.0287217
193.447 57920 56472 0.304631 1.48608 1.8918 1.48608 1.8918 31592 0 0.0288961
193.732 56472 55024 0.309416 1.58641 1.89135 1.58641 1.89135 31631 0 0.0292263
194.008 59368 53576 0.281448 1.55086 1.89086 1.55086 1.89086 31668 0 0.0297907
194.29 60816 56472 0.297961 1.64093 1.8905 1.64093 1.8905 31708 0 0.0288788
194.566 62264 57920 0.295832 1.72602 1.89027 1.72602 1.89027 31749 0 0.0286303
194.77 65160 59368 0.280199 2.32506 1.89072 2.32506 1.89072 31790 0 0.0287891
195.058 66608 62264 0.297336 1.76742 1.89054 1.76742 1.89054 31834 0 0.0278418
195.313 70952 63712 0.27406 2.04633 1.89074 2.04633 1.89074 31879 0 0.0283698
195.577 78192 68056 0.263356 2.05956 1.89097 2.05956 1.89097 31926 0 0.0285143
195.85 81088 75296 0.285602 2.25086 1.89147 2.25086 1.89147 31979 0 0.0258164
196.134 83984 78192 0.284545 2.20587 1.89193 2.20587 1.89193 32033 0 0.0253566
196.428 85432 81088 0.293506 2.20354 1.89239 2.20354 1.89239 32089 0 0.0246286
196.697 86880 82536 0.291295 2.45316 1.89316 2.45316 1.89316 32146 0 0.0244207
196.955 91224 83984 0.27714 2.64553 1.89415 2.64553 1.89415 32205 0 0.0247464
197.226 98464 88328 0.268716 2.61364 1.89513 2.61364 1.89513 32266 0 0.0247273
197.518 97016 95568 0.303448 2.65807 1.89626 2.65807 1.89626 32333 0 0.0222369
197.822 95568 94120 0.305335 2.4768 1.89715 2.4768 1.89715 32398 0 0.0224842
198.125 91224 92672 0.325602 2.48663 1.89805 2.48663 1.89805 32463 0 0.0234624
198.284 89776 88328 0.302959 4.42157 1.90009 4.42157 1.90009 32524 0 0.0233995
198.564 92672 86880 0.28672 2.5239 1.90097 2.5239 1.90097 32585 0 0.0238486
198.84 97016 89776 0.278499 2.61009 1.90195 2.61009 1.90195 32647 0 0.0237368
199.126 99912 94120 0.287536 2.6329 1.903 2.6329 1.903 32712 0 0.0226558
199.424 98464 97016 0.30197 2.64336 1.90411 2.64336 1.90411 32780 0 0.0219993
199.726 97016 95568 0.307677 2.56314 1.9051 2.56314 1.9051 32847 0 0.0222839
