0.448308 14480 0 0 0 0 0 0 0 0 0.0428864
0.508153 15928 13032 0.0495 1.93567 0.227963 1.93567 0.227963 10 0 0.0382893
0.508393 17376 13032 0.0508125 96.4048 0.273426 96.4048 0.273426 12 0 0.038295
0.508633 18824 14480 0.0519609 144.607 0.341621 144.607 0.341621 15 0 0.0381141
0.508873 20272 15928 0.0529658 144.607 0.409752 144.607 0.409752 18 0 0.0379349
0.509114 21720 17376 0.0539701 144.607 0.477819 144.607 0.477819 21 0 0.0377582
0.564027 23168 18824 0.0589931 2.32047 0.657217 2.32047 0.657217 32 0 0.0376562
0.564267 24616 20272 0.058619 144.607 0.718525 144.607 0.718525 35 0 0.0374613
0.564508 26064 21720 0.0581666 144.607 0.779781 144.607 0.779781 38 0 0.0372656
0.612932 27512 23168 0.0588953 2.15296 0.888268 2.15296 0.888268 47 0 0.0370951
0.613172 28960 24616 0.0577834 144.607 0.944596 144.607 0.944596 50 0 0.0368867
0.613413 30408 26064 0.0566854 144.607 1.00088 144.607 1.00088 53 0 0.0366815
0.613653 31856 27512 0.0557248 144.607 1.05712 144.607 1.05712 56 0 0.0364813
0.613893 33304 28960 0.0548842 144.607 1.11331 144.607 1.11331 59 0 0.0362851
0.614134 34752 30408 0.0542736 144.607 1.16947 144.607 1.16947 62 0 0.0360935
0.654988 36200 31856 0.0527394 0.850631 1.14958 0.850631 1.14958 65 0 0.0358936
0.655228 37648 33304 0.051522 144.607 1.20219 144.607 1.20219 68 0 0.0357009
0.655469 39096 34752 0.0504568 144.607 1.25477 144.607 1.25477 71 0 0.0355124
0.655709 40544 36200 0.0495247 144.607 1.30731 144.607 1.30731 74 0 0.0353271
0.655949 41992 37648 0.0487091 144.607 1.35981 144.607 1.35981 77 0 0.0351441
0.65619 43440 39096 0.0479954 144.607 1.41227 144.607 1.41227 80 0 0.0349629
0.65643 44888 40544 0.047371 144.607 1.4647 144.607 1.4647 83 0 0.034783
0.65667 46336 41992 0.0468246 144.607 1.51708 144.607 1.51708 86 0 0.0346042
0.656911 47784 43440 0.0463466 144.607 1.56943 144.607 1.56943 89 0 0.0344262
0.657151 49232 44888 0.0460532 144.607 1.62174 144.607 1.62174 92 0 0.0342484
0.657391 50680 46336 0.0457966 144.607 1.67401 144.607 1.67401 95 0 0.0340711
0.657632 52128 47784 0.045447 144.607 1.72624 144.607 1.72624 98 0 0.0338948
0.696203 53576 49232 0.0450161 0.900979 1.68052 0.900979 1.68052 101 0 0.0337198
0.696443 55024 50680 0.0446391 144.607 1.72984 144.607 1.72984 104 0 0.0335452
0.696684 56472 52128 0.0441842 144.607 1.77913 144.607 1.77913 107 0 0.0333719
0.696924 57920 53576 0.0437862 144.607 1.82838 144.607 1.82838 110 0 0.033199
0.697164 59368 55024 0.0435629 144.607 1.8776 144.607 1.8776 113 0 0.0330254
0.697405 60816 56472 0.0433676 144.607 1.92678 144.607 1.92678 116 0 0.032852
0.697645 62264 57920 0.0431966 144.607 1.97593 144.607 1.97593 119 0 0.032679
0.697885 63712 59368 0.043047 144.607 2.02504 144.607 2.02504 122 0 0.0325062
0.698125 65160 60816 0.0429162 144.607 2.07413 144.607 2.07413 125 0 0.0323338
0.698366 66608 62264 0.0428016 144.607 2.12317 144.607 2.12317 128 0 0.0321617
0.698606 68056 63712 0.0427014 144.607 2.17219 144.607 2.17219 131 0 0.03199
0.698846 69504 65160 0.0426137 144.607 2.22117 144.607 2.22117 134 0 0.0318186
0.699087 70952 66608 0.042662 144.607 2.27012 144.607 2.27012 137 0 0.0316462
0.699327 72400 68056 0.0427043 144.607 2.31903 144.607 2.31903 140 0 0.0314744
0.699567 73848 69504 0.0426162 144.607 2.36791 144.607 2.36791 143 0 0.0313044
0.699808 75296 70952 0.0425392 144.607 2.41676 144.607 2.41676 146 0 0.0311347
0.700048 76744 72400 0.0425968 144.607 2.46557 144.607 2.46557 149 0 0.0309641
0.700288 78192 73848 0.0426472 144.607 2.51435 144.607 2.51435 152 0 0.030794
0.742825 79640 75296 0.0430663 0.81699 2.41715 0.81699 2.41715 155 0 0.0306206
0.743065 81088 76744 0.043558 144.607 2.46314 144.607 2.46314 158 0 0.0304474
0.743306 82536 78192 0.0439883 144.607 2.50909 144.607 2.50909 161 0 0.0302757
0.743546 83984 79640 0.0443647 144.607 2.55502 144.607 2.55502 164 0 0.0301051
0.743786 85432 81088 0.0446941 144.607 2.60092 144.607 2.60092 167 0 0.0299356
0.744027 86880 82536 0.0451074 144.607 2.64679 144.607 2.64679 170 0 0.0297663
0.744267 88328 83984 0.0453439 144.607 2.69263 144.607 2.69263 173 0 0.0295987
0.744507 89776 85432 0.045551 144.607 2.73843 144.607 2.73843 176 0 0.0294318
0.744748 91224 86880 0.0457321 144.607 2.78421 144.607 2.78421 179 0 0.0292656
0.744988 92672 88328 0.0458906 144.607 2.82996 144.607 2.82996 182 0 0.0291001
0.745228 94120 89776 0.0461543 144.607 2.87568 144.607 2.87568 185 0 0.0289346
0.745469 95568 91224 0.046385 144.607 2.92137 144.607 2.92137 188 0 0.0287699
0.745709 97016 92672 0.0464618 144.607 2.96703 144.607 2.96703 191 0 0.0286062
0.745949 98464 94120 0.0465291 144.607 3.01267 144.607 3.01267 194 0 0.0284429
0.746189 99912 95568 0.046713 144.607 3.05827 144.607 3.05827 197 0 0.0282799
0.74643 101360 97016 0.0468739 144.607 3.10384 144.607 3.10384 200 0 0.0281174
0.74667 102808 98464 0.0470146 144.607 3.14939 144.607 3.14939 203 0 0.0279555
0.74691 104256 99912 0.0471378 144.607 3.1949 144.607 3.1949 206 0 0.0277941
0.747151 105704 101360 0.0472456 144.607 3.24038 144.607 3.24038 209 0 0.0276333
0.747391 107152 102808 0.0473399 144.607 3.28584 144.607 3.28584 212 0 0.0274729
0.747631 108600 104256 0.0474224 144.607 3.33127 144.607 3.33127 215 0 0.0273131
0.747872 110048 105704 0.0474946 144.607 3.37666 144.607 3.37666 218 0 0.0271537
0.748112 111496 107152 0.0476828 144.607 3.42203 144.607 3.42203 221 0 0.0269947
0.748352 112944 108600 0.0478474 144.607 3.46737 144.607 3.46737 224 0 0.0268363
0.748593 114392 110048 0.0478665 144.607 3.51268 144.607 3.51268 227 0 0.0266784
0.748833 115840 111496 0.0478832 144.607 3.55796 144.607 3.55796 230 0 0.026521
0.749073 117288 112944 0.0480228 144.607 3.60321 144.607 3.60321 233 0 0.026364
0.795936 118736 114392 0.0486449 0.741575 3.43473 0.741575 3.43473 236 0 0.0262079
0.796176 120184 115840 0.0493143 144.607 3.47734 144.607 3.47734 239 0 0.0260532
0.796416 121632 117288 0.049775 144.607 3.51993 144.607 3.51993 242 0 0.0258991
0.796657 123080 118736 0.0501781 144.607 3.56249 144.607 3.56249 245 0 0.0257456
0.796897 124528 120184 0.0505309 144.607 3.60502 144.607 3.60502 248 0 0.0255926
0.797137 125976 121632 0.0509645 144.607 3.64753 144.607 3.64753 251 0 0.0254408
0.853132 112944 123080 0.0582256 17.5846 4.56228 17.5846 4.56228 336 0 0.0258488
0.905161 104256 110048 0.0560046 17.1436 5.28546 17.1436 5.28546 413 0 0.0269463
0.950822 110048 101360 0.0480053 17.7588 5.88446 17.7588 5.88446 483 0 0.0277201
0.993238 124528 107152 0.0437967 20.2095 6.49621 20.2095 6.49621 557 0 0.0275889
1.03914 139008 121632 0.0446389 21.199 7.14567 21.199 7.14567 641 0 0.0260199
1.08889 144800 136112 0.0485036 21.889 7.81922 21.889 7.81922 735 0 0.0240037
1.14007 146248 141904 0.0512056 22.1776 8.4639 22.1776 8.4639 833 0 0.023333
1.18946 147696 143352 0.051459 23.2216 9.07663 23.2216 9.07663 932 0 0.0231875
1.23656 143352 144800 0.0533226 24.839 9.67705 24.839 9.67705 1033 0 0.0231038
1.28282 153488 140456 0.0472422 24.289 10.204 24.289 10.204 1130 0 0.0237505
1.32909 154936 150592 0.0506042 26.2922 10.764 26.2922 10.764 1235 0 0.0224534
1.34158 165072 152040 0.0472309 97.3318 11.5703 97.3318 11.5703 1340 0 0.0225824
1.38977 172312 162176 0.0484116 27.1664 12.1111 27.1664 12.1111 1453 0 0.0214446
1.43903 176656 169416 0.0495062 27.5106 12.6383 27.5106 12.6383 1570 0 0.020655
1.48794 182448 173760 0.0491005 28.6609 13.1649 28.6609 13.1649 1691 0 0.0202811
1.53624 189688 179552 0.0486524 29.7368 13.686 29.7368 13.686 1815 0 0.0197879
1.58407 199824 186792 0.0480134 31.2468 14.2161 31.2468 14.2161 1944 0 0.0192566
1.63213 209960 196928 0.0483412 33.0186 14.7699 33.0186 14.7699 2081 0 0.0183374
1.68067 218648 207064 0.0488079 34.1235 15.3289 34.1235 15.3289 2224 0 0.0173657
1.72946 225888 215752 0.0490656 35.6175 15.9012 35.6175 15.9012 2374 0 0.0165519
1.77824 233128 222992 0.0491169 36.8048 16.4746 36.8048 16.4746 2529 0 0.0159396
1.82631 244712 230232 0.0482764 38.3209 17.0496 38.3209 17.0496 2688 0 0.0155649
1.87425 256296 241816 0.0482632 40.5915 17.6518 40.5915 17.6518 2856 0 0.0146279
1.9228 266432 253400 0.0487068 41.9981 18.2665 41.9981 18.2665 3032 0 0.0136338
1.97158 276568 263536 0.0490183 43.4534 18.8897 43.4534 18.8897 3215 0 0.0128651
2.02013 286704 273672 0.0487637 45.1003 19.5195 45.1003 19.5195 3404 0 0.0121182
2.06867 296840 283808 0.0488165 47.0093 20.1646 47.0093 20.1646 3601 0 0.0113946
2.11746 306976 293944 0.0490592 48.2024 20.8106 48.2024 20.8106 3804 0 0.0106943
2.1666 315664 304080 0.0493685 49.7345 21.4667 49.7345 21.4667 4015 0 0.00994139
2.21515 327248 312768 0.0487662 51.5432 22.1258 51.5432 22.1258 4231 0 0.00954025
2.26285 344624 324352 0.0479776 54.3946 22.8061 54.3946 22.8061 4455 0 0.00928111
2.31139 357656 341728 0.0487757 56.3157 23.5099 56.3157 23.5099 4691 0 0.00788396
2.36114 364896 354760 0.0500008 57.0511 24.2165 57.0511 24.2165 4936 0 0.00683213
2.41161 366344 362000 0.0507892 57.6133 24.9154 57.6133 24.9154 5187 0 0.00630738
2.46135 373584 363448 0.0499856 58.4483 25.5932 58.4483 25.5932 5438 0 0.00636697
2.51026 385168 370688 0.0492584 60.8748 26.2805 60.8748 26.2805 5695 0 0.006217
2.55796 406888 382272 0.0478758 64.108 26.986 64.108 26.986 5959 0 0.00657773
2.60675 421368 403992 0.0490026 66.2486 27.7208 66.2486 27.7208 6238 0 0.00485222
2.65709 424264 418472 0.0505434 66.7241 28.4598 66.7241 28.4598 6528 0 0.00369115
2.70804 422816 421368 0.0512928 66.392 29.1734 66.392 29.1734 6820 0 0.00356215
2.75839 425712 419920 0.0506186 66.9542 29.863 66.9542 29.863 7111 0 0.00363335
2.80801 434400 422816 0.0499595 68.1603 30.5398 68.1603 30.5398 7403 0 0.00370175
2.85632 453224 431504 0.0485813 71.4642 31.2319 71.4642 31.2319 7701 0 0.00413917
2.90486 472048 450328 0.0487195 74.2126 31.9502 74.2126 31.9502 8012 0 0.00347388
2.95437 480736 469152 0.0497951 76.0475 32.6891 76.0475 32.6891 8337 0 0.00211525
3.00472 485080 477840 0.0505686 75.9274 33.4136 75.9274 33.4136 8667 0 0.00171713
3.05542 486528 482184 0.0509455 76.073 34.1216 76.073 34.1216 9000 0 0.00155679
3.10601 487976 483632 0.0509421 76.7117 34.8153 76.7117 34.8153 9335 0 0.00151909
3.156 495216 485080 0.0501778 77.6337 35.4935 77.6337 35.4935 9670 0 0.00161775
3.20586 503904 492320 0.0500516 79.2145 36.1735 79.2145 36.1735 10011 0 0.00150221
3.25549 512592 501008 0.0499767 80.7653 36.8533 80.7653 36.8533 10357 0 0.0013024
3.30536 521280 509696 0.0500263 81.7698 37.5309 81.7698 37.5309 10709 0 0.00111987
3.35546 527072 518384 0.0503789 82.7648 38.2064 82.7648 38.2064 11067 0 0.000838976
3.40557 532864 524176 0.0503771 83.6895 38.8756 83.6895 38.8756 11429 0 0.000737646
3.45544 541552 529968 0.0500709 85.0221 39.5415 85.0221 39.5415 11795 0 0.000758901
3.5053 550240 538656 0.0501979 86.4159 40.2084 86.4159 40.2084 12167 0 0.000632622
3.55565 554584 547344 0.0505572 86.9714 40.8705 86.9714 40.8705 12545 0 0.00036703
3.60636 556032 551688 0.050959 87.0385 41.5197 87.0385 41.5197 12926 0 0.000273918
3.65731 554584 553136 0.0512848 87.0826 42.1544 87.0826 42.1544 13309 0 0.00026064
3.70801 556032 551688 0.0509954 87.0385 42.7682 87.0385 42.7682 13690 0 0.000274135
3.75848 558928 553136 0.0507375 87.912 43.3743 87.912 43.3743 14073 0 0.000274817
3.80883 563272 556032 0.0505598 88.3519 43.9689 88.3519 43.9689 14457 0 0.000273768
3.85905 569064 560376 0.05052 89.2552 44.5583 89.2552 44.5583 14844 0 0.000273988
3.90964 570512 566168 0.0508582 89.7641 45.1432 89.7641 45.1432 15236 0 0.000141172
3.96035 571960 567616 0.0510295 89.7798 45.7147 89.7798 45.7147 15629 0 0.000131527
4.01082 574856 569064 0.0507023 90.2073 46.2746 90.2073 46.2746 16022 0 0.000136937
4.06164 576304 571960 0.0510679 90.2513 46.8249 90.2513 46.8249 16418 0 0.000102597
4.11259 574856 573408 0.0512094 90.2658 47.3631 90.2658 47.3631 16815 0 9.46949e-05
4.16366 573408 571960 0.0512746 89.5997 47.8811 89.5997 47.8811 17210 0 0.000103907
4.21461 571960 570512 0.0512284 89.8111 48.388 89.8111 48.388 17605 0 0.000112863
4.26544 573408 569064 0.0510302 89.5676 48.8787 89.5676 48.8787 17998 0 0.000121344
4.31638 571960 570512 0.0512463 89.8111 49.3618 89.8111 49.3618 18393 0 0.000112978
4.36709 573408 569064 0.0509917 89.7798 49.8311 89.7798 49.8311 18786 0 0.000121112
4.41792 574856 570512 0.0510618 90.0234 50.2935 90.0234 50.2935 19181 0 0.000111815
4.46863 576304 571960 0.0509776 90.2367 50.7468 90.2367 50.7468 19576 0 0.00010205
4.51969 573408 573408 0.0513471 90.0534 51.1909 90.0534 51.1909 19973 0 0.00011307
4.57088 570512 570512 0.0513113 89.1631 51.6161 89.1631 51.6161 20367 0 0.000130877
4.62159 571960 567616 0.0510258 89.5514 52.0324 89.5514 52.0324 20759 0 0.000131504
4.67218 573408 569064 0.0507886 89.9931 52.4434 89.9931 52.4434 21152 0 0.000119938
4.72288 574856 570512 0.0510267 90.2367 52.8492 90.2367 52.8492 21547 0 0.000111601
4.77371 576304 571960 0.0510451 90.0234 53.245 90.0234 53.245 21942 0 0.000102457
4.8249 573408 573408 0.0514213 89.842 53.6332 89.842 53.6332 22339 0 0.000113573
4.87585 571960 570512 0.0512187 89.5837 54.0089 89.5837 54.0089 22733 0 0.0001128
4.92668 573408 569064 0.0509976 89.5676 54.3757 89.5676 54.3757 23126 0 0.000121147
4.97738 574856 570512 0.0511059 90.2367 54.7411 90.2367 54.7411 23521 0 0.000112087
5.02821 576304 571960 0.0510934 90.0234 55.0977 90.0234 55.0977 23916 0 0.000102753
5.0794 571960 573408 0.0515261 89.842 55.4479 89.842 55.4479 24313 0 0.000143421
5.13035 570512 569064 0.0512959 89.3563 55.7846 89.3563 55.7846 24706 0 0.000123024
5.18117 571960 567616 0.0511687 89.5676 56.116 89.5676 56.116 25099 0 0.000132389
5.23164 573408 569064 0.0507925 90.2073 56.4449 90.2073 56.4449 25492 0 0.00011996
5.28247 571960 570512 0.0511988 90.0234 56.768 90.0234 56.768 25887 0 0.000112672
5.33342 573408 569064 0.0511233 89.3563 57.0793 89.3563 57.0793 26280 0 0.000121916
5.38413 571960 570512 0.05127 90.2367 57.3915 90.2367 57.3915 26675 0 0.000113133
5.43495 573408 569064 0.0509965 89.5676 57.6924 89.5676 57.6924 27068 0 0.00012114
5.48566 571960 570512 0.0512032 90.2367 57.9933 90.2367 57.9933 27463 0 0.000112701
5.53649 573408 569064 0.0510833 89.5676 58.2831 89.5676 58.2831 27856 0 0.000121668
5.58744 570512 570512 0.0513073 89.8111 58.5706 89.8111 58.5706 28251 0 0.000130851
5.63814 571960 567616 0.0511065 89.5514 58.8493 89.5514 58.8493 28643 0 0.000132
5.68873 573408 569064 0.0508556 89.9931 59.1262 89.9931 59.1262 29036 0 0.000120316
5.73944 571960 570512 0.0512996 90.2367 59.4011 90.2367 59.4011 29431 0 0.000113327
5.79027 573408 569064 0.0511004 89.5676 59.6659 89.5676 59.6659 29824 0 0.000121774
5.84121 570512 570512 0.0513552 89.8111 59.9288 89.8111 59.9288 30219 0 0.00013117
5.89192 569064 567616 0.0511982 89.5514 60.1837 89.5514 60.1837 30611 0 0.000132577
5.93902 571960 566168 0.0507302 96.1589 60.4691 96.1589 60.4691 31002 0 0.000157929
5.98961 573408 569064 0.0508266 90.2221 60.7203 90.2221 60.7203 31396 0 0.000120151
6.04032 574856 570512 0.050969 90.2367 60.9681 90.2367 60.9681 31791 0 0.000111255
6.09115 576304 571960 0.0510362 90.0234 61.2106 90.0234 61.2106 32186 0 0.000102403
6.14233 571960 573408 0.0515316 89.842 61.4492 89.842 61.4492 32583 0 0.00014346
6.19328 570512 569064 0.0512417 89.3563 61.6788 89.3563 61.6788 32976 0 0.00012267
6.24411 571960 567616 0.0510212 89.5676 61.9058 89.5676 61.9058 33369 0 0.000131477
6.29458 574856 569064 0.0507854 90.2073 62.1327 90.2073 62.1327 33762 0 0.000137393
6.34541 576304 571960 0.0510529 90.2513 62.3579 90.2513 62.3579 34158 0 0.000102504
6.39659 573408 573408 0.0514276 89.842 62.5779 89.842 62.5779 34555 0 0.000113615
6.44754 571960 570512 0.0512175 89.5837 62.7913 89.5837 62.7913 34949 0 0.000112792
6.49837 573408 569064 0.051031 89.5676 63.0007 89.5676 63.0007 35342 0 0.000121348
6.54908 574856 570512 0.0509646 90.2367 63.2116 90.2367 63.2116 35737 0 0.000111229
6.5999 576304 571960 0.0510414 90.0234 63.4181 90.0234 63.4181 36132 0 0.000102434
6.65109 571960 573408 0.0514642 89.842 63.6214 89.842 63.6214 36529 0 0.000142989
6.70204 570512 569064 0.0512767 89.3563 63.8171 89.3563 63.8171 36922 0 0.000122899
6.75287 571960 567616 0.0510243 89.5676 64.0109 89.5676 64.0109 37315 0 0.000131495
6.80333 574856 569064 0.0507548 90.2073 64.2052 90.2073 64.2052 37708 0 0.000137223
6.85416 576304 571960 0.0510229 90.2513 64.3983 90.2513 64.3983 38104 0 0.000102322
6.90535 571960 573408 0.0515316 89.842 64.587 89.842 64.587 38501 0 0.00014346
6.9563 570512 569064 0.0512485 89.3563 64.7684 89.3563 64.7684 38894 0 0.000122715
7.00713 571960 567616 0.0510354 89.5676 64.9483 89.5676 64.9483 39287 0 0.000131563
7.05759 574856 569064 0.0507603 90.2073 65.1289 90.2073 65.1289 39680 0 0.000137253
7.10842 576304 571960 0.0510541 90.2513 65.3085 90.2513 65.3085 40076 0 0.000102512
7.15961 571960 573408 0.0514431 89.842 65.4839 89.842 65.4839 40473 0 0.000142843
7.21056 570512 569064 0.0511982 89.3563 65.6526 89.3563 65.6526 40866 0 0.00012239
7.26138 571960 567616 0.0510317 89.5676 65.82 89.5676 65.82 41259 0 0.00013154
7.31185 574856 569064 0.0506792 90.2073 65.9883 90.2073 65.9883 41652 0 0.000136812
7.36268 576304 571960 0.0510304 90.2513 66.1558 90.2513 66.1558 42048 0 0.000102368
7.41387 573408 573408 0.0513882 89.842 66.3193 89.842 66.3193 42445 0 0.000113347
7.46482 571960 570512 0.0511818 89.5837 66.4781 89.5837 66.4781 42839 0 0.000112564
7.51564 573408 569064 0.0510175 89.5676 66.6343 89.5676 66.6343 43232 0 0.000121267
7.56635 574856 570512 0.05098 90.2367 66.7925 90.2367 66.7925 43627 0 0.00011132
7.61718 576304 571960 0.0510618 90.0234 66.9475 90.0234 66.9475 44022 0 0.000102559
7.66837 571960 573408 0.0515064 89.842 67.1003 89.842 67.1003 44419 0 0.000143283
7.71931 570512 569064 0.0512265 89.3563 67.2472 89.3563 67.2472 44812 0 0.000122572
7.77014 571960 567616 0.0510362 89.5676 67.3932 89.5676 67.3932 45205 0 0.000131568
7.82061 574856 569064 0.0507762 90.2073 67.5404 90.2073 67.5404 45598 0 0.000137341
7.87144 576304 571960 0.0510348 90.2513 67.6871 90.2513 67.6871 45994 0 0.000102394
7.92263 571960 573408 0.0514437 89.842 67.8302 89.842 67.8302 46391 0 0.000142847
7.97357 570512 569064 0.0512074 89.3563 67.9678 89.3563 67.9678 46784 0 0.000122449
8.0244 571960 567616 0.0510204 89.5676 68.1046 89.5676 68.1046 47177 0 0.000131472
8.07487 574856 569064 0.0506797 90.2073 68.2427 90.2073 68.2427 47570 0 0.000136815
8.1257 576304 571960 0.0510807 90.2513 68.3804 90.2513 68.3804 47966 0 0.000102675
8.17688 573408 573408 0.0513553 89.842 68.5147 89.842 68.5147 48363 0 0.000113125
8.22783 574856 570512 0.051153 89.5837 68.6452 89.5837 68.6452 48757 0 0.000112381
8.27866 576304 571960 0.0510473 90.0234 68.7764 90.0234 68.7764 49152 0 0.00010247
8.32961 574856 573408 0.0511906 90.2658 68.9079 90.2658 68.9079 49549 0 9.45743e-05
8.38068 573408 571960 0.0512558 89.5997 69.034 89.5997 69.034 49944 0 0.000103784
8.43186 570512 570512 0.0513882 89.3894 69.1575 89.3894 69.1575 50339 0 0.000131392
8.48257 571960 567616 0.0509821 89.5514 69.2795 89.5514 69.2795 50731 0 0.000131242
8.53316 574856 569064 0.050763 89.9931 69.4023 89.9931 69.4023 51124 0 0.000137268
8.58387 576304 571960 0.0509739 90.4652 69.5267 90.4652 69.5267 51520 0 0.000102028
8.63493 574856 573408 0.0512677 90.0534 69.6481 90.0534 69.6481 51917 0 9.50722e-05
8.68612 571960 571960 0.0514139 89.3894 69.7644 89.3894 69.7644 52312 0 0.000122311
8.73707 570512 569064 0.051284 89.5837 69.88 89.5837 69.88 52706 0 0.000122947
8.7879 571960 567616 0.0510414 89.5676 69.9939 89.5676 69.9939 53099 0 0.000131599
8.83836 574856 569064 0.0507443 90.2073 70.1093 90.2073 70.1093 53492 0 0.000137165
8.88919 576304 571960 0.0510398 90.2513 70.2244 90.2513 70.2244 53888 0 0.000102425
8.94038 571960 573408 0.0515071 89.842 70.3368 89.842 70.3368 54285 0 0.000143288
8.99133 570512 569064 0.051237 89.3563 70.4445 89.3563 70.4445 54678 0 0.00012264
9.04216 571960 567616 0.0510233 89.5676 70.552 89.5676 70.552 55071 0 0.000131489
9.09262 574856 569064 0.0507768 90.2073 70.6611 90.2073 70.6611 55464 0 0.000137345
9.14345 576304 571960 0.0510922 90.2513 70.77 90.2513 70.77 55860 0 0.000102746
9.19464 573408 573408 0.0513773 89.842 70.8762 89.842 70.8762 56257 0 0.000113273
9.24559 571960 570512 0.0512077 89.5837 70.9793 89.5837 70.9793 56651 0 0.00011273
9.29641 573408 569064 0.051054 89.5676 71.0809 89.5676 71.0809 57044 0 0.000121489
9.34712 574856 570512 0.0509382 90.2367 71.1848 90.2367 71.1848 57439 0 0.000111073
9.39795 576304 571960 0.0510706 90.0234 71.2867 90.0234 71.2867 57834 0 0.000102613
9.44914 571960 573408 0.0514366 89.842 71.3872 89.842 71.3872 58231 0 0.000142798
9.50009 570512 569064 0.0512709 89.3563 71.4836 89.3563 71.4836 58624 0 0.00012286
9.55091 571960 567616 0.0510266 89.5676 71.5798 89.5676 71.5798 59017 0 0.00013151
9.60138 574856 569064 0.0507449 90.2073 71.6778 90.2073 71.6778 59410 0 0.000137169
9.65221 576304 571960 0.0511031 90.2513 71.7756 90.2513 71.7756 59806 0 0.000102813
9.7034 571960 573408 0.0514338 89.842 71.8709 89.842 71.8709 60203 0 0.000142779
9.75434 570512 569064 0.0512374 89.3563 71.9622 89.3563 71.9622 60596 0 0.000122642
9.80517 571960 567616 0.0510618 89.5676 72.0535 89.5676 72.0535 60989 0 0.000131723
9.85564 574856 569064 0.0507323 90.2073 72.1464 90.2073 72.1464 61382 0 0.0001371
9.90647 576304 571960 0.0510923 90.2513 72.2393 90.2513 72.2393 61778 0 0.000102746
9.95766 573408 573408 0.051407 89.842 72.3298 89.842 72.3298 62175 0 0.000113475
10.0086 574856 570512 0.0511737 89.5837 72.4176 89.5837 72.4176 62569 0 0.000112512
10.0594 576304 571960 0.0510541 90.0234 72.5066 90.0234 72.5066 62964 0 0.000102512
10.1104 574856 573408 0.0512184 90.2658 72.5961 90.2658 72.5961 63361 0 9.47529e-05
10.1614 571960 571960 0.0513476 89.5997 72.6815 89.5997 72.6815 63756 0 0.000121863
10.2126 569064 569064 0.0513796 89.1631 72.7641 89.1631 72.7641 64150 0 0.000141055
10.2633 570512 566168 0.05098 89.5514 72.8471 89.5514 72.8471 64542 0 0.000141883
10.3139 573408 567616 0.0507716 89.9931 72.9312 89.9931 72.9312 64935 0 0.000147503
10.3644 576304 570512 0.0506958 90.4369 73.0164 90.4369 73.0164 65329 0 0.00012718
10.4152 577752 573408 0.0511054 90.2513 73.1005 90.2513 73.1005 65725 0 9.40384e-05
10.4664 573408 574856 0.0514651 89.842 73.1824 89.842 73.1824 66122 0 0.000134672
10.5176 570512 570512 0.0514262 89.3894 73.2613 89.3894 73.2613 66517 0 0.000131652
10.5684 571960 567616 0.0510541 89.3397 73.3386 89.3397 73.3386 66909 0 0.000131676
10.6189 574856 569064 0.0506668 90.2073 73.4188 90.2073 73.4188 67302 0 0.000136746
10.6697 576304 571960 0.0511347 90.2513 73.499 90.2513 73.499 67698 0 0.00010301
10.7209 574856 573408 0.0512604 89.842 73.577 89.842 73.577 68095 0 9.50252e-05
10.7719 576304 571960 0.0511672 89.8111 73.6538 89.8111 73.6538 68490 0 0.000103216
10.8229 574856 573408 0.0512662 90.0534 73.7312 90.0534 73.7312 68887 0 9.50624e-05
10.8739 576304 571960 0.0511182 89.8111 73.8065 89.8111 73.8065 69282 0 0.000102907
10.9249 574856 573408 0.0512677 90.0534 73.8824 90.0534 73.8824 69679 0 9.50726e-05
10.9761 570512 571960 0.0514358 89.3894 73.9548 89.3894 73.9548 70074 0 0.000151583
11.0271 569064 567616 0.0512589 89.3563 74.0259 89.3563 74.0259 70467 0 0.000132969
11.0777 570512 566168 0.0508481 89.5351 74.0967 89.5351 74.0967 70858 0 0.000141114
11.1281 573408 567616 0.0507085 90.2073 74.1698 90.2073 74.1698 71251 0 0.000147157
11.1787 574856 570512 0.0509413 90.2221 74.2425 90.2221 74.2425 71645 0 0.000111091
11.2297 576304 571960 0.0510671 89.8111 74.3131 89.8111 74.3131 72040 0 0.000102591
11.2806 574856 573408 0.0511911 90.2658 74.3851 90.2658 74.3851 72437 0 9.45779e-05
11.3317 573408 571960 0.0513042 89.5997 74.4537 89.5997 74.4537 72832 0 0.000104102
11.3826 574856 570512 0.051135 89.8111 74.5224 89.8111 74.5224 73227 0 0.000112268
11.4335 576304 571960 0.0510923 90.0234 74.5914 90.0234 74.5914 73622 0 0.000102746
11.4846 573408 573408 0.051406 89.842 74.6593 89.842 74.6593 74019 0 0.000113468
11.5356 574856 570512 0.0511749 89.5837 74.7252 89.5837 74.7252 74413 0 0.00011252
11.5864 576304 571960 0.0510541 90.0234 74.7924 90.0234 74.7924 74808 0 0.000102512
11.6374 574856 573408 0.0512177 90.2658 74.8601 90.2658 74.8601 75205 0 9.47485e-05
11.6884 573408 571960 0.0512923 89.5997 74.9245 89.5997 74.9245 75600 0 0.000104024
11.7396 569064 570512 0.0514437 89.3894 74.9876 89.3894 74.9876 75995 0 0.000160892
11.7903 570512 566168 0.05098 89.3229 75.0492 89.3229 75.0492 76386 0 0.000141883
11.8409 573408 567616 0.0507716 89.9931 75.1131 89.9931 75.1131 76779 0 0.000147503
11.8914 576304 570512 0.0506958 90.4369 75.1781 90.4369 75.1781 77173 0 0.00012718
11.9422 577752 573408 0.0511054 90.2513 75.2422 90.2513 75.2422 77569 0 9.40384e-05
11.9934 573408 574856 0.051464 89.842 75.3046 89.842 75.3046 77966 0 0.000134663
12.0446 570512 570512 0.0514276 89.3894 75.3644 89.3894 75.3644 78361 0 0.000131661
12.0954 571960 567616 0.0510541 89.3397 75.4231 89.3397 75.4231 78753 0 0.000131676
12.1459 574856 569064 0.0506659 90.2073 75.4846 90.2073 75.4846 79146 0 0.000136741
12.1967 576304 571960 0.0510519 90.2513 75.5461 90.2513 75.5461 79542 0 0.000102499
12.2479 573408 573408 0.0513562 89.842 75.6059 89.842 75.6059 79939 0 0.000113131
12.2989 574856 570512 0.0511667 89.5837 75.6638 89.5837 75.6638 80333 0 0.000112468
12.3497 576304 571960 0.0510304 90.0234 75.7229 90.0234 75.7229 80728 0 0.000102368
12.4006 574856 573408 0.0511911 90.2658 75.7826 90.2658 75.7826 81125 0 9.4578e-05
12.4517 571960 571960 0.0513059 89.5997 75.8393 89.5997 75.8393 81520 0 0.000121586
12.5029 569064 569064 0.0513553 89.1631 75.8938 89.1631 75.8938 81914 0 0.000140892
12.5536 570512 566168 0.0509537 89.5514 75.949 89.5514 75.949 82306 0 0.000141727
12.6042 571960 567616 0.0508015 89.9931 76.0054 89.9931 76.0054 82699 0 0.000130198
12.6546 574856 569064 0.0507611 90.2073 76.062 90.2073 76.062 83092 0 0.000137258
12.7055 576304 571960 0.0510594 90.2513 76.1188 90.2513 76.1188 83488 0 0.000102544
12.7567 573408 573408 0.051407 89.842 76.1738 89.842 76.1738 83885 0 0.000113475
12.8076 571960 570512 0.0511905 89.5837 76.2272 89.5837 76.2272 84279 0 0.000112619
12.8584 573408 569064 0.0510348 89.5676 76.2799 89.5676 76.2799 84672 0 0.000121372
12.9091 574856 570512 0.050961 90.2367 76.3347 90.2367 76.3347 85067 0 0.000111208
12.96 576304 571960 0.0511204 90.0234 76.3884 90.0234 76.3884 85462 0 0.000102921
13.0112 573408 573408 0.0513499 89.842 76.4413 89.842 76.4413 85859 0 0.000113089
13.0621 571960 570512 0.0512713 89.5837 76.4926 89.5837 76.4926 86253 0 0.000113142
13.1129 573408 569064 0.0510706 89.5676 76.5433 89.5676 76.5433 86646 0 0.00012159
13.1636 574856 570512 0.0509481 90.2367 76.596 90.2367 76.596 87041 0 0.000111131
13.2145 576304 571960 0.0510594 90.0234 76.6477 90.0234 76.6477 87436 0 0.000102544
13.2657 573408 573408 0.051407 89.842 76.6986 89.842 76.6986 87833 0 0.000113475
13.3166 571960 570512 0.0511905 89.5837 76.7479 89.5837 76.7479 88227 0 0.000112619
13.3674 573408 569064 0.0510348 89.5676 76.7966 89.5676 76.7966 88620 0 0.000121372
13.4181 574856 570512 0.050961 90.2367 76.8474 90.2367 76.8474 89015 0 0.000111208
13.469 576304 571960 0.0511204 90.0234 76.8971 90.0234 76.8971 89410 0 0.000102921
13.5202 573408 573408 0.0513499 89.842 76.9462 89.842 76.9462 89807 0 0.000113089
13.5711 571960 570512 0.0512713 89.5837 76.9936 89.5837 76.9936 90201 0 0.000113142
13.6219 573408 569064 0.0510706 89.5676 77.0405 89.5676 77.0405 90594 0 0.00012159
13.6726 574856 570512 0.0509193 90.2367 77.0895 90.2367 77.0895 90989 0 0.000110962
13.7235 576304 571960 0.0510923 90.0234 77.1374 90.0234 77.1374 91384 0 0.000102746
13.7747 573408 573408 0.051407 89.842 77.1846 89.842 77.1846 91781 0 0.000113475
13.8256 571960 570512 0.0511906 89.5837 77.2303 89.5837 77.2303 92175 0 0.00011262
13.8764 573408 569064 0.0510348 89.5676 77.2755 89.5676 77.2755 92568 0 0.000121372
13.9271 574856 570512 0.050961 90.2367 77.3226 90.2367 77.3226 92963 0 0.000111208
13.978 576304 571960 0.0511178 90.0234 77.3688 90.0234 77.3688 93358 0 0.000102905
14.0292 573408 573408 0.0513529 89.842 77.4143 89.842 77.4143 93755 0 0.000113109
14.0801 571960 570512 0.0512713 89.5837 77.4584 89.5837 77.4584 94149 0 0.000113142
14.1309 573408 569064 0.0510706 89.5676 77.5019 89.5676 77.5019 94542 0 0.00012159
14.1816 574856 570512 0.0509193 90.2367 77.5475 90.2367 77.5475 94937 0 0.000110962
14.2325 576304 571960 0.0510923 90.0234 77.592 90.0234 77.592 95332 0 0.000102746
14.2837 573408 573408 0.051407 89.842 77.6359 89.842 77.6359 95729 0 0.000113475
14.3346 574856 570512 0.0511737 89.5837 77.6784 89.5837 77.6784 96123 0 0.000112512
14.3854 576304 571960 0.0510541 90.0234 77.722 90.0234 77.722 96518 0 0.000102512
14.4364 574856 573408 0.0512184 90.2658 77.7663 90.2658 77.7663 96915 0 9.47529e-05
14.4874 571960 571960 0.0513476 89.5997 77.808 89.5997 77.808 97310 0 0.000121863
14.5386 569064 569064 0.0513796 89.1631 77.848 89.1631 77.848 97704 0 0.000141055
14.5893 570512 566168 0.05098 89.5514 77.8886 89.5514 77.8886 98096 0 0.000141883
14.6399 573408 567616 0.0507716 89.9931 77.9305 89.9931 77.9305 98489 0 0.000147503
14.6904 576304 570512 0.0506958 90.4369 77.9734 90.4369 77.9734 98883 0 0.00012718
14.7412 577752 573408 0.0511054 90.2513 78.0158 90.2513 78.0158 99279 0 9.40384e-05
14.7924 573408 574856 0.0514651 89.842 78.0567 89.842 78.0567 99676 0 0.000134672
14.8436 570512 570512 0.0514262 89.3894 78.0958 89.3894 78.0958 100071 0 0.000131652
14.8944 571960 567616 0.0510541 89.3397 78.1341 89.3397 78.1341 100463 0 0.000131676
14.9449 574856 569064 0.0506668 90.2073 78.1749 90.2073 78.1749 100856 0 0.000136746
14.9957 576304 571960 0.0511347 90.2513 78.2158 90.2513 78.2158 101252 0 0.00010301
15.0469 574856 573408 0.0512604 89.842 78.2554 89.842 78.2554 101649 0 9.50252e-05
15.0979 576304 571960 0.0511672 89.8111 78.2944 89.8111 78.2944 102044 0 0.000103216
15.1489 574856 573408 0.0512662 90.0534 78.334 90.0534 78.334 102441 0 9.50624e-05
15.1999 576304 571960 0.0511182 89.8111 78.3725 89.8111 78.3725 102836 0 0.000102907
15.2509 574856 573408 0.0512677 90.0534 78.4116 90.0534 78.4116 103233 0 9.50726e-05
15.3021 570512 571960 0.0514358 89.3894 78.4483 89.3894 78.4483 103628 0 0.000151583
15.3531 569064 567616 0.0512589 89.3563 78.4845 89.3563 78.4845 104021 0 0.000132969
15.4037 570512 566168 0.0508481 89.5351 78.5208 89.5351 78.5208 104412 0 0.000141114
15.4541 573408 567616 0.0507085 90.2073 78.559 90.2073 78.559 104805 0 0.000147157
15.5047 574856 570512 0.0509413 90.2221 78.597 90.2221 78.597 105199 0 0.000111091
15.5557 576304 571960 0.0510671 89.8111 78.6338 89.8111 78.6338 105594 0 0.000102591
15.6066 574856 573408 0.0511911 90.2658 78.6717 90.2658 78.6717 105991 0 9.45779e-05
15.6577 573408 571960 0.0513042 89.5997 78.7074 89.5997 78.7074 106386 0 0.000104102
15.7086 574856 570512 0.051135 89.8111 78.7434 89.8111 78.7434 106781 0 0.000112268
15.7595 576304 571960 0.0510923 90.0234 78.7798 90.0234 78.7798 107176 0 0.000102746
15.8106 573408 573408 0.051406 89.842 78.8156 89.842 78.8156 107573 0 0.000113468
15.8616 574856 570512 0.0511749 89.5837 78.8502 89.5837 78.8502 107967 0 0.00011252
15.9124 576304 571960 0.0510541 90.0234 78.8859 90.0234 78.8859 108362 0 0.000102512
15.9634 574856 573408 0.0512177 90.2658 78.9222 90.2658 78.9222 108759 0 9.47485e-05
16.0144 573408 571960 0.0512923 89.5997 78.9562 89.5997 78.9562 109154 0 0.000104024
16.0656 569064 570512 0.0514437 89.3894 78.9895 89.3894 78.9895 109549 0 0.000160892
16.1163 570512 566168 0.05098 89.3229 79.022 89.3229 79.022 109940 0 0.000141883
16.1669 573408 567616 0.0507716 89.9931 79.0563 89.9931 79.0563 110333 0 0.000147503
16.2174 576304 570512 0.0506958 90.4369 79.0917 90.4369 79.0917 110727 0 0.00012718
16.2682 577752 573408 0.0511054 90.2513 79.1266 90.2513 79.1266 111123 0 9.40384e-05
16.3194 573408 574856 0.051464 89.842 79.1602 89.842 79.1602 111520 0 0.000134663
16.3706 570512 570512 0.0514276 89.3894 79.1922 89.3894 79.1922 111915 0 0.000131661
16.4214 571960 567616 0.0510541 89.3397 79.2236 89.3397 79.2236 112307 0 0.000131676
16.4719 574856 569064 0.0506659 90.2073 79.2573 90.2073 79.2573 112700 0 0.000136741
16.5227 576304 571960 0.051052 90.2513 79.2911 90.2513 79.2911 113096 0 0.000102499
16.5739 573408 573408 0.0513562 89.842 79.3237 89.842 79.3237 113493 0 0.000113131
16.6249 574856 570512 0.0511667 89.5837 79.3551 89.5837 79.3551 113887 0 0.000112468
16.6757 576304 571960 0.0510304 90.0234 79.3876 90.0234 79.3876 114282 0 0.000102368
16.7266 574856 573408 0.0511911 90.2658 79.4208 90.2658 79.4208 114679 0 9.4578e-05
16.7777 571960 571960 0.0513059 89.5997 79.4517 89.5997 79.4517 115074 0 0.000121586
16.8289 569064 569064 0.0513553 89.1631 79.4813 89.1631 79.4813 115468 0 0.000140892
16.8796 570512 566168 0.0509537 89.5514 79.5115 89.5514 79.5115 115860 0 0.000141727
16.9302 571960 567616 0.0508015 89.9931 79.5429 89.9931 79.5429 116253 0 0.000130198
16.9806 574856 569064 0.0507611 90.2073 79.5745 90.2073 79.5745 116646 0 0.000137258
17.0315 576304 571960 0.0510594 90.2513 79.6064 90.2513 79.6064 117042 0 0.000102544
17.0827 573408 573408 0.051407 89.842 79.6371 89.842 79.6371 117439 0 0.000113475
17.1336 571960 570512 0.0511905 89.5837 79.6667 89.5837 79.6667 117833 0 0.000112619
17.1844 573408 569064 0.0510348 89.5676 79.6959 89.5676 79.6959 118226 0 0.000121372
17.2351 574856 570512 0.050961 90.2367 79.727 90.2367 79.727 118621 0 0.000111208
17.286 576304 571960 0.0511204 90.0234 79.7572 90.0234 79.7572 119016 0 0.000102921
17.3372 573408 573408 0.0513499 89.842 79.787 89.842 79.787 119413 0 0.000113089
17.3881 571960 570512 0.0512713 89.5837 79.8157 89.5837 79.8157 119807 0 0.000113142
17.4389 573408 569064 0.0510706 89.5676 79.8441 89.5676 79.8441 120200 0 0.00012159
17.4896 574856 570512 0.0509481 90.2367 79.8743 90.2367 79.8743 120595 0 0.000111131
17.5405 576304 571960 0.0510594 90.0234 79.9037 90.0234 79.9037 120990 0 0.000102544
17.5917 573408 573408 0.051407 89.842 79.9326 89.842 79.9326 121387 0 0.000113475
17.6426 571960 570512 0.0511905 89.5837 79.9605 89.5837 79.9605 121781 0 0.000112619
17.6934 573408 569064 0.0510348 89.5676 79.9881 89.5676 79.9881 122174 0 0.000121372
17.7441 574856 570512 0.0509611 90.2367 80.0173 90.2367 80.0173 122569 0 0.000111208
17.795 576304 571960 0.0511204 90.0234 80.0459 90.0234 80.0459 122964 0 0.000102921
17.8462 573408 573408 0.0513499 89.842 80.074 89.842 80.074 123361 0 0.000113089
17.8971 571960 570512 0.0512713 89.5837 80.1011 89.5837 80.1011 123755 0 0.000113142
17.9479 573408 569064 0.0510706 89.5676 80.1279 89.5676 80.1279 124148 0 0.00012159
17.9986 574856 570512 0.0509194 90.2367 80.1564 90.2367 80.1564 124543 0 0.000110963
18.0495 576304 571960 0.0510922 90.0234 80.1842 90.0234 80.1842 124938 0 0.000102746
18.1007 573408 573408 0.051407 89.842 80.2115 89.842 80.2115 125335 0 0.000113475
18.1516 571960 570512 0.0511906 89.5837 80.2378 89.5837 80.2378 125729 0 0.00011262
18.2024 573408 569064 0.0510348 89.5676 80.2638 89.5676 80.2638 126122 0 0.000121372
18.2531 574856 570512 0.0509611 90.2367 80.2915 90.2367 80.2915 126517 0 0.000111208
18.304 576304 571960 0.0511178 90.0234 80.3186 90.0234 80.3186 126912 0 0.000102905
18.3552 573408 573408 0.0513529 89.842 80.3451 89.842 80.3451 127309 0 0.000113109
18.4061 571960 570512 0.0512713 89.5837 80.3707 89.5837 80.3707 127703 0 0.000113142
18.4569 573408 569064 0.0510706 89.5676 80.396 89.5676 80.396 128096 0 0.00012159
18.5076 574856 570512 0.0509194 90.2367 80.423 90.2367 80.423 128491 0 0.000110963
18.5585 576304 571960 0.0510922 90.0234 80.4493 90.0234 80.4493 128886 0 0.000102746
18.6097 573408 573408 0.051407 89.842 80.4751 89.842 80.4751 129283 0 0.000113475
18.6606 574856 570512 0.0511737 89.5837 80.5 89.5837 80.5 129677 0 0.000112513
18.7114 576304 571960 0.0510541 90.0234 80.5259 90.0234 80.5259 130072 0 0.000102512
18.7624 574856 573408 0.0512185 90.2658 80.5523 90.2658 80.5523 130469 0 9.47534e-05
18.8134 571960 571960 0.0513476 89.5997 80.5769 89.5997 80.5769 130864 0 0.000121863
18.8646 569064 569064 0.0513796 89.1631 80.6002 89.1631 80.6002 131258 0 0.000141056
18.9153 570512 566168 0.0509802 89.5514 80.6242 89.5514 80.6242 131650 0 0.000141884
18.9659 573408 567616 0.0507717 89.9931 80.6491 89.9931 80.6491 132043 0 0.000147504
19.0164 576304 570512 0.0506958 90.4369 80.6751 90.4369 80.6751 132437 0 0.00012718
19.0672 577752 573408 0.0511054 90.2513 80.7007 90.2513 80.7007 132833 0 9.40383e-05
19.1184 573408 574856 0.0514651 89.842 80.7251 89.842 80.7251 133230 0 0.000134671
19.1696 570512 570512 0.0514265 89.3894 80.7483 89.3894 80.7483 133625 0 0.000131653
19.2204 571960 567616 0.051054 89.3397 80.771 89.3397 80.771 134017 0 0.000131676
19.2709 574856 569064 0.0506669 90.2073 80.7957 90.2073 80.7957 134410 0 0.000136746
19.3217 576304 571960 0.0511348 90.2513 80.8206 90.2513 80.8206 134806 0 0.000103011
19.3729 574856 573408 0.0512606 89.842 80.8444 89.842 80.8444 135203 0 9.5026e-05
19.4239 576304 571960 0.0511674 89.8111 80.8679 89.8111 80.8679 135598 0 0.000103217
19.4749 574856 573408 0.0512663 90.0534 80.892 90.0534 80.892 135995 0 9.50634e-05
19.5259 576304 571960 0.0511182 89.8111 80.9153 89.8111 80.9153 136390 0 0.000102907
19.5769 574856 573408 0.0512679 90.0534 80.9391 90.0534 80.9391 136787 0 9.50735e-05
19.6281 570512 571960 0.0514358 89.3894 80.9612 89.3894 80.9612 137182 0 0.000151583
19.6791 569064 567616 0.0512593 89.3563 80.9829 89.3563 80.9829 137575 0 0.000132972
19.7297 570512 566168 0.0508479 89.5351 81.0048 89.5351 81.0048 137966 0 0.000141113
19.7801 573408 567616 0.050709 90.2073 81.0283 90.2073 81.0283 138359 0 0.00014716
19.8307 574856 570512 0.0509412 90.2221 81.0518 90.2221 81.0518 138753 0 0.000111091
19.8817 576304 571960 0.051067 89.8111 81.0742 89.8111 81.0742 139148 0 0.000102591
19.9326 574856 573408 0.0511918 90.2658 81.0977 90.2658 81.0977 139545 0 9.45821e-05
19.9837 573408 571960 0.0513039 89.5997 81.1194 89.5997 81.1194 139940 0 0.0001041
20.0346 574856 570512 0.0511356 89.8111 81.1415 89.8111 81.1415 140335 0 0.000112272
20.0855 576304 571960 0.051092 90.0234 81.164 90.0234 81.164 140730 0 0.000102745
20.1366 573408 573408 0.0514065 89.842 81.1861 89.842 81.1861 141127 0 0.000113471
20.1876 574856 570512 0.0511752 89.5837 81.2073 89.5837 81.2073 141521 0 0.000112522
20.2384 576304 571960 0.0510539 90.0234 81.2294 90.0234 81.2294 141916 0 0.000102511
20.2894 574856 573408 0.0512186 90.2658 81.2521 90.2658 81.2521 142313 0 9.47541e-05
20.3404 573408 571960 0.0512922 89.5997 81.273 89.5997 81.273 142708 0 0.000104023
20.3916 569064 570512 0.0514443 89.3894 81.2934 89.3894 81.2934 143103 0 0.000160896
20.4423 570512 566168 0.0509802 89.3229 81.3133 89.3229 81.3133 143494 0 0.000141884
20.4929 573408 567616 0.0507725 89.9931 81.3348 89.9931 81.3348 143887 0 0.000147508
20.5434 576304 570512 0.050696 90.4369 81.3571 90.4369 81.3571 144281 0 0.000127181
20.5942 577752 573408 0.051105 90.2513 81.3791 90.2513 81.3791 144677 0 9.40357e-05
20.6454 573408 574856 0.051464 89.842 81.4001 89.842 81.4001 145074 0 0.000134664
20.6966 570512 570512 0.0514293 89.3894 81.4198 89.3894 81.4198 145469 0 0.000131673
20.7474 571960 567616 0.0510539 89.3397 81.4392 89.3397 81.4392 145861 0 0.000131675
20.7979 574856 569064 0.0506665 90.2073 81.4605 90.2073 81.4605 146254 0 0.000136744
20.8487 576304 571960 0.0510533 90.2513 81.4819 90.2513 81.4819 146650 0 0.000102507
20.8999 573408 573408 0.0513577 89.842 81.5024 89.842 81.5024 147047 0 0.000113141
20.9509 574856 570512 0.0511676 89.5837 81.5221 89.5837 81.5221 147441 0 0.000112474
21.0017 576304 571960 0.0510297 90.0234 81.5426 90.0234 81.5426 147836 0 0.000102363
21.0526 574856 573408 0.0511938 90.2658 81.5637 90.2658 81.5637 148233 0 9.45949e-05
21.1037 571960 571960 0.0513053 89.5997 81.5832 89.5997 81.5832 148628 0 0.000121582
21.1549 569064 569064 0.0513571 89.1631 81.6015 89.1631 81.6015 149022 0 0.000140904
21.2056 570512 566168 0.0509584 89.5514 81.6205 89.5514 81.6205 149414 0 0.000141755
21.2562 571960 567616 0.0508041 89.9931 81.6405 89.9931 81.6405 149807 0 0.000130212
21.3066 574856 569064 0.050761 90.2073 81.6608 90.2073 81.6608 150200 0 0.000137257
21.3575 576304 571960 0.0510618 90.2513 81.6812 90.2513 81.6812 150596 0 0.000102559
21.4087 573408 573408 0.0514093 89.842 81.7007 89.842 81.7007 150993 0 0.00011349
21.4596 571960 570512 0.0511932 89.5837 81.7194 89.5837 81.7194 151387 0 0.000112637
21.5104 573408 569064 0.051034 89.5676 81.738 89.5676 81.738 151780 0 0.000121366
21.5611 574856 570512 0.0509649 90.2367 81.758 90.2367 81.758 152175 0 0.00011123
21.612 576304 571960 0.05112 90.0234 81.7774 90.0234 81.7774 152570 0 0.000102919
21.6632 573408 573408 0.0513531 89.842 81.7965 89.842 81.7965 152967 0 0.00011311
21.7141 571960 570512 0.0512752 89.5837 81.8147 89.5837 81.8147 153361 0 0.000113167
21.7649 573408 569064 0.0510679 89.5676 81.8328 89.5676 81.8328 153754 0 0.000121574
21.8156 574856 570512 0.0509564 90.2367 81.8524 90.2367 81.8524 154149 0 0.00011118
21.8665 576304 571960 0.0510579 90.0234 81.8714 90.0234 81.8714 154544 0 0.000102535
21.9177 573408 573408 0.0514119 89.842 81.89 89.842 81.89 154941 0 0.000113508
21.9686 571960 570512 0.0511941 89.5837 81.9078 89.5837 81.9078 155335 0 0.000112642
22.0194 573408 569064 0.0510328 89.5676 81.9255 89.5676 81.9255 155728 0 0.000121359
22.0701 574856 570512 0.0509731 90.2367 81.9446 90.2367 81.9446 156123 0 0.000111279
22.121 576304 571960 0.0511159 90.0234 81.9632 90.0234 81.9632 156518 0 0.000102893
22.1722 573408 573408 0.0513588 89.842 81.9813 89.842 81.9813 156915 0 0.000113149
22.2231 571960 570512 0.0512778 89.5837 81.9988 89.5837 81.9988 157309 0 0.000113184
22.2739 573408 569064 0.0510645 89.5676 82.016 89.5676 82.016 157702 0 0.000121553
22.3246 574856 570512 0.0509379 90.2367 82.0347 90.2367 82.0347 158097 0 0.000111071
22.3755 576304 571960 0.0510888 90.0234 82.0529 90.0234 82.0529 158492 0 0.000102725
22.4267 573408 573408 0.0514167 89.842 82.0706 89.842 82.0706 158889 0 0.000113541
22.4776 571960 570512 0.0512003 89.5837 82.0877 89.5837 82.0877 159283 0 0.000112682
22.5284 573408 569064 0.0510302 89.5676 82.1045 89.5676 82.1045 159676 0 0.000121344
22.5791 574856 570512 0.0509881 90.2367 82.1228 90.2367 82.1228 160071 0 0.000111369
22.63 576304 571960 0.0511067 90.0234 82.1406 90.0234 82.1406 160466 0 0.000102836
22.6812 573408 573408 0.051377 89.842 82.1579 89.842 82.1579 160863 0 0.000113271
22.7321 571960 570512 0.0512826 89.5837 82.1746 89.5837 82.1746 161257 0 0.000113215
22.7829 573408 569064 0.0510625 89.5676 82.1911 89.5676 82.1911 161650 0 0.000121541
22.8336 574856 570512 0.0509545 90.2367 82.2089 90.2367 82.2089 162045 0 0.000111169
22.8845 576304 571960 0.0510844 90.0234 82.2263 90.0234 82.2263 162440 0 0.000102698
22.9357 571960 573408 0.051442 89.842 82.2433 89.842 82.2433 162837 0 0.000142835
22.9866 573408 569064 0.0511753 89.3563 82.2591 89.3563 82.2591 163230 0 0.000122244
23.0374 574856 570512 0.0510947 90.0234 82.2762 90.0234 82.2762 163625 0 0.000112017
23.0881 576304 571960 0.0509706 90.2367 82.2937 90.2367 82.2937 164020 0 0.000102009
23.1392 573408 573408 0.0514306 90.0534 82.3108 90.0534 82.3108 164417 0 0.000113636
23.1904 570512 570512 0.051409 89.1631 82.3259 89.1631 82.3259 164811 0 0.000131534
23.2411 571960 567616 0.0509948 89.5514 82.3417 89.5514 82.3417 165203 0 0.000131318
23.2917 573408 569064 0.0508838 89.9931 82.3583 89.9931 82.3583 165596 0 0.000120478
23.3424 574856 570512 0.0509954 90.2367 82.3754 90.2367 82.3754 165991 0 0.000111412
23.3932 576304 571960 0.0510964 90.0234 82.392 90.0234 82.392 166386 0 0.000102772
23.4444 571960 573408 0.0515107 89.842 82.4083 89.842 82.4083 166783 0 0.000143313
23.4954 570512 569064 0.051232 89.3563 82.4234 89.3563 82.4234 167176 0 0.000122607
23.5462 571960 567616 0.0511352 89.5676 82.4388 89.5676 82.4388 167569 0 0.000132179
23.5967 573408 569064 0.050789 90.2073 82.4554 90.2073 82.4554 167962 0 0.00011994
23.6475 571960 570512 0.051226 90.0234 82.4717 90.0234 82.4717 168357 0 0.000112847
23.6984 573408 569064 0.0510471 89.3563 82.4865 89.3563 82.4865 168750 0 0.000121446
23.7491 574856 570512 0.0511183 90.2367 82.503 90.2367 82.503 169145 0 0.000112164
23.8 576304 571960 0.0511069 90.0234 82.5191 90.0234 82.5191 169540 0 0.000102837
23.8509 574856 573408 0.051201 90.2658 82.5356 90.2658 82.5356 169937 0 9.46412e-05
23.902 571960 571960 0.0513204 89.5997 82.5507 89.5997 82.5507 170332 0 0.000121682
23.9532 567616 569064 0.0514642 89.1631 82.5649 89.1631 82.5649 170726 0 0.000170756
24.0039 566168 564720 0.0511889 89.3229 82.5791 89.3229 82.5791 171117 0 0.000154291
24.0542 570512 563272 0.0505419 89.5023 82.5936 89.5023 82.5936 171506 0 0.000208762
24.1045 573408 567616 0.0507476 90.639 82.6104 90.639 82.6104 171899 0 0.000147371
24.155 574856 570512 0.0507954 90.2221 82.6263 90.2221 82.6263 172293 0 0.000110254
24.206 576304 571960 0.051105 89.8111 82.6414 89.8111 82.6414 172688 0 0.000102825
24.2569 571960 573408 0.051452 90.2658 82.6575 90.2658 82.6575 173085 0 0.000142905
24.308 569064 569064 0.0513982 89.1461 82.6711 89.1461 82.6711 173478 0 0.000141182
24.3587 570512 566168 0.0511547 89.5514 82.6854 89.5514 82.6854 173870 0 0.000142954
24.4093 571960 567616 0.051105 89.9931 82.7006 89.9931 82.7006 174263 0 0.00013199
24.46 573408 569064 0.0508883 89.7798 82.7152 89.7798 82.7152 174656 0 0.000120504
24.5107 570512 570512 0.0513793 90.2367 82.7308 90.2367 82.7308 175051 0 0.000131332
24.5615 571960 567616 0.0510823 89.3397 82.7445 89.3397 82.7445 175443 0 0.00013185
24.612 574856 569064 0.0507376 90.2073 82.7598 90.2073 82.7598 175836 0 0.000137129
24.6628 573408 571960 0.0512753 90.2513 82.7752 90.2513 82.7752 176232 0 0.000103912
24.714 567616 570512 0.0517675 89.3894 82.7889 89.3894 82.7889 176627 0 0.000203996
24.7647 566168 564720 0.0512177 89.0945 82.8018 89.0945 82.8018 177017 0 0.000154476
24.8116 571960 563272 0.050466 96.1576 82.827 96.1576 82.827 177406 0 0.000249151
24.8619 577752 569064 0.0505129 90.6527 82.8429 90.6527 82.8429 177800 0 0.000205839
24.9126 579200 574856 0.050948 90.9221 82.8593 90.9221 82.8593 178198 0 8.47619e-05
24.964 574856 576304 0.0514601 90.0832 82.8742 90.0832 82.8742 178597 0 0.000126779
25.0154 569064 571960 0.051694 88.9717 82.8867 88.9717 82.8867 178992 0 0.000194193
25.0663 567616 566168 0.051237 89.129 82.8994 89.129 82.8994 179384 0 0.000143481
25.1169 570512 564720 0.0507291 89.5351 82.9128 89.5351 82.9128 179775 0 0.000169042
25.1671 576304 567616 0.0504875 90.4083 82.9277 90.4083 82.9277 180167 0 0.000215899
25.2177 577752 573408 0.0509443 90.68 82.9433 90.68 82.9433 180563 0 9.30633e-05
25.2689 576304 574856 0.0513 89.842 82.9573 89.842 82.9573 180960 0 8.69609e-05
25.3201 573408 573408 0.0514156 89.842 82.9712 89.842 82.9712 181357 0 0.000113534
25.3712 570512 570512 0.0513592 89.3729 82.9841 89.3729 82.9841 181751 0 0.000131197
25.4219 571960 567616 0.0509545 89.5514 82.9972 89.5514 82.9972 182143 0 0.000131078
25.4725 573408 569064 0.0508383 89.9931 83.0111 89.9931 83.0111 182536 0 0.000120217
25.5234 571960 570512 0.0511861 89.8111 83.0246 89.8111 83.0246 182931 0 0.000112591
25.5741 573408 569064 0.0509602 89.7798 83.038 89.7798 83.038 183324 0 0.000120924
25.625 574856 570512 0.0510455 90.0234 83.0519 90.0234 83.0519 183719 0 0.000111715
25.6757 576304 571960 0.0509491 90.2367 83.0661 90.2367 83.0661 184114 0 0.000101882
25.7267 573408 573408 0.0513586 90.0534 83.0799 90.0534 83.0799 184511 0 0.000113147
25.7779 571960 570512 0.051257 89.1631 83.092 89.1631 83.092 184905 0 0.000113048
25.8286 573408 569064 0.0509702 89.7798 83.1052 89.7798 83.1052 185298 0 0.000120983
25.8795 574856 570512 0.0510922 90.0234 83.1187 90.0234 83.1187 185693 0 0.000112002
25.9302 576304 571960 0.0509322 90.2367 83.1327 90.2367 83.1327 186088 0 0.000101782
25.9812 573408 573408 0.0513567 90.0534 83.1463 90.0534 83.1463 186485 0 0.000113134
26.0324 569064 570512 0.0514652 89.1631 83.1581 89.1631 83.1581 186879 0 0.000161041
26.0831 570512 566168 0.0509602 89.3229 83.1701 89.3229 83.1701 187270 0 0.000141765
26.1337 571960 567616 0.0508585 89.9931 83.1833 89.9931 83.1833 187663 0 0.00013052
26.1842 574856 569064 0.0506893 90.2073 83.1968 90.2073 83.1968 188056 0 0.000136866
26.235 573408 571960 0.0512054 90.2513 83.2105 90.2513 83.2105 188452 0 0.000103459
26.2862 570512 570512 0.0513837 89.3894 83.2225 89.3894 83.2225 188847 0 0.000131362
26.3369 571960 567616 0.0509555 89.5514 83.2347 89.5514 83.2347 189239 0 0.000131084
26.3875 573408 569064 0.0509363 89.9931 83.2477 89.9931 83.2477 189632 0 0.000120783
26.4382 574856 570512 0.0508203 90.2367 83.2611 90.2367 83.2611 190027 0 0.000110394
26.489 573408 571960 0.0512056 90.0234 83.274 90.0234 83.274 190422 0 0.00010346
26.5402 569064 570512 0.0514499 89.3894 83.2858 89.3894 83.2858 190817 0 0.000160935
26.5909 570512 566168 0.0509225 89.3229 83.2974 89.3229 83.2974 191208 0 0.000141544
26.6415 571960 567616 0.0508873 89.9931 83.3101 89.9931 83.3101 191601 0 0.000130686
26.692 576304 569064 0.0506075 90.2073 83.3231 90.2073 83.3231 191994 0 0.000165554
26.7428 577752 573408 0.0510053 90.4792 83.3367 90.4792 83.3367 192391 0 9.34262e-05
26.794 574856 574856 0.0513714 89.842 83.3491 89.842 83.3491 192788 0 0.00010491
26.8452 571960 571960 0.0513888 89.6157 83.3611 89.6157 83.3611 193184 0 0.000122141
26.8962 567616 569064 0.0514683 89.3729 83.3725 89.3729 83.3725 193578 0 0.000170784
26.947 569064 564720 0.0507946 89.3229 83.3837 89.3229 83.3837 193969 0 0.000151932
26.9973 571960 566168 0.0506623 89.9625 83.396 89.9625 83.396 194360 0 0.000157563
27.048 573408 569064 0.050992 90.0083 83.4084 90.0083 83.4084 194754 0 0.000121113
27.0987 574856 570512 0.0509081 90.2367 83.4211 90.2367 83.4211 195149 0 0.000110897
27.1495 576304 571960 0.0511052 90.0234 83.4335 90.0234 83.4335 195544 0 0.000102827
27.2005 574856 573408 0.0512231 90.2658 83.4463 90.2658 83.4463 195941 0 9.47828e-05
27.2516 573408 571960 0.0512362 89.5997 83.4578 89.5997 83.4578 196336 0 0.000103657
27.3028 570512 570512 0.0514245 89.3894 83.4689 89.3894 83.4689 196731 0 0.00013164
27.3535 571960 567616 0.0509008 89.5514 83.4802 89.5514 83.4802 197123 0 0.000130763
27.404 573408 569064 0.0508505 89.9931 83.4922 89.9931 83.4922 197516 0 0.000120287
27.4548 574856 570512 0.0509947 90.2367 83.5047 90.2367 83.5047 197911 0 0.000111408
27.5056 576304 571960 0.0510162 90.0234 83.5167 90.0234 83.5167 198306 0 0.000102282
27.5568 573408 573408 0.0514178 89.842 83.5285 89.842 83.5285 198703 0 0.000113549
27.6077 574856 570512 0.0511087 89.5837 83.5397 89.5837 83.5397 199097 0 0.000112104
27.6585 576304 571960 0.0511052 90.0234 83.5516 90.0234 83.5516 199492 0 0.000102827
27.7095 574856 573408 0.0512231 90.2658 83.5639 90.2658 83.5639 199889 0 9.47828e-05
27.7606 573408 571960 0.0512362 89.5997 83.575 89.5997 83.575 200284 0 0.000103657
27.8117 570512 570512 0.0514245 89.3894 83.5857 89.3894 83.5857 200679 0 0.00013164
27.8625 571960 567616 0.0509007 89.5514 83.5966 89.5514 83.5966 201071 0 0.000130763
27.913 573408 569064 0.0508506 89.9931 83.6082 89.9931 83.6082 201464 0 0.000120287
27.9638 574856 570512 0.0509947 90.2367 83.6202 90.2367 83.6202 201859 0 0.000111408
28.0146 576304 571960 0.0510162 90.0234 83.6318 90.0234 83.6318 202254 0 0.000102282
28.0658 573408 573408 0.0514128 89.842 83.6432 89.842 83.6432 202651 0 0.000113514
28.1167 574856 570512 0.0511145 89.5837 83.6539 89.5837 83.6539 203045 0 0.00011214
28.1675 576304 571960 0.0511052 90.0234 83.6654 90.0234 83.6654 203440 0 0.000102827
28.2185 574856 573408 0.0512231 90.2658 83.6773 90.2658 83.6773 203837 0 9.47828e-05
28.2696 573408 571960 0.0512362 89.5997 83.688 89.5997 83.688 204232 0 0.000103657
28.3207 570512 570512 0.0514245 89.3894 83.6983 89.3894 83.6983 204627 0 0.00013164
28.3715 571960 567616 0.0509007 89.5514 83.7088 89.5514 83.7088 205019 0 0.000130763
28.422 573408 569064 0.0508506 89.9931 83.72 89.9931 83.72 205412 0 0.000120287
28.4727 574856 570512 0.0509947 90.2367 83.7316 90.2367 83.7316 205807 0 0.000111408
28.5236 576304 571960 0.0510162 90.0234 83.7428 90.0234 83.7428 206202 0 0.000102282
28.5748 573408 573408 0.0514128 89.842 83.7537 89.842 83.7537 206599 0 0.000113514
28.6257 574856 570512 0.0511145 89.5837 83.7641 89.5837 83.7641 206993 0 0.00011214
28.6765 576304 571960 0.0511052 90.0234 83.7752 90.0234 83.7752 207388 0 0.000102827
28.7275 574856 573408 0.0512197 90.2658 83.7867 90.2658 83.7867 207785 0 9.47609e-05
28.7786 573408 571960 0.0512401 89.5997 83.797 89.5997 83.797 208180 0 0.000103682
28.8297 570512 570512 0.0514245 89.3894 83.8069 89.3894 83.8069 208575 0 0.00013164
28.8805 571960 567616 0.0509007 89.5514 83.817 89.5514 83.817 208967 0 0.000130763
28.931 573408 569064 0.0508506 89.9931 83.8278 89.9931 83.8278 209360 0 0.000120287
28.9817 574856 570512 0.0509947 90.2367 83.839 90.2367 83.839 209755 0 0.000111408
29.0326 576304 571960 0.0510162 90.0234 83.8499 90.0234 83.8499 210150 0 0.000102282
29.0838 573408 573408 0.0514128 89.842 83.8604 89.842 83.8604 210547 0 0.000113514
29.1347 574856 570512 0.0511145 89.5837 83.8704 89.5837 83.8704 210941 0 0.00011214
29.1855 576304 571960 0.0511052 90.0234 83.8811 90.0234 83.8811 211336 0 0.000102827
29.2365 574856 573408 0.0512197 90.2658 83.8923 90.2658 83.8923 211733 0 9.47609e-05
29.2876 573408 571960 0.0512401 89.5997 83.9022 89.5997 83.9022 212128 0 0.000103682
29.3387 570512 570512 0.0514245 89.3894 83.9118 89.3894 83.9118 212523 0 0.00013164
29.3894 571960 567616 0.0508987 89.5514 83.9215 89.5514 83.9215 212915 0 0.000130752
29.44 573408 569064 0.0508528 89.9931 83.932 89.9931 83.932 213308 0 0.0001203
29.4907 574856 570512 0.0509947 90.2367 83.9428 90.2367 83.9428 213703 0 0.000111408
29.5416 576304 571960 0.0510159 90.0234 83.9533 90.0234 83.9533 214098 0 0.00010228
29.5928 573408 573408 0.0514132 89.842 83.9634 89.842 83.9634 214495 0 0.000113517
29.6437 574856 570512 0.0511145 89.5837 83.9731 89.5837 83.9731 214889 0 0.00011214
29.6945 576304 571960 0.0511052 90.0234 83.9835 90.0234 83.9835 215284 0 0.000102827
29.7455 574856 573408 0.0512197 90.2658 83.9942 90.2658 83.9942 215681 0 9.47609e-05
29.7966 573408 571960 0.0512401 89.5997 84.0038 89.5997 84.0038 216076 0 0.000103682
29.8477 570512 570512 0.0514245 89.3894 84.0131 89.3894 84.0131 216471 0 0.00013164
29.8984 571960 567616 0.0508987 89.5514 84.0225 89.5514 84.0225 216863 0 0.000130752
29.949 573408 569064 0.0508528 89.9931 84.0325 89.9931 84.0325 217256 0 0.0001203
29.9997 574856 570512 0.0509947 90.2367 84.043 90.2367 84.043 217651 0 0.000111408
30.0506 576304 571960 0.0510159 90.0234 84.0531 90.0234 84.0531 218046 0 0.00010228
30.1018 573408 573408 0.0514132 89.842 84.063 89.842 84.063 218443 0 0.000113517
30.1527 574856 570512 0.0511145 89.5837 84.0723 89.5837 84.0723 218837 0 0.00011214
30.2035 576304 571960 0.051105 90.0234 84.0823 90.0234 84.0823 219232 0 0.000102826
30.2545 574856 573408 0.0512199 90.2658 84.0927 90.2658 84.0927 219629 0 9.47625e-05
30.3055 573408 571960 0.0512401 89.5997 84.102 89.5997 84.102 220024 0 0.000103682
30.3567 570512 570512 0.0514245 89.3894 84.1109 89.3894 84.1109 220419 0 0.00013164
30.4074 571960 567616 0.0508987 89.5514 84.12 89.5514 84.12 220811 0 0.000130752
30.458 573408 569064 0.0508528 89.9931 84.1298 89.9931 84.1298 221204 0 0.0001203
30.5087 574856 570512 0.0509947 90.2367 84.1399 90.2367 84.1399 221599 0 0.000111408
30.5596 576304 571960 0.0510159 90.0234 84.1497 90.0234 84.1497 221994 0 0.00010228
30.6108 573408 573408 0.0514132 89.842 84.1592 89.842 84.1592 222391 0 0.000113517
30.6617 574856 570512 0.0511145 89.5837 84.1682 89.5837 84.1682 222785 0 0.00011214
30.7125 576304 571960 0.051105 90.0234 84.1779 90.0234 84.1779 223180 0 0.000102826
30.7635 577752 573408 0.0511242 90.2658 84.188 90.2658 84.188 223577 0 9.41553e-05
30.8145 574856 574856 0.0513495 90.0534 84.1977 90.0534 84.1977 223974 0 0.000104762
30.866 569064 571960 0.0516005 89.197 84.2061 89.197 84.2061 224370 0 0.000193511
30.9169 570512 566168 0.0510987 89.129 84.2142 89.129 84.2142 224762 0 0.000142604
30.9675 571960 567616 0.0508873 89.9931 84.2236 89.9931 84.2236 225155 0 0.000130686
31.018 576304 569064 0.0506075 90.2073 84.2333 90.2073 84.2333 225548 0 0.000165554
31.0688 577752 573408 0.0510053 90.4792 84.2436 90.4792 84.2436 225945 0 9.34262e-05
31.12 574856 574856 0.0513714 89.842 84.2528 89.842 84.2528 226342 0 0.00010491
31.1712 571960 571960 0.0513888 89.6157 84.2616 89.6157 84.2616 226738 0 0.000122141
31.2223 567616 569064 0.0514683 89.3729 84.2699 89.3729 84.2699 227132 0 0.000170784
31.273 569064 564720 0.0507946 89.3229 84.2781 89.3229 84.2781 227523 0 0.000151932
31.3233 571960 566168 0.0506623 89.9625 84.2873 89.9625 84.2873 227914 0 0.000157563
31.374 573408 569064 0.050992 90.0083 84.2965 90.0083 84.2965 228308 0 0.000121113
31.4247 574856 570512 0.0509081 90.2367 84.3061 90.2367 84.3061 228703 0 0.000110897
31.4755 576304 571960 0.0511052 90.0234 84.3153 90.0234 84.3153 229098 0 0.000102827
31.5265 574856 573408 0.0512231 90.2658 84.3249 90.2658 84.3249 229495 0 9.47828e-05
31.5776 573408 571960 0.0512362 89.5997 84.3335 89.5997 84.3335 229890 0 0.000103657
31.6288 570512 570512 0.0514245 89.3894 84.3417 89.3894 84.3417 230285 0 0.00013164
31.6795 571960 567616 0.0509008 89.5514 84.35 89.5514 84.35 230677 0 0.000130763
31.73 573408 569064 0.0508505 89.9931 84.359 89.9931 84.359 231070 0 0.000120287
31.7808 574856 570512 0.0509947 90.2367 84.3684 90.2367 84.3684 231465 0 0.000111408
31.8316 576304 571960 0.0510162 90.0234 84.3774 90.0234 84.3774 231860 0 0.000102282
31.8828 573408 573408 0.0514178 89.842 84.3862 89.842 84.3862 232257 0 0.000113549
31.9337 574856 570512 0.0511087 89.5837 84.3945 89.5837 84.3945 232651 0 0.000112104
31.9845 576304 571960 0.0511052 90.0234 84.4034 90.0234 84.4034 233046 0 0.000102827
32.0355 574856 573408 0.0512231 90.2658 84.4127 90.2658 84.4127 233443 0 9.47828e-05
32.0866 573408 571960 0.0512362 89.5997 84.421 89.5997 84.421 233838 0 0.000103657
32.1377 570512 570512 0.0514245 89.3894 84.4289 89.3894 84.4289 234233 0 0.00013164
32.1885 571960 567616 0.0509007 89.5514 84.437 89.5514 84.437 234625 0 0.000130763
32.239 573408 569064 0.0508506 89.9931 84.4457 89.9931 84.4457 235018 0 0.000120287
32.2898 574856 570512 0.0509947 90.2367 84.4548 90.2367 84.4548 235413 0 0.000111408
32.3406 576304 571960 0.0510162 90.0234 84.4635 90.0234 84.4635 235808 0 0.000102282
32.3918 573408 573408 0.0514128 89.842 84.472 89.842 84.472 236205 0 0.000113514
32.4427 574856 570512 0.0511145 89.5837 84.4801 89.5837 84.4801 236599 0 0.00011214
32.4935 576304 571960 0.0511052 90.0234 84.4887 90.0234 84.4887 236994 0 0.000102827
32.5445 574856 573408 0.0512231 90.2658 84.4978 90.2658 84.4978 237391 0 9.47828e-05
32.5956 573408 571960 0.0512362 89.5997 84.5058 89.5997 84.5058 237786 0 0.000103657
32.6467 570512 570512 0.0514245 89.3894 84.5134 89.3894 84.5134 238181 0 0.00013164
32.6975 571960 567616 0.0509007 89.5514 84.5212 89.5514 84.5212 238573 0 0.000130763
32.748 573408 569064 0.0508506 89.9931 84.5297 89.9931 84.5297 238966 0 0.000120287
32.7987 574856 570512 0.0509947 90.2367 84.5385 90.2367 84.5385 239361 0 0.000111408
32.8496 576304 571960 0.0510162 90.0234 84.547 90.0234 84.547 239756 0 0.000102282
32.9008 573408 573408 0.0514128 89.842 84.5552 89.842 84.5552 240153 0 0.000113514
32.9517 574856 570512 0.0511145 89.5837 84.563 89.5837 84.563 240547 0 0.00011214
33.0025 576304 571960 0.0511052 90.0234 84.5714 90.0234 84.5714 240942 0 0.000102827
33.0535 574856 573408 0.0512197 90.2658 84.5802 90.2658 84.5802 241339 0 9.47609e-05
33.1046 573408 571960 0.0512401 89.5997 84.588 89.5997 84.588 241734 0 0.000103682
33.1557 570512 570512 0.0514245 89.3894 84.5954 89.3894 84.5954 242129 0 0.00013164
33.2065 571960 567616 0.0509007 89.5514 84.6029 89.5514 84.6029 242521 0 0.000130763
33.257 573408 569064 0.0508506 89.9931 84.6111 89.9931 84.6111 242914 0 0.000120287
33.3077 574856 570512 0.0509947 90.2367 84.6197 90.2367 84.6197 243309 0 0.000111408
33.3586 576304 571960 0.0510162 90.0234 84.6279 90.0234 84.6279 243704 0 0.000102282
33.4098 573408 573408 0.0514128 89.842 84.6359 89.842 84.6359 244101 0 0.000113514
33.4607 574856 570512 0.0511145 89.5837 84.6435 89.5837 84.6435 244495 0 0.00011214
33.5115 576304 571960 0.0511052 90.0234 84.6516 90.0234 84.6516 244890 0 0.000102827
33.5625 574856 573408 0.0512197 90.2658 84.6601 90.2658 84.6601 245287 0 9.47609e-05
33.6136 573408 571960 0.0512401 89.5997 84.6676 89.5997 84.6676 245682 0 0.000103682
33.6647 570512 570512 0.0514245 89.3894 84.6748 89.3894 84.6748 246077 0 0.00013164
33.7154 571960 567616 0.0509007 89.5514 84.6822 89.5514 84.6822 246469 0 0.000130763
33.766 573408 569064 0.0508506 89.9931 84.6901 89.9931 84.6901 246862 0 0.000120287
33.8167 574856 570512 0.0509947 90.2367 84.6984 90.2367 84.6984 247257 0 0.000111408
33.8676 576304 571960 0.0510159 90.0234 84.7064 90.0234 84.7064 247652 0 0.00010228
33.9188 573408 573408 0.0514132 89.842 84.7142 89.842 84.7142 248049 0 0.000113517
33.9697 574856 570512 0.0511145 89.5837 84.7215 89.5837 84.7215 248443 0 0.00011214
34.0205 576304 571960 0.0511052 90.0234 84.7294 90.0234 84.7294 248838 0 0.000102827
34.0715 574856 573408 0.0512197 90.2658 84.7377 90.2658 84.7377 249235 0 9.47609e-05
34.1226 573408 571960 0.0512401 89.5997 84.7449 89.5997 84.7449 249630 0 0.000103682
34.1737 570512 570512 0.0514245 89.3894 84.7519 89.3894 84.7519 250025 0 0.00013164
34.2244 571960 567616 0.0508987 89.5514 84.759 89.5514 84.759 250417 0 0.000130752
34.275 573408 569064 0.0508528 89.9931 84.7667 89.9931 84.7667 250810 0 0.0001203
34.3257 574856 570512 0.0509947 90.2367 84.7748 90.2367 84.7748 251205 0 0.000111408
34.3766 576304 571960 0.0510159 90.0234 84.7826 90.0234 84.7826 251600 0 0.00010228
34.4278 573408 573408 0.0514132 89.842 84.7901 89.842 84.7901 251997 0 0.000113517
34.4787 574856 570512 0.0511145 89.5837 84.7972 89.5837 84.7972 252391 0 0.00011214
34.5295 576304 571960 0.051105 90.0234 84.8049 90.0234 84.8049 252786 0 0.000102825
34.5805 574856 573408 0.0512199 90.2658 84.8129 90.2658 84.8129 253183 0 9.47625e-05
34.6315 573408 571960 0.0512401 89.5997 84.82 89.5997 84.82 253578 0 0.000103682
34.6827 570512 570512 0.0514245 89.3894 84.8267 89.3894 84.8267 253973 0 0.00013164
34.7334 571960 567616 0.0508987 89.5514 84.8336 89.5514 84.8336 254365 0 0.000130752
34.784 573408 569064 0.0508528 89.9931 84.8411 89.9931 84.8411 254758 0 0.0001203
34.8347 574856 570512 0.0509947 90.2367 84.849 90.2367 84.849 255153 0 0.000111408
34.8856 576304 571960 0.0510159 90.0234 84.8565 90.0234 84.8565 255548 0 0.00010228
34.9368 573408 573408 0.0514132 89.842 84.8638 89.842 84.8638 255945 0 0.000113517
34.9877 574856 570512 0.0511145 89.5837 84.8707 89.5837 84.8707 256339 0 0.00011214
35.0385 576304 571960 0.051105 90.0234 84.8782 90.0234 84.8782 256734 0 0.000102825
35.0895 577752 573408 0.0511242 90.2658 84.886 90.2658 84.886 257131 0 9.41553e-05
35.1405 574856 574856 0.0513495 90.0534 84.8935 90.0534 84.8935 257528 0 0.000104762
35.192 569064 571960 0.0516005 89.197 84.8998 89.197 84.8998 257924 0 0.000193511
35.2429 570512 566168 0.0510987 89.129 84.9059 89.129 84.9059 258316 0 0.000142604
35.2935 571960 567616 0.0508873 89.9931 84.9132 89.9931 84.9132 258709 0 0.000130686
35.344 576304 569064 0.0506075 90.2073 84.9208 90.2073 84.9208 259102 0 0.000165554
35.3948 577752 573408 0.0510053 90.4792 84.9287 90.4792 84.9287 259499 0 9.34263e-05
35.446 574856 574856 0.0513714 89.842 84.9358 89.842 84.9358 259896 0 0.00010491
35.4972 571960 571960 0.0513888 89.6157 84.9426 89.6157 84.9426 260292 0 0.000122141
35.5483 567616 569064 0.0514684 89.3729 84.949 89.3729 84.949 260686 0 0.000170784
35.599 569064 564720 0.0507946 89.3229 84.9552 89.3229 84.9552 261077 0 0.000151932
35.6493 571960 566168 0.0506623 89.9625 84.9623 89.9625 84.9623 261468 0 0.000157563
35.7 573408 569064 0.050992 90.0083 84.9694 90.0083 84.9694 261862 0 0.000121114
35.7507 574856 570512 0.0509081 90.2367 84.9769 90.2367 84.9769 262257 0 0.000110897
35.8015 576304 571960 0.0511052 90.0234 84.9841 90.0234 84.9841 262652 0 0.000102827
35.8525 574856 573408 0.0512231 90.2658 84.9916 90.2658 84.9916 263049 0 9.47829e-05
35.9036 573408 571960 0.0512362 89.5997 84.9981 89.5997 84.9981 263444 0 0.000103657
35.9548 570512 570512 0.0514245 89.3894 85.0044 89.3894 85.0044 263839 0 0.00013164
36.0055 571960 567616 0.0509008 89.5514 85.0108 89.5514 85.0108 264231 0 0.000130764
36.056 573408 569064 0.0508505 89.9931 85.0178 89.9931 85.0178 264624 0 0.000120287
36.1068 574856 570512 0.0509948 90.2367 85.0251 90.2367 85.0251 265019 0 0.000111409
36.1576 576304 571960 0.0510162 90.0234 85.0321 90.0234 85.0321 265414 0 0.000102282
36.2088 573408 573408 0.0514179 89.842 85.0389 89.842 85.0389 265811 0 0.000113549
36.2597 574856 570512 0.0511087 89.5837 85.0453 89.5837 85.0453 266205 0 0.000112104
36.3105 576304 571960 0.0511052 90.0234 85.0523 90.0234 85.0523 266600 0 0.000102827
36.3615 574856 573408 0.0512231 90.2658 85.0596 90.2658 85.0596 266997 0 9.47831e-05
36.4126 573408 571960 0.0512362 89.5997 85.0659 89.5997 85.0659 267392 0 0.000103657
36.4637 570512 570512 0.0514245 89.3894 85.072 89.3894 85.072 267787 0 0.00013164
36.5145 571960 567616 0.0509007 89.5514 85.0782 89.5514 85.0782 268179 0 0.000130763
36.565 573408 569064 0.0508505 89.9931 85.085 89.9931 85.085 268572 0 0.000120287
36.6158 574856 570512 0.0509948 90.2367 85.0922 90.2367 85.0922 268967 0 0.000111409
36.6666 576304 571960 0.0510162 90.0234 85.099 90.0234 85.099 269362 0 0.000102282
36.7178 573408 573408 0.0514179 89.842 85.1056 89.842 85.1056 269759 0 0.000113549
36.7687 574856 570512 0.0511087 89.5837 85.1118 89.5837 85.1118 270153 0 0.000112104
36.8195 576304 571960 0.0511052 90.0234 85.1186 90.0234 85.1186 270548 0 0.000102827
36.8705 574856 573408 0.0512232 90.2658 85.1257 90.2658 85.1257 270945 0 9.47835e-05
36.9216 573408 571960 0.0512362 89.5997 85.1319 89.5997 85.1319 271340 0 0.000103657
36.9727 570512 570512 0.0514245 89.3894 85.1378 89.3894 85.1378 271735 0 0.00013164
37.0235 571960 567616 0.0509007 89.5514 85.1438 89.5514 85.1438 272127 0 0.000130763
37.074 573408 569064 0.0508506 89.9931 85.1505 89.9931 85.1505 272520 0 0.000120287
37.1247 574856 570512 0.0509949 90.2367 85.1574 90.2367 85.1574 272915 0 0.000111409
37.1756 576304 571960 0.0510162 90.0234 85.1641 90.0234 85.1641 273310 0 0.000102282
37.2268 573408 573408 0.0514129 89.842 85.1705 89.842 85.1705 273707 0 0.000113515
37.2777 574856 570512 0.0511145 89.5837 85.1765 89.5837 85.1765 274101 0 0.00011214
37.3285 576304 571960 0.0511052 90.0234 85.1831 90.0234 85.1831 274496 0 0.000102827
37.3795 574856 573408 0.0512233 90.2658 85.19 90.2658 85.19 274893 0 9.47841e-05
37.4306 573408 571960 0.0512361 89.5997 85.1961 89.5997 85.1961 275288 0 0.000103657
37.4817 570512 570512 0.0514246 89.3894 85.2018 89.3894 85.2018 275683 0 0.000131641
37.5325 571960 567616 0.0509008 89.5514 85.2077 89.5514 85.2077 276075 0 0.000130764
37.583 573408 569064 0.0508505 89.9931 85.2141 89.9931 85.2141 276468 0 0.000120287
37.6337 574856 570512 0.0509951 90.2367 85.2209 90.2367 85.2209 276863 0 0.00011141
37.6846 576304 571960 0.0510162 90.0234 85.2274 90.0234 85.2274 277258 0 0.000102282
37.7358 573408 573408 0.051413 89.842 85.2336 89.842 85.2336 277655 0 0.000113516
37.7867 574856 570512 0.0511146 89.5837 85.2395 89.5837 85.2395 278049 0 0.000112141
37.8375 576304 571960 0.0511052 90.0234 85.2459 90.0234 85.2459 278444 0 0.000102827
37.8885 574856 573408 0.0512201 90.2658 85.2527 90.2658 85.2527 278841 0 9.47635e-05
37.9396 573408 571960 0.0512401 89.5997 85.2585 89.5997 85.2585 279236 0 0.000103683
37.9907 570512 570512 0.0514247 89.3894 85.2641 89.3894 85.2641 279631 0 0.000131641
38.0415 571960 567616 0.0509011 89.5514 85.2698 89.5514 85.2698 280023 0 0.000130765
38.092 573408 569064 0.0508504 89.9931 85.2761 89.9931 85.2761 280416 0 0.000120286
38.1427 574856 570512 0.0509953 90.2367 85.2827 90.2367 85.2827 280811 0 0.000111412
38.1936 576304 571960 0.0510158 90.0234 85.289 90.0234 85.289 281206 0 0.00010228
38.2448 573408 573408 0.0514136 89.842 85.2951 89.842 85.2951 281603 0 0.00011352
38.2957 574856 570512 0.051115 89.5837 85.3008 89.5837 85.3008 281997 0 0.000112143
38.3465 576304 571960 0.0511049 90.0234 85.307 90.0234 85.307 282392 0 0.000102825
38.3975 574856 573408 0.0512208 90.2658 85.3136 90.2658 85.3136 282789 0 9.47685e-05
38.4486 573408 571960 0.0512396 89.5997 85.3193 89.5997 85.3193 283184 0 0.000103679
38.4997 570512 570512 0.0514252 89.3894 85.3247 89.3894 85.3247 283579 0 0.000131645
38.5504 571960 567616 0.0508995 89.5514 85.3303 89.5514 85.3303 283971 0 0.000130756
38.601 573408 569064 0.0508525 89.9931 85.3364 89.9931 85.3364 284364 0 0.000120298
38.6517 574856 570512 0.0509963 90.2367 85.3428 90.2367 85.3428 284759 0 0.000111418
38.7026 576304 571960 0.0510157 90.0234 85.349 90.0234 85.349 285154 0 0.000102279
38.7538 573408 573408 0.051414 89.842 85.3549 89.842 85.3549 285551 0 0.000113522
38.8047 574856 570512 0.0511153 89.5837 85.3604 89.5837 85.3604 285945 0 0.000112145
38.8555 576304 571960 0.0511041 90.0234 85.3665 90.0234 85.3665 286340 0 0.00010282
38.9065 574856 573408 0.0512226 90.2658 85.373 90.2658 85.373 286737 0 9.47801e-05
38.9576 573408 571960 0.0512394 89.5997 85.3785 89.5997 85.3785 287132 0 0.000103678
39.0087 570512 570512 0.0514264 89.3894 85.3838 89.3894 85.3838 287527 0 0.000131653
39.0594 571960 567616 0.0508995 89.5514 85.3892 89.5514 85.3892 287919 0 0.000130756
39.11 573408 569064 0.050852 89.9931 85.3951 89.9931 85.3951 288312 0 0.000120295
39.1607 574856 570512 0.0509984 90.2367 85.4014 90.2367 85.4014 288707 0 0.00011143
39.2116 576304 571960 0.0510144 90.0234 85.4074 90.0234 85.4074 289102 0 0.000102271
39.2628 573408 573408 0.0514164 89.842 85.4132 89.842 85.4132 289499 0 0.000113539
39.3137 574856 570512 0.051116 89.5837 85.4186 89.5837 85.4186 289893 0 0.000112149
39.3645 576304 571960 0.0511042 90.0234 85.4245 90.0234 85.4245 290288 0 0.00010282
39.4155 577752 573408 0.0511291 90.2658 85.4308 90.2658 85.4308 290685 0 9.41858e-05
39.4665 574856 574856 0.0513478 90.0534 85.4368 90.0534 85.4368 291082 0 0.000104752
39.518 569064 571960 0.0516031 89.197 85.4417 89.197 85.4417 291478 0 0.00019353
39.5689 570512 566168 0.051106 89.129 85.4464 89.129 85.4464 291870 0 0.00014265
39.6195 571960 567616 0.0508915 89.9931 85.4522 89.9931 85.4522 292263 0 0.00013071
39.67 576304 569064 0.0506094 90.2073 85.4583 90.2073 85.4583 292656 0 0.000165564
39.7208 577752 573408 0.0510172 90.4792 85.4647 90.4792 85.4647 293053 0 9.34981e-05
39.772 574856 574856 0.0513599 89.842 85.4703 89.842 85.4703 293450 0 0.000104833
39.8232 571960 571960 0.0513963 89.6157 85.4756 89.6157 85.4756 293846 0 0.000122192
39.8743 567616 569064 0.0514739 89.3729 85.4806 89.3729 85.4806 294240 0 0.000170823
39.925 569064 564720 0.0508022 89.3229 85.4855 89.3229 85.4855 294631 0 0.000151974
39.9753 571960 566168 0.0506618 89.9625 85.4912 89.9625 85.4912 295022 0 0.00015756
40.026 573408 569064 0.0509964 90.0083 85.4969 90.0083 85.4969 295416 0 0.00012114
40.0767 574856 570512 0.0509184 90.2367 85.5029 90.2367 85.5029 295811 0 0.000110957
40.1275 576304 571960 0.0511044 90.0234 85.5086 90.0234 85.5086 296206 0 0.000102822
40.1785 574856 573408 0.0512318 90.2658 85.5146 90.2658 85.5146 296603 0 9.48394e-05
40.2296 573408 571960 0.0512341 89.5997 85.5198 89.5997 85.5198 296998 0 0.000103644
40.2808 570512 570512 0.0514311 89.3894 85.5247 89.3894 85.5247 297393 0 0.000131685
40.3315 571960 567616 0.0509061 89.5514 85.5298 89.5514 85.5298 297785 0 0.000130794
40.382 573408 569064 0.0508554 89.9931 85.5354 89.9931 85.5354 298178 0 0.000120315
40.4328 574856 570512 0.051001 90.2367 85.5413 90.2367 85.5413 298573 0 0.000111446
40.4836 576304 571960 0.0510149 90.0234 85.5469 90.0234 85.5469 298968 0 0.000102274
40.5348 573408 573408 0.0514257 89.842 85.5523 89.842 85.5523 299365 0 0.000113602
40.5857 574856 570512 0.051119 89.5837 85.5574 89.5837 85.5574 299759 0 0.000112168
40.6365 576304 571960 0.051101 90.0234 85.563 90.0234 85.563 300154 0 0.000102801
40.6875 574856 573408 0.0512416 90.2658 85.5689 90.2658 85.5689 300551 0 9.49025e-05
40.7386 573408 571960 0.0512378 89.5997 85.5739 89.5997 85.5739 300946 0 0.000103667
40.7897 569064 570512 0.0514387 89.3894 85.5787 89.3894 85.5787 301341 0 0.000160858
40.8405 570512 566168 0.0509135 89.3229 85.5834 89.3229 85.5834 301732 0 0.000141491
40.891 571960 567616 0.0508631 89.9931 85.5888 89.9931 85.5888 302125 0 0.000130547
40.9415 573408 569064 0.050797 90.2073 85.5945 90.2073 85.5945 302518 0 0.000119985
40.9923 574856 570512 0.0510406 90.0234 85.6 90.0234 85.6 302913 0 0.000111685
41.0433 573408 571960 0.0512342 89.8111 85.6052 89.8111 85.6052 303308 0 0.000103644
41.0942 571960 570512 0.0511959 89.8111 85.6104 89.8111 85.6104 303703 0 0.000112654
41.1451 573408 569064 0.0511244 89.5676 85.6153 89.5676 85.6153 304096 0 0.000121923
41.1958 574856 570512 0.0510403 90.2367 85.621 90.2367 85.621 304491 0 0.000111683
41.2466 576304 571960 0.0509992 90.0234 85.6264 90.0234 85.6264 304886 0 0.000102179
41.2978 571960 573408 0.0514479 89.842 85.6317 89.842 85.6317 305283 0 0.000142876
41.3487 570512 569064 0.0512212 89.3563 85.6363 89.3563 85.6363 305676 0 0.000122538
41.3996 571960 567616 0.0510383 89.5676 85.6411 89.5676 85.6411 306069 0 0.00013158
41.45 574856 569064 0.0507478 90.2073 85.6466 90.2073 85.6466 306462 0 0.000137184
41.5009 576304 571960 0.0510571 90.2513 85.6523 90.2513 85.6523 306858 0 0.00010253
41.552 571960 573408 0.0515161 89.842 85.6574 89.842 85.6574 307255 0 0.000143351
41.603 570512 569064 0.0511908 89.3563 85.662 89.3563 85.662 307648 0 0.000122342
41.6538 571960 567616 0.0510667 89.5676 85.6667 89.5676 85.6667 308041 0 0.000131754
41.7043 574856 569064 0.0507659 90.2073 85.6722 90.2073 85.6722 308434 0 0.000137284
41.7551 576304 571960 0.0510568 90.2513 85.6778 90.2513 85.6778 308830 0 0.000102528
41.8063 570512 573408 0.0516007 89.842 85.6829 89.842 85.6829 309227 0 0.000184723
41.8573 569064 567616 0.0513058 89.129 85.6871 89.129 85.6871 309619 0 0.000133278
41.9078 571960 566168 0.0506731 89.5351 85.6917 89.5351 85.6917 310010 0 0.00015762
41.9583 573408 569064 0.0508623 90.4369 85.6975 90.4369 85.6975 310404 0 0.000120354
42.0091 574856 570512 0.0510978 90.0234 85.7027 90.0234 85.7027 310799 0 0.000112037
42.0601 573408 571960 0.0512445 89.8111 85.7077 89.8111 85.7077 311194 0 0.000103711
42.111 569064 570512 0.0514405 89.8111 85.7126 89.8111 85.7126 311589 0 0.000160871
42.1619 570512 566168 0.0509981 89.1118 85.7167 89.1118 85.7167 311980 0 0.000141991
42.2123 571960 567616 0.0508963 90.2073 85.7221 90.2073 85.7221 312373 0 0.000130737
42.2629 574856 569064 0.0506878 89.9931 85.7272 89.9931 85.7272 312766 0 0.000136858
42.3139 573408 571960 0.0512518 90.0384 85.7324 90.0384 85.7324 313162 0 0.000103759
42.3648 570512 570512 0.0514078 89.8111 85.7373 89.8111 85.7373 313557 0 0.000131526
42.4156 571960 567616 0.050961 89.3397 85.7416 89.3397 85.7416 313949 0 0.000131117
42.4661 574856 569064 0.0507709 90.2073 85.7469 90.2073 85.7469 314342 0 0.000137312
42.5169 573408 571960 0.0511908 90.2513 85.7523 90.2513 85.7523 314738 0 0.000103365
42.5681 567616 570512 0.051563 89.3894 85.7567 89.3894 85.7567 315133 0 0.000202498
42.6188 569064 564720 0.0510747 89.0945 85.7607 89.0945 85.7607 315523 0 0.000153576
42.6692 573408 566168 0.0505331 89.9625 85.7656 89.9625 85.7656 315914 0 0.000186012
42.7196 574856 570512 0.0509798 90.6664 85.7714 90.6664 85.7714 316309 0 0.000111319
42.7705 576304 571960 0.0509954 90.0234 85.7765 90.0234 85.7765 316704 0 0.000102157
42.8217 570512 573408 0.0516132 89.842 85.7813 89.842 85.7813 317101 0 0.000184813
42.8726 567616 567616 0.051412 89.129 85.7853 89.129 85.7853 317493 0 0.000151464
42.9232 571960 564720 0.0506277 89.3061 85.7894 89.3061 85.7894 317883 0 0.00019762
42.9734 574856 569064 0.0507232 90.639 85.7951 90.639 85.7951 318276 0 0.00013705
43.0242 571960 571960 0.0514236 90.2513 85.8004 90.2513 85.8004 318672 0 0.000122378
43.0754 566168 569064 0.051653 89.1631 85.8044 89.1631 85.8044 319066 0 0.000212869
43.1261 561824 563272 0.0515184 89.0945 85.8082 89.0945 85.8082 319456 0 0.00021468
43.1765 563272 558928 0.0509339 89.0421 85.812 89.0421 85.812 319843 0 0.000201866
43.2262 571960 560376 0.0500295 90.1175 85.817 90.1175 85.817 320230 0 0.000388241
43.2763 574856 569064 0.0506971 91.0875 85.8231 91.0875 85.8231 320624 0 0.000136908
43.3273 569064 571960 0.0515789 90.0384 85.828 90.0384 85.828 321020 0 0.000193356
43.3782 561824 566168 0.0518321 89.129 85.8319 89.129 85.8319 321412 0 0.000287468
43.4288 563272 558928 0.0511298 88.6191 85.8352 88.6191 85.8352 321799 0 0.000203054
43.4752 571960 560376 0.0501259 96.6545 85.8467 96.6545 85.8467 322186 0 0.000388641
43.5252 580648 569064 0.0502153 91.3065 85.853 91.3065 85.853 322580 0 0.000320915
43.576 579200 577752 0.0512056 91.1629 85.8592 91.1629 85.8592 322980 0 7.10969e-05
43.6277 571960 576304 0.0519061 89.4547 85.8634 89.4547 85.8634 323379 0 0.000223251
43.6789 569064 569064 0.0513321 88.9368 85.867 88.9368 85.867 323772 0 0.000140737
43.7297 570512 566168 0.0510807 89.3397 85.8711 89.3397 85.8711 324164 0 0.000142493
43.7802 573408 567616 0.0506892 90.2073 85.8761 90.2073 85.8761 324557 0 0.000147054
43.8308 574856 570512 0.0508999 90.2221 85.8811 90.2221 85.8811 324951 0 0.000110849
43.8817 576304 571960 0.0511145 89.8111 85.8856 89.8111 85.8856 325346 0 0.000102884
43.9327 577752 573408 0.0511628 90.2658 85.8907 90.2658 85.8907 325743 0 9.43977e-05
43.9837 574856 574856 0.0513556 90.0534 85.8955 90.0534 85.8955 326140 0 0.000104804
44.0349 573408 571960 0.0512604 89.6157 85.8999 89.6157 85.8999 326536 0 0.000103815
44.086 570512 570512 0.0513138 89.5997 85.9042 89.5997 85.9042 326931 0 0.000130894
44.1369 571960 567616 0.0510986 89.129 85.9079 89.129 85.9079 327323 0 0.00013195
44.1874 574856 569064 0.0506958 90.2073 85.9128 90.2073 85.9128 327716 0 0.000136902
44.2382 576304 571960 0.0511054 90.2513 85.9178 90.2513 85.9178 328112 0 0.000102828
44.2892 574856 573408 0.0512113 90.2658 85.9228 90.2658 85.9228 328509 0 9.47069e-05
44.3402 571960 571960 0.0513567 89.5997 85.927 89.5997 85.927 328904 0 0.000121924
44.3914 567616 569064 0.0514652 89.1631 85.9307 89.1631 85.9307 329298 0 0.000170762
44.4421 569064 564720 0.050961 89.3229 85.9346 89.3229 85.9346 329689 0 0.000152889
44.4925 573408 566168 0.0506439 89.9625 85.9392 89.9625 85.9392 330080 0 0.000186586
44.5429 577752 570512 0.0506449 90.6664 85.9445 90.6664 85.9445 330475 0 0.000156029
44.5938 579200 574856 0.0510919 90.4792 85.9497 90.4792 85.9497 330872 0 8.56307e-05
44.6452 573408 576304 0.0516484 89.8727 85.9542 89.8727 85.9542 331271 0 0.000168887
44.6964 569064 570512 0.0514338 89.1631 85.9579 89.1631 85.9579 331665 0 0.000160824
44.7472 570512 566168 0.0511054 89.1118 85.9615 89.1118 85.9615 332056 0 0.000142646
44.7977 573408 567616 0.0507352 90.2073 85.9663 90.2073 85.9663 332449 0 0.000147303
44.8483 574856 570512 0.0508712 90.2221 85.9711 90.2221 85.9711 332843 0 0.000110684
44.8992 576304 571960 0.0511495 89.8111 85.9754 89.8111 85.9754 333238 0 0.000103104
44.9502 574856 573408 0.0512113 90.2658 85.9803 90.2658 85.9803 333635 0 9.47069e-05
45.0012 571960 571960 0.0513567 89.5997 85.9844 89.5997 85.9844 334030 0 0.000121924
45.0522 570512 569064 0.0512126 89.5837 85.9885 89.5837 85.9885 334424 0 0.000122483
45.103 569064 567616 0.0512054 89.5676 85.9925 89.5676 85.9925 334817 0 0.000132624
45.1537 570512 566168 0.0509081 89.3229 85.9962 89.3229 85.9962 335208 0 0.000141459
45.2042 573408 567616 0.0506893 90.2073 86.0009 90.2073 86.0009 335601 0 0.000147054
45.2548 574856 570512 0.0509049 90.2221 86.0056 90.2221 86.0056 335995 0 0.000110878
45.3055 576304 571960 0.0509907 90.2367 86.0104 90.2367 86.0104 336390 0 0.000102129
45.3566 574856 573408 0.0512401 90.0534 86.0149 90.0534 86.0149 336787 0 9.48928e-05
45.4077 571960 571960 0.0514245 89.3894 86.0187 89.3894 86.0187 337182 0 0.000122384
45.4587 573408 569064 0.0511127 89.5837 86.0227 89.5837 86.0227 337576 0 0.00012185
45.5095 574856 570512 0.0511013 90.0234 86.0272 90.0234 86.0272 337971 0 0.000112058
45.5602 576304 571960 0.0508866 90.2367 86.0319 90.2367 86.0319 338366 0 0.000101517
45.6113 573408 573408 0.0513991 90.0534 86.0364 90.0534 86.0364 338763 0 0.000113421
45.6625 570512 570512 0.0513862 89.1631 86.0399 89.1631 86.0399 339157 0 0.000131379
45.7132 571960 567616 0.0509335 89.5514 86.0438 89.5514 86.0438 339549 0 0.000130955
45.7638 573408 569064 0.0509049 89.9931 86.0482 89.9931 86.0482 339942 0 0.0001206
45.8145 574856 570512 0.050895 90.2367 86.0528 90.2367 86.0528 340337 0 0.000110821
45.8653 576304 571960 0.0511203 90.0234 86.0572 90.0234 86.0572 340732 0 0.00010292
45.9165 571960 573408 0.051485 89.842 86.0614 89.842 86.0614 341129 0 0.000143133
45.9674 573408 569064 0.0511289 89.3563 86.0651 89.3563 86.0651 341522 0 0.000121952
46.0183 574856 570512 0.0511158 90.0234 86.0694 90.0234 86.0694 341917 0 0.000112148
46.069 576304 571960 0.0508704 90.2367 86.074 90.2367 86.074 342312 0 0.000101424
46.12 573408 573408 0.0513133 90.0534 86.0784 90.0534 86.0784 342709 0 0.000112845
46.1712 569064 570512 0.0514413 89.1631 86.0818 89.1631 86.0818 343103 0 0.000160876
46.2219 570512 566168 0.050924 89.3229 86.0854 89.3229 86.0854 343494 0 0.000141552
46.2725 571960 567616 0.0508913 89.9931 86.0897 89.9931 86.0897 343887 0 0.000130709
46.323 576304 569064 0.0506009 90.2073 86.0942 90.2073 86.0942 344280 0 0.000165519
46.3738 577752 573408 0.0510142 90.4792 86.099 90.4792 86.099 344677 0 9.34802e-05
46.425 573408 574856 0.0514906 89.842 86.1031 89.842 86.1031 345074 0 0.000134849
46.4762 569064 570512 0.0514478 89.3894 86.1067 89.3894 86.1067 345469 0 0.000160921
46.527 570512 566168 0.0511323 89.1118 86.11 89.1118 86.11 345860 0 0.000142814
46.5775 571960 567616 0.0507933 90.2073 86.1144 90.2073 86.1144 346253 0 0.000130152
46.6281 574856 569064 0.0507451 89.9931 86.1186 89.9931 86.1186 346646 0 0.000137169
46.679 573408 571960 0.0512915 90.0384 86.1229 90.0384 86.1229 347042 0 0.000104018
46.73 574856 570512 0.0511709 89.8111 86.1269 89.8111 86.1269 347437 0 0.000112494
46.7808 576304 571960 0.0510139 90.0234 86.1312 90.0234 86.1312 347832 0 0.000102268
46.8318 574856 573408 0.0511854 90.2658 86.1357 90.2658 86.1357 348229 0 9.45414e-05
46.8828 573408 571960 0.0512155 89.5997 86.1394 89.5997 86.1394 348624 0 0.000103524
46.934 569064 570512 0.0514906 89.3894 86.143 89.3894 86.143 349019 0 0.000161218
46.9847 570512 566168 0.0509081 89.3229 86.1464 89.3229 86.1464 349410 0 0.000141459
47.0353 571960 567616 0.050876 89.9931 86.1506 89.9931 86.1506 349803 0 0.000130621
47.0858 574856 569064 0.0506915 90.2073 86.1549 90.2073 86.1549 350196 0 0.000136878
47.1366 576304 571960 0.0510105 90.2513 86.1593 90.2513 86.1593 350592 0 0.000102247
47.1878 573408 573408 0.051418 89.842 86.1633 89.842 86.1633 350989 0 0.00011355
47.2387 571960 570512 0.0511953 89.5837 86.167 89.5837 86.167 351383 0 0.00011265
47.2896 573408 569064 0.051006 89.5676 86.1707 89.5676 86.1707 351776 0 0.000121198
47.3403 574856 570512 0.0509931 90.2367 86.175 90.2367 86.175 352171 0 0.000111399
47.3911 576304 571960 0.0510212 90.0234 86.1791 90.0234 86.1791 352566 0 0.000102312
47.4423 571960 573408 0.0515458 89.842 86.1831 89.842 86.1831 352963 0 0.000143561
47.4932 573408 569064 0.0511419 89.3563 86.1865 89.3563 86.1865 353356 0 0.000122033
47.5441 574856 570512 0.0511374 90.0234 86.1906 90.0234 86.1906 353751 0 0.000112284
47.5948 576304 571960 0.0509908 90.2367 86.1949 90.2367 86.1949 354146 0 0.000102129
47.6458 574856 573408 0.0512097 90.0534 86.1991 90.0534 86.1991 354543 0 9.4697e-05
47.697 570512 571960 0.0514908 89.3894 86.2025 89.3894 86.2025 354938 0 0.000151963
47.748 571960 567616 0.0511708 89.3563 86.2058 89.3563 86.2058 355331 0 0.000132403
47.7986 573408 569064 0.0508048 89.9931 86.2098 89.9931 86.2098 355724 0 0.000120029
47.8493 574856 570512 0.0509931 90.2367 86.2141 90.2367 86.2141 356119 0 0.000111399
47.9001 576304 571960 0.0510212 90.0234 86.2182 90.0234 86.2182 356514 0 0.000102312
47.9513 571960 573408 0.0515391 89.842 86.222 89.842 86.222 356911 0 0.000143514
48.0022 573408 569064 0.0511495 89.3563 86.2254 89.3563 86.2254 357304 0 0.000122081
48.0531 574856 570512 0.0511374 90.0234 86.2294 90.0234 86.2294 357699 0 0.000112283
48.1038 576304 571960 0.0509909 90.2367 86.2336 90.2367 86.2336 358094 0 0.00010213
48.1548 574856 573408 0.0512097 90.0534 86.2376 90.0534 86.2376 358491 0 9.4697e-05
48.206 570512 571960 0.0514908 89.3894 86.241 89.3894 86.241 358886 0 0.000151963
48.257 571960 567616 0.0511708 89.3563 86.2443 89.3563 86.2443 359279 0 0.000132403
48.3076 573408 569064 0.0508048 89.9931 86.2482 89.9931 86.2482 359672 0 0.000120029
48.3583 574856 570512 0.0509931 90.2367 86.2524 90.2367 86.2524 360067 0 0.000111399
48.4091 576304 571960 0.0510212 90.0234 86.2563 90.0234 86.2563 360462 0 0.000102312
48.4603 571960 573408 0.0515391 89.842 86.2601 89.842 86.2601 360859 0 0.000143514
48.5112 573408 569064 0.0511495 89.3563 86.2634 89.3563 86.2634 361252 0 0.000122081
48.5621 574856 570512 0.0511374 90.0234 86.2673 90.0234 86.2673 361647 0 0.000112283
48.6128 576304 571960 0.0509858 90.2367 86.2715 90.2367 86.2715 362042 0 0.000102099
48.6638 574856 573408 0.0512155 90.0534 86.2754 90.0534 86.2754 362439 0 9.47342e-05
48.715 570512 571960 0.0514908 89.3894 86.2787 89.3894 86.2787 362834 0 0.000151963
48.766 571960 567616 0.0511708 89.3563 86.2819 89.3563 86.2819 363227 0 0.000132403
48.8166 573408 569064 0.0508048 89.9931 86.2858 89.9931 86.2858 363620 0 0.000120029
48.8673 574856 570512 0.0509931 90.2367 86.2899 90.2367 86.2899 364015 0 0.000111399
48.9181 576304 571960 0.0510208 90.0234 86.2937 90.0234 86.2937 364410 0 0.000102309
48.9693 571960 573408 0.0515397 89.842 86.2975 89.842 86.2975 364807 0 0.000143517
49.0202 573408 569064 0.0511495 89.3563 86.3006 89.3563 86.3006 365200 0 0.000122081
49.0711 574856 570512 0.0511374 90.0234 86.3045 90.0234 86.3045 365595 0 0.000112283
49.1218 576304 571960 0.0509858 90.2367 86.3085 90.2367 86.3085 365990 0 0.000102099
49.1728 574856 573408 0.0512155 90.0534 86.3124 90.0534 86.3124 366387 0 9.47342e-05
49.224 570512 571960 0.0514908 89.3894 86.3156 89.3894 86.3156 366782 0 0.000151963
49.275 571960 567616 0.0511682 89.3563 86.3188 89.3563 86.3188 367175 0 0.000132386
49.3256 573408 569064 0.0508078 89.9931 86.3225 89.9931 86.3225 367568 0 0.000120045
49.3763 574856 570512 0.0509931 90.2367 86.3266 90.2367 86.3266 367963 0 0.000111399
49.4271 576304 571960 0.0510208 90.0234 86.3304 90.0234 86.3304 368358 0 0.000102309
49.4783 571960 573408 0.0515397 89.842 86.334 89.842 86.334 368755 0 0.000143517
49.5292 573408 569064 0.0511495 89.3563 86.3371 89.3563 86.3371 369148 0 0.000122081
49.5801 574856 570512 0.0511372 90.0234 86.3409 90.0234 86.3409 369543 0 0.000112282
49.6308 576304 571960 0.0509861 90.2367 86.3449 90.2367 86.3449 369938 0 0.000102101
49.6818 574856 573408 0.0512155 90.0534 86.3487 90.0534 86.3487 370335 0 9.47342e-05
49.733 570512 571960 0.0514908 89.3894 86.3518 89.3894 86.3518 370730 0 0.000151963
49.784 571960 567616 0.0511682 89.3563 86.3549 89.3563 86.3549 371123 0 0.000132386
49.8346 573408 569064 0.0508078 89.9931 86.3586 89.9931 86.3586 371516 0 0.000120045
49.8853 574856 570512 0.0509931 90.2367 86.3625 90.2367 86.3625 371911 0 0.000111399
49.9361 576304 571960 0.0510208 90.0234 86.3662 90.0234 86.3662 372306 0 0.000102309
49.9873 571960 573408 0.0515397 89.842 86.3698 89.842 86.3698 372703 0 0.000143517
50.0382 573408 569064 0.0511495 89.3563 86.3728 89.3563 86.3728 373096 0 0.000122081
50.0891 574856 570512 0.0511372 90.0234 86.3766 90.0234 86.3766 373491 0 0.000112282
50.1398 576304 571960 0.0509861 90.2367 86.3805 90.2367 86.3805 373886 0 0.000102101
50.1908 574856 573408 0.0512155 90.0534 86.3842 90.0534 86.3842 374283 0 9.47342e-05
50.242 570512 571960 0.0514908 89.3894 86.3873 89.3894 86.3873 374678 0 0.000151963
50.293 571960 567616 0.0511682 89.3563 86.3903 89.3563 86.3903 375071 0 0.000132386
50.3436 573408 569064 0.0508078 89.9931 86.3939 89.9931 86.3939 375464 0 0.000120045
50.3943 574856 570512 0.0509931 90.2367 86.3978 90.2367 86.3978 375859 0 0.000111399
50.4451 576304 571960 0.0510208 90.0234 86.4014 90.0234 86.4014 376254 0 0.000102309
50.4963 571960 573408 0.0515397 89.842 86.4049 89.842 86.4049 376651 0 0.000143517
50.5472 573408 569064 0.0511495 89.3563 86.4079 89.3563 86.4079 377044 0 0.000122081
50.5981 574856 570512 0.0511372 90.0234 86.4115 90.0234 86.4115 377439 0 0.000112282
50.6488 576304 571960 0.0509861 90.2367 86.4153 90.2367 86.4153 377834 0 0.000102101
50.6998 574856 573408 0.0512155 90.0534 86.419 90.0534 86.419 378231 0 9.47342e-05
50.751 570512 571960 0.0514906 89.3894 86.422 89.3894 86.422 378626 0 0.000151962
50.802 571960 567616 0.0511684 89.3563 86.4249 89.3563 86.4249 379019 0 0.000132388
50.8525 573408 569064 0.0508078 89.9931 86.4285 89.9931 86.4285 379412 0 0.000120045
50.9033 574856 570512 0.0509931 90.2367 86.4323 90.2367 86.4323 379807 0 0.000111399
50.9541 576304 571960 0.0510079 90.0234 86.4359 90.0234 86.4359 380202 0 0.000102232
51.0053 571960 573408 0.0515544 89.842 86.4393 89.842 86.4393 380599 0 0.000143622
51.0562 573408 569064 0.0511495 89.3563 86.4422 89.3563 86.4422 380992 0 0.000122081
51.107 574856 570512 0.0511372 90.0234 86.4457 90.0234 86.4457 381387 0 0.000112282
51.1578 576304 571960 0.0509861 90.2367 86.4495 90.2367 86.4495 381782 0 0.000102101
51.2088 574856 573408 0.0512155 90.0534 86.4531 90.0534 86.4531 382179 0 9.47342e-05
51.26 570512 571960 0.0514906 89.3894 86.456 89.3894 86.456 382574 0 0.000151962
51.311 571960 567616 0.0510951 89.3563 86.4589 89.3563 86.4589 382967 0 0.000131929
51.3615 573408 569064 0.0508915 89.9931 86.4624 89.9931 86.4624 383360 0 0.000120522
51.4123 574856 570512 0.050993 90.2367 86.4661 90.2367 86.4661 383755 0 0.000111398
51.4631 576304 571960 0.051008 90.0234 86.4696 90.0234 86.4696 384150 0 0.000102232
51.5143 571960 573408 0.0515544 89.842 86.473 89.842 86.473 384547 0 0.000143622
51.5652 573408 569064 0.0511495 89.3563 86.4758 89.3563 86.4758 384940 0 0.000122081
51.616 574856 570512 0.0511296 90.0234 86.4793 90.0234 86.4793 385335 0 0.000112234
51.6668 576304 571960 0.0509947 90.2367 86.483 90.2367 86.483 385730 0 0.000102153
51.7178 574856 573408 0.0512155 90.0534 86.4865 90.0534 86.4865 386127 0 9.47342e-05
51.769 570512 571960 0.0514906 89.3894 86.4894 89.3894 86.4894 386522 0 0.000151962
51.82 571960 567616 0.0510951 89.3563 86.4922 89.3563 86.4922 386915 0 0.000131929
51.8705 573408 569064 0.0508915 89.9931 86.4956 89.9931 86.4956 387308 0 0.000120522
51.9213 574856 570512 0.050993 90.2367 86.4993 90.2367 86.4993 387703 0 0.000111398
51.9721 576304 571960 0.051008 90.0234 86.5027 90.0234 86.5027 388098 0 0.000102232
52.0233 571960 573408 0.0515544 89.842 86.506 89.842 86.506 388495 0 0.000143622
52.0742 573408 569064 0.0511494 89.3563 86.5088 89.3563 86.5088 388888 0 0.00012208
52.125 574856 570512 0.0511297 90.0234 86.5122 90.0234 86.5122 389283 0 0.000112235
52.1758 576304 571960 0.0509947 90.2367 86.5159 90.2367 86.5159 389678 0 0.000102153
52.2268 574856 573408 0.0512155 90.0534 86.5193 90.0534 86.5193 390075 0 9.47342e-05
52.278 570512 571960 0.0514862 89.3894 86.5221 89.3894 86.5221 390470 0 0.000151931
52.329 571960 567616 0.0511002 89.3563 86.5249 89.3563 86.5249 390863 0 0.00013196
52.3795 573408 569064 0.0508915 89.9931 86.5282 89.9931 86.5282 391256 0 0.000120522
52.4302 574856 570512 0.050993 90.2367 86.5318 90.2367 86.5318 391651 0 0.000111398
52.4811 576304 571960 0.051008 90.0234 86.5352 90.0234 86.5352 392046 0 0.000102232
52.5323 571960 573408 0.0515544 89.842 86.5384 89.842 86.5384 392443 0 0.000143622
52.5832 573408 569064 0.0511494 89.3563 86.5412 89.3563 86.5412 392836 0 0.00012208
52.634 574856 570512 0.0511297 90.0234 86.5445 90.0234 86.5445 393231 0 0.000112235
52.6847 576304 571960 0.0509947 90.2367 86.5481 90.2367 86.5481 393626 0 0.000102153
52.7358 574856 573408 0.0512155 90.0534 86.5515 90.0534 86.5515 394023 0 9.47342e-05
52.787 570512 571960 0.0514862 89.3894 86.5542 89.3894 86.5542 394418 0 0.000151931
52.838 571960 567616 0.0511002 89.3563 86.5569 89.3563 86.5569 394811 0 0.00013196
52.8885 573408 569064 0.0508915 89.9931 86.5602 89.9931 86.5602 395204 0 0.000120522
52.9392 574856 570512 0.0509891 90.2367 86.5637 90.2367 86.5637 395599 0 0.000111375
52.9901 576304 571960 0.0510124 90.0234 86.5671 90.0234 86.5671 395994 0 0.000102259
53.0413 571960 573408 0.0515544 89.842 86.5702 89.842 86.5702 396391 0 0.000143622
53.0922 573408 569064 0.0511494 89.3563 86.5729 89.3563 86.5729 396784 0 0.00012208
53.143 574856 570512 0.0511297 90.0234 86.5762 90.0234 86.5762 397179 0 0.000112235
53.1937 576304 571960 0.0509947 90.2367 86.5797 90.2367 86.5797 397574 0 0.000102153
53.2448 574856 573408 0.0512155 90.0534 86.583 90.0534 86.583 397971 0 9.47342e-05
53.296 570512 571960 0.0514862 89.3894 86.5857 89.3894 86.5857 398366 0 0.000151931
53.347 571960 567616 0.0511002 89.3563 86.5883 89.3563 86.5883 398759 0 0.00013196
53.3975 573408 569064 0.0508915 89.9931 86.5916 89.9931 86.5916 399152 0 0.000120522
53.4482 574856 570512 0.0509891 90.2367 86.595 90.2367 86.595 399547 0 0.000111375
53.4991 576304 571960 0.0510124 90.0234 86.5983 90.0234 86.5983 399942 0 0.000102259
53.5503 571960 573408 0.0515544 89.842 86.6014 89.842 86.6014 400339 0 0.000143622
53.6012 573408 569064 0.0511472 89.3563 86.604 89.3563 86.604 400732 0 0.000122066
53.652 574856 570512 0.0511323 90.0234 86.6072 90.0234 86.6072 401127 0 0.000112251
53.7027 576304 571960 0.0509947 90.2367 86.6107 90.2367 86.6107 401522 0 0.000102153
53.7538 574856 573408 0.0512152 90.0534 86.6139 90.0534 86.6139 401919 0 9.47322e-05
53.805 570512 571960 0.0514865 89.3894 86.6166 89.3894 86.6166 402314 0 0.000151934
53.8559 571960 567616 0.0511002 89.3563 86.6192 89.3563 86.6192 402707 0 0.00013196
53.9065 573408 569064 0.0508915 89.9931 86.6223 89.9931 86.6223 403100 0 0.000120522
53.9572 574856 570512 0.0509891 90.2367 86.6257 90.2367 86.6257 403495 0 0.000111375
54.0081 576304 571960 0.0510124 90.0234 86.6289 90.0234 86.6289 403890 0 0.000102259
54.0593 571960 573408 0.0515544 89.842 86.632 89.842 86.632 404287 0 0.000143622
54.1102 573408 569064 0.0511472 89.3563 86.6345 89.3563 86.6345 404680 0 0.000122066
54.161 574856 570512 0.0511323 90.0234 86.6377 90.0234 86.6377 405075 0 0.000112251
54.2117 576304 571960 0.0509947 90.2367 86.6411 90.2367 86.6411 405470 0 0.000102153
54.2628 574856 573408 0.0512152 90.0534 86.6443 90.0534 86.6443 405867 0 9.47322e-05
54.314 571960 571960 0.0513615 89.3894 86.6469 89.3894 86.6469 406262 0 0.000121957
54.3649 573408 569064 0.0511002 89.5837 86.6496 89.5837 86.6496 406656 0 0.000121773
54.4158 574856 570512 0.0510919 90.0234 86.6528 90.0234 86.6528 407051 0 0.000112
54.4665 576304 571960 0.0509907 90.2367 86.6561 90.2367 86.6561 407446 0 0.000102129
54.5175 574856 573408 0.0512401 90.0534 86.6593 90.0534 86.6593 407843 0 9.48928e-05
54.5687 571960 571960 0.0514245 89.3894 86.6619 89.3894 86.6619 408238 0 0.000122384
54.6197 573408 569064 0.0511127 89.5837 86.6646 89.5837 86.6646 408632 0 0.00012185
54.6705 574856 570512 0.0511013 90.0234 86.6677 90.0234 86.6677 409027 0 0.000112058
54.7212 576304 571960 0.0508866 90.2367 86.671 90.2367 86.671 409422 0 0.000101517
54.7723 573408 573408 0.0513991 90.0534 86.6742 90.0534 86.6742 409819 0 0.000113421
54.8235 570512 570512 0.0513862 89.1631 86.6765 89.1631 86.6765 410213 0 0.000131379
54.8742 571960 567616 0.0509335 89.5514 86.6792 89.5514 86.6792 410605 0 0.000130955
54.9248 573408 569064 0.0509049 89.9931 86.6822 89.9931 86.6822 410998 0 0.0001206
54.9755 574856 570512 0.050895 90.2367 86.6855 90.2367 86.6855 411393 0 0.000110821
