0.240049 14480 0 0 0 0 0 0 0 0 0.0439727
0.28022 18824 13032 0.04 2.88373 0.41339 2.88373 0.41339 10 0 0.0390555
0.28046 20272 15928 0.04 192.81 0.57825 192.81 0.57825 14 0 0.0387228
0.2807 21720 17376 0.04 144.607 0.70156 144.607 0.70156 17 0 0.0385718
0.280941 23168 18824 0.04 144.607 0.824658 144.607 0.824658 20 0 0.038421
0.281181 24616 20272 0.040125 144.607 0.947547 144.607 0.947547 23 0 0.0382656
0.320387 26064 21720 0.0451094 0.886402 0.940064 0.886402 0.940064 26 0 0.0379422
0.320627 27512 23168 0.0444707 144.607 1.04775 144.607 1.04775 29 0 0.0378118
0.320867 28960 24616 0.0439119 144.607 1.15527 144.607 1.15527 32 0 0.0376799
0.321108 30408 26064 0.0435479 144.607 1.26263 144.607 1.26263 35 0 0.0375425
0.321348 31856 27512 0.0432294 144.607 1.36983 144.607 1.36983 38 0 0.0374042
0.321588 33304 28960 0.0429507 144.607 1.47687 144.607 1.47687 41 0 0.037265
0.321828 34752 30408 0.0427069 144.607 1.58375 144.607 1.58375 44 0 0.037125
0.322069 36200 31856 0.0424935 144.607 1.69047 144.607 1.69047 47 0 0.0369844
0.360554 37648 33304 0.0470568 0.903008 1.60642 0.903008 1.60642 50 0 0.0366977
0.360794 39096 34752 0.0461747 144.607 1.70167 144.607 1.70167 53 0 0.0365739
0.361034 40544 36200 0.0455279 144.607 1.79679 144.607 1.79679 56 0 0.036445
0.361274 41992 37648 0.0449619 144.607 1.89179 144.607 1.89179 59 0 0.0363149
0.361515 43440 39096 0.0444667 144.607 1.98666 144.607 1.98666 62 0 0.0361835
0.361755 44888 40544 0.0439083 144.607 2.08141 144.607 2.08141 65 0 0.0360549
0.361995 46336 41992 0.0434198 144.607 2.17603 144.607 2.17603 68 0 0.0359249
0.362236 47784 43440 0.0431173 144.607 2.27052 144.607 2.27052 71 0 0.0357893
0.362476 49232 44888 0.0428526 144.607 2.36489 144.607 2.36489 74 0 0.035653
0.362716 50680 46336 0.0426211 144.607 2.45913 144.607 2.45913 77 0 0.0355159
0.362957 52128 47784 0.0424184 144.607 2.55325 144.607 2.55325 80 0 0.0353782
0.363197 53576 49232 0.0422411 144.607 2.64725 144.607 2.64725 83 0 0.0352401
0.400721 55024 50680 0.046711 0.926141 2.48608 0.926141 2.48608 86 0 0.0349571
0.400961 56472 52128 0.0458721 144.607 2.57126 144.607 2.57126 89 0 0.0348362
0.401201 57920 53576 0.0452631 144.607 2.65634 144.607 2.65634 92 0 0.0347102
0.401441 59368 55024 0.0447302 144.607 2.74132 144.607 2.74132 95 0 0.034583
0.401682 60816 56472 0.0441389 144.607 2.8262 144.607 2.8262 98 0 0.0344584
0.401922 62264 57920 0.0436216 144.607 2.91097 144.607 2.91097 101 0 0.0343324
0.402162 63712 59368 0.0432939 144.607 2.99565 144.607 2.99565 104 0 0.0342009
0.402403 65160 60816 0.0430071 144.607 3.08022 144.607 3.08022 107 0 0.0340685
0.402643 66608 62264 0.0427562 144.607 3.16469 144.607 3.16469 110 0 0.0339353
0.402883 68056 63712 0.0425367 144.607 3.24906 144.607 3.24906 113 0 0.0338014
0.403124 69504 65160 0.0424696 144.607 3.33333 144.607 3.33333 116 0 0.0336626
0.403364 70952 66608 0.0422859 144.607 3.4175 144.607 3.4175 119 0 0.0335282
0.403604 72400 68056 0.0421252 144.607 3.50157 144.607 3.50157 122 0 0.0333933
0.403845 73848 69504 0.0419845 144.607 3.58554 144.607 3.58554 125 0 0.033258
0.404085 75296 70952 0.0419865 144.607 3.66941 144.607 3.66941 128 0 0.033118
0.404325 76744 72400 0.0419882 144.607 3.75318 144.607 3.75318 131 0 0.0329782
0.404566 78192 73848 0.0419896 144.607 3.83685 144.607 3.83685 134 0 0.0328388
0.404806 79640 75296 0.0418659 144.607 3.92042 144.607 3.92042 137 0 0.0327042
0.454917 81088 76744 0.0480077 0.693495 3.56496 0.693495 3.56496 140 0 0.0323803
0.455158 82536 78192 0.0488817 144.607 3.63942 144.607 3.63942 143 0 0.0322216
0.455398 83984 79640 0.0496465 144.607 3.71382 144.607 3.71382 146 0 0.032067
0.455638 85432 81088 0.0503157 144.607 3.78813 144.607 3.78813 149 0 0.0319157
0.455879 86880 82536 0.0507762 144.607 3.86236 144.607 3.86236 152 0 0.0317694
0.456119 88328 83984 0.0513042 144.607 3.93652 144.607 3.93652 155 0 0.0316226
0.456359 89776 85432 0.0517662 144.607 4.01059 144.607 4.01059 158 0 0.0314778
0.4566 91224 86880 0.0521704 144.607 4.08459 144.607 4.08459 161 0 0.0313346
0.45684 92672 88328 0.0525241 144.607 4.15852 144.607 4.15852 164 0 0.0311928
0.45708 94120 89776 0.0529586 144.607 4.23236 144.607 4.23236 167 0 0.0310503
0.457321 95568 91224 0.0532138 144.607 4.30613 144.607 4.30613 170 0 0.030911
0.457561 97016 92672 0.053437 144.607 4.37982 144.607 4.37982 173 0 0.0307725
0.457801 98464 94120 0.0536324 144.607 4.45343 144.607 4.45343 176 0 0.0306348
0.458041 99912 95568 0.0539284 144.607 4.52696 144.607 4.52696 179 0 0.0304961
0.458282 101360 97016 0.0541873 144.607 4.60042 144.607 4.60042 182 0 0.0303584
0.458522 102808 98464 0.0544139 144.607 4.6738 144.607 4.6738 185 0 0.0302215
0.458762 104256 99912 0.0544872 144.607 4.7471 144.607 4.7471 188 0 0.0300867
0.459003 105704 101360 0.0546763 144.607 4.82033 144.607 4.82033 191 0 0.0299509
0.459243 107152 102808 0.0548417 144.607 4.89348 144.607 4.89348 194 0 0.0298158
0.459483 108600 104256 0.0549865 144.607 4.96655 144.607 4.96655 197 0 0.0296812
0.459724 110048 105704 0.0551132 144.607 5.03955 144.607 5.03955 200 0 0.0295471
0.459964 111496 107152 0.0552241 144.607 5.11247 144.607 5.11247 203 0 0.0294135
0.460204 112944 108600 0.055321 144.607 5.18531 144.607 5.18531 206 0 0.0292803
0.460445 114392 110048 0.0554059 144.607 5.25808 144.607 5.25808 209 0 0.0291476
0.460685 115840 111496 0.0554802 144.607 5.33077 144.607 5.33077 212 0 0.0290153
0.460925 117288 112944 0.0555452 144.607 5.40339 144.607 5.40339 215 0 0.0288833
0.461166 118736 114392 0.055727 144.607 5.47593 144.607 5.47593 218 0 0.0287507
0.546604 95568 115840 0.0850436 10.9823 6.33661 10.9823 6.33661 299 0 0.0301794
0.638406 73848 92672 0.092014 8.07579 6.58671 8.07579 6.58671 363 0 0.0325893
0.712545 65160 70952 0.0746638 7.65613 6.69798 7.65613 6.69798 412 0 0.033139
0.770342 66608 62264 0.0599486 7.21533 6.73679 7.21533 6.73679 448 0 0.0336379
0.824053 70952 63712 0.0550317 9.70518 6.93027 9.70518 6.93027 493 0 0.0335509
0.88209 72400 68056 0.0579872 9.381 7.09152 9.381 7.09152 540 0 0.0330778
0.947217 68056 69504 0.0654711 8.71556 7.20318 8.71556 7.20318 589 0 0.0329932
1.01823 60816 65160 0.0706566 7.34047 7.21276 7.34047 7.21276 634 0 0.0335583
1.09477 52128 57920 0.0771821 6.20502 7.1423 6.20502 7.1423 675 0 0.0344898
1.17828 43440 49232 0.0829432 4.71621 6.97035 4.71621 6.97035 709 0 0.0355815
1.27249 33304 40544 0.0929469 3.44303 6.70921 3.44303 6.70921 737 0 0.0370603
1.36658 26064 30408 0.0940223 2.58557 6.42531 2.58557 6.42531 758 0 0.0380729
1.52194 20272 23168 0.0947219 1.2675 5.89878 1.2675 5.89878 775 0 0.0388322
1.52386 17376 17376 0.0814049 72.3036 5.98256 72.3036 5.98256 787 0 0.0386411
1.59548 14480 14480 0.0761252 1.61753 5.78663 1.61753 5.78663 797 0 0.0387453
1.67046 13032 11584 0.0756865 1.23596 5.58237 1.23596 5.58237 805 0 0.0390237
1.75085 11584 10136 0.0777603 1.00872 5.37238 1.00872 5.37238 812 0 0.0392453
1.8352 13032 8688 0.0871666 0.961301 5.16963 0.961301 5.16963 819 0 0.0398204
1.91991 11584 10136 0.0864515 0.957211 4.98376 0.957211 4.98376 826 0 0.0396295
2.00258 13032 8688 0.0932297 0.980863 4.81851 0.980863 4.81851 833 0 0.0401866
2.08321 11584 10136 0.0891793 1.00571 4.67095 1.00571 4.67095 840 0 0.0397813
2.16336 13032 8688 0.0945445 1.01174 4.53538 1.01174 4.53538 847 0 0.0402757
2.24362 11584 10136 0.0897437 1.01023 4.40927 1.01023 4.40927 854 0 0.0398145
2.32497 13032 8688 0.0960417 0.9968 4.28987 0.9968 4.28987 861 0 0.0403814
2.32569 11584 10136 0.0911724 112.472 4.32341 112.472 4.32341 868 0 0.0399016
2.40812 13032 8688 0.0876812 0.983722 4.20909 0.983722 4.20909 875 0 0.0398486
2.49031 11584 10136 0.0860403 0.986599 4.10273 0.986599 4.10273 882 0 0.039608
2.57286 13032 8688 0.0923254 0.98229 4.00262 0.98229 4.00262 889 0 0.0401273
2.65445 11584 10136 0.0890129 0.993864 3.91014 0.993864 3.91014 896 0 0.0397716
2.73616 13032 8688 0.0948608 0.992402 3.82301 0.992402 3.82301 903 0 0.0402977
2.81775 11584 10136 0.0906158 0.993864 3.74109 0.993864 3.74109 910 0 0.0398672
2.89982 13032 8688 0.0970917 0.988043 3.66317 0.988043 3.66317 917 0 0.0404582
2.90054 11584 10136 0.0922059 112.472 3.69022 112.472 3.69022 924 0 0.0399671
2.98261 13032 8688 0.0880782 0.988043 3.61586 0.988043 3.61586 931 0 0.0398708
3.0648 11584 10136 0.0861676 0.986599 3.54535 0.986599 3.54535 938 0 0.0396146
3.14675 13032 8688 0.0923744 0.989492 3.47879 0.989492 3.47879 945 0 0.0401305
3.22857 11584 10136 0.0888543 0.990945 3.41574 0.990945 3.41574 952 0 0.0397624
3.31028 13032 8688 0.0950823 0.992402 3.35592 0.992402 3.35592 959 0 0.0403131
3.39187 11584 10136 0.0905298 0.993864 3.29911 0.993864 3.29911 966 0 0.0398619
3.47394 13032 8688 0.097125 0.988043 3.24451 0.988043 3.24451 973 0 0.0404606
3.47466 11584 10136 0.0921326 112.472 3.26717 112.472 3.26717 980 0 0.0399624
3.55673 13032 8688 0.088119 0.988043 3.21458 0.988043 3.21458 987 0 0.0398731
3.63892 11584 10136 0.0860992 0.986599 3.16426 0.986599 3.16426 994 0 0.039611
3.72087 13032 8688 0.0923343 0.989492 3.11636 0.989492 3.11636 1001 0 0.0401279
3.80282 11584 10136 0.0889232 0.989492 3.07053 0.989492 3.07053 1008 0 0.0397664
3.88453 13032 8688 0.095097 0.992402 3.02682 0.992402 3.02682 1015 0 0.0403142
3.96612 11584 10136 0.0906783 0.993864 2.985 0.993864 2.985 1022 0 0.039871
4.04795 13032 8688 0.0970871 0.990945 2.94469 0.990945 2.94469 1029 0 0.0404578
4.04867 11584 10136 0.0921071 112.472 2.96419 112.472 2.96419 1036 0 0.0399607
4.1305 13032 8688 0.0880203 0.990945 2.9251 0.990945 2.9251 1043 0 0.0398675
4.2122 11584 10136 0.0859238 0.992402 2.88761 0.992402 2.88761 1050 0 0.0396019
4.29415 13032 8688 0.092177 0.989492 2.85139 0.989492 2.85139 1057 0 0.0401177
4.3761 11584 10136 0.0889428 0.989492 2.81652 0.989492 2.81652 1064 0 0.0397675
4.45805 13032 8688 0.0950541 0.989492 2.78293 0.989492 2.78293 1071 0 0.0403112
4.53964 11584 10136 0.0907452 0.993864 2.75078 0.993864 2.75078 1078 0 0.0398751
4.62171 13032 8688 0.0971676 0.988043 2.71948 0.988043 2.71948 1085 0 0.0404638
4.62243 11584 10136 0.0921611 112.472 2.7366 112.472 2.7366 1092 0 0.0399642
4.7045 13032 8688 0.0881613 0.988043 2.70609 0.988043 2.70609 1099 0 0.0398754
4.78669 11584 10136 0.0862233 0.986599 2.67657 0.986599 2.67657 1106 0 0.0396175
4.86864 13032 8688 0.0923233 0.989492 2.64817 0.989492 2.64817 1113 0 0.0401272
4.95047 11584 10136 0.0889158 0.990945 2.62078 0.990945 2.62078 1120 0 0.039766
5.03218 13032 8688 0.0949133 0.992402 2.59434 0.992402 2.59434 1127 0 0.0403013
5.11377 11584 10136 0.0906509 0.993864 2.5688 0.993864 2.5688 1134 0 0.0398693
5.19583 13032 8688 0.097196 0.988043 2.54383 0.988043 2.54383 1141 0 0.0404659
5.19656 11584 10136 0.0921801 112.472 2.55909 112.472 2.55909 1148 0 0.0399654
5.27862 13032 8688 0.0880631 0.988043 2.53466 0.988043 2.53466 1155 0 0.0398699
5.36081 11584 10136 0.0861575 0.986599 2.51093 0.986599 2.51093 1162 0 0.0396141
5.44276 13032 8688 0.0923685 0.989492 2.48802 0.989492 2.48802 1169 0 0.0401301
5.52471 11584 10136 0.088946 0.989492 2.46579 0.989492 2.46579 1176 0 0.0397677
5.60642 13032 8688 0.0950267 0.992402 2.44432 0.992402 2.44432 1183 0 0.0403092
5.68801 11584 10136 0.0906175 0.993864 2.42351 0.993864 2.42351 1190 0 0.0398673
5.76984 13032 8688 0.0971764 0.990945 2.4032 0.990945 2.4032 1197 0 0.0404645
5.77056 11584 10136 0.092167 112.472 2.41695 112.472 2.41695 1204 0 0.0399646
5.85263 13032 8688 0.0880554 0.988043 2.39691 0.988043 2.39691 1211 0 0.0398695
5.9347 11584 10136 0.0861524 0.988043 2.37743 0.988043 2.37743 1218 0 0.0396138
6.01665 13032 8688 0.0922817 0.989492 2.35852 0.989492 2.35852 1225 0 0.0401245
6.09848 11584 10136 0.0888879 0.990945 2.34017 0.990945 2.34017 1232 0 0.0397644
6.18019 13032 8688 0.094897 0.992402 2.32235 0.992402 2.32235 1239 0 0.0403002
6.26177 11584 10136 0.0906399 0.993864 2.30504 0.993864 2.30504 1246 0 0.0398687
6.34384 13032 8688 0.0971896 0.988043 2.28801 0.988043 2.28801 1253 0 0.0404654
6.34456 11584 10136 0.0921758 112.472 2.30053 112.472 2.30053 1260 0 0.0399651
6.42663 13032 8688 0.0880606 0.988043 2.28377 0.988043 2.28377 1267 0 0.0398698
6.50858 11584 10136 0.0861558 0.989492 2.26747 0.989492 2.26747 1274 0 0.039614
6.59029 13032 8688 0.092188 0.992402 2.25166 0.992402 2.25166 1281 0 0.0401184
6.672 11584 10136 0.0888252 0.992402 2.23624 0.992402 2.23624 1288 0 0.0397608
6.75371 13032 8688 0.0948602 0.992402 2.22119 0.992402 2.22119 1295 0 0.0402976
6.83554 11584 10136 0.0905196 0.990945 2.20646 0.990945 2.20646 1302 0 0.0398613
6.91761 13032 8688 0.0973241 0.988043 2.19201 0.988043 2.19201 1309 0 0.0404755
6.91833 11584 10136 0.092266 112.472 2.2035 112.472 2.2035 1316 0 0.039971
7.0004 13032 8688 0.0881271 0.988043 2.18925 0.988043 2.18925 1323 0 0.0398735
7.08235 11584 10136 0.086214 0.989492 2.17537 0.989492 2.17537 1330 0 0.039617
7.16418 13032 8688 0.0922221 0.990945 2.16184 0.990945 2.16184 1337 0 0.0401206
7.24588 11584 10136 0.088848 0.992402 2.14865 0.992402 2.14865 1344 0 0.0397621
7.32759 13032 8688 0.0948736 0.992402 2.13576 0.992402 2.13576 1351 0 0.0402985
7.40942 11584 10136 0.0905286 0.990945 2.12312 0.990945 2.12312 1358 0 0.0398619
7.49149 13032 8688 0.0972337 0.988043 2.11068 0.988043 2.11068 1365 0 0.0404687
7.49221 11584 10136 0.0922054 112.472 2.1213 112.472 2.1213 1372 0 0.039967
7.57428 13032 8688 0.0882166 0.988043 2.10902 0.988043 2.10902 1379 0 0.0398786
7.65623 11584 10136 0.0861646 0.989492 2.09704 0.989492 2.09704 1386 0 0.0396144
7.73818 13032 8688 0.0923182 0.989492 2.08531 0.989492 2.08531 1393 0 0.0401268
7.81989 11584 10136 0.0889124 0.992402 2.07389 0.992402 2.07389 1400 0 0.0397658
7.9016 13032 8688 0.0949113 0.992402 2.06271 0.992402 2.06271 1407 0 0.0403012
7.98319 11584 10136 0.0905538 0.993864 2.05178 0.993864 2.05178 1414 0 0.0398634
8.06526 13032 8688 0.0971391 0.988043 2.04096 0.988043 2.04096 1421 0 0.0404617
8.06598 11584 10136 0.092142 112.472 2.05083 112.472 2.05083 1428 0 0.039963
8.14805 13032 8688 0.0880701 0.988043 2.04013 0.988043 2.04013 1435 0 0.0398703
8.23023 11584 10136 0.0861915 0.986599 2.02961 0.986599 2.02961 1442 0 0.0396159
8.31218 13032 8688 0.0923339 0.989492 2.01935 0.989492 2.01935 1449 0 0.0401279
8.39401 11584 10136 0.0890479 0.990945 2.00933 0.990945 2.00933 1456 0 0.0397736
8.47572 13032 8688 0.0949907 0.992402 1.99952 0.992402 1.99952 1463 0 0.0403067
8.55731 11584 10136 0.0906071 0.993864 1.98993 0.993864 1.98993 1470 0 0.0398667
8.63938 13032 8688 0.0972797 0.988043 1.98042 0.988043 1.98042 1477 0 0.0404721
8.6401 11584 10136 0.0922362 112.472 1.98964 112.472 1.98964 1484 0 0.039969
8.72217 13032 8688 0.0881253 0.988043 1.98021 0.988043 1.98021 1491 0 0.0398734
8.80436 11584 10136 0.0863378 0.986599 1.97094 0.986599 1.97094 1498 0 0.0396235
8.88619 13032 8688 0.0922947 0.990945 1.96191 0.990945 1.96191 1505 0 0.0401253
8.96778 11584 10136 0.0888966 0.993864 1.9531 0.993864 1.9531 1512 0 0.0397649
9.04925 13032 8688 0.0949021 0.99533 1.94448 0.99533 1.94448 1519 0 0.0403005
9.13083 11584 10136 0.0903133 0.993864 1.93599 0.993864 1.93599 1526 0 0.0398488
9.2129 13032 8688 0.0969981 0.988043 1.92754 0.988043 1.92754 1533 0 0.0404512
9.21362 11584 10136 0.0920476 112.472 1.93619 112.472 1.93619 1540 0 0.0399569
9.29569 13032 8688 0.0879854 0.988043 1.92782 0.988043 1.92782 1547 0 0.0398656
9.37764 11584 10136 0.0861054 0.989492 1.91962 0.989492 1.91962 1554 0 0.0396114
9.45959 13032 8688 0.0922542 0.989492 1.91156 0.989492 1.91156 1561 0 0.0401227
9.5413 11584 10136 0.0888695 0.992402 1.90369 0.992402 1.90369 1568 0 0.0397633
9.62301 13032 8688 0.0948862 0.992402 1.89596 0.992402 1.89596 1575 0 0.0402994
9.7046 11584 10136 0.0906327 0.993864 1.88837 0.993864 1.88837 1582 0 0.0398682
9.78667 13032 8688 0.0971016 0.988043 1.88082 0.988043 1.88082 1589 0 0.0404589
9.78739 11584 10136 0.0921169 112.472 1.88897 112.472 1.88897 1596 0 0.0399614
9.86946 13032 8688 0.0880397 0.988043 1.88148 0.988043 1.88148 1603 0 0.0398686
9.95165 11584 10136 0.0862512 0.986599 1.87409 0.986599 1.87409 1610 0 0.039619
10.0336 13032 8688 0.0923396 0.989492 1.86686 0.989492 1.86686 1617 0 0.0401282
10.1154 11584 10136 0.0889267 0.990945 1.85978 0.990945 1.85978 1624 0 0.0397666
10.1971 13032 8688 0.0949197 0.992402 1.85282 0.992402 1.85282 1631 0 0.0403018
10.2787 11584 10136 0.0906552 0.993864 1.84601 0.993864 1.84601 1638 0 0.0398696
10.3608 13032 8688 0.0971148 0.988043 1.83921 0.988043 1.83921 1645 0 0.0404599
10.3615 11584 10136 0.0922214 112.472 1.84691 112.472 1.84691 1652 0 0.0399681
10.4436 13032 8688 0.0880873 0.988043 1.84016 0.988043 1.84016 1659 0 0.0398713
10.5258 11584 10136 0.0861737 0.986599 1.83349 0.986599 1.83349 1666 0 0.0396149
10.6077 13032 8688 0.092378 0.989492 1.82697 0.989492 1.82697 1673 0 0.0401307
10.6895 11584 10136 0.0888567 0.990945 1.82057 0.990945 1.82057 1680 0 0.0397626
10.7713 13032 8688 0.0950837 0.992402 1.81429 0.992402 1.81429 1687 0 0.0403132
10.8528 11584 10136 0.0905307 0.993864 1.80812 0.993864 1.80812 1694 0 0.039862
10.9349 13032 8688 0.0971255 0.988043 1.80197 0.988043 1.80197 1701 0 0.0404607
10.9356 11584 10136 0.0921329 112.472 1.80927 112.472 1.80927 1708 0 0.0399624
11.0177 13032 8688 0.0880354 0.988043 1.80315 0.988043 1.80315 1715 0 0.0398684
11.0999 11584 10136 0.086139 0.986599 1.7971 0.986599 1.7971 1722 0 0.0396131
11.1818 13032 8688 0.0923576 0.989492 1.79118 0.989492 1.79118 1729 0 0.0401294
11.2636 11584 10136 0.0889388 0.992402 1.78539 0.992402 1.78539 1736 0 0.0397673
11.345 13032 8688 0.0949131 0.99533 1.77972 0.99533 1.77972 1743 0 0.0403013
11.4266 11584 10136 0.0905414 0.993864 1.7741 0.993864 1.7741 1750 0 0.0398626
11.5087 13032 8688 0.0970481 0.988043 1.7685 0.988043 1.7685 1757 0 0.0404549
11.5094 11584 10136 0.092081 112.472 1.77543 112.472 1.77543 1764 0 0.0399591
11.5917 13032 8688 0.0881144 0.985158 1.76982 0.985158 1.76982 1771 0 0.0398728
11.6737 11584 10136 0.0861919 0.989492 1.76434 0.989492 1.76434 1778 0 0.0396159
11.7554 13032 8688 0.0922091 0.992402 1.75898 0.992402 1.75898 1785 0 0.0401198
11.8368 11584 10136 0.0887143 0.99533 1.75372 0.99533 1.75372 1792 0 0.0397544
11.9185 13032 8688 0.0947952 0.992402 1.7485 0.992402 1.7485 1799 0 0.0402931
12.0001 11584 10136 0.0904761 0.993864 1.74337 0.993864 1.74337 1806 0 0.0398587
12.0822 13032 8688 0.0970935 0.988043 1.73824 0.988043 1.73824 1813 0 0.0404583
12.0829 11584 10136 0.0921115 112.472 1.74485 112.472 1.74485 1820 0 0.039961
12.165 13032 8688 0.0879272 0.988043 1.73974 0.988043 1.73974 1827 0 0.0398623
12.2469 11584 10136 0.0859707 0.989492 1.73472 0.989492 1.73472 1834 0 0.0396043
12.3287 13032 8688 0.092259 0.992402 1.7298 0.992402 1.7298 1841 0 0.040123
12.4104 11584 10136 0.088777 0.992402 1.72495 0.992402 1.72495 1848 0 0.039758
12.4921 13032 8688 0.0948319 0.992402 1.72016 0.992402 1.72016 1855 0 0.0402956
12.5739 11584 10136 0.0905964 0.990945 1.71541 0.990945 1.71541 1862 0 0.039866
12.656 13032 8688 0.097164 0.988043 1.71069 0.988043 1.71069 1869 0 0.0404635
12.6567 11584 10136 0.0921587 112.472 1.717 112.472 1.717 1876 0 0.039964
12.7388 13032 8688 0.0881343 0.988043 1.71231 0.988043 1.71231 1883 0 0.0398739
12.8207 11584 10136 0.0861095 0.989492 1.70769 0.989492 1.70769 1890 0 0.0396116
12.9025 13032 8688 0.0922566 0.990945 1.70314 0.990945 1.70314 1897 0 0.0401229
12.9845 11584 10136 0.0888711 0.989492 1.69864 0.989492 1.69864 1904 0 0.0397634
13.0664 13032 8688 0.0949965 0.989492 1.69419 0.989492 1.69419 1911 0 0.0403071
13.1483 11584 10136 0.0907066 0.990945 1.68981 0.990945 1.68981 1918 0 0.0398728
13.2303 13032 8688 0.0973537 0.988043 1.68546 0.988043 1.68546 1925 0 0.0404777
13.2311 11584 10136 0.0924107 112.472 1.6915 112.472 1.6915 1932 0 0.0399803
13.313 13032 8688 0.0882276 0.989492 1.68718 0.989492 1.68718 1939 0 0.0398792
13.3947 11584 10136 0.086172 0.992402 1.68294 0.992402 1.68294 1946 0 0.0396148
13.4764 13032 8688 0.0920181 0.992402 1.67875 0.992402 1.67875 1953 0 0.0401075
13.5584 11584 10136 0.0888207 0.989492 1.67458 0.989492 1.67458 1960 0 0.0397605
13.6403 13032 8688 0.0949669 0.989492 1.67047 0.989492 1.67047 1967 0 0.0403051
13.722 11584 10136 0.0906868 0.992402 1.66643 0.992402 1.66643 1974 0 0.0398715
13.8041 13032 8688 0.0973421 0.988043 1.6624 0.988043 1.6624 1981 0 0.0404768
13.8048 11584 10136 0.092278 112.472 1.66819 112.472 1.66819 1988 0 0.0399717
13.8869 13032 8688 0.0880248 0.988043 1.66417 0.988043 1.66417 1995 0 0.0398678
13.9688 11584 10136 0.0860361 0.989492 1.66021 0.989492 1.66021 2002 0 0.0396077
14.0505 13032 8688 0.0922973 0.992402 1.65632 0.992402 1.65632 2009 0 0.0401255
14.1321 11584 10136 0.0886933 0.993864 1.6525 0.993864 1.6525 2016 0 0.0397532
14.2138 13032 8688 0.0947829 0.992402 1.6487 0.992402 1.6487 2023 0 0.0402922
14.2956 11584 10136 0.0905635 0.992402 1.64495 0.992402 1.64495 2030 0 0.039864
14.3774 13032 8688 0.0972405 0.990945 1.64123 0.990945 1.64123 2037 0 0.0404692
14.3781 11584 10136 0.0921006 112.472 1.64679 112.472 1.64679 2044 0 0.0399603
14.4599 13032 8688 0.0879208 0.990945 1.64308 0.990945 1.64308 2051 0 0.0398619
14.5416 11584 10136 0.0859664 0.992402 1.63942 0.992402 1.63942 2058 0 0.0396041
14.6233 13032 8688 0.092077 0.992402 1.63581 0.992402 1.63581 2065 0 0.0401113
14.7051 11584 10136 0.0887508 0.992402 1.63223 0.992402 1.63223 2072 0 0.0397565
14.7868 13032 8688 0.0948166 0.992402 1.6287 0.992402 1.6287 2079 0 0.0402946
14.8684 11584 10136 0.0905861 0.993864 1.62521 0.993864 1.62521 2086 0 0.0398654
14.9502 13032 8688 0.097158 0.990945 1.62174 0.990945 1.62174 2093 0 0.0404631
14.9509 11584 10136 0.0920297 112.472 1.62709 112.472 1.62709 2100 0 0.0399558
15.0327 13032 8688 0.0878792 0.990945 1.62362 0.990945 1.62362 2107 0 0.0398596
15.1143 11584 10136 0.0858429 0.993864 1.62022 0.993864 1.62022 2114 0 0.0395977
15.1962 13032 8688 0.0920046 0.990945 1.61683 0.990945 1.61683 2121 0 0.0401067
15.2781 11584 10136 0.0888273 0.989492 1.61347 0.989492 1.61347 2128 0 0.0397609
15.36 13032 8688 0.0949864 0.989492 1.61014 0.989492 1.61014 2135 0 0.0403064
15.4419 11584 10136 0.0906999 0.990945 1.60686 0.990945 1.60686 2142 0 0.0398723
15.5239 13032 8688 0.0972247 0.988043 1.60359 0.988043 1.60359 2149 0 0.0404681
15.5247 11584 10136 0.0921994 112.472 1.60874 112.472 1.60874 2156 0 0.0399667
15.6067 13032 8688 0.0881581 0.988043 1.60547 0.988043 1.60547 2163 0 0.0398753
15.6887 11584 10136 0.0861255 0.989492 1.60226 0.989492 1.60226 2170 0 0.0396124
15.7706 13032 8688 0.0922659 0.989492 1.59907 0.989492 1.59907 2177 0 0.0401235
15.8526 11584 10136 0.0888774 0.989492 1.59592 0.989492 1.59592 2184 0 0.0397638
15.9345 13032 8688 0.0950958 0.989492 1.5928 0.989492 1.5928 2191 0 0.0403141
16.0161 11584 10136 0.0907732 0.993864 1.58975 0.993864 1.58975 2198 0 0.0398768
16.0982 13032 8688 0.0972677 0.988043 1.58668 0.988043 1.58668 2205 0 0.0404713
16.0989 11584 10136 0.0922281 112.472 1.59165 112.472 1.59165 2212 0 0.0399685
16.1807 13032 8688 0.0879956 0.990945 1.58861 0.990945 1.58861 2219 0 0.0398661
16.2627 11584 10136 0.0860166 0.989492 1.58559 0.989492 1.58559 2226 0 0.0396067
16.3446 13032 8688 0.0922021 0.989492 1.5826 0.989492 1.5826 2233 0 0.0401193
16.4268 11584 10136 0.0888346 0.986599 1.57962 0.986599 1.57962 2240 0 0.0397613
16.5088 13032 8688 0.0951545 0.989492 1.57669 0.989492 1.57669 2247 0 0.0403182
16.5905 11584 10136 0.0908125 0.992402 1.57381 0.992402 1.57381 2254 0 0.0398793
16.6726 13032 8688 0.0972907 0.988043 1.57093 0.988043 1.57093 2261 0 0.040473
16.6733 11584 10136 0.092353 112.472 1.57573 112.472 1.57573 2268 0 0.0399766
16.7553 13032 8688 0.0881781 0.988043 1.57285 0.988043 1.57285 2275 0 0.0398764
16.8373 11584 10136 0.0862482 0.989492 1.57001 0.989492 1.57001 2282 0 0.0396188
16.919 13032 8688 0.0922422 0.992402 1.56722 0.992402 1.56722 2289 0 0.0401219
17.0007 11584 10136 0.0888615 0.992402 1.56446 0.992402 1.56446 2296 0 0.0397628
17.0824 13032 8688 0.0947977 0.992402 1.56172 0.992402 1.56172 2303 0 0.0402933
17.1643 11584 10136 0.0904641 0.990945 1.559 0.990945 1.559 2310 0 0.0398579
17.2463 13032 8688 0.0972115 0.988043 1.55628 0.988043 1.55628 2317 0 0.0404671
17.247 11584 10136 0.0923155 112.472 1.56092 112.472 1.56092 2324 0 0.0399742
17.3291 13032 8688 0.0881718 0.988043 1.5582 0.988043 1.5582 2331 0 0.039876
17.4111 11584 10136 0.0862596 0.989492 1.55553 0.989492 1.55553 2338 0 0.0396194
17.4929 13032 8688 0.0922488 0.990945 1.55289 0.990945 1.55289 2345 0 0.0401224
17.5748 11584 10136 0.0888659 0.989492 1.55026 0.989492 1.55026 2352 0 0.0397631
17.6568 13032 8688 0.0950635 0.989492 1.54766 0.989492 1.54766 2359 0 0.0403118
17.7386 11584 10136 0.0907515 0.990945 1.54509 0.990945 1.54509 2366 0 0.0398755
17.8207 13032 8688 0.0973507 0.988043 1.54252 0.988043 1.54252 2373 0 0.0404774
17.8214 11584 10136 0.0922838 112.472 1.54701 112.472 1.54701 2380 0 0.0399721
17.9035 13032 8688 0.0881375 0.988043 1.54445 0.988043 1.54445 2387 0 0.0398741
17.9854 11584 10136 0.086221 0.989492 1.54192 0.989492 1.54192 2394 0 0.0396174
18.0674 13032 8688 0.0923356 0.989492 1.53941 0.989492 1.53941 2401 0 0.040128
18.1491 11584 10136 0.0889241 0.992402 1.53695 0.992402 1.53695 2408 0 0.0397665
18.2308 13032 8688 0.0949181 0.992402 1.53451 0.992402 1.53451 2415 0 0.0403017
18.3124 11584 10136 0.0906541 0.993864 1.5321 0.993864 1.5321 2422 0 0.0398695
18.3944 13032 8688 0.0971979 0.988043 1.52968 0.988043 1.52968 2429 0 0.0404661
18.3952 11584 10136 0.0921814 112.472 1.53402 112.472 1.53402 2436 0 0.0399655
18.4772 13032 8688 0.0880931 0.988043 1.5316 0.988043 1.5316 2443 0 0.0398716
18.5592 11584 10136 0.0862069 0.989492 1.5292 0.989492 1.5292 2450 0 0.0396167
18.6409 13032 8688 0.092218 0.992402 1.52685 0.992402 1.52685 2457 0 0.0401204
18.7226 11584 10136 0.0888452 0.992402 1.52452 0.992402 1.52452 2464 0 0.0397619
18.8043 13032 8688 0.0949676 0.992402 1.52221 0.992402 1.52221 2471 0 0.0403051
18.8861 11584 10136 0.0905779 0.990945 1.51991 0.990945 1.51991 2478 0 0.0398649
18.9682 13032 8688 0.0972782 0.988043 1.5176 0.988043 1.5176 2485 0 0.040472
18.9689 11584 10136 0.0922352 112.472 1.52182 112.472 1.52182 2492 0 0.039969
19.051 13032 8688 0.0881247 0.988043 1.51952 0.988043 1.51952 2499 0 0.0398734
19.133 11584 10136 0.0861031 0.989492 1.51725 0.989492 1.51725 2506 0 0.0396112
19.2149 13032 8688 0.0921571 0.989492 1.515 0.989492 1.515 2513 0 0.0401165
19.2969 11584 10136 0.0888045 0.989492 1.51277 0.989492 1.51277 2520 0 0.0397596
19.3788 13032 8688 0.0950275 0.989492 1.51056 0.989492 1.51056 2527 0 0.0403093
19.4604 11584 10136 0.0907274 0.993864 1.50839 0.993864 1.50839 2534 0 0.039874
19.5425 13032 8688 0.0972408 0.988043 1.5062 0.988043 1.5062 2541 0 0.0404693
19.5432 11584 10136 0.0922102 112.472 1.5103 112.472 1.5103 2548 0 0.0399674
19.625 13032 8688 0.08811 0.990945 1.50813 0.990945 1.50813 2555 0 0.0398725
19.707 11584 10136 0.0860932 0.989492 1.50598 0.989492 1.50598 2562 0 0.0396107
19.7889 13032 8688 0.0921513 0.989492 1.50384 0.989492 1.50384 2569 0 0.0401161
19.8709 11584 10136 0.0888006 0.989492 1.50172 0.989492 1.50172 2576 0 0.0397593
19.9526 13032 8688 0.0950252 0.992402 1.49963 0.992402 1.49963 2583 0 0.0403091
20.0342 11584 10136 0.0906302 0.993864 1.49757 0.993864 1.49757 2590 0 0.0398681
20.116 13032 8688 0.0970588 0.990945 1.49551 0.990945 1.49551 2597 0 0.0404557
20.1167 11584 10136 0.0920882 112.472 1.49949 112.472 1.49949 2604 0 0.0399595
20.1988 13032 8688 0.088093 0.988043 1.49741 0.988043 1.49741 2611 0 0.0398716
20.2807 11584 10136 0.0860818 0.989492 1.49536 0.989492 1.49536 2618 0 0.0396101
20.3627 13032 8688 0.0922403 0.989492 1.49332 0.989492 1.49332 2625 0 0.0401218
20.4444 11584 10136 0.0888602 0.992402 1.49132 0.992402 1.49132 2632 0 0.0397628
20.5261 13032 8688 0.0948807 0.992402 1.48933 0.992402 1.48933 2639 0 0.040299
20.6077 11584 10136 0.0906291 0.993864 1.48737 0.993864 1.48737 2646 0 0.039868
20.6897 13032 8688 0.0970995 0.988043 1.48539 0.988043 1.48539 2653 0 0.0404587
20.6905 11584 10136 0.0921155 112.472 1.48926 112.472 1.48926 2660 0 0.0399613
20.7725 13032 8688 0.0881346 0.988043 1.48728 0.988043 1.48728 2667 0 0.0398739
20.8547 11584 10136 0.0862054 0.986599 1.4853 0.986599 1.4853 2674 0 0.0396166
20.9367 13032 8688 0.0923128 0.989492 1.48336 0.989492 1.48336 2681 0 0.0401265
21.0186 11584 10136 0.0889088 0.989492 1.48144 0.989492 1.48144 2688 0 0.0397656
21.1003 13032 8688 0.0951142 0.992402 1.47954 0.992402 1.47954 2695 0 0.0403154
21.1819 11584 10136 0.0905511 0.993864 1.47767 0.993864 1.47767 2702 0 0.0398632
21.2637 13032 8688 0.0971375 0.990945 1.4758 0.990945 1.4758 2709 0 0.0404616
21.2645 11584 10136 0.0920453 112.472 1.47956 112.472 1.47956 2716 0 0.0399568
21.3463 13032 8688 0.0879977 0.990945 1.47769 0.990945 1.47769 2723 0 0.0398662
21.4281 11584 10136 0.086018 0.990945 1.47583 0.990945 1.47583 2730 0 0.0396068
21.5101 13032 8688 0.0922322 0.989492 1.47398 0.989492 1.47398 2737 0 0.0401213
21.592 11584 10136 0.0889798 0.989492 1.47214 0.989492 1.47214 2744 0 0.0397697
21.6737 13032 8688 0.0949508 0.992402 1.47033 0.992402 1.47033 2751 0 0.0403039
21.7553 11584 10136 0.0905803 0.993864 1.46854 0.993864 1.46854 2758 0 0.039865
21.8372 13032 8688 0.097264 0.990945 1.46676 0.990945 1.46676 2765 0 0.040471
21.8379 11584 10136 0.0921007 112.472 1.47042 112.472 1.47042 2772 0 0.0399603
21.9199 13032 8688 0.0879208 0.988043 1.46861 0.988043 1.46861 2779 0 0.0398619
22.0019 11584 10136 0.0859665 0.989492 1.46683 0.989492 1.46683 2786 0 0.0396041
22.0838 13032 8688 0.0922565 0.989492 1.46506 0.989492 1.46506 2793 0 0.0401229
22.1656 11584 10136 0.088871 0.992402 1.46332 0.992402 1.46332 2800 0 0.0397634
22.2473 13032 8688 0.0949828 0.992402 1.46159 0.992402 1.46159 2807 0 0.0403062
22.3288 11584 10136 0.0904631 0.993864 1.45988 0.993864 1.45988 2814 0 0.0398579
22.4109 13032 8688 0.0970859 0.988043 1.45815 0.988043 1.45815 2821 0 0.0404577
22.4116 11584 10136 0.0921064 112.472 1.46172 112.472 1.46172 2828 0 0.0399607
22.4937 13032 8688 0.0880199 0.988043 1.45999 0.988043 1.45999 2835 0 0.0398675
22.5759 11584 10136 0.0861285 0.986599 1.45827 0.986599 1.45827 2842 0 0.0396126
22.6578 13032 8688 0.0923515 0.989492 1.45657 0.989492 1.45657 2849 0 0.040129
22.7398 11584 10136 0.0889347 0.989492 1.45489 0.989492 1.45489 2856 0 0.0397671
22.8215 13032 8688 0.0951038 0.992402 1.45323 0.992402 1.45323 2863 0 0.0403147
22.9031 11584 10136 0.0905734 0.993864 1.4516 0.993864 1.4516 2870 0 0.0398646
22.9849 13032 8688 0.0971506 0.990945 1.44996 0.990945 1.44996 2877 0 0.0404625
22.9856 11584 10136 0.0921497 112.472 1.45344 112.472 1.45344 2884 0 0.0399635
23.0675 13032 8688 0.0879496 0.990945 1.4518 0.990945 1.4518 2891 0 0.0398636
23.1492 11584 10136 0.0859857 0.992402 1.45018 0.992402 1.45018 2898 0 0.0396051
23.2311 13032 8688 0.0922133 0.989492 1.44855 0.989492 1.44855 2905 0 0.0401201
23.3131 11584 10136 0.0889671 0.989492 1.44694 0.989492 1.44694 2912 0 0.039769
23.395 13032 8688 0.0950684 0.989492 1.44534 0.989492 1.44534 2919 0 0.0403122
23.4766 11584 10136 0.0907548 0.993864 1.44377 0.993864 1.44377 2926 0 0.0398757
23.5587 13032 8688 0.0971732 0.988043 1.44218 0.988043 1.44218 2933 0 0.0404642
23.5594 11584 10136 0.0921648 112.472 1.44558 112.472 1.44558 2940 0 0.0399644
23.6415 13032 8688 0.0880678 0.988043 1.44399 0.988043 1.44399 2947 0 0.0398702
23.7237 11584 10136 0.08627 0.986599 1.44241 0.986599 1.44241 2954 0 0.03962
23.8056 13032 8688 0.0923507 0.989492 1.44085 0.989492 1.44085 2961 0 0.0401289
23.8874 11584 10136 0.0889341 0.990945 1.4393 0.990945 1.4393 2968 0 0.039767
23.9692 13032 8688 0.094924 0.992402 1.43778 0.992402 1.43778 2975 0 0.0403021
24.0507 11584 10136 0.0906581 0.993864 1.43628 0.993864 1.43628 2982 0 0.0398698
24.1328 13032 8688 0.0971165 0.988043 1.43475 0.988043 1.43475 2989 0 0.04046
24.1335 11584 10136 0.0922226 112.472 1.43807 112.472 1.43807 2996 0 0.0399682
24.2156 13032 8688 0.088088 0.988043 1.43654 0.988043 1.43654 3003 0 0.0398713
24.2978 11584 10136 0.0861742 0.986599 1.43502 0.986599 1.43502 3010 0 0.0396149
24.3797 13032 8688 0.0923782 0.989492 1.43352 0.989492 1.43352 3017 0 0.0401307
24.4617 11584 10136 0.0888569 0.989492 1.43204 0.989492 1.43204 3024 0 0.0397626
24.5434 13032 8688 0.0950838 0.992402 1.43057 0.992402 1.43057 3031 0 0.0403133
24.625 11584 10136 0.0905308 0.993864 1.42913 0.993864 1.42913 3038 0 0.039862
24.7068 13032 8688 0.0971256 0.990945 1.42767 0.990945 1.42767 3045 0 0.0404607
24.7075 11584 10136 0.092133 112.472 1.43091 112.472 1.43091 3052 0 0.0399624
24.7896 13032 8688 0.0880355 0.988043 1.42945 0.988043 1.42945 3059 0 0.0398684
24.8717 11584 10136 0.086139 0.988043 1.42799 0.988043 1.42799 3066 0 0.0396131
24.9536 13032 8688 0.0922739 0.989492 1.42655 0.989492 1.42655 3073 0 0.040124
25.0355 11584 10136 0.0888827 0.990945 1.42513 0.990945 1.42513 3080 0 0.0397641
25.1172 13032 8688 0.0948939 0.992402 1.42372 0.992402 1.42372 3087 0 0.0403
25.1987 11584 10136 0.0906379 0.993864 1.42233 0.993864 1.42233 3094 0 0.0398685
25.2808 13032 8688 0.0971046 0.988043 1.42092 0.988043 1.42092 3101 0 0.0404591
25.2815 11584 10136 0.0922146 112.472 1.42409 112.472 1.42409 3108 0 0.0399676
25.3636 13032 8688 0.0880833 0.988043 1.42267 0.988043 1.42267 3115 0 0.039871
25.4456 11584 10136 0.0861711 0.989492 1.42128 0.989492 1.42128 3122 0 0.0396148
25.5273 13032 8688 0.0921969 0.992402 1.41991 0.992402 1.41991 3129 0 0.040119
25.609 11584 10136 0.0887062 0.992402 1.41854 0.992402 1.41854 3136 0 0.0397539
25.6907 13032 8688 0.0947904 0.992402 1.41719 0.992402 1.41719 3143 0 0.0402927
25.7725 11584 10136 0.0904729 0.990945 1.41583 0.990945 1.41583 3150 0 0.0398585
25.8546 13032 8688 0.097201 0.988043 1.41448 0.988043 1.41448 3157 0 0.0404663
25.8553 11584 10136 0.0922929 112.472 1.41757 112.472 1.41757 3164 0 0.0399727
25.9374 13032 8688 0.0881429 0.988043 1.41621 0.988043 1.41621 3171 0 0.0398744
26.0193 11584 10136 0.0862246 0.989492 1.41487 0.989492 1.41487 3178 0 0.0396176
26.1012 13032 8688 0.0922283 0.990945 1.41354 0.990945 1.41354 3185 0 0.040121
26.1829 11584 10136 0.0888522 0.992402 1.41223 0.992402 1.41223 3192 0 0.0397623
26.2646 13032 8688 0.094876 0.992402 1.41092 0.992402 1.41092 3199 0 0.0402987
26.3464 11584 10136 0.0905302 0.990945 1.40962 0.990945 1.40962 3206 0 0.039862
26.4285 13032 8688 0.0972346 0.988043 1.40831 0.988043 1.40831 3213 0 0.0404688
26.4292 11584 10136 0.092206 112.472 1.41134 112.472 1.41134 3220 0 0.0399671
26.5113 13032 8688 0.0882169 0.988043 1.41003 0.988043 1.41003 3227 0 0.0398786
26.5932 11584 10136 0.0861649 0.989492 1.40873 0.989492 1.40873 3234 0 0.0396145
26.6752 13032 8688 0.0923183 0.989492 1.40744 0.989492 1.40744 3241 0 0.0401268
26.7569 11584 10136 0.0889125 0.992402 1.40617 0.992402 1.40617 3248 0 0.0397658
26.8386 13032 8688 0.0949113 0.992402 1.40492 0.992402 1.40492 3255 0 0.0403012
26.9202 11584 10136 0.0905539 0.993864 1.40367 0.993864 1.40367 3262 0 0.0398634
27.0022 13032 8688 0.0971391 0.988043 1.40241 0.988043 1.40241 3269 0 0.0404617
27.003 11584 10136 0.092142 112.472 1.40537 112.472 1.40537 3276 0 0.039963
27.085 13032 8688 0.0880701 0.988043 1.40411 0.988043 1.40411 3283 0 0.0398703
27.1672 11584 10136 0.0861915 0.986599 1.40284 0.986599 1.40284 3290 0 0.0396159
27.2492 13032 8688 0.0923339 0.989492 1.4016 0.989492 1.4016 3297 0 0.0401279
27.331 11584 10136 0.0889229 0.990945 1.40037 0.990945 1.40037 3304 0 0.0397664
27.4127 13032 8688 0.0949175 0.992402 1.39916 0.992402 1.39916 3311 0 0.0403016
27.4943 11584 10136 0.090558 0.993864 1.39795 0.993864 1.39795 3318 0 0.0398637
27.5764 13032 8688 0.0972509 0.988043 1.39673 0.988043 1.39673 3325 0 0.04047
27.5771 11584 10136 0.0922169 112.472 1.39964 112.472 1.39964 3332 0 0.0399678
27.6591 13032 8688 0.088114 0.988043 1.39842 0.988043 1.39842 3339 0 0.0398728
27.7413 11584 10136 0.0863303 0.986599 1.3972 0.986599 1.3972 3346 0 0.0396231
27.8232 13032 8688 0.0922903 0.990945 1.396 0.990945 1.396 3353 0 0.040125
27.9048 11584 10136 0.0888937 0.993864 1.39482 0.993864 1.39482 3360 0 0.0397647
27.9862 13032 8688 0.0947072 0.99533 1.39366 0.99533 1.39366 3367 0 0.040287
28.0678 11584 10136 0.0904035 0.993864 1.3925 0.993864 1.3925 3374 0 0.0398542
28.1499 13032 8688 0.097051 0.988043 1.39132 0.988043 1.39132 3381 0 0.0404551
28.1506 11584 10136 0.092083 112.472 1.39417 112.472 1.39417 3388 0 0.0399592
28.2327 13032 8688 0.0880061 0.988043 1.39298 0.988043 1.39298 3395 0 0.0398667
28.3146 11584 10136 0.0861194 0.989492 1.39182 0.989492 1.39182 3402 0 0.0396121
28.3966 13032 8688 0.0922623 0.989492 1.39066 0.989492 1.39066 3409 0 0.0401232
28.4783 11584 10136 0.088875 0.992402 1.38951 0.992402 1.38951 3416 0 0.0397636
28.56 13032 8688 0.0947644 0.992402 1.38838 0.992402 1.38838 3423 0 0.0402909
28.6416 11584 10136 0.0905511 0.993864 1.38725 0.993864 1.38725 3430 0 0.0398632
28.7236 13032 8688 0.0972332 0.988043 1.38611 0.988043 1.38611 3437 0 0.0404687
28.7244 11584 10136 0.0922051 112.472 1.3889 112.472 1.3889 3444 0 0.039967
28.8064 13032 8688 0.0880914 0.988043 1.38776 0.988043 1.38776 3451 0 0.0398715
28.8886 11584 10136 0.0862858 0.986599 1.38662 0.986599 1.38662 3458 0 0.0396208
28.9706 13032 8688 0.0923599 0.989492 1.38549 0.989492 1.38549 3465 0 0.0401295
29.0524 11584 10136 0.0889403 0.990945 1.38438 0.990945 1.38438 3472 0 0.0397674
29.1341 13032 8688 0.0949277 0.992402 1.38328 0.992402 1.38328 3479 0 0.0403023
29.2157 11584 10136 0.0906605 0.993864 1.3822 0.993864 1.3822 3486 0 0.0398699
29.2978 13032 8688 0.0971179 0.988043 1.38109 0.988043 1.38109 3493 0 0.0404601
29.2985 11584 10136 0.0922235 112.472 1.38383 112.472 1.38383 3500 0 0.0399682
29.3806 13032 8688 0.0880885 0.988043 1.38272 0.988043 1.38272 3507 0 0.0398713
29.4627 11584 10136 0.0861745 0.986599 1.38162 0.986599 1.38162 3514 0 0.039615
29.5447 13032 8688 0.0922947 0.989492 1.38053 0.989492 1.38053 3521 0 0.0401253
29.6265 11584 10136 0.0888966 0.990945 1.37945 0.990945 1.37945 3528 0 0.0397649
29.7082 13032 8688 0.0949978 0.992402 1.37839 0.992402 1.37839 3535 0 0.0403072
29.7898 11584 10136 0.0905981 0.993864 1.37733 0.993864 1.37733 3542 0 0.0398661
29.8719 13032 8688 0.0971651 0.988043 1.37626 0.988043 1.37626 3549 0 0.0404636
29.8726 11584 10136 0.0921594 112.472 1.37895 112.472 1.37895 3556 0 0.0399641
29.9547 13032 8688 0.088051 0.988043 1.37787 0.988043 1.37787 3563 0 0.0398692
30.0369 11584 10136 0.0861494 0.986599 1.3768 0.986599 1.3768 3570 0 0.0396136
30.1188 13032 8688 0.0923637 0.989492 1.37575 0.989492 1.37575 3577 0 0.0401298
30.2005 11584 10136 0.0889429 0.992402 1.37471 0.992402 1.37471 3584 0 0.0397675
30.282 13032 8688 0.0947905 0.99533 1.37369 0.99533 1.37369 3591 0 0.0402928
30.3636 11584 10136 0.0904592 0.993864 1.37267 0.993864 1.37267 3598 0 0.0398576
30.4457 13032 8688 0.0971794 0.988043 1.37163 0.988043 1.37163 3605 0 0.0404647
30.4464 11584 10136 0.092169 112.472 1.37427 112.472 1.37427 3612 0 0.0399647
30.5287 13032 8688 0.0881659 0.985158 1.37322 0.985158 1.37322 3619 0 0.0398757
30.6106 11584 10136 0.0862264 0.989492 1.37219 0.989492 1.37219 3626 0 0.0396177
30.6923 13032 8688 0.0922294 0.992402 1.37118 0.992402 1.37118 3633 0 0.0401211
30.7738 11584 10136 0.0887279 0.99533 1.37018 0.99533 1.37018 3640 0 0.0397552
30.8555 13032 8688 0.0948031 0.992402 1.36918 0.992402 1.36918 3647 0 0.0402936
30.9371 11584 10136 0.0904814 0.993864 1.36819 0.993864 1.36819 3654 0 0.039859
31.0193 13032 8688 0.0970966 0.986599 1.36718 0.986599 1.36718 3661 0 0.0404585
31.02 11584 10136 0.0922386 112.472 1.36976 112.472 1.36976 3668 0 0.0399692
31.1023 13032 8688 0.088236 0.985158 1.36875 0.985158 1.36875 3675 0 0.0398796
31.1843 11584 10136 0.086287 0.989492 1.36775 0.989492 1.36775 3682 0 0.0396209
31.266 13032 8688 0.0921399 0.992402 1.36677 0.992402 1.36677 3689 0 0.0401154
31.3475 11584 10136 0.088793 0.99533 1.3658 0.99533 1.3658 3696 0 0.0397589
31.4292 13032 8688 0.0947319 0.992402 1.36483 0.992402 1.36483 3703 0 0.0402887
31.5109 11584 10136 0.0905294 0.992402 1.36387 0.992402 1.36387 3710 0 0.0398619
31.5929 13032 8688 0.0971248 0.988043 1.36289 0.988043 1.36289 3717 0 0.0404606
31.5937 11584 10136 0.0921324 112.472 1.36543 112.472 1.36543 3724 0 0.0399624
31.6757 13032 8688 0.0881189 0.988043 1.36445 0.988043 1.36445 3731 0 0.039873
31.7577 11584 10136 0.0860992 0.989492 1.36348 0.989492 1.36348 3738 0 0.039611
31.8396 13032 8688 0.0922505 0.989492 1.36252 0.989492 1.36252 3745 0 0.0401225
31.9216 11584 10136 0.088867 0.989492 1.36156 0.989492 1.36156 3752 0 0.0397632
32.0035 13032 8688 0.0950898 0.989492 1.36061 0.989492 1.36061 3759 0 0.0403137
32.0851 11584 10136 0.0907691 0.993864 1.35968 0.993864 1.35968 3766 0 0.0398766
32.1672 13032 8688 0.0972653 0.988043 1.35873 0.988043 1.35873 3773 0 0.0404711
32.1679 11584 10136 0.0922266 112.472 1.36122 112.472 1.36122 3780 0 0.0399684
32.25 13032 8688 0.0879946 0.988043 1.36027 0.988043 1.36027 3787 0 0.0398661
32.3319 11584 10136 0.0860159 0.989492 1.35933 0.989492 1.35933 3794 0 0.0396067
32.4136 13032 8688 0.0922855 0.992402 1.3584 0.992402 1.3584 3801 0 0.0401247
32.4953 11584 10136 0.0887947 0.992402 1.35748 0.992402 1.35748 3808 0 0.039759
32.5771 13032 8688 0.0948423 0.992402 1.35657 0.992402 1.35657 3815 0 0.0402964
32.6589 11584 10136 0.0906034 0.990945 1.35565 0.990945 1.35565 3822 0 0.0398664
32.741 13032 8688 0.0971681 0.988043 1.35473 0.988043 1.35473 3829 0 0.0404638
32.7417 11584 10136 0.0921615 112.472 1.35718 112.472 1.35718 3836 0 0.0399642
32.8237 13032 8688 0.0881359 0.988043 1.35625 0.988043 1.35625 3843 0 0.039874
32.9057 11584 10136 0.0861106 0.989492 1.35534 0.989492 1.35534 3850 0 0.0396116
32.9876 13032 8688 0.0922572 0.989492 1.35443 0.989492 1.35443 3857 0 0.0401229
33.0693 11584 10136 0.0888715 0.992402 1.35354 0.992402 1.35354 3864 0 0.0397634
33.1513 13032 8688 0.0949967 0.989492 1.35264 0.989492 1.35264 3871 0 0.0403071
33.2331 11584 10136 0.0907068 0.990945 1.35175 0.990945 1.35175 3878 0 0.0398728
33.3152 13032 8688 0.0973538 0.988043 1.35085 0.988043 1.35085 3885 0 0.0404777
33.3159 11584 10136 0.0922858 112.472 1.35325 112.472 1.35325 3892 0 0.0399722
33.3977 13032 8688 0.0880294 0.990945 1.35237 0.990945 1.35237 3899 0 0.039868
33.4797 11584 10136 0.0860392 0.989492 1.35148 0.989492 1.35148 3906 0 0.0396079
33.5616 13032 8688 0.0922154 0.989492 1.3506 0.989492 1.3506 3913 0 0.0401202
33.6436 11584 10136 0.0888435 0.989492 1.34972 0.989492 1.34972 3920 0 0.0397618
33.7253 13032 8688 0.095076 0.992402 1.34885 0.992402 1.34885 3927 0 0.0403127
33.8069 11584 10136 0.0905255 0.993864 1.34799 0.993864 1.34799 3934 0 0.0398617
33.8887 13032 8688 0.0971225 0.990945 1.34713 0.990945 1.34713 3941 0 0.0404605
33.8894 11584 10136 0.0920352 112.472 1.34949 112.472 1.34949 3948 0 0.0399561
33.9713 13032 8688 0.0879918 0.990945 1.34863 0.990945 1.34863 3955 0 0.0398659
34.0531 11584 10136 0.086014 0.990945 1.34777 0.990945 1.34777 3962 0 0.0396066
34.135 13032 8688 0.0922299 0.989492 1.34691 0.989492 1.34691 3969 0 0.0401211
34.217 11584 10136 0.0888532 0.989492 1.34606 0.989492 1.34606 3976 0 0.0397624
34.2987 13032 8688 0.0948766 0.992402 1.34521 0.992402 1.34521 3983 0 0.0402988
34.3803 11584 10136 0.0905306 0.993864 1.34438 0.993864 1.34438 3990 0 0.039862
34.4621 13032 8688 0.0972349 0.990945 1.34354 0.990945 1.34354 3997 0 0.0404688
34.4628 11584 10136 0.0920812 112.472 1.34586 112.472 1.34586 4004 0 0.0399591
34.5449 13032 8688 0.0879094 0.988043 1.34501 0.988043 1.34501 4011 0 0.0398613
34.6269 11584 10136 0.0859588 0.989492 1.34417 0.989492 1.34417 4018 0 0.0396037
34.7088 13032 8688 0.092252 0.989492 1.34334 0.989492 1.34334 4025 0 0.0401226
34.7905 11584 10136 0.088868 0.992402 1.34251 0.992402 1.34251 4032 0 0.0397632
34.8722 13032 8688 0.0948716 0.992402 1.34169 0.992402 1.34169 4039 0 0.0402984
34.9538 11584 10136 0.0905136 0.993864 1.34088 0.993864 1.34088 4046 0 0.0398609
35.0359 13032 8688 0.0971155 0.988043 1.34005 0.988043 1.34005 4053 0 0.0404599
35.0366 11584 10136 0.0921262 112.472 1.34234 112.472 1.34234 4060 0 0.039962
35.1187 13032 8688 0.0880315 0.988043 1.34151 0.988043 1.34151 4067 0 0.0398681
35.2009 11584 10136 0.0861363 0.986599 1.34068 0.986599 1.34068 4074 0 0.039613
35.2828 13032 8688 0.092356 0.989492 1.33987 0.989492 1.33987 4081 0 0.0401293
35.3648 11584 10136 0.0889377 0.989492 1.33906 0.989492 1.33906 4088 0 0.0397673
35.4465 13032 8688 0.0951056 0.992402 1.33826 0.992402 1.33826 4095 0 0.0403148
35.5281 11584 10136 0.0905746 0.993864 1.33747 0.993864 1.33747 4102 0 0.0398647
35.6099 13032 8688 0.0971513 0.990945 1.33667 0.990945 1.33667 4109 0 0.0404626
35.6106 11584 10136 0.0921502 112.472 1.33892 112.472 1.33892 4116 0 0.0399635
35.6924 13032 8688 0.0879498 0.990945 1.33812 0.990945 1.33812 4123 0 0.0398636
35.7743 11584 10136 0.0860953 0.990945 1.33733 0.990945 1.33733 4130 0 0.0396108
35.8562 13032 8688 0.0921525 0.989492 1.33653 0.989492 1.33653 4137 0 0.0401162
35.9382 11584 10136 0.0889264 0.989492 1.33574 0.989492 1.33574 4144 0 0.0397666
36.0199 13032 8688 0.0949195 0.992402 1.33496 0.992402 1.33496 4151 0 0.0403017
36.1015 11584 10136 0.0906551 0.993864 1.33419 0.993864 1.33419 4158 0 0.0398696
36.1833 13032 8688 0.0971984 0.990945 1.33342 0.990945 1.33342 4165 0 0.0404661
36.184 11584 10136 0.0921818 112.472 1.33563 112.472 1.33563 4172 0 0.0399655
36.2661 13032 8688 0.0880934 0.988043 1.33484 0.988043 1.33484 4179 0 0.0398716
36.348 11584 10136 0.0862071 0.989492 1.33406 0.989492 1.33406 4186 0 0.0396167
36.43 13032 8688 0.0922181 0.989492 1.33329 0.989492 1.33329 4193 0 0.0401204
36.5117 11584 10136 0.0888453 0.992402 1.33253 0.992402 1.33253 4200 0 0.0397619
36.5934 13032 8688 0.0949677 0.992402 1.33177 0.992402 1.33177 4207 0 0.0403051
36.675 11584 10136 0.0904529 0.993864 1.33102 0.993864 1.33102 4214 0 0.0398572
36.7571 13032 8688 0.097205 0.988043 1.33025 0.988043 1.33025 4221 0 0.0404666
36.7578 11584 10136 0.0921861 112.472 1.33243 112.472 1.33243 4228 0 0.0399658
36.8399 13032 8688 0.0879709 0.988043 1.33166 0.988043 1.33166 4235 0 0.0398647
36.922 11584 10136 0.0861251 0.986599 1.33089 0.986599 1.33089 4242 0 0.0396124
37.004 13032 8688 0.0923494 0.989492 1.33014 0.989492 1.33014 4249 0 0.0401289
37.0859 11584 10136 0.0889333 0.989492 1.32939 0.989492 1.32939 4256 0 0.039767
37.1676 13032 8688 0.095103 0.992402 1.32864 0.992402 1.32864 4263 0 0.0403146
37.2492 11584 10136 0.0906823 0.993864 1.32791 0.993864 1.32791 4270 0 0.0398713
37.3311 13032 8688 0.0972144 0.990945 1.32717 0.990945 1.32717 4277 0 0.0404673
37.3318 11584 10136 0.0921925 112.472 1.32932 112.472 1.32932 4284 0 0.0399662
37.4136 13032 8688 0.0878909 0.990945 1.32858 0.990945 1.32858 4291 0 0.0398603
37.4953 11584 10136 0.0859464 0.992402 1.32785 0.992402 1.32785 4298 0 0.0396031
37.5773 13032 8688 0.0921747 0.989492 1.32711 0.989492 1.32711 4305 0 0.0401176
37.6592 11584 10136 0.0888162 0.989492 1.32637 0.989492 1.32637 4312 0 0.0397602
37.7412 13032 8688 0.0949799 0.989492 1.32564 0.989492 1.32564 4319 0 0.040306
37.8228 11584 10136 0.0906955 0.993864 1.32493 0.993864 1.32493 4326 0 0.0398721
37.9048 13032 8688 0.0971384 0.988043 1.3242 0.988043 1.3242 4333 0 0.0404616
37.9055 11584 10136 0.0922373 112.472 1.32631 112.472 1.32631 4340 0 0.0399691
37.9876 13032 8688 0.0880966 0.988043 1.32558 0.988043 1.32558 4347 0 0.0398718
38.0698 11584 10136 0.0861799 0.986599 1.32485 0.986599 1.32485 4354 0 0.0396152
38.1518 13032 8688 0.0923816 0.989492 1.32413 0.989492 1.32413 4361 0 0.0401309
38.2336 11584 10136 0.0888592 0.990945 1.32342 0.990945 1.32342 4368 0 0.0397627
38.3153 13032 8688 0.0950852 0.992402 1.32271 0.992402 1.32271 4375 0 0.0403133
38.3969 11584 10136 0.0905317 0.993864 1.32201 0.993864 1.32201 4382 0 0.039862
38.479 13032 8688 0.0971261 0.988043 1.3213 0.988043 1.3213 4389 0 0.0404607
38.4797 11584 10136 0.0921333 112.472 1.32338 112.472 1.32338 4396 0 0.0399624
38.5617 13032 8688 0.0881194 0.988043 1.32267 0.988043 1.32267 4403 0 0.0398731
38.6439 11584 10136 0.0860995 0.986599 1.32195 0.986599 1.32195 4410 0 0.039611
38.7259 13032 8688 0.0923345 0.989492 1.32125 0.989492 1.32125 4417 0 0.0401279
38.8078 11584 10136 0.0889233 0.989492 1.32055 0.989492 1.32055 4424 0 0.0397664
38.8895 13032 8688 0.0950971 0.992402 1.31986 0.992402 1.31986 4431 0 0.0403142
38.9711 11584 10136 0.0906783 0.993864 1.31918 0.993864 1.31918 4438 0 0.039871
39.053 13032 8688 0.0970871 0.990945 1.31849 0.990945 1.31849 4445 0 0.0404578
39.0537 11584 10136 0.0921072 112.472 1.32054 112.472 1.32054 4452 0 0.0399607
39.1355 13032 8688 0.0880203 0.990945 1.31985 0.990945 1.31985 4459 0 0.0398675
39.2173 11584 10136 0.0860332 0.990945 1.31917 0.990945 1.31917 4466 0 0.0396076
39.2993 13032 8688 0.0922255 0.989492 1.31848 0.989492 1.31848 4473 0 0.0401209
39.3812 11584 10136 0.0888503 0.989492 1.31779 0.989492 1.31779 4480 0 0.0397622
39.4629 13032 8688 0.0948749 0.992402 1.31712 0.992402 1.31712 4487 0 0.0402986
39.5445 11584 10136 0.0906252 0.993864 1.31645 0.993864 1.31645 4494 0 0.0398678
39.6264 13032 8688 0.0972766 0.990945 1.31578 0.990945 1.31578 4501 0 0.0404719
39.6271 11584 10136 0.0921248 112.472 1.3178 112.472 1.3178 4508 0 0.0399619
39.7092 13032 8688 0.0880599 0.988043 1.31712 0.988043 1.31712 4515 0 0.0398697
39.7911 11584 10136 0.0861847 0.989492 1.31645 0.989492 1.31645 4522 0 0.0396155
39.873 13032 8688 0.0923299 0.989492 1.31577 0.989492 1.31577 4529 0 0.0401276
39.9548 11584 10136 0.0889203 0.992402 1.31511 0.992402 1.31511 4536 0 0.0397662
40.0365 13032 8688 0.0948322 0.992402 1.31445 0.992402 1.31445 4543 0 0.0402957
40.1181 11584 10136 0.0904872 0.993864 1.3138 0.993864 1.3138 4550 0 0.0398593
40.2001 13032 8688 0.097225 0.988043 1.31314 0.988043 1.31314 4557 0 0.0404681
40.2008 11584 10136 0.0921996 112.472 1.31513 112.472 1.31513 4564 0 0.0399667
40.2829 13032 8688 0.0879788 0.988043 1.31446 0.988043 1.31446 4571 0 0.0398652
40.3651 11584 10136 0.0861303 0.986599 1.3138 0.986599 1.3138 4578 0 0.0396127
40.4471 13032 8688 0.0924775 0.989492 1.31314 0.989492 1.31314 4585 0 0.0401372
40.5289 11584 10136 0.0890191 0.990945 1.31249 0.990945 1.31249 4592 0 0.039772
40.6108 13032 8688 0.0949739 0.989492 1.31184 0.989492 1.31184 4599 0 0.0403055
40.6927 11584 10136 0.0906915 0.990945 1.31119 0.990945 1.31119 4606 0 0.0398718
40.775 13032 8688 0.0973155 0.985158 1.31053 0.985158 1.31053 4613 0 0.0404748
40.7757 11584 10136 0.0923559 112.472 1.3125 112.472 1.3125 4620 0 0.0399768
40.8576 13032 8688 0.0881661 0.989492 1.31185 0.989492 1.31185 4627 0 0.0398757
40.9393 11584 10136 0.0861308 0.992402 1.31121 0.992402 1.31121 4634 0 0.0396127
41.0211 13032 8688 0.0921734 0.992402 1.31058 0.992402 1.31058 4641 0 0.0401175
41.1028 11584 10136 0.0888154 0.992402 1.30995 0.992402 1.30995 4648 0 0.0397602
41.1847 13032 8688 0.0948544 0.989492 1.30931 0.989492 1.30931 4655 0 0.0402972
41.2665 11584 10136 0.0905157 0.990945 1.30868 0.990945 1.30868 4662 0 0.0398611
41.3489 13032 8688 0.0973219 0.985158 1.30803 0.985158 1.30803 4669 0 0.0404753
41.3496 11584 10136 0.0923601 112.472 1.30997 112.472 1.30997 4676 0 0.039977
41.4316 13032 8688 0.0881686 0.988043 1.30933 0.988043 1.30933 4683 0 0.0398758
41.5135 11584 10136 0.0861325 0.990945 1.30871 0.990945 1.30871 4690 0 0.0396128
41.5952 13032 8688 0.0921743 0.992402 1.30809 0.992402 1.30809 4697 0 0.0401176
41.6769 11584 10136 0.088816 0.992402 1.30747 0.992402 1.30747 4704 0 0.0397602
41.7588 13032 8688 0.0948548 0.989492 1.30684 0.989492 1.30684 4711 0 0.0402972
41.8407 11584 10136 0.0906117 0.990945 1.30622 0.990945 1.30622 4718 0 0.0398669
41.923 13032 8688 0.0972687 0.985158 1.30559 0.985158 1.30559 4725 0 0.0404713
41.9237 11584 10136 0.0923246 112.472 1.30751 112.472 1.30751 4732 0 0.0399747
42.0058 13032 8688 0.0882315 0.988043 1.30688 0.988043 1.30688 4739 0 0.0398794
42.0877 11584 10136 0.0861746 0.989492 1.30626 0.989492 1.30626 4746 0 0.039615
42.1694 13032 8688 0.092199 0.992402 1.30566 0.992402 1.30566 4753 0 0.0401192
42.2514 11584 10136 0.0889419 0.989492 1.30504 0.989492 1.30504 4760 0 0.0397675
42.3333 13032 8688 0.095038 0.989492 1.30443 0.989492 1.30443 4767 0 0.04031
42.4152 11584 10136 0.0907344 0.990945 1.30383 0.990945 1.30383 4774 0 0.0398745
42.4972 13032 8688 0.09737 0.988043 1.30322 0.988043 1.30322 4781 0 0.0404789
42.4979 11584 10136 0.0922967 112.472 1.3051 112.472 1.3051 4788 0 0.0399729
42.5799 13032 8688 0.0880357 0.989492 1.3045 0.989492 1.3045 4795 0 0.0398684
42.6618 11584 10136 0.0860435 0.989492 1.30389 0.989492 1.30389 4802 0 0.0396081
42.7438 13032 8688 0.0923016 0.989492 1.30329 0.989492 1.30329 4809 0 0.0401258
42.8257 11584 10136 0.0889013 0.989492 1.30269 0.989492 1.30269 4816 0 0.0397651
42.9074 13032 8688 0.0950005 0.992402 1.3021 0.992402 1.3021 4823 0 0.0403074
42.989 11584 10136 0.0905999 0.993864 1.30151 0.993864 1.30151 4830 0 0.0398662
43.0709 13032 8688 0.0971661 0.990945 1.30092 0.990945 1.30092 4837 0 0.0404637
43.0716 11584 10136 0.0921601 112.472 1.30278 112.472 1.30278 4844 0 0.0399641
43.1537 13032 8688 0.0880514 0.988043 1.30218 0.988043 1.30218 4851 0 0.0398693
43.2356 11584 10136 0.0861496 0.989492 1.30159 0.989492 1.30159 4858 0 0.0396137
43.3176 13032 8688 0.0922801 0.989492 1.301 0.989492 1.301 4865 0 0.0401244
43.3993 11584 10136 0.0888869 0.992402 1.30042 0.992402 1.30042 4872 0 0.0397643
43.481 13032 8688 0.0947713 0.992402 1.29984 0.992402 1.29984 4879 0 0.0402914
43.5626 11584 10136 0.0905558 0.993864 1.29927 0.993864 1.29927 4886 0 0.0398635
43.6446 13032 8688 0.097236 0.988043 1.29868 0.988043 1.29868 4893 0 0.0404689
43.6454 11584 10136 0.0922069 112.472 1.30052 112.472 1.30052 4900 0 0.0399671
43.7274 13032 8688 0.0880925 0.988043 1.29993 0.988043 1.29993 4907 0 0.0398716
43.8096 11584 10136 0.0862866 0.986599 1.29934 0.986599 1.29934 4914 0 0.0396208
43.8916 13032 8688 0.0923604 0.989492 1.29877 0.989492 1.29877 4921 0 0.0401296
43.9735 11584 10136 0.0889406 0.989492 1.29819 0.989492 1.29819 4928 0 0.0397674
44.0552 13032 8688 0.0949278 0.992402 1.29762 0.992402 1.29762 4935 0 0.0403023
44.1368 11584 10136 0.0906606 0.993864 1.29706 0.993864 1.29706 4942 0 0.0398699
44.2186 13032 8688 0.0972017 0.990945 1.29649 0.990945 1.29649 4949 0 0.0404663
44.2194 11584 10136 0.0920883 112.472 1.29831 112.472 1.29831 4956 0 0.0399595
44.3012 13032 8688 0.0879135 0.990945 1.29774 0.990945 1.29774 4963 0 0.0398615
44.383 11584 10136 0.0860866 0.990945 1.29717 0.990945 1.29717 4970 0 0.0396104
44.465 13032 8688 0.0921474 0.989492 1.29661 0.989492 1.29661 4977 0 0.0401158
44.5469 11584 10136 0.088798 0.989492 1.29604 0.989492 1.29604 4984 0 0.0397592
44.6286 13032 8688 0.0950237 0.992402 1.29549 0.992402 1.29549 4991 0 0.040309
44.7102 11584 10136 0.0906291 0.993864 1.29494 0.993864 1.29494 4998 0 0.039868
44.792 13032 8688 0.0971832 0.990945 1.29438 0.990945 1.29438 5005 0 0.040465
44.7928 11584 10136 0.0921716 112.472 1.29617 112.472 1.29617 5012 0 0.0399649
44.8748 13032 8688 0.0879624 0.988043 1.29561 0.988043 1.29561 5019 0 0.0398643
44.9568 11584 10136 0.0859943 0.989492 1.29505 0.989492 1.29505 5026 0 0.0396056
45.0387 13032 8688 0.0922728 0.989492 1.29449 0.989492 1.29449 5033 0 0.0401239
45.1204 11584 10136 0.0887863 0.992402 1.29394 0.992402 1.29394 5040 0 0.0397585
45.2021 13032 8688 0.0948374 0.992402 1.2934 0.992402 1.2934 5047 0 0.040296
45.2837 11584 10136 0.0906 0.993864 1.29286 0.993864 1.29286 5054 0 0.0398662
45.3658 13032 8688 0.0970824 0.988043 1.29231 0.988043 1.29231 5061 0 0.0404575
45.3665 11584 10136 0.0921998 112.472 1.29408 112.472 1.29408 5068 0 0.0399667
45.4486 13032 8688 0.0880746 0.988043 1.29352 0.988043 1.29352 5075 0 0.0398706
45.5308 11584 10136 0.0861652 0.986599 1.29297 0.986599 1.29297 5082 0 0.0396145
45.6127 13032 8688 0.092373 0.989492 1.29242 0.989492 1.29242 5089 0 0.0401304
45.6947 11584 10136 0.0888534 0.989492 1.29188 0.989492 1.29188 5096 0 0.0397624
45.7764 13032 8688 0.0950818 0.992402 1.29135 0.992402 1.29135 5103 0 0.0403131
45.858 11584 10136 0.0905294 0.993864 1.29082 0.993864 1.29082 5110 0 0.0398619
45.9398 13032 8688 0.0971248 0.990945 1.29028 0.990945 1.29028 5117 0 0.0404606
45.9405 11584 10136 0.0921324 112.472 1.29203 112.472 1.29203 5124 0 0.0399624
46.0224 13032 8688 0.0879394 0.990945 1.29149 0.990945 1.29149 5131 0 0.039863
46.1041 11584 10136 0.085979 0.992402 1.29096 0.992402 1.29096 5138 0 0.0396048
46.186 13032 8688 0.0922093 0.989492 1.29043 0.989492 1.29043 5145 0 0.0401198
46.268 11584 10136 0.0888395 0.989492 1.28989 0.989492 1.28989 5152 0 0.0397616
46.3499 13032 8688 0.0948685 0.989492 1.28936 0.989492 1.28936 5159 0 0.0402982
46.4315 11584 10136 0.0906209 0.993864 1.28884 0.993864 1.28884 5166 0 0.0398675
46.5136 13032 8688 0.0971784 0.988043 1.28831 0.988043 1.28831 5173 0 0.0404646
46.5143 11584 10136 0.0922777 112.472 1.29004 112.472 1.29004 5180 0 0.0399717
46.5964 13032 8688 0.088134 0.988043 1.2895 0.988043 1.2895 5187 0 0.0398739
46.6786 11584 10136 0.0863144 0.986599 1.28897 0.986599 1.28897 5194 0 0.0396223
46.7605 13032 8688 0.0923767 0.989492 1.28845 0.989492 1.28845 5201 0 0.0401306
46.8423 11584 10136 0.0889516 0.990945 1.28793 0.990945 1.28793 5208 0 0.0397681
46.924 13032 8688 0.0949342 0.992402 1.28741 0.992402 1.28741 5215 0 0.0403028
47.0056 11584 10136 0.0906649 0.993864 1.2869 0.993864 1.2869 5222 0 0.0398702
47.0877 13032 8688 0.0971205 0.988043 1.28638 0.988043 1.28638 5229 0 0.0404603
47.0884 11584 10136 0.0921295 112.472 1.28808 112.472 1.28808 5236 0 0.0399622
47.1705 13032 8688 0.0881428 0.988043 1.28756 0.988043 1.28756 5243 0 0.0398744
47.2527 11584 10136 0.0862109 0.986599 1.28704 0.986599 1.28704 5250 0 0.0396169
47.3346 13032 8688 0.092316 0.989492 1.28652 0.989492 1.28652 5257 0 0.0401267
47.4166 11584 10136 0.0889109 0.989492 1.28601 0.989492 1.28601 5264 0 0.0397657
47.4983 13032 8688 0.0951155 0.992402 1.2855 0.992402 1.2855 5271 0 0.0403155
47.5799 11584 10136 0.090552 0.993864 1.285 0.993864 1.285 5278 0 0.0398633
47.6617 13032 8688 0.097138 0.990945 1.2845 0.990945 1.2845 5285 0 0.0404616
47.6624 11584 10136 0.0920456 112.472 1.28618 112.472 1.28618 5292 0 0.0399568
47.7445 13032 8688 0.0880936 0.988043 1.28567 0.988043 1.28567 5299 0 0.0398716
47.8266 11584 10136 0.0861779 0.988043 1.28516 0.988043 1.28516 5306 0 0.0396151
47.9085 13032 8688 0.0922967 0.989492 1.28465 0.989492 1.28465 5313 0 0.0401255
47.9903 11584 10136 0.088898 0.990945 1.28415 0.990945 1.28415 5320 0 0.039765
48.072 13032 8688 0.0949028 0.992402 1.28366 0.992402 1.28366 5327 0 0.0403006
48.1536 11584 10136 0.0906439 0.993864 1.28316 0.993864 1.28316 5334 0 0.0398689
48.2357 13032 8688 0.0971082 0.988043 1.28266 0.988043 1.28266 5341 0 0.0404594
48.2364 11584 10136 0.0921213 112.472 1.28432 112.472 1.28432 5348 0 0.0399616
48.3185 13032 8688 0.088138 0.988043 1.28382 0.988043 1.28382 5355 0 0.0398741
48.4004 11584 10136 0.086112 0.989492 1.28332 0.989492 1.28332 5362 0 0.0396117
48.4822 13032 8688 0.0921623 0.992402 1.28283 0.992402 1.28283 5369 0 0.0401168
48.5639 11584 10136 0.088808 0.992402 1.28234 0.992402 1.28234 5376 0 0.0397598
48.6456 13032 8688 0.0948501 0.992402 1.28186 0.992402 1.28186 5383 0 0.0402969
48.7274 11584 10136 0.0905128 0.990945 1.28137 0.990945 1.28137 5390 0 0.0398609
48.8095 13032 8688 0.0972244 0.988043 1.28088 0.988043 1.28088 5397 0 0.040468
48.8102 11584 10136 0.0921992 112.472 1.28252 112.472 1.28252 5404 0 0.0399666
48.8923 13032 8688 0.0882129 0.988043 1.28202 0.988043 1.28202 5411 0 0.0398783
48.9742 11584 10136 0.0861622 0.989492 1.28153 0.989492 1.28153 5418 0 0.0396143
49.056 13032 8688 0.0923168 0.990945 1.28105 0.990945 1.28105 5425 0 0.0401267
49.1377 11584 10136 0.0889114 0.992402 1.28057 0.992402 1.28057 5432 0 0.0397657
49.2195 13032 8688 0.094827 0.992402 1.28009 0.992402 1.28009 5439 0 0.0402953
49.3013 11584 10136 0.0904837 0.990945 1.27961 0.990945 1.27961 5446 0 0.0398591
49.3834 13032 8688 0.0973324 0.988043 1.27913 0.988043 1.27913 5453 0 0.0404761
49.3841 11584 10136 0.0922715 112.472 1.28075 112.472 1.28075 5460 0 0.0399713
49.4661 13032 8688 0.088146 0.988043 1.28026 0.988043 1.28026 5467 0 0.0398746
49.5481 11584 10136 0.0862423 0.989492 1.27978 0.989492 1.27978 5474 0 0.0396185
49.63 13032 8688 0.0923637 0.989492 1.2793 0.989492 1.2793 5481 0 0.0401298
49.7117 11584 10136 0.0889429 0.992402 1.27883 0.992402 1.27883 5488 0 0.0397676
49.7935 13032 8688 0.0948454 0.992402 1.27836 0.992402 1.27836 5495 0 0.0402966
49.875 11584 10136 0.0904961 0.993864 1.2779 0.993864 1.2779 5502 0 0.0398599
49.9571 13032 8688 0.0972302 0.988043 1.27742 0.988043 1.27742 5509 0 0.0404685
49.9578 11584 10136 0.0922031 112.472 1.27903 112.472 1.27903 5516 0 0.0399669
50.0399 13032 8688 0.0879808 0.988043 1.27855 0.988043 1.27855 5523 0 0.0398653
50.1221 11584 10136 0.0861317 0.986599 1.27807 0.986599 1.27807 5530 0 0.0396127
50.204 13032 8688 0.0924783 0.989492 1.2776 0.989492 1.2776 5537 0 0.0401372
50.2859 11584 10136 0.0890197 0.990945 1.27713 0.990945 1.27713 5544 0 0.039772
50.3676 13032 8688 0.0949742 0.992402 1.27667 0.992402 1.27667 5551 0 0.0403056
50.4492 11584 10136 0.090596 0.993864 1.27621 0.993864 1.27621 5558 0 0.039866
50.5312 13032 8688 0.0971638 0.988043 1.27574 0.988043 1.27574 5565 0 0.0404635
50.532 11584 10136 0.0921586 112.472 1.27733 112.472 1.27733 5572 0 0.039964
50.614 13032 8688 0.0880798 0.988043 1.27686 0.988043 1.27686 5579 0 0.0398708
50.6962 11584 10136 0.086198 0.986599 1.27639 0.986599 1.27639 5586 0 0.0396162
50.778 13032 8688 0.0923377 0.990945 1.27593 0.990945 1.27593 5593 0 0.0401281
50.8596 11584 10136 0.0889255 0.993864 1.27548 0.993864 1.27548 5600 0 0.0397665
50.9411 13032 8688 0.0947258 0.99533 1.27503 0.99533 1.27503 5607 0 0.0402883
51.0227 11584 10136 0.0904159 0.993864 1.27458 0.993864 1.27458 5614 0 0.039855
51.1048 13032 8688 0.0969745 0.988043 1.27412 0.988043 1.27412 5621 0 0.0404495
51.1055 11584 10136 0.0921275 112.472 1.27569 112.472 1.27569 5628 0 0.039962
51.1876 13032 8688 0.0880322 0.988043 1.27523 0.988043 1.27523 5635 0 0.0398682
51.2695 11584 10136 0.0861368 0.989492 1.27477 0.989492 1.27477 5642 0 0.039613
51.3515 13032 8688 0.0921769 0.989492 1.27432 0.989492 1.27432 5649 0 0.0401177
51.4332 11584 10136 0.0888177 0.992402 1.27387 0.992402 1.27387 5656 0 0.0397603
51.5149 13032 8688 0.0948558 0.992402 1.27342 0.992402 1.27342 5663 0 0.0402973
51.5965 11584 10136 0.0906124 0.993864 1.27298 0.993864 1.27298 5670 0 0.039867
51.6785 13032 8688 0.0971734 0.988043 1.27253 0.988043 1.27253 5677 0 0.0404642
51.6792 11584 10136 0.0922744 112.472 1.27408 112.472 1.27408 5684 0 0.0399715
51.7613 13032 8688 0.088132 0.988043 1.27363 0.988043 1.27363 5691 0 0.0398738
51.8435 11584 10136 0.0863131 0.986599 1.27317 0.986599 1.27317 5698 0 0.0396222
51.9255 13032 8688 0.0922802 0.989492 1.27272 0.989492 1.27272 5705 0 0.0401244
52.0073 11584 10136 0.0889963 0.990945 1.27228 0.990945 1.27228 5712 0 0.0397706
52.089 13032 8688 0.0948355 0.992402 1.27184 0.992402 1.27184 5719 0 0.0402959
52.1706 11584 10136 0.0905988 0.993864 1.27141 0.993864 1.27141 5726 0 0.0398661
52.2527 13032 8688 0.0972611 0.988043 1.27096 0.988043 1.27096 5733 0 0.0404708
52.2534 11584 10136 0.0922238 112.472 1.2725 112.472 1.2725 5740 0 0.0399682
52.3354 13032 8688 0.0881024 0.988043 1.27205 0.988043 1.27205 5747 0 0.0398721
52.4176 11584 10136 0.0862932 0.986599 1.2716 0.986599 1.2716 5754 0 0.0396212
52.4996 13032 8688 0.0923642 0.989492 1.27116 0.989492 1.27116 5761 0 0.0401298
52.5814 11584 10136 0.0889432 0.990945 1.27072 0.990945 1.27072 5768 0 0.0397676
52.6631 13032 8688 0.0949294 0.992402 1.27029 0.992402 1.27029 5775 0 0.0403024
52.7447 11584 10136 0.0906617 0.993864 1.26987 0.993864 1.26987 5782 0 0.03987
52.8268 13032 8688 0.0971186 0.988043 1.26943 0.988043 1.26943 5789 0 0.0404602
52.8275 11584 10136 0.092224 112.472 1.27095 112.472 1.27095 5796 0 0.0399682
52.9096 13032 8688 0.0880888 0.988043 1.27051 0.988043 1.27051 5803 0 0.0398714
52.9918 11584 10136 0.0861747 0.986599 1.27007 0.986599 1.27007 5810 0 0.039615
53.0737 13032 8688 0.0922948 0.989492 1.26963 0.989492 1.26963 5817 0 0.0401253
53.1554 11584 10136 0.0888967 0.992402 1.26921 0.992402 1.26921 5824 0 0.0397649
53.2369 13032 8688 0.0947771 0.99533 1.26879 0.99533 1.26879 5831 0 0.0402918
53.3185 11584 10136 0.0905597 0.993864 1.26837 0.993864 1.26837 5838 0 0.0398638
53.4005 13032 8688 0.0971425 0.988043 1.26794 0.988043 1.26794 5845 0 0.0404619
53.4013 11584 10136 0.0922537 112.472 1.26944 112.472 1.26944 5852 0 0.0399702
53.4836 13032 8688 0.0882156 0.985158 1.269 0.985158 1.269 5859 0 0.0398785
53.5655 11584 10136 0.0862597 0.989492 1.26857 0.989492 1.26857 5866 0 0.0396194
53.6472 13032 8688 0.0921395 0.992402 1.26815 0.992402 1.26815 5873 0 0.0401153
53.7287 11584 10136 0.0887927 0.99533 1.26774 0.99533 1.26774 5880 0 0.0397589
53.8104 13032 8688 0.0947574 0.992402 1.26732 0.992402 1.26732 5887 0 0.0402905
53.892 11584 10136 0.0903121 0.993864 1.26691 0.993864 1.26691 5894 0 0.0398487
53.9742 13032 8688 0.0971224 0.986599 1.26648 0.986599 1.26648 5901 0 0.0404604
53.9749 11584 10136 0.0921308 112.472 1.26796 112.472 1.26796 5908 0 0.0399622
54.0572 13032 8688 0.0880635 0.985158 1.26753 0.985158 1.26753 5915 0 0.0398699
54.1392 11584 10136 0.0861871 0.989492 1.26711 0.989492 1.26711 5922 0 0.0396156
54.2209 13032 8688 0.0922063 0.992402 1.2667 0.992402 1.2667 5929 0 0.0401196
54.3023 11584 10136 0.0888374 0.99533 1.26629 0.99533 1.26629 5936 0 0.0397615
54.3841 13032 8688 0.094758 0.992402 1.26588 0.992402 1.26588 5943 0 0.0402905
54.4658 11584 10136 0.0905469 0.992402 1.26547 0.992402 1.26547 5950 0 0.039863
54.5478 13032 8688 0.097135 0.988043 1.26505 0.988043 1.26505 5957 0 0.0404614
54.5486 11584 10136 0.0921393 112.472 1.26652 112.472 1.26652 5964 0 0.0399628
54.6306 13032 8688 0.0880392 0.988043 1.2661 0.988043 1.2661 5971 0 0.0398686
54.7126 11584 10136 0.0861415 0.989492 1.26569 0.989492 1.26569 5978 0 0.0396132
54.7945 13032 8688 0.0922753 0.989492 1.26528 0.989492 1.26528 5985 0 0.0401241
54.8765 11584 10136 0.0888837 0.989492 1.26487 0.989492 1.26487 5992 0 0.0397641
54.9584 13032 8688 0.0950038 0.989492 1.26445 0.989492 1.26445 5999 0 0.0403076
