0.340049 14480 0 0 0 0 0 0 0 0 0.0428864
0.382547 15928 13032 0.04025 2.7258 0.302812 2.7258 0.302812 10 0 0.0383472
0.382787 17376 13032 0.0404687 96.4048 0.363147 96.4048 0.363147 12 0 0.0383438
0.383028 18824 14480 0.0407852 144.607 0.453649 144.607 0.453649 15 0 0.0381505
0.383268 20272 15928 0.041062 144.607 0.544037 144.607 0.544037 18 0 0.0379584
0.383508 21720 17376 0.0413043 144.607 0.634312 144.607 0.634312 21 0 0.0377674
0.433044 23168 18824 0.0477662 0.701563 0.642005 0.701563 0.642005 24 0 0.0375354
0.433284 24616 20272 0.0481704 144.607 0.721855 144.607 0.721855 27 0 0.0373486
0.433766 23168 21720 0.0485241 144.215 0.881287 144.215 0.881287 33 0 0.0371625
0.433886 21720 21720 0.0485241 96.4048 0.907741 0 0.881043 34 1 0.0371625
0.434007 19091 18824 0.0485241 0 0.907488 0 0.880797 34 1 0.037549
0.434127 18215 17376 0.0485241 0 0.907237 0 0.880554 34 1 0.0377192
0.483037 15890 14480 0.0485241 0 0.815375 0 0.791393 34 1 0.0381079
0.483157 15014 13032 0.0485241 0 0.815172 0 0.791196 34 1 0.0382837
0.483277 12690 11584 0.0485241 96.4048 0.838939 0 0.791 35 2 0.0384857
0.483397 10860 10136 0.0485241 0 0.838731 0 0.790803 35 2 0.0386695
0.483517 10136 8688 0.0485241 0 0.838522 0 0.790607 35 2 0.0388517
0.484118 10860 8688 0.0485241 96.4048 0.957122 0 0.789625 40 7 0.0388517
0.527409 11584 8688 0.0485241 0.802751 0.944451 0 0.724811 43 10 0.0388517
0.567576 13032 8688 0.0465308 1.73038 1.00007 1.73038 0.795974 49 10 0.038858
0.568297 14480 10136 0.0446095 112.472 1.14149 112.472 0.93765 56 10 0.0386773
0.611468 15928 11584 0.0440528 2.41496 1.2314 2.41496 1.04195 65 10 0.0384918
0.65416 17376 13032 0.0436172 2.44203 1.31041 2.44203 1.13332 74 10 0.0383063
0.701984 18824 14480 0.0489865 2.66445 1.40265 2.66445 1.23763 85 10 0.0380994
0.752331 20272 15928 0.0492091 2.53091 1.47816 2.53091 1.32418 96 10 0.0379117
0.752933 18824 17376 0.049433 134.82 1.58467 134.82 1.43082 103 10 0.0377246
0.753053 17376 17376 0.049433 96.4048 1.5998 0 1.43059 104 11 0.0377246
0.753173 16109 15928 0.049433 0 1.59955 0 1.43036 104 11 0.037911
0.753293 15204 14480 0.049433 0 1.59929 0 1.43014 104 11 0.038097
0.792258 14299 13032 0.049433 0 1.52064 0 1.3598 104 11 0.0382856
0.792379 13394 11584 0.049433 0 1.5204 0 1.35959 104 11 0.0384747
0.792499 12489 11584 0.049433 96.4048 1.53479 0 1.35939 105 12 0.0384747
0.792619 11584 10136 0.049433 0 1.53456 0 1.35918 105 12 0.0386643
0.792739 10679 10136 0.049433 96.4048 1.54894 0 1.35897 106 13 0.0386643
0.792859 8688 8688 0.049433 0 1.5487 0 1.35877 106 13 0.0388631
0.793339 10136 7240 0.049433 72.4021 1.59157 0 1.35795 109 16 0.0390484
0.833507 11584 7240 0.0464287 1.73035 1.59826 1.73035 1.37589 115 16 0.0390488
0.874395 13032 8688 0.0484786 1.98315 1.61626 1.98315 1.40429 122 16 0.038856
0.916966 14480 10136 0.0463538 1.90481 1.62965 1.90481 1.42753 129 16 0.0386685
0.959776 15928 11584 0.0495597 2.43529 1.66559 2.43529 1.47248 138 16 0.0384786
1.00295 17376 13032 0.0469289 2.41496 1.69784 2.41496 1.51304 147 16 0.0382882
1.04873 18824 14480 0.0507972 2.78334 1.74523 2.78334 1.5685 158 16 0.0381063
1.04993 20272 15928 0.0484605 106.045 1.8646 106.045 1.68807 169 16 0.0379105
1.09883 21720 17376 0.0488416 3.07927 1.91866 3.07927 1.74998 182 16 0.0377233
1.14846 23168 18824 0.0493844 3.03453 1.96688 3.03453 1.80549 195 16 0.0375372
1.19737 21720 20272 0.0528976 3.553 2.03166 3.553 1.87687 210 16 0.0373725
1.24495 23168 18824 0.050065 3.1648 2.07497 3.1648 1.92609 223 16 0.0375396
1.29217 21720 20272 0.0523742 3.67957 2.13361 3.67957 1.99017 238 16 0.0373677
1.33964 23168 18824 0.0495803 3.17282 2.17043 3.17282 2.03208 251 16 0.0375378
1.38758 21720 20272 0.0529668 3.62424 2.22066 3.62424 2.08709 266 16 0.0373732
1.43588 23168 18824 0.0500146 3.11757 2.25083 3.11757 2.12175 279 16 0.0375394
1.48407 21720 20272 0.0542727 3.60616 2.29484 3.60616 2.16995 294 16 0.0373879
1.53189 23168 18824 0.0506988 3.1489 2.3215 3.1489 2.20051 307 16 0.0375426
1.57996 20272 20272 0.0548098 3.61518 2.36086 3.61518 2.24355 322 16 0.0374124
1.58164 21720 17376 0.050826 82.6327 2.44623 82.6327 2.32905 334 16 0.0377306
1.62946 23168 18824 0.0492683 3.1489 2.46686 3.1489 2.35311 347 16 0.0375369
1.67741 21720 20272 0.0516208 3.62424 2.49994 3.62424 2.38944 362 16 0.0373617
1.72547 23168 18824 0.0495312 3.13316 2.51758 3.13316 2.41016 375 16 0.0375377
1.77329 21720 20272 0.0521545 3.63335 2.54767 3.63335 2.44315 390 16 0.0373658
1.821 23168 18824 0.0495797 3.15683 2.56363 3.15683 2.46184 403 16 0.0375378
1.86882 21720 20272 0.0524724 3.63335 2.591 3.63335 2.49182 418 16 0.0373686
1.91664 23168 18824 0.0498124 3.1489 2.60492 3.1489 2.50822 431 16 0.0375386
1.96435 21720 20272 0.0531141 3.6425 2.63012 3.6425 2.53576 446 16 0.0373747
2.01181 23168 18824 0.0498833 3.17282 2.64292 3.17282 2.55079 459 16 0.0375389
2.05915 21720 20272 0.0535777 3.67023 2.66654 3.67023 2.57653 474 16 0.0373797
2.10638 23168 18824 0.0499436 3.18896 2.67825 3.18896 2.59026 487 16 0.0375391
2.15408 21720 20272 0.0541879 3.6425 2.69961 3.6425 2.61356 502 16 0.0373868
2.15576 23168 18824 0.05043 89.5187 2.76736 89.5187 2.68138 515 16 0.0375412
2.20359 24616 20272 0.0489542 3.63335 2.78615 3.63335 2.70204 530 16 0.0373495
2.25177 26064 21720 0.0485542 3.60616 2.8037 3.60616 2.72139 545 16 0.0371625
2.29959 24616 23168 0.0513089 4.11779 2.83103 4.11779 2.75043 562 16 0.0369873
2.34718 26064 21720 0.0490276 3.6517 2.84766 3.6517 2.7687 577 16 0.0371633
2.39476 24616 23168 0.0515863 4.13859 2.87331 4.13859 2.79592 594 16 0.0369893
2.44258 26064 21720 0.0492323 3.63335 2.88819 3.63335 2.81231 609 16 0.0371638
2.49041 24616 23168 0.0522755 4.11779 2.91181 4.11779 2.83738 626 16 0.0369947
2.53847 26064 21720 0.0495785 3.61518 2.92512 3.61518 2.85211 641 16 0.0371647
2.58654 24616 23168 0.0532139 4.0972 2.9469 4.0972 2.87525 658 16 0.0370036
2.63424 26064 21720 0.0498024 3.6425 2.9595 3.6425 2.88914 673 16 0.0371655
2.68206 23168 23168 0.0537114 4.11779 2.98015 4.11779 2.91105 690 16 0.0370265
2.73013 24616 20272 0.0501608 3.37417 2.98709 3.37417 2.9192 704 16 0.0373532
2.73181 26064 21720 0.0488485 103.291 3.04886 103.291 2.98101 719 16 0.037163
2.77951 27512 23168 0.0482425 4.12816 3.06738 4.12816 3.0007 736 16 0.0369765
2.82746 28960 24616 0.0481394 4.10747 3.08502 4.10747 3.01947 753 16 0.036791
2.87576 27512 26064 0.0509674 4.55645 3.10973 4.55645 3.04528 772 16 0.0366149
2.92407 28960 24616 0.0493223 4.07682 3.12571 4.07682 3.06232 789 16 0.0367928
2.97165 27512 26064 0.051306 4.62548 3.14972 4.62548 3.08735 808 16 0.036617
3.01923 28960 24616 0.0488416 4.13859 3.16531 4.13859 3.10392 825 16 0.0367917
3.06682 27512 26064 0.0514942 4.62548 3.18796 4.62548 3.12753 844 16 0.0366183
3.11464 28960 24616 0.0490506 4.11779 3.20224 4.11779 3.14273 861 16 0.0367921
3.16258 27512 26064 0.0521799 4.5907 3.22329 4.5907 3.16468 880 16 0.0366236
3.21089 28960 24616 0.0494852 4.07682 3.23613 4.07682 3.17841 897 16 0.0367932
3.25919 26064 26064 0.0532229 4.55645 3.2557 4.55645 3.19883 916 16 0.0366509
3.30702 27512 23168 0.0498757 3.87557 3.26466 3.87557 3.20862 932 16 0.0369799
3.35436 28960 24616 0.0485712 4.1596 3.27729 4.1596 3.22204 949 16 0.0367913
3.40194 26064 26064 0.0537047 4.62548 3.29615 4.62548 3.24167 968 16 0.0366561
3.4041 27512 23168 0.0495417 85.6931 3.3485 85.6931 3.29406 984 16 0.0369788
3.45205 28960 24616 0.048728 4.10747 3.35904 4.10747 3.30535 1001 16 0.0367915
3.50011 30408 26064 0.0506752 4.57923 3.3758 4.57923 3.32285 1020 16 0.0366133
3.54818 31856 27512 0.0490026 4.57923 3.3921 4.57923 3.33987 1039 16 0.0364227
3.596 30408 28960 0.0509176 5.08669 3.41464 5.08669 3.3631 1060 16 0.0362462
3.6437 31856 27512 0.0486838 4.61383 3.43034 4.61383 3.37947 1079 16 0.0364221
3.69105 30408 28960 0.0509556 5.13833 3.45225 5.13833 3.40203 1100 16 0.0362464
3.73887 31856 27512 0.0487285 4.60224 3.46696 4.60224 3.41738 1119 16 0.0364222
3.78669 30408 28960 0.0514889 5.08669 3.48741 5.08669 3.43847 1140 16 0.0362499
3.83476 31856 27512 0.0490973 4.57923 3.5011 4.57923 3.45276 1159 16 0.0364229
3.88258 30408 28960 0.0521732 5.08669 3.52063 5.08669 3.47289 1180 16 0.0362551
3.93029 31856 27512 0.0492141 4.61383 3.5339 4.61383 3.48674 1199 16 0.0364231
3.97811 30408 28960 0.0525423 5.08669 3.55256 5.08669 3.50597 1220 16 0.0362583
4.02605 31856 27512 0.0494157 4.5907 3.56493 4.5907 3.51889 1239 16 0.0364237
4.07376 28960 28960 0.0533504 5.0995 3.58289 5.0995 3.5374 1260 16 0.0362838
4.12182 30408 26064 0.0493059 4.33822 3.5917 4.33822 3.54674 1278 16 0.0366078
4.12398 31856 27512 0.0485088 101.761 3.64319 101.761 3.59825 1297 16 0.0364219
4.17169 33304 28960 0.0480501 5.0995 3.65984 5.0995 3.61541 1318 16 0.0362377
4.21975 34752 30408 0.0482417 5.06125 3.6758 5.06125 3.63188 1339 16 0.0360542
4.26805 33304 31856 0.050443 5.5157 3.69663 5.5157 3.6532 1362 16 0.0358771
4.31624 34752 30408 0.0488952 5.04863 3.71172 5.04863 3.66878 1383 16 0.036055
4.36406 33304 31856 0.0505891 5.57113 3.7321 5.57113 3.68963 1406 16 0.0358778
4.41177 34752 30408 0.0486451 5.0995 3.74688 5.0995 3.70487 1427 16 0.0360546
4.45911 33304 31856 0.0503477 5.62769 3.76685 5.62769 3.72529 1450 16 0.0358766
4.50693 34752 30408 0.0484599 5.08669 3.78086 5.08669 3.73973 1471 16 0.0360544
4.55428 33304 31856 0.0508953 5.62769 3.80005 5.62769 3.75936 1494 16 0.0358795
4.60186 34752 30408 0.0483235 5.11238 3.81362 5.11238 3.77335 1515 16 0.0360543
4.6492 33304 31856 0.0511667 5.62769 3.8321 5.62769 3.79223 1538 16 0.0358811
4.69643 34752 30408 0.0483316 5.1514 3.84536 5.1514 3.8059 1559 16 0.0360543
4.74317 33304 31856 0.0512401 5.70003 3.86364 5.70003 3.82456 1582 16 0.0358816
4.79003 34752 30408 0.048101 5.19103 3.87663 5.19103 3.83793 1603 16 0.0360542
4.83665 33304 31856 0.0514644 5.71472 3.89434 5.71472 3.85602 1626 16 0.0358831
4.88303 34752 30408 0.0478854 5.24482 3.90717 5.24482 3.86921 1647 16 0.0360542
4.93098 33304 31856 0.0520016 5.55717 3.92321 5.55717 3.88563 1670 16 0.0358871
4.97964 34752 30408 0.0491979 4.99877 3.93373 4.99877 3.8965 1691 16 0.0360556
5.02843 31856 31856 0.0547956 5.46136 3.94855 5.46136 3.91169 1714 16 0.0359348
5.03107 33304 28960 0.0503341 87.6407 3.99252 87.6407 3.95568 1734 16 0.0362431
5.07913 34752 30408 0.0488553 5.06125 4.00263 5.06125 3.96614 1755 16 0.0360549
5.12708 36200 31856 0.0501293 5.55717 4.01717 5.55717 3.98102 1778 16 0.0358756
5.17502 37648 33304 0.0487314 5.55717 4.03144 5.55717 3.99562 1801 16 0.0356891
5.22164 39096 34752 0.0492479 6.21165 4.0509 6.21165 4.01541 1826 16 0.035508
5.26755 40544 36200 0.0469194 6.30921 4.07058 6.30921 4.0354 1851 16 0.0353259
5.31477 41992 37648 0.0492755 6.62323 4.09326 6.62323 4.05839 1878 16 0.0351452
5.36295 43440 39096 0.0481951 6.4911 4.11481 6.4911 4.08025 1905 16 0.0349629
5.41198 41992 40544 0.0514957 6.8523 4.13961 6.8523 4.10536 1934 16 0.0347948
5.46016 43440 39096 0.0490915 6.4911 4.16036 6.4911 4.12641 1961 16 0.034964
5.50787 41992 40544 0.051202 7.04216 4.18532 7.04216 4.15167 1990 16 0.0347929
5.55593 43440 39096 0.0485775 6.50732 4.2054 6.50732 4.17204 2017 16 0.0349632
5.60423 40544 40544 0.0517188 6.95457 4.2291 6.95457 4.19603 2046 16 0.0348139
5.65242 41992 37648 0.0490206 6.25068 4.24633 6.25068 4.21354 2072 16 0.0351446
5.70024 43440 39096 0.0483782 6.54002 4.26558 6.54002 4.23306 2099 16 0.034963
5.74855 40544 40544 0.052659 6.95457 4.28817 6.95457 4.25593 2128 16 0.0348218
5.79673 41992 37648 0.0490899 6.25068 4.30448 6.25068 4.27251 2154 16 0.0351448
5.84455 43440 39096 0.0483249 6.54002 4.32278 6.54002 4.29106 2181 16 0.034963
5.89262 40544 40544 0.0538619 6.98935 4.34453 6.98935 4.31307 2210 16 0.0348344
5.89598 41992 37648 0.0491782 89.5187 4.39313 89.5187 4.3617 2236 16 0.035145
5.94357 43440 39096 0.048046 6.57305 4.41058 6.57305 4.3794 2263 16 0.0349629
5.99139 44888 40544 0.0491401 7.02447 4.43145 7.02447 4.40051 2292 16 0.0347839
6.03897 46336 41992 0.0480508 7.05995 4.45216 7.05995 4.42147 2321 16 0.0346028
6.08692 47784 43440 0.0493017 7.4901 4.47609 7.4901 4.44564 2352 16 0.0344252
6.13462 49232 44888 0.0481949 7.52783 4.49982 7.52783 4.4696 2383 16 0.0342447
6.18232 50680 46336 0.0494892 8.0135 4.52693 8.0135 4.49695 2416 16 0.0340685
6.23051 52128 47784 0.0485387 7.93356 4.55328 7.93356 4.52353 2449 16 0.0338886
6.27941 50680 49232 0.050558 8.29034 4.58238 8.29034 4.55286 2484 16 0.0337174
6.32808 52128 47784 0.0492131 7.85521 4.60755 7.85521 4.57826 2517 16 0.0338898
6.3759 50680 49232 0.0502125 8.47781 4.63658 8.47781 4.60751 2552 16 0.0337158
6.42288 52128 47784 0.047705 8.13647 4.66218 8.13647 4.63332 2585 16 0.0338884
6.47035 50680 49232 0.049722 8.5422 4.69064 8.5422 4.662 2620 16 0.0337138
6.51853 52128 47784 0.0484085 7.93356 4.71461 7.93356 4.68618 2653 16 0.0338885
6.56732 49232 49232 0.0511869 8.31076 4.74133 8.31076 4.7131 2688 16 0.0337385
6.61538 50680 46336 0.0488482 7.71238 4.76291 7.71238 4.7349 2720 16 0.034067
6.6632 52128 47784 0.0482018 7.99336 4.7861 7.99336 4.75828 2753 16 0.0338884
6.71139 49232 49232 0.0516029 8.41438 4.81215 8.41438 4.78453 2788 16 0.0337413
6.76005 50680 46336 0.049018 7.61717 4.83234 7.61717 4.80492 2820 16 0.0340673
6.80836 52128 47784 0.0486665 7.91383 4.8542 7.91383 4.82698 2853 16 0.0338888
6.85678 47784 49232 0.0529911 8.37262 4.87905 8.37262 4.85202 2888 16 0.0337824
6.90473 49232 44888 0.0489128 7.4901 4.89718 7.4901 4.87034 2919 16 0.0342455
6.95279 44888 46336 0.0529034 7.9534 4.91831 7.9534 4.89165 2952 16 0.0341369
7.00073 46336 41992 0.0487998 7.00686 4.93261 7.00686 4.90614 2981 16 0.0346035
7.04844 41992 43440 0.0535886 7.52783 4.95018 7.52783 4.92388 3012 16 0.0345013
7.05204 43440 39096 0.0487541 86.7643 4.992 86.7643 4.96572 3039 16 0.0349634
7.10023 44888 40544 0.0485064 6.97192 5.00543 6.97192 4.97933 3068 16 0.0347829
7.14853 46336 41992 0.0485988 6.95457 5.0186 6.95457 4.99268 3097 16 0.0346032
7.19671 47784 43440 0.0494984 7.45274 5.0349 7.45274 5.00915 3128 16 0.0344257
7.24478 49232 44888 0.0484815 7.47137 5.05107 7.47137 5.02548 3159 16 0.0342449
7.29308 47784 46336 0.0497839 7.91383 5.07003 7.91383 5.04461 3192 16 0.0340694
7.34139 49232 44888 0.0487337 7.4342 5.08558 7.4342 5.06034 3223 16 0.0342452
7.38945 47784 46336 0.0498808 7.9534 5.10424 7.9534 5.07915 3256 16 0.0340698
7.43752 49232 44888 0.0485053 7.47137 5.11953 7.47137 5.09461 3287 16 0.0342449
7.48558 47784 46336 0.0499247 7.9534 5.13773 7.9534 5.11297 3320 16 0.03407
7.534 49232 44888 0.0488649 7.41575 5.15237 7.41575 5.12777 3351 16 0.0342454
7.58231 47784 46336 0.0505045 7.91383 5.16996 7.91383 5.14552 3384 16 0.0340725
7.63061 49232 44888 0.0487399 7.4342 5.1843 7.4342 5.16001 3415 16 0.0342452
7.67892 47784 46336 0.0506865 7.91383 5.20147 7.91383 5.17733 3448 16 0.0340735
7.72722 49232 44888 0.0488102 7.4342 5.21542 7.4342 5.19144 3479 16 0.0342453
7.77516 47784 46336 0.0508519 7.97333 5.23243 7.97333 5.20859 3512 16 0.0340744
7.82347 49232 44888 0.0487766 7.4342 5.24602 7.4342 5.22233 3543 16 0.0342452
7.87165 46336 46336 0.0513096 7.93356 5.26248 7.93356 5.23893 3576 16 0.0340947
7.91996 47784 43440 0.0488022 7.19439 5.27426 7.19439 5.25086 3606 16 0.0344241
7.96778 49232 44888 0.0483002 7.50892 5.28767 7.50892 5.26441 3637 16 0.0342447
8.01585 46336 46336 0.0519289 7.9534 5.30366 7.9534 5.28053 3670 16 0.0340992
8.06415 47784 43440 0.0487726 7.19439 5.31498 7.19439 5.292 3700 16 0.0344241
8.11221 49232 44888 0.0484865 7.47137 5.32776 7.47137 5.30491 3731 16 0.0342449
8.16076 44888 46336 0.0534073 7.87465 5.34291 7.87465 5.3202 3764 16 0.0341421
8.20906 46336 41992 0.0493419 6.95457 5.35239 6.95457 5.32981 3793 16 0.0346046
8.25737 43440 43440 0.0540388 7.4342 5.36457 7.4342 5.34212 3824 16 0.0344774
8.26097 44888 40544 0.0492696 89.9778 5.40149 89.9778 5.37906 3852 16 0.0347842
8.3088 46336 41992 0.0481958 7.02447 5.41083 7.02447 5.38853 3881 16 0.0346029
8.35698 47784 43440 0.04934 7.45274 5.42261 7.45274 5.40043 3912 16 0.0344253
8.40516 49232 44888 0.0485041 7.45274 5.43424 7.45274 5.41219 3943 16 0.0342449
8.45359 47784 46336 0.0498227 7.89419 5.44834 7.89419 5.42641 3976 16 0.0340696
8.50189 49232 44888 0.048628 7.4342 5.45962 7.4342 5.43782 4007 16 0.034245
8.54996 50680 46336 0.0495809 7.9534 5.47364 7.9534 5.45196 4040 16 0.0340687
8.59802 52128 47784 0.0485573 7.9534 5.4875 7.9534 5.46594 4073 16 0.0338886
8.64644 50680 49232 0.0501313 8.37262 5.50366 8.37262 5.48222 4108 16 0.0337154
8.69475 52128 47784 0.0487136 7.91383 5.51705 7.91383 5.49573 4141 16 0.0338888
8.74293 50680 49232 0.0500009 8.41438 5.53302 8.41438 5.51182 4176 16 0.0337149
8.79124 52128 47784 0.0486814 7.91383 5.5461 7.91383 5.52501 4209 16 0.0338888
8.83954 50680 49232 0.050553 8.39345 5.56166 8.39345 5.54069 4244 16 0.0337174
8.88761 52128 47784 0.0485442 7.9534 5.57459 7.9534 5.55374 4277 16 0.0338886
8.93615 50680 49232 0.0507775 8.3519 5.58968 8.3519 5.56894 4312 16 0.0337186
8.98445 52128 47784 0.048952 7.91383 5.60217 7.91383 5.58154 4345 16 0.0338892
9.03264 50680 49232 0.0509397 8.41438 5.61718 8.41438 5.59666 4380 16 0.0337195
9.0807 52128 47784 0.0486024 7.9534 5.62954 7.9534 5.60913 4413 16 0.0338887
9.12889 49232 49232 0.0511574 8.41438 5.64424 8.41438 5.62394 4448 16 0.0337383
9.17743 50680 46336 0.0488952 7.63602 5.65478 7.63602 5.63458 4480 16 0.0340671
9.22574 52128 47784 0.0486596 7.91383 5.6666 7.91383 5.64651 4513 16 0.0338888
9.2744 47784 49232 0.0523975 8.33128 5.68059 8.33128 5.6606 4548 16 0.0337768
9.32283 49232 44888 0.049226 7.41575 5.6896 7.41575 5.66972 4579 16 0.0342461
9.37077 44888 46336 0.0526053 7.97333 5.70128 7.97333 5.6815 4612 16 0.0341341
9.41895 46336 41992 0.0487124 6.97192 5.70778 6.97192 5.68811 4641 16 0.0346033
9.46714 41992 43440 0.0532183 7.45274 5.71666 7.45274 5.69709 4672 16 0.0344973
9.51532 43440 39096 0.0491947 6.4911 5.72059 6.4911 5.70111 4699 16 0.0349643
9.56363 40544 40544 0.0538871 6.95457 5.72682 6.95457 5.70744 4728 16 0.0348347
9.56699 41992 37648 0.0493066 89.5187 5.75629 89.5187 5.73691 4754 16 0.0351453
9.61481 43440 39096 0.0482303 6.54002 5.76018 6.54002 5.74091 4781 16 0.0349629
9.663 44888 40544 0.0494935 6.97192 5.76623 6.97192 5.74705 4810 16 0.0347848
9.71142 46336 41992 0.0487375 6.93732 5.77207 6.93732 5.75298 4839 16 0.0346034
9.76009 44888 43440 0.0502218 7.37913 5.78008 7.37913 5.76109 4870 16 0.0344284
9.80815 46336 41992 0.0486363 6.98935 5.78601 6.98935 5.76711 4899 16 0.0346032
9.85622 44888 43440 0.0499045 7.47137 5.79422 7.47137 5.77542 4930 16 0.0344271
9.90476 46336 41992 0.0489064 6.92015 5.79974 6.92015 5.78103 4959 16 0.0346036
9.95306 44888 43440 0.0502828 7.4342 5.80767 7.4342 5.78905 4990 16 0.0344287
10.0016 46336 41992 0.0489931 6.92015 5.81307 6.92015 5.79454 5019 16 0.0346038
10.0499 44888 43440 0.050465 7.4342 5.82087 7.4342 5.80242 5050 16 0.0344296
10.0982 46336 41992 0.0488396 6.95457 5.82629 6.95457 5.80793 5079 16 0.0346035
10.1465 44888 43440 0.0508534 7.4342 5.83394 7.4342 5.81568 5110 16 0.0344316
10.1948 46336 41992 0.0487886 6.95457 5.83925 6.95457 5.82107 5139 16 0.0346034
10.2429 44888 43440 0.0508693 7.47137 5.84691 7.47137 5.82882 5170 16 0.0344317
10.2916 46336 41992 0.0490466 6.90306 5.85191 6.90306 5.8339 5199 16 0.0346039
10.3402 43440 43440 0.0517444 7.37913 5.85909 7.37913 5.84117 5230 16 0.034455
10.3888 44888 40544 0.0492719 6.68152 5.86294 6.68152 5.8451 5258 16 0.0347842
10.4368 46336 41992 0.0485212 6.98935 5.86812 6.98935 5.85037 5287 16 0.0346031
10.4848 43440 43440 0.0521307 7.4901 5.87554 7.4901 5.85786 5318 16 0.034458
10.5331 44888 40544 0.0487658 6.71476 5.87939 6.71476 5.86179 5346 16 0.0347832
10.581 46336 41992 0.0483777 7.00686 5.8845 7.00686 5.86698 5375 16 0.034603
10.629 41992 43440 0.0532216 7.4901 5.89174 7.4901 5.8743 5406 16 0.0344974
10.677 43440 39096 0.0490143 6.50732 5.89451 6.50732 5.87715 5433 16 0.0349639
10.725 39096 40544 0.0536564 7.00686 5.89948 7.00686 5.8822 5462 16 0.0348612
10.7283 40544 36200 0.0490833 86.0757 5.92463 86.0757 5.90735 5487 16 0.0353259
10.7758 41992 37648 0.0479245 6.58969 5.92756 6.58969 5.91036 5514 16 0.0351436
10.8235 43440 39096 0.0479867 6.5565 5.93033 6.5565 5.91321 5541 16 0.0349629
10.8716 44888 40544 0.0494487 6.98935 5.93501 6.98935 5.91796 5570 16 0.0347847
10.92 46336 41992 0.0487111 6.93732 5.93946 6.93732 5.92248 5599 16 0.0346033
10.9689 44888 43440 0.050412 7.34287 5.94571 7.34287 5.92882 5630 16 0.0344293
11.0173 46336 41992 0.0490909 6.93732 5.95007 6.93732 5.93325 5659 16 0.034604
11.0653 44888 43440 0.050118 7.4901 5.95674 7.4901 5.93999 5690 16 0.034428
11.1136 46336 41992 0.0486111 6.95457 5.96108 6.95457 5.9444 5719 16 0.0346032
11.1619 44888 43440 0.0504134 7.4342 5.96746 7.4342 5.95085 5750 16 0.0344293
11.2101 46336 41992 0.0487685 6.97192 5.97177 6.97192 5.95524 5779 16 0.0346034
11.2586 44888 43440 0.0509171 7.3974 5.97792 7.3974 5.96146 5810 16 0.034432
11.307 46336 41992 0.049033 6.93732 5.98203 6.93732 5.96564 5839 16 0.0346039
11.355 44888 43440 0.0508489 7.4901 5.9884 7.4901 5.97207 5870 16 0.0344316
11.4028 46336 41992 0.0484734 7.02447 5.99274 7.02447 5.97649 5899 16 0.034603
11.4509 44888 43440 0.0509879 7.47137 5.99895 7.47137 5.98276 5930 16 0.0344324
11.4993 46336 41992 0.0490045 6.93732 6.0029 6.93732 5.98678 5959 16 0.0346038
11.5478 43440 43440 0.0519329 7.3974 6.00876 7.3974 5.99271 5990 16 0.0344564
11.5966 44888 40544 0.0493109 6.64861 6.01145 6.64861 5.99547 6018 16 0.0347843
11.6449 46336 41992 0.0487539 6.95457 6.01537 6.95457 5.99945 6047 16 0.0346034
11.6931 41992 43440 0.0529068 7.45274 6.02129 7.45274 6.00544 6078 16 0.0344942
11.7414 43440 39096 0.0491783 6.47495 6.02316 6.47495 6.00737 6105 16 0.0349642
11.7895 39096 40544 0.0533609 6.98935 6.0271 6.98935 6.01137 6134 16 0.0348579
11.8379 40544 36200 0.0489883 5.98045 6.0269 5.98045 6.01125 6159 16 0.0353257
11.8864 37648 37648 0.0542272 6.44289 6.0286 6.44289 6.01301 6186 16 0.0351998
11.8896 39096 34752 0.0497596 88.989 6.0504 88.989 6.03481 6210 16 0.0355095
11.9379 40544 36200 0.0487007 5.99532 6.05018 5.99532 6.03465 6235 16 0.0353253
11.9864 39096 37648 0.0500903 6.44289 6.05177 6.44289 6.03631 6262 16 0.0351479
12.0347 40544 36200 0.0488008 5.99532 6.05154 5.99532 6.03614 6287 16 0.0353254
12.0829 41992 37648 0.0499111 6.4911 6.0533 6.4911 6.03796 6314 16 0.0351472
12.1312 43440 39096 0.0488665 6.47495 6.05498 6.47495 6.0397 6341 16 0.0349636
12.1797 41992 40544 0.0505256 6.92015 6.05842 6.92015 6.04321 6370 16 0.034789
12.2282 43440 39096 0.0488504 6.45888 6.06001 6.45888 6.04485 6397 16 0.0349636
12.2766 41992 40544 0.0507481 6.93732 6.06347 6.93732 6.04837 6426 16 0.0347902
12.3251 43440 39096 0.0490365 6.44289 6.06496 6.44289 6.04993 6453 16 0.0349639
12.3733 41992 40544 0.0509011 6.97192 6.0685 6.97192 6.05352 6482 16 0.034791
12.4215 43440 39096 0.0488834 6.4911 6.07014 6.4911 6.05521 6509 16 0.0349636
12.4698 41992 40544 0.050918 6.95457 6.07356 6.95457 6.0587 6538 16 0.0347911
12.5178 43440 39096 0.0487393 6.52363 6.07529 6.52363 6.06048 6565 16 0.0349634
12.5651 41992 40544 0.050752 7.09578 6.07913 7.09578 6.06438 6594 16 0.0347902
12.6122 43440 39096 0.0480325 6.64013 6.08123 6.64013 6.06653 6621 16 0.0349629
12.66 41992 40544 0.0510843 7.02447 6.08479 7.02447 6.07015 6650 16 0.0347921
12.7086 43440 39096 0.0488057 6.44289 6.08616 6.44289 6.07157 6677 16 0.0349635
12.7569 40544 40544 0.0524087 6.95457 6.08944 6.95457 6.07492 6706 16 0.0348195
12.8055 41992 37648 0.0493588 6.18895 6.08982 6.18895 6.07535 6732 16 0.0351454
12.854 43440 39096 0.0485546 6.45888 6.09121 6.45888 6.07679 6759 16 0.0349632
12.9019 39096 40544 0.0535859 7.00686 6.09462 7.00686 6.08025 6788 16 0.0348604
12.95 40544 36200 0.0490945 6.0253 6.09436 6.0253 6.08005 6813 16 0.035326
12.998 37648 37648 0.0538179 6.50732 6.09589 6.50732 6.08163 6840 16 0.0351949
13.0012 39096 34752 0.0493293 88.989 6.1158 88.989 6.10155 6864 16 0.0355082
13.0481 40544 36200 0.0476674 6.16399 6.11598 6.16399 6.10177 6889 16 0.0353249
13.0944 41992 37648 0.0480703 6.76086 6.11826 6.76086 6.1041 6916 16 0.0351436
13.1409 43440 39096 0.0468559 6.72592 6.12041 6.72592 6.1063 6943 16 0.0349642
13.1878 44888 40544 0.0485575 7.16856 6.12413 7.16856 6.11008 6972 16 0.0347829
13.2362 46336 41992 0.0484108 6.93732 6.12711 6.93732 6.1131 7001 16 0.034603
13.2855 44888 43440 0.051052 7.28914 6.13142 7.28914 6.11746 7032 16 0.0344328
13.3344 46336 41992 0.0494402 6.86914 6.13412 6.86914 6.12022 7061 16 0.0346049
13.3823 44888 43440 0.0505345 7.4901 6.13898 7.4901 6.12513 7092 16 0.0344299
13.4298 46336 41992 0.0481689 7.07782 6.1423 7.07782 6.1285 7121 16 0.0346028
13.4776 44888 43440 0.050121 7.50892 6.14715 7.50892 6.13339 7152 16 0.034428
13.5258 46336 41992 0.0485593 6.97192 6.15008 6.97192 6.13638 7181 16 0.0346031
13.5741 44888 43440 0.0509608 7.4342 6.15465 7.4342 6.141 7212 16 0.0344323
13.6224 46336 41992 0.048995 6.95457 6.15749 6.95457 6.14388 7241 16 0.0346038
13.6711 43440 43440 0.0516524 7.37913 6.16184 7.37913 6.14828 7272 16 0.0344543
13.7196 44888 40544 0.0492251 6.68152 6.16368 6.68152 6.15017 7300 16 0.0347841
13.7677 46336 41992 0.04856 6.98935 6.16656 6.98935 6.1531 7329 16 0.0346031
13.8157 43440 43440 0.0522047 7.47137 6.1711 7.47137 6.15768 7360 16 0.0344586
13.8644 44888 40544 0.0489255 6.66502 6.17283 6.66502 6.15947 7388 16 0.0347835
13.9132 46336 41992 0.0488471 6.88606 6.17533 6.88606 6.16201 7417 16 0.0346035
13.9622 43440 43440 0.0541878 7.32487 6.17937 7.32487 6.1661 7448 16 0.0344793
14.0109 44888 40544 0.0498616 6.66502 6.18106 6.66502 6.16783 7476 16 0.0347861
14.0142 46336 41992 0.0488388 99.8478 6.20354 99.8478 6.19032 7505 16 0.0346035
14.0627 47784 43440 0.048704 7.41575 6.20772 7.41575 6.19454 7536 16 0.034424
14.1114 49232 44888 0.0489408 7.36096 6.21171 7.36096 6.19857 7567 16 0.0342455
14.1607 47784 46336 0.0504424 7.75941 6.21709 7.75941 6.204 7600 16 0.0340722
14.2094 49232 44888 0.0491226 7.37913 6.22107 7.37913 6.20803 7631 16 0.0342459
14.2577 47784 46336 0.0497482 7.91383 6.22681 7.91383 6.21381 7664 16 0.0340693
14.306 49232 44888 0.0486773 7.4342 6.23088 7.4342 6.21793 7695 16 0.0342451
14.3543 47784 46336 0.0498632 7.91383 6.23655 7.91383 6.22363 7728 16 0.0340697
14.4028 49232 44888 0.0488414 7.3974 6.24046 7.3974 6.22759 7759 16 0.0342453
14.4513 47784 46336 0.0502512 7.89419 6.246 7.89419 6.23317 7792 16 0.0340713
14.5 49232 44888 0.0490735 7.36096 6.24975 7.36096 6.23697 7823 16 0.0342458
14.5488 47784 46336 0.0507251 7.83586 6.25507 7.83586 6.24233 7856 16 0.0340737
14.597 49232 44888 0.0488784 7.45274 6.25902 7.45274 6.24633 7887 16 0.0342454
14.6451 47784 46336 0.0502804 7.9534 6.26458 7.9534 6.25193 7920 16 0.0340714
14.6933 49232 44888 0.048695 7.45274 6.26848 7.45274 6.25587 7951 16 0.0342451
14.7416 47784 46336 0.0506844 7.91383 6.27387 7.91383 6.2613 7984 16 0.0340735
14.7902 49232 44888 0.0489948 7.37913 6.27751 7.37913 6.26498 8015 16 0.0342456
14.8389 46336 46336 0.051391 7.85521 6.28268 7.85521 6.27019 8048 16 0.0340952
14.8876 47784 43440 0.0492823 7.1411 6.28549 7.1411 6.27304 8078 16 0.0344251
14.936 49232 44888 0.0485938 7.41575 6.28915 7.41575 6.27674 8109 16 0.034245
14.9849 46336 46336 0.0522241 7.8166 6.29414 7.8166 6.28177 8142 16 0.0341016
15.034 47784 43440 0.0496841 7.07126 6.29668 7.07126 6.28435 8172 16 0.0344263
15.0827 49232 44888 0.0490923 7.37913 6.30017 7.37913 6.28788 8203 16 0.0342458
15.1311 44888 46336 0.0532803 7.89419 6.30527 7.89419 6.29302 8236 16 0.0341407
15.1793 46336 41992 0.0493816 6.97192 6.30739 6.97192 6.29518 8265 16 0.0346047
15.2272 41992 43440 0.0531335 7.4901 6.31111 7.4901 6.29894 8296 16 0.0344964
15.2757 43440 39096 0.0488255 6.45888 6.31158 6.45888 6.29945 8323 16 0.0349635
15.3241 40544 40544 0.0541803 6.93732 6.31356 6.93732 6.30146 8352 16 0.0348383
15.3275 41992 37648 0.0495415 89.5187 6.33182 89.5187 6.31973 8378 16 0.035146
15.3756 43440 39096 0.0485945 6.4911 6.33232 6.4911 6.32027 8405 16 0.0349632
15.4242 44888 40544 0.049842 6.92015 6.33417 6.92015 6.32215 8434 16 0.034786
15.4725 46336 41992 0.0489253 6.95457 6.33611 6.95457 6.32413 8463 16 0.0346037
15.5212 44888 43440 0.0500324 7.37913 6.33938 7.37913 6.32744 8494 16 0.0344276
15.5697 46336 41992 0.0490556 6.92015 6.34119 6.92015 6.32928 8523 16 0.0346039
15.6182 44888 43440 0.050379 7.3974 6.34447 7.3974 6.3326 8554 16 0.0344292
15.6663 46336 41992 0.048635 6.98935 6.34645 6.98935 6.33462 8583 16 0.0346032
15.7149 44888 43440 0.050289 7.3974 6.3497 7.3974 6.3379 8614 16 0.0344287
15.7634 46336 41992 0.0489933 6.92015 6.35145 6.92015 6.3397 8643 16 0.0346038
15.8119 44888 43440 0.050674 7.3974 6.35466 7.3974 6.34294 8674 16 0.0344306
15.861 46336 41992 0.0493541 6.8523 6.3562 6.8523 6.34452 8703 16 0.0346046
15.91 43440 43440 0.0514312 7.32487 6.35919 7.32487 6.34754 8734 16 0.0344527
15.9585 44888 40544 0.0492965 6.68152 6.36017 6.68152 6.34855 8762 16 0.0347843
16.0064 46336 41992 0.0483919 7.02447 6.36215 7.02447 6.35057 8791 16 0.034603
16.0543 44888 43440 0.0511646 7.4901 6.36552 7.4901 6.35398 8822 16 0.0344335
16.103 46336 41992 0.0488143 6.90306 6.36715 6.90306 6.35564 8851 16 0.0346035
16.1518 43440 43440 0.0522434 7.36096 6.37015 7.36096 6.35867 8882 16 0.034459
16.2009 44888 40544 0.0495214 6.59984 6.37084 6.59984 6.3594 8910 16 0.0347849
16.2494 46336 41992 0.0491084 6.92015 6.37249 6.92015 6.36108 8939 16 0.034604
16.2976 41992 43440 0.0531963 7.45274 6.37568 7.45274 6.36431 8970 16 0.0344971
16.3459 43440 39096 0.0489663 6.47495 6.37597 6.47495 6.36463 8997 16 0.0349638
16.394 39096 40544 0.0533196 6.98935 6.37777 6.98935 6.36647 9026 16 0.0348575
16.4424 40544 36200 0.0491784 5.98045 6.3766 5.98045 6.36533 9051 16 0.0353262
16.4909 37648 37648 0.0542284 6.45888 6.37684 6.45888 6.3656 9078 16 0.0351998
16.494 39096 34752 0.0495854 88.989 6.39249 88.989 6.38125 9102 16 0.0355089
16.5423 40544 36200 0.0487716 5.99532 6.39133 5.99532 6.38013 9127 16 0.0353254
16.5911 39096 37648 0.0502833 6.41116 6.39139 6.41116 6.38022 9154 16 0.0351488
16.6398 40544 36200 0.0492262 5.93626 6.39005 5.93626 6.37892 9179 16 0.0353263
16.6885 39096 37648 0.0505525 6.42699 6.39016 6.42699 6.37906 9206 16 0.0351501
16.7369 40544 36200 0.0488355 5.98045 6.38898 5.98045 6.3779 9231 16 0.0353255
16.7856 39096 37648 0.0506131 6.42699 6.38909 6.42699 6.37804 9258 16 0.0351504
16.8341 40544 36200 0.0491108 5.96564 6.38787 5.96564 6.37686 9283 16 0.035326
16.8828 39096 37648 0.0509194 6.42699 6.38798 6.42699 6.377 9310 16 0.0351521
16.9312 40544 36200 0.0490771 5.98045 6.38681 5.98045 6.37587 9335 16 0.0353259
16.9798 39096 37648 0.0510876 6.44289 6.38697 6.44289 6.37606 9362 16 0.0351531
17.028 40544 36200 0.0488747 6.01027 6.38591 6.01027 6.37502 9387 16 0.0353255
17.0765 39096 37648 0.0513194 6.44289 6.38607 6.44289 6.37522 9414 16 0.0351546
17.1253 40544 36200 0.0493309 5.93626 6.38479 5.93626 6.37397 9439 16 0.0353265
17.1744 37648 37648 0.0521498 6.36413 6.38473 6.36413 6.37394 9466 16 0.0351783
17.2232 39096 34752 0.0497082 5.69881 6.38279 5.69881 6.37202 9490 16 0.0355093
17.2713 40544 36200 0.0488615 6.0253 6.38179 6.0253 6.37106 9515 16 0.0353255
17.3198 37648 37648 0.0524598 6.44289 6.38196 6.44289 6.37126 9542 16 0.0351809
17.3684 39096 34752 0.0494032 5.72702 6.38013 5.72702 6.36946 9566 16 0.0355084
17.4169 40544 36200 0.0486937 5.96564 6.37898 5.96564 6.36833 9591 16 0.0353252
17.4657 37648 37648 0.0539773 6.41116 6.37907 6.41116 6.36845 9618 16 0.0351968
17.5145 39096 34752 0.0498772 5.69881 6.37717 5.69881 6.36659 9642 16 0.0355099
17.5174 40544 36200 0.048992 100.422 6.39265 100.422 6.38207 9667 16 0.0353257
17.5659 41992 37648 0.0487574 6.44289 6.39279 6.44289 6.38224 9694 16 0.0351442
17.6145 43440 39096 0.0488328 6.44289 6.39293 6.44289 6.38241 9721 16 0.0349636
17.6633 41992 40544 0.0503784 6.88606 6.39429 6.88606 6.3838 9750 16 0.0347883
17.7118 43440 39096 0.0489713 6.44289 6.39443 6.44289 6.38396 9777 16 0.0349638
17.7606 41992 40544 0.0505083 6.88606 6.39578 6.88606 6.38534 9806 16 0.0347889
17.8094 43440 39096 0.0492326 6.41116 6.39582 6.41116 6.38541 9833 16 0.0349644
17.8577 41992 40544 0.050353 6.95457 6.39733 6.95457 6.38695 9862 16 0.0347881
17.9063 43440 39096 0.0491161 6.42699 6.39741 6.42699 6.38706 9889 16 0.0349641
17.9551 41992 40544 0.0509937 6.88606 6.39874 6.88606 6.38842 9918 16 0.0347916
18.0035 43440 39096 0.0491746 6.45888 6.3989 6.45888 6.38861 9945 16 0.0349642
18.052 41992 40544 0.0508348 6.93732 6.40034 6.93732 6.39008 9974 16 0.0347906
18.1005 43440 39096 0.0491375 6.44289 6.40046 6.44289 6.39022 10001 16 0.0349642
18.1491 41992 40544 0.0513041 6.92015 6.40185 6.92015 6.39164 10030 16 0.0347935
18.1974 43440 39096 0.0491198 6.47495 6.40204 6.47495 6.39186 10057 16 0.0349641
18.2457 41992 40544 0.0514938 6.95457 6.40351 6.95457 6.39335 10086 16 0.0347948
18.2939 43440 39096 0.0488642 6.4911 6.40374 6.4911 6.3936 10113 16 0.0349636
18.3423 40544 40544 0.0520138 6.93732 6.40514 6.93732 6.39504 10142 16 0.0348162
18.3909 41992 37648 0.0491205 6.18895 6.40457 6.18895 6.39449 10168 16 0.0351448
18.4396 43440 39096 0.0489195 6.42699 6.40463 6.42699 6.39458 10195 16 0.0349637
18.4889 39096 40544 0.0535313 6.81888 6.40574 6.81888 6.39571 10224 16 0.0348598
18.5379 40544 36200 0.0499639 5.90716 6.40442 5.90716 6.39442 10249 16 0.0353286
18.5863 37648 37648 0.0542011 6.45888 6.40456 6.45888 6.39459 10276 16 0.0351995
18.6344 39096 34752 0.0495343 5.78429 6.40296 5.78429 6.39301 10300 16 0.0355088
18.6373 40544 36200 0.0484184 100.422 6.41751 100.422 6.40756 10325 16 0.0353249
18.6857 41992 37648 0.0485474 6.45888 6.41761 6.45888 6.4077 10352 16 0.0351439
18.7345 43440 39096 0.048895 6.41116 6.4176 6.41116 6.4077 10379 16 0.0349637
18.7834 41992 40544 0.0504168 6.86914 6.41877 6.86914 6.40891 10408 16 0.0347884
18.8323 43440 39096 0.0494583 6.3954 6.41871 6.3954 6.40887 10435 16 0.034965
18.8807 41992 40544 0.0502543 6.93732 6.42004 6.93732 6.41023 10464 16 0.0347877
18.9289 43440 39096 0.0486301 6.4911 6.42022 6.4911 6.41043 10491 16 0.0349633
18.9774 41992 40544 0.0504207 6.92015 6.4215 6.92015 6.41174 10520 16 0.0347885
19.0259 43440 39096 0.0489527 6.45888 6.4216 6.45888 6.41186 10547 16 0.0349638
19.0744 41992 40544 0.0507408 6.92015 6.42287 6.92015 6.41315 10576 16 0.0347901
19.1233 43440 39096 0.0493738 6.3954 6.4228 6.3954 6.4131 10603 16 0.0349647
19.1722 41992 40544 0.0514085 6.86914 6.42393 6.86914 6.41427 10632 16 0.0347942
19.2208 43440 39096 0.0492981 6.44289 6.42398 6.44289 6.41434 10659 16 0.0349645
19.2692 41992 40544 0.0512637 6.93732 6.42527 6.93732 6.41565 10688 16 0.0347933
19.3176 43440 39096 0.0491623 6.45888 6.42536 6.45888 6.41576 10715 16 0.0349642
19.3663 40544 40544 0.0518505 6.90306 6.42656 6.90306 6.41699 10744 16 0.0348149
19.4151 41992 37648 0.0493617 6.17371 6.42592 6.17371 6.41638 10770 16 0.0351454
19.4637 43440 39096 0.0489996 6.42699 6.42592 6.42699 6.4164 10797 16 0.0349639
19.5129 40544 40544 0.0529032 6.83555 6.42696 6.83555 6.41746 10826 16 0.0348241
19.562 41992 37648 0.049992 6.12842 6.42621 6.12842 6.41673 10852 16 0.0351475
19.6106 43440 39096 0.0491748 6.44289 6.42625 6.44289 6.4168 10879 16 0.0349642
19.6589 40544 40544 0.0538448 6.95457 6.42755 6.95457 6.41812 10908 16 0.0348342
19.7072 41992 37648 0.0493752 6.23514 6.42707 6.23514 6.41767 10934 16 0.0351455
19.7103 43440 39096 0.0485784 100.113 6.44192 100.113 6.43252 10961 16 0.0349632
19.7588 44888 40544 0.0486466 6.92015 6.4431 6.92015 6.43372 10990 16 0.034783
19.8074 46336 41992 0.0487608 6.92015 6.44427 6.92015 6.43491 11019 16 0.0346034
19.8564 44888 43440 0.0503446 7.32487 6.44644 7.32487 6.43711 11050 16 0.034429
19.9052 46336 41992 0.0492066 6.88606 6.44752 6.88606 6.43821 11079 16 0.0346043
19.9535 44888 43440 0.0501181 7.4342 6.44991 7.4342 6.44062 11110 16 0.034428
20.002 46336 41992 0.0488985 6.92015 6.45105 6.92015 6.44178 11139 16 0.0346036
20.0502 44888 43440 0.0500392 7.45274 6.45346 7.45274 6.44421 11170 16 0.0344277
20.0988 46336 41992 0.0489246 6.92015 6.45458 6.92015 6.44536 11199 16 0.0346037
20.1473 44888 43440 0.0504963 7.3974 6.45686 7.3974 6.44766 11230 16 0.0344297
20.196 46336 41992 0.0490549 6.90306 6.45793 6.90306 6.44875 11259 16 0.0346039
20.2448 44888 43440 0.0509114 7.36096 6.46011 7.36096 6.45095 11290 16 0.034432
20.2933 46336 41992 0.0491254 6.92015 6.46121 6.92015 6.45207 11319 16 0.0346041
20.3415 44888 43440 0.0508297 7.45274 6.46356 7.45274 6.45444 11350 16 0.0344315
20.3898 46336 41992 0.0487346 6.95457 6.46472 6.95457 6.45563 11379 16 0.0346034
20.4382 44888 43440 0.0511496 7.41575 6.46697 7.41575 6.4579 11410 16 0.0344334
20.4868 46336 41992 0.049089 6.92015 6.46805 6.92015 6.459 11439 16 0.034604
20.5359 43440 43440 0.0518919 7.30696 6.47005 7.30696 6.46103 11470 16 0.0344561
20.5852 44888 40544 0.0498822 6.58374 6.47033 6.58374 6.46132 11498 16 0.0347861
20.6338 46336 41992 0.049225 6.90306 6.47135 6.90306 6.46236 11527 16 0.0346043
20.6823 43440 43440 0.0527919 7.41575 6.47356 7.41575 6.4646 11558 16 0.0344639
20.7306 44888 40544 0.0491215 6.71476 6.47412 6.71476 6.46518 11586 16 0.0347839
20.7788 46336 41992 0.0484027 6.97192 6.47527 6.97192 6.46635 11615 16 0.034603
20.8274 41992 43440 0.0535787 7.37913 6.47739 7.37913 6.46849 11646 16 0.0345012
20.8762 43440 39096 0.0495958 6.41116 6.47723 6.41116 6.46835 11673 16 0.0349654
20.9246 40544 40544 0.0545553 6.93732 6.4783 6.93732 6.46944 11702 16 0.034843
20.928 41992 37648 0.0494986 89.5187 6.49165 89.5187 6.48279 11728 16 0.0351458
20.9763 43440 39096 0.0487416 6.47495 6.49161 6.47495 6.48277 11755 16 0.0349634
21.0251 41992 40544 0.0501183 6.88606 6.49252 6.88606 6.48371 11784 16 0.0347871
21.0738 43440 39096 0.0491724 6.42699 6.49237 6.42699 6.48358 11811 16 0.0349642
21.1228 41992 40544 0.050461 6.8523 6.49321 6.8523 6.48443 11840 16 0.0347887
21.1716 43440 39096 0.0492725 6.41116 6.49302 6.41116 6.48426 11867 16 0.0349645
21.2201 41992 40544 0.0503108 6.92015 6.49399 6.92015 6.48526 11896 16 0.0347879
21.2684 43440 39096 0.0488887 6.47495 6.49395 6.47495 6.48524 11923 16 0.0349636
21.3168 41992 40544 0.050348 6.93732 6.49496 6.93732 6.48626 11952 16 0.0347881
21.3654 43440 39096 0.0490232 6.44289 6.49484 6.44289 6.48617 11979 16 0.0349639
21.414 41992 40544 0.0509112 6.90306 6.49577 6.90306 6.48711 12008 16 0.0347911
21.4626 43440 39096 0.0491619 6.44289 6.49565 6.44289 6.48701 12035 16 0.0349642
21.5114 41992 40544 0.0511743 6.88606 6.49653 6.88606 6.48792 12064 16 0.0347927
21.5598 43440 39096 0.049137 6.45888 6.49645 6.45888 6.48785 12091 16 0.0349642
21.6082 41992 40544 0.0512515 6.93732 6.49744 6.93732 6.48886 12120 16 0.0347932
21.6566 43440 39096 0.0490442 6.45888 6.49735 6.45888 6.48879 12147 16 0.0349639
21.7056 40544 40544 0.051928 6.86914 6.49819 6.86914 6.48965 12176 16 0.0348155
21.7545 41992 37648 0.0494767 6.15854 6.49743 6.15854 6.48891 12202 16 0.0351458
21.8032 43440 39096 0.0491646 6.41116 6.49723 6.41116 6.48873 12229 16 0.0349642
21.8519 40544 40544 0.0528414 6.90306 6.49814 6.90306 6.48965 12258 16 0.0348235
21.9001 41992 37648 0.0493873 6.25068 6.49759 6.25068 6.48913 12284 16 0.0351455
21.9482 43440 39096 0.0484712 6.50732 6.49761 6.50732 6.48917 12311 16 0.0349631
21.9968 39096 40544 0.0535153 6.90306 6.49851 6.90306 6.49008 12340 16 0.0348596
22.0455 40544 36200 0.0495228 5.95091 6.4973 5.95091 6.48889 12365 16 0.0353271
22.0944 37648 37648 0.0546124 6.3954 6.49708 6.3954 6.48869 12392 16 0.0352048
22.0975 36200 34752 0.0501738 88.989 6.50874 88.989 6.50035 12416 16 0.0355111
22.1459 37648 33304 0.0488271 5.50201 6.50654 5.50201 6.49817 12439 16 0.0356892
22.1944 39096 34752 0.0500262 5.98045 6.50539 5.98045 6.49704 12464 16 0.0355105
22.2429 40544 36200 0.0489655 5.96564 6.50421 5.96564 6.49588 12489 16 0.0353257
22.2916 39096 37648 0.0505066 6.42699 6.50404 6.42699 6.49573 12516 16 0.0351499
22.3402 40544 36200 0.0491561 5.95091 6.50284 5.95091 6.49454 12541 16 0.0353261
22.3888 39096 37648 0.0505696 6.44289 6.50271 6.44289 6.49443 12568 16 0.0351502
22.4374 40544 36200 0.0491809 5.95091 6.50151 5.95091 6.49325 12593 16 0.0353262
22.4861 39096 37648 0.0509147 6.42699 6.50135 6.42699 6.49311 12620 16 0.0351521
22.5349 40544 36200 0.0493375 5.93626 6.50013 5.93626 6.4919 12645 16 0.0353266
22.5832 39096 37648 0.0510072 6.47495 6.50007 6.47495 6.49187 12672 16 0.0351526
22.6311 40544 36200 0.0487607 6.0404 6.4991 6.0404 6.49091 12697 16 0.0353253
22.6791 39096 37648 0.0508944 6.52363 6.49915 6.52363 6.49098 12724 16 0.035152
22.7275 40544 36200 0.0490152 5.98045 6.49805 5.98045 6.48989 12749 16 0.0353258
22.7765 37648 37648 0.0519016 6.37973 6.49779 6.37973 6.48965 12776 16 0.0351763
22.8259 39096 34752 0.0498086 5.62948 6.49591 5.62948 6.48779 12800 16 0.0355097
22.8747 40544 36200 0.0492968 5.93626 6.49472 5.93626 6.48662 12825 16 0.0353264
22.9233 37648 37648 0.0529822 6.44289 6.49461 6.44289 6.48652 12852 16 0.0351859
22.9716 39096 34752 0.0494878 5.75551 6.49305 5.75551 6.48499 12876 16 0.0355086
23.0196 40544 36200 0.0484904 6.0253 6.49208 6.0253 6.48403 12901 16 0.035325
23.0682 36200 37648 0.053589 6.44289 6.49197 6.44289 6.48394 12928 16 0.0352214
23.1167 37648 33304 0.0496241 5.48839 6.48987 5.48839 6.48185 12951 16 0.0356912
23.1653 34752 34752 0.0544729 5.96564 6.48877 5.96564 6.48077 12976 16 0.0355658
23.1681 36200 31856 0.0498913 88.3711 6.49896 88.3711 6.49096 12998 16 0.0358747
23.2164 37648 33304 0.0489766 5.5157 6.49691 5.5157 6.48893 13021 16 0.0356895
23.2652 36200 34752 0.0504463 5.93626 6.49574 5.93626 6.48777 13046 16 0.0355124
23.314 37648 33304 0.0494163 5.46136 6.49357 5.46136 6.48562 13069 16 0.0356905
23.3626 36200 34752 0.0506798 5.96564 6.49248 5.96564 6.48454 13094 16 0.0355136
23.411 37648 33304 0.0490111 5.50201 6.49043 5.50201 6.48251 13117 16 0.0356896
23.4595 36200 34752 0.0507646 5.96564 6.48934 5.96564 6.48144 13142 16 0.0355141
23.5082 37648 33304 0.0491819 5.47484 6.48724 5.47484 6.47936 13165 16 0.0356899
23.5569 36200 34752 0.0512571 5.95091 6.48613 5.95091 6.47827 13190 16 0.035517
23.6055 37648 33304 0.0494546 5.47484 6.48405 5.47484 6.4762 13213 16 0.0356906
23.6539 36200 34752 0.0512443 5.98045 6.48302 5.98045 6.47518 13238 16 0.0355169
23.7023 37648 33304 0.0492758 5.5157 6.48105 5.5157 6.47323 13261 16 0.0356902
23.7503 36200 34752 0.0514364 6.0253 6.48013 6.0253 6.47232 13286 16 0.0355182
23.7981 37648 33304 0.0487727 5.57113 6.4783 5.57113 6.47051 13309 16 0.0356891
23.8464 36200 34752 0.0517605 5.99532 6.47732 5.99532 6.46955 13334 16 0.0355206
23.8953 37648 33304 0.0494986 5.44794 6.47521 5.44794 6.46746 13357 16 0.0356908
23.9445 34752 34752 0.0532592 5.89271 6.47402 5.89271 6.46628 13382 16 0.0355515
23.9936 36200 31856 0.0500553 5.18559 6.47138 5.18559 6.46365 13404 16 0.0358753
24.0421 37648 33304 0.0492352 5.50201 6.46943 5.50201 6.46172 13427 16 0.0356901
24.0904 34752 34752 0.0540054 5.99532 6.46848 5.99532 6.46078 13452 16 0.03556
24.1387 36200 31856 0.0496206 5.27588 6.46609 5.27588 6.45841 13474 16 0.0358737
24.1413 37648 33304 0.0485841 100.787 6.47642 100.787 6.46874 13497 16 0.0356889
24.1896 39096 34752 0.0485134 5.99532 6.47546 5.99532 6.46779 13522 16 0.0355067
24.2379 40544 36200 0.0484639 5.99532 6.4745 5.99532 6.46685 13547 16 0.035325
24.2865 39096 37648 0.0502734 6.44289 6.47444 6.44289 6.46681 13574 16 0.0351487
24.335 40544 36200 0.049094 5.96564 6.47342 5.96564 6.46581 13599 16 0.035326
24.3833 39096 37648 0.0504231 6.47495 6.47342 6.47495 6.46582 13626 16 0.0351494
24.4316 40544 36200 0.0488228 5.99532 6.47248 5.99532 6.46489 13651 16 0.0353254
24.4798 39096 37648 0.0504241 6.4911 6.47252 6.4911 6.46494 13678 16 0.0351495
24.5281 40544 36200 0.0488552 5.99532 6.47158 5.99532 6.46402 13703 16 0.0353255
24.5765 39096 37648 0.0509889 6.45888 6.47155 6.45888 6.46401 13730 16 0.0351525
24.6245 40544 36200 0.0486821 6.0404 6.47071 6.0404 6.46319 13755 16 0.0353252
24.6728 39096 37648 0.0509896 6.47495 6.47072 6.47495 6.46321 13782 16 0.0351525
24.7212 40544 36200 0.049065 5.98045 6.46976 5.98045 6.46226 13807 16 0.0353259
24.769 39096 37648 0.0513526 6.54002 6.4699 6.54002 6.46241 13834 16 0.0351548
24.8171 40544 36200 0.0487891 6.0253 6.46903 6.0253 6.46157 13859 16 0.0353254
24.8646 39096 37648 0.0514973 6.58969 6.46926 6.58969 6.46181 13886 16 0.0351558
24.9125 40544 36200 0.0485707 6.0404 6.46844 6.0404 6.461 13911 16 0.0353251
24.961 37648 37648 0.0521733 6.44289 6.46839 6.44289 6.46096 13938 16 0.0351785
25.01 39096 34752 0.0494952 5.6848 6.46686 5.6848 6.45945 13962 16 0.0355086
25.0587 40544 36200 0.0490568 5.93626 6.46582 5.93626 6.45843 13987 16 0.0353259
25.1076 37648 37648 0.0542029 6.3954 6.46569 6.3954 6.45831 14014 16 0.0351995
25.1563 39096 34752 0.0500786 5.71288 6.46423 5.71288 6.45686 14038 16 0.0355107
25.1592 40544 36200 0.0488591 100.422 6.475 100.422 6.46763 14063 16 0.0353255
25.2077 41992 37648 0.048907 6.44289 6.47494 6.44289 6.46759 14090 16 0.0351444
25.2563 43440 39096 0.0487737 6.44289 6.47488 6.44289 6.46754 14117 16 0.0349635
25.3051 41992 40544 0.0502887 6.88606 6.47567 6.88606 6.46835 14146 16 0.0347878
25.3536 43440 39096 0.0490659 6.44289 6.47561 6.44289 6.4683 14173 16 0.034964
25.4022 41992 40544 0.0502569 6.92015 6.47646 6.92015 6.46916 14202 16 0.0347877
25.4507 43440 39096 0.0490813 6.44289 6.47639 6.44289 6.46911 14229 16 0.034964
25.4995 41992 40544 0.0507774 6.88606 6.47718 6.88606 6.46991 14258 16 0.0347903
25.5482 43440 39096 0.0491006 6.42699 6.47708 6.42699 6.46983 14285 16 0.0349641
25.5966 41992 40544 0.0508155 6.93732 6.47795 6.93732 6.47071 14314 16 0.0347905
25.6454 43440 39096 0.0492204 6.41116 6.47782 6.41116 6.4706 14341 16 0.0349643
25.694 41992 40544 0.0512429 6.90306 6.47863 6.90306 6.47142 14370 16 0.0347931
25.7424 43440 39096 0.0491335 6.45888 6.47859 6.45888 6.47139 14397 16 0.0349641
25.7912 41992 40544 0.0514549 6.88606 6.47936 6.88606 6.47218 14426 16 0.0347945
25.8398 43440 39096 0.0493053 6.44289 6.4793 6.44289 6.47212 14453 16 0.0349646
25.888 41992 40544 0.0515004 6.97192 6.48021 6.97192 6.47305 14482 16 0.0347949
25.9365 43440 39096 0.0491098 6.44289 6.48014 6.44289 6.473 14509 16 0.0349641
25.9854 40544 40544 0.0522461 6.86914 6.48087 6.86914 6.47374 14538 16 0.0348181
26.0344 41992 37648 0.0496878 6.14344 6.48024 6.14344 6.47312 14564 16 0.0351464
26.0829 43440 39096 0.0489962 6.45888 6.4802 6.45888 6.47309 14591 16 0.0349638
26.1313 39096 40544 0.0533061 6.93732 6.48105 6.93732 6.47395 14620 16 0.0348574
26.1796 40544 36200 0.0492648 5.99532 6.48015 5.99532 6.47307 14645 16 0.0353264
26.2279 37648 37648 0.0533744 6.47495 6.48014 6.47495 6.47307 14672 16 0.0351899
26.2764 39096 34752 0.0494709 5.72702 6.47875 5.72702 6.4717 14696 16 0.0355086
26.2793 40544 36200 0.0487486 100.422 6.48906 100.422 6.48201 14721 16 0.0353253
26.3281 41992 37648 0.0489557 6.41116 6.48891 6.41116 6.48187 14748 16 0.0351445
26.3769 43440 39096 0.0489922 6.41116 6.48877 6.41116 6.48174 14775 16 0.0349638
26.4258 41992 40544 0.0504552 6.86914 6.48947 6.86914 6.48246 14804 16 0.0347886
26.4742 43440 39096 0.0489524 6.45888 6.48942 6.45888 6.48242 14831 16 0.0349638
26.5228 41992 40544 0.0503023 6.92015 6.49021 6.92015 6.48322 14860 16 0.0347879
26.5716 43440 39096 0.0492008 6.41116 6.49006 6.41116 6.48309 14887 16 0.0349643
26.6201 41992 40544 0.0505487 6.92015 6.49085 6.92015 6.48388 14916 16 0.0347891
26.6691 43440 39096 0.0494513 6.37973 6.49064 6.37973 6.48369 14943 16 0.034965
26.7178 41992 40544 0.0510353 6.90306 6.49139 6.90306 6.48446 14972 16 0.0347918
26.7661 43440 39096 0.048951 6.47495 6.49136 6.47495 6.48444 14999 16 0.0349638
26.8144 41992 40544 0.0508628 6.95457 6.4922 6.95457 6.48529 15028 16 0.0347908
26.8628 43440 39096 0.0489612 6.45888 6.49214 6.45888 6.48524 15055 16 0.0349638
26.9112 41992 40544 0.0513338 6.93732 6.49294 6.93732 6.48605 15084 16 0.0347937
26.9602 43440 39096 0.0492139 6.3954 6.49276 6.3954 6.48589 15111 16 0.0349643
27.0091 40544 40544 0.0522054 6.86914 6.49344 6.86914 6.48658 15140 16 0.0348178
27.058 41992 37648 0.0495272 6.15854 6.49284 6.15854 6.48599 15166 16 0.0351459
27.1063 43440 39096 0.0489596 6.47495 6.49281 6.47495 6.48597 15193 16 0.0349638
27.1548 40544 40544 0.0525592 6.92015 6.49357 6.92015 6.48674 15222 16 0.0348209
27.2034 41992 37648 0.049389 6.20427 6.49305 6.20427 6.48624 15248 16 0.0351455
27.2519 43440 39096 0.0486181 6.44289 6.49296 6.44289 6.48616 15275 16 0.0349632
27.3007 40544 40544 0.0539724 6.88606 6.49367 6.88606 6.48688 15304 16 0.0348357
27.3495 41992 37648 0.0497668 6.17371 6.4931 6.17371 6.48632 15330 16 0.0351467
27.3526 43440 39096 0.0489735 100.113 6.50379 100.113 6.49701 15357 16 0.0349638
27.4011 44888 40544 0.0487848 6.92015 6.50453 6.92015 6.49776 15386 16 0.0347832
27.4499 46336 41992 0.0490098 6.88606 6.5052 6.88606 6.49845 15415 16 0.0346038
27.4985 44888 43440 0.0499607 7.3974 6.50678 7.3974 6.50004 15446 16 0.0344273
27.5473 46336 41992 0.049217 6.88606 6.50745 6.88606 6.50072 15475 16 0.0346043
27.5959 44888 43440 0.0500829 7.37913 6.50899 7.37913 6.50227 15506 16 0.0344278
27.6445 46336 41992 0.0490504 6.92015 6.50971 6.92015 6.50301 15535 16 0.0346039
27.6932 44888 43440 0.0505739 7.36096 6.51121 7.36096 6.50452 15566 16 0.0344301
27.7419 46336 41992 0.0489712 6.90306 6.5119 6.90306 6.50522 15595 16 0.0346038
27.7901 44888 43440 0.0503244 7.45274 6.51353 7.45274 6.50686 15626 16 0.0344289
27.8385 46336 41992 0.0489611 6.93732 6.51427 6.93732 6.50761 15655 16 0.0346037
27.8868 44888 43440 0.0504231 7.4342 6.51586 7.4342 6.50921 15686 16 0.0344294
27.9357 46336 41992 0.0492709 6.86914 6.51648 6.86914 6.50984 15715 16 0.0346044
27.9848 43440 43440 0.0513783 7.32487 6.51789 7.32487 6.51127 15746 16 0.0344524
28.0334 44888 40544 0.0492287 6.66502 6.51815 6.66502 6.51154 15774 16 0.0347841
28.0815 46336 41992 0.0486851 6.98935 6.51896 6.98935 6.51236 15803 16 0.0346033
28.1298 44888 43440 0.051303 7.4342 6.52053 7.4342 6.51394 15834 16 0.0344344
28.1783 46336 41992 0.0490482 6.92015 6.52122 6.92015 6.51464 15863 16 0.0346039
28.2269 43440 43440 0.0520835 7.3974 6.52272 7.3974 6.51616 15894 16 0.0344576
28.2757 44888 40544 0.0493382 6.64861 6.52294 6.64861 6.51639 15922 16 0.0347844
28.3242 46336 41992 0.0488191 6.92015 6.52362 6.92015 6.51708 15951 16 0.0346035
28.3731 41992 43440 0.0534072 7.34287 6.52503 7.34287 6.5185 15982 16 0.0344993
28.4219 43440 39096 0.0496725 6.41116 6.52484 6.41116 6.51832 16009 16 0.0349657
28.4702 40544 40544 0.0538272 6.95457 6.52557 6.95457 6.51906 16038 16 0.034834
28.5186 41992 37648 0.0494414 6.21966 6.52505 6.21966 6.51855 16064 16 0.0351457
28.5217 43440 39096 0.0486003 100.113 6.5353 100.113 6.5288 16091 16 0.0349632
28.5704 44888 40544 0.0487866 6.90306 6.53592 6.90306 6.52944 16120 16 0.0347832
28.6191 46336 41992 0.0489295 6.90306 6.53655 6.90306 6.53007 16149 16 0.0346037
28.6679 44888 43440 0.0501235 7.36096 6.53795 7.36096 6.53149 16180 16 0.034428
28.7166 46336 41992 0.0491804 6.88606 6.53854 6.88606 6.53209 16209 16 0.0346042
28.7652 44888 43440 0.0501128 7.3974 6.53999 7.3974 6.53355 16240 16 0.034428
28.8136 46336 41992 0.0489492 6.93732 6.54066 6.93732 6.53423 16269 16 0.0346037
28.8618 44888 43440 0.0499685 7.45274 6.54218 7.45274 6.53576 16300 16 0.0344274
28.9103 46336 41992 0.0489249 6.92015 6.54282 6.92015 6.53641 16329 16 0.0346037
28.9589 44888 43440 0.0503802 7.3974 6.54425 7.3974 6.53785 16360 16 0.0344292
29.0076 46336 41992 0.0491575 6.90306 6.54485 6.90306 6.53846 16389 16 0.0346042
29.0565 44888 43440 0.0509726 7.34287 6.5462 7.34287 6.53982 16420 16 0.0344323
29.1055 46336 41992 0.0495703 6.8523 6.54671 6.8523 6.54034 16449 16 0.0346053
29.1543 43440 43440 0.051354 7.36096 6.54807 7.36096 6.54172 16480 16 0.0344522
29.2028 44888 40544 0.0491194 6.68152 6.5483 6.68152 6.54195 16508 16 0.0347839
29.2508 46336 41992 0.048462 7.00686 6.54905 7.00686 6.54271 16537 16 0.034603
29.2993 43440 43440 0.0514818 7.3974 6.55045 7.3974 6.54413 16568 16 0.0344531
29.3478 44888 40544 0.0490716 6.68152 6.55067 6.68152 6.54435 16596 16 0.0347838
29.3963 46336 41992 0.0487976 6.93732 6.55131 6.93732 6.545 16625 16 0.0346035
29.4451 43440 43440 0.0525996 7.36096 6.55265 7.36096 6.54635 16656 16 0.0344621
29.4937 44888 40544 0.0495145 6.66502 6.55283 6.66502 6.54655 16684 16 0.0347849
29.5418 46336 41992 0.0486883 6.98935 6.55354 6.98935 6.54727 16713 16 0.0346033
29.5903 41992 43440 0.0535335 7.3974 6.55493 7.3974 6.54866 16744 16 0.0345007
29.639 43440 39096 0.0493914 6.42699 6.55472 6.42699 6.54846 16771 16 0.0349648
29.6874 40544 40544 0.0544228 6.93732 6.55534 6.93732 6.5491 16800 16 0.0348413
29.6908 41992 37648 0.0495698 89.5187 6.56474 89.5187 6.5585 16826 16 0.035146
29.7393 43440 39096 0.0489157 6.44289 6.56454 6.44289 6.55831 16853 16 0.0349637
29.7879 44888 40544 0.0498788 6.92015 6.56512 6.92015 6.5589 16882 16 0.0347861
29.8363 46336 41992 0.0489508 6.93732 6.56573 6.93732 6.55952 16911 16 0.0346037
29.885 44888 43440 0.0501632 7.37913 6.56705 7.37913 6.56085 16942 16 0.0344282
29.9341 46336 41992 0.0493694 6.83555 6.56749 6.83555 6.5613 16971 16 0.0346047
29.983 44888 43440 0.0508518 7.34287 6.56876 7.34287 6.56258 17002 16 0.0344316
30.0317 46336 41992 0.049117 6.90306 6.5693 6.90306 6.56313 17031 16 0.0346041
30.0801 44888 43440 0.0504766 7.41575 6.57066 7.41575 6.5645 17062 16 0.0344296
30.1284 46336 41992 0.0488894 6.95457 6.57128 6.95457 6.56513 17091 16 0.0346036
30.177 44888 43440 0.0506078 7.3974 6.57261 7.3974 6.56646 17122 16 0.0344303
30.2255 46336 41992 0.0491391 6.92015 6.57316 6.92015 6.56703 17151 16 0.0346041
30.2743 44888 43440 0.0511681 7.36096 6.57443 7.36096 6.56831 17182 16 0.0344335
30.3231 46336 41992 0.0493177 6.88606 6.57494 6.88606 6.56882 17211 16 0.0346046
30.3717 43440 43440 0.0515673 7.37913 6.57622 7.37913 6.57012 17242 16 0.0344537
30.4205 44888 40544 0.0492943 6.64861 6.57634 6.64861 6.57025 17270 16 0.0347843
30.4689 46336 41992 0.0486696 6.93732 6.57691 6.93732 6.57083 17299 16 0.0346033
30.5176 43440 43440 0.0522527 7.37913 6.57819 7.37913 6.57212 17330 16 0.0344591
30.5665 44888 40544 0.0495346 6.63227 6.57828 6.63227 6.57222 17358 16 0.034785
30.6149 46336 41992 0.0487067 6.93732 6.57885 6.93732 6.57279 17387 16 0.0346033
30.6636 41992 43440 0.0532671 7.37913 6.58012 7.37913 6.57407 17418 16 0.0344978
30.7121 43440 39096 0.0494664 6.44289 6.5799 6.44289 6.57387 17445 16 0.034965
30.7607 40544 40544 0.0536908 6.92015 6.58044 6.92015 6.57441 17474 16 0.0348325
30.8092 41992 37648 0.0494903 6.20427 6.57985 6.20427 6.57383 17500 16 0.0351458
30.8124 43440 39096 0.0487401 100.113 6.58933 100.113 6.58331 17527 16 0.0349634
30.8608 44888 40544 0.0486715 6.93732 6.58987 6.93732 6.58387 17556 16 0.0347831
30.9094 46336 41992 0.0488536 6.90306 6.59037 6.90306 6.58437 17585 16 0.0346035
30.9586 44888 43440 0.0504073 7.30696 6.59151 7.30696 6.58552 17616 16 0.0344293
31.0076 46336 41992 0.0494218 6.8523 6.59192 6.8523 6.58594 17645 16 0.0346048
31.0565 44888 43440 0.0505585 7.34287 6.5931 7.34287 6.58713 17676 16 0.03443
31.1049 46336 41992 0.048823 6.93732 6.59364 6.93732 6.58768 17705 16 0.0346035
31.1529 47784 43440 0.0497159 7.4901 6.59502 7.4901 6.58907 17736 16 0.0344264
31.2012 49232 44888 0.0486953 7.4342 6.59631 7.4342 6.59037 17767 16 0.0342451
31.25 47784 46336 0.0506689 7.83586 6.59825 7.83586 6.59232 17800 16 0.0340734
31.2989 49232 44888 0.049197 7.34287 6.59941 7.34287 6.59349 17831 16 0.0342461
31.3476 47784 46336 0.0510017 7.85521 6.60136 7.85521 6.59545 17864 16 0.0340753
31.3962 49232 44888 0.0490941 7.37913 6.60257 7.37913 6.59667 17895 16 0.0342458
31.4449 47784 46336 0.0511247 7.85521 6.60451 7.85521 6.59861 17928 16 0.034076
31.4935 49232 44888 0.0492509 7.37913 6.6057 7.37913 6.59982 17959 16 0.0342462
31.5422 46336 46336 0.0513557 7.85521 6.60763 7.85521 6.60176 17992 16 0.034095
31.5906 47784 43440 0.0490991 7.17654 6.6085 7.17654 6.60264 18022 16 0.0344247
31.6392 49232 44888 0.0487179 7.3974 6.60971 7.3974 6.60386 18053 16 0.0342452
31.6881 46336 46336 0.052389 7.8166 6.61158 7.8166 6.60573 18086 16 0.034103
31.737 47784 43440 0.0494682 7.106 6.61234 7.106 6.6065 18116 16 0.0344257
31.7853 49232 44888 0.0488896 7.4342 6.61359 7.4342 6.60776 18147 16 0.0342454
31.8337 44888 46336 0.0530669 7.89419 6.61554 7.89419 6.60971 18180 16 0.0341385
31.8823 46336 41992 0.0492765 6.92015 6.616 6.92015 6.61019 18209 16 0.0346044
31.9307 41992 43440 0.0534597 7.41575 6.61721 7.41575 6.61141 18240 16 0.0344999
31.9794 43440 39096 0.0493978 6.42699 6.61692 6.42699 6.61113 18267 16 0.0349648
32.0281 40544 40544 0.0544612 6.88606 6.61733 6.88606 6.61155 18296 16 0.0348418
32.0315 41992 37648 0.0499379 89.5187 6.62604 89.5187 6.62025 18322 16 0.0351473
32.08 43440 39096 0.0489542 6.44289 6.62576 6.44289 6.61999 18349 16 0.0349638
32.1288 41992 40544 0.0501259 6.88606 6.62616 6.88606 6.62039 18378 16 0.0347871
32.1773 43440 39096 0.0489889 6.45888 6.62591 6.45888 6.62015 18405 16 0.0349638
32.226 41992 40544 0.0502679 6.88606 6.6263 6.88606 6.62055 18434 16 0.0347877
32.2748 43440 39096 0.0491955 6.41116 6.62598 6.41116 6.62023 18461 16 0.0349643
32.3235 41992 40544 0.0505428 6.90306 6.62639 6.90306 6.62066 18490 16 0.0347891
32.3722 43440 39096 0.0490017 6.42699 6.62609 6.42699 6.62037 18517 16 0.0349639
32.4209 41992 40544 0.0507344 6.88606 6.62648 6.88606 6.62077 18546 16 0.0347901
32.4694 43440 39096 0.0490666 6.45888 6.62623 6.45888 6.62053 18573 16 0.034964
32.5177 41992 40544 0.0505438 6.95457 6.62672 6.95457 6.62102 18602 16 0.0347891
32.5662 43440 39096 0.0490362 6.44289 6.62645 6.44289 6.62076 18629 16 0.0349639
32.6149 41992 40544 0.0511124 6.90306 6.62686 6.90306 6.62118 18658 16 0.0347923
32.6635 43440 39096 0.0493258 6.42699 6.62656 6.42699 6.62089 18685 16 0.0349646
32.7126 40544 40544 0.0516836 6.8523 6.6269 6.8523 6.62124 18714 16 0.0348136
32.7614 41992 37648 0.049531 6.17371 6.62623 6.17371 6.62057 18740 16 0.0351459
32.8092 43440 39096 0.0485286 6.54002 6.6261 6.54002 6.62045 18767 16 0.0349631
32.8575 40544 40544 0.0517979 6.95457 6.62658 6.95457 6.62094 18796 16 0.0348145
32.9061 41992 37648 0.049057 6.18895 6.62594 6.18895 6.6203 18822 16 0.0351447
32.9547 43440 39096 0.0489211 6.44289 6.62567 6.44289 6.62004 18849 16 0.0349637
33.0035 39096 40544 0.0532724 6.88606 6.62605 6.88606 6.62044 18878 16 0.034857
33.0523 40544 36200 0.0497682 5.93626 6.62503 5.93626 6.61943 18903 16 0.0353279
33.1004 37648 37648 0.0537476 6.4911 6.62484 6.4911 6.61924 18930 16 0.0351941
33.1488 39096 34752 0.0494087 5.75551 6.62357 5.75551 6.61798 18954 16 0.0355084
33.1516 40544 36200 0.0484684 100.422 6.63173 100.422 6.62614 18979 16 0.035325
33.2002 41992 37648 0.0487328 6.44289 6.63146 6.44289 6.62587 19006 16 0.0351441
33.2487 43440 39096 0.04891 6.44289 6.63118 6.44289 6.62561 19033 16 0.0349637
33.2977 41992 40544 0.0504205 6.8523 6.63151 6.8523 6.62594 19062 16 0.0347885
33.3464 43440 39096 0.0490924 6.42699 6.63121 6.42699 6.62565 19089 16 0.0349641
33.395 41992 40544 0.0502582 6.92015 6.63163 6.92015 6.62608 19118 16 0.0347877
33.4437 43440 39096 0.0492449 6.41116 6.63131 6.41116 6.62576 19145 16 0.0349644
33.4924 41992 40544 0.0506147 6.90306 6.6317 6.90306 6.62617 19174 16 0.0347894
33.541 43440 39096 0.0490507 6.44289 6.63143 6.44289 6.6259 19201 16 0.034964
33.5897 41992 40544 0.0509915 6.88606 6.6318 6.88606 6.62628 19230 16 0.0347916
33.6386 43440 39096 0.0493071 6.3954 6.63145 6.3954 6.62594 19257 16 0.0349646
33.6871 41992 40544 0.0511509 6.93732 6.63189 6.93732 6.62639 19286 16 0.0347925
33.7356 43440 39096 0.0491701 6.44289 6.63162 6.44289 6.62613 19313 16 0.0349642
33.784 41992 40544 0.0513176 6.93732 6.63206 6.93732 6.62657 19342 16 0.0347936
33.8328 43440 39096 0.0491905 6.41116 6.63174 6.41116 6.62626 19369 16 0.0349643
33.8816 40544 40544 0.0520162 6.88606 6.63211 6.88606 6.62664 19398 16 0.0348162
33.9303 41992 37648 0.0494651 6.18895 6.63147 6.18895 6.62601 19424 16 0.0351457
33.9783 43440 39096 0.0486107 6.50732 6.6313 6.50732 6.62584 19451 16 0.0349632
34.0266 40544 40544 0.0523361 6.95457 6.63175 6.95457 6.62631 19480 16 0.0348189
34.0752 41992 37648 0.0491924 6.20427 6.63115 6.20427 6.62571 19506 16 0.035145
34.1235 43440 39096 0.0486876 6.47495 6.63092 6.47495 6.62549 19533 16 0.0349633
34.1723 40544 40544 0.0538196 6.88606 6.63129 6.88606 6.62586 19562 16 0.0348339
34.2211 41992 37648 0.0497432 6.17371 6.63064 6.17371 6.62522 19588 16 0.0351466
34.2242 43440 39096 0.0489575 100.113 6.63917 100.113 6.63375 19615 16 0.0349638
34.273 44888 40544 0.0490447 6.88606 6.63952 6.88606 6.63411 19644 16 0.0347837
34.3218 46336 41992 0.0490069 6.88606 6.63987 6.88606 6.63447 19673 16 0.0346038
34.3705 44888 43440 0.0501559 7.36096 6.6409 7.36096 6.6355 19704 16 0.0344281
34.4192 46336 41992 0.0490686 6.90306 6.64127 6.90306 6.63588 19733 16 0.034604
34.4677 44888 43440 0.0501627 7.3974 6.64233 7.3974 6.63695 19764 16 0.0344282
34.5161 46336 41992 0.0487418 6.95457 6.64277 6.95457 6.6374 19793 16 0.0346034
34.5646 44888 43440 0.050287 7.3974 6.64383 7.3974 6.63847 19824 16 0.0344287
34.6134 46336 41992 0.0491215 6.88606 6.64417 6.88606 6.63881 19853 16 0.0346041
34.6618 44888 43440 0.0504664 7.41575 6.64525 7.41575 6.6399 19884 16 0.0344296
34.7107 46336 41992 0.0492182 6.86914 6.64556 6.86914 6.64022 19913 16 0.0346043
34.7597 44888 43440 0.0511908 7.32487 6.64652 7.32487 6.64119 19944 16 0.0344337
34.8083 46336 41992 0.0492034 6.92015 6.6469 6.92015 6.64158 19973 16 0.0346043
34.8566 44888 43440 0.0508623 7.4342 6.64799 7.4342 6.64268 20004 16 0.0344317
34.9049 46336 41992 0.0487986 6.95457 6.64842 6.95457 6.64311 20033 16 0.0346035
34.9534 44888 43440 0.0511995 7.3974 6.64946 7.3974 6.64415 20064 16 0.0344337
35.0023 46336 41992 0.0494107 6.86914 6.64976 6.86914 6.64447 20093 16 0.0346048
35.0514 43440 43440 0.0521821 7.32487 6.65071 7.32487 6.64542 20124 16 0.0344585
35.1003 44888 40544 0.0496069 6.63227 6.65068 6.63227 6.6454 20152 16 0.0347852
35.1486 46336 41992 0.048807 6.95457 6.6511 6.95457 6.64583 20181 16 0.0346035
35.1969 43440 43440 0.0524245 7.4342 6.65218 7.4342 6.64691 20212 16 0.0344605
35.2454 44888 40544 0.0491366 6.68152 6.65222 6.68152 6.64696 20240 16 0.0347839
35.2937 46336 41992 0.0486309 6.95457 6.65263 6.95457 6.64738 20269 16 0.0346032
35.3424 43440 43440 0.0536681 7.37913 6.65363 7.37913 6.64839 20300 16 0.0344731
35.3912 44888 40544 0.0496299 6.64861 6.65362 6.64861 6.64839 20328 16 0.0347853
35.3945 46336 41992 0.0489355 99.8478 6.66248 99.8478 6.65725 20357 16 0.0346037
35.4433 47784 43440 0.048972 7.36096 6.66344 7.36096 6.65821 20388 16 0.0344244
35.4919 49232 44888 0.0487298 7.3974 6.66445 7.3974 6.65922 20419 16 0.0342452
35.5408 47784 46336 0.0501211 7.8166 6.66603 7.8166 6.66082 20452 16 0.0340707
35.5896 49232 44888 0.0491492 7.36096 6.66699 7.36096 6.66178 20483 16 0.034246
35.638 47784 46336 0.0498145 7.89419 6.66865 7.89419 6.66345 20516 16 0.0340695
35.6865 49232 44888 0.0488874 7.3974 6.66964 7.3974 6.66445 20547 16 0.0342454
35.7353 47784 46336 0.0502815 7.83586 6.67124 7.83586 6.66605 20580 16 0.0340715
35.7842 49232 44888 0.049253 7.34287 6.67215 7.34287 6.66697 20611 16 0.0342462
35.8328 47784 46336 0.0503934 7.87465 6.67378 7.87465 6.66861 20644 16 0.034072
35.8811 49232 44888 0.0487729 7.4342 6.67481 7.4342 6.66964 20675 16 0.0342452
35.9291 47784 46336 0.0500898 7.9534 6.67652 7.9534 6.67136 20708 16 0.0340706
35.978 49232 44888 0.0492125 7.34287 6.67742 7.34287 6.67227 20739 16 0.0342461
36.0273 46336 46336 0.0513726 7.75941 6.6789 7.75941 6.67376 20772 16 0.0340951
36.0762 47784 43440 0.0494632 7.106 6.67948 7.106 6.67434 20802 16 0.0344256
36.1243 49232 44888 0.0487285 7.47137 6.68054 7.47137 6.6754 20833 16 0.0342452
36.1725 47784 46336 0.05093 7.93356 6.6822 7.93356 6.67708 20866 16 0.0340748
36.2208 49232 44888 0.0487625 7.4342 6.68321 7.4342 6.67809 20897 16 0.0342452
36.2693 46336 46336 0.0516154 7.87465 6.6848 7.87465 6.67969 20930 16 0.0340968
36.3179 47784 43440 0.0489895 7.15877 6.68544 7.15877 6.68033 20960 16 0.0344245
36.3663 49232 44888 0.0487998 7.41575 6.68641 7.41575 6.68131 20991 16 0.0342453
36.4151 44888 46336 0.0526209 7.83586 6.68795 7.83586 6.68286 21024 16 0.0341342
36.4638 46336 41992 0.0494527 6.88606 6.68821 6.88606 6.68313 21053 16 0.0346049
36.5119 41992 43440 0.0530089 7.47137 6.68924 7.47137 6.68417 21084 16 0.0344952
36.5605 43440 39096 0.0491142 6.44289 6.68892 6.44289 6.68385 21111 16 0.0349641
36.6089 39096 40544 0.05344 6.93732 6.68925 6.93732 6.68418 21140 16 0.0348588
36.6573 40544 36200 0.0495 5.98045 6.68831 5.98045 6.68325 21165 16 0.035327
36.7057 37648 37648 0.0541333 6.45888 6.68801 6.45888 6.68296 21192 16 0.0351987
36.7089 39096 34752 0.0496007 88.989 6.69501 88.989 6.68996 21216 16 0.035509
36.7573 40544 36200 0.0489363 5.98045 6.69407 5.98045 6.68903 21241 16 0.0353256
36.8056 41992 37648 0.0499095 6.47495 6.69378 6.47495 6.68875 21268 16 0.0351472
36.8536 43440 39096 0.04855 6.50732 6.69354 6.50732 6.68851 21295 16 0.0349632
36.9022 41992 40544 0.050182 6.92015 6.69384 6.92015 6.68881 21324 16 0.0347874
36.9511 43440 39096 0.0493518 6.3954 6.69344 6.3954 6.68843 21351 16 0.0349647
36.9999 41992 40544 0.0507783 6.88606 6.6937 6.88606 6.68869 21380 16 0.0347903
37.0487 43440 39096 0.0492742 6.41116 6.69332 6.41116 6.68832 21407 16 0.0349645
37.0971 41992 40544 0.0508016 6.93732 6.69364 6.93732 6.68865 21436 16 0.0347905
37.1454 43440 39096 0.0489644 6.47495 6.69336 6.47495 6.68837 21463 16 0.0349638
37.1939 41992 40544 0.0508774 6.92015 6.69365 6.92015 6.68867 21492 16 0.0347909
37.2425 43440 39096 0.0492566 6.44289 6.69333 6.44289 6.68835 21519 16 0.0349644
37.291 41992 40544 0.0513224 6.92015 6.69362 6.92015 6.68865 21548 16 0.0347936
37.3395 43440 39096 0.0490897 6.45888 6.69332 6.45888 6.68835 21575 16 0.034964
37.388 40544 40544 0.0516838 6.92015 6.69361 6.92015 6.68865 21604 16 0.0348136
37.4365 41992 37648 0.0492411 6.20427 6.69298 6.20427 6.68803 21630 16 0.0351451
37.4847 43440 39096 0.0486176 6.4911 6.69272 6.4911 6.68777 21657 16 0.0349632
37.5333 40544 40544 0.052457 6.92015 6.69301 6.92015 6.68807 21686 16 0.0348199
37.5817 41992 37648 0.0492465 6.21966 6.6924 6.21966 6.68747 21712 16 0.0351451
37.6299 43440 39096 0.048566 6.4911 6.69214 6.4911 6.68722 21739 16 0.0349632
37.6785 40544 40544 0.0536703 6.90306 6.69242 6.90306 6.6875 21768 16 0.0348322
37.7272 41992 37648 0.049604 6.18895 6.69177 6.18895 6.68685 21794 16 0.0351461
37.7303 43440 39096 0.048893 100.113 6.6995 100.113 6.69459 21821 16 0.0349637
37.7789 44888 40544 0.0486951 6.92015 6.69979 6.92015 6.69488 21850 16 0.0347831
37.8277 46336 41992 0.0489817 6.88606 6.70003 6.88606 6.69513 21879 16 0.0346038
37.8766 44888 43440 0.0503043 7.34287 6.70086 7.34287 6.69596 21910 16 0.0344288
37.9249 46336 41992 0.0487457 6.95457 6.70118 6.95457 6.69629 21939 16 0.0346034
37.9729 47784 43440 0.0496125 7.47137 6.70215 7.47137 6.69727 21970 16 0.0344261
38.0209 49232 44888 0.0483206 7.4901 6.70315 7.4901 6.69827 22001 16 0.0342447
38.0693 47784 46336 0.0501677 7.89419 6.70466 7.89419 6.69979 22034 16 0.0340709
38.1181 49232 44888 0.0490857 7.36096 6.7055 7.36096 6.70064 22065 16 0.0342458
38.1665 47784 46336 0.0505685 7.89419 6.70701 7.89419 6.70216 22098 16 0.0340728
38.2146 49232 44888 0.0485398 7.47137 6.70797 7.47137 6.70312 22129 16 0.0342449
38.2626 47784 46336 0.0502172 7.9534 6.70954 7.9534 6.70469 22162 16 0.0340712
38.3107 49232 44888 0.0485148 7.47137 6.71049 7.47137 6.70566 22193 16 0.0342449
38.3588 47784 46336 0.0505013 7.9534 6.71205 7.9534 6.70722 22226 16 0.0340725
38.4065 49232 44888 0.0482686 7.52783 6.71306 7.52783 6.70824 22257 16 0.0342447
38.4544 47784 46336 0.0505902 7.97333 6.71463 7.97333 6.70981 22290 16 0.034073
38.5033 49232 44888 0.0490901 7.34287 6.71543 7.34287 6.71062 22321 16 0.0342458
38.5522 46336 46336 0.0520195 7.8166 6.71683 7.8166 6.71202 22354 16 0.0340999
38.6011 47784 43440 0.0494815 7.106 6.71732 7.106 6.71252 22384 16 0.0344257
38.6494 49232 44888 0.0488855 7.4342 6.71822 7.4342 6.71342 22415 16 0.0342454
38.6979 46336 46336 0.0525047 7.89419 6.71969 7.89419 6.7149 22448 16 0.034104
38.7464 47784 43440 0.0490929 7.15877 6.72024 7.15877 6.71546 22478 16 0.0344247
38.7948 49232 44888 0.0486556 7.41575 6.72111 7.41575 6.71633 22509 16 0.0342451
38.8435 46336 46336 0.0537484 7.85521 6.72253 7.85521 6.71776 22542 16 0.0341168
38.8924 47784 43440 0.0495085 7.106 6.72301 7.106 6.71825 22572 16 0.0344258
38.896 49232 44888 0.0490686 99.6183 6.73162 99.6183 6.72686 22603 16 0.0342458
38.9447 50680 46336 0.0488753 7.85521 6.73302 7.85521 6.72827 22636 16 0.034067
38.9937 52128 47784 0.0491981 7.79745 6.73436 7.79745 6.72961 22669 16 0.0338898
39.0426 50680 49232 0.0500197 8.29034 6.73631 8.29034 6.73156 22704 16 0.0337149
39.0909 52128 47784 0.0486479 7.91383 6.73777 7.91383 6.73303 22737 16 0.0338887
39.1388 53576 49232 0.0492007 8.45656 6.73987 8.45656 6.73514 22772 16 0.0337123
39.1869 55024 50680 0.0483256 8.43542 6.74195 8.43542 6.73722 22807 16 0.033534
39.2357 53576 52128 0.0500598 8.78566 6.74449 8.78566 6.73977 22844 16 0.0333616
39.2845 55024 50680 0.0491915 8.31076 6.74644 8.31076 6.74172 22879 16 0.0335353
39.3333 53576 52128 0.0502834 8.78566 6.74897 8.78566 6.74426 22916 16 0.0333626
39.3817 55024 50680 0.048791 8.37262 6.75096 8.37262 6.74626 22951 16 0.0335345
39.4301 53576 52128 0.0501259 8.85106 6.75354 8.85106 6.74884 22988 16 0.0333619
39.4787 55024 50680 0.0489233 8.3519 6.75551 8.3519 6.75081 23023 16 0.0335347
39.5273 53576 52128 0.0506117 8.80735 6.75803 8.80735 6.75335 23060 16 0.0333642
39.576 55024 50680 0.0490207 8.33128 6.75997 8.33128 6.75529 23095 16 0.0335349
39.6248 53576 52128 0.0508396 8.78566 6.76246 8.78566 6.75779 23132 16 0.0333654
39.6733 55024 50680 0.0490274 8.3519 6.76441 8.3519 6.75974 23167 16 0.0335349
39.7215 53576 52128 0.0508164 8.89521 6.76699 8.89521 6.76233 23204 16 0.0333653
39.7697 55024 50680 0.0485011 8.41438 6.76899 8.41438 6.76433 23239 16 0.0335341
39.8182 52128 52128 0.0511331 8.82915 6.7715 8.82915 6.76685 23276 16 0.0333846
39.8674 53576 49232 0.0493966 8.01409 6.77303 8.01409 6.76838 23310 16 0.0337128
39.9163 55024 50680 0.0492586 8.29034 6.77489 8.29034 6.77025 23345 16 0.0335355
39.9649 50680 52128 0.0522475 8.80735 6.77737 8.80735 6.77273 23382 16 0.033422
40.0134 52128 47784 0.0491786 7.89419 6.77872 7.89419 6.77409 23415 16 0.0338897
40.0616 49232 49232 0.0522434 8.41438 6.78069 8.41438 6.77606 23450 16 0.0337463
40.11 50680 46336 0.0486592 7.65497 6.78174 7.65497 6.77712 23482 16 0.0340667
40.1583 52128 47784 0.0486754 7.91383 6.7831 7.91383 6.77849 23515 16 0.0338888
40.2071 47784 49232 0.0535943 8.31076 6.78496 8.31076 6.78035 23550 16 0.0337888
40.2559 49232 44888 0.0494746 7.36096 6.78565 7.36096 6.78105 23581 16 0.0342468
40.3044 44888 46336 0.0545721 7.87465 6.78697 7.87465 6.78237 23614 16 0.034156
40.3082 46336 41992 0.0495496 87.3668 6.79465 87.3668 6.79005 23643 16 0.0346052
40.3564 47784 43440 0.0484944 7.45274 6.79544 7.45274 6.79085 23674 16 0.0344237
40.405 49232 44888 0.0487279 7.3974 6.79616 7.3974 6.79157 23705 16 0.0342452
40.4538 47784 46336 0.0499592 7.83586 6.79742 7.83586 6.79283 23738 16 0.0340701
40.5023 49232 44888 0.0489286 7.3974 6.79813 7.3974 6.79356 23769 16 0.0342455
40.5508 47784 46336 0.0498581 7.87465 6.79942 7.87465 6.79485 23802 16 0.0340697
40.5994 49232 44888 0.0488915 7.3974 6.80014 7.3974 6.79557 23833 16 0.0342454
40.6481 47784 46336 0.0502627 7.85521 6.8014 7.85521 6.79684 23866 16 0.0340714
40.6967 49232 44888 0.0491491 7.37913 6.80209 7.37913 6.79754 23897 16 0.034246
40.7457 47784 46336 0.0505846 7.79745 6.80329 7.79745 6.79874 23930 16 0.0340729
40.7944 49232 44888 0.0490874 7.37913 6.80398 7.37913 6.79943 23961 16 0.0342458
40.843 47784 46336 0.0504657 7.87465 6.80525 7.87465 6.80071 23994 16 0.0340723
40.8913 49232 44888 0.048947 7.4342 6.80599 7.4342 6.80146 24025 16 0.0342455
40.9394 47784 46336 0.050345 7.93356 6.80732 7.93356 6.80279 24058 16 0.0340717
40.9883 49232 44888 0.0491704 7.34287 6.80796 7.34287 6.80344 24089 16 0.034246
41.0374 46336 46336 0.0514621 7.79745 6.80914 7.79745 6.80462 24122 16 0.0340957
41.086 47784 43440 0.0493503 7.1411 6.80953 7.1411 6.80502 24152 16 0.0344253
41.1347 49232 44888 0.0488463 7.37913 6.81021 7.37913 6.8057 24183 16 0.0342454
41.1835 46336 46336 0.0520019 7.83586 6.81142 7.83586 6.80692 24216 16 0.0340997
41.2322 47784 43440 0.049245 7.1411 6.81181 7.1411 6.80732 24246 16 0.034425
41.2805 49232 44888 0.0487122 7.4342 6.81254 7.4342 6.80805 24277 16 0.0342451
41.329 44888 46336 0.0526092 7.87465 6.81379 7.87465 6.8093 24310 16 0.0341341
41.3777 46336 41992 0.0492847 6.90306 6.81389 6.90306 6.80941 24339 16 0.0346045
41.4262 41992 43440 0.0530317 7.3974 6.81458 7.3974 6.8101 24370 16 0.0344954
41.475 43440 39096 0.0494026 6.41116 6.8141 6.41116 6.80963 24397 16 0.0349648
41.5234 40544 40544 0.0537993 6.93732 6.81425 6.93732 6.80978 24426 16 0.0348337
41.5721 41992 37648 0.0495987 6.18895 6.81351 6.18895 6.80905 24452 16 0.0351461
41.5752 43440 39096 0.0488114 100.113 6.82052 100.113 6.81607 24479 16 0.0349635
41.624 44888 40544 0.0489489 6.88606 6.8206 6.88606 6.81615 24508 16 0.0347835
41.6729 46336 41992 0.0490173 6.86914 6.82066 6.86914 6.81621 24537 16 0.0346039
41.7218 44888 43440 0.0503094 7.34287 6.82127 7.34287 6.81683 24568 16 0.0344288
41.7705 46336 41992 0.0491003 6.90306 6.82137 6.90306 6.81693 24597 16 0.034604
41.8188 44888 43440 0.0499434 7.4342 6.82207 7.4342 6.81764 24628 16 0.0344273
41.8668 46336 41992 0.0484615 6.98935 6.82227 6.98935 6.81784 24657 16 0.034603
41.915 44888 43440 0.0499354 7.45274 6.82299 7.45274 6.81857 24688 16 0.0344272
41.964 46336 41992 0.0492915 6.8523 6.82302 6.8523 6.81861 24717 16 0.0346045
42.0131 44888 43440 0.0510334 7.32487 6.82361 7.32487 6.8192 24748 16 0.0344327
42.0617 46336 41992 0.0493031 6.90306 6.8237 6.90306 6.8193 24777 16 0.0346045
42.1102 44888 43440 0.0505963 7.41575 6.82438 7.41575 6.81998 24808 16 0.0344302
42.1587 46336 41992 0.0490635 6.92015 6.82449 6.92015 6.8201 24837 16 0.0346039
42.2073 44888 43440 0.0511092 7.3974 6.82515 7.3974 6.82076 24868 16 0.0344332
42.256 46336 41992 0.0492165 6.88606 6.82522 6.88606 6.82084 24897 16 0.0346043
42.3048 43440 43440 0.0515537 7.36096 6.82584 7.36096 6.82146 24928 16 0.0344536
42.3535 44888 40544 0.0493775 6.66502 6.82566 6.66502 6.82128 24956 16 0.0347845
42.4017 46336 41992 0.0485391 6.97192 6.82582 6.97192 6.82145 24985 16 0.0346031
42.4505 43440 43440 0.0521268 7.36096 6.82644 7.36096 6.82207 25016 16 0.034458
42.4991 44888 40544 0.0494219 6.66502 6.82625 6.66502 6.82189 25044 16 0.0347846
42.5474 46336 41992 0.0488078 6.95457 6.8264 6.95457 6.82204 25073 16 0.0346035
42.5962 41992 43440 0.0531377 7.36096 6.82701 7.36096 6.82266 25104 16 0.0344965
42.6449 43440 39096 0.0495583 6.42699 6.82655 6.42699 6.82221 25131 16 0.0349653
42.6933 40544 40544 0.0538233 6.93732 6.82668 6.93732 6.82234 25160 16 0.034834
42.742 41992 37648 0.0493446 6.18895 6.82595 6.18895 6.82162 25186 16 0.0351454
42.7451 43440 39096 0.0488168 100.113 6.83277 100.113 6.82843 25213 16 0.0349635
42.794 44888 40544 0.0491131 6.86914 6.83281 6.86914 6.82848 25242 16 0.0347838
42.8425 46336 41992 0.0488558 6.92015 6.83291 6.92015 6.82859 25271 16 0.0346035
42.891 47784 43440 0.0497995 7.41575 6.83357 7.41575 6.82925 25302 16 0.0344267
42.9393 49232 44888 0.0487364 7.4342 6.83424 7.4342 6.82993 25333 16 0.0342452
42.9881 47784 46336 0.0502417 7.83586 6.83538 7.83586 6.83107 25366 16 0.0340713
43.0367 49232 44888 0.049088 7.37913 6.836 7.37913 6.83169 25397 16 0.0342458
43.0856 47784 46336 0.0505403 7.8166 6.83711 7.8166 6.83281 25430 16 0.0340727
43.1343 49232 44888 0.049234 7.37913 6.83772 7.37913 6.83342 25461 16 0.0342462
43.1826 47784 46336 0.0503072 7.91383 6.83892 7.91383 6.83463 25494 16 0.0340716
43.2308 49232 44888 0.0486688 7.45274 6.83961 7.45274 6.83532 25525 16 0.0342451
43.2791 47784 46336 0.0504119 7.91383 6.84081 7.91383 6.83653 25558 16 0.0340721
43.3276 49232 44888 0.048955 7.3974 6.84143 7.3974 6.83715 25589 16 0.0342456
43.376 47784 46336 0.0509354 7.89419 6.84261 7.89419 6.83833 25622 16 0.0340749
43.4248 49232 44888 0.0491259 7.36096 6.84319 7.36096 6.83892 25653 16 0.0342459
43.4736 46336 46336 0.0515393 7.83586 6.8443 7.83586 6.84004 25686 16 0.0340962
43.5222 47784 43440 0.0491824 7.15877 6.84465 7.15877 6.8404 25716 16 0.0344249
43.5703 49232 44888 0.0486533 7.45274 6.84533 7.45274 6.84107 25747 16 0.0342451
43.6191 46336 46336 0.0520671 7.83586 6.84643 7.83586 6.84218 25780 16 0.0341003
43.6678 47784 43440 0.0494354 7.1411 6.84676 7.1411 6.84252 25810 16 0.0344256
43.7162 49232 44888 0.0486031 7.41575 6.84739 7.41575 6.84315 25841 16 0.034245
43.765 44888 46336 0.0533627 7.83586 6.84849 7.83586 6.84426 25874 16 0.0341416
43.8137 46336 41992 0.0495151 6.90306 6.84856 6.90306 6.84432 25903 16 0.0346051
43.8617 41992 43440 0.053553 7.47137 6.84924 7.47137 6.84501 25934 16 0.0345009
43.9103 43440 39096 0.0491074 6.44289 6.84879 6.44289 6.84457 25961 16 0.0349641
43.9586 40544 40544 0.0542423 6.95457 6.8489 6.95457 6.84469 25990 16 0.034839
43.9619 41992 37648 0.0493442 89.5187 6.85523 89.5187 6.85102 26016 16 0.0351454
44.0101 43440 39096 0.048587 6.4911 6.85483 6.4911 6.85062 26043 16 0.0349632
44.0588 41992 40544 0.0500693 6.90306 6.85489 6.90306 6.85068 26072 16 0.0347869
44.1075 43440 39096 0.0490692 6.42699 6.85441 6.42699 6.85021 26099 16 0.034964
44.156 41992 40544 0.0501786 6.92015 6.85449 6.92015 6.85029 26128 16 0.0347874
44.2046 43440 39096 0.0490489 6.44289 6.85403 6.44289 6.84984 26155 16 0.034964
44.2532 41992 40544 0.0503559 6.90306 6.85409 6.90306 6.8499 26184 16 0.0347882
44.302 43440 39096 0.0493053 6.41116 6.8536 6.41116 6.84942 26211 16 0.0349646
44.3508 41992 40544 0.0507383 6.88606 6.85364 6.88606 6.84946 26240 16 0.0347901
44.3991 43440 39096 0.0489428 6.47495 6.85322 6.47495 6.84905 26267 16 0.0349637
44.4475 41992 40544 0.0507372 6.93732 6.85332 6.93732 6.84915 26296 16 0.0347901
44.4961 43440 39096 0.0489667 6.44289 6.85287 6.44289 6.8487 26323 16 0.0349638
44.5447 41992 40544 0.0512529 6.90306 6.85292 6.90306 6.84876 26352 16 0.0347932
44.5935 43440 39096 0.0492878 6.41116 6.85244 6.41116 6.84828 26379 16 0.0349645
44.6423 40544 40544 0.0515689 6.88606 6.85248 6.88606 6.84832 26408 16 0.0348128
44.6907 41992 37648 0.0491429 6.21966 6.85179 6.21966 6.84764 26434 16 0.0351449
44.7388 43440 39096 0.0485148 6.50732 6.85142 6.50732 6.84728 26461 16 0.0349631
44.7873 40544 40544 0.0519361 6.92015 6.8515 6.92015 6.84736 26490 16 0.0348156
44.8361 41992 37648 0.0494276 6.17371 6.85076 6.17371 6.84662 26516 16 0.0351456
44.8845 43440 39096 0.0489864 6.45888 6.85033 6.45888 6.84621 26543 16 0.0349638
44.9336 39096 40544 0.053262 6.8523 6.85034 6.8523 6.84621 26572 16 0.0348569
44.9822 40544 36200 0.0497488 5.95091 6.84936 5.95091 6.84524 26597 16 0.0353278
45.0305 37648 37648 0.0537913 6.47495 6.84896 6.47495 6.84485 26624 16 0.0351946
45.0791 39096 34752 0.0495702 5.72702 6.84775 5.72702 6.84364 26648 16 0.0355089
45.082 40544 36200 0.0486726 100.422 6.85374 100.422 6.84963 26673 16 0.0353252
45.1304 41992 37648 0.0486546 6.45888 6.85332 6.45888 6.84921 26700 16 0.035144
45.1791 43440 39096 0.0489391 6.42699 6.85286 6.42699 6.84875 26727 16 0.0349637
45.2282 41992 40544 0.050593 6.83555 6.85284 6.83555 6.84874 26756 16 0.0347893
45.277 43440 39096 0.0493189 6.41116 6.85236 6.41116 6.84827 26783 16 0.0349646
45.3253 41992 40544 0.0502443 6.95457 6.85247 6.95457 6.84838 26812 16 0.0347876
45.3735 43440 39096 0.048697 6.4911 6.85209 6.4911 6.848 26839 16 0.0349633
45.4217 41992 40544 0.0500886 6.97192 6.85221 6.97192 6.84813 26868 16 0.034787
45.4702 43440 39096 0.0489019 6.44289 6.85178 6.44289 6.8477 26895 16 0.0349637
45.5189 41992 40544 0.0508889 6.90306 6.85183 6.90306 6.84776 26924 16 0.0347909
45.5675 43440 39096 0.0492913 6.42699 6.85138 6.42699 6.84731 26951 16 0.0349645
45.6164 41992 40544 0.0512109 6.86914 6.8514 6.86914 6.84733 26980 16 0.0347929
45.6655 43440 39096 0.0496196 6.37973 6.85089 6.37973 6.84683 27007 16 0.0349655
45.7144 40544 40544 0.0518073 6.86914 6.85091 6.86914 6.84686 27036 16 0.0348146
45.7627 41992 37648 0.0492288 6.23514 6.85026 6.23514 6.84621 27062 16 0.0351451
45.811 43440 39096 0.0485471 6.47495 6.84987 6.47495 6.84582 27089 16 0.0349632
45.8598 40544 40544 0.0521384 6.88606 6.8499 6.88606 6.84586 27118 16 0.0348172
45.9083 41992 37648 0.0493883 6.20427 6.84922 6.20427 6.84518 27144 16 0.0351455
45.9568 43440 39096 0.0487257 6.44289 6.84879 6.44289 6.84476 27171 16 0.0349634
46.0056 39096 40544 0.0534242 6.88606 6.84883 6.88606 6.8448 27200 16 0.0348586
46.0542 40544 36200 0.0495729 5.96564 6.8479 5.96564 6.84388 27225 16 0.0353272
46.1025 37648 37648 0.0536765 6.47495 6.84751 6.47495 6.84349 27252 16 0.0351933
46.151 39096 34752 0.0495212 5.72702 6.84633 5.72702 6.84231 27276 16 0.0355087
46.1539 40544 36200 0.0486527 100.422 6.85218 100.422 6.84816 27301 16 0.0353252
46.2023 41992 37648 0.0487001 6.45888 6.85177 6.45888 6.84775 27328 16 0.0351441
46.2511 43440 39096 0.0489472 6.41116 6.8513 6.41116 6.84729 27355 16 0.0349638
46.3001 41992 40544 0.0505567 6.8523 6.8513 6.8523 6.8473 27384 16 0.0347891
46.3489 43440 39096 0.049283 6.41116 6.85084 6.41116 6.84684 27411 16 0.0349645
46.3971 41992 40544 0.0501115 6.97192 6.85096 6.97192 6.84697 27440 16 0.0347871
46.4454 43440 39096 0.0488328 6.47495 6.85057 6.47495 6.84658 27467 16 0.0349636
46.4938 41992 40544 0.0503394 6.93732 6.85066 6.93732 6.84668 27496 16 0.0347881
46.5423 43440 39096 0.0490219 6.45888 6.85026 6.45888 6.84627 27523 16 0.0349639
46.5912 41992 40544 0.0508822 6.86914 6.85028 6.86914 6.8463 27552 16 0.0347909
46.6402 43440 39096 0.0495214 6.37973 6.84978 6.37973 6.84581 27579 16 0.0349652
46.6891 40544 40544 0.0515696 6.86914 6.8498 6.86914 6.84583 27608 16 0.0348128
46.7378 41992 37648 0.0494291 6.18895 6.84911 6.18895 6.84515 27634 16 0.0351456
46.7858 43440 39096 0.0485276 6.50732 6.84876 6.50732 6.8448 27661 16 0.0349631
46.8343 40544 40544 0.0515988 6.93732 6.84885 6.93732 6.8449 27690 16 0.034813
46.883 41992 37648 0.0492548 6.17371 6.84815 6.17371 6.8442 27716 16 0.0351452
46.9315 43440 39096 0.0488013 6.45888 6.84775 6.45888 6.8438 27743 16 0.0349635
46.9804 40544 40544 0.0527569 6.86914 6.84777 6.86914 6.84383 27772 16 0.0348227
47.0292 41992 37648 0.0497409 6.17371 6.84707 6.17371 6.84313 27798 16 0.0351466
47.0775 43440 39096 0.0489459 6.47495 6.84669 6.47495 6.84275 27825 16 0.0349638
47.1262 40544 40544 0.0538595 6.88606 6.84673 6.88606 6.8428 27854 16 0.0348344
47.175 41992 37648 0.0497494 6.17371 6.84604 6.17371 6.84211 27880 16 0.0351466
47.1782 43440 39096 0.048921 100.113 6.85221 100.113 6.84828 27907 16 0.0349637
47.2266 44888 40544 0.048779 6.93732 6.8523 6.93732 6.84837 27936 16 0.0347832
47.2751 46336 41992 0.0487328 6.92015 6.85237 6.92015 6.84845 27965 16 0.0346034
47.324 44888 43440 0.0503633 7.34287 6.85288 7.34287 6.84896 27996 16 0.0344291
47.3728 46336 41992 0.049184 6.88606 6.85291 6.88606 6.849 28025 16 0.0346042
47.4214 44888 43440 0.050135 7.3974 6.85347 7.3974 6.84956 28056 16 0.0344281
47.4697 46336 41992 0.0487571 6.95457 6.85357 6.95457 6.84967 28085 16 0.0346034
47.518 44888 43440 0.05003 7.4342 6.85416 7.4342 6.85026 28116 16 0.0344276
47.5663 46336 41992 0.0488004 6.95457 6.85426 6.95457 6.85037 28145 16 0.0346035
47.6147 44888 43440 0.0502545 7.41575 6.85483 7.41575 6.85094 28176 16 0.0344286
47.6634 46336 41992 0.049061 6.90306 6.85488 6.90306 6.85099 28205 16 0.0346039
47.7123 44888 43440 0.0511145 7.34287 6.85538 7.34287 6.8515 28236 16 0.0344332
47.7613 46336 41992 0.0494588 6.8523 6.85538 6.8523 6.8515 28265 16 0.0346049
47.8102 43440 43440 0.0513739 7.34287 6.85588 7.34287 6.852 28296 16 0.0344524
47.8587 44888 40544 0.0493694 6.68152 6.8557 6.68152 6.85183 28324 16 0.0347845
47.9069 46336 41992 0.0484409 6.97192 6.85582 6.97192 6.85195 28353 16 0.034603
47.9555 43440 43440 0.0516361 7.3974 6.85637 7.3974 6.8525 28384 16 0.0344542
48.0041 44888 40544 0.049232 6.66502 6.85617 6.66502 6.85231 28412 16 0.0347841
48.0527 46336 41992 0.0488742 6.92015 6.85624 6.92015 6.85238 28441 16 0.0346036
48.1019 41992 43440 0.0529115 7.28914 6.85668 7.28914 6.85283 28472 16 0.0344942
48.1508 43440 39096 0.0497598 6.3954 6.85621 6.3954 6.85236 28499 16 0.034966
48.1987 39096 40544 0.0531894 7.02447 6.85638 7.02447 6.85253 28528 16 0.0348561
48.2465 40544 36200 0.0488003 6.05558 6.85559 6.05558 6.85174 28553 16 0.0353254
48.2946 37648 37648 0.0529013 6.50732 6.85524 6.50732 6.8514 28580 16 0.0351851
48.3433 39096 34752 0.0492514 5.69881 6.85407 5.69881 6.85024 28604 16 0.035508
48.3462 40544 36200 0.0488523 100.422 6.85965 100.422 6.85582 28629 16 0.0353255
48.3954 41992 37648 0.04931 6.36413 6.85915 6.36413 6.85532 28656 16 0.0351453
48.4445 43440 39096 0.0494504 6.36413 6.85865 6.36413 6.85482 28683 16 0.034965
48.4934 41992 40544 0.0504259 6.86914 6.85866 6.86914 6.85484 28712 16 0.0347885
48.5417 43440 39096 0.0489699 6.47495 6.85828 6.47495 6.85446 28739 16 0.0349638
48.5896 44888 40544 0.0496833 7.02447 6.85844 7.02447 6.85463 28768 16 0.0347854
48.6376 46336 41992 0.0484366 6.98935 6.85857 6.98935 6.85476 28797 16 0.034603
48.6863 44888 43440 0.0505342 7.37913 6.85909 7.37913 6.85528 28828 16 0.0344299
48.7349 46336 41992 0.0490087 6.90306 6.85913 6.90306 6.85533 28857 16 0.0346038
48.7837 44888 43440 0.0509889 7.36096 6.85964 7.36096 6.85584 28888 16 0.0344324
48.8325 46336 41992 0.0492684 6.88606 6.85966 6.88606 6.85587 28917 16 0.0346044
48.8812 44888 43440 0.0510716 7.37913 6.86018 7.37913 6.85639 28948 16 0.0344329
48.9297 46336 41992 0.0492795 6.92015 6.86024 6.92015 6.85645 28977 16 0.0346045
48.9785 43440 43440 0.05151 7.36096 6.86074 7.36096 6.85695 29008 16 0.0344533
49.0271 44888 40544 0.0491652 6.68152 6.86056 6.68152 6.85678 29036 16 0.034784
49.0754 46336 41992 0.0487121 6.95457 6.86065 6.95457 6.85688 29065 16 0.0346033
49.1238 43440 43440 0.0519813 7.41575 6.8612 7.41575 6.85743 29096 16 0.0344568
49.1726 44888 40544 0.0492354 6.64861 6.86099 6.64861 6.85722 29124 16 0.0347841
49.221 46336 41992 0.0487066 6.93732 6.86106 6.93732 6.8573 29153 16 0.0346033
49.2697 41992 43440 0.0531892 7.37913 6.86158 7.37913 6.85781 29184 16 0.034497
49.3184 43440 39096 0.0495653 6.41116 6.86113 6.41116 6.85737 29211 16 0.0349653
49.3669 40544 40544 0.0537426 6.93732 6.8612 6.93732 6.85745 29240 16 0.0348331
49.4152 41992 37648 0.0494373 6.23514 6.86059 6.23514 6.85684 29266 16 0.0351456
49.4183 43440 39096 0.0485894 100.113 6.86649 100.113 6.86274 29293 16 0.0349632
49.4668 44888 40544 0.0486482 6.92015 6.86654 6.92015 6.86279 29322 16 0.034783
49.5153 46336 41992 0.0487611 6.93732 6.86661 6.93732 6.86287 29351 16 0.0346034
49.5645 44888 43440 0.0504965 7.28914 6.86703 7.28914 6.86329 29382 16 0.0344297
49.6137 46336 41992 0.0494626 6.83555 6.867 6.83555 6.86326 29411 16 0.034605
49.6623 44888 43440 0.0503464 7.37913 6.8675 7.37913 6.86377 29442 16 0.034429
49.7106 46336 41992 0.0488076 6.95457 6.86758 6.95457 6.86386 29471 16 0.0346035
49.7588 44888 43440 0.0499206 7.45274 6.86815 7.45274 6.86443 29502 16 0.0344272
49.8071 46336 41992 0.0487074 6.95457 6.86824 6.95457 6.86451 29531 16 0.0346033
49.8557 44888 43440 0.0504341 7.3974 6.86875 7.3974 6.86503 29562 16 0.0344294
49.9041 46336 41992 0.0489679 6.93732 6.86882 6.93732 6.8651 29591 16 0.0346038
49.953 44888 43440 0.0511016 7.34287 6.86928 7.34287 6.86557 29622 16 0.0344331
50.002 46336 41992 0.0494818 6.8523 6.86926 6.8523 6.86556 29651 16 0.034605
50.0508 43440 43440 0.0513559 7.36096 6.86974 7.36096 6.86604 29682 16 0.0344522
50.0989 44888 40544 0.0488272 6.74834 6.86963 6.74834 6.86593 29710 16 0.0347833
50.1472 46336 41992 0.0484096 6.95457 6.86971 6.95457 6.86601 29739 16 0.034603
50.1959 43440 43440 0.0517373 7.37913 6.8702 7.37913 6.86651 29770 16 0.0344549
50.2444 44888 40544 0.0492737 6.68152 6.87002 6.68152 6.86633 29798 16 0.0347842
50.2929 46336 41992 0.0486521 6.92015 6.87007 6.92015 6.86638 29827 16 0.0346032
50.3417 43440 43440 0.0528051 7.36096 6.87054 7.36096 6.86686 29858 16 0.0344641
50.3901 44888 40544 0.0493084 6.6981 6.87038 6.6981 6.8667 29886 16 0.0347843
50.4382 46336 41992 0.0486352 6.98935 6.87049 6.98935 6.86682 29915 16 0.0346032
50.4865 41992 43440 0.0534789 7.4342 6.87103 7.4342 6.86736 29946 16 0.0345001
50.5351 43440 39096 0.0491673 6.44289 6.87062 6.44289 6.86695 29973 16 0.0349642
50.584 40544 40544 0.0543374 6.86914 6.87062 6.86914 6.86695 30002 16 0.0348402
50.5873 41992 37648 0.0499966 89.5187 6.87612 89.5187 6.87245 30028 16 0.0351476
50.636 43440 39096 0.0490506 6.42699 6.87568 6.42699 6.87202 30055 16 0.034964
50.6848 41992 40544 0.0501408 6.88606 6.87569 6.88606 6.87204 30084 16 0.0347872
50.7333 43440 39096 0.0490133 6.44289 6.87528 6.44289 6.87163 30111 16 0.0349639
50.7816 44888 40544 0.0498689 6.95457 6.87536 6.95457 6.87171 30140 16 0.0347861
50.8303 46336 41992 0.049112 6.90306 6.87538 6.90306 6.87174 30169 16 0.0346041
50.8794 44888 43440 0.050764 7.30696 6.8758 7.30696 6.87216 30200 16 0.0344311
50.9282 46336 41992 0.0493273 6.88606 6.87581 6.88606 6.87217 30229 16 0.0346046
50.9764 44888 43440 0.0503345 7.45274 6.87635 7.45274 6.87272 30260 16 0.0344289
51.0247 46336 41992 0.0487433 6.95457 6.87643 6.95457 6.8728 30289 16 0.0346034
51.0731 44888 43440 0.0505876 7.41575 6.87694 7.41575 6.87331 30320 16 0.0344302
51.1217 46336 41992 0.0490624 6.92015 6.87698 6.92015 6.87335 30349 16 0.0346039
51.1701 44888 43440 0.0509356 7.41575 6.87749 7.41575 6.87387 30380 16 0.0344321
51.2187 46336 41992 0.0491093 6.92015 6.87753 6.92015 6.87391 30409 16 0.034604
51.2672 44888 43440 0.0512575 7.3974 6.87802 7.3974 6.87441 30440 16 0.0344341
51.3155 46336 41992 0.0491527 6.95457 6.8781 6.95457 6.87448 30469 16 0.0346041
51.364 43440 43440 0.0515644 7.3974 6.87859 7.3974 6.87498 30500 16 0.0344537
51.4126 44888 40544 0.0492132 6.68152 6.8784 6.68152 6.87479 30528 16 0.0347841
51.4604 46336 41992 0.0483892 7.02447 6.87854 7.02447 6.87493 30557 16 0.034603
51.5091 43440 43440 0.052376 7.37913 6.87901 7.37913 6.87541 30588 16 0.0344601
51.558 44888 40544 0.0493718 6.63227 6.87877 6.63227 6.87518 30616 16 0.0347845
51.6059 46336 41992 0.048734 7.00686 6.87889 7.00686 6.8753 30645 16 0.0346034
51.654 41992 43440 0.0533486 7.47137 6.87944 7.47137 6.87586 30676 16 0.0344987
51.7019 43440 39096 0.0489257 6.52363 6.87911 6.52363 6.87553 30703 16 0.0349637
51.7499 39096 40544 0.0536427 7.00686 6.87923 7.00686 6.87565 30732 16 0.034861
51.7532 40544 36200 0.0491033 86.0757 6.88438 86.0757 6.8808 30757 16 0.035326
51.8013 41992 37648 0.0484055 6.50732 6.88403 6.50732 6.88045 30784 16 0.0351437
51.8494 43440 39096 0.0482825 6.50732 6.88368 6.50732 6.88011 30811 16 0.0349629
51.8978 44888 40544 0.0498958 6.93732 6.88373 6.93732 6.88016 30840 16 0.0347862
51.9459 46336 41992 0.0485011 6.98935 6.88383 6.98935 6.88026 30869 16 0.0346031
51.9938 47784 43440 0.0497216 7.4901 6.88439 7.4901 6.88082 30900 16 0.0344265
52.042 49232 44888 0.0485335 7.45274 6.88492 7.45274 6.88135 30931 16 0.0342449
52.0909 47784 46336 0.0505513 7.8166 6.88579 7.8166 6.88223 30964 16 0.0340728
52.1399 49232 44888 0.0493616 7.32487 6.8862 7.32487 6.88265 30995 16 0.0342465
52.1889 46336 46336 0.0511969 7.79745 6.88706 7.79745 6.88351 31028 16 0.0340939
52.2376 47784 43440 0.0492559 7.1411 6.8873 7.1411 6.88375 31058 16 0.0344251
52.2847 49232 44888 0.0479196 7.62385 6.88796 7.62385 6.88441 31089 16 0.0342446
52.3315 50680 46336 0.0496887 8.1783 6.88911 8.1783 6.88557 31122 16 0.0340691
52.3801 52128 47784 0.0483557 7.85521 6.89001 7.85521 6.88647 31155 16 0.0338885
52.4296 47784 49232 0.0523456 8.18973 6.89124 8.18973 6.8877 31190 16 0.0337763
52.4791 46336 44888 0.0500501 7.25376 6.89158 7.25376 6.88805 31221 16 0.0342488
52.5276 43440 43440 0.0525004 7.41575 6.89206 7.41575 6.88853 31252 16 0.0344612
52.5751 44888 40544 0.0486613 6.8165 6.89199 6.8165 6.88847 31280 16 0.034783
52.6227 46336 41992 0.0479152 7.05995 6.89215 7.05995 6.88862 31309 16 0.0346028
52.6711 43440 43440 0.0524009 7.41575 6.89263 7.41575 6.88911 31340 16 0.0344603
52.7203 44888 40544 0.0495519 6.59984 6.89235 6.59984 6.88884 31368 16 0.034785
52.7693 46336 41992 0.0491139 6.8523 6.89232 6.8523 6.8888 31397 16 0.0346041
52.8177 41992 43440 0.0549789 7.41575 6.8928 7.41575 6.88929 31428 16 0.0345188
52.8213 43440 39096 0.049574 86.7643 6.89825 86.7643 6.89474 31455 16 0.0349653
52.8693 44888 40544 0.0484758 7.00686 6.89835 7.00686 6.89484 31484 16 0.0347828
52.9174 46336 41992 0.0482844 6.98935 6.89843 6.98935 6.89493 31513 16 0.0346029
52.9659 47784 43440 0.0497539 7.3974 6.89889 7.3974 6.89539 31544 16 0.0344266
53.0144 49232 44888 0.0489772 7.3974 6.89934 7.3974 6.89585 31575 16 0.0342456
53.0635 47784 46336 0.0504905 7.79745 6.90017 7.79745 6.89668 31608 16 0.0340725
53.112 49232 44888 0.0490963 7.3974 6.90063 7.3974 6.89714 31639 16 0.0342458
53.1603 47784 46336 0.0501485 7.91383 6.90155 7.91383 6.89806 31672 16 0.0340709
53.2089 49232 44888 0.0488253 7.3974 6.902 7.3974 6.89852 31703 16 0.0342453
53.2573 47784 46336 0.0504936 7.89419 6.9029 7.89419 6.89942 31736 16 0.0340725
53.3061 49232 44888 0.0490866 7.36096 6.90332 7.36096 6.89984 31767 16 0.0342458
53.3549 47784 46336 0.050943 7.83586 6.90417 7.83586 6.9007 31800 16 0.0340749
53.4034 49232 44888 0.0490776 7.3974 6.90462 7.3974 6.90115 31831 16 0.0342458
53.4519 47784 46336 0.0509676 7.87465 6.9055 7.87465 6.90204 31864 16 0.0340751
53.5006 49232 44888 0.0491642 7.37913 6.90593 7.37913 6.90247 31895 16 0.034246
53.5492 46336 46336 0.0513143 7.87465 6.90681 7.87465 6.90335 31928 16 0.0340947
53.5981 47784 43440 0.0494119 7.106 6.90699 7.106 6.90354 31958 16 0.0344255
53.6467 49232 44888 0.0490065 7.37913 6.90742 7.37913 6.90397 31989 16 0.0342457
53.6956 46336 46336 0.0523373 7.8166 6.90825 7.8166 6.9048 32022 16 0.0341025
53.7444 47784 43440 0.0495023 7.12351 6.90845 7.12351 6.905 32052 16 0.0344258
53.7928 49232 44888 0.048819 7.41575 6.9089 7.41575 6.90546 32083 16 0.0342453
53.8415 44888 46336 0.0532015 7.85521 6.90976 7.85521 6.90632 32116 16 0.0341399
53.89 46336 41992 0.0492784 6.92015 6.90977 6.92015 6.90633 32145 16 0.0346045
53.9384 43440 43440 0.0536852 7.4342 6.91024 7.4342 6.9068 32176 16 0.0344733
53.9867 44888 40544 0.0491487 6.71476 6.91006 6.71476 6.90663 32204 16 0.0347839
53.99 46336 41992 0.0485273 99.8478 6.91585 99.8478 6.91242 32233 16 0.0346031
54.0386 47784 43440 0.0487746 7.3974 6.91629 7.3974 6.91286 32264 16 0.0344241
54.0871 49232 44888 0.0487172 7.3974 6.91672 7.3974 6.91329 32295 16 0.0342452
54.1359 47784 46336 0.0499831 7.83586 6.91755 7.83586 6.91412 32328 16 0.0340702
54.1843 49232 44888 0.0489026 7.41575 6.91799 7.41575 6.91457 32359 16 0.0342455
54.2327 47784 46336 0.0498358 7.89419 6.91886 7.89419 6.91545 32392 16 0.0340696
54.2813 49232 44888 0.0488719 7.3974 6.91929 7.3974 6.91588 32423 16 0.0342454
54.33 47784 46336 0.0500814 7.85521 6.92013 7.85521 6.91672 32456 16 0.0340706
54.3785 49232 44888 0.0490534 7.3974 6.92056 7.3974 6.91715 32487 16 0.0342457
54.4275 47784 46336 0.0506186 7.79745 6.92135 7.79745 6.91794 32520 16 0.0340731
54.4764 49232 44888 0.0492324 7.34287 6.92172 7.34287 6.91832 32551 16 0.0342462
54.5246 47784 46336 0.0503446 7.93356 6.92262 7.93356 6.91922 32584 16 0.0340717
54.5724 49232 44888 0.0483886 7.50892 6.92313 7.50892 6.91974 32615 16 0.0342448
54.6204 47784 46336 0.0501092 7.97333 6.92405 7.97333 6.92066 32648 16 0.0340707
54.6687 49232 44888 0.048683 7.4342 6.9245 7.4342 6.92111 32679 16 0.0342451
54.7177 46336 46336 0.0511534 7.79745 6.92529 7.79745 6.9219 32712 16 0.0340937
54.7667 47784 43440 0.0494858 7.08859 6.92543 7.08859 6.92205 32742 16 0.0344257
54.8152 49232 44888 0.0487964 7.41575 6.92587 7.41575 6.92248 32773 16 0.0342453
54.8635 46336 46336 0.0516816 7.91383 6.92674 7.91383 6.92336 32806 16 0.0340973
54.9118 47784 43440 0.0489153 7.19439 6.92697 7.19439 6.9236 32836 16 0.0344243
54.9601 49232 44888 0.0484753 7.4342 6.92742 7.4342 6.92404 32867 16 0.0342449
